257844565 695443256
440606584 279813704
209690048 676471739
654912181 439297519
842668163 465331047
983145333 881401434
314561618 787099101
875371827 517521030
872529451 291128660
797089967 239267046
320342860 22691491
388612445 598527822
774509507 212870050
649587432 917283954
318235490 109891249
680584115 93917997
902980077 313629809
658667852 523298774
238548141 758861476
191107896 452875984
437691544 350220192
949992621 668645991
179419814 204831576
450726112 948261748
996910648 750350611
830511866 177766434
155212001 945053302
711846502 261640137
249921017 175812955
852536253 890986096
441414347 3525348
386972830 374313615
600733333 686311299
961564707 115113427
916815333 952993857
771102770 706705603
401762622 989201509
581172557 329263224
235711284 324856219
166065016 645726131
328347594 617188840
172393098 773598825
623979770 541336026
193299437 229228147
557316875 202879320
856783758 453475971
756535525 345088462
893814345 74113810
408486328 476492590
125537613 331598963
338318591 392821326
961293724 629558895
572104293 682998631
15701004 74956078
775157736 62063348
470042042 110342954
679396376 836268189
66559557 999553102
58562799 941506487
264027458 190503970
932323734 775938499
510479398 192346418
62961156 728977829
700733544 436774726
188783384 860733496
793723642 148127890
498451258 475414899
325919983 163731258
119228933 913178831
484642405 486072267
436440856 481221348
550106055 2860971
356746386 673072180
910395031 135617067
806302931 806013241
196301846 215905625
526903078 381928176
336203157 819113138
728695751 670499424
571725235 11250370
733978988 127624240
598558237 75355792
338008937 853664826
413022021 465971577
808145397 496764793
995970270 684283992
247495827 442458677
109047350 489479721
436748865 495406631
194731420 263192937
849300571 71480768
818781437 538137050
312410255 778411322
452835224 60800359
727254995 206268241
58638827 844764774
880613349 293985446
334550276 787178250
782090863 51620205
597612603 975014645
248904218 154195575
333141251 252603437
691047791 153927393
831777484 230134764
3806921 348418366
681778658 571691806
153580576 520874425
962606018 900911042
134573405 669245327
278674172 366780020
168445775 456236393
522185997 987194168
48472689 396835053
517236045 811477421
433158104 147946148
501893257 118898972
166108855 609605711
179612414 900040136
739675253 101118358
791635006 83372843
694931904 855755271
768181597 545000792
146417236 206436928
498985795 878354347
486846008 462413787
318643905 351866709
11920499 133742660
36866830 648804452
733316499 557170543
973501988 799855798
384394255 24996384
673742502 922860764
409868502 977976011
678986106 204138000
66291599 53897186
688103314 736212791
97200497 236712745
741141273 669143909
229377249 864002337
427966312 613431897
295593749 141722406
916607911 654762435
373546621 337884038
400278312 764589269
189784219 249639132
727578503 406074936
149776651 215275971
648190003 123350848
87313906 560439070
3349194 500060369
632360107 456920798
702790660 645466748
973535255 523607396
731276200 337896739
614904696 443230240
571958056 521856927
477292000 639842451
222544796 552979968
73031152 442898164
529362468 444368930
490403281 614043295
231324565 653873026
750367121 889156412
624193001 173129242
429989607 385415575
553385023 998166224
125438116 301488439
138711577 909399473
116385343 790273245
529971249 264029470
796094336 802611199
324701893 995109982
683013522 573187980
