100 100 100
5600 2605 2109 7140 2480 167 3446 2499 2881 1480 1681 4072 4918 3298 3890 2234 3952 7251 2864 604 1321 367 4241 5668 1070 1328 3203 3103 736 2120 1615 8512 6978 828 4297 2415 3405 1004 1637 4864 5376 6025 3496 3729 396 4159 1737 4649 9613 4577 1611 1824 3087 4066 7295 2582 203 1666 6387 842 154 571 2696 4737 4025 3144 4835 611 6608 3562 2889 4304 5813 8071 1915 7950 2761 1158 3657 4950 1147 3262 9145 2265 3653 863 3463 2695 2664 884 3516 5571 1099 3596 1143 2293 1324 5516 8616 7183
3 5610 4891 8507
1 1788
1 2482
2 368 9156
1 1474
1 391
1 4012
2 5500 8717
3 829 7119 7072
1 4153
1 1010
1 1753
1 621
10 7351 9232 5644 9252 9442 6069 9313 6059 4155 7288
1 1055
1 949
1 704
1 630
1 2272
1 3205
1 2766
10 9858 8060 8971 8743 798 7957 5962 8673 8679 5722
1 12
1 4869
1 539
1 2633
3 2822 7822 6716
5 6584 7148 5021 7480 9523
48 1402 5341 1339 1171 275 2847 4528 4423 1331 4825 646 2674 2220 2991 3352 2416 306 2467 4397 4284 2414 2328 2510 3234 4669 665 540 2916 5118 3987 4023 2615 4091 1506 3153 247 4204 16 788 4727 362 5418 1244 4920 5058 2394 5188 1672
1 896
1 3231
1 240
2 6417 2567
1 4938
2 8671 1713
1 5220
7 399 6135 9408 8294 7284 6834 7516
1 1056
1 836
1 1263
39 3388 3263 4093 1607 2550 3324 1697 674 2519 2735 5112 4018 4383 2449 3949 1437 906 2195 2046 2738 1533 2154 5194 4870 5334 3317 177 2045 4604 3415 5252 2225 3908 4245 5074 3030 948 973 5019
1 5562
40 2053 439 1344 3412 3576 397 401 3254 2198 296 2849 790 5183 3132 3033 620 547 3817 4932 4523 2164 3193 4780 4286 4975 4418 3130 4570 1895 1957 381 5560 3816 1220 1289 2629 3360 3245 8993 1673
1 806
3 5979 2477 6711
1 5189
1 2126
2 2084 6116
4 5845 9892 9159 510
1 2977
1 4240
1 1256
1 3558
33 1583 1278 800 1568 4686 3687 2450 4901 3533 5119 3958 5585 41 3456 4933 3460 1142 5456 3905 4544 4095 1431 3176 5575 1685 3167 1849 509 4845 2655 1966 3758 2350
1 2947
1 4573
5 2248 9040 8169 7477 6982
3 3668 6798 9942
1 946
1 4
4 5400 9504 6738 7538
1 1206
3 8921 7929 4563
1 4143
5 9098 8544 6424 3801 8777
5 9003 6390 9100 8703 3695
3 9282 5437 5803
1 5249
1 3655
2 9451 4657
1 910
3 9545 9723 2588
3 9692 5618 2303
1 4052
3 6616 4860 7286
6 8018 5699 5706 6844 5070 5746
2 7570 1234
1 1989
2 260 8365
1 1714
1 4169
2 380 5952
1 3220
3 6384 1471 8132
1 5487
2 8475 2153
1 2909
1 2504
7 6248 7629 7793 8527 6754 8794 145
4 6614 171 6231 6389
1 2924
1 1795
1 1205
2 8280 4217
1 310
1 3350
2 6634 1013
2 6091 255
2 4591 9066
3 7018 9309 2858
22 1 2251
70 1 2850
40 1 6529
88 1 7777
70 2 6267
2 1 8373
7 1 6560
30 1 8782
70 1 7380
98 1 2486
49 3 1463
51 1 5956
60 1 6588
25 1 6829
58 1 6208
56 1 7966
56 1 2247
73 3 5805
24 1 7672
100 3 6305
15 1 9538
30 1 3056
48 1 8398
51 1 5024
83 1 6422
68 1 6760
67 3 1741
10 1 7934
67 3 6339
84 1 5361
3 1 7204
56 1 6660
73 2 4121
29 23 5825
28 1 4603
2 1 3190
56 1 3368
86 2 6377
79 1 6649
1 2 9884
37 3 2235
99 1 9064
85 1 8842
1 1 2903
41 34 5612
72 3 6933
24 1 464
56 1 8723
22 5 8016
96 1 9972
80 1 9921
52 1 9243
85 1 2742
88 1 2994
53 1 7721
29 43 9838
35 1 3223
14 1 2175
88 1 8249
19 1 6471
7 1 4084
75 2 9752
79 1 4360
55 1 7557
6 1 5774
61 2 3879
43 17 8523
86 1 5029
23 1 6024
87 1 9357
22 8 2112
40 1 1117
25 1 3645
12 1 8508
67 1 4818
37 7 940
16 1 7657
83 1 3345
73 1 4851
29 19 6012
50 1 9539
48 1 3083
68 1 2377
75 3 1096
62 1 7544
54 19 6470
60 1 4922
74 1 6050
72 3 5431
50 1 1639
19 1 1781
41 37 7363
23 1 3164
67 1 7266
28 1 6815
59 1 6369
11 1 8931
93 1 7382
74 1 2052
9 2 1782
