100 100 100
3834 6728 2786 864 1811 1538 382 270 1016 3104 2064 1590 2626 3359 3436 1142 3262 63 6040 1176 2785 3257 9400 9477 2699 6267 6135 3742 586 7416 2790 8317 1278 471 8009 773 8 8815 2219 3333 3239 1078 1473 903 2130 6610 3407 9882 359 24 2180 2133 791 3072 9805 7847 413 7530 2306 1843 726 513 3132 1225 1905 2450 3557 2472 1179 3816 3507 7812 695 1599 1450 3689 3036 1940 2941 2298 4048 555 3396 1423 1824 1375 2105 2040 3794 5129 9990 2099 3645 1201 1927 863 474 2256 3338 2328
1 1610
1 3392
1 173
4 8231 4614 5506 1635
4 7952 9534 2542 9594
81 1656 2495 3696 2573 3284 3317 2313 2502 3417 2489 253 1068 3504 2925 2954 2473 1139 161 3337 2859 2327 2282 1647 897 2083 3571 2329 2543 2836 51 1959 2004 2494 3082 37 45 652 1718 3760 3112 2395 2368 990 2498 3365 1592 282 789 3330 1124 2058 3686 2025 2590 2649 71 1235 3619 290 2178 2095 82 3331 119 2876 2081 2881 2501 2897 753 3191 1150 1675 27 1687 802 2116 3722 688 2803 2470
2 6586 749
1 3101
2 9786 1460
1 462
81 2587 1012 2020 2770 3610 2492 3292 11 1573 3765 2303 611 1289 1426 1847 29 3173 3464 200 914 3008 2006 1900 1306 2800 2235 742 321 2683 2033 915 3537 3402 1545 3655 895 21 2423 712 2032 188 2957 549 3295 3780 932 1869 1903 3598 315 715 2370 3250 1513 2392 434 1107 61 1998 491 3149 1083 2613 1578 2499 825 783 1774 1733 628 3721 673 3047 1326 2962 3562 1972 3263 2291 1364 285
1 3285
2 9076 30
1 3496
1 1934
1 3787
1 1104
2 9521 1704
2 3471 7918
1 2552
1 2425
1 711
1 1777
1 1569
1 747
1 3807
2 163 5965
2 2643 6100
1 3022
1 1014
2 1465 4337
1 152
1 1671
1 1233
3 5153 6415 750
1 629
1 1512
1 1260
2 302 9726
4 1493 4176 6060 4817
81 1327 794 1443 2782 543 3544 839 1522 1111 1946 3167 3368 2357 625 1481 729 2164 454 1103 2885 3486 381 1553 1817 3585 3018 34 3612 9984 3395 1 419 533 1478 373 2894 2944 2464 3827 2889 366 1528 2443 943 1317 2024 2869 1973 3473 2441 3762 2627 724 3042 1757 117 1634 1344 641 2720 2908 3705 247 601 1906 2910 2816 2102 120 600 3372 2823 3057 3265 2569 1210 3767 3703 1187 3433 1981
1 1621
2 9313 3234
6 5226 5063 3949 6001 8713 608
1 49
1 1132
1 3360
1 2909
1 2705
1 2758
1 2268
7 3901 6362 5559 9137 8209 6049 2236
1 458
1 225
1 205
1 259
1 2166
1 1378
4 5081 6781 245 5891
1 2982
1 769
1 3430
1 891
1 2021
1 1239
4 3771 6583 9702 6371
2 6956 496
81 218 2795 13 3489 167 613 1711 1143 1331 288 1682 3393 3043 1666 3677 3313 1032 974 2150 2363 2723 1960 352 1314 2224 3190 1691 3680 335 2202 2512 965 405 2741 3283 1586 1470 279 1415 3679 1359 3111 1527 1435 3476 1200 2768 3275 2667 1403 2641 2358 2407 3091 820 3733 1688 78 876 2427 137 2111 3515 3391 2878 2558 2560 2513 1482 777 96 3196 349 817 2005 869 4195 2577 2839 1462 2580
1 873
4 3502 7637 9671 7147
1 2600
1 888
1 1931
1 1881
1 3144
1 2661
4 41 7561 9232 7627
1 3756
1 1183
1 1356
1 3724
1 2331
2 654 7605
1 1242
1 234
1 438
1 211
1 1700
2 9322 3122
2 5156 1690
5 8329 7562 6699 9011 1670
81 1845 831 3548 2352 3361 2994 1456 3264 3725 403 2440 3482 2951 2597 2046 1276 2315 236 2356 678 3086 3558 3103 378 879 142 2774 3497 3166 3422 2010 1519 552 2079 489 2633 1358 2694 1613 3318 3147 3702 829 2658 2193 2756 7932 3483 2813 1094 657 2533 1273 2868 2890 420 2160 1459 3199 2404 3376 1180 2086 1079 3535 1181 2571 1957 3247 960 1081 1011 2671 164 1409 567 516 83 1707 550 103
1 2333
1 3221
1 2663
2 1880 7505
3 1469 8502 4013
1 254
1 3105
1 1372
92 78 4473
34 1 708
26 1 3583
63 1 6080
25 1 727
8 1 1936
57 1 65
30 1 8629
50 1 3316
80 1 6165
34 1 6912
92 23 8755
52 6 5869
42 1 5143
40 1 4425
85 1 3552
16 1 5057
96 2 858
51 1 9644
8 1 3124
47 1 9631
18 1 8875
26 1 2380
21 1 437
51 1 6691
78 1 5804
85 1 2507
8 1 7831
38 1 8690
81 1 545
86 1 5486
39 1 2732
48 1 3085
25 1 6661
51 1 311
94 1 372
6 78 143
86 1 2719
27 2 764
5 2 9590
15 1 2287
96 2 2409
25 1 5160
83 2 250
95 1 4243
56 1 4140
67 1 3463
23 1 4083
4 2 6903
68 9 4367
19 1 3404
43 2 1639
62 1 9976
3 1 6312
23 1 3713
39 1 2923
7 1 502
63 1 9743
7 1 3117
34 1 662
75 1 7324
49 1 9271
32 1 4730
95 1 2893
99 1 3563
30 1 361
78 1 7575
20 1 2693
95 1 320
67 1 6149
5 4 971
99 1 206
26 1 40
81 1 651
47 1 2791
6 26 1199
85 1 2784
53 1 6888
26 1 2347
35 2 9923
10 1 1390
88 1 1206
60 1 2656
42 1 6782
26 1 788
57 1 1241
15 1 2794
11 32 4832
93 1 9472
86 1 9678
90 1 6300
92 32 9164
84 1 3260
8 1 3434
40 4 1038
72 1 4599
64 1 6495
31 2 1705
62 1 9591
78 1 3540
