79 39 90
6095 3047 4618 5012 2168 885 5955 1580 4934 561 5168 1675 2575 3046 4342 347 2160 2468 4359 1543 969 6070 4466 3716 9159 280 1774 2034 2677 5404 3682 8126 2295 5739 5943 4203 1393 6290 5265 7805 1720 2287 3602 4434 4716 5360 6299 3555 189 4228 528 619 1954 6438 224 8011 5903 932 2193 2919 1471 808 5441 7017 8828 8568 2450 322 9014 4477 7530 4210 3396 4804 6623 3580 1432 5513 30
60 3442 2389 288 3823 3042 3529 1397 4912 1070 3647 4581 2490 5657 6053 3663 3917 1593 7970 4548 4190 3100 2750 3247 2176 3820 3833 2752 831 5551 5749 3768 1857 3325 5865 5189 569 1789 1528 3376 5861 4996 1499 5015 417 2002 1092 1659 4929 1622 1222 3786 5281 2688 692 4820 5217 5108 5469 5266 2218
2 3607 8776
1 4257
1 5668
58 1935 859 3614 1856 1482 262 1733 4080 2315 1501 3976 261 2806 3748 5797 4812 6780 1446 2948 3219 2172 1106 5061 1519 3541 5981 1043 2316 6007 221 2805 2743 890 1966 1956 5487 4107 950 4171 775 5117 508 5730 2140 3766 4106 2065 4293 483 2252 4903 3805 3471 893 2551 1559 2897 5516
1 5738
1 1269
1 1020
1 3681
2 3890 6101
56 1637 585 2088 5570 4843 3801 3738 2123 1483 2751 4671 2482 3531 4907 5689 5418 1558 3482 382 169 3214 3193 485 4806 4956 4751 5353 991 2634 980 2064 1599 2951 3357 3009 3860 3026 5304 162 1744 1959 4231 157 5926 3844 5194 5364 5113 3023 2340 5481 694 5504 493 2887 319
1 1309
1 2973
1 2470
3 8273 5508 6400
1 5841
1 3086
1 3093
1 386
1 3435
3 9198 6661 4051
5 9720 6317 448 6692 8020
1 4670
1 653
1 4481
2 6988 4383
3 8760 4972 9542
1 3216
43 5660 2985 713 2967 1807 3892 1811 1098 2662 2429 5361 153 425 4413 2196 2832 3027 5182 3352 5126 4770 5770 1093 721 4822 4729 3397 2835 5111 6085 4890 1427 1228 5424 5701 1229 1727 5458 2022 1568 1480 4113 1358
1 3779
4 8559 9380 4574 9113
1 4306
2 5789 8606
1 2357
5 5987 7714 6779 7738 7767
1 2764
1 349
35 1121 4845 4565 1250 4803 5291 2352 850 3731 7357 3316 3064 6572 847 3756 2691 5769 1317 3493 2047 1949 685 1854 537 5647 2089 472 1058 126 5593 4061 1473 596 6032 3566
2 5975 8587
39 2 7408
18 1 4710
32 1 8793
24 1 8254
37 1 3904
39 1 5340
4 1 6517
36 1 8506
30 1 2384
13 1 8625
12 1 7820
13 1 737
24 1 4068
12 1 9547
6 1 1834
39 2 9038
2 1 6172
6 1 8111
31 4 9828
27 2 3727
7 1 7036
5 6 4341
32 1 9830
12 1 9070
8 1 334
5 6 9208
22 4 6225
35 5 5691
17 1 7010
16 1 8066
28 1 8301
20 1 2156
37 1 8926
10 1 6651
34 1 5662
29 41 9500
31 4 9917
8 1 7837
34 1 5999
34 1 6063
29 29 5209
28 1 7316
10 2 4261
13 1 3271
20 1 7654
3 1 82
14 1 2090
5 6 8446
11 45 1351
5 48 532
31 3 8938
4 1 888
32 1 8765
28 1 6339
38 21 8032
1 52 2903
23 1 9136
14 1 9763
39 1 6340
22 2 6764
23 1 7977
29 37 8675
2 1 1583
7 1 1704
31 1 3873
3 1 8707
38 11 5753
33 2 2521
28 1 7985
27 1 8857
14 1 3684
16 1 7965
21 1 9338
2 2 5567
23 1 8949
3 1 8802
6 1 1147
27 3 8212
3 1 4475
25 1 6057
29 21 7643
7 1 5258
35 3 6227
3 1 48
17 1 199
39 1 2654
36 1 1019
29 39 9374
26 1 1548
11 44 8249
