100 100 100
6576 9725 7545 3799 7396 1341 3734 5231 9009 9469 8919 1321 3198 2386 1961 1247 7183 8737 971 2948 6594 1132 4839 3502 4661 3862 5694 1219 2938 5700 3267 5237 2639 2265 3136 8952 3276 5018 2048 2349 4501 698 297 302 2233 4811 3947 6133 6693 1592 8323 2081 1689 4400 6432 5323 1906 5002 2847 5069 8953 8704 4084 6016 2145 559 7014 4127 3425 5777 1751 2740 1667 5123 9607 5744 6559 6333 5843 2472 7113 5332 5911 6337 9563 7057 7806 3850 2977 4194 2902 3234 8232 9101 9785 9738 2361 2139 4784 930
2 1431 8994
1 6403
1 6408
1 1067
1 5863
1 1912
1 4609
1 1182
1 2898
1 2272
1 1363
1 3156
1 4372
1 3433
1 4957
1 5613
1 3972
1 5849
2 1447 8273
1 4096
1 5160
3 3018 8260 6958
2 6346 7038
2 4799 8258
1 454
1 1842
7 9667 6175 9587 9093 9898 7181 7720
1 3071
1 3517
1 496
2 5450 7570
1 5198
2 8600 3386
2 5295 6610
1 4760
2 9014 3677
2 4603 9734
8 7309 7993 9569 8731 7812 9432 5071 8065
1 3333
1 4573
44 642 6171 3829 1607 1174 3420 5904 6271 6051 1890 4593 307 267 212 2408 3866 3589 3003 4660 3218 3898 706 9099 3154 761 66 5227 776 289 4452 3129 3549 1468 5709 6121 1475 201 1503 2706 7365 3775 817 137 5783
1 837
2 3457 9589
1 932
1 3523
1 2082
3 2144 8722 8127
41 88 2174 1530 2720 5995 34 2042 4288 3239 3461 1312 1746 4635 1507 435 3669 2828 4507 3181 6112 1754 3165 6660 2269 91 5203 2752 5472 2974 806 3125 6373 5416 5610 3361 603 74 1319 3617 4702 1684
7 6005 8976 8691 9603 9743 6723 7922
1 6398
1 4964
33 1946 112 3014 434 6359 3770 3412 3632 657 659 2090 3189 5766 6283 2343 774 5151 4631 3106 5309 5087 5819 6478 4991 1075 5811 5445 1748 6111 4044 3458 2881 407
1 6496
1 5417
1 3967
1 1811
1 841
1 2423
1 3835
1 5007
1 13
1 4576
1 1308
1 2712
1 6287
1 1080
1 2172
1 5877
1 4198
1 3781
3 7456 7538 6232
7 9287 8112 6202 7705 6947 7957 6812
1 673
26 1048 1516 1193 4666 161 5437 1093 5835 2188 5061 4239 2610 683 1767 4169 2390 6130 2300 1581 3329 5262 6495 1819 4645 5186 1450
1 2554
1 1001
1 3197
1 4057
1 3867
10 8987 7910 8964 9768 9109 8614 7480 8637 9945 6211
3 9245 8025 5585
1 4648
1 1628
1 4271
4 9408 9754 9038 2126
1 4426
2 5276 7523
1 0
11 3685 2498 3797 4424 5112 4256 943 2625 4394 1885 127
1 1963
1 2264
1 3030
4 8456 648 9368 8921
3 6717 6685 5368
2 335 6609
1 4124
5 5825 9258 6785 7158 8297
2 8520 6253
1 3383
1 6459
1 2 6983
39 1 7414
27 4 4980
10 1 8516
4 1 6935
28 1 2351
71 1 8031
4 1 2641
56 1 412
64 1 1113
65 1 7094
21 1 3854
31 2 8330
25 1 2392
6 1 8478
48 17 9848
75 1 781
80 5 9253
74 19 6025
15 1 4985
100 1 8541
100 1 9930
94 3 7421
89 4 9668
43 2 5064
10 1 5169
18 1 9294
16 1 5266
56 1 3112
23 2 140
90 1 7577
13 1 918
94 1 2304
34 1 2592
95 1 7831
39 1 4568
84 1 9857
16 1 9730
11 1 8934
30 1 835
80 8 7407
94 2 7441
10 1 8931
77 1 8457
6 1 3751
17 1 7333
71 1 9178
97 4 8461
100 1 7813
4 1 6470
35 1 7280
87 1 8811
7 1 1651
92 1 5182
56 1 6856
41 23 7334
41 11 8377
53 1 6102
28 1 1291
54 1 6865
95 1 8347
79 1 3098
38 6 4
69 1 5278
31 2 4969
82 1 8634
8 1 4769
38 1 6979
69 1 6937
77 1 4686
55 1 9611
74 23 9232
28 1 9252
66 1 9065
78 1 9323
4 1 5696
76 1 89
52 16 6031
28 1 6711
4 1 8053
45 1 8188
55 1 8432
35 1 4387
32 1 408
56 1 1883
96 1 8776
63 1 7647
99 1 8807
77 1 2829
37 2 146
49 6 9741
92 1 948
3 1 7087
54 1 6338
68 1 7490
13 1 3474
7 1 6575
14 1 940
69 1 1389
11 1 5657
