100 100 100
4027 3949 2148 460 3302 425 1450 3567 2771 3057 1252 1786 2725 1573 971 1304 924 1916 1802 322 2733 1031 2967 1393 3825 2245 3883 1347 1510 1206 286 3317 291 720 898 2622 3035 1746 1941 4015 3115 604 2119 270 3046 3150 1376 1353 3756 3907 936 3795 244 3404 627 2244 2365 981 546 987 1133 3238 3270 1088 2222 516 350 900 3699 520 1475 1534 1839 3450 2339 1659 3618 2862 2505 250 1761 2378 3502 1592 3080 2873 1951 528 347 1037 2722 24 2471 782 2917 3370 3930 82 3614 2306
2 1205 3516
2 2180 2541
2 3236 1538
2 2383 2706
2 2857 3929
2 1949 773
2 3621 1098
2 1168 3457
2 3854 2187
2 225 2332
2 3097 3452
2 477 603
2 3375 3806
2 2895 1430
2 2310 3950
2 2686 3400
2 489 1676
2 2818 3255
2 1103 668
2 298 3002
2 1557 1386
94 3062 1991 3275 343 2624 1964 2051 145 993 2598 1334 1187 3380 1269 2136 414 1797 340 1213 3279 2682 468 3288 2264 2388 3629 466 1391 3798 56 185 751 4019 1231 3841 1849 2169 602 2364 3560 2923 3401 1003 3158 1661 2485 2293 3550 205 1417 646 906 3359 538 219 690 2334 3735 2331 2741 2817 613 3731 2977 2212 3703 157 365 3680 1261 1118 579 97 3280 928 1889 3675 3212 2424 3771 1471 634 573 2562 2969 2008 3138 3967 778 2413 2452 3509 2021 670
2 2974 1020
2 146 1223
2 1128 2790
2 1183 3994
2 102 370
2 3118 2905
2 884 1018
2 3900 3926
2 2889 2362
2 406 3117
2 3466 2647
2 3205 3125
91 438 2508 846 3896 2948 2754 2734 596 2758 3814 1546 171 3842 1263 2843 714 1562 302 1720 2321 3741 124 309 2346 1163 3838 3722 540 798 3344 3426 2757 2652 2036 2973 2354 3608 2502 2287 584 394 1731 3492 2056 2183 107 1728 2965 151 2573 403 1413 23 3003 417 3665 3839 2506 3613 3234 3551 418 2361 3860 529 3554 3058 3978 357 536 1219 1905 2972 1520 327 996 2981 3276 1648 775 3479 990 2283 3740 3840 141 427 2464 1457 2438 1641
2 1115 3134
2 1407 2016
2 191 1611
2 263 1587
2 3060 975
2 3912 1370
2 3737 415
2 549 2355
2 3462 3645
2 7 2151
2 3383 1105
2 1248 2892
2 1887 1800
2 1482 1929
2 3830 3486
2 2717 1048
2 2149 725
86 1359 3701 3381 138 3654 4020 2058 345 563 1434 2581 1589 64 703 3263 3766 1310 55 474 3365 226 2195 1969 3657 50 1302 3513 2749 2807 3209 1249 448 1595 3334 973 3607 1530 119 960 807 3867 1415 1954 3962 2628 1737 1539 2094 1861 1268 1378 163 4012 2241 169 237 3777 702 3112 3752 1987 2655 2100 2603 1034 3934 1442 2649 1655 1528 2221 1854 1851 979 2214 2971 2290 1373 3239 932 3662 606 913 3135 3437 2503
2 100 3428
2 319 1952
2 3530 2667
85 3032 3990 1736 367 2699 1110 738 3768 1140 2005 2194 2838 2476 2983 1769 1476 3801 969 1555 3738 1323 4008 208 1662 4003 3632 544 1406 1578 608 1387 3726 1093 2567 1863 37 589 3306 810 3782 3443 3796 1190 1663 1565 2854 156 1645 1208 880 2208 421 801 1628 2938 1366 2879 3993 385 2929 1108 2179 172 2577 3630 3820 3963 437 1493 1638 844 1885 258 3129 1535 2933 2454 3424 3435 532 3823 4016 2320 870 1198
2 984 1495
85 3091 2356 3089 203 1218 3343 4009 1120 2170 774 2547 3425 2074 2956 1021 2856 3679 795 3928 3729 2037 3570 1097 1019 4001 1129 3391 1303 311 3059 2609 3765 2068 2489 2932 3072 1803 804 2420 1963 876 2751 3017 1910 1524 2853 3636 985 560 3156 441 1881 105 2080 1633 605 2217 2258 491 2953 2146 2724 4025 1270 1179 108 2251 2366 241 2017 1915 3761 1086 1181 3488 2822 1695 1733 1751 275 1489 640 431 3527 3658
2 2322 3448
2 1171 2396
2 3577 2096
2 162 2537
2 79 2213
2 612 2325
2 3973 1427
2 46 2645
2 1514 2404
2 534 2795
2 1329 3111
2 2861 2298
2 2850 2685
2 2229 499
2 3745 3105
2 1690 351
2 734 1743
2 811 1722
2 2218 1831
2 426 2315
2 1114 3403
2 787 2360
2 233 103
2 2519 3346
2 1700 915
2 1384 950
2 3477 3051
2 1790 59
2 2435 2695
2 75 3318
2 1602 1259
2 2806 1410
2 1083 422
2 8 2788
2 136 231
2 78 1811
2 1001 2330
2 3351 1338
2 3257 2874
2 1349 2805
2 3418 3816
83 2 7127
74 2 7016
95 1 8643
41 2 5757
51 1 4220
41 1 6333
16 1 7797
9 1 6477
95 1 7498
2 2 7770
31 2 4815
100 2 4133
94 2 7719
26 1 4660
86 2 9307
20 1 7430
93 2 7436
66 2 7693
8 1 8766
94 2 5004
89 1 4903
48 2 9643
30 2 8733
13 2 5709
77 2 8948
15 2 9776
19 1 4701
14 2 5848
81 2 6036
45 2 7636
91 2 7534
22 88 7773
82 1 8519
37 1 5598
54 1 6148
70 1 7140
83 1 8732
40 1 9385
47 1 4637
55 1 8077
66 1 4908
57 80 6983
33 2 4738
57 16 6044
17 2 5124
67 1 5231
92 1 4455
51 1 4363
26 1 9609
96 1 6813
51 2 6243
61 2 8097
72 2 5540
90 2 9355
38 1 8891
99 2 5521
49 1 4033
80 1 6472
90 1 8028
28 1 6252
38 1 7393
16 1 7805
81 2 6067
9 2 6238
100 1 8593
79 1 8267
17 2 7007
99 1 4766
53 81 6368
80 2 4256
53 2 6945
100 1 6178
71 1 5862
93 2 6902
52 2 4817
76 1 9028
43 1 9755
61 2 8557
75 1 5874
40 1 4551
64 2 4385
42 1 9943
44 1 4575
98 2 9001
27 1 5212
63 2 7147
47 2 9497
78 1 9437
16 1 7071
15 1 5809
95 1 5544
43 2 4661
66 2 4269
13 2 8811
29 1 7872
88 2 4324
14 2 5158
88 1 5567
14 1 4927
89 1 5091
