97 64 90
5946 4684 3772 4456 3435 2539 3933 5901 8822 656 5163 5980 805 4352 5300 2780 1794 2881 5123 2275 3700 5618 417 3200 5849 3310 4482 3194 5477 1249 3475 3657 1679 4188 559 116 6905 4658 7099 4973 5088 4057 4636 5463 4564 810 4370 4159 3023 1146 2992 441 2405 1006 378 3855 4136 1667 2039 5803 9226 567 7560 1728 5334 5842 9946 2487 8973 4160 4961 3516 115 203 1265 4637 8439 1444 5620 4212 4522 2353 9984 1473 8682 3495 3415 1017 9377 4228 4995 84 4468 8092 2181 5282 956
1 1409
1 2377
1 613
2 7852 5832
1 864
1 3739
76 2323 593 418 2236 5936 2126 5369 4208 4503 1407 3768 3541 2453 5429 2761 1622 2861 5798 5742 2576 4845 2987 273 5623 4884 2616 1352 669 2105 4096 2775 47 5520 176 1841 1307 2535 2114 413 5631 4598 3298 4633 4877 3986 867 2740 3820 496 690 3670 34 5142 1198 4274 3722 3754 3802 5854 2906 5125 3388 3145 1259 196 3514 2944 4336 3368 1670 3149 676 4687 1424 4290 248
1 3634
3 6042 7913 3548
1 2764
75 2673 4158 4913 1741 5586 5262 4643 4981 4408 2714 5035 1746 1627 1905 50 1945 2212 3454 431 4118 3524 4326 1601 2798 4736 4341 2215 4947 407 5043 4348 622 1205 1309 1763 4758 1049 1062 3988 4062 371 4269 5806 4924 531 5350 1899 5189 2790 888 1342 5311 3716 2735 5226 4446 2615 3649 5707 5211 2340 5356 2683 4170 3057 4672 5893 2370 3231 5104 964 2823 103 77 5148
1 5738
3 3253 6852 7655
1 521
3 6830 1677 7680
1 3811
1 5649
1 3783
1 5426
1 4078
1 855
7 8978 8830 9782 6416 1278 8124 7436
1 1948
1 205
1 4122
2 3008 6849
1 202
64 4934 433 1478 1642 5616 4523 3920 1793 2629 4068 5066 5052 1515 4366 5188 2831 2174 4066 2519 5642 1445 5114 1329 504 5853 5923 1682 2145 5786 3502 1140 2863 1027 706 470 4815 322 1248 586 967 707 1171 2005 2318 5378 3824 5212 3781 207 3327 3480 4532 907 4773 5328 3550 4000 5291 2189 5633 2158 2533 5673 5942
3 819 6608 8952
1 5540
1 244
3 831 8569 7003
1 4539
1 1528
1 830
1 375
1 4960
1 3355
1 3637
3 2807 9288 6199
1 3005
1 4813
1 1338
3 1137 9441 7012
1 445
1 4005
1 384
1 2920
4 6861 9142 245 8760
52 2527 4603 3088 4431 2344 4243 4821 4316 2125 5844 1011 2277 4236 4089 2693 5945 82 5002 118 5835 1931 5743 2199 1112 3469 5022 2362 2348 2093 2130 2061 3980 1735 1733 5349 2684 4763 905 208 928 5602 778 5137 3863 2726 795 2662 160 2287 5227 4571 5794
5 9208 7267 8176 769 9915
1 4015
3 7350 4486 8783
2 7826 4260
45 2956 4367 3546 1121 520 5570 3156 3701 222 2382 1943 269 4997 1950 1430 4978 1932 715 3485 732 285 172 2846 2889 2608 5100 4645 3938 4175 1332 3990 173 3499 2312 3936 5057 3571 5395 2403 4914 1600 3101 2595 840 3219
1 3928
1 2408
1 1337
1 4092
2 236 9153
1 4755
1 301
2 5661 8554
3 6200 8801 2658
42 1 8907
13 3 8435
24 1 2556
59 1 4371
34 1 1291
63 2 4049
62 1 4974
32 2 2959
55 2 9242
60 2 9106
40 3 5876
30 1 9920
1 1 1490
34 1 422
63 1 8475
1 1 6429
8 1 2681
6 1 9379
58 1 3651
23 1 8705
38 1 5874
14 1 2767
38 1 8438
50 21 4037
25 1 4772
15 3 5952
49 3 9616
6 1 85
64 1 2235
46 1 8681
57 1 922
40 1 8430
35 1 7696
19 1 9406
8 1 9052
60 1 5330
61 1 7920
55 9 5141
57 1 7008
51 2 762
27 1 2314
28 13 9116
51 3 661
34 1 2587
8 1 4705
51 1 646
29 2 7414
26 2 8872
2 1 6894
29 2 8047
57 1 2756
35 1 6077
43 1 4235
19 1 2104
60 1 7477
22 6 7833
2 1 8868
12 1 2670
14 1 1089
40 2 5205
59 1 5446
5 1 8009
23 1 9507
45 1 9161
61 1 2745
44 2 6791
20 1 7192
35 1 9686
9 3 3268
53 3 9348
12 1 8944
7 68 1072
28 52 7327
23 1 5220
52 1 1427
59 1 2510
22 3 8271
13 3 1501
23 1 9233
22 1 2209
42 1 8065
55 13 177
54 2 8575
64 2 565
25 1 364
25 1 7715
7 24 9841
41 1 6838
30 1 6593
7 31 4
