86 37 97
6176 429 4427 4670 4320 920 7913 4988 2031 5476 1479 9187 2310 5520 9804 9608 4851 5093 7194 4424 2411 9014 3438 4290 6043 92 3693 5716 3328 6989 3523 680 222 2637 4636 3078 2919 7173 7527 4805 7884 4025 2458 5652 346 5023 2876 1343 4396 5622 4634 2583 7815 1472 1572 2708 1592 4489 5598 9822 6033 3498 1177 2535 4620 2651 6098 6246 8501 9986 5217 1751 7471 4645 1228 6142 4890 5761 1557 1640 2667 9299 3632 7603 2096 6574
1 3083
3 8924 6163 7521
1 4582
2 4740 8406
5 7974 9109 1263 6294 9641
3 2218 7401 7036
3 5746 8123 7410
1 3172
50 1222 1376 1129 2869 736 5145 3838 192 9331 2272 1288 34 5704 4621 4148 357 3111 3331 2141 5446 350 685 1186 5084 2472 1642 1492 2918 6056 4569 554 3052 5448 5124 1196 5361 3219 2093 4154 4100 1456 1285 4754 3977 3944 3499 3169 4869 6041 5418
49 5949 4895 3860 2078 4725 1650 4650 2945 4491 6063 2721 4868 3248 2373 2297 2490 5654 977 5353 2259 1957 2251 5475 1229 2003 9235 86 557 742 6068 5709 2079 1588 2858 4418 4708 5277 4812 4029 4998 488 2956 2051 3229 4997 2803 2794 4984 592
3 9942 787 8969
2 90 6224
2 9982 2322
1 4092
1 3613
1 4174
43 2690 1303 3371 38 2839 2968 2520 119 1926 4450 626 2509 5000 4759 5931 883 6074 1259 5488 466 5009 4273 4365 4099 5672 6024 2930 5102 6144 5762 281 4785 1464 4547 890 4335 3084 5932 2114 4797 5072 3289 4522
1 3043
1 3906
2 7971 3928
1 2818
1 4639
2 704 6241
1 2668
1 2407
1 78
1 1262
1 2746
1 3259
42 5651 3675 4072 1393 5477 334 495 1049 1620 4341 1437 2773 67 2799 1922 76 2592 1792 3865 922 4123 2255 2050 4903 3333 847 3802 5604 4141 4266 1044 2724 1867 1931 1031 5935 2826 4763 6155 1676 3910 844
1 672
1 2401
1 1709
1 2238
1 1163
41 4762 2054 5833 5815 4461 311 6167 1452 178 2155 3383 1368 285 562 1337 1104 772 1267 329 805 3807 3947 469 714 3697 2508 1742 1017 4673 3739 5568 3110 2981 948 712 2012 5673 4596 181 3873 1048
1 538
1 1 8438
27 1 4972
3 1 5841
12 1 6516
15 1 4271
1 1 3619
13 1 9300
9 8 609
10 41 6484
6 3 4783
3 1 7408
28 1 9916
10 48 3353
22 1 9258
26 1 1597
13 2 3786
10 3 7621
33 1 2483
8 1 2797
5 3 9600
6 1 6417
31 1 6646
16 1 8094
17 27 8041
14 1 6240
3 1 6353
1 1 4603
1 1 8034
4 1 3453
21 1 9735
4 2 1726
12 2 6962
26 1 1443
12 2 9572
25 1 6971
3 1 9456
21 1 8522
1 1 7810
36 32 3014
12 2 6975
37 1 9343
1 1 1414
9 20 1123
37 1 8168
35 1 9779
29 1 4962
14 1 6960
22 1 7567
12 2 7209
30 32 5097
18 1 5433
14 1 4032
37 1 6940
16 1 7926
22 1 7325
37 1 1917
33 1 854
16 1 6640
24 1 1386
7 3 8106
8 1 8269
12 2 7236
17 32 2492
18 1 1761
27 1 9705
23 2 2543
2 2 9741
33 1 6890
25 1 7065
14 1 7503
33 1 7331
15 1 1018
17 17 4850
35 1 8861
24 1 5890
31 1 7111
30 28 7267
28 1 9637
28 1 5343
24 1 5007
24 1 8155
11 3 8029
12 1 4557
14 1 6052
35 1 2626
31 1 8942
23 2 3700
9 30 8604
2 3 6935
19 1 4117
20 2 2199
9 10 7957
30 26 1514
10 43 7332
26 1 8945
36 31 9689
9 20 1111
