100 100 100
4067 982 2219 2616 1028 1174 2363 868 2048 3344 2807 3929 441 4062 2728 487 3943 2825 2292 2165 3672 3382 3819 416 3741 1839 2271 678 1437 2986 1162 1756 2101 1441 13 49 3852 2525 3100 3249 3011 1384 2768 4020 3147 2245 2906 1746 1444 1767 1718 808 2746 782 3053 2640 2859 3772 1135 3587 2738 3240 1460 2065 1070 569 1343 1579 3578 872 3259 3215 3915 3018 3655 1593 3550 1692 3364 1974 3732 2748 1329 287 1099 550 1157 1621 11 3887 214 3853 3901 762 3010 2279 468 3649 1789 835
2 1784 3060
99 58 1541 1318 2621 701 2463 1197 3400 3838 2575 527 1178 2371 3515 3898 3337 496 853 729 3716 2524 4 2743 2884 3644 1470 3097 2017 1663 3815 2471 2845 3041 1985 1404 1552 1225 2750 1529 2303 2377 4063 2260 2449 3713 814 315 438 2780 1275 2701 2432 2083 51 962 582 2130 1119 947 2277 257 676 1557 1222 1829 2360 760 3987 2994 1269 898 1124 1243 1361 3247 2117 726 2589 2132 3567 642 728 1439 2960 3878 3701 2446 3705 863 2881 1435 2818 1029 1792 3870 1841 1478 3305 573
2 2593 1169
2 2397 2773
2 2297 2666
2 2619 767
2 3432 1835
2 3267 2388
2 3090 973
2 2867 50
2 2009 1913
2 2656 1316
2 826 3351
2 3043 2159
2 711 439
2 1155 118
2 2249 2298
2 2729 3955
2 3932 3115
2 864 644
2 3156 1750
2 2988 2931
2 434 3347
2 2227 3272
2 906 3108
2 1403 1282
2 3868 2563
2 94 674
2 1960 1840
2 2894 1421
2 3506 205
2 3686 492
2 251 1698
2 2915 2061
2 1094 402
2 1499 380
2 1407 2874
2 403 3334
2 1142 404
2 612 895
89 2275 3974 1779 1039 2062 1006 1636 1922 1955 3348 1656 1825 2253 1423 787 263 2052 1681 3390 3 3381 4010 353 3270 1156 1755 2756 302 1018 2030 786 1005 3203 2920 1067 278 905 2179 1640 79 2319 3697 2087 3886 2021 607 3443 1719 2775 1706 1426 975 1293 2790 2309 3726 3146 3135 4017 3599 3784 3341 1892 2572 502 1193 2706 1485 2732 1456 75 634 1268 3042 1241 2060 82 2982 4027 3000 2156 4064 1458 1034 2115 993 3288 597 1341
2 2802 794
2 972 2966
2 1702 2330
2 179 2312
2 1469 1545
2 2231 1947
2 2161 3719
87 856 2002 3994 1889 3991 3175 1326 2151 1457 3684 566 3964 2063 2568 3422 586 4065 3758 667 1585 1951 581 3975 2897 1586 2109 1514 3410 1300 168 3140 3563 3335 1920 3263 513 112 2244 1074 552 936 299 444 3004 2320 2991 3570 2633 2597 3299 553 3465 708 1801 2509 2014 2856 2898 2785 803 2797 3416 250 2968 3837 2714 3871 225 679 1652 655 1808 1587 18 3717 1626 3392 2195 822 709 745 1056 3404 499 1567 904 2689
2 2630 359
2 1 399
2 3158 3474
2 3952 2813
2 3451 1970
2 8 3556
2 2824 1645
2 323 1742
2 124 3278
2 2604 3859
2 64 4043
2 3360 1981
84 3876 1708 3309 1433 3787 2822 1618 174 3756 1048 1834 1933 342 194 3006 1069 1120 685 133 1848 3196 1769 3630 2564 2978 669 935 1874 592 3112 2148 1452 752 2599 2804 2013 2452 2496 930 990 1387 1291 838 1548 1555 638 3939 1380 1395 3283 1780 2682 2193 2841 1348 1223 1647 3388 3776 3336 3479 3699 716 1944 661 910 3935 1725 1216 1836 3938 2889 3455 2474 488 229 397 1431 600 1765 3261 2627 3265 1616
2 2607 2659
2 1638 1768
2 2651 308
2 1500 3009
2 2767 770
2 2796 3067
2 913 10
2 957 2535
2 2951 2512
2 3064 2379
2 2702 3151
2 3007 1118
2 1518 1812
2 3960 3054
2 1816 47
2 3482 384
2 3080 2111
2 3500 737
2 1554 1432
2 866 288
2 1218 3502
2 2989 1388
2 1290 1301
2 2246 2969
2 1533 2113
2 1962 1617
2 3961 3127
2 3426 3439
2 270 2372
2 3798 1697
2 2403 479
76 1964 3533 3512 371 2704 24 142 1145 2444 1080 219 2849 3104 3897 756 974 3537 4049 873 3610 995 2484 1566 3535 1986 2287 3617 908 1071 3724 2120 4015 2611 2447 557 3593 1872 2404 1490 797 594 286 2635 1677 1996 641 3143 558 245 1416 1239 3353 1108 3222 3629 621 3692 2317 1599 2974 1540 3202 2035 1569 2690 1674 3296 2794 1845 1057 2713 388 3899 3049 624 3619
2 3495 3883
2 556 2956
2 820 2316
2 1130 1641
2 3327 3679
2 3434 1534
46 1 6030
98 1 3470
10 2 1676
16 2 6291
44 2 6250
74 1 3406
6 1 7613
87 1 2693
29 1 7194
90 2 2043
21 1 736
43 2 6622
83 2 9508
96 1 1337
2 29 6904
97 1 1283
98 1 1689
49 77 2353
40 1 6536
10 1 8904
20 2 5915
38 1 5434
14 2 4711
43 2 2808
94 58 9269
77 1 7066
51 2 6174
97 1 7393
29 2 69
36 1 6746
11 2 5079
55 1 2393
7 1 4471
24 2 211
100 2 5580
68 1 2423
15 2 9857
8 1 4132
30 1 283
9 1 6676
42 1 2323
100 1 2402
88 1 2008
1 2 1181
9 1 4444
35 2 1904
22 2 7686
74 1 7149
89 1 1946
48 1 6876
72 1 9611
35 2 1869
16 2 4948
44 2 8611
64 1 5457
35 2 9879
49 12 4963
37 2 3977
16 1 9385
31 1 3688
11 1 7051
21 2 2190
17 1 8151
64 1 9610
55 1 3693
57 1 8909
51 1 7185
32 1 2197
92 2 1928
69 2 3762
56 2 7796
80 1 2020
74 2 9380
39 1 7002
2 15 2649
73 2 8742
45 2 336
51 2 247
8 1 1559
75 2 7406
12 2 1701
25 2 1625
18 1 5230
93 2 1355
8 1 1410
47 1 9699
46 2 7136
89 2 5652
88 1 3947
66 2 2979
9 2 9871
88 1 3030
16 1 7486
38 1 7699
45 2 3607
51 2 1939
68 2 3596
16 2 9394
44 2 269
5 1 5603
