100 100 100
5253 3053 2226 3246 5022 540 4683 6572 1942 2089 6766 3809 3080 3250 3382 2252 2276 3356 100 4354 2163 610 2994 3465 1210 3861 2898 1584 2080 866 8654 3006 105 2800 5054 2494 24 1562 3109 5648 6627 3971 5298 1515 4614 2359 3637 5004 3091 2903 2014 5879 1566 3431 1306 711 2992 9248 1523 3016 3674 3548 1645 4628 485 1171 176 3935 2469 3560 1312 9665 3572 2074 4274 3467 5140 2348 962 2633 3761 8422 5071 1512 4029 4446 5089 1418 3103 3026 4706 769 4631 1859 8326 6510 3185 3696 2082 9252
1 3098
1 3944
1 3835
1 5066
1 1638
1 2911
1 2091
1 1115
1 1102
81 4650 2466 4750 4584 4976 0 2514 3884 304 720 129 3090 4143 2730 3574 4365 2818 2478 2562 3611 5096 1637 1194 448 3907 3657 3983 2722 943 1681 2395 3483 3568 2234 2383 3839 4627 1205 3304 1383 1139 1132 975 4624 4960 4761 5202 5029 2539 5129 3392 5005 978 353 3571 2281 1168 4192 108 2991 1647 3556 1436 1336 1705 2396 1984 2576 1120 3244 4710 3188 4489 4630 1333 1149 296 1204 3754 2374 2849
1 5051
1 2391
2 6353 4616
2 7590 4945
4 9047 3722 7561 8246
1 4436
1 4459
1 1020
1 3245
1 4062
1 69
1 5117
4 6902 4099 5957 9347
3 21 7615 8831
1 1936
1 2156
2 5903 2249
1 1564
1 997
1 2107
1 2685
1 633
1 1178
1 5151
1 513
1 2133
2 9346 2990
1 1804
1 5047
2 4762 8998
1 4066
1 1887
1 1750
6 8933 7187 7150 5638 6686 1219
1 3811
1 73
2 5308 2802
4 9444 6699 417 5951
2 4257 8444
2 7305 2209
1 2927
1 4357
57 2565 4201 1362 1433 4142 1489 3819 1995 1611 3589 1991 2563 2725 4450 4859 936 4520 2177 1345 1035 951 690 298 2675 2321 2415 2502 1963 701 4343 4093 2578 234 3579 2755 3756 404 453 4090 4636 507 4478 4083 3033 50 3661 4685 2408 3086 1085 290 1376 3654 1420 5039 1948 366
1 1223
1 2406
1 2644
57 3328 4460 2793 3573 446 1612 2227 3303 4283 174 1358 523 4567 837 85 4505 828 2331 517 4774 3024 629 329 1222 3104 2350 2092 1716 1245 4533 512 4965 483 496 2385 2401 2930 2057 4920 4986 3898 3822 5009 973 5213 3265 454 4311 5000 293 3200 2817 4881 5037 4440 1873 1866
1 2913
1 2247
1 1507
3 8608 3877 9158
1 1893
1 4352
1 1907
5 7141 5472 9644 8760 1221
2 5176 6475
1 5090
2 8563 4753
3 5211 6661 5828
1 1199
1 556
2 7577 4995
2 6362 1881
2 7082 306
1 3838
1 597
6 6547 1965 5884 7053 8249 9439
4 7646 9030 6069 2360
1 4408
3 6924 3878 6382
2 9728 1058
1 2881
1 4555
1 2729
3 6909 9717 3943
1 781
30 5044 3110 3529 3213 779 3173 2193 3046 5084 2010 3724 372 800 380 689 4703 5223 3656 1538 525 3718 692 1443 5083 5145 2872 2136 2373 1987 101
2 6820 2343
1 549
1 2691
1 1830
28 2931 158 4498 778 3887 3269 3731 2880 2682 3552 2786 3335 41 1794 2855 1574 2417 4962 1957 1485 2032 1432 4690 2784 128 3732 1076 4618
1 1192
2 7413 3153
1 3092
1 4380
5 9596 9824 3658 5334 8421
6 8332 5392 510 9008 6839 9619
2 4237 8548
1 2421
23 4 2831
63 1 9431
62 1 2124
99 2 8205
51 1 7827
55 1 8485
83 1 5458
92 4 559
18 1 1295
96 1 842
59 1 7373
24 3 6014
15 3 2312
63 1 4785
25 1 2280
6 1 2493
91 1 7317
90 1 8649
53 30 1683
100 1 3137
48 3 27
98 6 3487
33 1 6205
7 1 6722
48 2 3325
24 3 7307
37 2 1772
44 6 5887
36 1 6884
66 2 8383
41 1 5249
99 1 3789
94 2 9113
27 2 9477
96 1 3667
28 1 775
77 1 1270
14 1 2742
88 2 5036
44 1 562
59 1 8792
95 1 4915
60 1 7151
79 1 776
77 5 3449
90 1 473
50 2 7069
25 1 5173
86 1 1424
48 2 2520
46 1 9845
43 1 5442
12 1 2407
41 1 309
68 1 4500
72 1 7064
40 1 1968
62 1 3285
83 1 8443
73 1 6755
12 1 4075
41 1 3750
3 1 5775
54 1 3694
67 1 5038
89 1 9370
90 1 2809
94 1 7742
80 2 6158
36 1 7713
78 4 7025
64 1 423
54 1 1162
1 1 1392
15 1 5565
23 4 851
6 1 8925
89 1 5982
34 1 7309
43 1 1835
8 1 3945
39 1 152
36 1 2062
88 2 8533
20 1 8858
58 1 2632
65 2 1916
56 1 2605
21 1 6570
10 43 5811
40 1 245
59 1 5272
61 1 8163
18 1 9440
98 5 9841
33 1 6680
84 1 4889
42 1 6522
73 2 1953
43 1 1301
