79 44 95
3842 790 1552 1064 3536 2874 3219 4049 3060 348 2991 2528 1817 1032 3832 1157 3139 4608 1716 1203 1493 1490 325 3772 285 1575 4750 1768 3182 3422 9249 1635 3260 395 902 3641 1656 3115 2101 3487 6763 6360 1013 3457 1300 13 2590 2498 1935 3133 1216 2862 2708 2698 1445 2556 434 1290 2251 3609 1581 3161 1824 2551 1546 3659 3250 3128 4462 9570 4383 149 8918 7041 9444 3308 352 2527 1611
2 2792 5095
2 4098 655
1 653
1 2266
1 2943
2 3450 4120
1 2622
57 1645 3341 2727 3090 123 1828 3215 808 3835 1527 954 3034 3071 2710 2189 3428 131 2036 310 834 981 2782 3713 196 3456 2678 913 2564 319 1378 578 526 828 3768 698 2706 2715 1822 2652 1295 3660 3576 3241 3540 2899 1684 3731 3809 1553 720 276 3191 1309 2638 2011 1977 2433
2 8587 1380
4 4369 7347 9465 2936
1 1193
1 1
54 2956 2918 3797 2494 1974 3532 1518 323 3193 2771 1683 1722 2322 1578 2007 2926 2868 559 727 2579 2982 188 2383 599 66 927 3483 1975 136 3409 1258 1482 2070 3433 1222 1269 2428 2352 481 1571 1529 1998 1350 1787 2231 1582 1454 2153 977 530 3697 2650 2945 1162
2 8179 1641
1 2068
3 8421 7145 2777
1 443
2 7166 3136
1 1120
1 56
1 1963
1 1285
2 5267 1052
1 1665
1 253
1 909
2 2049 6577
1 1872
1 3277
1 1280
1 248
1 1359
48 516 7644 1712 3323 3 3057 1955 3636 3583 3383 3743 806 2536 1374 699 3782 1329 93 875 2271 1882 3761 3452 252 707 2454 430 2569 103 3737 2701 497 76 2503 2618 2399 560 3706 493 542 1992 3670 1149 1871 2204 825 1431 1086
1 513
8 3091 6154 8266 7651 7209 4060 9204 8986
1 372
3 3715 6323 8767
1 2132
1 2640
2 9247 2802
1 1174
5 7285 9046 7052 58 6801
1 2123
3 5200 3173 8922
40 1 5280
21 1 230
9 1 4270
18 2 3400
13 3 4125
2 2 3655
18 2 9539
6 2 2610
17 1 2270
42 2 7801
28 1 3265
40 2 5881
9 1 3820
1 2 9387
28 1 1561
9 1 1808
43 1 9613
9 1 917
20 1 5140
22 1 3720
18 1 8354
11 1 9181
39 1 2019
23 1 852
27 1 5424
28 1 3398
44 2 9663
37 2 3309
32 1 375
5 1 5227
30 1 1772
38 1 652
4 1 447
39 1 1386
27 1 2853
19 1 9091
30 1 5294
19 1 6854
27 2 3420
27 2 1261
20 1 1664
7 1 1196
20 1 2185
5 1 5634
37 1 5002
36 1 3441
19 1 615
7 1 2041
18 1 2836
32 1 9369
25 1 4177
29 1 1414
1 2 576
21 1 6597
18 2 7826
42 1 8566
28 1 3049
14 1 8945
16 3 3819
44 1 2197
7 1 3605
34 1 2103
19 1 4246
33 37 3929
35 4 5218
31 1 2094
10 1 2435
32 1 3248
37 3 8556
30 1 3051
24 1 8880
41 1 2282
44 1 1693
41 1 802
44 1 1268
8 12 2506
27 1 398
39 1 6534
8 23 8843
11 1 3175
26 1 3021
7 1 1865
21 1 2893
12 1 1163
19 1 6570
23 2 7647
37 2 3197
6 2 9653
30 1 6263
27 1 8
43 1 8551
37 2 23
8 35 2491
9 1 8692
8 31 4039
