85 59 95
6527 1635 772 4370 2929 4767 4886 1910 3048 3574 4650 2783 2122 2322 3993 5245 5335 1560 3308 4708 1956 4468 9424 5949 4669 6406 3167 3964 3591 8032 4247 1555 5324 1257 3667 1734 2272 879 149 5352 8042 7055 4885 5664 2586 331 159 1022 5403 3313 5592 2193 688 5138 1303 2233 202 2479 4033 9309 526 4696 4598 9477 4024 778 3874 207 2104 8063 1775 5313 8719 3038 4678 5702 4986 3194 7968 4658 1160 2727 3212 3356 3273
1 1586
1 1000
1 437
1 5619
1 893
1 6038
1 5730
3 9187 5617 6836
1 4873
1 5480
3 2813 7034 9390
3 9596 8633 571
1 3278
1 576
1 3385
1 4829
1 2138
2 2502 9634
1 5701
1 5225
61 2768 2121 6120 6072 2565 3553 5314 5000 5794 2719 3245 1156 113 4376 2943 2960 3867 4872 2437 6268 6139 5672 4253 5948 5884 4020 6317 4984 6242 2603 3482 3969 5668 6437 5786 4085 5358 3911 2114 3857 2558 1106 2065 4039 4343 922 3649 1017 5159 6493 5787 2245 4398 5584 2485 749 601 3146 5683 620 6312
1 776
3 2543 9246 7050
61 2560 1892 2232 1058 6107 45 3602 3243 1330 4510 3228 1868 2030 4741 4630 3290 2150 1039 6090 1909 1700 657 9411 5708 1404 4303 9032 6803 5602 3860 6970 3137 7555 2643 807 2307 3397 704 4557 3268 5345 6249 5097 2563 4819 8283 1863 5585 4979 1547 6280 6373 4377 5848 6238 2981 2279 4312 1921 9459 1540
4 2716 9251 7483 7076
1 3445
2 5805 7077
1 5819
6 9930 7928 9617 9834 7560 4121
1 4511
1 1054
1 4673
1 4610
1 5713
1 2491
1 843
3 9241 4603 7462
1 4997
42 4519 2288 580 546 1378 4190 2694 367 4060 880 2655 6365 2933 6073 1566 81 4165 4792 5723 5827 1702 4940 1809 161 829 2740 260 918 1345 1598 4561 2891 143 2725 3222 4086 4450 2827 4555 67 4220 3384
1 2268
7 7382 3457 9778 8720 7155 9404 8816
5 8220 833 7567 7606 10000
2 341 9656
32 741 5530 5807 2427 6129 5013 4659 885 3511 5095 5520 4038 3335 3742 1125 3326 3825 2497 1793 2955 5974 1561 2589 4734 2283 4241 3907 1826 1501 1396 2152 1644
32 6363 5216 6374 5153 5235 1803 5891 4025 1387 6327 514 2100 6434 5363 3114 3801 6386 5379 560 5516 2202 5636 1790 6054 1858 1099 4321 4599 4113 6057 3684 5160
1 2206
1 2210
12 6740 7607 8500 9322 7618 9033 9610 7347 7570 6952 3841 7071
3 8614 4414 8571
1 2825
2 9531 669
3 6795 7889 1145
1 6508
2 1190 7665
1 4674
1 3145
1 194
1 5991
2 9203 1668
41 6 562
55 1 7684
34 1 6762
40 1 8118
29 1 232
30 1 7918
3 1 7672
26 1 9354
48 2 1426
24 10 9971
19 1 6867
14 1 7884
22 1 9550
36 1 7124
50 1 7150
16 1 7905
6 1 9129
5 1 7593
58 1 8280
53 1 8249
27 2 2743
58 1 564
47 1 6903
4 1 7440
59 2 9631
35 1 9650
36 1 884
46 1 7010
3 1 5983
52 2 3815
2 1 7255
49 3 1358
18 2 6115
4 1 682
56 1 8621
14 1 1386
10 1 8911
19 1 1595
21 24 6631
46 1 4908
46 1 8298
54 1 9640
29 2 5158
41 2 8123
22 1 5243
43 1 7600
11 3 4009
8 3 5484
47 1 5861
19 1 8275
5 1 3587
1 1 8475
44 2 7477
12 3 6922
48 11 7791
19 1 2241
31 1 9660
12 3 6004
27 1 9796
23 3 831
56 1 3279
21 47 6776
18 2 6852
36 1 6712
23 1 9598
4 1 8278
56 1 9103
52 2 7355
8 3 8612
24 43 8362
1 1 6021
14 1 7381
19 1 7957
28 1 9999
29 3 2635
1 1 6681
41 3 4326
41 3 8544
28 1 1325
55 1 3106
54 1 5850
16 1 557
44 12 7384
50 1 6023
49 1 1008
28 1 7573
59 1 5404
48 2 9936
11 2 1158
12 1 2596
20 1 9110
26 1 5834
36 1 985
1 1 1825
38 1 7321
