72 43 96
3435 6033 3179 746 5082 2635 2171 2629 750 2472 3345 1121 3385 1200 1694 182 3161 2478 2556 7764 362 1599 912 2867 84 700 9130 1327 3177 2491 1876 1487 666 2494 2563 7670 8895 413 16 4635 3432 1247 9522 3067 1910 1774 4449 3268 1156 1522 2854 886 1165 463 3327 2282 12 7021 1859 601 409 5751 3131 137 2290 3423 39 2831 725 526 9621 1095
53 1383 935 2906 1764 1935 2968 2325 1578 3255 1568 2643 1204 3008 602 3376 1291 3043 408 3129 1041 244 1937 2739 1638 486 352 1402 469 1428 492 9430 60 1391 3082 3404 105 629 747 2009 3130 2182 2429 3211 2138 1770 2596 1553 1746 2512 2587 1341 3273 1614
1 1413
3 9138 3768 2979
1 2465
1 246
2 2622 6622
1 809
50 2588 143 2689 1481 2745 1687 3377 604 1736 722 3349 2683 1211 2194 1724 2830 848 3035 538 3166 2862 1524 1208 3024 1869 2653 2055 1409 3419 3168 1251 1927 2407 2696 2179 1583 1516 2154 2514 2406 1929 118 776 1809 796 652 3283 2709 2052 1733
1 1871
3 3103 8828 4640
2 1076 8153
47 2049 569 781 741 1682 219 512 130 1928 1326 2574 377 2521 3351 577 1865 1556 2533 1175 2308 2547 726 683 1711 2228 451 3142 3247 2068 2209 268 3417 1528 2470 66 2382 2218 3309 416 513 1630 1133 1377 179 3297 1257 3116
47 2262 3156 381 320 3286 2253 1285 2044 2828 3304 620 834 1569 663 1101 2977 1022 1248 2941 2292 1717 2638 506 3433 744 2446 2422 2281 2367 81 2048 2334 83 4914 2502 264 2529 2100 3425 1260 2000 3292 1207 3237 1788 3394 2322
1 2149
2 8878 2201
7 3088 7814 6236 9411 5501 4127 9659
2 2135 4424
5 9209 2320 4418 5830 5964
1 573
1 1416
1 2610
1 3324
3 5025 3030 6475
1 1249
1 2796
1 2483
3 5671 2438 5139
30 2591 2845 2103 1636 2846 487 1709 1942 1333 1845 3402 616 694 2655 1055 390 2558 2293 1459 2684 3157 1554 2716 1517 2432 2082 194 308 1348 1425
1 2509
1 3266
3 8171 6619 2790
4 8768 6280 8446 2657
1 496
1 828
1 211
1 2019
2 5293 2252
1 1174
2 879 9371
2 7578 253
2 5347 213
1 1858
1 2381
1 18 8882
25 1 6767
43 1 7520
20 1 4227
43 1 1242
25 1 157
40 2 4268
6 1 3866
35 1 5115
16 4 2757
30 1 8570
22 1 7628
34 1 6434
11 1 8184
37 1 1282
36 1 9161
5 1 4954
6 1 2853
18 1 1423
17 1 6254
2 1 4305
12 4 5334
36 1 319
25 1 8653
6 1 4669
19 1 7240
22 1 2273
42 1 5489
36 1 8290
5 1 2389
5 1 5150
24 1 8849
15 2 6178
34 1 738
32 3 1490
20 1 2318
32 3 4782
21 1 3963
27 1 159
36 1 588
16 1 4596
32 2 1442
12 29 4048
16 6 1300
5 1 263
34 1 3504
26 1 5865
34 1 2649
18 1 5286
34 1 8137
28 1 8372
1 14 9967
6 2 2295
30 1 817
2 1 931
4 1 8117
29 1 7354
31 1 777
37 2 6771
28 25 3679
22 1 3793
14 1 7479
4 1 414
41 2 3806
10 3 3056
6 2 5737
3 3 7515
17 2 2430
11 2 2969
34 1 2762
2 1 6195
12 36 5407
41 1 3105
43 1 7695
36 1 5908
11 2 9825
21 1 664
20 1 4536
36 1 1405
3 3 1371
12 15 4816
5 1 5988
41 1 4154
31 3 9620
1 43 6553
31 3 2112
16 1 2756
25 1 3175
9 1 7285
12 6 4067
43 1 1696
30 1 3965
8 36 9987
7 1 5326
10 2 2425
10 3 7991
