100 100 100
6497 4892 997 5629 582 1886 5438 5389 190 1712 542 219 2135 4174 1759 479 1793 1390 3399 1973 3484 4003 4118 6310 4518 386 5518 6003 1882 2493 3126 1195 2847 2574 2418 3018 656 2871 994 4835 4387 1827 6496 4499 2588 5172 1057 45 6322 2617 2919 2885 4868 6267 2567 1512 2460 4642 3945 756 3297 2392 2046 5123 1767 4466 2268 952 2129 4723 4046 2788 1105 5636 65 311 4360 2084 5575 1240 1613 680 4237 696 3343 1840 4583 2752 518 4457 1352 6330 1131 1409 4950 4011 4433 5155 3442 1097
2 3778 4540
2 6174 5451
2 6199 5490
2 798 2342
2 114 4116
2 1258 2823
2 4707 558
2 5855 3694
2 678 2537
2 2946 6180
2 5754 2553
2 3971 5815
2 620 1896
2 679 3853
2 5837 2877
2 2933 3575
95 3332 1432 2259 2898 3057 6025 772 4512 4294 6067 5378 4374 560 1815 982 654 2177 5805 6430 119 5231 5394 1232 4582 2137 2154 355 374 4150 2479 1071 857 4015 4507 1035 4618 838 5627 5867 1733 2821 36 6334 3767 1077 699 521 4262 2870 5798 2004 1654 4542 5272 1282 1159 177 1093 6443 2314 4142 2665 506 988 292 6385 4619 2413 1987 2693 251 725 3496 5525 5508 527 551 5164 4251 1787 1774 1627 5680 5402 5122 701 3921 976 4091 1901 4144 195 5618 4959 2167
2 3593 5585
2 126 5461
2 1587 5074
2 619 265
2 2573 244
2 6465 4932
2 3785 329
2 3037 5133
2 719 3710
2 819 3268
2 2081 734
2 3917 4456
2 4446 1891
2 6254 5130
2 4506 4309
2 4259 1978
2 2679 4535
2 4537 1460
2 4719 6280
90 1812 6407 1059 4831 4154 1721 378 4479 2343 4924 4886 1002 4586 51 3317 5362 363 1494 2139 5165 3489 1665 3047 2189 2936 99 421 6313 1470 4764 1881 5342 1419 3235 4624 1752 4795 1861 254 4212 6 5393 5085 2078 5603 5228 3815 2609 3843 3977 176 4814 6319 4364 2641 6242 6452 2119 5755 3287 1660 6493 1744 3783 703 1790 6158 5053 3275 2801 6011 3474 5397 6222 2388 3669 3254 5405 5709 3602 5686 132 6083 6165 5090 2138 5015 3505 6480 3850
2 1341 2344
2 78 5459
2 546 3774
2 3841 815
2 811 3560
2 4501 1149
2 3406 5194
2 3211 2325
2 5309 563
2 5317 662
2 2851 2856
2 3863 3030
2 4922 3361
87 4999 545 1976 2063 366 2796 6478 2723 573 3822 1027 5197 5517 3535 1623 281 3654 3051 6461 4500 5282 6202 1833 5184 1375 1245 1366 3059 5065 4094 5729 5070 2947 4942 2275 4318 5279 6278 3757 3228 621 3385 2372 1758 6282 5340 690 4176 3706 2760 3741 1021 6471 3139 4061 871 1837 1525 1340 2938 150 261 5412 403 1236 6346 1276 2974 405 226 6395 1568 5771 2062 4255 4347 902 1038 5655 796 828 2150 3586 1266 5701 2145 3836
2 5750 1213
2 5599 5866
2 5658 2625
2 2552 6156
2 2097 1526
2 3293 883
2 1210 5942
2 5941 3339
2 2846 107
2 541 5950
2 2607 4005
2 4597 788
84 6069 3451 986 2498 3214 1788 5614 2099 2776 1619 5064 6419 2689 276 5647 167 360 4615 1606 397 5410 1328 1715 3174 2674 1534 1229 5034 4765 979 2778 4832 6070 4680 2022 2 1781 9 3269 4401 5945 197 6456 2270 3044 4281 947 4462 2462 6364 1076 1439 5506 5143 2975 5552 3831 2682 2243 930 5314 6238 1429 266 3682 5838 287 4287 5802 694 1017 5823 1556 1543 4489 4235 1001 3729 3088 553 3759 2830 2666 682
2 2848 305
2 3311 1971
2 4676 3272
2 4992 4077
2 5391 6302
2 151 4622
2 1212 2510
2 613 1457
2 3752 5510
2 5660 5607
2 1592 821
2 4541 1356
2 3671 279
2 791 4656
2 3568 5075
2 3852 4010
2 1100 5939
2 1214 4768
2 4688 1486
2 6307 134
2 3959 436
2 4833 2589
2 3953 5777
2 76 1151
2 3053 3492
77 3828 5715 5468 790 4799 1083 1141 3718 3064 1686 6296 5465 6344 6146 2472 4694 803 837 5691 3028 1360 4187 2797 4529 2363 2165 3085 771 6323 6248 2694 237 689 3864 3583 2863 6398 3776 1801 6049 6332 2994 3461 3708 338 3439 5565 6340 2654 4096 5073 2269 5376 1066 1966 3086 454 4403 1046 4102 3244 6214 4651 410 4533 8 4933 2402 4301 3124 3381 4836 5339 1270 5551 103 175
2 4070 3587
2 4687 1030
2 5290 2495
2 1974 2152
2 2613 2925
2 3823 958
2 4750 4664
2 839 3333
2 5583 873
2 3348 5595
70 2 9446
26 1 8271
66 2 7435
21 1 8900
35 1 6643
83 2 9558
17 33 9082
30 2 7590
49 2 7184
51 82 7935
45 1 7754
12 2 8572
48 1 6925
88 2 7830
97 1 8928
80 1 7535
71 2 7593
43 2 8350
95 2 9625
50 2 8871
54 1 8767
28 1 8482
17 28 8675
56 1 7557
80 1 7469
34 2 9588
9 2 7809
65 2 7396
44 2 7661
3 1 6704
8 1 7085
34 2 7808
30 1 8301
44 1 9945
17 84 7118
6 1 9360
100 2 7174
31 1 9731
24 1 7516
66 2 6641
16 2 8443
17 32 8242
45 2 9772
74 2 7534
87 2 8300
54 1 7430
45 1 7688
27 2 8648
51 37 7094
5 2 9656
1 1 8085
14 2 9203
99 1 6826
26 2 8770
50 1 9989
99 2 7122
86 1 8386
66 1 7517
84 1 7080
63 2 9418
100 2 9550
64 17 7531
85 1 7798
29 1 7111
73 2 8379
87 2 6876
71 2 6654
40 1 8470
85 2 8193
88 2 9155
25 2 9279
42 1 9780
94 2 6717
17 85 6971
12 1 8620
4 2 7285
52 1 9202
68 1 8948
54 2 8491
27 2 7436
75 1 8933
63 2 9492
21 1 9126
15 1 7066
35 1 8847
99 2 8679
82 1 8538
89 1 7298
49 1 7161
83 2 7500
43 1 9124
2 2 7904
94 2 6898
7 1 7254
55 2 7759
5 2 8223
56 2 8255
96 1 9844
8 1 8851
38 1 9815
