100 100 100
3513 1363 3382 2846 3364 3273 2245 528 5302 1698 800 3134 6314 397 2797 2298 53 9771 1439 1199 2562 579 141 311 2380 3183 1092 1237 2838 2817 842 3189 8864 597 2883 2579 9722 7838 867 302 3391 7997 861 3465 504 1612 1335 1758 54 1598 1844 3593 9769 5679 2360 6943 2561 2849 8279 5873 2125 257 1919 3271 2626 1991 1805 178 666 8153 271 1250 8766 2540 1342 3916 5580 2048 3116 984 960 2693 3062 5563 9037 993 1660 1110 4161 1370 1351 9912 8521 8025 1977 776 107 978 3266 3128
1 530
1 2974
1 1951
2 2248 5018
1 1196
1 529
3 2590 5020 9597
1 1105
1 2461
81 2090 2344 498 163 911 229 1210 2389 831 2122 2714 1638 76 1793 2794 967 1274 445 277 3104 1191 1566 290 1796 2788 519 3392 3051 86 2052 936 3345 1240 182 3234 3057 359 3017 3004 738 2706 1200 2869 3255 1937 2010 2554 1800 3501 1935 2888 1450 1580 3242 1047 625 2253 1740 2690 2047 577 2395 2195 2035 1663 2995 1390 2162 1624 563 1775 1226 1765 1269 38 1389 1726 2652 1482 859 458
1 1032
1 1739
2 8168 3244
2 9833 2593
1 1599
1 3025
1 2632
1 1547
1 2434
1 1361
1 2313
1 2893
2 8738 1770
1 288
1 240
2 2628 7058
1 954
1 871
2 5605 2517
1 3311
1 2834
1 253
3 9192 6270 352
4 5842 4778 4928 3284
1 2332
1 1496
1 3239
2 3196 5597
1 3305
1 632
1 3399
1 915
1 2201
1 1848
1 659
1 2055
4 7856 3988 7516 1661
1 1035
1 2650
2 3265 5297
2 2437 3826
4 4697 110 4205 8851
3 2379 8049 4236
2 5599 2722
1 1455
1 1828
3 5638 732 7692
1 1577
1 3363
1 2249
81 1216 2112 2375 1750 2998 1797 335 622 740 3018 8266 910 21 518 2624 1537 2702 2645 2989 191 3001 3505 2160 119 384 3378 148 2105 2226 1818 542 596 1574 2270 78 1614 220 1548 1605 3510 917 812 1697 3407 1493 544 680 657 1734 3211 1973 942 3077 750 1576 2709 201 2743 503 896 1523 2056 1364 559 1198 1489 3393 2524 1434 887 2963 2940 1851 2656 1 3178 568 1808 3349 2252 1643
1 2897
1 3235
1 326
1 3249
2 45 7277
1 1908
1 1693
1 162
1 2170
1 3153
1 3109
1 3079
1 3503
1 3038
2 9384 183
1 2752
1 1136
1 1518
4 6260 4957 7729 2521
81 670 2225 2142 1411 3386 1839 429 1123 3512 2385 1974 2452 2715 973 1669 2074 1571 1791 2377 2104 2445 2197 3102 3259 3204 650 2538 2022 1804 2511 2606 398 1218 2083 554 3081 2805 827 2768 532 1068 631 2522 2508 115 1165 1688 2126 1407 1670 3379 834 934 2023 1971 1402 837 2859 792 616 2310 1549 668 3230 1958 853 456 719 2130 2214 222 1142 620 493 1776 882 2793 1025 2529 2243 884
1 2488
2 1618 9485
1 1478
1 3494
1 2756
1 101
1 1350
2 3506 9683
1 2460
1 762
2 7657 1924
3 34 8450 4754
3 7482 4320 2082
3 1635 5462 4281
81 2381 3205 3138 3409 1031 663 731 617 3129 2643 3037 1662 595 322 1802 2006 3160 3083 1045 865 2778 2892 2533 715 1544 1445 1441 2246 3231 2161 2631 1656 99 695 2668 112 1780 2847 51 3007 955 3398 1694 286 664 2731 1602 1435 2182 2098 2505 92 1479 1231 3217 2901 2449 2696 786 828 3289 1906 1012 1733 248 2774 1069 2467 2920 425 2157 440 1464 1658 243 1857 1221 785 2382 1159 2843
1 1194
1 1642
1 1326
1 358
68 1 1993
75 1 2290
4 2 7316
19 1 706
76 2 862
28 1 3395
65 1 4391
64 1 9490
82 1 3173
28 1 4602
60 1 2771
12 1 5379
91 1 6629
47 1 3108
100 1 5615
55 1 1707
87 1 3008
32 1 2146
100 1 826
9 1 8643
40 1 1897
42 1 5425
89 2 720
36 1 4055
49 1 9934
60 1 9760
57 3 2585
40 1 3105
91 1 5674
100 1 4462
26 1 7831
12 1 6821
13 1 1545
91 1 3263
69 1 8815
65 1 6521
1 1 6507
76 2 1065
56 1 7986
41 1 4923
60 1 1018
6 1 7540
59 1 2053
66 1 2667
45 1 531
75 1 6866
22 1 7009
46 1 111
50 2 6037
58 1 5732
92 2 1282
55 1 5480
82 1 1613
91 1 8790
57 1 903
28 1 9335
78 1 2558
97 1 202
63 1 3736
67 1 9569
38 1 9900
72 1 3713
50 1 644
43 1 7645
12 1 9709
85 1 3324
92 1 2011
40 1 8786
92 1 7654
80 3 2054
20 1 1023
98 1 7949
69 1 2097
3 1 9413
76 2 8735
42 1 2848
19 1 1002
5 1 3238
67 1 4156
93 2 2669
81 71 3000
26 2 3984
12 1 7505
88 1 562
30 1 1900
100 1 9948
68 1 2235
13 1 1343
76 2 1394
63 1 4005
18 1 3110
34 3 3441
43 1 9802
19 1 8066
10 61 923
73 1 2755
42 1 4025
81 16 8128
61 48 2738
80 2 5014
