100 100 100
5175 1162 5704 2909 1347 3914 3265 4545 2551 4826 4274 4958 3815 1513 2135 4210 1201 3002 3598 4213 1837 1144 2506 2341 296 4029 3654 3343 8047 2949 3716 4755 2765 2311 1237 3715 181 13 2549 2368 2756 884 4190 2114 5050 4547 4047 2962 2248 2495 1534 5883 5081 1001 3613 1728 4671 4581 4237 548 3575 1382 2159 5112 3275 639 2444 648 3254 3877 951 73 2219 2038 949 127 3867 4628 4466 4787 263 2345 44 4425 610 5054 3448 2776 4186 3156 4146 4537 2254 1086 2045 2378 3916 4576 3098 1157
2 5695 3917
2 2751 7963
1 3191
1 2067
1 4289
1 1718
1 1740
1 3419
1 4994
5 8127 5775 8305 4136 7204
1 3543
4 6371 6151 9549 2209
1 934
1 1159
3 8833 3153 6197
2 8942 36
3 3951 7339 5495
1 3990
1 1628
1 3747
1 3271
1 2658
1 765
1 1857
3 9519 9787 661
1 4424
1 1648
1 3950
75 386 1239 4876 2929 4991 4691 4792 2113 3868 1766 3054 2434 1183 4788 4511 4220 4423 4279 4074 302 425 2280 2071 4140 3404 4208 3455 3190 2420 133 5149 2359 4371 725 2070 4287 1324 5154 2470 2403 3085 4077 262 4921 2619 1058 3731 682 4659 2298 848 1732 4183 2120 65 2094 4989 3544 4197 4840 2006 4392 2112 2755 1403 3792 3888 4112 633 67 4084 3159 2168 458 738
1 2328
1 4498
1 4067
1 320
1 4243
8 8465 6757 9125 5800 5603 7630 6987 769
1 936
1 2396
3 6598 7351 2631
3 7986 2329 5619
2 9756 3227
1 66
1 4458
3 7307 3444 8233
2 8081 4889
1 1335
2 6545 4408
1 901
1 2398
1 1355
1 1832
1 1060
1 311
1 1840
1 4106
4 9015 7349 9078 1956
1 3632
1 3967
1 4993
1 4313
1 4028
56 3677 4772 2959 4241 2879 2785 875 750 4770 2110 1206 4271 25 3805 4456 3472 1315 1769 4801 4270 3655 4483 2467 1368 1571 5156 3817 2519 3660 1202 1109 3427 3934 471 2020 104 2121 1433 4096 4021 3372 4965 1143 4666 2022 4194 4747 3766 1844 2188 489 1746 3298 149 391 3478
3 7864 9176 2057
3 9287 1361 9518
2 2783 6988
49 4393 4623 3483 2266 1596 2601 978 4098 2681 2678 1966 2611 4541 3154 5032 2637 236 1611 3915 1429 3724 97 4982 2 534 361 1889 902 3329 4637 560 4086 926 1898 403 2481 2272 957 1363 1240 549 3675 5019 3509 826 3554 4558 1742 247
5 7601 4670 8996 5558 9601
1 908
47 1900 316 179 4810 1290 2417 3440 304 3711 1303 4413 2418 4819 3995 4491 2741 3742 186 4667 2991 1932 1500 4318 4159 4182 3809 2031 63 5106 4050 2065 2531 2183 2821 4738 1476 2684 1762 672 1067 4657 94 3127 2553 4311 5068 4265
2 1700 9011
2 3610 9482
1 1770
1 2819
2 4896 7528
1 1341
1 155
1 1558
1 334
3 6587 1914 9092
1 3446
2 9037 4725
2 6393 93
2 9589 3065
2 8075 864
5 286 5664 8369 8786 9701
33 4356 1706 879 2154 1807 3370 4063 659 2037 3441 50 1342 7559 9064 4058 2956 183 4493 6621 2318 3954 5765 4033 5712 1595 7732 5052 624 5093 4438 1428 1039 9350
3 9715 6617 696
1 491
1 3978
1 281
1 3238
1 1850
3 7190 4173 7689
1 4762
1 2523
2 9215 2285
1 1959
3 7510 9855 4587
1 1727
1 4593
4 5489 5926 4472 6437
13 1 8763
91 1 9686
99 1 7496
78 1 3794
7 1 7169
93 1 5839
50 1 5961
46 1 4607
92 2 7392
39 2 5628
48 1 7032
51 1 7082
23 1 7588
60 1 8587
48 1 1883
41 1 5471
70 1 9737
66 1 3595
75 1 5472
64 1 5228
92 2 4012
28 1 9435
40 1 257
40 1 5947
49 1 7215
35 4 3879
4 1 8230
6 1 9089
2 2 4860
86 1 3174
17 1 8819
18 1 7309
62 1 30
87 1 9907
3 1 6187
65 10 9466
98 1 6635
39 3 1241
43 2 9335
97 2 415
1 1 577
67 1 8090
10 4 6239
91 1 2662
74 1 6356
53 1 6017
86 3 5524
69 2 4505
12 2 5144
90 1 5908
92 2 5914
8 1 8124
6 1 1212
83 2 8923
24 1 7648
25 2 2445
97 3 9729
63 2 9192
12 4 6112
14 1 7968
1 2 8925
10 2 2295
65 38 7893
99 1 619
58 1 5707
76 1 8042
73 2 1591
11 1 7793
40 2 9330
82 1 4376
61 27 5531
61 47 5213
50 1 715
2 1 8298
37 1 9841
96 1 5962
62 2 2497
86 3 2660
96 1 2653
51 1 3531
54 1 6998
6 1 9426
42 1 5280
76 1 2928
80 1 3301
96 1 9235
5 1 8824
21 1 6908
14 1 3566
94 1 9458
10 5 2810
46 2 8985
80 1 9821
87 1 4690
66 3 4718
48 1 7746
51 1 5620
10 3 2002
19 1 9386
69 1 9233
