100 100 100
3421 2473 3416 2545 2539 2087 2416 1556 2361 3415 201 3271 734 1449 2032 756 2989 860 175 2231 954 654 1238 505 3147 2764 2176 2073 3395 2168 709 1923 3358 3077 1459 2415 1023 311 2211 1523 414 3292 1595 1544 612 2794 1894 1384 959 2765 657 449 2163 1666 261 264 230 3222 2025 573 3095 1905 410 2692 2734 2890 116 2777 2583 1141 506 1234 200 2279 491 2632 1520 2344 2618 2456 1451 282 977 2922 3038 2048 2248 3234 1995 1534 1539 643 2731 602 1486 2265 2129 1125 3410 1448
99 717 2919 3281 691 397 1413 1378 1853 662 371 3274 1420 2940 238 3229 2436 2853 2527 2209 316 722 2739 1485 1660 1073 557 107 2907 2151 1319 2606 1635 1630 2432 2096 1080 617 1330 833 1950 2195 3258 75 1584 2047 394 519 1500 2695 1746 1971 2104 2175 1603 246 2509 739 603 1300 2891 845 1010 2244 1392 594 3390 2465 3185 470 2224 667 1976 572 2385 1086 2132 2676 3246 604 797 2799 1615 101 1583 705 3191 2926 2782 1185 33 27 1572 747 1625 1439 2840 2227 485 1932
2 3065 3347
2 2188 1939
2 146 1431
2 3007 40
2 1763 659
2 1279 3251
2 710 2317
2 2280 2337
2 800 2422
2 483 2356
2 3076 2407
2 409 134
2 1072 851
2 21 398
2 3342 537
95 2485 3391 189 2191 2255 979 3069 94 924 607 1755 1728 112 1406 2144 1099 2507 1122 2535 114 2912 2066 3159 1186 1978 1915 2968 2757 2585 1139 1588 2525 2002 3296 2316 1221 2457 80 1063 2662 1680 902 854 1405 1845 1896 1658 1328 1516 131 1788 1127 3240 1007 3100 2769 2105 2431 3044 2680 1121 3141 476 177 2299 2223 3181 2627 972 2952 1987 2067 179 2929 2887 133 3301 1694 2610 641 2815 1242 2889 1261 853 1780 3323 1039 1256 919 2479 729 2801 1524 2864
2 804 2016
2 620 2892
2 2413 290
2 1683 679
2 2133 468
2 1207 271
2 1946 2322
2 868 338
2 435 3205
2 57 1311
93 694 751 1806 1985 597 1296 416 1645 1312 3228 890 2566 412 2321 2609 155 1547 18 2495 2496 2943 2639 3343 2075 3291 1552 2700 1517 1337 3157 788 770 815 1697 2917 2749 25 2225 3211 2538 1854 2847 872 1275 60 3288 2913 2560 38 3396 3165 3067 3066 1824 1081 1135 1158 1844 1988 167 766 1931 2843 1498 1623 1314 2451 1376 2498 795 2083 2921 2378 74 1505 472 1299 1132 1984 2674 618 242 3386 2233 2384 887 359 3331 769 86 1156 2123 2677
92 1088 891 3226 1901 1619 1757 1920 2250 2648 780 2459 1326 1874 516 2097 1339 3032 3311 642 820 3210 1771 1259 2167 3404 221 574 588 355 2860 810 3317 65 1095 2839 1998 2045 1641 3043 253 615 2368 1687 1509 2876 1513 1786 356 349 1093 2640 3346 2257 1143 718 3009 2958 1982 1104 2363 337 3039 3232 379 1087 1777 2014 3392 295 3101 1501 2076 2760 2766 440 1320 3143 2069 3219 650 378 2373 2241 434 2881 1477 3173 1725 1361 401 701 2516
2 1530 1002
2 1875 137
2 66 1048
2 1313 263
2 241 1869
2 590 258
2 2779 2884
2 2818 3351
2 1103 2056
2 2003 867
2 1999 2403
2 2471 2392
2 2759 2540
2 3383 1155
2 493 1496
2 2031 1454
2 1918 1305
2 781 232
2 1565 1401
2 1693 721
2 342 305
2 2665 50
2 3285 2040
2 1679 82
2 569 1418
2 35 214
2 2267 228
2 2220 154
2 2511 1826
2 3158 91
2 2156 895
2 254 292
2 1160 2306
2 629 1409
2 3179 260
2 1389 3030
2 1012 1031
2 1571 2982
2 1212 1566
2 2901 666
2 1732 14
2 336 1986
2 1792 2412
2 690 100
2 963 70
2 2439 44
2 3006 801
2 3012 2686
2 2007 1059
80 365 2426 2575 3388 3349 1594 474 2595 1663 3040 2000 1302 2164 2730 3282 2644 910 1543 631 28 2289 524 560 2974 2959 828 117 3400 2043 2334 1445 2770 1101 3164 616 536 888 194 2204 448 2814 162 2438 3245 1280 218 655 1126 3339 2667 170 1020 840 2380 445 443 1849 3058 2893 2970 500 755 1776 1828 460 2476 1281 3118 1953 2038 1829 1983 375 605 2724 2393 30 2552 420 1373
2 2149 3223
2 2302 3206
2 2841 987
2 1577 2079
2 2111 2074
2 419 2404
2 3140 712
2 195 2400
2 830 1284
2 2035 1131
2 1308 3363
2 1717 463
2 3381 651
2 2577 3254
2 2658 3297
2 2124 2364
2 876 1030
2 1181 862
2 583 1107
2 2642 1532
2 1293 1255
96 1 3000
70 2 8118
92 1 8675
46 1 222
25 1 704
67 2 4926
24 2 9820
43 2 4012
3 2 5998
100 1 2070
29 55 7794
60 2 5393
74 2 5840
92 2 6900
89 2 948
34 1 6240
12 2 2756
74 1 2057
94 2 235
25 2 3209
29 69 3411
47 2 5588
22 1 653
19 1 2826
36 2 329
99 1 3604
63 2 240
60 2 160
40 1 4991
48 1 1850
20 2 782
20 2 9314
29 23 2745
17 3 6983
24 2 2377
100 1 4100
94 1 6721
96 2 361
46 1 3024
68 2 4902
30 1 5708
86 2 9254
78 2 6092
75 1 4035
34 2 7190
42 1 8579
88 2 3286
41 2 9249
93 2 8315
21 2 7995
30 2 575
6 1 6845
21 2 6014
36 1 7665
39 2 7486
21 1 3005
57 2 2468
30 1 3816
64 2 7090
61 2 8364
21 1 3939
40 2 6822
83 2 9248
30 1 3099
73 2 2558
4 2 2641
82 2 6291
90 2 9294
96 1 3599
60 1 1009
49 2 3136
46 2 5770
31 1 2883
21 2 3809
30 2 2977
26 1 3059
96 1 1639
5 1 3202
44 2 1715
4 2 7693
57 2 6496
58 2 5729
72 1 6451
15 2 6160
62 2 7784
68 2 9228
23 1 6662
56 2 6985
64 2 1077
29 22 8238
56 2 2018
69 2 1784
90 1 3109
45 1 7986
88 1 6132
35 2 3674
97 2 849
51 1 4388
11 1 2136
90 2 1060
