100 100 100
5415 2493 4721 1621 1473 1226 3390 2791 2928 3588 2706 601 3382 4037 5037 4256 56 936 277 1168 3735 4209 4916 2780 2656 2611 3709 726 378 2615 211 4905 2689 3 5324 1950 623 3853 3252 5061 461 1500 5117 1016 1847 3126 776 3817 1084 4275 1717 5127 2802 3088 455 3522 789 1572 4023 3105 259 715 1296 512 2117 5224 4785 2218 4339 2883 3310 2325 547 2998 2391 772 1745 3121 3322 655 4031 1048 4193 2375 180 531 669 2865 1001 4233 5062 1379 4264 5307 347 2549 3525 3537 4054 2227
2 1246 4511
2 4266 4720
2 2369 3450
2 3468 5319
2 414 2166
2 3260 245
2 5299 4029
2 2561 615
2 4086 3500
2 2754 417
2 3823 87
2 2268 164
2 1691 4935
2 620 152
2 2771 545
2 1798 1044
2 2470 780
2 4649 1034
2 760 4640
2 410 2200
2 3515 3510
2 713 157
2 146 3666
2 4757 2511
2 2510 4047
2 1356 2022
2 3713 464
2 4954 3767
2 4044 3688
2 4284 871
2 3915 1384
2 3503 1599
2 3292 2912
2 3490 342
2 1092 4480
2 5143 2238
2 4980 801
2 2801 905
2 4039 4692
2 217 4953
2 261 3032
2 1653 3345
2 3255 2067
2 2874 807
2 1808 1091
88 2643 3710 510 1533 4159 5104 805 2093 50 2501 4557 1118 4074 2964 4181 2960 138 4297 3703 5172 3697 3520 2113 1167 3805 3665 1035 4405 2348 3493 1378 2463 1273 5195 3907 3330 3389 1604 51 3921 499 5113 518 4262 1635 3304 351 3340 1563 1401 86 4523 4409 4295 4349 1844 3089 421 210 2742 3097 1994 2381 2216 2184 2654 854 4474 1962 3144 326 1191 1388 466 2766 3321 2947 4796 4186 3862 4888 3138 2905 1007 3026 554 4835 3765
88 2519 416 330 1145 2843 3227 99 4560 3583 1778 1409 1755 1056 4621 1281 3505 3332 784 570 4132 5238 5109 2980 1157 3929 1651 1149 5326 4043 123 1528 1558 867 1271 2109 3948 3831 1014 205 697 4413 3795 3685 3633 360 1603 2097 1303 129 4351 596 3698 5401 124 1541 1985 1421 2395 3408 2720 5070 5370 4800 4224 1177 158 3225 5363 598 256 2480 4016 1686 3773 3579 1259 2133 3722 4766 3937 1099 3192 4041 4554 5382 984 2170 4147
88 3469 3976 693 1613 582 1970 1540 3554 4956 4026 1718 1314 5108 4967 4806 626 3754 5211 2389 892 5257 5397 4661 4685 3524 3810 3334 1898 3509 1925 4907 4320 3451 2811 3529 894 1617 4407 926 2576 3478 4566 1456 106 1930 595 2388 4659 543 1555 938 1501 5122 1810 1807 5192 3200 2950 5306 1058 1771 5139 4542 2023 2000 4753 1140 3613 2705 2269 4458 2036 5120 2169 2156 916 1012 1247 2644 2077 581 5410 5012 4826 4448 346 2670 4197
2 3654 1736
2 3652 5136
2 35 1707
2 4062 1684
2 1469 3426
2 679 4760
2 419 4930
2 577 2906
2 2333 2482
2 3925 748
85 4891 2593 4067 1212 707 5346 4307 2212 1454 2234 2915 3875 2740 433 3951 4958 3106 3049 771 2393 1186 2751 1033 982 853 4671 3232 3372 250 9 165 5250 1582 2264 2349 3179 2094 1492 1853 3012 238 2383 3303 68 1852 979 3536 155 509 2818 1889 5031 1803 4243 3488 3482 1789 2239 28 5115 1282 2499 3906 160 1190 76 3139 4605 4125 4852 2892 5228 3005 4934 2282 901 930 3355 200 889 2374 4696 1426 3207 1804
2 533 5362
2 579 4650
2 3349 5295
2 1822 2869
2 2327 1478
2 2878 159
2 4495 2222
2 2911 2049
2 2195 2289
2 751 529
2 3632 2984
2 4593 3041
2 883 2417
2 5160 1851
2 3859 4818
2 4011 3562
2 2351 1302
2 4646 4638
2 293 585
2 4788 4585
80 3491 695 3858 3288 2806 336 2177 5350 4449 1085 4200 3700 2226 4296 4850 3448 71 4660 1394 3855 4716 708 274 248 1912 4143 3444 55 1757 3527 4819 3511 4447 2559 5365 1969 4006 3777 460 2343 2648 1351 4700 634 5088 4084 3934 4860 1944 878 5041 3834 1121 3910 275 476 5303 3603 345 4719 5269 4015 2686 749 5271 1620 2962 41 3347 2257 4377 962 978 5329 3199 3250 4069 4399 3677 1346
2 2708 3577
2 4494 2431
2 928 37
2 4579 2741
2 5058 4227
2 3172 996
2 2272 2035
2 3908 1616
2 100 3788
2 5077 3548
2 4496 480
2 4629 2896
2 2632 5119
2 349 4928
2 1532 2546
2 513 1740
2 796 3223
2 1123 427
2 1393 841
2 2328 3130
100 1 8604
37 2 9801
25 2 5618
84 1 6455
20 1 7096
9 1 9501
36 1 8337
29 2 9323
28 1 6388
7 1 8520
31 2 7272
36 2 6642
2 1 5613
98 1 6164
3 2 6623
7 2 8666
42 2 8315
95 1 6173
94 2 5481
86 1 9301
41 1 6516
89 2 7922
77 1 8710
59 12 9742
66 2 7931
62 1 5880
45 2 9826
21 2 9830
1 2 7646
61 2 6287
100 2 9870
75 1 7868
89 1 7783
1 2 8487
82 2 7659
50 2 9726
70 2 8117
24 2 8988
100 1 5795
97 1 5935
20 1 6327
52 2 6709
35 1 7874
75 1 8182
83 1 6618
78 1 6742
36 1 8178
92 2 6042
82 1 8786
36 2 6639
91 2 7942
93 1 7476
20 2 9416
52 2 8999
98 1 6127
34 2 8737
16 1 5977
23 2 7031
91 2 6258
1 2 9883
78 2 7832
66 1 5540
94 2 5754
66 2 5616
56 1 7071
20 1 7740
84 1 8958
62 1 7571
30 1 9653
9 1 7769
70 2 9382
10 2 9060
33 1 6296
71 2 9058
50 1 5446
55 2 5907
2 1 6233
49 1 6192
81 2 7195
32 2 8948
61 1 5760
41 1 8291
74 1 6581
67 1 6913
77 2 8681
35 2 6382
56 2 7828
100 1 8761
20 2 6329
37 1 5887
1 1 9759
80 55 9164
15 2 6268
22 1 9436
60 1 6983
7 1 7485
65 1 9964
52 2 8841
6 2 8251
35 2 6648
