100 100 100
5537 5115 748 179 1094 4763 5050 4320 4042 2607 4029 3254 1370 3445 4897 1811 4311 846 913 1046 2767 4871 5413 4704 479 3503 3755 1613 2415 4808 3226 799 4594 4606 4261 4742 1360 4211 841 1813 4626 2126 2071 1892 4715 1945 292 1904 4246 5262 2402 4956 3176 2742 1963 1689 936 1796 4572 1030 5220 5429 1318 1488 1184 2150 4802 3392 1842 3331 5470 3252 1637 3152 4729 4912 361 4909 2951 3723 3486 802 4557 3936 220 5037 3190 406 2949 432 107 4960 253 3456 2417 4652 4010 2602 376 2022
2 3393 894
2 3346 3371
2 3111 3464
2 3123 776
2 2338 2133
2 1946 3838
2 1013 565
98 829 524 989 576 5379 4345 4555 3880 3491 2014 462 1970 3819 4291 4443 1205 5316 1768 4313 3648 1820 4144 4407 5315 5365 5136 3068 4263 4175 1900 2433 3836 1442 5052 5026 3340 5289 1209 3248 596 2036 560 1952 942 1262 1587 425 3039 3940 3057 533 1304 4761 1257 544 963 4642 3317 5478 5123 1273 4478 578 2764 5036 2667 1160 2106 3444 4020 4494 346 2242 2078 3667 1877 2603 5372 1596 5161 5027 2405 1190 3 763 1276 1111 317 2339 4923 814 750 1821 5170 3219 5218 4203 5203
2 4435 3095
2 2135 3129
2 1953 3077
2 5224 2705
2 3950 988
2 4553 1887
2 386 1487
2 2271 4364
2 4920 2200
2 1800 1429
2 5212 930
2 5283 1775
2 4275 4108
2 1212 469
2 67 1213
2 264 2332
2 4273 4489
2 1742 1391
2 747 2612
2 1723 4425
2 1305 667
2 388 5320
2 4122 2884
2 318 644
2 3341 3365
2 4733 3934
2 1662 1572
2 4086 540
2 5348 4847
90 1186 2558 5018 3173 2899 1668 3610 467 2673 2188 3328 3281 4229 4727 3786 2550 3682 1074 2873 2152 3997 2955 1112 2780 2467 4824 5235 3090 4120 4646 3548 2456 1964 4495 1475 4127 3193 707 4384 2474 2543 295 3883 2585 3540 2620 2246 1706 3114 1427 2942 4455 922 281 3409 3845 217 3935 3064 3530 1313 1363 3462 5273 3585 4030 5332 3319 876 1136 2333 521 3964 2763 990 2390 1311 3280 4966 3386 3088 4282 1848 1549 3860 3443 1458 1640 4117 1891
90 1999 3666 759 1832 2682 4353 4250 4473 1162 4803 1341 3003 2730 1357 1215 2369 4446 3318 4088 2644 2130 4052 137 2864 3002 4986 3840 272 3522 5077 3323 573 2484 2009 347 0 3777 1551 2733 3019 4050 4560 3429 2114 4133 1556 797 2608 2202 3269 3360 4508 1917 4734 1503 3897 510 1602 3854 3221 402 705 1727 2366 4008 2042 971 4654 4789 4838 3871 219 4823 4977 755 3616 3191 5532 3765 3316 5300 904 5296 4520 3151 525 1220 1476 1498 1249
2 915 297
2 4323 4348
2 1766 241
2 283 4340
2 1591 4765
2 966 3742
2 3314 291
2 2010 4115
2 81 1829
2 787 2409
2 4888 5530
2 4485 4681
2 4525 2970
2 2509 2387
2 369 3999
2 4064 4631
2 2619 2972
2 474 1483
2 5445 3583
85 69 5356 3642 5506 4388 284 4991 3958 1327 2195 5524 2963 545 3136 5213 379 1408 358 3552 769 3432 4905 414 5441 3631 5067 2172 1145 1545 5041 3570 5535 2028 2561 1710 4620 2554 4915 4885 4339 5355 837 2689 2503 457 2365 3055 47 92 36 3775 3108 1625 240 4892 4380 5487 5138 4762 4641 2863 4858 5100 3337 4570 1703 607 1171 2809 3586 1520 2906 5002 2958 3124 4605 337 1834 1542 697 1570 3256 83 2648 2232
85 1323 2679 2427 2032 2065 4039 3678 3228 4826 2919 4066 4619 21 606 3726 3724 563 120 1073 5483 3753 2227 3867 3238 4770 3969 1965 3773 2097 3231 1412 3170 1026 4 171 1605 132 2163 3977 4558 4663 1993 1939 2379 4928 2793 2523 5509 5397 4262 4196 438 1019 2149 4792 1748 1062 4575 1299 2485 4329 4689 5446 5287 5521 2201 2552 2598 1035 2714 5005 78 2410 3144 640 2137 1430 4206 2013 1932 5245 653 702 954 804
2 2083 5366
2 3923 441
2 4880 5480
2 5489 1652
2 3903 2475
2 4849 4106
2 3233 3772
2 1581 417
2 3287 3949
2 2748 3461
2 4187 1528
2 4799 2314
2 3695 3061
2 2397 810
2 5442 1214
2 5321 1350
2 1479 698
2 1956 1282
2 4468 5390
2 4756 1468
2 3792 4333
2 1241 1895
2 4637 2412
2 3469 5475
2 4161 1543
2 4500 5465
2 5033 2283
2 2912 4747
2 4961 1040
2 3729 2021
2 571 4753
2 1849 4132
2 5246 3575
2 5422 4771
2 1907 2616
2 594 2931
2 3016 3670
2 675 4065
2 4861 1395
2 831 2419
66 1 8828
11 1 6661
17 2 8008
20 1 8092
42 1 6721
26 1 6524
97 1 7145
97 1 9310
36 2 6660
8 20 9251
55 2 5924
51 2 6047
44 2 9906
37 1 7979
47 1 6190
31 1 6149
77 1 7984
74 2 5716
3 1 7929
2 1 8112
98 2 7018
41 1 9950
1 2 6695
78 2 6220
8 17 7850
47 1 9327
9 2 9235
27 1 8005
96 2 7601
32 2 9095
14 2 5603
35 1 8705
37 2 8530
48 2 5782
33 2 8167
60 52 6224
85 2 8298
60 18 5578
59 33 9438
80 1 6369
21 1 7505
1 2 7167
48 1 9625
30 1 8954
67 2 7160
13 2 8672
91 1 6703
34 2 7582
11 1 6484
100 2 5894
35 2 8790
7 2 9634
97 1 7733
35 1 5586
53 2 7821
27 1 8090
79 1 7403
95 2 7527
99 1 8503
7 2 9638
73 2 8058
84 2 6271
90 1 6182
43 2 7824
23 2 8380
91 2 8041
86 1 7208
53 1 6032
75 1 8745
42 1 9732
38 67 6159
30 2 6176
12 2 8991
24 2 7263
100 1 6737
38 54 5828
29 2 7322
15 2 8313
12 2 9191
33 1 7880
25 1 9211
66 2 6774
100 2 6385
96 1 7926
2 1 7574
4 2 5734
6 1 7194
17 1 7317
12 2 7203
21 1 7726
36 2 8239
53 1 9173
23 1 9306
41 1 7013
75 2 8415
15 1 6055
85 2 7891
44 1 8024
16 2 9428
86 1 7885
