100 100 100
4934 5180 167 4656 2678 8315 3289 8097 36 6339 2270 369 4423 1922 2384 3648 1280 6977 4122 1604 4083 990 1307 2039 1100 184 2377 5275 1804 745 9706 4177 1777 5105 9747 1629 3185 5068 1059 5296 1482 797 3381 4867 363 3866 3013 4689 3781 6041 1866 2635 3685 5841 1733 4238 900 3065 5554 3904 3195 4234 3280 2948 6100 3254 4804 4001 3660 9742 1521 1540 5048 412 5274 6464 4373 436 9405 302 5922 3037 529 4260 3237 8164 4515 375 3766 2699 3527 1745 1963 9788 3813 1538 1161 1569 1264 556
1 249
3 7165 1457 8635
1 194
1 2542
2 464 5948
1 4779
1 2179
1 3154
81 2673 4330 229 2868 4174 2143 2471 1467 2104 4360 3593 845 2073 323 4029 259 947 2420 3151 1505 2810 1819 357 2706 710 2934 3901 4572 1150 2429 3450 1470 4118 4275 3233 3370 1973 2937 1710 490 2095 2022 4290 736 463 2216 4206 3640 1778 1181 1651 633 896 1961 2573 4878 1563 370 3141 1545 3317 1107 1238 3465 524 3354 560 913 90 1500 3068 2772 4640 1444 2041 3488 1134 2717 2284 828 3331
5 5719 8233 5899 2071 9927
3 4832 5954 7467
3 2438 9630 5326
1 4525
81 3880 4006 1245 1276 738 1503 2514 241 3453 4634 2819 3417 3694 2710 946 2489 1304 4201 3163 2120 4923 1914 1219 3818 2540 2324 1173 2526 351 2493 2040 3605 1724 4790 956 2345 2608 4 3642 3988 920 1323 1108 2265 2128 4454 232 198 4199 720 3698 4496 2898 4481 3861 120 4120 2439 3506 195 1136 2083 4589 2318 4829 2146 1704 20 1872 3603 969 158 2334 1447 2037 434 2702 9 146 4370 1820
1 2812
3 5454 5855 4699
2 2926 7670
1 1206
2 9986 3973
1 2637
1 1413
81 3803 607 1543 834 3044 58 1138 3528 4211 1670 2752 1791 1661 1741 3097 1708 1220 3586 497 4215 4338 123 3830 989 3049 2843 3421 2240 3689 2618 1984 2466 882 3903 4173 691 4530 126 0 2193 1882 3957 1232 579 3148 2140 3966 2190 159 404 4547 1598 955 3783 2427 1023 2682 1405 4755 3324 4789 4889 27 1259 3030 3293 381 1947 4389 4412 4214 3288 2520 3679 2161 1403 1299 4256 98 4017 4895
1 1909
1 3441
3 9889 5821 3344
1 4787
1 1873
1 3281
1 3513
1 3574
5 6359 5446 6806 2048 8798
3 6522 8380 1581
1 3923
1 4224
2 8872 3468
1 1140
1 373
1 4627
1 3652
1 3499
2 9157 1289
1 2558
1 2882
2 1366 6022
1 4268
2 8069 2964
3 8371 616 7571
1 314
2 8932 3503
1 689
1 2026
2 4594 7160
3 1327 9106 9997
1 3943
4 8898 9367 9991 4911
1 2745
3 6021 5813 4648
1 2339
1 2530
1 832
1 4225
1 4312
1 210
2 5744 2341
1 4135
3 6985 4417 6482
3 6879 9359 1679
2 2998 9663
2 3911 9929
2 5953 4471
2 8222 3352
4 2753 5698 8809 6594
1 2142
2 9531 1892
81 1753 393 2610 4763 455 1709 379 4637 4610 4250 449 1434 2129 1508 1404 3375 4759 4571 2599 4331 1484 3470 4064 3537 24 1701 4047 4014 1147 1066 118 1711 2413 842 365 753 4750 2578 1667 3399 1769 2718 2085 209 783 971 1240 3033 819 1347 4600 2472 1105 4677 1119 765 2657 4812 3842 4339 217 973 421 3108 3076 4101 3018 3214 3405 3098 756 2357 2852 337 4359 153 2552 4697 1855 1944 3114
3 578 6530 5092
81 2570 1410 1309 4430 4840 3644 3556 967 4402 3482 3276 1227 605 3740 237 817 4271 1365 1282 2355 2008 2252 3560 3743 2950 107 295 1831 1379 2716 1951 3863 865 4443 2556 2911 4408 2477 3461 4364 4869 2598 1757 1609 3118 1354 2901 4687 722 3138 1966 1193 1115 2103 3007 3511 784 3891 2485 92 929 1825 1942 2396 2473 3997 1130 4377 2290 3188 3480 3789 3737 4557 672 743 358 2917 4844 2681 4059
2 5968 1549
2 9983 4015
3 5154 1179 8831
2 8733 4912
1 3218
1 1088
5 9510 815 6912 9806 5886
1 522
1 142
3 6368 3658 6753
1 2282
5 9238 9047 5635 3080 9375
1 2962
1 3251
3 7052 7537 3449
1 1385
1 1044
1 3101
1 1798
1 3219
1 3128
1 1552
1 1243
58 1 7059
57 3 5742
57 2 791
85 1 7126
78 2 9554
38 1 9071
29 1 6294
9 49 6519
63 1 8289
29 1 3552
86 1 6221
52 2 3790
64 1 878
38 1 3915
65 1 5000
90 1 5911
96 1 6528
98 1 7075
60 1 6425
52 1 9452
94 1 6568
76 1 6403
5 2 2436
12 2 4862
33 1 5938
24 1 9645
14 23 6826
2 1 2508
30 1 5866
45 1 7180
49 1 2648
16 2 2137
78 1 166
34 1 8688
68 1 5577
76 2 390
43 1 6320
87 2 9625
91 1 8769
42 1 7356
78 1 6654
79 2 6217
82 1 6612
58 1 4883
66 1 3786
85 1 2916
39 1 8729
39 1 2799
95 1 4997
69 2 4321
84 4 3859
74 2 8524
82 1 894
87 2 992
40 1 6064
59 1 8314
77 60 5466
20 1 6461
79 1 3363
30 1 1828
15 1 5581
9 77 7766
32 2 4930
87 3 3548
61 1 9288
64 1 9578
53 2 2381
6 1 5074
81 2 6476
97 1 7504
73 1 8080
70 2 7702
10 1 2299
28 1 7908
19 2 5183
94 1 13
3 1 8593
20 1 4506
25 1 1454
93 1 7579
63 1 1716
34 1 1144
80 2 8482
54 1 8211
69 2 8013
70 1 2465
37 1 6822
21 1 7673
79 2 1624
16 1 253
6 1 673
11 3 1266
84 2 7926
55 1 2010
11 3 7781
9 44 8714
48 1 9874
42 1 3706
76 1 3964
56 1 4953
