70 34 100
3822 754 811 3544 514 1795 1078 244 2961 3031 928 1695 90 1743 3140 2175 283 307 1469 2596 1261 53 869 3615 1841 88 3408 2724 3277 2974 1842 3659 2768 3209 909 1322 1784 875 3282 1881 2370 3468 2731 1201 3592 2857 771 3224 1482 2247 878 315 1544 2579 2676 1480 817 1718 3364 3092 2107 1072 331 1431 3806 0 2136 1024 3570 3341
2 367 5643
63 553 1515 239 2302 2890 1773 1554 310 3694 2849 52 3557 2416 86 2008 1280 674 1571 564 529 3146 353 2563 24 2280 1369 1541 1371 391 1 2216 971 1681 2182 3687 2669 452 338 2483 2523 1916 3744 3343 1829 1146 1309 3633 774 3363 3318 2326 1921 3565 1127 2619 2825 3502 2823 3221 1086 3080 2688 186
63 2082 1857 958 2187 492 931 3755 2506 3214 2199 1396 380 996 1608 2812 3133 2083 1575 115 2115 791 2707 1004 1711 2269 1676 302 3784 3365 749 3509 1948 2084 1944 3183 2153 745 3213 2679 257 7374 505 477 2180 2994 3157 2431 5103 3339 1184 233 1207 803 3781 3653 2867 1375 2958 7216 2811 2662 460 828
5 1457 4282 9544 4144 9251
1 1757
1 1397
2 3636 8825
1 652
2 6250 3193
1 655
2 3249 9021
3 1802 8847 6075
3 3553 5362 7459
1 1131
6 7152 4856 6258 5922 5904 3153
3 6678 5088 1389
3 1597 4083 8502
2 1344 5018
1 142
1 2030
1 2366
38 3562 3247 2183 1918 1933 3450 566 157 2150 1517 459 13 1125 726 2035 954 289 103 1859 2277 580 3489 2853 8393 423 744 1157 2604 1489 883 441 1092 3772 1213 1233 2905 2955 3402
2 4568 2260
1 447
36 3296 3524 1735 2519 2529 2411 3135 524 1851 617 3397 1376 297 540 3692 615 3691 2991 222 1452 2839 371 1308 2484 3688 2957 1120 3414 1349 2109 3528 39 3109 3493 3180 1650
33 2813 3730 346 2695 1256 472 2345 942 2274 2898 1298 2689 3165 2343 1305 1576 2087 886 3384 188 3726 927 1219 3739 291 381 1003 3693 1136 2418 2211 2461 1317
1 2903
3 1552 9752 6642
1 1937
1 3670
1 921
1 760
1 2400
1 1560
22 37 1714
5 1 5564
9 2 9460
27 1 6659
6 1 3607
15 5 4538
24 1 1162
4 3 9318
34 1 1934
32 1 2865
14 1 5836
27 1 671
24 1 2508
27 1 172
15 3 2723
5 1 9177
10 1 2566
10 1 3798
9 2 1370
3 23 2587
2 29 7724
12 2 1765
9 2 4146
5 1 123
21 1 3469
22 20 781
26 22 4751
14 1 3248
7 1 2875
8 1 7265
29 1 2046
3 12 3699
26 18 2120
15 6 5383
5 1 1060
22 5 7714
30 1 585
12 2 7329
16 2 3548
22 18 3139
18 2 279
21 1 1603
17 1 1185
32 1 2944
1 2 3089
34 1 455
6 1 2070
25 29 4255
28 2 8650
29 1 5044
15 5 4534
29 1 5841
24 1 3718
24 1 3635
32 1 8549
28 3 1150
28 1 3319
28 1 3453
18 1 3872
31 1 4964
26 33 2340
20 1 1098
10 1 2355
32 1 9742
26 30 1986
3 42 2733
22 7 8938
6 1 1502
18 2 4962
19 1 5199
2 44 2861
11 1 2421
12 3 2760
27 1 8996
24 1 737
27 1 1291
29 1 1421
17 2 2356
23 2 4858
27 1 2927
5 1 693
15 3 656
28 3 8569
26 11 2490
3 1 2597
11 2 5944
12 2 6775
25 17 9489
4 2 4822
30 1 356
21 1 1682
16 2 8371
13 1 3370
10 1 2354
6 1 2661
23 2 5534
26 8 1516
34 1 1068
5 1 6482
18 2 2722
