100 100 100
6246 4299 2280 2169 2182 987 5467 1028 3985 6216 4811 1444 2334 2835 2163 4522 4892 4412 5527 2002 197 4919 2857 4045 4897 5844 5586 6043 2688 539 1976 145 4516 105 520 4851 5334 2665 1440 297 4422 2911 3350 1581 1287 2832 2767 3102 4331 587 6051 2671 4551 4567 1726 4982 3050 1093 730 1584 2241 5793 1656 2453 1130 5246 82 3219 4579 51 3542 337 4125 5668 166 3092 2207 985 2690 5241 1008 5440 588 3574 5851 1823 1731 5841 977 485 5429 526 5030 583 3310 50 536 595 3686 52
2 5154 2577
2 4963 4349
2 826 1777
2 5403 4838
2 1569 1187
2 2102 1075
2 2428 2950
2 2750 5257
2 601 1242
2 995 2694
2 2756 6172
2 794 3997
2 553 4022
2 121 3042
2 1688 1157
96 2209 697 5326 5383 877 1701 4222 5967 3097 4117 2134 6023 952 3685 5306 2915 2874 308 1723 5676 6141 778 1296 5988 226 5121 99 1442 6131 3076 1911 5238 1113 4315 1383 5601 5629 5115 1194 4831 3318 1043 4710 4813 5361 290 1535 3524 1749 2021 3090 3615 1210 3105 2866 4063 4153 1443 2278 1898 4604 3718 4702 4486 3807 3185 3084 2058 1663 2763 153 4629 420 4527 465 4909 3670 4115 567 2656 5895 1055 613 4987 4003 5640 1403 3575 4310 4423 2090 657 622 2505 1426 5430
2 4766 6211
2 5677 3013
2 495 5772
2 4655 3204
2 2092 274
2 5596 4483
2 2965 585
2 4430 4915
2 2659 5264
2 6104 3804
2 1484 6032
2 5088 3120
2 3764 4732
2 123 4498
92 5921 1980 118 3965 1429 2850 460 929 4525 598 3538 2971 6094 2978 5133 1147 1573 3239 5096 6059 2135 2856 3924 2769 3741 4050 4255 4908 5875 5055 881 5442 234 4204 1299 4901 3947 1182 5765 2618 5637 3960 975 3286 1883 3962 3100 3901 3448 5483 1446 1769 2648 5070 4303 3740 3809 4147 5437 5375 193 3135 1049 5357 4107 2324 5885 935 1838 6160 2738 3889 3369 4487 1717 4150 1092 2597 176 3368 1368 4608 3722 5229 1635 5174 6154 2575 133 5340 4718 4312
2 3018 4708
2 1508 5978
91 2372 95 1011 2810 1983 4214 958 1683 3132 1081 1601 2998 4656 1067 1792 507 5367 3801 1367 5441 5178 2059 3335 2710 15 5103 4007 1876 3853 5806 5253 2822 746 4808 178 323 3238 59 4566 5374 3535 5354 3152 3711 4657 464 2435 2339 386 3516 914 1357 5424 120 4783 5214 5418 2449 5531 5800 1952 3556 1036 2091 5611 3654 4394 4362 3766 1803 3117 1947 5792 3791 3367 6184 4634 5865 1835 4113 5445 64 2258 4393 3139 4285 3502 5044 1819 5391 74
2 1487 3775
2 4739 6228
2 5042 2469
2 4950 3028
2 2932 2011
2 2824 4209
2 572 6039
2 3419 6035
2 5870 2335
2 2234 5877
2 1330 5165
2 3221 4593
2 2701 3652
2 3591 2071
2 1597 760
2 1282 5698
2 2326 3298
2 5957 1025
2 19 2922
2 3893 1037
2 2521 5207
2 1274 2781
2 4305 4390
2 2224 1806
2 1061 1793
2 3198 648
2 5296 2640
2 1247 2080
2 1872 858
2 1737 2377
2 1475 5489
2 2308 5240
2 4321 5395
2 2927 5809
2 6120 4675
82 2976 2861 2333 4544 4923 2131 1348 2586 4245 5819 3282 149 889 2210 4829 3078 461 2979 489 5836 3993 1822 1757 4506 796 303 4699 1100 6082 2458 3922 5787 4907 4363 228 42 2829 3038 5137 3127 1265 925 3698 2720 1090 984 4532 4793 1060 612 1096 33 2847 2365 5574 5555 3110 46 5167 5971 180 502 4120 103 3074 5370 4765 2061 474 5378 2730 3130 4499 1267 1644 4689 3680 394 3623 1148 4010 3935
2 3536 2113
2 4391 2438
2 5609 1899
2 4807 2873
2 5850 2095
2 2118 2160
2 2815 0
2 3799 2073
2 5626 3006
80 2889 4217 523 5128 1136 3163 111 4019 5486 5568 2391 1490 3581 1158 1244 4763 2949 3408 476 1960 1747 839 6071 2629 4940 3428 4745 4614 5940 4388 2 473 1585 4452 1616 5292 5344 2699 41 1612 5122 1232 2265 3164 3199 5171 1628 3246 662 6019 3745 5025 2463 5993 1240 4575 2790 1498 4493 2040 3613 198 4603 2220 53 3194 4927 544 944 2576 283 5758 3348 5567 6093 4052 3777 2180 3069 278
2 63 5581
2 2483 4942
2 2491 4368
2 4061 127
2 2611 5878
2 3395 2884
2 1933 2566
2 3934 271
2 1974 3136
2 968 3521
2 428 5093
2 2240 23
2 5436 1603
2 1870 1351
2 4553 5617
2 508 4399
2 698 4218
2 2314 4360
2 1004 2726
2 4716 6053
49 1 5946
88 1 831
72 1 2270
38 2 3440
2 2 376
83 2 9474
15 2 7836
94 2 8001
62 2 8105
50 1 7244
77 2 7870
50 2 4425
67 1 1417
11 1 8271
62 1 7512
84 2 8267
38 2 9199
38 1 1790
96 1 7575
82 1 3165
30 1 5119
34 25 3953
87 2 9024
37 1 5349
97 2 7143
97 2 6256
25 2 8740
85 1 1567
37 1 9705
35 1 7449
76 1 1024
85 1 7223
52 2 2800
28 1 3276
56 1 3918
95 1 5754
25 1 4028
55 1 2917
64 2 3986
60 2 8037
63 1 7602
78 2 5192
23 2 7397
59 2 6715
91 2 8175
15 1 4407
88 1 9966
89 1 7869
57 1 3414
26 2 7024
4 2 1419
85 1 7610
19 1 3051
29 1 6672
81 2 6528
31 68 6140
53 1 2454
76 2 8679
1 1 3052
13 2 3047
67 1 5013
52 1 1254
98 1 948
95 1 462
87 2 9587
19 2 6553
63 1 5447
66 1 4519
17 2 6750
18 1 87
43 1 9716
88 2 2055
33 2 4379
83 2 9525
94 1 3859
96 1 696
9 1 2923
81 1 8950
11 1 7080
66 1 7013
80 27 4924
57 2 522
100 1 7928
1 1 7983
36 1 6792
35 2 8781
55 2 8254
1 2 2668
46 2 2108
47 2 7586
95 2 471
28 1 2056
34 22 6356
56 2 1172
30 1 5782
37 2 4769
100 1 5554
23 2 757
50 2 1379
97 1 4067
