71 59 92
4236 2511 1159 2887 3472 1813 974 1096 3553 1802 4066 88 1936 3040 2301 429 1169 1658 2372 6759 8853 3887 749 847 860 4054 582 4191 3618 5436 1466 2184 1505 1110 2754 379 1717 4030 897 216 193 1109 2479 3575 3611 275 5006 3038 1668 1222 1968 1118 3524 3789 953 727 3323 183 2064 2881 3930 290 2801 2092 797 1550 5558 2418 721 399 1626
3 7302 6556 3965
3 6453 8237 3893
1 156
3 1817 4556 9370
1 3882
54 311 3822 3572 4235 106 538 1748 991 2262 2982 3175 2473 1216 929 1549 3563 971 1050 1598 3981 2332 2951 3170 3869 1414 3944 433 2913 1579 975 3720 1715 3769 3904 3661 2214 4323 2831 2794 3364 194 2409 2864 3465 840 839 3242 2746 3871 474 3383 2501 3308 1338
1 3527
1 880
1 119
4 464 9350 7813 5967
3 2880 9089 7147
2 8603 946
1 334
1 236
1 3468
47 2937 4087 357 2915 3104 390 2411 1543 3075 3646 302 677 2943 882 2208 1286 1818 3280 3458 3711 4171 3277 2371 1294 2443 244 2500 1555 1962 3725 468 3678 2335 836 3064 2739 480 1950 3165 643 2170 4033 1046 2341 1798 1047 2504
1 4029
3 3300 4364 5432
2 4814 11
3 8171 8730 4232
1 2552
1 167
4 9559 4742 7641 1641
1 1094
1 2480
2 1674 9797
2 7712 1115
1 1886
1 548
1 2502
36 2366 708 1220 2582 3354 3946 787 2273 1747 2785 2358 3519 2252 1151 3193 2892 2995 3906 2442 2132 3263 2091 1317 3658 1760 630 719 3990 2916 763 1993 3539 607 2899 2181 3596
1 775
1 2334
2 8875 676
1 1602
2 6564 307
1 367
1 2893
1 770
35 2535 1343 223 1616 85 698 1446 3645 2605 825 2506 583 3235 1149 1569 3177 3691 3856 3481 1885 2902 3489 417 10 692 249 2966 2234 1083 2083 868 1378 3203 3602 2278
1 3316
1 2878
1 2033
2 9033 1008
1 2674
1 3503
4 5470 9758 8069 3801
1 3591
4 5550 9240 3020 5021
1 1707
1 957
2 3558 9834
1 1071
2 670 9441
26 2229 4056 1873 1966 3627 3435 2914 3671 1607 2823 4137 2256 3767 8085 3007 3612 166 520 1077 2194 2496 3599 1212 7117 38 4144
1 339
1 2868
1 2896
2 1280 5590
14 1 6476
53 1 5613
27 1 628
4 3 1614
48 1 6534
29 1 9389
32 1 4535
33 1 6829
9 1 7127
48 1 3844
16 13 9270
17 1 8916
36 1 4126
36 1 9373
41 1 4350
34 2 7859
57 1 4588
40 31 9067
38 1 5294
8 1 4498
47 4 7527
47 1 293
9 1 230
51 1 9911
42 1 6879
38 1 2069
33 1 245
8 1 3087
43 1 8394
35 1 7965
32 1 264
38 1 9908
50 1 8832
12 2 7496
16 33 8145
24 1 9392
38 1 2665
44 1 2642
39 1 7347
6 1 6103
56 1 9480
57 1 171
11 2 2047
16 46 4490
42 1 1647
42 1 6486
29 1 1624
17 1 3950
57 1 5630
47 1 7255
46 1 4289
1 2 1192
25 1 9997
57 1 1753
58 1 7258
46 1 2
30 1 9972
32 1 6518
31 8 5650
21 1 7322
46 1 9711
7 1 5201
33 1 6394
32 1 2587
6 14 9960
18 1 9323
43 1 289
36 2 6101
56 1 1528
29 1 6224
20 2 2730
58 1 2417
25 1 1258
23 4 6262
34 1 2112
44 2 5683
59 1 6680
11 1 5629
11 2 9626
26 1 8110
42 1 2796
40 31 1298
36 2 3423
58 1 5845
27 1 6455
21 1 3545
29 1 2534
50 1 994
55 22 8673
26 1 883
47 3 4041
52 1 5474
