100 100 100
3485 1904 3213 3335 359 3471 57 821 6968 2955 481 2639 494 358 2830 663 791 342 1460 1231 1275 916 2568 809 1394 9938 6753 9170 4644 2657 3338 243 5014 2623 1258 3240 2004 1174 3055 2864 1567 6494 1130 6251 7725 2553 5359 2705 1593 3242 2620 4275 1397 6739 789 7485 6895 1991 436 4220 1584 2369 2116 9215 952 903 1326 1642 3222 1140 3 3457 5352 1001 556 2170 2179 294 6747 2921 8153 3397 116 1145 3452 3260 876 1706 3469 1489 1016 1667 8993 2674 5277 2541 3110 1676 2483 576
1 966
1 980
1 3353
1 1388
4 9862 5781 9311 1542
4 6536 3885 5317 1612
1 2823
1 831
1 3312
1 880
1 122
1 1911
1 3254
1 3268
1 2696
1 417
1 1250
1 2690
1 3167
1 2570
2 2964 5416
2 9279 337
1 2289
4 3678 9355 9875 1689
61 653 1438 2520 3302 1151 1902 2258 2838 2005 1317 3053 1091 3419 1638 2312 2159 2497 504 97 3058 1950 2654 1486 1605 905 2740 3318 2862 2053 2858 2174 884 561 1249 2009 508 1863 27 274 522 2505 3369 2099 2374 2597 318 2609 3023 59 91 2037 3411 2316 2092 534 448 85 1918 1329 2628 340
1 1128
1 537
1 2781
1 1087
1 1854
2 5166 443
1 2044
1 2554
1 480
1 2333
1 3027
3 4895 4328 3003
1 3125
1 1852
58 3462 3272 3344 2018 2105 1608 692 1926 2647 666 2662 3390 1828 419 341 1497 2381 1092 2211 1693 2906 2252 587 189 774 530 2144 1406 620 2815 2307 968 2263 1279 665 2791 1645 1744 1179 1620 988 3143 1929 1847 807 2150 979 2516 1118 945 2112 1067 1806 2396 3030 2991 2024 997
1 554
1 279
2 1769 9925
4 5869 1543 4553 6023
1 3355
1 2812
1 1479
1 2042
4 9628 1674 6966 5696
1 584
50 2205 2319 992 2945 1947 1395 1008 1432 1809 2695 894 3004 3100 215 2459 1606 2676 2495 520 3045 895 1346 851 3086 2978 2775 1587 539 2392 401 2491 2545 2762 323 1770 321 1814 2731 2389 1152 368 1020 2765 3363 1204 1610 2669 3173 1541 1150
1 3215
1 2771
1 2238
1 1358
1 249
49 1771 1107 37 1060 2270 3083 1943 1636 1980 694 2306 3234 768 1571 2735 291 3408 580 1337 1245 239 2928 3474 149 2356 3243 2272 1434 3329 2140 2573 1048 1447 2036 1915 2559 1089 406 726 1578 1302 3359 1757 1885 2507 104 2288 1331 1462
1 92
1 1514
1 3271
1 1176
1 737
2 7454 523
2 4083 265
1 550
2 5650 2317
1 3424
1 2049
1 435
2 1983 9888
4 5384 7138 2391 4373
45 361 810 1679 2032 3298 275 3135 529 3279 1704 2359 483 3475 2134 1815 2860 643 2122 450 2057 2872 625 2886 2209 1113 885 1239 2642 1643 853 1853 1755 255 2590 2184 619 3380 2637 1579 2800 2066 925 2999 1778 422
1 1285
1 324
2 3151 9750
1 1566
2 524 4132
4 7541 7354 1098 6988
3 5702 9813 922
3 5861 883 6811
2 3180 9217
1 470
1 977
2 1345 5119
2 1053 5268
1 2482
1 2687
3 5629 1042 4155
1 2757
1 437
1 3447
3 5815 3073 6262
1 3042
1 2204
1 1632
1 1793
1 745
1 479
1 3099
1 2262
73 1 1699
76 1 3782
87 1 1065
29 1 3629
11 1 9075
55 1 1513
85 1 17
52 1 9869
73 1 5222
12 1 5881
88 1 4481
66 2 3439
71 2 8068
23 1 4170
50 1 1922
97 1 8817
72 23 5013
37 2 8654
78 2 8056
51 22 1945
78 4 1767
2 1 6566
20 1 160
94 1 9337
27 1 1580
17 1 2667
87 1 3959
85 2 2488
74 1 4598
29 1 6456
41 1 3200
97 1 110
11 1 2929
45 1 9841
95 1 3560
94 1 1075
72 23 486
7 1 743
70 1 2425
87 1 5367
20 1 2876
24 1 5646
60 1 25
4 1 803
58 1 672
64 2 309
91 1 5027
7 1 4319
97 1 8577
74 1 2743
58 1 307
98 1 9548
62 1 8948
44 3 3206
94 1 3113
5 2 2724
80 2 8028
97 1 1328
92 2 1651
9 1 405
59 1 2586
59 1 4358
89 1 9071
7 1 4593
96 1 2157
94 1 4211
1 1 5134
26 1 4959
32 1 838
45 1 609
99 1 1049
58 1 2299
94 1 2301
91 1 6697
37 1 2822
88 2 2805
57 47 5741
50 1 4018
63 2 9733
68 1 6646
44 1 3708
78 3 1389
88 3 81
24 1 6319
51 30 9611
4 1 133
6 1 4491
14 1 5640
36 1 3516
37 2 2193
10 1 1309
82 1 3385
77 2 86
76 1 2400
2 1 2434
72 23 3653
77 2 7136
36 1 6582
89 1 3549
29 1 4483
