100 100 100
4127 1401 332 8789 8761 1349 2928 989 513 3144 6990 676 835 2354 2229 7642 4118 1684 3853 618 3084 672 1495 1565 2521 2179 2015 1361 3094 3103 746 3290 2341 198 3661 3300 1604 464 252 8031 4038 1969 6071 2768 9873 5120 443 5742 3786 1105 4979 44 2160 416 3998 3238 4003 1819 577 2458 3595 8839 1648 3975 1025 1246 4728 1129 167 2363 8196 1436 2029 210 3363 1380 1607 3017 493 884 1124 3675 1803 3127 808 316 1659 3430 1891 2754 196 1430 3405 3393 2864 3266 1322 2629 667 1732
1 1961
2 5540 2140
1 3146
1 3832
1 3602
3 8025 8355 3166
1 3486
2 7852 920
1 1449
1 2483
1 1189
1 3573
1 1761
2 6407 3072
1 691
1 2691
5 7413 9324 4208 1742 5916
4 5993 7532 3015 5740
1 769
69 1966 2634 3008 681 3759 277 3868 1546 2153 4344 2916 540 3006 3147 1531 3830 1076 2239 803 5318 3013 711 3997 129 359 3852 3992 810 2762 2545 825 2437 305 1082 1641 57 2330 1517 843 6666 164 3744 3605 2275 3734 888 642 1145 948 3700 13 165 2470 1660 694 3419 3956 2446 2155 146 1956 110 3019 3249 3357 4874 4124 6574 1734
2 1277 5117
1 2885
2 6415 1263
2 7668 2340
4 1626 8276 9338 4381
1 2434
1 1177
1 3886
1 3360
1 3922
1 3721
1 3414
1 1450
2 1213 6171
1 3815
5 7958 5326 9729 1001 6189
1 2068
1 3957
4 7761 9550 1817 7624
1 3538
4 8640 6011 3517 4387
3 9460 5069 3510
1 1862
2 4253 4043
2 2318 5241
2 5609 684
1 42
1 3506
1 981
41 2320 3763 2623 1096 3699 1127 3651 911 3212 3436 2045 1512 393 2586 579 1792 1383 409 3186 3658 2766 2108 2853 1331 4095 3375 3394 347 5365 6495 413 2534 3636 1516 1779 288 2973 4077 364 6122 1618
3 4464 933 9252
3 5951 2927 10000
3 6103 8622 3159
1 3915
3 2921 6321 8815
1 3694
3 3647 5976 4693
1 2238
1 2706
1 1087
1 1325
1 2679
1 3277
1 2288
1 530
1 2959
1 2096
1 1461
29 375 4052 3345 2778 3494 1505 358 2958 3227 3549 336 1945 1224 524 2236 397 3351 2770 3961 2716 2253 3408 2506 1812 2728 1892 2994 605 2947
1 411
1 3550
1 767
5 8512 95 7382 8846 5242
1 829
1 1958
1 987
1 3754
3 6386 104 4462
2 7482 3080
2 8239 3048
4 4254 5198 3914 9159
3 3306 8223 6677
3 6310 5166 1343
6 2983 2830 1569 2826 1479 2335
1 1303
1 1754
2 972 8671
1 1162
1 2757
1 2818
1 1187
2 3055 5226
12 768 2074 1677 328 1902 11 533 1937 3660 1326 3119 930
1 3424
1 1243
1 1403
1 3798
1 3068
1 1083
1 2832
51 3 1995
30 1 6316
79 2 4847
53 3 8604
46 2 2284
50 39 699
93 1 2891
20 60 3701
82 1 6202
43 1 3822
98 1 2840
86 1 7726
94 1 8559
34 1 4120
38 1 2528
72 1 4145
65 1 2449
4 1 6276
47 1 2127
37 1 7748
64 1 4008
53 1 2633
91 1 881
24 2 6984
61 1 7587
86 1 50
21 1 8147
19 1 9037
20 30 8315
66 1 494
39 3 5890
12 1 6099
76 1 1744
28 1 652
20 6 794
93 11 4272
27 1 8831
37 1 939
71 1 7931
27 1 708
44 2 583
81 1 3281
33 1 1290
4 1 6036
79 1 8217
69 7 6038
45 2 3768
28 1 4745
93 7 7814
19 1 3417
84 5 2374
8 1 9257
90 1 2988
96 1 6068
31 1 9182
31 1 1396
83 3 6819
62 1 134
38 1 9654
17 4 2713
20 65 635
79 1 8154
2 1 3750
57 3 8683
13 1 4613
25 2 2287
41 4 2294
97 1 7493
45 2 2831
82 1 9945
47 1 1950
78 2 5697
67 1 7657
72 1 3470
38 1 1053
25 2 512
51 2 3160
97 1 8209
6 1 8985
27 1 2894
84 2 3372
11 1 3206
73 1 4359
1 1 3859
71 1 3525
58 1 2789
45 1 7474
31 1 7924
44 1 3167
37 1 4814
98 1 8852
17 1 168
84 2 9196
78 1 9541
8 2 1185
48 1 7534
90 1 2560
10 1 2579
54 1 5532
30 1 3682
