100 100 100
6576 1760 2641 3262 5523 2013 3217 1314 2348 5413 2037 6159 5181 3218 4462 6168 5431 2507 455 2176 1694 228 568 2807 4159 3453 708 5331 1906 4445 6286 1063 236 3448 5267 1044 907 510 4169 223 4407 6001 1329 6263 2090 5556 5903 4774 6450 4006 4691 1579 3418 5354 557 2367 3404 975 1721 5277 1386 3994 3845 2230 5967 4298 6342 5336 4081 6510 4900 5207 4452 5399 1710 1169 2767 2281 874 274 5406 1316 705 4204 1626 1060 58 2338 2630 4894 4541 987 3614 3933 490 4521 879 1002 4538 4068
2 5364 67
2 1894 1927
2 5075 1909
2 5595 4075
98 1384 1612 1469 4682 357 5504 5132 4628 802 4664 4588 5922 2621 2254 3483 6258 4419 3149 5925 1837 6508 4788 4318 1803 5515 4790 5842 4948 6402 4261 696 2917 5155 2153 3327 4355 284 3158 4518 5 6424 3600 5408 5242 1252 4433 467 1617 2228 6325 1194 5893 4743 3803 3927 3595 1333 729 4090 2089 5938 4455 1888 1190 4012 1318 3942 2836 4631 5053 751 4968 5019 5978 4577 3147 1076 2143 2297 3444 5120 246 2577 5015 1242 1010 4371 5765 2722 841 3866 3873 6540 4890 6220 3824 917 5080
98 677 2947 5232 1966 1093 1034 6498 2194 657 6574 2791 4117 3062 3598 1826 957 1513 1738 3215 3890 5278 3569 3574 1282 3628 2905 5453 3717 1813 3816 6485 3137 3399 4561 3010 732 5576 2017 107 2060 1787 1545 4043 6032 2168 835 108 3132 2318 6076 5186 4861 5606 3982 4167 5315 224 6008 469 6386 955 6253 1655 770 3725 2025 1637 4492 6457 6255 2307 656 383 6028 5189 3175 6331 6004 2057 1346 61 1068 1625 2765 4829 297 6177 4920 5677 5517 569 2294 4391 26 3191 4922 3180 6388
2 1475 5085
2 4364 1339
2 4333 3781
2 1659 5683
2 513 3724
2 4698 1854
96 5669 4595 2777 3836 4889 6138 5280 4824 630 5853 5993 209 4565 4432 5356 862 16 1905 3619 4475 845 5635 6363 4175 5997 5855 1964 2613 1366 2263 5533 2233 4904 4042 4402 832 1020 1045 323 4249 5588 4231 2719 1993 709 2386 578 5929 4762 2563 4143 5981 4337 2972 724 415 1576 1134 4942 5018 2158 967 1480 1764 2869 6024 4121 4543 2958 5904 6406 760 6245 5748 1050 1454 374 3436 719 2941 2511 5302 2066 6217 4385 5984 6490 6167 731 2856 3888 1488 435 3860 2347 4257
2 3604 1781
2 2975 4301
2 2718 1749
2 3722 3796
2 370 242
2 2938 4388
2 2275 4694
2 3007 5294
2 3330 544
2 5248 4162
2 211 5187
2 3854 1707
2 3499 1295
2 5102 961
2 2438 1558
2 1272 4987
2 5991 3243
2 5058 2174
2 1652 6233
2 2221 9
2 1103 5596
2 2508 1917
2 5689 2675
2 123 5073
2 3995 946
2 5780 2899
2 5678 3818
2 5592 2500
2 761 2646
2 2036 1679
2 694 2671
2 5757 5811
2 500 2875
2 1495 3710
2 5931 4089
2 4964 340
2 4158 5777
2 5253 560
2 1182 5935
2 906 4893
2 6106 555
2 6352 3547
2 1024 4352
2 2648 4144
2 3179 3429
2 3514 5627
2 891 2351
2 4456 315
2 3088 2979
2 106 3544
2 6434 6157
2 4657 3746
2 749 46
2 5031 2354
2 1780 5385
2 981 4339
2 2384 5401
2 3131 3405
2 2440 4284
2 2914 3974
2 1907 5693
2 670 481
81 219 3965 3867 1938 5281 2422 5191 277 2538 889 2044 3288 1528 141 6 2509 327 723 6411 3438 4047 4100 2299 6191 1829 1193 1586 2987 3998 3349 5755 2436 4960 5423 1143 3248 1898 275 3039 2549 3877 6105 3661 4320 3013 66 6459 3014 3148 2687 63 3898 2355 5653 3932 5867 1011 854 4217 576 3207 2453 5157 2469 2649 5715 2931 1041 1434 1868 6293 3784 1351 5998 336 5310 5792 6332 505 2249 1467
80 272 4520 5641 2365 3908 6453 2311 5396 2346 4828 2381 2312 2992 1420 329 654 5249 6150 6092 2916 4128 4692 1445 4990 2808 5174 938 4576 3201 4985 4840 3298 2928 6541 5948 1380 1982 5557 1432 1525 2114 3733 1841 1261 4837 5338 368 2433 6433 2788 3203 5264 2834 3164 4413 4118 6553 2724 2594 4941 1719 1595 1852 2906 4528 5584 2442 178 5926 6491 6038 1807 4448 1827 1882 5707 3415 1876 4434 2716
2 1779 6292
2 4578 629
2 4566 1075
2 2520 2295
2 1310 1818
2 718 1162
2 4704 4109
2 3577 1962
2 402 4589
2 3377 2634
2 3129 5149
2 414 4222
2 983 1616
2 3369 1338
2 2702 927
2 842 172
2 1337 6380
2 2887 184
2 3960 5043
2 1820 4372
2 3875 6492
2 3237 2196
2 3967 3901
60 2 8555
83 1 9895
93 1 7395
72 1 9233
92 1 7352
88 1 7805
41 2 9539
45 1 9947
93 1 6988
52 2 7264
31 1 8072
12 1 9229
11 1 8249
77 75 9769
83 1 8938
50 2 8665
95 2 6579
6 26 8609
28 2 8904
22 2 7132
90 2 7149
51 1 9721
56 1 9616
44 1 7981
44 1 8619
80 1 9532
49 1 8280
11 1 8360
18 2 7828
52 2 8847
89 2 9820
14 1 8247
86 1 6887
82 2 9897
39 1 7621
47 1 9943
81 1 9848
23 2 8997
100 2 8334
68 2 9649
29 2 7485
30 2 6877
28 2 8719
24 2 7515
33 1 6733
32 2 7005
51 2 7536
67 1 7600
29 1 7417
84 2 6864
97 2 7350
92 1 8952
42 2 7383
84 1 9644
23 1 9884
61 2 8634
61 1 6829
9 2 9809
79 2 8602
42 2 7704
90 1 8314
3 1 9862
100 1 8251
3 1 9494
93 1 9810
33 1 7594
29 2 9779
67 1 6794
43 1 7411
34 2 7441
54 1 9559
98 1 7268
57 1 9444
15 1 7670
14 1 8977
48 2 8383
44 1 8493
23 1 9849
61 2 9770
69 1 6675
42 2 8007
78 2 7322
89 1 6865
76 80 7618
66 1 7348
70 1 6827
84 1 9211
97 2 7282
55 2 8412
31 2 8533
35 1 7777
62 1 7446
53 1 6695
44 1 9433
81 1 9902
43 2 7595
42 2 8529
7 2 8697
92 2 6926
47 2 7912
