100 100 100
5969 4008 359 481 2237 4229 291 7605 7925 6333 3535 8264 3672 904 4491 859 1825 223 4329 505 1116 533 2398 3411 482 4686 1103 4197 844 5324 1513 4232 1701 5640 6897 2844 4319 2815 4035 7103 9233 3693 50 7074 1104 9741 9440 5948 5232 4844 2624 5849 2147 1814 5799 8198 4009 1897 2366 2733 863 2115 5106 1050 1573 3152 377 2980 3312 5802 5400 1820 1029 8512 4211 3447 4796 2517 4743 1804 2885 4694 9406 3778 3172 28 5237 2500 7362 9967 6643 1073 2859 3262 3884 7079 5921 7623 5414 9872
1 257
81 733 2817 4315 3678 3227 117 1851 5360 3919 4200 2630 1713 4654 5160 5073 5718 2321 2343 390 864 3377 5027 5858 1561 1694 2120 1107 442 1138 3640 3579 2604 3012 4387 170 1322 2863 2884 3020 823 2348 4782 5446 4149 2766 4206 5889 3590 2455 1528 3536 334 2171 654 2737 968 3123 3735 4282 5434 5168 5109 3686 4851 2346 1894 793 3032 5788 5855 2011 1684 4590 5930 275 4733 2583 3743 1732 447 3479
1 3466
1 1789
2 3404 8980
1 4812
1 700
5 7398 9264 1039 6430 8183
1 2083
1 209
81 4667 1745 2791 1731 3532 2689 2063 1030 2879 2068 647 677 5205 152 5386 879 3900 2310 5024 2021 4135 2570 3781 2184 378 4205 1852 4353 2626 2600 2744 4789 3184 2861 8028 455 5357 299 1895 5448 4336 1945 3060 2552 5202 803 369 3653 970 4710 4356 1072 2195 685 3429 2810 2081 4507 3538 4065 5701 2397 251 3687 1297 1655 3952 3018 9863 2954 7490 1370 4462 881 2189 1890 1770 1414 90 3770 5566
3 8981 6683 4724
1 2179
1 2245
1 1854
3 8666 9516 5305
1 688
81 5150 3049 5262 5269 367 2971 9728 3354 2769 2055 1231 4516 5871 3810 4749 4306 3559 303 4750 4690 2981 2828 1839 229 2616 3646 1194 1289 166 1855 2389 5809 4901 3715 2254 1123 5687 3286 2686 3887 2736 5537 3657 4517 3333 4167 121 3250 4078 5322 782 451 3771 560 4961 2109 2835 1024 724 4196 5301 1611 476 1353 1761 5846 1038 935 2434 1445 264 3872 1106 5765 3277 1393 1061 1816 3658 1060 676
3 6775 5700 7721
6 7399 3464 6881 8889 6259 6827
1 1295
1 3119
1 1911
1 2985
1 1521
5 9291 6460 8096 9092 4114
1 1653
2 6263 2497
1 5293
1 2805
3 9664 1952 6603
1 1535
2 3591 8629
2 4745 6707
7 8905 5493 7061 8215 6895 7213 9632
1 5093
1 1788
4 4732 7831 7559 6197
1 2214
1 830
1 2113
2 6705 1388
1 3303
6 9840 7175 9718 9729 564 8448
1 4641
81 5151 3745 5801 262 3253 4178 4701 2525 5369 2373 3582 5865 4942 1580 1136 4563 5530 1205 3030 3757 4617 1503 3828 806 3154 4238 1887 466 1712 5397 3120 4673 0 4411 1502 540 1530 150 3436 820 5553 4188 5696 1867 9457 4912 1693 5864 5116 2246 846 5325 562 5924 1607 4656 271 799 5795 589 3920 5638 1778 2460 3518 588 5744 4376 4476 485 374 5351 762 5831 1976 1434 1094 1959 477 1964 4404
6 8979 8190 5389 9799 9694 6368
1 1105
1 931
2 3281 8637
1 4216
3 6670 2049 6040
1 54
2 6034 5955
1 3630
1 5750
1 4578
1 726
1 5134
1 2117
2 2611 6632
1 4672
1 3618
2 6284 1850
81 2199 1412 331 2376 4245 4340 1230 1683 2447 3205 3385 5909 2298 5747 1120 2163 2579 2323 3288 355 2218 2660 973 1298 3682 4592 164 2939 1306 5645 1893 3550 3979 3597 488 5883 1261 3297 5031 2697 2353 530 901 4123 4999 3684 1511 2778 627 265 5266 835 1581 4022 2211 1088 843 3158 5374 495 1873 4746 1921 3957 3160 5059 3581 4088 183 5313 1004 4265 174 5555 4341 3445 5686 5481 1624 4607 4716
1 3163
1 2547
1 1567
1 1086
1 4121
1 4640
1 5310
3 5323 6261 9076
1 4692
1 1587
3 5331 8419 8098
1 1272
1 3568
1 1772
1 1274
1 888
2 403 9069
1 1600
1 1496
2 4027 8706
3 7217 6784 1407
1 3768
1 3997
1 4837
3 6803 8020 4357
1 4155
1 4366
2 4972 6631
1 3093
1 1797
2 6673 3808
1 854
3 2253 7395 9619
1 4090
3 6574 3971 5997
21 1 153
16 3 9259
96 2 5427
10 1 7360
30 1 1422
67 1 5757
81 1 8567
19 3 9491
61 2 6938
47 4 2957
89 1 4384
35 3 6363
76 1 6458
39 1 7530
6 1 7644
72 1 7860
85 2 6701
19 2 7602
3 1 6561
89 1 5307
79 1 7240
80 1 3486
38 3 3073
88 1 75
7 1 4040
81 1 8871
86 2 5359
78 1 2300
42 2 5770
53 1 3905
72 1 2062
3 1 9395
97 1 2550
28 1 9402
85 1 3834
63 1 8411
46 55 4420
12 2 4923
78 1 4772
25 1 5347
38 1 6751
62 1 2059
38 1 7794
36 1 4742
27 1 6378
45 1 9980
77 1 5063
68 1 9292
50 2 3023
49 1 2168
18 9 3570
84 1 5050
92 1 6359
24 1 2742
26 1 4878
63 1 7207
74 1 6925
18 3 8558
57 1 1664
50 2 9972
84 1 24
89 1 6380
20 3 8386
3 1 3190
11 55 7533
72 1 5395
98 3 7619
16 3 9205
1 1 1192
2 75 3612
100 1 7042
42 2 1942
41 1 5361
48 1 8079
53 1 2597
12 2 2700
71 1 8484
2 78 9217
15 1 6336
52 3 9758
21 1 4003
74 1 6274
23 1 8104
91 1 8239
96 2 1879
84 1 9948
9 1 5905
2 40 232
17 1 3882
40 1 828
65 28 6767
71 1 4626
91 1 4365
56 1 2432
3 1 4884
3 1 6711
87 1 5519
91 1 9318
33 2 4407
95 1 9072
