100 100 100
4271 76 354 3412 3830 1514 2455 5168 4445 88 3902 6589 2293 7614 2710 78 2767 3781 3813 3007 3159 17 3682 482 996 3005 5482 4997 3541 2797 4196 2420 684 2446 1973 4199 7711 3932 2513 93 3016 3783 2521 2218 8305 2097 9338 7239 1257 3978 3001 2667 1058 2407 2580 156 2674 1950 2939 1006 312 3451 262 1530 2505 5172 3980 1687 9160 98 3808 3703 2213 3224 1634 3207 2180 1213 896 3804 1250 9984 2191 1599 5066 3140 2111 4044 2649 2629 281 6428 594 6771 5267 2297 6639 8760 4550 3597
1 74
81 3404 405 1399 4200 3162 3476 1496 1431 12 958 3150 949 227 1611 3422 1363 805 125 3318 2299 3914 4076 3574 1500 3457 2682 3241 744 6044 2075 2448 1442 1311 3104 1885 3242 1241 3116 1666 1463 198 573 4245 3838 1662 884 826 2758 731 868 2037 609 1887 1874 2362 1220 4025 860 369 1762 3441 2540 2508 1012 53 2688 3625 58 754 3331 757 2949 1147 2876 2370 1946 271 2832 2320 1979 3313
1 1581
4 2424 5988 6238 9611
1 2557
1 1741
1 1456
1 1844
81 1234 3996 2137 2166 1748 1931 3173 3956 3308 1815 433 3195 2763 2744 1367 3030 3511 2583 474 2689 1064 811 1401 1219 3161 1888 2136 2363 4072 1645 1602 1606 3074 622 2684 981 2119 166 1060 3367 3569 1864 3218 3846 3802 1237 3210 4262 1780 2849 1433 2118 2643 3469 1344 605 333 376 133 3067 4163 1469 2602 1016 1082 1807 3884 3774 1357 4003 2110 195 3078 2718 1448 2185 2413 1295 3821 1485 211
2 704 7139
1 650
1 3742
2 2451 9400
1 4247
2 5253 454
1 3413
1 966
2 6396 286
1 957
2 4466 2759
1 259
81 4063 423 553 1238 2585 3291 1106 1244 2115 73 331 3077 556 3869 1998 2645 3960 1430 3340 1937 3633 4051 1249 791 2279 1010 4201 1779 1043 2035 3373 3820 1603 3769 3632 2700 956 665 2553 2703 762 3713 3024 3415 2657 2190 3372 4191 768 2314 265 1588 4156 1426 772 2143 660 864 1411 2093 4218 3986 2339 736 2159 1065 4102 877 2691 3191 2252 3984 1194 1731 3842 2531 2646 1437 846 2626 279
1 3114
1 2340
1 4074
1 2434
1 833
1 3056
1 918
5 7419 7077 1164 8843 5040
1 599
2 365 8756
1 3433
3 5884 398 7616
1 1439
6 5670 9517 6300 1379 6852 7859
5 317 6162 5155 7106 4883
1 3718
1 1468
1 1620
2 5505 499
2 7694 2529
1 3841
81 3420 2756 2873 2332 3558 4248 4251 1221 3726 2964 1511 1631 4197 2221 3423 607 3153 496 2768 1070 3529 1594 3091 431 1550 2357 2607 1790 3640 1178 813 1472 621 3552 810 2472 983 3436 2894 1036 2663 3911 43 2539 2401 224 1480 4029 15 2305 3485 2534 4194 2622 3136 251 789 848 1329 941 2474 1253 1938 3845 3402 897 647 3506 4146 3186 3832 2747 1643 733 2661 2543 1159 606 1757 504 3197
1 4183
3 154 5803 4790
2 1157 9840
3 9016 1940 7378
1 1166
81 4198 3787 1050 332 409 4255 1039 1078 863 2421 3065 2450 2368 3131 9 1712 2582 2676 357 693 2288 1877 2094 2126 2296 2965 2139 1571 3788 2244 2010 2437 3444 795 3595 895 1897 494 2686 3395 2312 2438 3811 3050 4066 3296 1933 880 266 1397 3447 4069 2984 3936 3096 682 2324 3010 3298 3886 1683 2205 277 1526 2418 3608 1908 434 1680 1230 1589 3714 649 2881 91 2377 2509 2001 1598 683 479
1 2869
2 1916 4805
1 3950
3 7621 4084 4372
1 3695
4 4522 9602 8034 1730
1 3123
1 3229
1 2412
2 8560 2903
1 3283
1 477
3 6956 1296 6762
1 2773
1 441
1 3037
1 2330
1 2955
1 1126
2 8204 2287
1 1327
1 4077
1 761
1 1833
4 8185 3888 5220 8733
1 678
5 9113 9418 4116 9059 9851
1 2128
1 1769
1 1325
1 1190
1 28
2 4109 6194
2 9137 3855
1 3691
1 2572
2 4837 3586
2 5514 3923
3 1174 4786 6827
1 4113
1 2148
4 9878 8623 1857 5686
1 2778
1 106
3 4011 9964 4457
1 2595
4 2164 7602 9421 8636
1 1493
1 2375
1 25
58 1 8929
65 1 9053
86 1 5858
92 4 3500
32 1 9610
61 1 8564
18 1 2048
80 1 4912
3 1 5597
8 1 4444
47 2 1619
41 1 3619
5 1 4285
54 2 7432
65 1 710
76 1 5606
4 1 5386
40 1 6784
76 1 1055
33 1 7107
6 1 7874
68 1 9488
4 2 886
28 1 4844
12 1 7293
18 2 6524
46 2 2829
23 1 6354
9 31 5830
95 2 1251
63 3 3084
50 27 4776
22 40 4593
80 1 3266
4 3 2326
16 1 9166
66 1 7577
52 1 5991
70 1 4121
88 1 3867
86 1 1239
91 1 9696
94 1 7204
75 3 1883
29 1 4316
7 1 9221
78 1 4580
63 2 6301
59 1 7841
66 1 2566
30 4 3639
39 1 7655
22 38 5317
26 1 9911
34 1 2356
84 2 9052
18 2 2810
68 1 1491
72 1 6216
12 1 2170
44 17 8492
73 1 5394
73 1 1964
62 1 4684
87 2 6243
72 1 3172
19 1 9271
59 1 4174
3 1 45
39 1 1206
4 3 8651
55 1 7362
41 1 9377
45 1 9490
45 1 1162
49 1 8497
36 6 837
23 1 1283
82 1 6803
47 1 9332
84 2 3918
19 1 2175
6 1 3871
72 1 7449
5 1 162
85 1 6127
73 1 5280
35 1 4414
2 13 9928
76 1 7409
94 1 1926
16 1 781
34 2 8587
91 1 532
60 1 456
23 1 9671
60 2 5495
57 1 9913
3 1 7723
26 1 157
