100 100 100
5802 2856 2473 3038 2910 1595 1823 5491 3506 3901 1780 4842 535 413 4081 4477 3379 952 2004 5290 2750 2480 3607 3802 4935 199 4701 1883 365 1041 4046 318 2419 2403 4550 5744 444 3715 1383 4334 1103 2985 2624 256 4424 3763 1607 2362 2513 2850 3699 1009 3403 376 3274 683 1807 5787 1973 2131 323 2228 93 3972 708 3334 1325 5126 4848 2679 4419 3719 2091 433 2962 2127 844 628 1215 4120 914 2132 859 3646 94 2456 4879 2823 4448 4202 2997 1413 4535 2356 228 752 2423 4280 1772 1770
2 5601 5188
2 4052 2479
2 4412 2707
2 5560 4097
2 1359 4998
2 2668 3937
2 5082 579
2 4225 2210
2 788 324
2 4607 3511
2 1271 681
2 2058 1182
2 5772 3780
2 4017 5061
2 2629 4736
96 5532 5509 3413 3856 3024 3289 3800 2737 478 1219 3584 5227 5217 2555 2322 5706 3879 3853 4145 5254 676 959 3898 1189 1004 2021 5130 4062 3582 1402 162 4308 5023 3592 4763 5783 2775 175 1327 4474 1138 2494 2600 2631 983 5402 4740 4071 4559 3461 2261 5155 4722 1802 687 1345 5302 4612 2209 506 805 769 4007 537 5027 1296 3874 3657 4676 601 4546 2590 902 1060 3192 1008 1414 2298 5629 83 4647 3440 5638 334 3230 2076 5074 1804 4343 3339 3053 5236 5051 3725 1017 4158
2 970 4378
2 2863 2621
2 5632 5042
2 664 167
2 2929 2380
2 5567 1974
2 359 2711
2 2983 5583
2 2586 319
2 1738 1863
2 4099 2623
2 5731 2110
2 764 858
2 4151 876
2 3571 3798
92 3462 3304 5328 432 4669 5380 524 736 2032 5711 4349 118 32 4509 2465 3683 1146 2659 5498 3566 1002 1739 2160 5634 2881 948 21 819 2678 1698 4361 3605 2652 2142 1636 4528 1449 4504 2821 763 562 542 1735 1563 2003 1101 533 4773 1788 3133 5445 477 977 803 131 3713 5529 4023 3825 2273 5117 5228 1084 3792 5132 5010 482 544 4751 1940 3056 2 871 5161 5088 2871 5158 2085 2454 3365 2134 4036 2495 1088 2944 2232 5421 5579 5449 3475 4176 4142
2 1282 4606
2 5397 1397
2 4218 1208
2 4987 1235
2 2694 4094
2 675 5361
2 3290 2094
2 3747 1454
2 4551 5700
2 4133 2104
2 121 712
2 4759 2511
2 1299 5782
88 1319 3267 956 4453 1439 5553 210 234 4233 1076 853 5301 5716 2161 1945 3102 3848 3101 3868 4254 3788 3112 698 3297 33 1555 661 1136 5100 1724 3232 5793 1109 5258 4324 5536 490 1494 2220 4080 1537 2304 996 1541 2353 1069 2469 4425 4777 456 5219 5008 3940 3431 64 2811 314 3198 2529 2812 5578 4330 3099 4325 1209 4437 3756 3883 1398 1364 159 692 5644 5505 1501 5641 2300 2424 4750 2965 1411 3615 353 2275 4927 2502 1968 4381
2 773 1682
2 3627 957
2 995 1533
2 5669 3996
2 5695 4182
2 5495 522
2 5180 2792
2 36 3471
2 437 4575
2 1690 4784
85 3332 4336 4663 2282 3941 3031 1909 387 3527 1394 3300 564 4298 2744 3832 2124 4978 3364 2256 4028 1786 1516 2524 5059 5492 3860 4911 2461 1670 1983 2156 1692 501 3658 2989 3105 734 3039 1902 2239 5403 4795 4005 1195 925 3239 5280 4906 4059 4012 835 5501 2607 28 3518 5146 4408 5785 4578 552 1253 7 2948 1685 4643 5444 1091 1622 5323 5590 3819 4880 2733 3137 2121 2198 1231 3423 4180 4273 4588 3672 4134 4104 864
2 3357 538
2 2779 2194
2 5511 3761
2 1504 3156
2 4054 4705
2 3758 1882
2 740 3325
2 1712 4006
2 255 937
2 4004 5504
2 3539 4603
2 4599 2463
2 3987 2664
2 3828 3903
2 4093 3
2 343 3414
2 3310 1631
2 5441 1252
2 1502 1911
80 1964 4646 624 107 335 3733 2552 1068 492 4964 841 3050 4558 1794 541 1063 5322 3434 1848 173 785 4590 1799 1644 1947 3541 3476 1899 4095 59 602 545 3586 1634 486 3560 2079 469 1264 4534 2120 3977 5469 2835 3256 1046 4096 1930 1654 2177 4619 5353 1499 1885 4917 4820 5264 2888 2592 1157 3393 1731 5647 3410 4003 3328 519 1092 1984 3558 1238 4527 4060 3894 1980 1842 3684 3134 4186 4847
2 2276 1163
2 2117 3415
2 5597 4904
2 5753 5022
2 3352 5679
2 2841 222
2 3618 5329
2 3709 1418
2 5594 4889
2 4836 1225
2 3075 5428
2 2441 297
2 4563 2059
2 2343 3426
2 2306 1838
2 2048 4776
2 5356 5300
2 5159 3387
2 2700 4045
2 1703 5278
2 1498 4923
2 3855 3564
2 3207 5743
98 1 2193
70 1 8681
87 2 4553
62 2 3841
81 2 6776
39 2 3851
93 2 2477
78 2 3010
4 2 3152
72 2 6279
82 2 6106
22 1 7217
23 2 4118
16 32 8710
25 1 9843
24 1 4344
99 1 8059
32 40 7973
92 1 3691
8 1 1248
68 2 9808
17 1 2139
28 1 1311
95 1 5497
49 1 4953
25 1 4305
71 1 3813
68 2 4916
71 2 9228
84 1 2202
72 2 6125
18 1 6566
43 1 8259
61 1 7652
56 2 1767
34 2 6687
41 2 2525
95 2 4748
65 2 5845
77 42 8829
15 1 8014
29 1 6297
27 1 8966
15 1 8463
86 2 6807
14 2 4874
1 1 9104
67 2 9683
11 1 7071
13 2 5762
94 2 1506
80 1 7041
52 2 6507
91 2 4002
11 1 6942
36 1 2656
15 2 1890
27 1 2647
89 1 4678
36 2 5701
85 1 2566
15 1 7388
94 1 5167
61 2 6145
18 2 5517
88 1 6267
99 2 695
14 2 4388
75 1 3573
14 2 3432
89 1 6980
62 2 8264
87 2 3986
17 1 1869
3 2 8580
77 8 6862
66 2 9781
91 1 3810
56 2 3108
36 1 3040
68 1 2364
45 2 4577
33 1 4115
66 2 9325
17 1 5327
53 1 7126
30 2 7715
95 2 5173
26 1 7871
41 1 6576
41 1 7340
97 2 9906
94 2 262
32 4 3534
78 1 4950
58 1 1758
25 2 8602
35 1 7480
60 2 8146
27 2 6082
