100 100 100
3829 2913 7689 618 5806 3044 3058 1476 3134 5708 7364 3416 3025 2206 2297 2908 236 3654 13 3814 441 295 990 2809 443 2103 457 2387 696 7896 7556 2292 3675 9137 1581 3631 1685 79 3227 2079 975 1165 2354 944 866 3530 772 3243 1972 1956 1535 1805 2338 7641 1556 3791 3304 651 2819 890 3001 3045 3267 5829 1250 1959 776 2417 1609 2914 483 199 2431 2045 2196 1993 2455 2678 2669 1653 2476 2887 1899 874 3120 951 6516 2598 4111 5443 1361 7055 3054 5200 1058 2546 2890 3732 746 244
2 4716 3130
4 4521 5617 1062 5363
1 3774
1 1696
1 2012
1 2561
1 1303
1 2952
1 131
2 3125 9368
1 2585
3 8414 7795 1460
1 2310
1 1840
3 4646 6363 393
3 3842 8777 1271
67 3794 2235 2016 1908 1601 458 1022 854 374 1161 2058 2699 3363 2717 3062 105 3273 4698 1846 3440 2810 2019 3674 1198 935 1047 3445 2518 11 865 434 3306 2272 3454 299 2250 919 3316 2024 3246 1261 2869 2732 2415 2856 3496 1788 2725 1018 143 1549 1333 1728 786 1902 2815 91 125 3048 2674 409 3509 1898 3595 3538 378 531
1 3481
1 1267
1 2307
68 1363 3191 566 300 1889 2023 774 558 1413 176 2059 2976 3523 162 2139 976 1599 245 1369 2009 1850 2572 2577 3310 3110 1896 3724 3028 1786 253 375 3059 74 2173 3828 2063 50 2361 2568 1486 1593 4841 1096 2977 1181 3117 3520 61 3205 759 3608 1719 1029 2566 6206 2370 1328 973 2025 588 2835 2333 1070 2911 1055 536 2739 3346
3 914 8810 5701
1 3605
64 2730 640 1010 252 2444 824 106 1449 1123 285 561 782 1056 2490 3320 1477 353 140 2970 2628 2277 1150 1926 2376 148 2639 1068 1195 1101 2069 360 1841 3082 2510 297 3637 513 2660 2179 3261 1002 2325 1994 2880 3211 1126 2300 1446 231 1347 3224 1870 3281 675 2825 2262 1231 3003 1059 1867 45 530 1624 1368
5 1166 5056 8559 9096 5140
1 1780
1 2076
1 2506
1 3591
5 4938 984 5756 7347 4256
1 3488
4 4869 4404 6395 2337
1 2386
1 224
6 5615 7927 3534 5637 9041 6012
2 195 6890
1 1563
1 1851
2 4014 3014
2 4391 2918
1 1299
3 713 7554 5278
1 1210
1 490
1 1419
1 410
1 3517
4 8100 2838 6326 6314
1 2043
2 7311 1890
1 2263
3 709 8025 7579
1 880
1 1422
3 6184 218 6835
1 3579
3 2961 6274 9554
1 2289
1 3701
1 808
6 2551 8022 7097 7779 6105 9609
1 797
5 3752 7801 8353 4323 5320
1 3060
24 134 672 2159 247 2198 2516 3011 572 2564 2053 10 3175 3079 1803 304 1705 3147 904 8723 3494 3812 1541 785 1770
1 978
1 2436
1 1167
1 1834
1 3737
2 8014 3077
1 329
1 298
2 6409 2906
1 3129
2 1080 5985
2 2448 5404
2 1508 6098
2 6963 810
1 3233
1 3112
3 7629 9278 3825
2 5608 913
1 2951
5 515 6429 5260 4964 6368
1 856
1 2028
1 3782
1 159
1 3324
1 3621
2 5030 3209
1 86
2 4848 523
1 2408
8 1307 7923 5994 1589 3808 2006 3685 2666
1 853
1 1948
1 957
1 2041
23 1 6889
57 1 4721
29 1 8375
16 2 731
82 2 2851
21 2 9250
57 1 1678
99 1 3838
100 1 7884
1 1 3007
54 1 4417
70 1 5995
35 4 646
60 1 8393
2 3 8630
25 4 1857
32 2 1499
29 1 2830
13 1 4012
25 2 1968
53 1 3877
83 1 2784
70 1 1715
69 1 9417
92 1 2843
38 1 9496
70 1 6111
46 1 6722
93 1 7986
97 1 7490
82 1 1610
95 1 9964
49 1 9636
83 1 6507
16 3 4088
23 1 901
5 1 5188
70 1 835
89 1 5511
20 1 6290
81 1 6047
37 1 5666
20 1 891
36 1 5262
79 2 9620
12 3 5548
81 1 3240
80 1 7361
58 1 5610
81 1 4301
60 1 2832
55 2 5594
51 1 9310
98 1 6684
54 1 272
92 1 8879
21 50 7675
3 1 9393
3 1 1379
14 1 8096
70 1 8721
70 1 307
62 1 6830
7 1 9184
57 1 7758
30 1 1512
57 3 764
55 2 608
49 1 3474
12 2 2445
60 1 5373
34 1 4275
54 1 4723
76 2 1241
50 2 8312
84 1 3847
71 1 2621
47 1 9447
85 1 7424
67 1 9186
31 1 9578
66 1 6007
40 1 2073
77 1 9203
27 1 5722
76 2 7278
70 1 5602
95 1 1790
56 1 9104
61 3 1566
48 4 1107
42 3 462
82 1 9847
100 1 2612
33 1 8986
80 1 3817
15 1 1184
80 1 5941
34 1 2366
71 2 9990
