9 503
7 1616
70 917
16 764
3 652
1 994
2 1427
5 1762
14 1989
4 1824
59 924
8 821
17 649
96 1894
84 280
25 830
120 1165
11 1103
15 1430
13 329
10 907
142 73
35 874
141 1401
155 787
61 720
12 1769
19 769
6 440
23 1971
18 26
22 259
33 899
26 1086
20 1091
157 1588
36 237
32 559
64 1131
27 1879
43 1023
44 742
66 1419
163 362
190 753
45 1735
219 354
71 1032
40 135
21 1504
68 1903
30 319
38 732
48 1119
199 1438
31 395
79 82
47 956
240 554
87 1092
50 1847
65 1040
89 591
83 157
29 1977
37 1261
34 1798
69 867
102 164
262 1178
92 1381
39 1638
109 1456
51 588
67 749
119 1724
223 1118
97 89
24 455
42 32
52 1688
85 763
100 1428
86 614
53 232
290 1771
326 1457
88 1196
105 484
115 1477
108 453
55 1028
106 338
126 856
125 40
95 930
107 290
56 608
161 633
274 1235
58 1195
128 1656
179 1366
150 425
72 1940
175 1318
176 344
292 509
28 853
302 150
73 979
318 1406
173 1512
77 1886
78 314
180 74
41 1983
182 858
215 306
221 1352
339 1270
241 802
134 1591
348 506
90 159
193 1395
349 79
358 223
99 1979
129 1597
103 1407
138 1787
46 837
135 811
227 57
246 580
376 1009
231 792
392 658
60 1617
49 1522
62 321
54 1627
57 894
197 1179
399 914
422 989
253 300
143 827
151 1933
401 1361
154 1074
81 481
159 58
236 1759
158 1485
254 389
93 545
63 898
74 850
160 1141
94 1574
98 508
82 165
238 419
421 424
237 1054
75 670
280 1020
104 1950
423 881
164 627
139 1623
76 770
80 464
242 1368
284 1775
162 713
91 935
113 1718
301 1159
202 1533
101 470
306 187
118 1288
320 204
288 535
185 174
297 41
354 1704
427 849
186 1711
210 968
110 659
212 120
270 221
144 1386
198 421
224 106
293 823
435 842
442 833
114 1291
453 1680
243 1857
384 31
133 1614
147 1545
145 567
111 1552
304 1635
123 1691
309 86
447 242
203 1862
214 90
152 691
149 1460
403 1227
218 937
124 911
130 1425
153 1323
112 125
335 1864
405 757
448 1744
419 674
225 835
234 137
166 1183
116 1982
271 814
117 1304
450 111
282 1033
178 1789
346 1011
484 617
308 1035
498 10
434 582
204 335
444 1024
132 774
458 1437
260 1827
509 1070
476 1505
547 961
310 76
137 436
480 1232
483 865
167 1668
501 1883
121 324
122 1319
281 1127
324 631
140 838
184 1265
351 594
187 7
446 398
146 1168
127 1497
131 996
316 1405
285 133
148 483
327 270
244 1346
289 1549
248 1203
169 462
188 738
454 1244
563 93
460 1182
296 1198
337 265
580 1083
353 971
255 1611
355 1998
170 1364
172 679
468 1740
328 1657
256 1503
493 1925
209 872
257 1850
211 169
136 214
518 600
616 1761
383 1900
189 1161
299 1129
526 358
617 1999
156 767
259 1256
628 1831
629 1128
528 108
369 1354
330 1576
546 140
165 1954
572 563
300 524
338 1220
375 824
261 883
385 629
226 48
688 1763
343 1001
239 957
377 623
305 1382
437 954
263 568
247 199
631 1813
549 296
357 1854
466 1890
727 745
267 170
168 463
171 289
469 828
561 1112
599 478
756 1138
265 37
273 476
174 1596
177 1904
276 409
286 1966
195 517
391 697
298 1968
697 1655
394 1755
762 746
361 326
315 1969
771 590
317 1212
541 1344
710 263
607 1327
363 332
181 534
200 233
319 558
712 162
340 1669
414 1264
397 998
742 780
465 141
527 1433
183 275
191 737
313 1039
192 1861
194 336
201 743
630 1667
344 1446
279 1756
220 349
809 186
350 1314
404 812
634 1188
586 788
408 1880
228 696
323 1911
811 654
826 1800
588 1951
649 977
196 450
745 1026
413 541
637 251
747 3
229 64
230 1822
429 327
294 247
827 916
325 1197
645 301
832 919
205 864
206 96
529 2000
647 166
660 854
857 532
864 1097
785 234
232 1757
431 1764
654 1559
331 945
812 1376
543 340
207 1860
356 683
690 643
548 1286
332 1358
359 647
378 1018
208 1615
439 1317
821 1494
837 585
426 736
213 980
360 1336
881 1921
451 397
249 1727
845 1255
661 1630
888 1367
664 498
550 1754
216 1149
853 687
902 577
868 1280
217 447
935 1751
948 1994
443 28
674 521
494 551
250 404
251 1701
870 1155
974 1440
222 969
333 1398
871 1295
565 1045
873 547
984 1308
685 657
264 1567
545 1842
877 1468
890 1222
698 1973
725 305
997 1988
891 1909
266 116
367 472
449 1073
703 711
233 1170
1000 665
722 561
268 1758
272 943
904 1851
235 325
589 1051
590 727
334 676
606 1400
638 589
275 603
919 928
569 1245
455 1281
461 877
646 621
733 311
1002 653
1017 1341
374 45
600 765
379 281
1023 726
734 1674
748 1882
653 862
675 266
949 1016
760 595
761 817
278 1513
336 1731
287 160
388 1106
395 1123
245 353
1024 1363
1041 1749
711 1410
959 1447
755 17
402 1737
808 258
342 1530
975 1378
766 25
471 772
983 1076
347 75
1047 207
816 981
730 879
765 1355
1053 1397
1057 846
823 1642
352 604
252 1692
602 1114
303 762
307 1454
603 1717
499 1586
312 926
407 1218
368 430
621 1293
428 857
623 1872
258 1069
1059 868
782 1483
799 218
842 1162
639 1716
1067 260
1090 294
269 167
430 1960
652 1720
277 1554
885 1666
1091 151
436 1214
672 457
1099 669
889 1072
895 692
991 154
441 1230
1101 374
772 1476
804 892
998 317
999 820
921 1399
824 686
314 1186
689 384
1022 1441
510 1458
693 1004
372 893
825 1062
699 1587
1027 433
283 1732
1142 1793
1031 1432
831 363
893 1087
524 1500
457 1782
459 1100
914 1791
924 755
969 297
373 1068
1032 469
380 1624
980 1464
382 1715
985 1049
830 1805
996 645
531 1721
539 256
552 1544
833 1416
1014 896
400 1543
406 1662
412 451
553 1524
462 638
418 1641
1173 1501
1183 471
918 717
1045 1908
1042 733
838 1931
291 1448
850 1057
420 1493
555 1595
713 682
1051 134
1046 878
568 1056
716 1331
970 1815
971 1698
425 328
1050 1865
322 531
578 962
341 410
1195 1589
584 516
1092 24
345 983
718 1146
726 1259
464 1172
859 579
587 650
739 1765
295 39
869 845
433 605
741 1770
972 1453
311 261
1204 1365
751 356
886 891
1215 843
445 632
597 861
321 1689
452 918
1055 1795
329 714
1003 145
759 1672
903 565
467 871
1223 648
770 318
911 66
477 944
482 304
1060 1609
1007 124
1072 1603
470 663
1267 1714
926 1017
366 766
473 1610
1080 1266
1021 385
1082 88
1065 418
490 734
927 1326
1108 1007
1069 528
370 473
1113 1228
1083 278
1088 1107
362 678
789 931
364 760
474 1465
933 1499
598 380
365 959
605 908
1295 391
1143 53
941 454
495 33
1103 14
371 1710
496 805
504 1021
475 131
478 303
942 844
381 573
1308 1478
960 955
1100 949
613 1779
1154 1542
966 1065
479 494
790 1426
1105 239
389 1486
615 1580
795 302
390 1506
622 70
1312 72
1106 1986
1110 8
485 1803
807 1838
1315 128
486 965
1107 1470
386 1694
1109 1422
810 575
1160 185
1164 689
396 921
1316 1436
839 1659
1320 286
1334 144
1125 443
1176 1806
1118 925
1335 1340
633 206
635 1469
487 212
841 1229
973 446
1178 1473
844 793
506 238
488 1661
1126 1213
847 677
1180 429
992 1602
409 487
651 343
1182 219
1340 269
1344 1042
1128 1967
994 1414
491 1384
387 740
1347 1582
393 29
1193 1268
508 903
1353 1302
865 815
995 339
866 731
411 1935
1129 958
1200 1733
398 1797
492 1852
1354 1309
1130 227
1362 690
1015 1211
1131 1019
657 1122
1144 1258
1201 1055
658 513
867 1335
1202 630
497 1257
520 1169
1016 388
667 61
415 1060
1020 1664
1203 923
410 1620
1123 1334
416 985
1382 333
670 1562
1163 869
533 1537
1026 1492
876 59
1127 1741
677 1434
535 490
1028 1892
686 492
502 178
1040 225
537 625
596 1926
503 966
505 646
1211 901
1385 112
536 831
1135 1676
627 1202
700 1224
1162 244
1220 283
788 1599
691 412
692 1848
705 1452
1043 196
1166 512
818 553
880 622
544 222
840 822
843 1978
417 1174
1169 1548
424 885
1044 1185
898 1962
706 393
1058 420
1221 1534
1226 1474
554 810
515 1772
708 1952
900 929
901 1242
1229 355
1165 801
905 1120
516 501
562 1036
906 526
717 982
571 1209
517 1956
1386 708
523 613
1064 435
432 1673
530 122
574 1685
1252 739
579 1678
438 253
440 786
532 1906
1253 161
1066 38
1079 569
909 1598
735 357
736 1324
1394 1517
582 1130
852 1296
1171 1508
1085 1307
1197 1658
863 406
1218 448
1257 1891
1233 880
1397 1649
1239 628
743 1558
1399 1555
456 1618
1086 1046
463 1396
1263 1538
1277 1936
1278 1970
1102 536
1293 1990
1400 1160
1283 1421
1299 1958
744 1650
538 1249
964 1913
472 1606
593 1193
1300 103
540 1052
594 65
1112 1551
1310 1080
976 94
601 839
556 485
481 1298
1415 829
1359 126
1417 1175
1174 249
1010 129
746 695
912 702
558 1444
767 1696
1303 52
768 1919
1422 1601
1184 241
784 1992
1115 902
787 1025
1196 1292
791 9
793 1671
608 1681
1365 1811
612 1878
489 1912
567 1333
1030 1981
1424 1071
500 705
507 618
1124 841
1132 334
915 707
511 153
1208 1739
798 626
1373 832
1426 1593
1375 254
1380 1300
1209 1081
1222 1914
1232 87
1037 583
512 91
815 105
614 179
1133 6
1134 1760
934 986
1429 267
828 1955
513 1828
575 1139
1136 467
834 1514
618 1719
514 434
1138 1462
1307 992
619 1221
1146 741
936 368
1430 1187
1435 1643
576 1853
1318 264
1319 1849
1052 427
636 1808
1062 813
577 1858
937 1916
644 192
581 477
519 413
1336 783
846 246
1350 668
585 1767
1148 819
938 1038
521 1034
522 932
1063 776
1355 252
944 1480
1073 1871
947 1573
1367 372
591 55
1441 639
1449 973
848 437
849 1370
952 47
1149 876
1368 81
1381 1166
1395 1963
1150 1722
525 641
1388 109
1452 1818
1078 1415
1241 1498
1389 1285
1458 35
1402 771
854 912
648 1110
1459 1192
1396 988
1246 1048
1408 816
592 953
954 888
1247 1823
1248 1670
856 291
1465 1695
595 213
609 557
1412 1923
610 1101
955 939
1151 1679
1434 1746
534 136
1444 710
542 1484
611 723
858 1748
1450 1607
1121 80
1440 1332
1255 785
1481 1351
1260 1466
1264 1625
551 1189
1265 1435
1490 875
1469 895
1147 1140
1268 870
1479 735
1271 975
1482 1369
958 1488
1152 209
659 1311
1250 1153
1493 718
620 884
1275 905
1153 240
1463 673
624 193
625 1424
1157 1993
860 1487
1158 1117
1504 1520
1467 1061
626 1461
1506 640
1483 309
1471 1553
557 803
665 744
1261 431
1515 211
861 1263
1266 922
1272 504
1161 245
640 1975
641 42
962 432
666 1029
1167 499
668 1942
642 203
1485 502
1279 1747
1273 21
643 1176
1172 104
1480 1941
862 1225
874 489
1492 1536
963 1190
1514 1581
968 1829
977 1377
1484 1098
1179 1637
981 1837
679 1700
559 1142
650 1709
1296 2
1280 1675
1516 1064
1517 1898
1301 1565
656 299
1186 156
878 1781
1491 688
879 458
662 548
663 1930
1526 1216
982 796
1519 208
560 1388
669 369
1289 98
671 279
1189 1965
988 101
1291 1137
1323 1729
1192 77
1495 1507
680 1997
1206 1079
1370 660
564 1233
566 1802
1531 163
887 1096
1306 155
1212 882
687 1799
1371 1490
1529 175
1372 210
702 415
1005 1413
707 215
709 5
1326 1889
570 1699
1011 1526
676 495
573 529
583 543
1501 1278
678 1353
1378 1920
892 1812
894 933
604 1918
1532 285
896 950
632 1626
655 946
673 1887
681 978
1502 1644
897 1561
1018 288
1509 960
1540 1306
695 1621
682 146
1029 320
907 507
715 666
908 1693
1327 341
910 1173
696 287
729 180
1544 1859
1545 1063
1547 85
764 1564
1403 1084
1548 63
930 1961
1033 1532
945 130
1416 1442
721 599
1575 542
913 596
1421 1345
1553 570
683 366
684 138
1512 1944
953 1158
1438 1272
694 1945
916 672
961 1957
1468 1387
990 671
1591 634
917 1578
1600 423
732 556
1025 544
1513 15
701 624
1038 540
1332 1299
1521 127
1034 1541
1333 1449
922 927
704 1402
714 474
719 1085
1035 699
1077 188
1478 417
738 1991
750 1455
1523 1646
1341 1547
720 1282
1036 352
1527 807
1039 609
1601 1329
925 587
723 1126
752 102
724 268
1554 468
1605 890
1522 1535
1349 480
728 1927
1217 620
1570 1745
1535 348
1571 1050
1613 636
1541 1570
757 350
928 1013
1622 1529
1626 1841
1578 1102
1117 1357
1633 235
1533 990
1581 1348
1641 360
1584 866
929 1839
1048 1290
1122 277
1543 19
931 761
1546 1734
1558 759
1643 414
1610 1108
1549 667
1566 114
1572 1556
1145 1467
1155 1702
731 1902
1049 1897
1612 1697
1615 1177
1646 904
1225 1204
1056 310
1550 576
932 1041
773 68
774 36
1227 459
1648 519
1156 1181
1594 1907
1668 1528
1068 1579
1168 1411
777 148
939 1305
1551 12
737 675
1598 1089
740 693
1228 1356
940 789
1619 642
1624 491
749 1392
1603 248
778 345
1607 572
1070 271
1071 748
1075 1150
1230 276
1175 371
1552 117
796 1379
943 1489
800 1922
1628 378
1629 1814
801 377
1640 1408
1076 1439
1580 168
1235 1412
753 510
1256 1868
805 46
1351 1132
813 1152
1258 123
814 1785
1281 452
1356 1509
1642 1663
1358 315
1360 1027
1644 402
1647 67
819 1875
1679 860
1364 100
1288 995
1616 1205
820 859
754 1585
758 1870
1236 1093
1237 1443
829 200
1651 1320
835 1350
1081 1846
946 1000
1294 848
1617 1686
1652 794
763 1843
1653 706
1297 1622
1656 991
836 747
851 1809
769 1481
1587 1231
1314 527
1683 1794
1238 416
775 1010
1366 1502
950 1031
1660 1995
1376 1539
1663 1237
1588 1404
1377 1236
1384 400
1637 255
1398 530
1673 460
1240 1690
1324 984
1676 1243
1244 1283
1694 1984
1259 694
776 1277
779 226
855 1796
1687 680
1262 967
1589 1804
951 1279
956 1866
1401 438
1695 284
1337 274
872 449
1343 1044
780 1703
1691 722
1413 220
1270 836
1662 1135
1274 1250
1420 1766
1276 1002
1089 293
1284 1095
1427 496
1692 1807
1590 399
1704 1184
781 1884
1437 1417
1439 1899
1443 1418
957 1633
1666 562
1696 282
1721 1571
783 272
882 1284
1699 99
965 1830
1093 730
883 607
1733 1768
1735 712
1451 295
1363 1645
1094 56
1379 230
1387 1115
1285 479
1095 428
1667 394
1743 1171
1453 1816
1391 781
1419 1985
1745 95
786 347
967 1708
1286 1109
792 387
1096 231
1609 782
1700 1234
1682 539
1462 1294
1688 119
1614 1191
1466 342
1442 359
978 1707
1703 725
1625 1380
1627 1105
1631 584
1634 1431
884 777
1693 1375
979 1136
1708 1527
1475 1248
1701 351
1487 312
1712 292
1719 1450
1635 616
1097 51
1488 900
1447 1788
1639 1557
1098 1917
1287 110
1702 602
1659 778
1298 1316
986 1937
1750 49
1489 1777
1302 1660
1709 537
1496 886
1497 1124
1104 298
1720 1262
1111 758
1722 1208
1751 1835
1454 461
1769 1705
1716 1636
1664 181
794 367
1114 566
797 1451
1116 44
1665 217
1728 1276
1725 840
1455 482
1738 202
1739 1360
1774 1867
1140 612
1499 172
987 1253
802 1012
1729 1372
1141 1482
989 855
1061 1479
1304 201
993 1750
1500 1653
1782 1226
1305 375
803 1915
1464 50
1311 1059
1730 1518
1740 773
1317 1154
1510 1495
1520 1113
1001 1773
1004 1987
1525 408
1732 818
1321 23
1538 1949
806 1008
1074 684
1669 578
1006 243
1795 1217
1008 997
1159 661
1747 768
1170 1082
1670 906
1567 716
1796 143
817 456
1736 1972
1798 940
822 184
875 1832
1137 637
1741 1888
1583 84
899 915
1503 1167
1805 795
1505 386
1742 1893
1671 20
1817 1560
920 606
1675 1996
1748 1634
1810 1728
1177 715
1597 27
1009 92
1755 976
1825 1619
1620 700
1826 152
1830 560
1834 236
1835 228
1764 195
923 1047
1507 54
1012 1325
1214 1471
1837 60
1013 466
1181 1145
1185 1540
1322 1423
1019 273
1054 798
1508 1043
1325 709
1680 118
1187 999
1845 1321
1084 1783
1191 799
1282 1207
1087 808
1621 728
1194 1546
1188 1687
1216 1238
1848 500
1820 1005
1685 1934
1768 11
1254 392
1686 546
1655 1592
1328 1338
1269 1826
1511 1820
1859 1015
1770 322
1198 522
1329 701
1199 1939
1690 365
1524 1792
1119 1964
1331 1730
1338 1330
1205 323
1120 1342
1313 1287
1339 1881
1658 1632
1674 1194
1342 586
1860 834
1869 1394
1853 555
1528 1267
1361 316
1698 1725
1534 257
1705 1712
1681 779
1346 1134
1684 963
1855 806
1290 942
1771 1247
1710 729
1309 439
1139 1403
1190 1647
1537 189
1207 197
1352 1157
1689 601
1369 1199
1872 533
1773 1519
1717 250
1711 1303
1871 750
1414 216
1418 574
1715 1946
1330 158
1873 176
1718 784
1875 1030
1539 1924
1345 1472
1723 364
1884 1088
1893 1144
1726 1312
1428 610
1897 191
1781 1723
1393 825
1905 173
1909 30
1912 1976
1383 1651
1473 1121
1786 493
1348 381
1789 18
1486 307
1731 1531
1791 791
1737 651
1911 229
1746 1373
1409 910
1556 1328
1494 635
1734 1075
1794 520
1557 656
1530 1322
1210 83
1518 873
1357 1752
1213 1776
1754 1273
1219 1563
1757 1821
1536 1629
1913 405
1559 1347
1564 970
1563 514
1595 581
1555 1315
1224 1239
1602 1677
1568 1600
1914 1713
1390 1873
1916 1313
1542 1058
1569 804
1565 1156
1797 361
1799 1801
1574 1525
1759 346
1573 938
1925 149
1392 1260
1744 1349
1800 1359
1231 1652
1606 1269
1404 1223
1586 1844
1927 1053
1761 1810
1760 1094
1405 1099
1772 698
1777 549
1608 262
1937 721
1636 1180
1942 1786
1953 1905
1803 826
1623 1164
1765 1523
1234 1753
1576 1566
1767 1583
1645 69
1242 1584
1577 525
1632 511
1806 1895
1638 724
1915 790
1775 444
1560 1877
1406 1896
1407 121
1243 1393
1776 1200
1562 751
1807 1491
1596 1090
1672 107
1697 1605
1410 797
1411 1706
1956 1143
1714 1429
1778 1874
1917 1241
1749 1003
1756 1613
1763 1006
1957 775
1958 331
1245 952
1630 1125
1779 1246
1661 1836
1959 1665
1808 1974
1766 619
1579 593
1921 1947
1780 1726
1677 920
1582 422
1926 182
1650 465
1784 704
1249 442
1787 1948
1790 1569
1724 972
1792 1362
1932 851
1962 505
1811 1608
1812 974
1793 1201
1788 719
1818 1738
1801 1825
1251 1784
1423 171
1292 198
1809 1742
1804 1383
1654 1575
1857 1066
1965 1274
1933 22
1936 515
1802 1819
1822 1067
1585 1863
1425 1271
1824 1409
1374 1901
1827 1463
1657 396
1814 1077
1907 1371
1968 1133
1431 71
1816 132
1944 1289
1432 1833
1952 1684
1923 1037
1828 34
1971 1628
1707 1163
1758 1516
1762 1445
1832 1515
1839 1511
1955 115
1599 370
1960 592
1819 538
1433 1910
1785 13
1815 488
1448 552
1836 1
1852 497
1876 43
1456 401
1823 1612
1842 183
1843 147
1858 1337
1844 1604
1498 376
1436 947
1976 1959
1967 1980
1445 205
1977 1683
1592 1929
1868 313
1446 523
1885 847
1604 1736
1846 1932
1611 987
1457 441
1847 1682
1973 1855
1902 177
1851 756
1821 382
1864 1210
1880 936
1975 1834
1904 1339
1883 681
1980 897
1829 1572
1891 518
1924 1389
1945 1648
1854 1374
1896 1869
1831 1014
1856 852
1979 1252
1899 1845
1862 662
1919 390
1833 1778
1838 78
1906 1594
1931 1840
1460 564
1982 1219
1934 224
1840 1148
1618 1390
1849 4
1877 1022
1850 1790
1994 664
1866 909
1892 1856
1863 1496
1461 1640
1898 1420
1706 948
1922 383
1865 1475
1678 403
1470 571
1935 1251
1995 1391
1472 1111
1474 1577
1939 1151
1948 1590
1874 1385
1476 1240
1870 1343
1940 800
1910 889
1713 809
1727 615
1949 445
1477 863
1752 1928
1947 1147
1928 598
1783 1297
1886 1116
1938 685
1861 194
1561 1631
1878 426
1941 1876
1961 1780
1753 1078
1813 611
1593 1301
1894 951
1943 142
1900 190
1951 703
1963 1953
1879 1310
1901 934
1649 752
1882 308
1950 993
1841 550
1930 1275
1996 1550
1895 597
1954 379
1903 16
1964 1254
1970 373
1966 964
1978 1459
1969 913
1990 139
1887 1654
1888 97
1946 62
1867 644
1997 1206
1998 941
1984 1943
1999 486
1974 1938
1881 1774
1890 337
1983 1743
1918 113
1920 475
1908 655
1889 1104
1988 330
1929 1521
1981 887
1989 1568
1993 1639
1991 1510
1985 1885
0 0
1986 1817
1992 407
1972 754
1987 411
