559 376
490 12 25 93 113 183 220 277 306 311 315 334 351 357
468 15 4 24 29 44 46 65 82 147 163 228 234 237 269 304 335
511 18 16 24 29 104 116 143 145 188 199 201 213 220 225 240 259 281 295 359
155 19 4 13 17 24 107 117 119 147 170 171 174 204 240 302 312 320 330 345 373
334 15 0 4 92 93 110 122 134 234 236 252 262 289 318 339 359
462 12 13 89 92 99 110 135 255 265 267 270 281 284
189 14 38 48 83 90 95 109 230 234 241 250 270 308 328 357
22 17 38 46 59 78 90 107 113 127 171 172 199 200 213 221 318 350 362
463 17 19 29 80 90 99 116 139 162 220 236 238 246 314 351 356 357 362
11 11 6 19 41 53 54 87 93 185 213 219 302
176 13 4 7 10 59 82 102 159 164 273 285 304 307 315
490 14 4 16 37 65 78 83 100 105 122 204 264 269 330 340
520 18 7 12 28 32 33 38 101 102 113 225 237 238 250 267 272 307 318 374
124 14 19 31 45 46 52 57 95 159 206 235 330 339 363 365
395 15 38 43 78 127 138 213 242 255 262 282 297 328 337 346 357
145 16 4 20 31 41 44 49 59 75 99 138 166 174 248 252 299 334
520 22 18 19 77 83 87 117 119 135 159 170 171 177 178 200 240 258 264 312 328 334 335 356
222 17 42 48 75 90 113 138 149 183 197 199 223 225 269 277 297 307 319
396 29 18 23 45 53 82 89 98 127 135 146 177 215 240 241 248 255 265 277 279 284 287 293 299 316 325 326 337 350 367
188 16 26 29 41 52 61 73 89 93 107 120 145 225 301 312 327 340
23 17 2 6 37 70 98 131 139 149 171 181 234 253 287 289 337 350 356
346 13 7 33 39 41 42 44 46 123 171 213 220 351 363
284 16 17 23 25 49 73 80 139 234 270 287 289 295 311 341 363 372
178 15 25 48 53 63 97 106 163 192 203 221 237 244 299 332 345
86 21 9 12 28 49 73 83 107 127 146 174 181 203 216 227 237 250 258 307 346 364 372
313 24 17 19 28 31 32 73 83 97 102 106 107 117 142 221 223 255 272 301 306 319 320 326 340 355
340 15 17 62 93 98 135 228 231 264 272 306 312 334 337 357 369
307 15 0 18 19 52 67 120 154 181 196 221 234 235 246 277 365
470 15 38 53 127 154 162 205 220 230 249 282 285 308 312 346 369
55 17 7 20 78 80 99 101 139 200 220 230 252 253 297 319 323 357 369
481 20 13 18 19 48 68 138 179 183 194 206 216 223 230 273 277 287 295 297 306 321
33 18 9 13 20 41 99 109 134 162 178 189 229 242 253 285 287 338 340 345
85 16 34 78 80 120 151 166 185 194 197 203 234 237 281 301 319 373
501 18 19 25 48 89 92 112 113 156 158 174 188 221 225 250 252 253 255 295
30 19 2 13 25 37 42 44 45 77 98 189 196 220 242 252 259 270 280 289 319
20 24 38 54 77 87 93 101 129 130 134 145 181 220 244 265 270 284 291 299 306 318 328 330 335 356
82 14 0 33 43 59 89 112 143 152 234 258 299 324 340 356
344 19 6 45 53 68 77 102 104 113 120 135 188 220 240 269 287 293 323 337 373
46 15 4 6 29 48 63 77 82 164 206 250 279 297 304 306 331
10 20 9 31 48 107 116 152 197 199 201 206 221 241 262 269 279 299 311 340 345 361
556 20 28 39 59 83 106 117 158 174 179 185 216 240 241 246 262 264 269 278 316 330
196 24 10 12 23 31 42 45 63 90 101 106 146 154 158 185 223 234 264 265 272 273 287 302 338 372
344 19 38 80 82 99 112 129 131 146 154 158 159 199 236 258 287 309 321 340 350
209 16 31 48 82 113 178 205 208 225 241 250 255 277 280 297 314 326
31 18 13 25 59 68 74 78 105 197 204 234 248 253 273 279 289 315 365 371
556 18 19 28 34 45 73 74 109 120 134 142 151 200 249 250 262 267 282 327
193 14 8 52 53 70 82 93 143 189 248 277 314 334 355 362
90 30 24 44 45 53 54 67 75 76 80 99 113 149 159 170 188 194 237 238 242 246 265 285 296 307 324 325 328 361 364 373
91 22 7 12 16 62 65 67 78 80 92 97 135 138 172 188 189 199 208 230 249 267 301 340
398 16 37 52 74 102 120 192 200 206 221 238 272 289 302 326 332 355
185 12 59 90 98 149 201 225 259 269 281 287 335 367
75 18 19 37 57 95 99 101 105 119 174 205 216 248 252 302 323 324 365 373
375 15 9 34 131 151 163 177 192 196 203 242 316 357 359 373 374
192 27 10 29 106 114 138 146 149 164 179 188 216 221 226 244 258 262 278 279 287 306 314 318 320 335 357 365 372
140 13 16 20 37 43 188 219 225 226 262 269 285 293 351
393 13 20 24 33 48 67 105 134 151 156 221 237 337 372
364 13 16 25 34 42 49 67 72 129 172 189 231 302 319
535 20 20 68 92 95 102 114 119 120 158 164 196 199 215 289 320 356 359 363 372 374
363 17 7 42 45 48 72 76 93 185 226 244 255 293 297 309 314 372 374
182 20 10 48 59 90 139 166 185 201 204 205 230 234 238 255 287 299 302 325 345 361
503 23 6 18 23 34 39 42 63 87 95 120 134 138 156 162 199 237 253 258 285 302 314 318 356
201 13 129 164 166 200 219 230 238 291 304 312 338 341 374
6 17 37 38 45 74 90 93 102 115 183 203 208 234 272 295 314 326 335
545 14 2 28 29 48 130 151 163 221 242 291 321 325 331 372
430 26 0 32 34 44 61 90 110 112 130 163 177 179 197 204 215 227 237 241 246 280 293 312 319 346 355 357
370 15 20 59 95 100 101 116 117 151 221 228 252 280 309 312 361
124 16 18 29 98 177 199 203 216 220 231 267 273 296 330 350 355 365
542 17 43 61 62 63 67 92 98 104 196 200 219 249 267 280 301 320 328
93 17 6 19 49 67 76 97 100 139 166 177 200 206 213 230 246 306 358
398 17 26 32 38 43 57 62 75 93 116 147 185 221 223 240 255 267 358
519 17 19 61 115 120 138 146 166 228 236 238 250 280 301 308 324 332 355
149 16 17 32 122 135 159 162 194 244 265 308 332 335 339 345 350 372
164 16 45 53 73 74 92 95 101 159 170 192 213 215 236 255 319 335
184 11 18 39 113 116 208 242 269 280 284 289 358
483 17 17 52 83 95 127 130 149 156 172 201 215 225 250 282 316 332 356
357 23 0 32 41 53 74 99 107 142 171 174 178 200 236 258 269 279 289 291 302 332 356 361 364
6 13 31 39 72 75 159 170 177 178 259 318 328 337 350
197 13 4 26 52 100 115 138 228 234 287 291 309 335 374
294 19 16 38 68 73 77 115 158 159 174 178 179 183 215 221 246 253 277 282 345
410 12 4 49 57 68 95 129 196 219 323 356 362 364
445 12 16 41 63 78 109 181 201 208 229 323 335 341
459 19 9 24 33 61 97 115 120 189 192 197 213 231 234 237 238 278 314 337 355
108 15 0 67 92 102 114 146 158 255 262 272 273 278 291 372 374
531 11 4 38 42 53 146 172 201 235 249 265 321
413 15 39 59 110 112 113 142 147 188 281 296 304 307 319 361 371
6 17 8 67 87 97 117 143 154 156 220 227 267 293 304 309 325 346 374
360 16 2 28 73 75 92 113 151 171 242 246 265 284 308 320 338 371
498 23 34 38 44 63 73 105 106 116 139 171 172 178 204 219 228 242 259 270 272 279 302 358 372
479 10 7 16 25 31 77 89 93 116 282 363
225 22 19 23 25 59 72 90 105 107 110 139 164 172 177 205 226 249 270 277 324 339 345 365
500 18 17 24 44 97 100 162 170 194 219 234 255 259 265 306 316 323 330 372
289 20 6 46 52 54 57 59 63 65 152 174 178 196 208 259 279 289 296 326 339 356
147 18 19 23 26 119 145 158 174 179 223 250 284 296 304 308 339 340 350 361
112 17 34 54 75 90 113 152 163 166 179 204 242 244 270 319 330 364 367
39 18 12 39 44 53 92 123 172 181 197 203 259 270 282 306 316 321 334 335
68 14 48 54 70 98 139 156 181 219 250 296 297 301 335 369
315 22 18 65 70 82 97 112 116 117 159 171 181 188 206 229 280 281 289 299 312 324 326 356
209 12 0 46 75 102 200 205 227 235 330 356 359 362
130 14 32 43 70 99 107 138 143 174 185 237 242 297 363 373
4 17 92 99 105 123 131 143 158 159 206 227 238 259 302 314 320 326 330
14 16 34 39 73 77 89 102 113 135 170 183 192 205 269 297 299 341
200 19 2 17 20 24 34 75 117 123 134 159 174 208 240 291 316 323 345 346 356
183 19 19 20 31 44 62 74 107 201 228 237 238 246 249 250 258 281 284 296 364
353 12 76 77 113 170 205 221 240 242 297 302 323 335
199 9 57 70 78 109 119 234 278 296 339
498 18 7 23 32 38 62 76 87 134 151 164 228 280 306 311 315 328 335 356
507 17 26 37 52 97 135 145 154 156 221 237 244 269 277 299 350 367 372
156 19 9 12 17 44 52 54 78 87 97 116 122 179 200 235 277 287 335 341 371
365 11 74 117 147 156 181 284 304 308 345 351 371
247 15 17 43 75 76 102 117 134 206 223 241 244 265 279 323 361
133 13 24 52 74 112 130 139 159 181 278 293 304 312 321
368 17 8 20 26 32 34 41 53 61 122 189 201 227 230 280 326 373 374
199 23 13 34 129 131 145 159 164 181 192 199 200 208 220 231 235 244 246 281 282 285 289 296 334
481 19 32 37 43 53 90 100 106 122 171 188 199 223 242 267 301 312 334 345 351
544 16 10 24 44 59 98 109 135 158 162 231 279 296 311 338 350 358
9 20 0 12 13 19 25 33 115 120 156 181 192 199 216 228 231 253 302 312 316 364
72 11 9 37 102 178 181 189 223 282 319 323 334
278 13 4 12 32 37 45 104 105 171 174 240 278 324 345
151 11 49 53 106 129 227 273 289 307 320 355 363
448 17 20 45 54 62 95 106 143 189 236 246 252 255 296 311 315 339 359
188 22 6 18 38 41 54 102 110 117 122 159 162 179 203 213 221 280 302 351 356 369 371 374
340 18 19 28 31 43 87 129 131 196 225 265 273 280 309 312 316 369 371 373
88 17 9 44 63 73 109 110 113 115 122 130 152 219 240 273 285 306 371
153 17 25 38 107 164 170 197 208 229 265 296 308 312 318 327 358 359 362
384 19 16 17 18 26 43 110 122 152 201 223 238 242 252 255 265 296 307 324 356
135 16 0 12 17 20 49 59 83 110 131 151 203 240 241 304 340 355
234 15 18 57 75 100 117 139 151 172 265 267 270 304 321 323 335
320 14 17 31 42 99 115 139 170 203 235 273 282 299 331 346
381 22 8 23 28 31 57 65 138 143 181 196 199 201 228 235 244 253 262 289 291 299 337 359
528 19 6 12 24 25 42 57 87 110 122 123 135 163 170 219 295 332 334 363 365
321 15 4 16 17 38 42 45 62 131 143 159 221 226 319 330 332
224 20 10 33 52 78 90 100 109 110 116 123 181 215 221 234 264 285 295 339 358 369
356 20 20 33 89 106 135 147 159 166 177 201 204 215 238 241 255 258 270 306 332 363
48 25 6 16 31 42 43 45 48 67 83 122 130 135 178 188 192 201 236 284 295 304 324 332 350 356 371
521 17 9 46 48 92 97 106 138 162 170 171 199 316 323 325 341 350 364
511 20 0 24 113 122 142 185 213 225 230 246 258 279 293 296 319 335 338 340 350 362
270 28 13 16 24 33 42 59 62 68 70 76 82 104 135 139 145 166 181 206 227 241 249 253 270 272 306 307 324 367
106 11 123 127 142 145 181 199 206 246 252 278 365
357 14 18 37 74 110 116 158 174 185 236 246 255 284 359 373
200 10 7 70 93 101 106 119 262 295 301 330
256 12 131 151 170 203 226 273 284 289 295 321 338 358
527 16 7 9 24 45 74 139 200 226 231 259 277 319 321 323 346 365
379 17 29 43 80 87 102 107 145 149 177 228 238 252 280 289 324 328 356
559 16 4 33 39 73 75 95 102 105 113 170 296 315 326 338 361 362
456 16 2 42 57 72 74 105 112 151 166 183 226 235 304 321 337 339
284 22 10 20 28 31 32 49 80 98 115 120 145 147 156 204 223 227 234 249 321 328 335 357
29 17 10 19 48 61 98 99 127 159 216 241 273 277 282 306 341 351 363
126 20 9 18 23 42 68 93 113 120 134 145 156 172 225 258 264 296 302 314 326 351
216 14 7 25 41 65 101 138 146 183 249 287 296 327 335 374
546 12 46 49 109 114 162 181 183 188 196 296 323 372
376 20 6 13 37 42 68 92 102 104 110 163 183 215 220 231 238 264 278 337 355 367
432 14 7 49 52 112 113 131 135 215 240 270 284 285 358 367
436 12 77 178 213 231 234 252 264 307 308 320 323 365
466 23 6 23 25 39 49 54 116 129 206 235 253 282 297 302 306 327 335 337 355 356 357 372 374
427 15 31 73 82 119 123 158 196 228 248 262 306 311 312 318 358
212 13 4 9 23 43 44 100 139 162 228 255 321 334 340
345 15 7 32 37 62 99 110 112 134 162 170 234 242 248 297 321
388 18 2 19 26 57 63 110 179 201 215 219 223 227 237 262 270 316 318 350
254 9 0 9 42 95 145 163 170 327 363
535 20 23 37 65 68 74 80 104 115 139 156 170 208 236 240 242 289 308 356 364 369
478 13 23 42 76 116 145 151 158 172 278 289 296 297 345
68 13 8 20 82 89 98 101 105 163 213 262 287 340 362
318 6 29 68 241 285 309 363
105 24 7 29 49 65 74 90 97 119 166 177 215 220 255 296 307 314 326 327 331 350 357 362 363 371
422 15 4 9 73 74 82 92 113 223 248 309 324 327 338 345 367
534 21 8 26 44 45 52 59 72 122 123 164 174 199 200 235 249 282 285 331 345 351 364
88 15 2 16 19 23 62 82 87 102 230 244 253 281 287 346 367
200 18 24 44 48 61 65 73 76 82 90 92 113 179 181 192 219 282 285 318
553 11 24 28 32 46 61 70 170 194 221 258 315
110 21 24 25 43 67 72 78 82 100 104 113 115 129 172 203 206 241 244 281 321 341 364
85 13 39 46 68 78 99 100 130 131 166 205 267 301 309
339 14 17 43 87 112 129 146 197 249 277 328 337 341 371 374
249 14 34 70 201 236 242 244 273 277 308 309 314 330 358 363
262 16 28 42 97 149 151 162 188 192 249 273 281 282 285 306 358 363
382 17 32 33 39 74 90 115 119 174 231 246 255 280 293 295 299 319 362
389 20 42 59 77 101 105 119 120 134 147 163 237 250 269 278 284 295 306 307 316 327
408 15 43 72 172 178 201 225 229 249 264 273 287 334 356 359 362
9 23 13 52 62 70 77 90 93 122 152 170 172 181 203 230 248 262 270 284 287 291 301 324 338
369 14 75 77 117 149 152 158 159 177 199 200 296 346 356 361
193 19 20 33 98 100 146 149 170 178 223 242 255 269 284 289 301 315 323 327 373
429 15 6 46 54 76 78 114 122 129 171 215 264 280 293 302 362
105 13 24 59 65 138 172 194 216 242 248 289 311 332 359
172 16 8 10 32 33 52 54 62 63 72 98 105 127 147 258 262 284
176 15 76 77 101 102 104 143 166 201 221 229 238 262 299 332 337
202 22 6 7 109 114 130 164 170 188 199 208 221 223 241 242 258 265 267 270 337 341 371 374
79 14 6 10 104 159 194 196 205 208 236 237 255 281 350 358
347 17 2 28 33 74 82 87 93 107 158 159 197 248 264 345 356 357 373
119 18 6 17 63 75 89 139 163 200 248 262 265 285 311 350 351 357 362 363
419 17 4 8 13 16 49 82 97 142 163 178 215 280 287 326 330 351 361
77 22 6 26 53 87 102 139 158 205 219 220 225 240 244 262 304 312 316 330 331 335 345 346
80 21 16 20 37 52 74 75 93 104 123 138 143 149 164 181 221 226 235 282 289 318 346
163 15 0 31 53 113 114 174 201 227 234 237 267 301 323 332 335
556 7 46 142 203 216 244 281 359
156 4 8 24 26 115
238 21 31 41 42 49 52 113 138 163 170 177 183 188 216 229 267 279 319 331 337 362 363
525 17 13 32 67 80 97 100 105 129 142 177 225 234 252 296 312 362 367
469 20 12 20 49 52 61 80 93 127 170 171 197 199 204 205 240 284 309 311 355 361
242 19 16 19 39 45 76 98 110 139 170 188 200 208 229 238 252 309 323 345 365
416 25 6 18 29 63 99 102 113 115 143 149 158 192 205 208 229 250 267 273 287 301 302 307 325 341 367
366 17 0 33 37 39 70 82 112 135 149 179 208 240 246 321 330 334 345
129 19 25 44 67 99 119 131 145 146 166 171 172 205 230 238 320 321 357 361 364
456 15 7 20 63 87 101 106 181 223 229 234 302 306 314 324 335
83 17 32 65 92 93 110 145 178 236 240 246 278 311 325 341 363 364 372
321 16 39 87 122 131 152 219 225 237 249 262 287 307 350 359 364 367
472 25 31 46 49 77 83 93 117 122 135 192 219 225 226 237 242 270 272 287 293 304 308 325 345 351 367
227 18 4 19 26 43 83 146 147 154 189 215 230 277 291 297 320 338 346 373
76 14 82 102 154 163 166 216 235 240 244 250 253 289 340 373
448 14 24 26 32 106 116 166 199 228 235 301 304 306 307 335
280 21 4 18 20 24 26 109 131 135 143 151 166 196 213 229 248 308 314 315 319 339 358
454 16 29 65 76 163 194 199 204 205 213 215 221 229 265 285 291 356
59 11 70 101 112 192 231 259 280 285 331 351 359
399 18 53 104 114 115 122 145 181 192 194 196 197 206 242 246 253 327 337 341
366 18 10 12 24 39 54 57 87 188 227 236 241 248 258 279 281 282 367 374
64 16 8 42 74 154 196 200 201 226 252 262 314 328 330 331 361 369
489 13 12 68 123 139 152 158 174 208 230 265 304 311 325
159 19 6 17 59 61 73 83 87 100 114 129 143 185 189 192 203 234 325 326 359
220 19 9 19 37 49 54 61 77 147 163 221 230 237 242 309 316 327 334 345 363
138 18 29 73 75 97 104 110 117 119 138 156 203 273 277 304 316 328 356 367
423 16 18 23 67 76 100 107 139 159 213 220 229 249 269 351 357 365
112 14 0 6 12 32 38 46 166 225 289 291 316 320 356 372
183 12 23 25 38 44 45 48 204 234 241 279 291 358
418 16 16 20 63 65 73 78 82 145 151 223 226 262 299 330 359 364
557 16 19 33 63 95 110 120 122 149 287 289 291 296 324 328 345 355
44 23 2 13 16 38 53 92 102 117 120 129 152 164 197 206 229 272 284 285 287 297 306 307 335
426 21 4 25 34 37 48 80 90 92 97 110 138 151 154 164 203 265 285 315 331 345 363
493 22 0 18 19 28 37 52 57 65 76 97 99 171 178 215 246 258 289 295 302 326 339 374
378 14 24 32 46 67 75 98 174 241 293 323 332 339 358 373
66 16 8 18 76 92 100 123 172 181 206 229 258 267 282 321 338 372
189 17 9 18 38 63 83 93 99 115 119 138 172 221 223 225 277 327 357
438 16 4 75 78 117 119 162 196 221 240 249 285 307 324 328 367 373
279 22 44 46 72 74 80 89 100 117 129 145 151 194 196 205 249 250 264 296 307 330 362 365
10 17 8 10 16 89 106 122 145 163 174 188 189 199 248 265 284 318 365
48 21 41 73 127 134 135 138 145 158 174 178 179 215 255 259 279 306 315 326 331 335 369
397 16 25 68 72 73 98 127 145 151 152 203 231 285 325 338 362 369
82 19 31 42 53 59 74 90 92 115 120 201 318 319 320 323 334 359 367 369 373
1 25 12 13 25 68 107 123 149 194 197 213 215 221 228 237 242 252 258 279 302 309 311 326 328 356 364
498 15 17 26 76 98 100 109 130 134 139 223 225 278 301 339 364
517 14 0 70 95 102 112 142 189 208 264 291 297 330 340 374
215 14 0 7 8 32 41 106 149 201 206 221 297 299 312 364
43 26 2 16 18 38 59 74 93 110 138 146 178 189 227 228 235 240 264 265 279 287 296 316 323 327 367 374
125 18 26 32 41 52 53 77 109 147 174 201 229 252 258 270 281 315 323 372
101 15 43 70 73 90 110 113 142 156 264 270 324 326 337 350 373
279 22 0 13 16 31 45 53 62 98 145 151 154 166 200 203 213 219 221 264 311 318 338 373
295 11 32 43 78 100 139 142 152 177 312 351 358
59 15 20 25 28 48 76 110 117 127 130 185 231 235 269 278 319
522 14 8 20 33 34 48 83 156 200 223 255 265 270 312 331
323 13 0 24 31 57 75 104 116 122 131 204 269 326 332
113 18 24 41 44 76 78 114 115 119 127 138 174 188 189 262 278 293 335 359
229 18 6 31 76 110 112 115 120 134 172 194 215 226 293 295 301 337 339 358
500 23 33 52 82 106 109 119 122 138 156 174 188 203 228 236 241 312 316 338 340 341 358 373 374
237 12 34 57 61 112 129 156 246 262 280 295 365 373
434 15 45 46 57 61 102 145 178 204 235 248 255 272 350 355 363
295 19 37 49 61 67 77 90 95 123 127 143 149 159 162 188 246 281 284 296 326
80 20 4 10 18 74 77 78 100 117 147 172 197 216 220 221 230 235 280 321 369 372
276 16 9 32 45 63 98 106 163 166 177 208 242 250 278 296 345 357
429 28 39 52 54 77 80 95 101 129 147 156 166 174 223 228 230 240 250 258 285 295 314 318 324 345 351 356 365 373
31 16 68 83 87 101 109 115 119 129 174 230 237 241 250 267 304 339
161 18 78 89 93 113 131 135 151 162 174 177 223 237 278 301 321 324 350 359
486 13 17 28 41 48 57 102 116 149 162 197 309 330 362
455 20 23 38 74 87 105 115 135 162 166 170 213 225 237 244 284 297 307 341 362 364
427 18 12 17 31 45 53 65 73 177 200 240 244 255 282 312 325 337 345 356
448 19 2 8 20 45 65 68 89 95 146 147 159 179 192 252 285 301 323 372 374
75 12 18 19 77 82 162 205 213 234 242 284 318 374
534 16 45 48 77 78 97 112 154 183 204 244 252 253 284 297 299 367
170 24 13 38 49 63 102 129 142 147 154 156 159 163 164 181 188 221 252 258 262 264 280 314 325 358
309 21 7 13 17 25 31 41 46 73 74 75 87 234 238 248 255 282 307 311 326 332 338
362 15 20 43 45 46 62 90 143 162 177 237 255 267 272 316 361
494 15 23 29 43 77 100 106 112 116 120 236 255 287 302 304 318
499 17 2 29 32 33 38 77 97 110 123 147 152 249 291 335 340 341 359
362 17 19 89 98 101 114 147 159 163 231 234 272 287 291 314 323 330 355
342 20 12 19 29 53 72 97 174 206 221 225 227 230 238 249 250 272 319 320 323 358
457 18 12 59 83 112 120 129 164 172 174 177 185 199 244 278 308 320 357 374
541 18 0 18 25 26 53 74 87 98 105 138 156 177 194 237 287 318 319 324
85 14 28 72 87 101 114 166 235 236 250 314 319 335 359 374
107 15 45 61 89 92 98 100 117 145 225 252 259 281 291 295 341
245 18 2 9 31 48 95 131 138 162 188 216 228 238 246 248 307 332 351 372
341 16 19 26 37 53 92 156 159 183 188 225 228 246 255 330 355 362
447 17 20 62 67 80 90 112 143 158 189 201 230 253 267 296 331 364 369
401 18 26 59 61 87 89 97 107 146 149 199 230 238 291 295 304 314 337 340
139 12 18 53 77 78 102 117 221 225 280 291 309 340
240 9 7 70 72 138 149 152 227 272 319
122 12 28 105 131 138 158 174 192 238 248 307 311 345
197 11 4 9 17 107 122 185 223 241 259 311 359
489 18 20 33 41 52 74 90 98 104 172 177 181 203 231 235 249 323 326 328
169 14 17 33 38 45 70 74 119 143 162 178 206 258 321 356
240 17 4 28 34 43 98 101 112 116 159 170 171 225 273 282 309 327 331
494 20 16 25 49 75 89 101 181 183 223 253 265 282 284 289 321 335 338 346 358 373
158 17 43 70 100 138 143 145 188 196 228 229 234 248 252 264 291 295 355
364 13 20 61 77 80 82 89 102 104 154 220 248 319 371
485 18 2 7 12 25 90 142 149 227 235 242 252 253 281 285 299 308 320 350
15 13 20 29 33 76 83 99 114 127 174 228 269 341 367
284 23 34 42 45 53 62 78 92 95 102 129 139 164 174 177 188 199 223 225 277 314 334 357 358
497 20 33 48 93 99 109 123 154 163 179 181 197 227 244 267 281 284 297 312 326 358
36 15 0 37 45 54 101 204 221 228 242 265 270 318 330 364 372
539 22 16 28 52 53 61 63 106 119 130 142 145 147 152 159 178 230 248 249 304 323 324 330
479 13 29 102 106 151 164 200 219 226 242 253 296 299 315
108 19 6 13 20 24 34 78 106 112 115 120 130 143 151 205 227 253 309 339 367
406 21 16 17 32 42 53 61 77 92 101 115 142 253 281 296 315 320 324 328 341 355 359
352 9 101 172 189 258 279 312 319 327 372
147 19 34 89 156 170 172 216 241 246 249 284 285 304 311 315 324 332 338 345 374
501 13 7 82 92 112 116 152 170 172 255 265 312 331 374
9 16 28 44 54 119 158 179 267 277 282 302 304 309 337 339 351 373
476 14 16 18 37 106 197 204 206 216 219 269 285 309 318 340
243 20 26 89 112 145 147 156 181 183 189 234 248 264 291 296 306 327 341 345 359 364
505 20 10 42 52 68 73 75 83 117 138 152 158 162 189 213 228 238 264 269 272 345
24 12 53 90 113 156 179 185 238 281 306 325 355 357
204 16 12 17 57 59 65 67 77 135 139 178 197 250 264 311 341 373
199 14 83 101 131 189 208 252 278 301 324 328 334 345 361 362
66 18 4 10 23 29 57 62 76 89 199 221 265 279 281 285 289 320 330 374
305 18 4 16 26 34 102 146 151 156 158 248 262 264 267 269 304 346 364 365
455 29 4 8 23 28 31 38 43 48 57 131 147 149 166 185 188 192 201 244 252 255 259 295 307 308 331 345 356 358 362
5 15 19 70 78 83 90 100 104 162 197 204 213 241 304 309 341
259 16 4 33 67 109 162 164 174 213 216 221 223 231 255 308 358 369
274 22 2 12 42 75 78 83 92 109 116 129 163 216 265 270 299 307 309 315 339 350 357 372
291 11 6 57 59 80 106 112 201 220 287 318 332
429 12 26 28 43 93 104 164 197 205 225 250 291 367
405 15 33 61 62 70 77 101 106 116 154 159 201 208 241 242 362
466 17 2 45 49 53 162 172 200 208 221 242 250 258 318 338 340 359 371
67 26 2 8 18 23 24 34 52 59 100 127 152 166 174 199 223 227 230 252 277 309 320 326 331 338 339 371
455 16 49 52 53 75 80 123 159 185 236 244 250 264 295 297 312 350
21 16 0 7 17 19 29 83 95 199 215 219 231 235 252 258 308 369
26 16 24 78 112 131 159 179 227 296 315 325 341 345 351 355 358 374
367 22 9 26 28 42 74 80 120 147 158 166 178 183 192 197 199 215 236 264 277 331 335 359
434 16 9 24 25 42 62 72 90 131 146 192 206 248 253 264 312 364
182 23 8 20 29 34 74 109 119 123 189 201 204 241 259 284 289 296 301 311 326 328 346 351 369
387 13 67 146 172 174 197 219 262 267 272 273 285 337 357
551 23 38 48 54 67 82 93 114 122 123 151 179 204 216 229 236 237 250 306 308 315 332 350 351
488 14 2 12 17 37 122 178 185 235 255 312 316 325 362 367
490 28 17 26 46 82 87 104 106 145 162 172 213 216 219 220 244 280 287 297 312 328 331 332 356 358 365 367 372 374
527 20 7 20 25 39 52 67 93 114 131 138 146 177 189 203 204 230 284 311 332 364
394 15 12 31 89 95 152 206 228 231 258 278 291 299 301 338 357
374 19 54 61 65 74 90 119 139 158 183 200 203 206 255 259 277 284 285 316 327
67 22 10 16 19 43 46 48 57 80 83 95 114 225 227 228 250 258 262 277 304 314 315 316
1 14 10 32 61 95 113 114 154 181 225 230 236 249 287 358
2 13 9 38 57 68 78 90 120 134 139 145 197 291 345
22 13 43 70 78 97 177 267 273 301 318 340 362 364 374
447 18 7 20 70 98 129 130 146 162 163 166 220 255 258 267 326 330 335 374
467 23 6 7 8 28 38 54 59 93 104 106 129 162 177 196 248 287 289 302 308 316 330 337 363
425 18 23 53 89 104 122 130 138 178 197 246 255 258 295 318 340 345 357 367
176 19 0 45 112 115 147 178 185 199 216 226 252 259 295 307 318 323 325 361 365
118 17 12 18 20 63 102 107 192 206 234 240 250 258 270 293 332 339 356
523 16 8 29 98 156 163 189 206 208 231 238 240 291 304 307 339 374
313 20 18 38 42 63 117 143 189 203 219 223 238 258 262 273 289 307 328 330 361 363
421 17 13 16 23 32 123 139 158 174 192 208 226 242 255 301 307 361 369
356 13 6 52 57 139 166 189 244 258 284 285 287 302 337
229 15 37 59 62 63 70 77 80 171 204 279 311 319 337 339 367
129 20 0 13 16 25 37 43 46 65 87 109 166 197 200 206 208 240 265 278 308 337
291 26 0 4 59 67 93 109 114 115 116 127 145 171 172 177 179 203 204 213 230 264 273 278 332 341 363 371
23 22 13 41 89 97 99 109 110 113 139 183 192 200 213 236 258 267 270 281 312 314 334 365
557 10 18 82 101 107 127 151 192 213 358 373
206 15 2 23 61 122 138 164 213 223 234 252 277 278 285 308 373
285 13 24 32 49 61 78 194 220 234 316 330 345 359 362
37 19 12 25 34 42 98 105 106 112 119 164 171 177 203 205 236 291 323 335 359
154 18 16 24 34 57 120 131 143 149 163 220 253 258 284 299 311 346 350 372
66 19 4 8 16 43 52 78 143 151 178 208 230 234 242 244 255 270 272 321 358
52 14 7 34 52 76 90 93 119 142 188 213 248 282 311 365
358 15 28 34 62 82 87 102 159 166 237 269 306 312 350 356 371
405 20 25 33 54 68 72 74 115 117 147 174 196 242 264 280 302 308 325 338 359 362
155 19 8 10 38 59 87 90 97 120 127 159 205 219 267 296 316 318 345 369 371
181 12 23 31 38 73 143 146 248 258 291 318 358 373
107 22 16 17 41 45 46 83 92 93 110 119 138 149 172 188 234 258 265 289 306 323 332 339
523 12 10 26 46 65 73 74 104 143 194 272 277 350
150 11 107 199 221 236 238 242 281 291 307 345 363
223 16 33 67 68 105 120 206 230 255 267 278 293 318 325 328 331 335
391 12 87 99 113 115 177 253 258 264 289 346 351 357
61 16 0 18 33 39 49 106 163 194 213 219 220 226 279 296 301 363
491 11 6 78 139 192 278 302 320 323 338 372 374
96 15 0 42 72 78 82 177 194 199 216 242 301 309 339 350 356
65 17 0 25 39 49 115 129 159 216 230 235 244 299 316 326 356 364 373
288 20 9 12 26 45 68 100 107 138 145 146 196 204 235 236 237 242 262 339 341 361
501 12 10 61 75 102 115 154 179 241 242 248 312 330
399 13 19 38 48 49 70 78 116 159 177 282 323 346 358
336 13 41 57 82 109 188 206 223 229 284 295 304 307 345
178 14 25 43 83 105 159 238 242 270 304 326 337 355 365 367
342 20 2 6 32 67 74 90 101 105 113 156 192 203 226 235 236 258 269 330 340 362
5 21 20 26 28 42 52 65 68 90 97 151 154 156 174 241 287 321 326 356 357 365 369
1 14 26 32 83 100 135 234 252 264 281 296 367 369 372 374
42 13 9 31 44 59 74 75 109 110 170 204 231 345 346
164 24 9 12 17 59 70 95 101 107 127 178 199 213 223 227 249 250 269 314 315 332 338 346 362 371
305 13 52 78 151 226 244 255 258 270 284 285 296 311 355
49 17 26 38 48 61 63 95 109 131 181 189 208 242 250 255 259 296 297
418 14 105 115 122 162 188 205 244 249 269 281 295 312 334 359
440 21 17 43 46 70 75 95 97 107 109 113 158 163 179 192 205 220 230 309 318 326 341
137 20 2 6 16 42 105 115 127 170 171 185 197 200 227 262 272 287 339 363 364 371
206 19 49 54 74 77 113 117 130 131 152 156 159 200 225 262 272 273 281 287 299
286 26 2 10 62 68 113 127 149 154 159 220 221 225 234 240 244 269 291 293 295 312 316 328 334 340 341 355
348 20 2 13 44 57 61 63 65 68 139 208 219 220 223 229 234 252 301 309 314 340
178 16 0 18 20 25 41 82 119 183 192 213 269 311 340 355 369 373
126 15 12 26 41 43 52 89 120 123 228 242 249 277 345 371 373
457 18 18 37 42 52 54 75 90 114 142 174 177 250 265 273 280 312 339 359
543 22 7 13 45 59 63 68 89 120 135 139 189 228 248 259 264 267 281 285 309 318 332 363
54 18 25 45 65 67 120 194 206 231 241 255 258 265 281 301 315 338 341 350
536 13 49 78 163 194 199 228 238 279 307 323 362 367 371
384 17 17 39 83 102 156 201 204 208 234 236 284 304 311 318 325 332 359
467 16 7 10 19 31 57 61 101 122 123 147 194 229 287 293 301 350
110 25 24 25 43 73 130 134 142 147 158 159 162 170 174 179 192 199 205 225 236 269 307 332 351 361 374
92 16 13 18 70 110 156 196 200 201 229 235 253 258 264 278 316 323
499 20 8 12 43 44 63 67 109 149 154 164 166 203 215 221 250 270 293 318 332 371
487 19 9 10 76 95 123 156 164 166 201 204 208 230 238 295 304 321 341 356 358
152 24 20 29 46 52 65 68 76 107 114 145 156 189 201 206 244 255 267 279 280 284 323 334 365 369
477 19 2 26 45 59 77 83 107 156 159 162 246 248 277 308 334 339 350 351 373
182 21 8 19 20 53 68 97 112 129 146 147 154 178 206 230 237 240 270 272 324 364 371
78 24 13 16 63 74 80 95 98 105 110 115 147 158 189 197 200 205 237 242 272 273 291 339 350 365
440 20 24 26 31 54 72 78 80 116 129 181 185 201 219 259 262 299 306 335 337 369
99 19 4 13 20 25 39 46 78 95 127 139 234 252 272 280 285 287 318 325 371
541 15 28 29 65 74 75 83 87 122 143 163 219 259 265 324 358
206 16 0 23 39 54 138 179 226 228 246 265 278 308 315 321 350 359
234 20 13 23 41 48 62 93 119 122 127 142 146 152 156 163 199 289 302 308 319 340
285 15 13 17 100 107 122 166 189 194 196 253 258 311 318 340 362
518 16 24 37 46 57 87 114 122 127 174 270 291 314 315 345 355 372
22 27 4 34 53 70 74 76 90 97 98 127 147 188 200 208 220 225 235 253 280 287 299 302 318 339 340 351 357
420 18 29 37 43 78 104 112 113 145 164 231 240 280 285 311 328 334 350 362
408 16 2 25 78 82 95 119 130 179 192 206 304 311 314 321 334 341
31 19 33 73 74 112 114 149 154 199 215 219 223 237 249 255 267 301 314 327 373
282 22 6 17 28 100 110 117 127 152 166 227 229 236 249 270 272 291 307 330 358 371 372 374
359 19 24 33 44 52 101 107 156 159 200 240 277 291 315 316 318 320 330 357 369
281 11 65 112 122 152 174 204 206 240 278 335 340
432 13 54 76 112 145 149 164 183 196 216 226 227 235 364
276 19 17 19 29 53 122 145 147 159 188 196 200 235 244 281 308 320 327 331 359
556 16 49 67 70 98 142 152 231 248 293 297 311 320 326 369 371 374
226 20 24 29 82 98 104 105 129 156 252 262 267 272 291 308 321 325 330 332 365 374
544 19 4 42 61 113 127 139 145 147 177 228 246 269 273 287 304 315 323 328 331
380 19 19 63 73 97 99 105 147 172 213 234 236 264 265 296 309 324 356 359 365
418 23 6 12 31 34 37 63 70 100 104 105 122 181 199 203 226 264 272 291 297 301 316 356 358
305 18 45 99 107 110 158 272 277 278 297 311 312 318 320 328 341 345 350 356
161 18 2 12 37 93 102 117 188 194 216 227 238 246 273 287 309 320 361 372
202 11 18 26 62 145 152 172 200 221 326 330 334
357 16 4 74 76 80 87 142 145 172 269 287 332 355 357 365 369 373
297 12 10 116 127 154 270 285 289 324 326 339 358 363
555 18 46 92 93 100 101 134 145 183 188 192 204 225 248 284 289 312 345 346
29 10 46 76 116 164 166 179 181 249 262 281
138 20 7 17 45 59 65 74 113 116 154 178 179 181 241 250 291 316 320 335 363 372
493 12 28 41 110 113 131 174 188 206 253 291 332 363
387 17 9 10 37 42 43 147 162 189 192 231 253 285 289 307 319 335 350
391 12 39 65 87 101 120 171 216 235 252 258 311 330
504 16 2 29 75 82 101 102 120 134 146 152 178 226 264 270 291 345
86 14 38 93 101 106 110 131 145 215 301 307 318 330 345 346
383 24 18 26 29 54 62 70 93 95 102 117 174 177 179 189 203 204 215 230 238 253 258 273 327 339
472 16 10 57 74 89 101 102 117 146 163 178 199 345 355 361 363 372
277 16 4 31 42 68 78 90 97 115 143 164 166 253 296 362 372 374
197 12 0 20 46 83 104 105 178 200 203 295 328 330
170 15 70 75 93 104 139 225 227 229 240 253 284 325 327 328 373
15 17 19 20 24 82 98 101 105 146 151 152 185 231 308 328 338 367 369
171 12 25 41 43 74 75 93 101 120 216 238 244 295
413 22 9 12 20 110 112 117 145 174 204 208 229 250 253 264 289 296 311 319 320 326 341 365
152 25 4 7 9 18 29 87 92 93 98 116 134 152 178 203 216 219 223 226 234 281 289 296 328 338 345
286 15 101 106 177 183 188 189 204 223 228 238 287 291 307 321 359
360 16 10 12 34 54 61 110 114 152 166 220 228 236 253 295 358 367
488 19 12 26 34 42 62 65 82 90 112 130 158 179 199 204 216 307 340 341 350
140 16 75 105 131 163 166 174 179 226 229 240 259 272 277 331 345 362
132 20 32 45 62 95 192 220 227 237 240 250 255 267 287 302 304 307 308 328 334 369
407 17 32 92 119 131 171 228 229 252 267 269 302 304 311 312 328 365 367
347 21 10 16 52 53 82 98 101 114 116 119 127 146 230 240 267 287 301 331 358 361 367
161 18 2 10 13 26 33 37 42 53 77 181 183 223 229 234 282 296 323 340
295 15 7 10 26 45 57 68 163 223 237 241 323 357 362 367 373
50 21 18 41 74 101 105 151 154 163 174 183 216 264 280 281 293 299 315 321 335 367 371
26 9 6 57 73 78 80 113 166 246 293
161 24 12 13 25 31 32 33 37 43 49 72 83 93 104 194 221 228 237 297 302 328 335 351 356 362
543 19 2 52 59 63 72 78 95 174 189 194 199 225 231 252 279 293 309 312 339
376 19 2 20 53 80 89 97 99 104 116 135 159 204 234 246 250 264 324 363 367
247 15 19 41 46 54 73 77 200 227 248 319 328 341 346 356 364
515 14 20 102 107 120 123 138 230 241 265 272 281 307 327 328
331 23 10 59 61 63 72 83 89 114 115 143 149 159 189 237 244 265 278 279 289 311 357 364 374
509 12 39 114 123 154 196 201 241 242 281 306 311 324
130 23 2 6 54 76 77 92 112 129 131 138 143 174 205 206 225 227 234 253 287 320 325 340 367
531 15 17 42 74 87 104 122 139 149 205 213 231 240 248 314 372
19 18 12 13 20 28 41 70 113 115 122 163 221 227 240 246 278 279 321 335
295 16 2 10 38 93 181 194 203 205 226 228 252 282 296 316 350 371
6 24 18 24 42 95 97 138 149 199 213 229 231 248 249 269 302 321 325 331 338 351 356 361 369 374
159 22 63 72 98 99 101 114 115 123 131 152 189 197 199 201 220 253 280 281 289 341 345 346
379 13 53 68 74 113 138 172 194 196 282 302 325 338 351
262 10 45 54 62 65 78 102 129 172 229 309
339 21 7 12 16 23 28 34 52 59 99 109 159 170 208 242 280 295 307 324 341 356 364
204 20 9 45 57 65 87 100 104 116 120 130 131 163 172 201 228 255 307 323 338 350
277 21 12 19 20 34 41 83 101 116 122 151 179 199 228 235 237 250 273 277 279 321 358
362 25 26 32 42 52 77 102 105 112 152 181 183 196 199 205 248 259 265 289 316 323 324 325 355 356 364
373 16 34 72 73 87 89 112 122 135 139 206 216 225 248 272 330 335
273 17 78 82 98 102 107 116 127 130 146 197 206 223 267 291 311 325 326
277 20 6 26 32 53 68 73 95 122 151 172 208 215 235 255 291 295 306 320 362 363
306 13 19 24 44 80 143 162 185 242 273 277 282 309 372
206 21 12 34 43 105 109 139 147 164 181 185 219 229 236 311 319 321 327 331 335 361 367
473 27 4 6 12 28 62 75 77 82 97 98 99 135 143 179 183 241 248 258 278 287 316 320 325 328 334 358 371
472 15 39 67 95 145 146 206 215 234 264 270 334 345 351 364 367
91 20 0 57 70 87 98 100 101 149 163 192 208 244 250 270 272 304 312 328 337 363
133 18 31 46 48 57 77 100 109 138 139 142 174 181 213 255 281 293 345 350
30 14 0 31 39 43 102 109 159 231 238 269 328 335 367 371
438 13 41 63 70 95 98 100 116 201 206 208 223 241 321
201 16 24 80 82 90 113 158 179 189 204 259 279 296 325 340 359 372
387 13 25 31 46 78 80 127 131 226 246 253 327 364 373
403 16 12 41 49 76 100 101 105 117 179 225 244 250 259 272 334 340
369 15 6 33 37 45 70 98 159 162 179 201 226 237 270 289 295
370 22 68 82 129 139 163 166 201 208 216 225 229 235 248 250 258 296 301 304 307 328 371 373
257 14 67 80 89 130 159 174 215 238 248 265 312 323 326 337
257 15 20 59 70 100 107 109 130 145 220 225 237 248 258 296 357
383 12 61 75 95 152 156 170 194 215 267 302 306 363
472 23 9 45 49 65 73 104 119 134 159 171 188 206 223 225 235 273 289 291 296 301 308 309 345
66 19 20 31 39 41 93 110 113 116 143 151 192 196 216 228 237 270 296 318 346
242 21 0 44 54 61 75 83 105 166 178 189 215 220 221 228 240 295 296 306 308 362 374
166 19 37 95 106 107 113 134 164 174 192 204 223 230 238 249 279 299 308 337 338
132 25 0 26 28 41 45 80 114 139 152 177 199 200 216 226 249 252 273 280 291 311 316 327 337 340 362
204 13 10 20 29 52 57 77 101 154 181 277 284 307 346
64 14 6 52 89 102 135 139 145 164 181 228 231 241 295 373
379 21 8 10 18 29 32 44 46 83 89 151 152 164 188 219 231 291 295 302 309 355 359
328 24 39 43 53 63 76 95 119 122 131 139 142 159 170 179 189 225 253 282 291 299 307 316 357 367
107 14 17 23 61 104 172 197 205 244 248 265 302 312 321 363
121 18 10 31 44 45 70 77 97 123 127 156 164 200 227 272 311 340 345 356
220 20 0 12 28 29 45 53 68 74 75 95 97 178 220 221 318 341 345 351 359 363
24 19 32 41 70 73 83 104 135 181 208 213 219 230 240 259 264 270 316 318 326
129 14 16 49 63 114 177 185 192 226 236 264 312 323 330 346
212 13 9 18 25 76 101 166 172 205 250 259 267 282 367
479 13 7 10 37 38 57 61 87 170 196 307 312 316 331
140 19 25 61 63 97 98 113 149 172 196 205 208 238 252 255 301 316 327 351 363
463 18 6 10 46 63 67 68 82 117 142 154 219 238 269 281 319 320 325 364
105 18 8 12 25 26 28 80 110 114 115 120 123 142 185 213 238 287 302 308
28 14 7 23 72 73 87 138 147 151 174 201 205 265 321 335
429 16 9 32 80 98 129 162 201 226 231 273 301 302 316 351 357 374
483 13 29 49 68 92 105 170 188 252 262 293 319 356 365
54 18 0 6 41 83 106 129 130 138 170 174 203 278 280 295 307 316 340 361
132 13 2 49 65 107 109 134 143 171 223 280 287 301 345
54 18 8 13 18 28 45 53 63 113 170 237 244 262 296 324 334 338 340 358
353 16 12 18 32 61 68 102 110 129 142 228 237 258 358 361 363 371
304 24 8 26 29 42 95 142 156 158 159 188 203 219 227 230 248 280 309 315 332 335 345 361 363 374
415 17 17 33 67 95 97 105 143 158 231 279 280 309 312 314 338 346 358
395 19 2 10 13 75 77 105 106 172 179 194 220 229 237 246 279 295 299 304 318
322 13 7 17 24 25 31 38 122 225 235 244 293 356 373
257 19 20 49 54 95 102 104 106 139 215 234 238 249 253 279 285 297 302 316 367
362 14 7 39 45 62 102 171 229 259 269 287 299 311 326 371
2 14 16 45 52 87 93 97 98 147 194 248 281 296 335 359
451 17 9 26 45 48 76 82 179 188 250 269 289 307 332 340 341 346 369
3 18 42 62 83 90 179 185 201 205 215 278 289 301 302 309 330 355 359 363
228 18 13 38 42 45 54 97 107 134 194 223 258 281 302 319 320 330 355 374
221 11 23 92 120 123 129 142 208 227 253 287 315
329 16 19 20 37 74 95 106 146 151 221 236 285 324 338 341 355 373
294 20 76 97 105 117 156 162 163 164 196 201 219 229 238 255 285 302 311 315 319 367
322 9 2 9 63 93 166 255 267 362 364
299 20 2 32 42 43 62 75 100 110 134 159 208 228 231 235 238 289 307 308 337 372
202 17 0 17 31 43 53 76 83 115 120 146 152 179 194 216 264 334 351
417 18 0 2 24 31 43 72 101 109 138 149 162 178 181 188 269 345 351 363
233 23 0 4 28 57 75 78 83 109 114 120 149 164 170 189 203 221 228 244 249 252 296 365 373
485 15 25 61 68 127 146 181 206 267 270 278 280 287 289 341 365
522 14 19 37 45 93 95 146 178 194 234 258 264 272 328 359
485 12 25 34 37 49 73 134 215 289 293 358 365 369
85 17 13 39 89 101 142 143 151 178 216 223 225 242 270 278 291 304 341
206 16 6 23 26 28 53 75 99 105 119 131 246 277 297 311 323 356
451 19 18 70 75 100 114 129 143 172 183 225 246 264 269 282 291 341 345 350 357
532 9 39 59 82 177 183 199 289 321 371
403 19 7 16 18 38 43 65 95 105 109 152 188 196 199 221 227 308 316 356 374
247 16 12 34 102 139 146 149 171 197 249 272 293 295 307 319 339 373
61 17 28 29 45 63 82 89 105 129 135 162 166 192 199 219 299 309 319
535 8 72 104 259 327 331 334 346 357
379 15 24 29 49 53 76 97 104 146 163 192 269 278 280 284 296
262 20 33 45 54 63 68 98 105 106 107 123 156 208 229 277 306 320 332 355 362 374
147 8 32 59 104 105 120 174 246 258
229 9 17 89 213 241 282 289 291 345 369
393 14 75 77 78 97 113 116 142 196 216 262 282 295 315 373
218 11 17 48 62 93 154 163 226 273 306 351 355
180 15 19 31 46 72 107 174 178 231 240 291 295 314 358 359 373
464 22 2 6 10 12 59 62 73 95 109 115 135 158 163 166 208 242 287 301 321 356 359 367
259 13 10 31 62 102 134 204 236 242 287 297 334 339 367
164 19 223 129 145 297 78 252 7 338 114 44 159 2 291 244 328 24 92 315 293 59 152 8 246 39 206 23 170 178 82 236 122 29 61 325 112 374 304 23 327 102 252 9 145 46 216 131 350 339 267 62 197 229 280 188 234 106 341 38 122 52 135 255 311 296 282 23 326 203 296 325 74 105 73 361 80 110 18 68 356 28 41 102 330 101 104 308 20 41 158 250 127 105 12 170 72 289 264 228 296 259 227 117 215 45 107 282 206 228 93 32 7 316 185 297 90 20 250 146 194 57 16 42 273 120 80 364 177 372 139 188 156 159 112 106 16 99 332 171 241 295 49 166 61 181 8 346 321 272 138 308 116 208 17 119 277 93 269 327 134 149 67 270 220 54 204 319 307 301 373 362 61 93 162 334 100 135 110 332 130 0 345 13 314 361 287 258 248 83 220 95 215 87 230 229 289 295 330 319 6 93 65 364 109 142 110 351 104 302 319 29 37 221 93 119 226 270 215 117 38 97 355 18 258 284 312 105 362 267 34 49 231 365 302 323 59 201 196 265 359 277 369 72 216 26 154 335 42 107 4 7 253 236 216 267 234 215 183 70 159 10 90 359 189 237 93 357 318 194 53 236 146 154 109 76 151 113 279 287 235 309 75 98 33 225 28 371 334 240 237 299 92 57 340 345 255 326 57 307 302 219 80 215 278 63 192 205 331 238 320 179 262 306 299 83 99 9 285 314 163 331 104 249 302 281 78 199 31 77 324 363 213 45 272 221 237 248 143 127 37 147 201 237 374 312 119 367 74 358 174 123 115 279 196 240 172 178 242 43 285 230 82 149 25 250 48 248 357 335 237 200 78 89 304 337
