1916 2000
896 2 1307 1722
1755 3 65 639 823
893 5 98 180 231 1773 1954
369 3 74 1007 1640
191 5 774 851 1063 1565 1828
883 6 388 481 958 1113 1398 1971
582 3 114 882 1105
1316 5 24 329 694 717 1535
1210 4 235 1274 1363 1449
402 5 251 607 893 1234 1314
1051 6 105 987 1136 1212 1279 1950
1247 3 923 948 1783
1538 5 534 1085 1253 1569 1858
1233 4 480 694 1372 1948
393 7 343 543 808 1131 1551 1608 1933
44 5 10 271 484 697 1363
1307 4 243 693 767 1634
888 3 592 1051 1589
381 4 256 574 621 1281
403 6 349 478 528 1017 1161 1535
798 4 1190 1230 1594 1996
1346 6 122 325 470 599 1380 1536
1857 6 495 633 880 986 1559 1892
1261 7 397 561 702 982 1013 1535 1903
1250 6 577 691 941 955 1433 1485
51 1 956
486 3 521 609 983
1381 3 90 716 1555
1213 4 110 190 917 1334
619 5 648 750 1219 1513 1586
774 6 16 517 552 650 1358 1674
1209 2 53 669
1203 3 97 628 1007
903 3 621 641 1118
599 6 305 489 802 1323 1678 1725
64 2 1155 1156
1820 4 603 1042 1152 1608
1863 1 582
1205 1 1827
383 5 402 1185 1400 1424 1871
620 4 128 147 889 1835
947 4 166 597 876 1670
1384 3 626 1336 1622
1145 4 1044 1380 1664 1740
980 6 288 1212 1548 1898 1923 1943
528 4 791 1087 1248 1410
1087 6 816 1010 1243 1331 1484 1654
586 3 1105 1551 1910
1829 6 75 883 893 1117 1145 1979
1894 4 567 1262 1298 1814
1567 6 508 752 919 1171 1307 1772
257 1 1828
214 4 46 861 1309 1927
1211 2 1454 1921
1539 5 309 1318 1367 1507 1533
647 5 783 1644 1672 1813 1895
94 3 414 511 1266
1566 1 770
1486 6 369 601 1010 1018 1429 1856
1416 2 298 829
804 7 45 765 1016 1026 1493 1537 1571
1907 3 203 846 946
1434 5 330 748 968 1119 1611
1477 3 238 722 1617
1208 9 667 860 868 1242 1412 1562 1762 1934 1975
1466 3 1146 1889 1918
1717 8 350 378 656 882 1019 1649 1651 1669
213 3 36 126 915
374 3 126 1612 1928
1670 6 59 1085 1152 1237 1418 1758
1574 6 304 420 477 700 1879 1997
1075 2 1144 1298
1773 5 102 701 825 1725 1884
295 3 374 931 1503
547 6 414 627 724 906 1242 1613
1079 2 163 294
922 3 722 726 833
981 8 62 535 758 875 1099 1570 1614 1953
874 5 199 558 832 1423 1626
760 4 770 1034 1122 1514
845 1 1026
703 6 227 266 897 969 1016 1873
939 4 93 144 1520 1941
1288 2 207 1706
1232 2 534 1370
549 10 30 436 523 733 799 1032 1067 1213 1332 1607
327 6 461 537 698 1303 1327 1478
155 1 1563
881 4 1527 1656 1967 1979
274 3 168 626 716
230 4 17 1028 1363 1687
1138 3 376 603 1986
471 4 829 863 922 1389
575 2 928 1563
1246 2 220 738
637 8 280 285 538 696 1198 1290 1667 1960
1332 4 237 450 1389 1902
805 4 142 535 1206 1458
1513 5 165 414 961 1465 1679
1763 5 270 1420 1431 1566 1666
746 1 360
358 10 178 183 352 748 799 903 1353 1359 1973 1991
1285 7 72 517 616 909 1096 1261 1875
1338 1 254
1424 5 362 436 677 935 1577
1858 3 1321 1396 1497
1031 1 894
1543 8 76 288 367 557 1056 1490 1620 1905
81 5 487 546 873 906 1786
1520 6 49 69 97 681 981 1217
1345 3 494 911 1484
248 4 217 959 1127 1707
986 1 1600
1448 8 27 249 349 484 615 1588 1650 1770
809 3 24 248 1162
1716 1 1876
1647 5 421 631 638 983 1752
921 2 54 1780
970 3 92 269 348
628 6 12 931 1263 1617 1811 1930
623 4 257 275 956 1247
1360 4 339 869 1242 1567
154 8 416 982 1155 1290 1415 1472 1819 1826
1549 3 737 1363 1406
1180 5 815 1071 1417 1452 1653
120 4 599 959 1410 1500
1326 6 1313 1358 1370 1427 1481 1819
400 4 1115 1644 1986 1991
1344 2 897 1925
1098 2 587 1150
1895 3 102 491 1433
287 4 332 336 389 1028
1849 3 298 446 1494
153 3 616 1245 1473
1347 3 168 1010 1120
1437 4 94 533 917 978
1165 6 1184 1230 1287 1587 1726 1907
1628 2 795 1065
1870 4 149 156 1501 1942
1843 1 597
1775 4 71 120 542 661
389 5 367 1032 1232 1496 1921
1224 1 695
900 2 27 1719
1676 4 429 563 933 1454
537 8 236 274 337 366 833 1497 1627 1808
324 2 478 1782
1461 5 602 1214 1403 1651 1703
1506 3 186 543 635
3 3 344 1356 1404
168 5 155 245 1194 1237 1536
1110 4 29 162 376 447
681 2 789 1587
750 6 112 411 1204 1276 1495 1675
1663 1 1267
1510 3 5 1295 1713
24 3 521 1301 1540
1687 3 887 939 1779
1605 3 342 800 1552
390 8 266 878 1060 1264 1465 1692 1912 1989
69 3 294 1789 1946
557 2 1605 1966
208 4 481 1100 1372 1748
1 5 188 228 285 1297 1870
1797 2 1601 1855
1117 3 83 910 1648
1376 5 345 990 1475 1704 1920
855 5 118 436 1208 1473 1616
135 4 416 432 648 671
319 2 311 831
1900 3 152 662 866
1129 3 742 825 1173
1912 4 26 447 570 802
13 5 71 325 1906 1917 1921
1497 4 759 864 1055 1214
1229 6 142 809 1246 1264 1404 1410
1872 1 32
966 3 300 499 1537
649 3 343 657 962
578 7 226 430 680 1254 1537 1681 1682
1125 4 579 1006 1538 1614
532 5 228 250 337 685 1605
221 2 754 1081
338 6 64 912 959 1559 1774 1941
1215 4 558 1381 1397 1881
1256 6 339 607 692 964 1230 1315
396 3 13 731 1096
275 5 393 568 957 1116 1403
1807 4 759 1028 1882 1980
1118 3 253 531 699
1460 1 1580
304 5 355 430 804 1526 1576
983 1 1006
800 5 201 663 1124 1536 1621
307 2 155 997
1078 3 383 1061 1787
1743 5 97 900 1090 1455 1542
780 5 641 663 1260 1826 1987
1861 5 200 594 746 1129 1658
481 4 1021 1680 1731 1777
714 6 99 257 611 1202 1946 1979
1141 5 158 447 703 1444 1847
97 3 1041 1226 1756
1113 8 314 580 656 971 1056 1360 1609 1800
1156 9 143 199 219 420 883 948 1501 1819 1897
1892 2 1190 1935
1694 7 49 470 710 1001 1019 1456 1741
1198 5 198 262 474 1432 1942
1188 5 620 1277 1337 1849 1860
244 5 185 453 1307 1525 1776
1026 2 890 1653
259 2 1084 1876
143 6 93 345 463 582 1556 1750
791 6 81 310 925 1255 1555 1964
1323 7 590 817 826 946 1137 1161 1473
1404 6 436 441 752 870 1673 1764
1142 2 190 1528
571 6 764 822 1043 1458 1498 1904
404 3 52 188 1627
1875 1 807
245 5 510 557 924 1850 1985
334 2 1118 1868
460 2 10 997
545 8 26 657 948 1527 1608 1707 1907 1991
636 3 342 993 1667
1908 3 794 1704 1996
605 5 126 349 628 822 1922
263 10 78 93 360 869 929 1216 1319 1922 1923 1966
260 3 1084 1392 1889
946 4 333 422 515 699
1122 2 1150 1864
1905 2 1181 1538
315 4 66 292 410 1692
987 3 458 478 666
728 5 138 278 975 1027 1612
580 3 778 1255 1833
679 7 43 330 469 700 986 1430 1762
61 3 86 1608 1895
655 4 871 1022 1242 1453
930 6 199 591 684 757 1611 1695
1898 3 74 771 1164
720 1 1702
1438 6 418 926 1115 1198 1631 1816
1728 2 447 637
1290 2 1815 1848
1083 4 375 442 600 1508
639 5 29 300 561 1129 1513
1253 3 1151 1264 1675
968 4 167 572 1004 1500
96 2 250 1562
1741 5 128 277 1360 1477 1560
1379 3 331 699 1787
318 5 647 716 1078 1558 1596
1878 3 1294 1545 1557
161 6 130 758 1052 1258 1616 1979
1349 2 1052 1393
1412 4 584 690 704 1114
473 5 707 1528 1663 1962 1965
1522 4 169 454 1146 1580
1195 3 494 763 1015
648 7 325 473 635 1222 1546 1857 1914
282 2 542 1521
1328 2 1313 1360
1739 3 582 821 1163
1172 5 167 435 510 1292 1932
1265 3 852 924 1700
866 3 449 1045 1820
354 2 190 394
814 2 93 738
31 4 275 542 1117 1234
450 5 271 396 886 1578 1941
361 3 819 1134 1213
333 3 120 977 1251
1736 3 119 1522 1533
502 7 115 390 455 528 671 1339 1529
1403 4 1075 1092 1606 1976
1064 6 1379 1636 1693 1761 1893 1902
563 1 1926
824 4 50 703 1504 1618
1377 6 263 943 1069 1447 1548 1830
1627 6 319 378 529 1310 1677 1999
683 2 624 1834
1408 3 1016 1239 1769
1219 2 179 1488
71 2 35 635
1527 3 629 1750 1868
958 2 1534 1987
779 2 12 1266
755 5 11 343 1264 1733 1799
249 6 162 188 605 1620 1850 1857
803 6 143 308 560 1070 1190 1643
45 6 65 272 539 547 632 1099
1407 5 69 1162 1166 1807 1820
802 6 65 1146 1251 1431 1597 1920
1375 3 325 825 1568
1058 4 313 353 555 582
713 3 577 627 1326
127 4 337 1110 1337 1354
1598 3 219 1464 1655
1436 4 1572 1850 1929 1943
698 4 225 442 509 723
1612 2 540 1994
475 3 831 1037 1489
1625 3 754 1047 1642
1280 3 733 1704 1791
1044 1 1126
705 2 733 1618
70 7 165 544 694 969 1080 1227 1697
1355 1 1153
124 1 729
1286 3 13 493 1333
1485 7 136 293 746 1212 1392 1492 1773
87 4 456 495 1713 1762
1818 2 643 1186
669 7 52 708 1359 1390 1521 1547 1832
1105 3 20 1253 1911
440 3 344 780 1153
1137 3 745 1040 1498
301 5 139 226 885 918 1046
1833 4 240 451 1241 1888
1547 4 3 872 1153 1492
115 5 36 201 553 802 1214
416 3 1014 1266 1482
409 2 1411 1972
145 5 268 1347 1438 1563 1787
1523 4 383 1029 1152 1737
1022 8 544 587 614 1130 1296 1386 1451 1573
1182 1 1770
751 3 4 1223 1635
1393 5 248 371 1068 1170 1412
556 5 144 208 1635 1741 1947
1331 1 967
489 4 35 342 1147 1580
991 3 319 748 1414
1800 3 39 1356 1661
1235 3 1087 1287 1903
985 3 733 1672 1948
1032 3 553 970 1637
568 4 677 701 1484 1697
954 5 253 339 720 1274 1340
826 3 290 1446 1539
95 3 306 1041 1555
1733 5 261 309 739 1093 1612
916 7 172 570 1156 1302 1613 1649 1667
1783 5 22 451 1126 1792 1968
1281 2 1574 1742
721 7 44 119 339 417 616 1689 1987
1696 2 571 582
1751 5 454 514 849 1403 1415
643 7 26 267 1014 1061 1202 1301 1438
831 3 1197 1504 1673
1144 2 299 767
495 5 144 322 1784 1816 1945
136 2 826 1921
1071 1 310
1005 3 574 1521 1995
1606 3 1270 1386 1636
1794 5 371 460 530 1166 1447
527 3 159 1189 1334
1236 5 415 686 754 1524 1736
979 6 553 576 1441 1783 1974 1984
1427 5 120 884 1025 1378 1526
1047 4 647 772 787 1947
336 4 271 984 1111 1473
36 4 551 1103 1706 1808
291 2 456 1683
86 1 1914
777 3 73 78 506
62 4 28 145 571 1111
829 2 840 1798
234 4 562 883 1849 1895
516 5 448 740 909 1186 1253
523 3 678 803 972
1624 2 1539 1915
1916 3 555 1965 1966
1414 9 43 421 661 763 1109 1217 1271 1577 1968
870 5 301 349 501 902 1557
101 4 155 180 299 1933
212 2 861 1124
1367 3 569 1724 1802
1493 3 306 319 1528
901 4 198 264 563 1927
574 3 344 1591 1975
816 5 237 508 808 1032 1977
1483 2 675 1957
130 6 108 215 485 653 1450 1729
1803 3 726 912 1953
1711 3 902 1563 1827
1320 4 67 1049 1130 1186
1444 2 709 1548
1639 1 1882
932 6 101 129 328 398 1332 1723
1865 4 188 733 806 1453
220 3 525 1649 1882
1097 4 2 610 965 1101
492 2 850 1736
781 6 115 931 951 1527 1895 1966
329 4 11 759 1905 1939
258 1 1742
1410 3 97 175 749
1686 9 92 331 578 1026 1247 1385 1619 1865 1963
401 5 274 536 1353 1356 1713
611 5 702 727 931 1427 1710
775 4 756 1121 1541 1931
885 2 891 1504
184 4 191 787 887 1502
52 7 354 441 834 1004 1684 1692 1769
1085 5 147 573 827 857 1112
1234 3 1486 1663 1902
386 3 147 549 1934
1289 5 395 433 640 1709 1815
577 4 16 37 1533 1939
584 3 17 414 1645
1554 5 1070 1797 1840 1978 1986
1744 1 550
513 4 281 318 699 1773
392 3 877 1238 1293
616 3 940 1538 1609
1840 4 338 527 719 818
591 2 131 912
877 4 6 1116 1874 1924
218 2 168 210
1770 2 654 1297
691 4 779 1019 1198 1865
411 5 312 1170 1467 1599 1992
1168 3 1361 1472 1643
515 3 413 903 1085
869 3 1014 1027 1262
1160 3 38 392 534
91 6 52 224 682 1209 1319 1989
1127 2 96 894
26 4 280 400 682 1315
149 1 1908
1846 2 211 802
1750 3 166 523 529
480 1 1347
1668 5 640 711 903 1788 1846
1831 5 1335 1435 1654 1787 1918
1573 3 1107 1422 1699
1012 3 512 688 1181
570 4 134 630 732 959
1842 4 229 334 994 1273
1038 1 995
1528 4 335 1273 1437 1843
650 3 556 1594 1790
4 4 564 841 1512 1714
633 3 1142 1800 1909
488 4 174 491 806 1481
1859 4 52 579 1154 1325
561 2 142 786
82 1 544
1855 3 752 1186 1609
326 4 318 573 852 1798
1801 6 258 520 596 685 1005 1608
762 4 452 934 1621 1880
110 2 835 1872
1512 5 45 151 451 1538 1975
1599 3 552 561 1521
1010 5 575 707 740 1230 1802
924 3 367 1029 1070
1278 3 247 1794 1944
1228 3 221 425 1541
622 5 38 817 1715 1878 1982
325 6 327 817 959 981 1562 1803
997 6 306 891 1373 1524 1724 1850
1536 6 60 276 594 1484 1655 1857
1650 4 525 1018 1523 1877
615 2 15 1812
934 4 312 460 552 1015
756 4 83 461 894 1919
1116 1 544
1002 4 354 646 898 1710
1749 2 1312 1340
1024 4 970 1219 1690 1856
1590 7 63 966 1270 1281 1327 1685 1700
147 5 443 1016 1331 1441 1474
1790 9 13 386 534 859 955 976 1002 1113 1359
1652 7 470 1020 1108 1554 1604 1614 1857
406 5 325 352 503 614 1282
1183 5 24 813 852 1512 1778
1464 2 908 1289
548 3 27 772 1484
773 3 34 504 899
485 6 615 1475 1514 1561 1810 1828
66 2 133 673
7 4 310 582 1491 1560
454 3 346 944 1217
1886 2 126 681
1487 6 102 212 259 637 1224 1442
1531 5 439 492 1252 1492 1978
55 5 52 784 901 1052 1216
1077 4 152 670 1147 1739
347 3 170 607 1240
224 4 525 893 1405 1697
961 3 501 1462 1635
37 6 55 159 576 1078 1301 1885
603 4 534 667 1034 1793
437 5 29 299 452 647 1046
613 3 507 716 1465
1844 5 293 701 1431 1461 1870
844 3 1047 1219 1734
1151 4 170 604 1043 1268
138 3 63 223 1551
1571 1 941
151 2 103 1132
592 3 112 251 953
630 3 845 1155 1752
1618 3 1209 1896 1924
1292 1 336
385 4 102 117 518 1969
172 3 779 1462 1705
1587 4 56 211 852 1836
348 3 154 248 1260
770 4 56 676 1484 1838
1806 1 1585
1909 3 143 1132 1818
152 7 124 137 518 1120 1436 1482 1998
1838 10 114 123 414 427 761 846 1505 1651 1752 1945
223 5 1 352 941 1699 1885
1544 1 1127
667 3 474 1314 1395
507 2 1049 1817
959 4 506 1004 1059 1428
375 6 3 605 973 1030 1718 1803
596 1 1216
1631 5 785 1297 1514 1723 1758
1049 4 483 893 1166 1529
1343 3 25 117 1336
363 5 8 147 1110 1420 1545
1199 4 54 94 222 1336
225 2 1149 1948
356 2 65 1479
1329 5 450 872 1317 1372 1797
632 2 310 398
1580 2 61 1603
687 2 129 1506
1697 6 300 345 405 777 1369 1606
827 1 1958
608 3 319 863 1504
1655 5 474 883 1139 1688 1929
1611 4 174 338 608 871
595 4 76 1109 1792 1793
1822 3 84 481 1060
820 1 442
815 3 703 849 1524
1432 5 259 993 1129 1240 1895
193 5 1069 1157 1362 1873 1901
1610 3 634 683 1287
128 6 310 422 530 1459 1800 1824
1570 7 72 163 732 989 1023 1091 1737
1509 3 345 1585 1913
1451 5 73 899 998 1840 1941
1563 5 149 614 968 1440 1721
1149 3 502 794 1424
878 3 327 395 1642
579 4 208 391 482 1188
1135 8 78 351 698 900 957 1026 1339 1391
22 3 183 294 1965
863 2 243 409
837 8 165 208 517 568 599 723 1457 1998
346 5 152 191 1573 1862 1990
1458 4 266 352 1346 1767
1576 2 351 992
1488 5 87 606 1287 1541 1603
237 5 613 656 951 991 1852
1201 1 427
1472 5 26 230 941 1758 1998
1906 4 322 510 833 1726
328 3 981 1431 1873
122 3 635 1006 1571
313 2 782 856
1054 3 294 392 1462
1227 2 1169 1813
474 4 199 464 610 1994
989 6 149 158 1229 1342 1555 1922
1546 6 181 357 1061 1325 1574 1971
789 5 155 1040 1477 1607 1882
1633 2 1070 1129
1447 5 681 811 958 1500 1692
1258 3 96 1084 1915
1564 5 284 388 448 684 1455
1025 1 1697
1582 5 115 255 521 972 1604
1302 4 392 694 709 1082
177 3 253 795 962
1006 6 244 311 389 658 1297 1717
732 2 2 901
671 5 190 273 474 1220 1814
1003 3 1132 1418 1468
505 7 372 728 1039 1119 1195 1692 1796
1714 2 225 1439
1635 4 95 480 851 1156
682 4 37 540 756 1078
1420 4 526 633 1055 1906
1185 2 251 954
841 3 819 935 1967
864 4 504 1086 1476 1884
1317 1 1718
1313 7 503 551 596 796 1679 1686 1880
1007 3 241 759 1920
834 3 1090 1359 1400
1353 2 1105 1841
853 2 1074 1318
1729 4 1006 1651 1687 1751
846 6 151 274 865 933 1475 1618
581 4 161 374 1249 1446
159 4 744 916 1041 1607
49 3 1427 1591 1850
1467 1 395
1850 4 454 511 935 987
1817 4 234 247 761 1713
1737 3 243 489 1168
1629 3 130 284 1562
1173 3 329 1166 1582
30 4 570 649 840 953
876 6 288 328 671 1063 1542 1964
817 3 544 771 1174
1873 4 57 166 175 935
1882 2 1001 1391
93 4 23 600 961 1782
1220 2 706 1399
743 5 480 729 1541 1697 1890
378 5 928 1155 1163 1463 1680
1595 2 202 1777
1535 2 412 433
203 4 451 962 1153 1330
810 1 1311
1259 6 473 714 975 1463 1545 1907
1649 2 1093 1225
1067 6 506 575 1140 1216 1812 1943
1548 5 86 509 1197 1295 1328
442 2 252 1062
646 2 1881 1945
730 2 618 1772
1816 2 901 1969
183 5 255 745 840 1132 1888
1387 6 31 526 784 1141 1506 1926
1723 5 734 1523 1548 1600 1859
982 2 105 1173
1558 3 1714 1777 1850
912 5 69 301 360 914 1270
1084 6 36 125 1240 1775 1838 1956
360 4 685 734 970 1145
1603 4 252 1036 1247 1900
994 2 169 981
1699 4 538 669 999 1369
1175 3 635 1053 1628
434 8 168 309 1285 1377 1414 1522 1539 1783
1481 5 32 184 936 1047 1585
1721 4 938 1674 1846 1869
799 5 91 650 945 1083 1797
1517 5 343 483 516 1213 1877
72 3 138 1617 1689
206 5 75 157 493 776 958
1653 7 7 511 625 1290 1613 1839 1881
1764 4 328 550 1238 1822
139 4 136 423 596 803
519 2 392 892
251 2 1506 1984
59 4 40 145 640 848
715 7 87 305 1060 1203 1259 1403 1813
100 8 10 346 390 1088 1254 1361 1434 1466
341 2 1329 1743
1813 3 362 501 738
1121 4 104 368 548 1915
1111 4 800 874 1163 1391
1782 8 422 495 605 897 984 1538 1756 1906
1398 4 150 794 1313 1638
1315 3 260 678 763
692 5 119 694 851 1265 1585
890 5 296 331 552 1014 1188
572 2 14 881
978 4 642 1427 1432 1628
740 1 1916
53 4 307 1651 1693 1992
838 4 714 830 1013 1361
662 2 463 1231
1374 4 488 1390 1487 1599
1914 4 79 545 1025 1194
668 5 223 245 451 1288 1450
1034 3 113 581 1074
533 3 754 811 1317
281 4 180 720 1641 1899
181 4 321 1426 1470 1581
1592 6 388 428 626 682 1207 1668
748 3 80 1120 1264
764 6 459 889 933 1427 1557 1705
931 4 257 469 1090 1120
1327 4 532 918 1124 1481
684 5 459 840 887 1447 1519
1557 3 882 1492 1568
1309 2 39 1687
862 4 34 115 260 1142
1911 2 307 1237
6 4 327 635 996 1004
344 3 663 1955 1989
1913 5 229 418 1382 1412 1930
706 5 841 1311 1897 1950 1981
609 3 810 1728 1849
1268 1 1044
196 1 1105
1053 2 553 750
1065 4 427 666 1313 1376
1802 4 658 1032 1614 1892
1609 8 212 406 876 891 933 1313 1671 1706
466 6 129 554 574 613 693 1141
1359 1 410
1883 4 1081 1350 1885 1928
769 2 1589 1789
217 4 909 932 1722 1773
1791 6 134 189 1126 1133 1279 1454
1884 5 496 1140 1149 1660 1728
664 3 923 1252 1342
39 1 836
654 6 293 606 648 862 1339 1924
1674 2 993 1589
1361 3 544 565 1594
941 4 637 923 1849 1949
920 5 294 835 919 1230 1944
1019 2 1897 1933
1276 4 77 1010 1305 1927
1351 5 25 271 598 1328 1634
1089 3 282 498 1089
1779 3 894 1168 1816
187 4 231 421 1128 1400
1237 3 497 841 1587
377 1 662
672 4 385 837 913 1428
1130 3 195 584 1969
1796 2 1492 1996
1009 1 469
1746 2 773 1076
1821 4 251 1165 1472 1713
565 3 1089 1353 1576
1593 6 439 1350 1425 1447 1524 1710
1727 1 1951
1534 3 603 1282 1574
653 5 466 751 1140 1270 1555
253 1 438
1888 1 932
879 4 747 1249 1347 1523
675 6 155 203 606 1342 1799 1936
1226 3 1373 1447 1584
452 5 255 604 777 1408 1681
1042 8 50 342 358 423 719 785 880 1620
886 2 247 1037
1426 5 148 566 919 1859 1988
1672 2 84 281
1300 2 1261 1486
566 3 294 731 1326
10 2 1146 1232
965 4 24 203 257 629
635 2 1081 1941
1050 5 1445 1449 1664 1679 1935
1170 6 333 568 647 884 1220 1338
859 4 200 679 1292 1687
1811 5 551 810 1076 1604 1873
685 5 248 931 1035 1640 1816
1910 4 238 651 662 1459
236 3 24 1387 1403
1348 5 243 366 457 1054 1197
1795 5 290 758 824 968 1716
1382 3 1615 1633 1658
1271 6 438 830 967 974 1046 1357
1762 5 133 244 290 1162 1277
670 4 348 636 898 1573
133 4 116 330 1407 1741
1389 4 2 261 381 1664
1102 5 251 258 968 1098 1355
47 3 4 871 1304
1088 3 333 1516 1659
704 4 46 244 590 1307
852 6 588 817 1137 1187 1623 1942
614 3 470 500 1726
1207 4 918 1219 1412 1457
1452 4 468 584 1098 1462
1604 4 650 1710 1875 1906
1754 3 1069 1102 1807
458 3 663 1442 1525
158 4 453 950 1171 1835
585 4 3 246 287 538
1272 6 453 1159 1160 1334 1597 1715
1163 2 1067 1811
1562 3 502 803 1931
1378 3 668 910 1528
1478 4 164 347 644 1448
975 6 218 345 787 900 988 1306
1622 5 106 418 892 1010 1681
104 3 241 256 479
79 4 166 834 958 1114
602 7 361 375 611 1252 1608 1800 1803
955 1 123
995 2 645 1900
18 6 464 882 1743 1766 1848 1941
350 6 431 989 1052 1573 1892 1972
1274 3 705 1659 1749
1241 5 289 308 1104 1385 1775
1194 8 196 310 378 1134 1164 1534 1730 1786
552 3 1519 1532 1986
197 4 128 670 1295 1535
1761 1 1267
451 3 932 1196 1703
1459 4 595 1203 1421 1704
88 1 167
1251 6 163 603 744 838 1161 1738
1785 5 327 1008 1035 1143 1844
967 3 504 775 1724
1581 3 300 351 878
78 2 1574 1865
1851 3 35 938 1507
1445 4 346 718 1605 1828
462 4 418 826 1230 1342
1333 3 813 1065 1927
709 3 123 802 1928
240 4 83 601 946 1256
1583 5 436 584 1090 1658 1747
140 5 740 894 1387 1547 1764
1449 3 454 618 1089
1533 3 333 837 1392
9 2 223 483
882 7 138 444 732 1110 1649 1651 1690
60 3 64 1500 1721
1897 2 377 701
216 3 1311 1464 1507
270 5 548 633 1430 1437 1972
1619 1 1952
1519 6 257 331 549 564 945 1824
1847 5 440 821 847 1059 1553
1747 6 50 417 501 639 1167 1682
583 6 325 480 1306 1706 1962 1999
843 3 182 1178 1714
1866 6 212 741 1039 1561 1579 1734
1340 4 971 1060 1479 1792
1718 2 220 282
792 1 341
1260 3 295 1720 1797
534 2 449 1585
895 4 1047 1141 1470 1853
517 3 161 785 1284
1099 3 574 827 1863
1322 4 88 726 1294 1786
1368 5 1115 1259 1430 1520 1667
1516 5 28 153 431 735 807
964 7 130 451 681 771 1110 1338 1615
494 3 644 1248 1366
1385 4 491 849 1334 1683
1657 2 401 1947
1505 7 160 598 605 927 1543 1797 1849
1293 4 359 1601 1801 1810
673 9 485 570 838 1222 1296 1354 1416 1596 1653
1454 1 684
1016 2 1294 1435
806 5 66 465 918 1597 1750
1189 6 13 134 968 1112 1546 1902
1056 2 1207 1923
317 3 354 581 961
910 1 956
1709 9 4 776 933 1262 1538 1602 1681 1748 1872
322 1 1830
299 2 159 268
1240 4 20 176 1149 1806
996 4 809 1007 1302 1903
695 3 205 906 1579
430 1 1634
1823 3 338 1078 1359
1014 6 508 823 1175 1197 1258 1891
1046 2 348 1196
998 2 1452 1573
1020 3 584 726 1880
1659 2 262 1736
252 5 200 201 1476 1733 1961
506 1 374
131 5 255 418 442 687 1433
659 4 580 792 1031 1153
1698 4 68 722 929 1358
352 2 823 1301
368 3 1061 1069 1457
500 6 59 236 625 900 920 1356
587 1 910
1789 2 1378 1580
969 7 150 805 838 973 1100 1168 1169
1062 5 318 1081 1388 1833 1994
1496 4 452 693 1234 1437
898 3 932 1107 1117
567 3 732 840 1926
1591 5 899 1328 1581 1740 1986
801 3 191 448 1819
1037 7 335 342 727 1207 1456 1795 1814
272 5 14 1242 1406 1504 1654
1896 4 126 1686 1718 1761
1104 1 1406
1845 5 38 491 658 1817 1910
1115 8 90 381 817 1094 1166 1281 1298 1625
1106 3 63 1611 1981
1028 10 611 641 672 675 821 1087 1286 1476 1641 1989
1159 2 496 1738
808 4 64 424 565 1781
1732 1 416
1552 6 68 572 948 1124 1640 1795
1202 5 37 1092 1108 1397 1645
242 2 23 437
102 2 877 948
1769 5 396 680 1115 1117 1620
1738 4 306 794 1159 1973
1867 2 361 1228
1397 1 1226
1702 4 182 1303 1609 1998
1148 3 0 557 1440
510 1 421
407 2 212 1467
1720 3 721 1013 1422
57 5 456 1057 1090 1139 1744
1197 3 337 402 657
625 4 56 88 169 1436
192 4 284 576 1465 1520
686 7 149 452 1017 1080 1183 1407 1491
1812 7 97 172 503 870 1548 1673 1784
1815 3 11 281 1030
1249 3 367 1168 1781
1029 4 244 277 489 1243
1094 4 1405 1417 1689 1708
1279 3 1273 1290 1296
590 5 518 1395 1616 1657 1728
1641 6 239 288 389 641 927 1301
1095 2 331 1103
993 6 243 314 917 1385 1883 1895
446 6 83 283 544 749 1141 1311
1832 6 734 767 1091 1228 1259 1290
1678 2 571 847
342 5 285 947 1003 1960 1965
661 3 1464 1687 1739
782 4 132 571 740 747
1275 4 591 657 1124 1473
1060 5 809 836 1178 1658 1687
1186 7 631 660 823 1173 1495 1552 1804
917 3 1180 1587 1950
457 6 1277 1523 1568 1719 1730 1940
23 3 605 789 1528
1621 2 92 541
1086 6 632 987 1188 1355 1766 1979
246 4 283 1213 1546 1708
1386 2 723 1257
160 5 36 257 463 1690 1704
1242 4 105 264 1175 1533
1402 1 15
439 4 736 1258 1638 1712
767 4 290 1017 1191 1965
551 7 74 191 403 498 1101 1376 1647
435 5 296 1191 1510 1648 1998
610 4 189 810 882 928
1654 5 579 958 1202 1272 1630
1136 4 154 246 442 595
1190 5 130 366 605 950 1180
1177 6 523 529 543 1143 1327 1431
940 3 549 1203 1623
589 2 421 1169
1004 2 130 1906
1231 2 981 1301
80 4 25 1072 1481 1877
1890 4 93 572 596 900
1679 6 551 768 824 951 958 1774
1255 5 260 374 531 1601 1967
700 1 1476
761 3 291 1543 1569
1383 6 544 570 689 695 1627 1912
63 2 222 697
1140 3 117 1130 1972
926 3 527 1231 1608
189 7 174 203 820 1208 1285 1851 1853
1263 7 2 306 506 721 1019 1212 1242
739 1 1475
828 5 48 287 403 761 1428
482 5 245 552 891 1316 1843
312 3 264 1246 1311
772 5 39 241 1215 1641 1768
754 5 34 440 589 1434 1683
840 6 193 235 448 757 1129 1365
394 4 333 587 1688 1759
1651 5 271 1155 1213 1228 1816
398 5 91 781 867 1415 1482
933 5 85 669 1190 1349 1608
132 6 68 1174 1364 1377 1529 1964
626 3 749 1490 1673
1473 2 76 1215
776 4 253 1341 1637 1834
1023 2 558 1834
1442 5 13 25 862 896 1476
1500 5 44 654 972 1293 1471
497 9 505 749 998 1344 1378 1379 1647 1695 1947
1704 2 68 1033
1284 4 374 886 1194 1603
1781 3 53 1320 1339
1225 5 447 1096 1126 1174 1206
727 6 262 382 883 968 1097 1899
1891 4 20 919 1021 1489
918 2 842 1308
1712 2 721 804
256 4 399 718 894 998
29 2 1186 1692
43 6 65 1389 1414 1730 1784 1945
1052 3 151 757 983
1435 4 1447 1588 1589 1836
306 2 1135 1807
1830 3 622 1594 1904
493 2 465 1635
723 5 96 384 930 1058 1077
1915 5 280 390 664 949 1264
366 5 33 782 1013 1188 1908
113 2 711 866
1248 3 969 1739 1910
1740 2 1513 1728
1575 3 459 584 742
588 2 979 1790
1550 6 236 380 449 908 1618 1817
1039 5 219 391 1037 1041 1132
1759 7 367 894 1086 1680 1857 1880 1883
607 3 874 1730 1987
541 4 396 477 1290 1894
1287 4 35 63 939 1424
472 1 610
1491 3 835 1220 1828
308 2 462 505
380 4 82 256 304 1988
1685 2 695 1524
642 4 81 872 1020 1277
1881 6 364 387 471 686 696 1737
1314 3 1814 1942 1957
860 3 65 1646 1718
1178 5 110 602 939 1291 1976
1257 5 261 350 456 790 1192
1730 1 127
321 3 203 1162 1294
1695 2 890 1718
448 4 375 1330 1388 1972
1400 6 374 653 851 1051 1198 1564
825 2 132 1726
1471 5 29 47 1293 1368 1452
1469 10 155 624 720 801 1031 1566 1604 1638 1848 1991
1212 5 470 1335 1825 1916 1956
1503 1 47
491 5 66 132 445 544 1578
712 6 128 307 820 842 1533 1703
243 3 877 1078 1387
1439 5 226 372 1186 1359 1402
915 4 245 501 647 1072
20 6 29 39 386 1346 1752 1849
1904 3 350 1467 1572
1147 5 518 689 816 1190 1293
464 3 215 1428 1469
690 4 392 879 1082 1199
1889 3 491 501 1878
186 3 475 1937 1984
1109 8 104 715 989 1064 1102 1222 1262 1580
1537 8 499 602 606 705 800 1394 1550 1768
1868 3 253 371 464
1680 1 1125
1041 3 620 698 980
1139 1 1426
511 4 727 1520 1643 1742
1901 3 286 1385 1462
710 5 729 808 1243 1418 1975
167 6 127 248 332 519 1774 1898
525 4 280 1397 1614 1933
1620 5 173 1065 1640 1841 1917
397 5 11 1160 1757 1809 1819
1798 4 775 981 1097 1324
417 4 640 1241 1248 1820
1786 8 114 136 208 312 638 1153 1584 1810
949 1 1545
1518 3 352 564 830
1553 5 45 234 456 1037 1176
539 5 414 917 1134 1273 1912
1033 3 283 771 1786
209 3 159 820 976
314 4 150 440 725 1909
1096 1 399
1370 3 171 788 1470
873 3 933 1284 1835
1298 4 32 972 1201 1253
1069 2 462 646
733 1 468
952 3 945 1229 1764
484 2 62 583
892 5 1151 1160 1210 1461 1786
233 3 1360 1651 1864
1200 4 426 507 615 1264
222 4 41 1152 1378 1602
990 5 522 1185 1664 1835 1849
1356 4 546 1096 1140 1831
1524 3 89 831 1614
355 3 109 149 1964
279 4 46 72 334 917
693 4 72 201 1770 1930
1525 3 67 867 1629
1339 3 34 1029 1718
1777 4 297 341 1290 1641
1057 5 363 659 706 879 1946
606 6 313 360 881 1302 1674 1747
1484 6 705 717 984 1086 1157 1484
974 5 104 166 1094 1331 1578
1792 4 24 263 521 1656
17 2 1715 1849
238 5 676 1067 1263 1543 1827
1388 4 301 421 1291 1555
1673 8 243 393 592 738 767 876 1516 1977
1222 5 51 245 573 1069 1728
1489 3 283 1097 1120
542 4 65 1653 1730 1923
283 6 946 1059 1151 1274 1467 1713
1277 2 201 1227
601 5 381 954 1439 1604 1725
938 3 4 1501 1907
1143 8 435 628 851 1225 1609 1681 1752 1971
85 8 198 443 522 527 566 1223 1489 1826
1835 4 1006 1012 1180 1844
1494 4 1106 1174 1418 1437
1596 4 566 697 1258 1777
736 3 1158 1187 1766
871 3 663 811 1863
163 5 53 582 757 1417 1849
1312 5 869 919 977 1499 1638
1766 3 1262 1426 1978
868 6 56 423 524 1033 1393 1617
1809 3 385 470 1650
1081 3 220 235 681
1304 3 318 705 1263
1504 5 285 386 1320 1412 1460
92 3 988 1561 1665
1715 3 1054 1373 1512
1734 3 186 855 1577
89 5 212 1074 1113 1191 1913
1597 2 29 401
794 3 676 1183 1946
1692 4 9 309 408 1532
166 4 309 406 1140 1596
410 3 158 431 460
1731 7 54 689 1021 1172 1376 1630 1929
359 5 52 573 574 765 1282
1068 3 1083 1162 1688
569 2 684 909
468 3 105 960 1942
1395 4 289 442 1325 1432
1270 1 783
1254 4 427 509 1632 1778
1682 5 171 177 685 1171 1781
1091 3 1017 1289 1848
204 2 510 925
1634 4 15 686 987 1177
546 4 48 1071 1097 1359
1299 2 730 1335
1644 3 435 1277 1771
629 5 187 340 434 1200 1995
1441 2 640 846
865 7 93 173 603 860 1105 1498 1680
1640 3 490 1660 1836
129 6 166 194 418 818 1120 1246
1556 4 199 927 1969 1997
1602 4 703 705 1342 1824
1708 5 328 543 924 1189 1586
1499 3 11 978 1669
182 4 91 101 1115 1575
418 4 1372 1461 1689 1702
1124 8 186 282 545 1020 1509 1567 1782 1930
666 7 223 420 426 675 1245 1816 1859
76 4 892 1259 1396 1939
35 3 595 1589 1798
663 4 188 938 1225 1718
832 5 144 574 1433 1636 1721
262 3 257 380 1821
1724 3 113 656 1785
1297 5 399 507 1077 1092 1256
1877 3 5 661 1391
483 2 194 479
1827 3 211 1759 1921
680 6 871 882 1133 1389 1683 1899
1093 1 1411
477 3 848 1540 1766
157 7 110 372 444 552 806 1461 1751
232 3 19 1239 1791
1066 4 316 1389 1501 1964
1123 6 347 1176 1431 1461 1515 1829
797 2 35 196
907 5 211 362 936 1182 1262
441 6 320 384 891 939 1528 1922
1613 7 18 513 684 760 770 1344 1583
117 7 1 163 398 966 1372 1495 1688
1283 4 261 614 1150 1538
1350 4 386 595 1336 1784
731 10 34 132 153 302 434 664 1741 1768 1805 1850
604 4 417 459 662 1927
1155 6 32 243 419 503 947 1206
144 4 179 319 1621 1670
1334 5 31 531 958 1431 1970
1035 6 268 360 827 869 1063 1254
1834 5 30 81 365 995 1451
1335 2 86 914
1266 2 479 1059
984 2 1197 1224
1179 5 404 979 1801 1807 1964
1146 4 252 465 888 1919
345 2 1147 1884
310 4 456 1397 1685 1913
67 5 417 603 639 1544 1878
1196 2 458 642
956 2 1820 1888
1885 6 72 699 1070 1418 1565 1723
894 5 42 268 797 1300 1805
1167 4 106 204 732 1296
1470 6 649 684 784 1120 1190 1343
1457 2 357 556
716 6 96 584 706 1238 1344 1566
1264 6 684 736 757 1007 1791 1972
1000 3 455 976 1076
150 3 67 603 1704
503 2 238 532
988 2 497 1034
142 3 417 794 949
1446 5 450 1077 1133 1188 1254
1114 3 275 548 1190
1369 6 272 319 527 769 1101 1353
1689 2 187 1015
1532 3 352 1705 1873
1352 4 602 769 1283 1635
1072 4 465 629 1666 1830
179 4 352 499 1015 1431
778 3 822 1094 1893
470 6 27 308 806 1065 1124 1349
1101 1 1420
957 4 299 607 1135 1295
707 3 1108 1456 1613
1667 3 890 1573 1660
747 3 339 638 1244
688 5 278 618 708 781 999
872 4 489 756 936 1988
173 4 22 182 524 1476
2 4 442 459 987 1728
335 2 391 863
1267 4 675 727 1350 1744
1166 2 1337 1350
795 1 1958
1671 2 1054 1301
942 4 603 819 822 1453
40 11 197 445 463 601 602 609 1044 1352 1429 1471 1818
1453 3 1429 1490 1625
1076 7 176 321 987 1340 1619 1768 1910
288 2 16 1901
906 5 685 1021 1632 1667 1708
194 4 14 91 143 1665
1480 3 700 749 1411
1371 2 727 1349
1501 3 7 168 450
1193 4 716 993 1503 1841
560 6 495 867 1156 1217 1573 1999
1181 3 53 1368 1850
1030 2 151 250
1018 7 59 163 570 886 916 1038 1083
913 2 373 941
1856 5 79 224 336 548 1197
476 4 58 898 1496 1625
911 6 1086 1337 1535 1543 1658 1955
1059 5 439 759 868 1023 1672
1626 3 341 771 1619
278 4 778 1651 1708 1937
935 4 947 1522 1741 1865
621 5 803 1334 1388 1398 1816
56 6 129 450 517 565 1355 1582
108 3 120 679 1352
880 2 790 1958
702 5 616 1718 1723 1759 1975
1757 3 183 1245 1614
134 2 1809 1824
1291 4 42 969 1063 1817
1780 5 211 742 924 1258 1833
351 5 1006 1023 1144 1199 1226
763 6 84 771 948 1281 1873 1964
737 5 407 833 1408 1539 1789
1399 4 406 556 965 1953
902 5 2 57 414 1433 1448
1600 4 56 235 306 956
445 3 218 473 1546
725 5 231 268 1023 1329 1549
1661 4 506 900 1001 1243
453 4 148 576 673 1314
1015 3 676 758 1745
1853 4 678 1202 1398 1927
199 3 122 1298 1476
433 4 769 1001 1317 1401
851 4 2 255 744 1035
1152 3 254 488 1518
1585 4 618 788 1782 1787
456 3 201 270 1958
1074 3 111 1398 1670
1318 4 278 807 987 1587
311 2 1609 1979
1799 2 504 1878
640 4 45 199 1123 1190
1758 2 720 1902
271 2 806 1191
74 3 146 484 563
1683 6 80 177 772 1043 1247 1665
971 7 8 301 915 1298 1396 1497 1834
1161 6 726 1227 1292 1426 1578 1681
292 4 662 791 1298 1555
1614 7 37 149 757 1006 1050 1448 1620
1132 1 1318
1027 2 17 633
1690 4 444 1175 1478 1680
27 3 38 272 1681
1017 3 36 335 1541
504 6 606 645 681 1629 1678 1878
701 7 123 223 584 974 1058 1091 1463
1836 4 475 557 1511 1639
526 4 1025 1197 1903 1993
215 6 544 724 726 1141 1704 1921
529 3 481 709 1169
521 1 1740
487 4 958 1285 1644 1827
202 2 34 65
543 1 188
1502 4 502 942 1037 1812
73 1 1806
1701 4 98 285 792 1912
1748 4 46 182 611 1070
796 4 567 858 1041 1276
784 2 13 1358
1719 7 186 260 531 545 946 1377 1595
597 1 482
1430 6 206 432 530 1159 1313 1962
239 3 379 853 1942
1354 3 1271 1615 1862
255 3 238 458 1487
1705 2 80 1452
190 4 539 731 735 1898
944 3 405 988 1224
858 3 600 1364 1442
1713 4 340 1309 1473 1776
349 7 200 539 1118 1348 1371 1677 1724
929 7 49 248 337 849 1005 1204 1788
112 1 775
660 2 1269 1439
297 2 87 1974
875 2 579 1599
759 5 766 1186 1208 1524 1959
469 3 360 1007 1212
757 2 568 1691
1468 6 1246 1533 1546 1768 1858 1932
842 6 631 1276 1290 1337 1503 1666
573 5 374 1016 1340 1788 1923
1559 5 649 666 1079 1202 1940
1372 3 52 1003 1444
1568 4 1486 1629 1634 1973
1804 9 255 362 379 562 951 1007 1153 1247 1680
1707 4 264 303 943 1762
339 2 508 1620
1394 6 103 483 509 996 1400 1597
793 2 781 1052
1325 5 14 264 495 1334 1661
1401 3 841 865 1445
1825 2 68 899
553 6 454 527 600 928 1279 1967
857 9 121 330 460 472 919 1349 1607 1726 1992
1662 4 55 656 856 1122
1164 4 906 1087 1422 1448
337 3 713 1007 1801
426 7 31 339 348 408 1082 1524 1579
1572 7 243 1336 1561 1717 1771 1928 1989
156 5 363 653 946 1843 1942
449 2 418 437
1061 6 134 1022 1425 1495 1613 1767
908 2 662 967
1171 4 163 240 391 1715
665 2 175 1331
1772 4 71 1110 1127 1518
231 1 765
1419 6 303 559 1207 1223 1494 1999
861 4 393 676 764 1365
1380 4 343 536 902 1402
1321 4 172 417 878 1264
1594 3 97 771 1154
227 2 868 1341
1244 3 946 1068 1123
294 4 150 952 1578 1630
1296 3 107 414 1827
68 3 1058 1603 1849
1342 1 1720
211 4 220 640 962 1331
98 7 25 803 1290 1349 1390 1558 1763
696 7 409 440 954 1155 1469 1806 1835
1048 4 392 1582 1645 1845
432 5 56 150 321 526 553
303 3 250 309 1179
514 5 158 429 932 997 1791
558 3 529 856 1901
1421 6 325 364 439 1505 1561 1800
58 2 405 936
1607 2 976 1794
170 3 419 1471 1652
1893 2 121 949
807 2 215 1447
1080 5 421 725 1154 1490 1885
1540 3 955 1761 1859
1700 2 275 1706
889 6 8 315 370 633 1129 1884
818 8 169 819 971 1092 1099 1334 1752 1762
373 2 372 1025
387 3 21 105 1210
1221 3 782 939 1959
656 6 829 906 1015 1226 1354 1621
428 3 243 1814 1951
105 5 15 56 1069 1075 1819
594 2 819 851
14 3 724 850 1641
1021 6 20 879 1189 1413 1828 1966
8 4 109 870 1322 1716
771 3 230 237 1505
1465 3 272 998 1483
1771 5 90 489 885 1842 1979
1632 4 423 487 1658 1892
768 2 649 791
1392 6 212 447 853 891 1164 1834
465 1 652
413 7 13 476 996 1023 1027 1176 1742
1788 5 762 1015 1144 1583 1801
1864 3 37 222 1767
951 5 402 775 851 1041 1158
46 7 92 651 680 869 985 995 1170
631 4 152 305 703 1535
905 3 1267 1476 1920
162 2 375 1637
1055 3 743 1328 1775
176 4 418 480 1243 1644
765 3 466 1619 1972
379 7 82 878 988 1047 1541 1665 1770
1561 3 85 690 998
1688 2 259 1686
919 6 94 796 832 1288 1396 1662
1217 3 222 515 1390
963 7 133 296 323 854 874 1137 1259
178 2 790 1702
562 3 177 1671 1792
364 4 130 285 767 1937
1735 5 30 209 296 717 1812
1645 5 183 839 1082 1239 1483
1303 2 1342 1573
833 6 301 386 846 1211 1231 1657
5 5 259 880 1238 1251 1461
1495 4 748 1217 1379 1816
302 3 139 142 1797
973 7 191 195 1316 1326 1657 1751 1904
447 1 1311
676 5 924 1143 1190 1210 1482
943 2 1075 1488
1396 3 267 649 1235
699 2 1190 1192
370 6 187 722 752 1122 1400 1624
536 2 680 1509
320 5 567 1572 1625 1774 1826
530 5 682 863 1168 1567 1636
1433 5 19 380 948 1498 1747
1330 5 118 397 670 1136 1648
371 5 696 1565 1642 1872 1877
1514 2 269 1392
293 3 376 1589 1796
522 2 1456 1861
137 4 212 972 1201 1488
463 2 883 1335
1887 5 79 149 474 665 1742
205 5 28 54 633 766 1543
1703 5 494 667 1053 1481 1636
1365 5 522 667 733 1052 1731
266 4 104 126 271 1543
174 1 1725
1131 4 212 400 562 746
651 3 243 570 1306
496 3 409 468 1963
1409 2 336 1360
467 4 298 329 806 1793
1154 2 182 201
1262 6 40 1233 1332 1384 1698 1798
813 6 137 186 266 1182 1263 1275
1308 3 179 783 1664
1273 4 294 1539 1671 1887
84 4 772 878 1051 1250
1295 4 601 900 1011 1966
1828 4 860 933 1641 1916
146 3 186 458 958
479 2 184 659
425 4 545 628 720 1224
1357 2 313 891
254 4 110 268 529 1549
1269 2 930 1721
1569 2 846 1873
1413 4 5 722 867 1181
286 4 533 588 1256 1370
658 3 646 759 1108
1429 4 271 801 1622 1850
618 2 1573 1651
16 3 344 1657 1742
1418 6 31 146 257 935 1493 1734
1092 4 71 423 1620 1890
54 3 203 601 1377
207 5 253 457 756 967 1497
1745 6 96 1475 1623 1703 1725 1931
340 4 193 452 922 1953
1752 3 736 1231 1773
201 5 321 994 1079 1105 1892
555 1 161
38 4 153 1617 1627 1908
125 5 554 561 858 1039 1468
960 4 1333 1602 1627 1757
1405 2 388 1452
277 4 470 629 1521 1616
694 4 274 712 1389 1681
674 3 939 1803 1889
273 3 185 192 1213
897 3 93 1329 1909
854 5 779 814 866 1309 1847
976 4 1526 1562 1724 1886
1425 4 561 838 911 1145
1579 3 703 1762 1875
962 5 360 846 1136 1151 1751
34 5 152 297 745 896 1881
1373 5 67 593 1283 1468 1617
758 4 320 802 923 1463
11 2 868 1623
1710 2 785 1655
1150 3 1465 1776 1811
1294 1 1174
1824 4 108 429 579 817
850 6 248 304 433 907 1204 1373
175 6 270 374 723 1320 1565 1737
1476 1 1697
945 3 372 397 1496
415 2 613 1419
148 4 585 1110 1246 1881
734 4 559 836 1437 1702
624 5 180 339 612 1111 1489
1805 6 379 1139 1178 1458 1604 1635
811 5 691 804 894 1543 1562
1658 2 1491 1924
12 3 567 1035 1061
927 3 249 627 652
25 4 239 560 1793 1953
343 4 295 395 735 1916
1521 6 322 579 687 806 849 1215
1206 6 327 723 1351 1574 1677 1899
185 6 732 1142 1437 1718 1778 1834
1765 5 234 681 1853 1944 1982
1204 5 136 1035 1094 1170 1463
950 4 1070 1090 1115 1631
600 7 387 476 772 1224 1285 1547 1712
1810 3 587 967 1605
992 5 734 869 913 1882 1904
741 4 177 251 330 1560
1063 4 1223 1699 1831 1859
1305 2 650 1695
1584 4 604 883 1482 1850
169 3 187 215 1898
1336 3 275 909 1344
1660 3 1239 1326 1357
285 7 20 851 912 975 1368 1468 1860
309 6 65 729 1215 1257 1445 1995
1157 2 105 1689
284 5 332 443 641 1697 1761
652 7 0 516 699 1107 1163 1653 1855
719 2 570 1349
111 4 293 658 1391 1971
909 4 1059 1263 1273 1619
419 4 236 587 1051 1474
1808 1 831
1011 9 246 384 647 736 788 837 1169 1210 1383
999 4 143 673 1002 1731
219 4 15 328 780 847
1684 7 398 724 1109 1449 1534 1802 1918
290 1 1624
423 4 633 831 1522 1895
42 3 263 729 1154
726 3 1118 1586 1926
1756 3 474 1937 1988
1238 6 223 299 327 671 1465 1518
1862 2 423 558
1793 4 237 1322 1707 1731
823 4 53 741 1068 1828
75 4 437 739 1247 1495
742 4 491 587 997 1212
948 3 684 973 1941
550 5 467 697 900 1154 1524
268 1 1033
1474 5 175 591 1165 1617 1849
1363 4 185 304 1262 1289
264 1 1353
412 4 452 502 879 1383
535 5 608 1112 1677 1817 1935
455 3 934 1780 1932
1826 5 169 591 1556 1818 1821
1588 3 81 1735 1934
261 5 260 454 717 1067 1639
1214 3 203 1374 1724
1126 7 71 331 438 564 735 882 1742
830 6 121 582 1473 1775 1823 1862
787 4 227 657 855 899
689 6 415 660 665 718 1037 1974
783 6 328 441 943 1573 1781 1807
923 5 107 425 599 1015 1904
1174 1 911
427 3 172 1015 1318
305 4 365 512 731 1877
1664 3 1014 1465 1961
1753 7 121 385 761 1038 1069 1391 1668
1492 5 732 894 1188 1621 1741
420 2 1000 1842
836 5 126 771 977 1636 1818
520 3 555 1273 1342
1463 2 1173 1199
1560 4 243 528 583 1145
1073 2 898 1307
241 3 92 1514 1891
116 5 146 157 511 741 1946
77 4 214 437 1652 1872
1230 1 679
1390 2 68 897
1879 6 481 862 970 1129 1764 1863
977 3 1030 1059 1400
405 3 115 673 1731
1406 1 994
164 6 159 1166 1169 1315 1583 1598
395 8 14 198 827 990 1132 1501 1667 1708
641 2 1714 1943
90 5 334 444 458 521 1228
554 3 80 881 1980
1541 2 590 803
1036 7 127 361 631 872 1068 1549 1722
518 2 239 1568
119 1 1283
1133 5 379 831 978 1139 1308
1431 3 97 746 1878
391 6 968 1468 1495 1675 1813 1972
1001 1 497
1455 4 265 302 491 1314
424 5 151 560 1180 1277 1514
766 6 10 74 86 138 156 982
884 3 47 605 1094
461 5 612 737 1118 1626 1784
1450 2 892 1899
1778 3 190 449 776
724 7 286 421 428 1102 1601 1908 1989
1693 4 451 566 1074 1567
856 4 429 623 1043 1160
444 4 595 1142 1214 1237
1515 4 875 1664 1737 1790
1903 5 515 565 1291 1512 1784
501 1 1479
1637 4 241 251 691 1841
1656 3 130 864 1208
936 6 49 232 293 647 994 1149
1681 2 1361 1861
269 2 233 486
1722 3 63 153 541
1854 4 509 669 1347 1621
1852 2 1868 1888
819 3 144 1279 1647
899 4 228 452 899 1484
1784 6 227 449 624 1223 1409 1505
443 1 759
634 3 575 1823 1841
330 4 636 736 1166 1274
1456 6 142 161 980 1100 1461 1490
1691 7 238 368 537 1309 1703 1829 1889
1648 4 1035 1691 1724 1975
15 3 542 845 998
1337 2 474 1543
1615 5 694 947 1542 1568 1915
28 1 1992
1869 3 379 499 1582
1742 2 72 1656
738 3 207 699 1039
384 5 10 791 824 922 1553
1530 2 783 1950
1252 2 1332 1465
210 5 965 1085 1386 1590 1638
331 3 403 1139 1160
48 2 272 1742
1082 3 295 305 1199
1666 2 1581 1797
1819 1 1985
229 6 225 296 512 1156 1223 1371
414 5 614 839 1067 1602 1644
19 6 443 792 1004 1090 1431 1459
1008 3 4 1334 1634
107 3 8 976 1655
1045 2 371 1947
928 3 384 854 1668
382 2 956 1419
544 6 87 574 919 1078 1491 1511
1876 2 1456 1625
198 5 202 327 799 1353 1918
388 5 147 159 192 1381 1742
141 2 109 1334
904 7 460 473 925 1101 1159 1412 1979
1100 1 1444
1070 4 620 722 1638 1716
1422 3 50 593 1570
749 9 479 716 790 1026 1135 1239 1335 1776 1934
1191 3 869 969 1742
21 5 2 750 763 891 1767
1542 2 315 573
1391 4 105 213 942 1249
576 2 1564 1617
1013 5 90 910 992 1287 1462
235 7 65 374 502 533 767 776 1040
1311 7 6 401 664 1026 1457 1659 1997
1119 4 634 928 1033 1974
300 1 1040
1358 3 13 1705 1968
459 5 82 859 874 1004 1745
298 3 75 1031 1987
1243 1 304
593 3 169 1179 1212
99 5 158 219 547 810 1198
744 6 523 733 748 903 1425 1876
1774 2 1459 1996
822 5 886 1032 1491 1907 1955
508 6 374 492 1107 1147 1856 1923
1498 3 836 872 1423
1245 3 225 1565 1911
353 8 383 421 485 612 710 1078 1334 1987
114 5 138 380 531 673 849
677 4 550 557 1202 1522
478 7 24 118 248 458 754 823 1925
1638 3 169 285 1450
118 5 433 1196 1397 1651 1801
564 8 75 91 288 290 1058 1530 1614 1730
645 3 147 727 987
372 5 84 650 757 926 1115
735 5 77 1260 1274 1670 1772
436 3 557 1246 1286
638 4 489 521 531 1943
835 5 312 651 936 1365 1899
1848 8 715 957 963 1142 1296 1353 1354 1663
1617 2 566 1203
531 2 1477 1817
1411 3 156 893 1799
1103 4 326 517 823 1424
1578 4 211 680 1633 1791
867 4 153 752 754 942
1040 4 510 782 888 1953
1428 4 601 1220 1270 1816
925 5 346 933 1287 1334 1420
847 3 1413 1596 1878
627 3 947 1760 1846
123 4 775 1215 1353 1369
1223 3 47 1435 1773
887 1 142
422 1 865
1043 3 644 1432 1979
267 5 268 365 991 1021 1392
1301 5 610 673 851 1171 1197
438 3 1022 1173 1555
785 4 892 1086 1530 1716
1545 6 18 586 610 959 1013 1666
718 2 171 924
786 3 291 1400 1720
1643 3 860 1349 1946
1415 5 49 259 959 1032 1681
697 7 187 311 713 857 1162 1693 1943
1860 3 289 454 1248
1555 4 26 711 1364 1548
598 7 48 195 240 380 500 718 1202
1162 5 106 326 677 994 1532
289 4 375 842 1331 1360
849 3 567 736 1557
421 4 572 1316 1595 1774
1507 4 412 597 1665 1802
1482 3 28 909 1989
171 5 27 135 1143 1281 1723
276 3 997 1127 1769
1134 6 573 720 958 1014 1670 1702
1725 5 240 338 377 414 920
121 5 70 609 1224 1573 1965
1767 9 109 369 425 556 731 1159 1420 1641 1643
1364 4 267 289 784 1304
1839 5 165 422 935 1897 1967
33 7 50 591 876 1058 1102 1470 1667
1677 4 527 807 1308 1524
429 5 970 1062 1114 1258 1623
538 3 841 1674 1701
612 3 441 715 1136
1760 5 28 165 933 1113 1614
953 1 1662
753 4 432 717 748 933
1128 4 493 985 1379 1816
126 4 110 127 538 840
1529 4 431 659 846 1424
165 3 610 851 1750
1184 4 75 804 1514 1676
1871 5 195 249 262 993 1657
788 2 802 1089
1623 5 183 328 805 844 1824
1090 2 169 1106
103 5 252 427 644 810 1308
717 1 713
1577 4 344 1008 1259 1637
1362 5 192 539 1155 1231 1551
1112 9 23 258 423 873 1272 1447 1557 1904 1942
323 2 452 1537
200 3 659 988 1936
509 3 390 970 1519
1636 4 575 1270 1571 1849
559 3 242 1706 1967
1874 5 147 225 282 352 1133
1218 2 957 1109
332 2 293 786
722 3 299 1138 1657
1341 3 176 949 1822
1216 4 871 1444 1450 1989
41 5 80 1029 1205 1772 1989
1726 7 52 328 599 879 918 1671 1980
1187 5 183 861 878 1085 1523
357 3 1260 1271 1770
498 2 564 1706
821 3 1153 1583 1697
1511 6 612 703 738 1573 1662 1751
812 2 379 721
972 4 223 1164 1611 1615
1814 3 147 1661 1770
195 7 177 781 1195 1358 1402 1669 1710
790 7 53 363 521 749 914 1002 1160
296 4 92 576 625 653
1319 4 423 508 536 905
1508 3 710 1236 1479
1787 2 691 874
729 5 612 1079 1579 1604 1638
65 5 95 553 744 1035 1416
1776 5 495 586 600 624 1705
1282 2 238 495
32 5 137 1317 1694 1714 1984
1841 5 671 1235 1272 1486 1601
1366 5 571 1136 1345 1443 1869
678 8 238 300 347 392 462 1515 1638 1728
1440 4 49 1286 1473 1951
1902 3 14 775 923
644 2 1265 1877
362 2 1341 1362
540 6 638 1300 1365 1589 1966 1968
499 5 728 1037 1183 1238 1661
250 2 961 1044
367 4 789 976 1375 1572
1239 4 990 1386 1523 1624
914 4 271 694 1858 1891
490 5 93 444 876 1639 1977
1616 2 112 1844
937 4 104 308 644 1545
226 4 82 1051 1643 1650
1630 1 1524
1899 5 253 585 1195 1643 1831
1526 4 340 521 889 1415
1475 5 0 655 1390 1413 1749
1768 6 234 366 550 601 1000 1299
1706 1 128
180 3 292 405 1456
408 3 1018 1188 1959
1675 4 266 783 1206 1271
1158 2 1268 1391
1665 6 615 798 862 1703 1727 1966
1669 5 588 797 930 1666 1875
1646 5 180 186 314 458 497
1107 7 105 560 702 1024 1141 1414 1555
247 1 414
1551 4 94 756 976 1431
265 1 1985
1310 2 297 478
109 3 472 916 1187
657 2 507 1966
1490 1 1682
1417 5 180 445 880 1710 1824
376 7 467 613 771 1003 1025 1176 1834
1642 4 81 457 1362 1437
1565 6 665 806 931 1236 1651 1832
1306 3 207 358 1942
1423 3 991 1099 1561
1608 8 4 251 302 313 483 720 750 783
1192 3 355 1017 1971
365 6 318 746 757 1403 1459 1993
188 4 328 377 868 1618
752 5 194 529 1440 1490 1775
708 4 65 152 314 1406
1443 3 742 755 1833
617 4 88 1083 1383 1641
745 4 173 254 1232 1695
1479 8 7 313 349 724 779 1265 1549 1635
228 8 221 711 810 882 1097 1707 1957 1985
1462 5 467 564 612 1548 1760
50 4 362 599 929 1225
316 3 424 1244 1910
399 4 138 1214 1283 1457
1880 6 136 234 722 807 1522 1527
431 2 208 1184
524 8 134 610 694 907 1351 1498 1549 1899
839 7 276 792 825 1070 1324 1690 1860
848 3 1041 1672 1978
1176 4 367 460 1467 1571
512 3 188 591 1695
1837 2 189 1498
1120 2 266 306
1153 6 196 665 760 1580 1618 1925
106 9 217 336 465 1134 1171 1454 1471 1849 1995
83 3 411 558 1293
1589 3 1030 1067 1583
1324 5 213 635 664 1366 1978
891 6 1040 1191 1223 1272 1381 1508
1586 6 249 890 958 1555 1607 1966
280 4 122 635 662 1435
1108 5 670 1275 1514 1814 1971
1169 2 807 1081
711 2 737 1992
1601 4 162 658 1303 1646
1414 1659 325 158 1288 646 1500 1878 787 765 817 1813 914 435 531 392 292 123 0 134 1533 1093 1319 15 1820 1062 1361 952 1988 1190 1298 149 893 24 1129 1432 1452 1008 292 1741 1627 1682 1120 480 230 1336 27 251 1963 1989 388 644 1635 347 822 837 257 1100 769 1444 1118 245 913 1214 502 1632 988 454 636 1638 970 1634 1190 398 1734 48 1317 841 783 1695 560 1171 1147 1479 682 102 1303 1444 1944 366 699 458 1812 472 1947 590 906 1103 465 1771 490 699 144 896 1887 412 775 1287 3 526 392 916 1564 1604 909 1731 1393 1415 758 1307 624 1601 1428 956 556 1721 610 27 1969 459 544 1702 1503 482 1246 456 1397 1190 1541 401 320 301 772 502 1700 1479 1597 570 168 201 685 1262 1618 1978 1210 1015 1322 1234 23 1622 745 489 1630 1118 398 981 1353 1766 991 53 1159 289 823 389 553 1382 1326 489 1589 1290 72 1015 1238 881 1029 391 344 600 1648 1099 732 1770 183 1174 458 816 282 180 1202 1675 1745 1629 339 1612 459 1044 654 423 890 253 1958 123 142 1782 1587 1462 911 337 1074 62 851 1334 1911 600 550 289 750 819 1022 680 987 1772 1878 783 250 1771 919 1562 1930 614 737 91 1263 357 1350 570 777 597 552 867 1797 871 1017 1958 1129 695 1372 1537 566 986 1366 1400 1479 1945 352 184 460 1740 656 514 32 962 1787 1115 1899 1086 1534 1215 579 1730 87 1955 286 1219 1107 158 1318 571 1023 1396 52 1411 1614 1370 1846 250 1655 1435 640 842 1555 1985 1336 219 392 1387 148 1090 664 1109 1914 947 1467 558 1396 868 1579 1954 757 1923 1791 1742 756 862 397 1484 652 379 1187 612 484 871 275 732 315 1623 343 39 770 1878 876 1033 1533 1476 1147 452 1015 1418 584 333 189 449 309 606 1105 1081 189 729 1541 1429 969 1929 409 1049 1723 212 110 149 374 31 163 1585 564 14 3 52 24 994 1248 1562 1160 22 1770 1627 1069 429 1060 1102 958 396 1061 421 519 1459 572 781 1779 852 652 691 1898 306 944 1672 1233 947 1127 1132 1686 172 836 1328 948 90 605 1377 939 37 913 1476 86 1237 48 1565 1068 1159 1153 1944 1049 220 1667 544 333 964 869 331 1646 1773 1635 1186 1695 275 784 1680 133 618 212 804 863 208 1440 1146 1014 75 8 351 17 773 186 1329 1102 1096 636 296 1877 1079 382 1577 1314 478 558 1692 1197 272 1653 376 582 1484 478 525 1908 1127 891 823 281 1437 1828 635 1722 1617 1919 1557 188 846 722 266 1832 1497 1910 1966 1720 679 14 1782 1833 1921 1703 167 328 1213 1368 1237 346 681 1557 1238 676 876 917 1222 1741 538 1350 1860 1430 1524 1372 1236 1261 1750 1447 1911 1025 1296 1257 809 1349 1974 1117 137 667 956 436 1542 773 1190 1399 6 835 1330 20 1427 1817 1839 410 1537 947 600 1718 1902 153 1150 80 1583 1635 1173 1791 892 71 1768 928 496 1724 1859 1463 935 882 861 515 1792 414 938 472 1952 871 1258 1718 1728 484 305 1569 1026 867 386 1019 1950 379 235 555 236 1873 541 887 391 604 1572 1584 1105 1126 1028 1196 128 115 1419 571 807 1488 1032 10 563 120 225 282 235 681 1331 1864 72 511 1295 1462 1376 757 1132 195 1868 1613 457 1164 287 1168 313 1273 159 508 1397 1895 1354 27 1797 658 1025 169 130 1276 505 608 1555 1439 873 1163 945 345 633 939 1937 806 859 1238 836 1152 1111 673 1738 416 1114 1084 222 370 418 1099 1740 395 1777 527 1569 1694 1934 182 1810 1274 1570 1192 1654 1362 1395 1743 751 1406 537 302 230 1966 690 595 186 1759 661 1406 421 1130 1669 456 1877 1244 1718 997 1226 831 138 752 638 1175 783 1032 1800 182 1766 1266 109 1798 1920 827 1937 1699 440 1014 577 1704 510 1830 222 1069 1600 1237 1907 660 1503 2 1295 1173 1961 293 184 499 1385 1214 1267 1703 1264 1985 1492 11 1689 973 759 90 807 1442 1155 1197 440 1821 54 477 1334 21 1216 1662 529 760 127 557 761 449 1311 825 976 1154 865 1007 894 1301 1718 726 525 1282 538 458 1004 1807 1975 641 104 1808 987 1133 947 56 1582 154 1075 956 930 980 544 1812 1386 794 1331 1032 1006 1267 1607 1505 480 178 16 33 716 1833 1021 1951 603 1039 1492 1318 699 1541 438 819 782 1074 1673 1438 239 1937 327 469 310 1181 1619 1762 186 603 363 1952 54 422 1290 1989 1136 1850 1010 248 176 1702 1521 1046 1400 1875 988 201 1797 1476 734 348 1585 126 1067 684 1560 1439 175 955 1044 332 854 910 504 1512 521 1794 298 190 1418 553 1125 831 1707 1884 994 50 1313 1849 1740 1943 935 1876 868 241 1342 1777 1105 1742 310 840 1277 1986 606 395 1687 260 889 1601 1580 765 1142 902 1889 82 1127 1756 1063 1405 742 816 1705 899 478 1386 1533 313 59 442 452 1969 1295 1573 165 1292 164 372 1470 1884 684 49 180 187 1743 587 1104 1708 462 1520 759 1904 163 814 1359 1110 1120 658 130 1033 409 1247 840 1334 1349 1105 972 1262 1876 1219 482 210 922 1432 499 360 1875 983 1468 782 817 362 1302 1293 567 1109 1548 1677 306 1532 586 1601 1390 568 105 489 1112 1943 829 995 1573 264 456 1204 1087 1722 1774 1585 1231 1023 1564 1471 67 1881 340 1149 1849 1900 1627 1067 252 1959 1882 419 529 1096 702 1185 1335 489 791 924 1787 1823 1180 567 433 1073 1966 1313 1912 1149 1354 1224 1895 1947 1819 591 1903 1413 1353 967 432 1791 1360 1378 285 1831 1105 841 414 767 1868 1671 1935 929 15 641 961 37 67 1013 89 233 114 1645 1820 1923 737 844 284 942 1162 1801 962 447 299 424 506 725 529 1332 1770 199 727 669 418 1697 1971 1619 1877 207 1657 483 224 1162 1076 1303 1180 1811 1277 1275 254 1392 886 1957 142 1130 872 312 1811 267 733 1524 1609 1863 1063 1482 416 295 1392 689 1558 667 661 182 709 1562 1349 1567 1997 165 748 542 1301 1663 1333 994 1206 738 1446 1334 211 795 1231 1404 121 1541 1801 1411 1526 1332 200 1504 392 1726 1456 1611 771 824 1979 605 188 465 1560 898 66 317 1823 1608 1058 1582 582 527 1153 1697 95 905 175 42 979 808 86 81 1463 1953 15 1360 1545 1991 561 190 1637 1831 423 1242 754 1946 1297 972 1729 790 1298 211 385 682 1968 28 1118 1826 767 1788 866 441 1923 1208 172 1463 559 585 1692 1752 1281 1035 88 1736 1681 662 1798 1841 1644 202 592 1010 392 1076 775 159 782 802 112 1251 1334 283 1734 1309 436 724 570 831 275 521 1736 1347 76 1566 13 1586 1537 827 742 923 1266 462 1141 1243 1040 244 170 1155 1855 102 681 1420 45 86 1339 1840 854 188 1680 1457 390 1666 536 1226 212 1841 1958 1589 1865 1016 1910 348 251 696 468 713 1581 1246 564 1951 1573 1040 1847 1828 754 171 1224 1120 25 750 609 1730 436 1692 1047 534 1226 747 1926 1174 1817 1907 531 388 478 63 972 1328 1326 1228 1476 480 63 1563 944 1715 1134 839 662 650 7 1521 1572 775 941 516 1034 1170 1926 1013 1035 1985 1842 1647 1282 2 439 625 1077 659 331 915 1955 628 744 984 417 1283 1089 1410 1752 19 1546 1836 144 390 1473 650 729 234 1486 474 912 1850 75 1992 306 579 1924 468 555 1699 1166 878 1895 1514 342 1704 1673 880 1721 1307 1186 628 731 649 264 1431 720 734 659 999 754 1583 881 1186 397 1484 79 1791 1604 1353 771 544 264 1892 975 540 802 1975 1054 1814 1643 1301 495 1925 883 1070 1037 601 1668 1590 374 52 1885 579 142 1521 388 192 1138 201 1548 1334 1804 700 495 1245 203 1670 838 1307 414 980 500 1859 1614 1573 257 1827 1915 251 1134 900 928 532 703 304 199 1059 1669 1307 374 1392 1463 1186 106 1971 1241 249 1934 556 1340 1848 298 1904 833 519 1516 1228 1074 936 1339 1106 1651 1127 1360 1474 1149 208 1731 650 1921 427 634 357 493 713 442 1379 973 758 191 974 1712 1638 685 1289 652 824 1154 1406 1687 1965 497 441 1416 1524 1211 1388 1674 276 997 1939 306 409 983 34 673 144 877 1146 1507 988 633 712 1972 68 1885 215 1783 897 1809 1433 1538 956 1473 339 1329 136 1543 823 1181 1816 1397 1022 711 1210 352 582 1608 1555 325 1102 730 868 1084 1431 910 1490 1551 469 149 1916 1560 1903 285 1523 653 883 336 1679 1816 640 1858 147 446 726 304 1085 946 1574 1641 867 1979 1464 1798 1342 1752 521 1219 1786 1349 1174 758 785 1545 1934 1434 306 1658 1426 161 1725 1967 900 1412 770 241 1389 1475 1614 196 941 577 339 1231 56 1206 1191 1774 358 161 992 131 1989 1456 1767 633 194 24 1468 182 1107 1799 405 618 556 1670 1897 775 1506 893 851 1240 47 145 865 328 488 1158 1311 1778 139 185 1521 924 466 1465 1720 1293 188 349 1230 918 476 1475 691 1132 917 1877 1333 227 1615 1230 1380 367 1317 645 1536 1360 120 1608 200 1547 474 1520 1661 1322 1873 626 1029 1488 147 1457 1450 399 67 1946 1878 1827 1337 779 1248 261 1670 933 731 1884 271 1807 932 683 1311 1225 386 938 1640 1500 1780 4 1650 502 1806 190 24 1651 662 1025 310 587 1270 447 1540 1309 1430 1271 1941 1596 707 1164 701 860 1917 657 804 188 1179 1501 1613 1863 1714 1713 1870 968 531 873 1688 270 1186 306 350 678 894 1010 558 1840 1442 1059 1199 1975 1640 1035 575 161 1580 1371 1776 1114 128 457 1933 1579 559 190 858 1927 1447 1942 644 473 1041 227 770 31 76 1139 771 848 1345 1039 1053 1403 1037 1737 678 328 1145 1145 459 1594 526 1026 572 138 890 130 646 1896 1566 1606 1637 110 1510 1289 576 30 1202 1085 1978 1001 1151 1691 1889 341 1169 483 945 969 1375 1046 847 1506 1557 1238 1160 509 694 1975 1624 1143 637 1724 116 290 1473 777 1170 1449 254 11 1599 856 947 134 1006 352 497 1957 1459 1631 1545 601 789 835 601 1949 1006 272 1454 1366 1126 967 97 93 1692 1776 1452 1377 959 1948 1003 1479 1358 1562 1391 1408 223 96 1730 1413 1801 950 352 377 978 1704 507 78 1037 651 550 1942 1067 1141 823 1750 603 1802 709 920 1452 1411 214 1602 1041 1256 61 811 312 93 521 1783 272 36 1110 1272 928 282 1908 1628 371 971
