5 124
10 1331
164 949
40 1630
15 1977
52 592
163 558
7 925
99 329
24 1541
2 1052
265 1063
8 1367
3 1347
115 1697
461 1819
6 1093
166 1830
356 469
246 681
171 109
1 1078
114 1113
463 1613
19 1048
370 1283
11 1391
274 1959
709 1779
367 298
43 431
4 1190
134 1029
57 291
416 1489
62 847
456 1649
120 63
37 1766
12 4
384 48
499 521
137 1336
9 1571
46 600
14 671
500 92
13 1822
184 1050
168 655
590 1811
16 364
188 1931
733 933
212 1634
54 1459
281 56
506 1537
578 1046
610 709
20 418
695 34
787 1855
387 446
68 1161
72 827
73 990
176 1252
697 1893
75 1160
310 1989
185 414
638 1009
803 1310
78 415
464 1863
313 998
639 274
81 368
831 1118
856 849
103 119
887 1677
104 944
205 848
644 789
765 1056
107 181
480 1362
898 692
826 1688
112 496
844 1710
18 1593
346 706
891 112
87 343
672 1072
17 1728
485 288
683 1353
21 1104
26 1909
222 383
233 571
365 1596
22 1530
23 621
1004 1456
545 790
25 1328
1043 129
1113 148
124 698
34 324
704 1025
1116 1197
717 823
553 1695
113 586
902 605
1152 1640
575 1249
912 464
1185 929
235 1780
262 444
744 554
36 566
50 668
582 1795
593 1745
423 1572
130 1700
272 598
919 983
27 603
440 451
604 730
1208 889
132 1785
135 1203
449 1439
773 1624
775 1225
333 1791
785 133
348 638
620 1748
55 10
30 819
85 1796
1222 1705
928 1351
136 1653
33 897
28 660
789 1642
795 1135
146 201
931 187
191 1862
108 1690
1225 1392
247 547
29 769
458 251
31 843
141 217
32 1969
632 1200
268 1692
663 1865
796 764
460 1451
824 1304
833 1724
142 1597
1250 987
41 125
1274 317
948 1545
484 1988
959 213
862 505
270 724
116 1960
964 1722
275 1938
143 419
664 468
148 1134
921 935
666 708
279 1720
927 1371
42 550
285 810
933 489
151 507
381 544
386 173
673 1841
45 171
755 1912
947 1194
156 992
35 1024
47 33
488 1592
968 46
762 1150
988 1549
438 485
969 1069
159 210
511 978
977 1260
1281 211
469 757
48 1176
49 1218
297 1432
299 399
981 1318
118 420
300 246
1003 1326
1007 1949
1014 1601
53 594
311 1954
61 980
312 778
122 896
323 669
1016 235
470 1802
160 1112
64 878
66 327
129 97
990 363
326 652
67 1417
770 784
131 336
138 224
172 828
828 50
521 495
149 360
473 744
173 1523
994 1287
38 499
71 970
1002 1138
158 1268
39 1786
477 1480
504 1193
529 120
505 79
564 167
74 1539
841 523
1036 959
170 367
507 1473
44 1390
1037 1478
182 723
77 477
845 549
1018 1449
183 1241
571 1219
1283 1778
329 77
80 165
1284 1679
186 763
1065 1265
1286 137
198 90
1066 1999
1315 623
508 538
189 1771
203 1424
51 1531
206 1872
576 1355
56 39
58 1552
192 42
850 916
510 1519
513 1488
1076 23
1078 1070
197 701
338 1985
1329 1340
219 1096
199 868
82 1073
514 1374
516 1817
518 1284
59 597
851 1263
223 712
863 1538
1083 1543
1087 1854
227 537
60 443
522 940
879 1516
83 1416
63 1067
880 316
228 1403
84 76
342 1122
1021 1591
65 728
200 106
349 1487
885 221
1092 155
207 226
209 575
890 782
86 1313
231 1245
579 568
88 319
69 564
89 934
70 1995
210 1092
1349 947
1359 926
1099 254
236 1860
240 1746
76 1892
79 1636
211 977
1380 1226
1102 567
353 1971
1115 156
1034 1041
1054 29
90 271
897 434
357 1210
241 1298
595 1951
1055 1381
92 1408
1056 1106
596 1644
530 1279
1058 1189
536 378
214 1167
91 1028
94 432
217 1970
643 1030
914 311
924 1603
218 335
537 971
1069 1037
925 1414
538 964
656 1829
371 914
243 1835
1123 1082
97 258
98 1342
220 108
1383 733
1162 397
100 1412
1386 302
551 177
221 1689
101 1389
93 1221
1071 1836
556 122
1074 1482
102 1520
248 1859
939 308
1179 1983
1404 473
1215 780
106 1140
109 610
224 1713
95 140
254 261
373 1964
662 71
256 661
374 999
96 344
261 703
397 1187
1075 1383
398 640
1411 164
1080 1869
949 746
105 462
117 337
1221 1000
1226 402
696 116
559 20
121 793
225 902
1413 1365
123 854
410 1565
110 1685
126 1045
956 860
1227 465
1229 969
1418 1911
970 777
1232 5
1242 1162
566 1599
133 333
139 1974
971 1393
574 361
414 161
426 151
974 1888
140 423
269 1899
226 1164
111 630
295 445
703 436
119 253
298 877
229 1341
1085 393
232 421
433 1085
125 1528
581 471
584 498
127 742
985 105
303 405
234 882
237 1764
239 474
443 1898
721 75
446 1540
1420 842
592 1115
242 1413
1244 1337
128 1618
602 1833
244 770
144 1808
603 388
1247 1064
726 534
147 865
989 1547
451 624
452 1812
1257 1286
734 553
992 49
613 1873
1089 1180
741 61
993 976
1093 1202
1429 1559
145 189
615 1273
1265 437
457 696
465 82
998 1142
756 277
150 1838
315 25
757 759
316 1105
1267 637
621 149
249 1503
624 455
768 968
641 1165
1094 927
317 874
466 1876
777 1300
1000 1406
476 704
478 1551
653 541
486 290
318 1431
487 1042
319 1467
250 1848
782 87
655 170
1268 839
1005 1508
252 767
489 936
1103 607
1438 220
1439 199
1442 101
152 1166
799 1725
660 626
253 1794
804 1083
153 1590
154 1224
255 1059
155 349
157 1127
1277 38
328 305
1445 265
330 30
1278 753
1009 1874
665 1641
1450 620
335 1584
1285 1687
161 1504
1111 365
165 236
162 1556
179 837
495 159
167 738
258 160
669 1079
1133 47
806 710
259 866
675 555
190 212
169 1542
496 658
502 561
1142 1612
676 1348
1456 1757
1013 1510
685 1299
1476 1305
520 851
687 1939
1295 1014
524 560
174 99
1298 1443
1478 532
175 237
213 1120
688 32
809 1267
525 117
694 1737
263 957
698 200
1481 1765
1015 126
230 787
1483 268
527 965
812 1068
238 1332
822 1388
1143 330
264 996
1495 948
1513 1773
339 1858
1147 1400
1524 1476
701 352
706 1850
532 152
707 899
177 1415
266 1098
271 380
251 863
278 65
178 191
1307 1251
273 953
711 1264
1017 1840
1534 369
1022 467
712 1276
454 535
713 358
276 322
714 247
1327 1386
1023 381
340 355
1151 924
715 475
1535 293
827 528
1024 493
277 1062
539 1364
280 511
343 1803
180 831
541 1215
716 1856
723 662
282 1303
283 625
542 428
1540 1916
345 131
181 1411
284 1686
829 1637
1548 1839
350 295
1330 1897
286 928
351 647
1156 1446
287 584
591 1322
645 461
543 736
692 1925
546 410
1159 768
1029 1615
354 91
187 515
289 1914
1186 332
1187 68
847 1420
1035 676
552 1698
1198 1032
554 362
290 962
291 1345
908 424
355 1338
932 1152
979 1517
1551 341
562 1647
991 1668
837 18
563 141
1552 665
1039 1825
292 741
1332 643
1008 1979
360 1896
1339 1010
1350 824
1353 890
193 822
1042 872
843 1558
848 659
567 1761
1559 1996
728 514
194 1114
361 551
731 862
1206 1678
1354 1935
737 1670
1560 1821
1566 931
1044 1349
1053 1089
1218 942
1385 591
1394 1183
1046 1377
1061 966
1072 1039
195 989
853 1837
364 1721
743 1554
745 1772
1238 893
1090 12
1114 1314
569 539
293 494
369 1755
1164 315
375 379
748 1730
1049 1035
378 1296
750 892
379 192
588 979
1246 1453
1567 1782
1204 1986
758 1777
1051 427
764 754
1395 1004
1398 853
1569 1680
1239 683
1248 263
1571 255
196 1227
296 881
855 1486
1573 1316
589 22
382 143
301 86
388 1967
201 195
1057 1204
1399 1953
1249 911
390 1462
1405 1921
597 1926
1273 912
302 1652
202 1465
766 163
204 176
1574 1333
304 821
1575 986
1577 1526
1408 259
208 1043
215 294
859 134
1582 1797
402 113
1587 1366
864 353
305 772
1311 325
1602 612
411 919
216 470
245 1693
1062 871
1316 1694
1611 1880
1063 145
1419 321
306 548
1070 19
771 581
1253 884
867 385
772 755
1256 856
307 411
1077 1125
601 1181
257 96
418 946
422 1756
1616 1437
870 796
872 309
1421 93
609 1173
1262 1792
776 1334
1270 1379
616 1927
875 1243
429 40
878 340
1423 416
1275 1154
1362 372
1081 1311
1370 684
618 749
1431 1681
1433 923
1406 1229
1414 1594
622 197
431 1740
780 1733
781 1907
784 1561
436 345
1441 1031
308 391
1417 433
260 1002
1625 209
1095 1354
267 713
444 1361
1280 1726
445 807
1287 417
1443 1815
1293 688
1492 1534
1498 486
636 1256
447 1903
786 582
1629 1564
1300 786
790 1913
642 954
895 1633
1449 729
450 88
309 858
1301 1071
288 797
1303 1281
1451 1308
1098 215
896 1864
900 783
646 1421
314 702
1499 743
321 718
1455 1213
791 74
1508 480
453 1335
294 1629
1306 463
455 1394
792 1470
1107 506
1458 13
1632 1441
1647 198
320 194
905 1151
1310 1659
1648 279
794 1703
811 115
907 760
1117 1884
1318 208
1652 1344
332 426
814 1832
322 1940
1320 846
649 1929
1657 409
324 1775
823 400
337 1950
1523 1237
1545 1375
1322 1491
1660 533
650 1956
1462 502
1326 967
911 229
1333 1325
325 1410
830 1214
832 920
327 1469
651 457
331 440
652 1370
459 231
407 716
462 1655
654 674
835 1248
1556 66
838 997
432 1635
657 182
1334 1798
658 1816
467 1586
468 599
471 833
1664 1235
1666 1109
1341 387
840 905
334 1088
474 726
659 1947
1342 390
1668 580
475 826
1563 937
1578 1339
1465 1563
1346 1814
661 788
479 939
667 37
448 804
1118 303
472 219
490 297
481 3
913 1258
1473 1611
1348 1427
1585 639
916 1712
1352 442
842 142
668 705
1586 1124
670 1513
492 1369
671 1317
336 1904
1672 1171
846 1460
917 1866
1702 1254
341 1585
1708 1231
1716 1419
1592 812
1717 670
1475 1438
1599 2000
503 248
1486 384
344 1233
1120 172
1356 1061
936 283
938 1891
482 1455
674 1958
1122 950
1600 686
849 644
483 809
940 993
1490 1804
1494 1091
491 448
347 864
1126 1223
736 629
1604 811
1361 439
922 282
493 114
946 1352
1364 679
1128 425
1135 1382
963 1774
1607 917
352 653
1136 975
1497 1861
1502 1496
1139 677
1608 278
1371 552
952 1809
1140 714
954 374
967 1255
852 1787
677 1474
1612 287
494 435
358 488
999 44
1719 272
973 1058
1160 557
1377 1232
1720 441
1148 492
497 1844
983 1749
498 1723
984 1845
1235 1363
1236 1980
986 815
1620 1763
678 256
995 478
501 955
1378 1701
1628 765
1379 205
679 245
1381 845
1149 1691
1382 945
1150 825
1635 60
509 1099
512 1501
1731 1806
359 1575
680 1851
1638 1676
854 127
1733 84
362 1878
1155 1928
681 1290
1384 306
1734 1168
996 429
1387 909
857 95
1654 576
363 1155
682 267
1663 370
1738 689
1505 107
1388 1622
366 1905
997 1992
858 491
1001 1595
368 1195
1165 1497
684 1038
1514 1395
860 1732
686 1116
1520 52
1739 776
1166 1184
689 1157
1006 1159
515 1289
1309 731
1010 1490
1389 479
861 1587
1391 711
1521 1356
1313 300
690 1136
1741 901
1011 1360
1365 1807
1742 1404
517 1409
519 908
1012 991
1527 1148
523 408
1536 657
1669 1990
1019 273
1675 1628
1681 1915
691 1784
1020 585
1699 808
372 1269
1707 184
1369 323
1538 1972
526 196
528 6
376 497
531 1209
1713 1707
1392 292
1393 1886
1539 1376
377 1019
865 1407
1397 1788
1725 1492
380 1094
1168 1664
1541 1702
1744 956
1400 1297
693 1900
1172 876
383 1247
1729 1270
868 641
1748 1100
1025 27
869 1074
1752 240
1401 180
385 1057
1753 941
1176 722
699 1991
700 577
1183 1758
389 1246
1755 460
1544 1440
1409 915
1436 1398
1402 814
702 648
1191 1580
1403 69
1546 394
391 1169
1026 1271
1470 1436
1732 14
1410 801
1756 1373
1027 242
1028 389
392 1385
1203 241
1759 1877
1207 150
1030 798
1031 1631
1549 136
533 1282
1550 1021
1032 1295
1518 1291
1532 1001
871 732
1553 666
1554 516
705 761
1033 1716
1038 880
1558 1102
534 1879
1210 1783
708 202
1561 1711
710 1357
1761 546
535 232
1040 634
1041 1228
873 188
1562 17
1045 1871
718 1823
393 121
1564 376
1412 1910
1542 54
394 982
540 1842
395 813
719 203
1565 1562
1047 1646
1736 1515
544 601
396 407
1555 792
1737 169
547 1682
1211 1315
1568 1306
1048 1546
399 1429
1415 89
1762 1044
1763 314
1416 1133
1422 707
1740 72
874 1026
720 233
722 1472
1743 1890
400 861
548 1610
1766 62
1769 1605
1212 1054
876 1418
724 132
1581 193
1213 1509
1775 1242
1584 153
549 504
725 593
1050 1978
1214 1600
727 1661
1570 1428
1572 1699
877 1005
1424 527
1579 616
401 80
1746 1645
1593 1170
403 310
1747 1053
1588 602
1052 1188
881 1906
1426 750
1059 1236
550 852
404 1307
555 1933
729 1192
730 334
1589 1781
732 1824
1778 449
1060 500
405 981
735 275
1427 1625
738 1445
406 1957
739 932
557 886
408 1461
558 1196
409 887
1428 81
1591 1657
1595 1696
560 483
1216 45
882 691
1749 373
1751 1447
1217 36
412 1003
413 1006
1754 183
561 725
740 1650
1219 26
1596 1484
1597 1511
565 727
568 633
742 1852
1601 1450
1430 642
883 1738
746 1736
1757 1952
570 1458
415 1638
884 1578
1781 1984
572 386
747 1826
886 618
1603 994
1064 1146
1605 1121
1435 617
1067 1729
1622 1654
1633 771
1220 651
1641 157
1068 832
1610 1598
749 1994
417 1211
573 1583
1642 1464
1073 1108
1613 1156
751 559
1437 1768
1079 1084
752 1973
1082 910
1767 447
888 1753
1658 1965
577 841
889 740
753 1239
1223 204
419 717
580 903
1084 1253
754 588
1701 357
1614 518
1776 1544
1446 1212
1782 1529
1784 805
1086 1673
583 1065
759 530
892 238
1615 1617
1224 1378
1792 1240
585 1507
420 995
586 1800
1447 695
421 1550
424 720
425 672
427 339
1786 1129
1228 1672
1787 579
1448 1454
1793 58
893 1553
894 673
1805 1327
587 1117
1705 1319
1789 1177
1706 1293
899 412
428 1323
1617 481
1790 78
1806 1946
1791 1982
901 609
760 1889
761 1498
1735 1128
903 619
1794 1244
1230 685
1088 524
1745 1882
1091 974
763 1049
430 1086
1096 645
434 1149
1811 1831
904 883
1796 614
435 1521
906 1846
437 1402
1231 1936
1618 894
439 690
1797 1435
441 1051
909 799
594 870
442 503
1234 73
1452 1119
1097 678
598 1799
1453 1627
1100 299
1240 190
767 51
910 15
1799 1201
1101 542
1760 179
599 1013
1454 118
1243 1055
600 1662
778 438
1104 207
1815 829
769 1793
1764 611
1457 529
1127 371
1768 1294
1145 1034
1245 280
605 9
1621 1495
1251 351
1800 1401
1816 1182
774 1422
1623 406
1106 817
606 963
915 850
779 1760
1817 583
1459 490
1209 459
783 1011
1460 1934
607 1329
918 216
1237 737
1818 646
788 556
1801 958
608 257
1461 185
793 1853
1252 835
1624 791
1108 1144
1626 1230
1802 1448
1292 260
1823 1997
797 1206
1627 147
611 595
1335 1312
798 1301
1773 1727
800 1843
1803 1548
612 1022
1463 1087
1345 135
614 1466
920 1962
1774 1007
1109 1620
1425 1533
1788 628
923 1968
1804 1502
1808 100
1110 1656
1432 906
1630 1987
1830 635
926 1179
1631 1750
1258 587
1464 943
1821 1514
1466 1944
1634 1499
929 1397
1467 1607
1810 1097
617 11
801 1828
1824 758
1834 1475
1112 1434
802 952
1517 699
1636 1172
1119 104
619 1820
1557 1669
1813 879
1259 1715
1121 230
1260 1396
1124 312
1261 900
1263 1512
1468 1518
930 1442
1814 1883
1831 1868
1845 1566
1130 1908
934 382
1131 1588
1819 734
1264 838
805 1665
807 1080
623 536
1266 130
1836 1132
625 667
1469 631
1269 377
1842 1033
1637 973
935 338
808 1963
1271 922
1576 1709
1272 1894
1276 94
1580 540
1820 430
1590 972
1853 1131
1279 1275
937 166
1282 1527
810 1008
941 1288
626 1870
813 1174
1639 1139
1854 1076
1471 1506
815 139
816 1309
942 110
1132 803
1288 1993
1877 1494
1594 1292
1880 721
1640 1220
1644 885
1822 301
1472 775
1134 898
627 1706
1857 218
1645 128
1137 873
1862 1632
1891 1717
943 250
1138 590
1863 1976
1474 252
1141 103
1289 806
1598 1272
944 895
1892 1922
945 751
1477 1207
1864 1857
1867 225
817 1718
1144 1266
1887 239
1479 545
950 249
951 654
1606 1932
818 1372
1889 289
1894 111
1146 482
953 574
819 1570
628 1648
1643 484
955 1123
1890 844
820 1278
1646 1126
821 31
1153 1384
1673 988
825 53
629 522
630 904
1290 1191
1649 1747
1897 1433
834 1752
631 1948
1907 1027
1895 1955
1480 573
1825 266
836 1262
1291 682
1650 1743
957 1614
1482 1751
1826 1147
1902 794
1651 57
1653 1423
1903 1023
1154 984
1655 508
1484 1186
1157 1145
1294 1358
1485 1158
1296 1895
1158 392
1297 589
1828 1368
1684 454
1913 1735
1656 1320
1487 1524
958 214
960 1485
1161 802
1488 510
1829 1444
961 342
962 1643
1917 739
1302 138
1904 938
1659 264
1489 636
1304 318
965 512
966 320
1661 1040
1908 1463
1305 1199
1921 1471
972 1849
1912 857
1662 840
633 1576
1832 1919
1308 354
634 1923
1665 35
1704 1834
1163 1589
1312 168
635 304
1167 227
839 1198
1314 270
866 565
1667 774
1914 1016
637 1208
640 1887
975 1941
1255 1604
1169 450
1833 1111
1712 1770
1730 1741
1915 234
647 1536
648 596
1491 1532
1170 719
1927 1901
1171 766
1173 1277
1105 918
1923 286
1174 520
1765 785
1340 55
976 1175
1670 1077
1771 1573
1317 1767
1835 1744
1125 422
978 1130
1319 1813
1839 570
1175 1608
980 700
1366 98
1233 222
1493 1163
1928 28
1846 16
1925 1101
1241 346
982 649
1321 694
1847 501
1848 331
1926 1525
1671 1881
1525 562
1929 656
1674 650
1931 1606
1936 606
1496 1075
1676 269
1677 622
1849 859
1547 123
1937 466
1682 1867
1726 836
1254 347
1177 1018
1750 1522
1323 1942
1772 276
1779 1581
1501 961
1850 21
1503 1937
1678 404
1178 830
1780 285
1324 1875
987 1639
1180 1500
1758 1217
1504 572
1940 1477
1933 328
1783 1567
1941 985
1679 458
1129 1017
1785 513
1506 1324
1851 1380
1942 1259
1945 1683
1325 1020
1434 800
1328 1234
1939 359
1181 228
1680 1621
1299 1998
1798 1704
1507 1759
1855 888
1947 1708
1812 281
1182 1902
1509 615
1948 326
1331 262
1336 779
1944 64
1809 613
1946 509
1184 146
1510 1350
1840 1178
1683 531
1511 158
1843 1103
1685 1302
1950 1468
1686 913
1440 1920
1347 1399
1396 1143
1337 1674
1444 85
1407 834
1954 1810
1688 472
1827 413
1689 525
1338 697
1844 543
1860 2
1188 375
1866 1790
1515 818
1690 1924
1870 453
1512 102
1881 1141
1691 715
1956 313
1951 1321
1529 752
1609 563
1885 748
1189 664
1957 608
1343 1762
1692 1671
1898 855
1344 162
1694 1107
1583 1036
1966 223
1190 1568
1695 1110
1795 1663
1958 41
1351 1675
1968 1574
1696 1359
1697 174
1959 144
1355 1222
1837 244
1856 820
1861 178
1865 8
1619 1847
1962 1405
1977 1719
1899 680
1906 1555
1841 1
1909 7
1869 762
1911 1930
1868 83
1871 1185
1516 921
1519 1387
1192 1651
1964 452
1522 867
1193 154
1357 366
1693 1739
1526 1535
1194 1274
1965 1505
1698 773
1920 1346
1882 907
1858 1626
1700 1582
1703 1015
1358 43
1195 1569
1709 1285
1360 517
1934 398
1872 186
1873 1457
1859 604
1888 632
1715 1742
1967 1769
1979 930
1363 1481
1971 175
1196 1257
1367 795
1710 1452
1972 70
1197 526
1724 781
1711 1684
1368 693
1949 891
1896 243
1770 1330
1777 745
1714 816
1372 1557
1199 1137
1807 1081
1200 1238
1961 396
1932 960
1910 735
1528 1754
1874 675
1373 951
1963 1966
1875 348
1973 1961
1530 403
1876 1917
1201 1483
1202 1577
1974 24
1980 1975
1978 456
1938 1153
1878 756
1838 1667
1531 1658
1374 476
1533 401
1953 1789
1884 875
1718 1343
1994 1734
1995 1616
1969 1602
1970 569
1916 296
1205 1731
1955 1090
1988 519
1901 869
1990 1216
1996 578
1390 1426
1905 687
1879 1261
1500 1066
1721 395
1935 1776
1952 1623
1722 1579
1993 627
1960 1943
1723 1493
1998 1205
1375 747
1976 1095
1852 1609
1919 1060
1900 1280
1376 1714
1883 206
1922 284
1918 1885
1982 1619
1543 1918
1727 59
1930 487
1687 1945
1886 1818
1893 1425
1943 1012
1999 1560
1728 356
1537 1981
1989 1430
1975 1805
1981 1660
1924 67
1985 350
1984 1479
1992 1047
1987 1801
1997 663
1986 1250
1983 1827
1991 307
