1916 2000
862 2 276 984
901 2 247 1225
1495 3 33 977 1308
43 1 287
526 4 5 611 1157 1453
1898 3 1119 1552 1740
113 1 1410
1014 3 577 1005 1495
1073 2 1795 1796
1577 4 664 1153 1478 1485
1030 4 35 178 919 1988
89 2 872 1481
1556 2 1333 1584
258 3 539 877 1629
544 3 335 1089 1204
788 2 3 320
523 2 319 1289
1132 2 204 1438
1138 1 935
306 4 234 274 951 1726
1171 2 335 1255
1415 5 958 1203 1463 1664 1810
8 3 179 1613 1638
1167 1 1111
1869 2 141 1144
1151 2 790 1161
298 2 500 569
591 2 1091 1597
1599 6 346 513 775 962 1550 1912
264 1 540
1016 2 954 1857
625 5 112 177 965 1313 1374
572 3 122 353 1141
636 1 944
1724 2 141 1824
426 1 1094
629 3 571 868 1698
1330 1 162
56 2 360 820
1490 2 488 1309
920 2 138 1315
1128 5 82 320 578 801 1584
685 2 1390 1678
1091 3 1083 1631 1895
288 1 1448
620 3 1305 1393 1530
362 3 906 1180 1545
1886 2 250 1495
1026 2 580 1365
115 3 350 365 743
599 3 196 764 1388
481 1 1939
73 3 932 1122 1763
373 2 311 961
1202 3 989 1077 1224
613 1 1952
1227 2 553 1110
497 5 577 1133 1193 1418 1843
1031 2 646 1465
1747 3 98 831 1953
1804 3 155 605 1176
615 2 1608 1669
931 2 94 250
1281 1 303
1276 1 745
1663 1 912
381 1 751
455 3 406 1712 1951
670 2 222 246
815 2 75 1888
1551 3 522 716 1731
1218 1 1518
1907 1 434
1062 1 1921
662 1 1887
1850 2 414 1210
1677 1 196
1715 2 802 1774
1711 2 1192 1379
174 3 511 699 850
851 4 122 236 1438 1843
1298 2 490 1958
1837 2 205 885
489 1 412
1043 2 1145 1659
824 3 427 955 1059
107 1 954
1006 1 1388
1280 2 854 1695
993 4 714 1144 1782 1785
960 3 938 1094 1126
1546 2 807 1009
445 2 654 1463
1733 3 994 1123 1294
780 2 494 1149
551 5 558 1137 1545 1974 1992
1408 2 660 697
962 2 288 295
1617 2 54 538
13 3 202 229 1915
565 2 916 1391
500 4 346 516 806 839
808 6 662 730 958 1434 1600 1664
1763 2 105 531
1458 1 1646
1633 2 1302 1743
1765 3 213 299 1479
908 6 291 334 380 416 604 1659
1771 2 1171 1379
571 4 79 1447 1607 1912
1143 2 842 1691
1371 2 442 1951
871 1 1895
449 1 40
910 3 572 937 1252
985 2 699 1531
33 2 1809 1890
1815 2 106 1077
516 4 321 513 797 1075
912 2 570 1060
1391 4 253 303 1270 1867
159 3 138 163 678
1223 3 553 676 1806
275 3 500 1144 1382
1531 2 1582 1620
1311 2 179 207
1866 4 499 1054 1543 1912
1172 3 105 161 1381
248 1 144
1342 2 1451 1516
194 3 403 1365 1719
733 4 373 579 1176 1600
1308 2 959 1005
1369 4 272 365 606 930
1289 2 644 1879
103 3 415 1590 1802
828 3 366 500 750
894 2 406 1472
1694 2 66 756
1215 1 1139
628 2 249 1899
126 2 205 1989
801 2 82 1252
454 2 807 1867
72 6 240 575 1285 1342 1376 1992
935 1 276
1076 5 85 444 485 507 1366
180 2 1187 1764
736 3 398 417 1398
1794 1 1704
587 2 8 692
123 3 283 686 1967
131 1 1445
659 4 764 916 1386 1802
1802 2 883 1888
1263 1 678
1141 3 579 959 1923
1087 2 367 1685
734 4 1013 1350 1588 1734
1865 3 89 1631 1791
726 2 394 501
1775 2 237 1584
1067 1 1296
1211 2 500 1754
36 3 309 312 1013
212 4 153 867 1055 1094
1015 3 179 690 1988
1367 6 200 207 231 1125 1531 1657
332 2 388 1764
380 2 446 1942
995 4 340 468 1153 1259
289 1 1218
557 3 146 524 1660
1348 3 291 552 1890
978 2 1374 1740
1359 2 1312 1590
1013 3 394 1788 1910
811 2 511 522
848 2 140 240
1456 1 1596
1716 2 235 1130
39 3 1016 1528 1764
1117 1 454
997 1 690
622 1 57
964 2 1055 1390
965 3 1060 1531 1691
1613 2 1207 1805
1098 1 1342
1693 2 178 1508
432 2 1440 1800
117 3 304 883 971
1100 4 679 1045 1052 1172
1651 1 422
431 2 235 460
712 2 1129 1626
676 5 117 324 674 1363 1477
1796 5 257 1411 1540 1707 1812
1831 1 1226
737 4 140 1270 1425 1764
483 2 95 185
51 1 1943
1064 3 571 864 1214
1445 2 1640 1962
992 1 1323
1632 2 1370 1915
843 1 1642
279 2 1890 1989
1496 1 1658
646 3 116 779 1068
1554 5 525 1304 1462 1580 1816
1028 1 1857
1605 4 241 815 924 1812
1670 2 1816 1985
1735 1 1625
1732 2 368 1453
1805 2 654 1016
1046 1 996
759 2 1441 1877
1851 2 130 331
1127 2 101 289
304 4 446 737 1321 1466
400 2 1225 1572
1664 3 197 417 1479
649 3 95 190 1199
986 2 1382 1503
1018 2 622 644
1266 2 214 1390
969 5 489 737 1258 1697 1997
1272 3 448 943 1221
1488 1 1857
1206 2 529 678
1793 3 202 737 1503
4 2 311 831
96 3 6 545 1874
921 2 283 1591
1114 3 1525 1852 1945
179 2 719 1919
1609 2 341 1879
199 1 451
205 3 540 1014 1841
933 2 341 676
1189 2 141 702
1153 5 533 779 1473 1514 1864
836 2 561 1664
464 3 700 1633 1769
403 1 1693
1680 2 108 1094
128 1 1664
257 4 105 246 497 1897
1437 6 772 959 1633 1678 1826 1855
972 4 75 84 686 930
648 1 1631
671 2 449 711
968 1 1323
245 1 917
469 1 639
1080 4 1472 1547 1689 1989
1086 1 888
1571 4 1229 1258 1483 1812
1908 1 1280
1788 2 11 1042
879 1 668
668 2 269 1702
1588 5 557 626 786 943 1091
1387 2 238 1138
292 4 118 650 978 1748
946 3 256 1177 1958
1581 3 1584 1630 1740
594 1 1610
548 2 804 1962
1757 4 291 329 390 507
1241 3 1130 1370 1962
543 1 469
161 2 1494 1547
1591 1 940
146 1 1514
1286 3 335 853 1564
856 2 604 1657
902 1 1111
1692 2 982 1260
1165 2 1130 1410
1424 5 176 262 627 1582 1879
228 2 213 1885
1422 4 139 820 1005 1734
1712 1 1771
1155 1 811
1738 2 1122 1208
1776 1 1809
1239 4 604 842 1210 1243
1614 2 1728 1935
1070 3 155 298 1227
1180 3 157 1800 1921
1042 1 1374
347 1 1123
184 2 166 1294
863 2 1057 1279
740 3 84 1610 1949
868 4 181 872 940 1289
1900 5 514 985 1551 1629 1953
85 5 177 321 336 1166 1454
756 2 405 1702
1720 2 522 637
325 1 283
1232 2 494 1726
157 4 947 1166 1472 1885
1291 2 1343 1578
1543 1 612
1772 2 335 1047
601 3 457 1415 1553
1056 2 879 1514
230 2 89 1920
1077 3 141 657 1591
1158 2 30 1476
1309 1 1283
1397 5 516 1643 1802 1886 1935
190 3 87 730 1108
1200 1 1286
220 2 419 1668
1688 2 396 1769
1301 1 422
989 1 1315
680 1 1813
1901 1 1792
1058 2 343 1705
1761 1 1604
1682 3 726 1186 1272
1529 3 524 596 1206
137 1 536
28 3 50 756 876
660 3 794 933 1547
1514 2 869 1060
1509 3 288 360 1441
1235 2 426 937
614 6 332 1071 1092 1366 1508 1907
1498 1 888
1885 2 457 919
1163 3 627 795 850
120 1 1308
566 3 877 1591 1743
1047 3 524 1217 1857
1894 4 611 659 1501 1700
651 2 905 1644
404 4 55 411 637 1072
1334 1 622
97 3 935 1284 1547
738 1 532
1136 2 1425 1473
1465 4 80 353 431 1788
909 2 1010 1392
251 5 31 1305 1615 1835 1919
434 3 308 1112 1913
604 3 204 1527 1922
1245 3 429 632 1821
78 5 32 944 1485 1768 1995
1906 1 906
1480 2 10 1547
1003 1 602
1482 1 173
966 1 1016
584 2 1638 1763
1033 2 753 1219
823 5 2 711 1019 1397 1579
1550 2 907 943
878 2 615 1890
928 3 393 837 1943
439 1 1642
1521 2 11 325
619 2 1425 1669
1580 3 250 287 1419
846 2 17 1539
1228 3 309 632 1760
141 1 265
1160 1 1410
1220 2 283 668
1394 3 835 1366 1816
1809 4 662 700 1106 1119
1402 2 406 1379
724 2 1376 1761
673 1 1693
1118 2 702 1779
1325 2 84 1318
1316 1 1363
752 3 537 784 1860
1839 2 423 1967
90 3 171 478 1589
579 3 352 1514 1700
713 3 98 140 783
1595 3 616 746 1658
1878 4 291 391 637 1247
1859 3 626 1103 1922
100 2 1150 1519
171 2 653 1499
1835 2 729 1740
553 4 496 1192 1802 1857
1129 3 427 768 1816
136 1 56
1425 3 856 1023 1116
1582 1 1177
370 1 1007
1237 3 1355 1817 1974
581 3 307 786 1876
642 2 443 1068
35 2 1433 1441
1429 2 80 1726
1674 2 250 1018
1476 4 80 434 570 1043
530 1 1516
1443 4 16 215 1262 1947
77 1 1953
282 4 140 644 822 1753
1638 1 1919
1676 5 636 664 1410 1567 1711
942 2 214 1523
634 1 1106
1375 3 222 1303 1557
1842 1 177
515 1 1678
766 2 98 1992
1585 3 578 1137 1263
1024 1 1167
1612 1 1612
1748 2 306 1353
1364 2 469 1549
305 1 1091
1068 2 1280 1305
440 3 163 431 1556
1606 4 485 706 1348 1879
1041 1 577
865 2 1217 1600
880 2 75 1600
165 2 805 1764
1231 3 79 133 522
356 2 1263 1771
1130 3 818 1765 1858
1021 3 717 943 1129
240 3 132 235 1440
586 2 439 1907
1882 2 289 1680
246 3 391 1119 1331
1799 1 877
552 1 1952
1486 2 250 408
1017 3 48 276 1656
1713 2 918 1121
753 2 836 1355
198 2 150 1736
560 1 934
1769 2 41 1510
1816 4 275 1257 1764 1858
286 2 955 975
1259 2 524 611
1179 3 641 1540 1793
1708 3 201 771 1947
858 4 238 1374 1418 1640
795 3 1078 1607 1985
1545 1 419
1304 2 1180 1897
547 6 166 465 569 664 786 1060
1213 2 769 1438
231 2 951 1421
665 8 178 493 542 545 827 1390 1393 1588
803 5 90 200 541 660 793
1855 3 996 1035 1977
1131 1 1593
1454 1 1391
539 2 490 1121
1111 1 1048
842 1 1143
918 1 401
49 3 177 798 1153
1040 2 80 1668
290 2 1371 1736
518 2 1206 1978
1317 1 128
638 3 162 450 1041
953 1 686
217 3 676 697 1598
162 1 56
793 2 610 1249
1354 1 1584
1762 2 702 731
691 2 1613 1881
1186 2 1241 1541
428 4 202 1058 1510 1775
176 2 748 1731
1072 2 978 1116
1787 1 513
1332 3 751 837 1267
388 3 816 1041 1252
1611 3 495 779 1829
830 4 749 940 1366 1830
915 2 692 1613
951 1 1180
208 1 1651
1518 6 533 650 770 1610 1793 1908
990 1 1960
29 2 360 1494
86 2 1196 1887
1702 6 373 574 625 1769 1833 1921
1242 2 886 1306
278 1 1387
958 2 288 602
502 1 909
885 2 495 1321
287 1 784
1421 6 94 157 888 1290 1327 1976
1737 3 656 1217 1934
774 3 213 327 1087
1547 3 706 1838 1867
232 3 99 201 1428
575 1 1045
1193 3 669 835 1112
1731 2 1331 1403
1873 4 124 523 1414 1860
41 2 149 1094
80 2 98 1351
1697 3 84 557 627
1124 2 215 1688
595 2 642 746
1192 2 133 1698
583 3 1023 1096 1182
395 4 299 1188 1388 1897
349 2 714 1760
1535 2 737 1119
369 2 835 1411
707 2 261 1820
1268 4 425 1543 1551 1812
1558 3 182 191 754
632 2 149 394
443 2 242 1296
1170 2 1689 1892
1312 3 31 90 98
52 2 516 962
1344 1 150
684 3 419 1505 1764
1125 2 1249 1986
1287 1 111
1403 4 368 965 1158 1824
1247 2 410 1970
1718 1 1689
1440 3 44 716 1832
1781 2 1608 1892
334 1 1180
1618 3 6 1004 1136
480 4 403 1263 1386 1982
654 3 646 864 1764
19 1 1613
351 2 134 806
399 1 1208
1830 1 1252
1178 1 1171
1306 2 315 1982
1434 1 1828
119 3 1186 1341 1404
374 2 1027 1366
45 1 257
859 5 246 537 575 1525 1789
276 3 129 223 1630
95 2 272 1876
1880 2 242 1024
271 2 269 946
922 1 1544
364 3 413 816 1263
181 1 862
1890 1 1640
479 2 118 1211
1810 2 132 1630
1256 4 481 1119 1358 1568
525 1 529
623 2 907 1811
1782 2 13 1112
435 3 1632 1814 1879
1887 2 419 1678
559 2 699 1578
1646 3 541 1235 1278
857 2 1273 1667
375 5 241 360 446 1718 1823
1897 4 171 182 1694 1892
166 1 620
999 3 692 934 1065
148 3 178 304 892
1640 2 661 1995
555 3 727 1057 1519
1883 2 451 1979
1849 3 44 188 1806
272 4 818 968 1111 1428
1703 2 688 1575
268 3 426 1557 1838
849 1 658
762 1 1920
1596 2 774 1288
505 3 532 574 1760
156 2 353 1195
536 2 96 258
816 5 328 1207 1744 1754 1917
1278 3 1567 1705 1970
1590 1 806
1173 1 646
401 4 360 469 489 1568
1602 2 942 946
1759 4 584 1294 1383 1518
608 3 1197 1440 1730
1847 2 200 1139
1753 3 477 1188 1577
202 2 834 1660
1912 4 729 853 1273 1411
1190 1 1579
313 2 1134 1247
748 3 6 33 1039
873 3 836 1850 1979
1152 3 181 481 1268
239 3 776 1731 1734
207 1 1499
277 1 129
1318 2 465 521
1275 2 231 1839
1039 1 965
376 3 669 1173 1327
1899 1 1556
1549 2 227 295
827 3 295 839 1852
1645 2 329 400
1777 2 365 1684
79 4 202 699 944 1483
474 1 768
1552 4 153 606 1318 1489
473 5 768 1192 1343 1762 1838
1012 2 499 1259
1315 1 688
967 1 1527
147 1 1977
1459 2 374 1737
807 3 320 482 612
1005 1 1302
112 4 6 628 1744 1852
350 1 1425
704 1 854
954 5 679 984 1054 1414 1431
644 2 531 1939
1379 3 84 106 686
1671 2 346 1027
203 2 524 748
341 2 595 974
1343 1 791
104 1 163
1417 1 534
1389 3 55 220 712
877 2 434 899
927 7 220 386 569 808 871 1156 1787
326 2 524 766
1236 4 343 502 1225 1464
221 2 11 1119
1142 4 173 923 1394 1934
1784 2 970 1742
570 3 540 869 1279
1812 2 828 1169
1709 2 1126 1580
1093 2 286 1888
1684 1 381
1791 2 568 657
710 3 187 331 802
296 1 527
315 1 1218
1644 1 440
1758 1 646
952 2 109 349
1864 3 325 761 1436
640 4 524 798 1382 1728
940 3 187 246 759
21 1 677
135 2 1511 1753
616 2 236 1350
1137 2 975 1730
692 6 119 300 450 656 1107 1718
1565 1 1186
209 3 489 702 1195
1321 4 1464 1528 1860 1896
1876 1 965
1668 1 1743
1641 2 203 1695
1625 2 148 1774
1426 2 178 1211
527 4 268 611 1627 1721
70 5 41 531 1530 1651 1860
1643 3 497 1419 1503
611 2 1092 1244
905 1 539
11 4 138 543 669 1547
1569 1 297
333 2 996 1119
682 3 121 141 831
1257 2 617 1014
1285 5 505 919 1077 1406 1430
1583 2 1395 1978
1893 4 1120 1246 1272 1315
936 1 1379
453 1 1093
417 3 574 1186 1627
947 1 1752
1225 2 309 1419
1122 3 122 530 1096
1499 1 490
1109 3 567 1161 1855
1654 5 353 524 1061 1578 1699
485 1 1133
3 6 204 442 1492 1800 1872 1937
1265 4 237 606 885 1387
1786 2 79 1135
379 1 1025
1741 4 95 335 991 1618
1888 3 236 785 909
1780 2 847 1733
15 4 439 639 844 935
331 1 1177
433 2 584 1787
1750 2 371 1586
741 2 568 1552
900 1 594
40 3 444 660 828
744 2 650 1431
1874 1 570
1730 1 1057
501 1 333
975 4 540 669 1055 1203
941 3 371 892 1225
1739 4 576 1051 1284 1522
1870 1 100
537 4 161 406 496 1206
1572 2 182 1859
1264 3 179 300 1765
678 2 531 1613
1797 2 86 823
847 2 22 1394
956 1 1962
1336 3 150 1331 1835
1467 2 32 457
627 1 1841
265 1 1270
1052 5 100 194 574 655 1939
1133 2 386 705
1250 1 220
1528 3 1096 1338 1483
1011 1 632
1457 1 831
550 2 857 1591
1328 3 793 985 1880
1652 2 547 911
37 1 494
1532 1 923
672 2 604 1947
498 3 281 524 1985
1778 1 146
335 2 90 1452
580 3 1119 1210 1485
1690 2 329 490
1361 3 435 933 1149
1628 3 806 1368 1613
366 3 668 1249 1454
822 2 374 1737
1685 5 500 937 1501 1530 1749
1270 3 401 615 704
1376 1 477
939 3 404 1907 1958
1695 3 98 567 960
787 3 75 925 1674
844 5 413 518 838 1346 1942
577 4 323 1199 1390 1591
300 1 1203
1862 3 191 431 1668
861 1 569
222 1 1271
178 2 513 1740
647 2 1060 1626
1594 3 204 1271 1463
1626 3 1481 1533 1792
513 3 54 909 1577
1727 4 844 1691 1734 1875
1219 4 331 620 982 1207
1432 2 871 1711
1222 2 1047 1214
466 1 171
1505 2 580 1059
1823 2 482 1698
1744 2 1922 1964
1631 3 482 608 1634
256 2 635 1482
1803 1 1462
702 4 763 1715 1937 1947
746 2 394 1208
805 1 535
520 5 84 241 1208 1628 1772
1742 2 1095 1547
1433 2 1445 1813
1261 2 433 697
1627 1 1508
1821 3 745 771 1511
1194 4 769 1158 1508 1729
950 2 163 639
321 3 485 573 812
1856 4 537 1207 1249 1578
175 3 936 1110 1135
1181 2 653 1782
1395 2 535 1532
1889 1 1880
1284 4 17 562 943 1897
798 2 311 1210
1451 1 1930
1045 2 516 1338
223 5 306 429 669 1895 1914
652 1 96
493 1 1964
255 2 234 453
1240 1 433
813 4 606 651 712 1071
1279 2 1045 1268
944 3 771 1311 1807
1022 1 264
605 1 1198
339 2 272 1736
705 2 543 877
442 6 37 58 823 970 1685 1976
1607 2 261 791
1380 1 466
510 3 1283 1365 1584
749 4 500 981 1304 1907
1406 1 1527
1872 2 1616 1850
1754 1 790
1485 1 445
170 1 177
926 1 935
1139 2 1067 1153
471 2 930 1704
887 3 317 1106 1785
508 2 178 925
1579 2 124 518
1009 2 419 1545
1909 2 2 1795
509 4 206 780 1096 1225
149 2 241 1351
1370 1 1051
1210 1 1119
420 2 627 1730
359 3 138 676 1243
358 3 571 608 1457
711 3 569 933 1626
491 4 366 1045 1290 1588
66 2 418 1501
1657 3 1390 1608 1822
1427 1 642
1604 1 1937
1792 4 962 1089 1550 1642
64 2 1078 1771
755 4 66 386 1572 1743
1679 3 291 817 1311
802 4 242 413 842 1527
661 4 847 1107 1627 1799
291 4 205 804 857 1365
825 4 181 730 1519 1793
1510 4 95 124 808 1888
127 4 48 932 1342 1399
1471 2 497 1256
44 2 383 697
84 5 108 605 795 995 1935
689 1 1855
470 4 82 288 1248 1406
1828 1 1820
760 1 391
819 4 162 265 774 1419
796 2 185 1123
1534 2 774 1425
1764 1 958
1466 2 80 737
441 1 525
307 5 790 800 1464 1964 1980
1629 2 1203 1995
1044 1 468
394 1 1958
430 6 223 844 1141 1669 1711 1759
1054 4 173 1493 1937 1949
1092 3 15 268 880
602 2 450 1445
731 2 1087 1302
1096 3 276 1644 1897
216 2 1269 1308
1226 2 432 763
959 2 1596 1836
1563 1 1733
163 1 1593
804 2 1108 1224
423 1 963
1537 2 1270 1718
1575 4 391 454 1219 1688
219 1 784
1290 4 73 1007 1582 1923
295 3 203 340 1805
891 3 1087 1442 1575
688 3 499 1167 1278
1827 5 1005 1037 1346 1772 1900
138 1 1694
906 2 691 1431
476 5 150 271 963 1060 1178
948 1 308
477 3 171 772 907
189 3 566 1081 1712
1388 3 320 433 1759
781 2 1058 1089
6 1 857
1814 3 229 753 955
1723 4 231 567 669 998
983 2 1273 1872
929 3 574 1743 1892
1678 1 108
269 1 1205
1755 1 1376
1622 3 6 608 948
761 1 1323
1492 4 124 324 856 1193
633 1 1287
16 2 704 1842
881 3 308 1083 1224
1832 1 380
1097 3 842 1248 1721
1135 3 602 1759 1944
1319 3 816 1252 1659
1392 3 536 553 1805
204 1 410
561 2 531 1810
1145 2 880 1013
1475 1 872
1164 3 125 1065 1839
214 4 944 1065 1404 1685
889 2 1495 1995
1500 3 27 173 1262
467 1 1019
1481 2 1138 1696
270 2 344 1025
943 3 1186 1510 1586
262 2 1111 1502
569 2 662 1813
87 2 16 225
1587 3 677 979 1991
1288 3 568 1180 1403
1630 2 48 86
322 2 651 1833
1065 2 545 692
641 3 719 998 1640
1592 2 1178 1224
524 2 817 1058
1453 3 85 121 916
1734 4 5 847 1205 1610
310 2 958 1494
1656 2 16 1753
1635 2 388 1157
1916 2 839 1494
971 2 176 1786
1511 2 617 1249
884 3 1197 1353 1464
169 1 16
1255 1 1535
387 1 75
1896 2 676 1419
1584 1 1120
1915 1 1492
47 3 340 761 1544
1449 4 1048 1243 1505 1809
1833 5 190 272 922 1041 1252
775 4 148 429 836 1286
1083 3 820 883 1895
1119 1 7
57 2 916 1317
1094 3 749 905 1725
1350 2 1137 1857
1544 2 50 311
728 2 362 1417
336 3 320 1441 1600
1090 2 261 800
247 2 315 766
1666 3 296 1134 1431
1808 1 1438
494 1 1896
172 2 108 1308
1366 5 676 883 1013 1392 1771
1548 4 453 643 834 1136
564 1 1258
237 4 1083 1158 1247 1358
1789 2 1763 1945
763 2 779 1993
302 2 812 896
597 3 405 799 1110
1360 3 206 1178 1763
932 3 352 714 1723
1430 3 109 268 1042
1313 1 1574
1297 3 30 418 1061
829 2 11 746
1589 1 229
197 3 162 522 1879
20 2 250 880
639 2 116 1058
1817 3 511 543 1493
1037 1 611
1299 4 275 350 997 1189
1007 2 719 1019
133 4 899 1006 1263 1531
1474 2 367 699
129 3 130 327 1123
919 2 129 1986
1881 3 27 419 670
1836 2 785 1915
899 1 229
1586 1 928
53 3 941 1166 1278
450 3 286 511 705
562 2 716 1472
484 2 1399 1608
784 2 386 421
1719 2 1093 1646
1845 1 1919
415 3 443 871 1935
1074 2 868 1309
1126 2 745 1470
1574 1 166
1826 4 661 771 1187 1353
153 2 1440 1615
1084 3 62 869 935
913 5 117 746 962 1291 1482
514 4 335 358 989 1323
406 4 171 769 1035 1453
874 1 1122
504 2 1016 1442
211 1 523
1829 2 336 1753
385 1 86
1322 2 1953 1970
309 2 1156 1632
521 2 90 511
610 3 412 835 1608
637 4 43 231 317 1270
814 3 296 1149 1398
607 1 1967
1174 2 145 654
818 2 785 1551
1884 1 1212
687 2 1493 1917
1820 2 985 1589
792 2 134 1285
99 1 1284
27 5 604 797 816 1020 1690
1201 3 118 1482 1597
1861 3 75 1112 1764
1243 3 1122 1434 1888
786 2 1148 1482
353 2 795 1780
236 4 567 984 1199 1712
840 4 401 1068 1358 1805
1819 2 401 575
1637 2 662 1296
1436 4 26 553 753 1760
596 6 106 807 1444 1671 1859 1879
1675 2 1632 1792
140 3 460 468 1211
837 1 1760
200 1 136
1110 1 500
626 2 105 1398
598 2 1082 1792
773 2 247 1756
1473 1 101
22 4 1145 1604 1721 1752
785 2 1051 1342
1768 1 1135
1001 2 15 1303
1113 1 708
1790 2 132 184
916 4 11 417 1092 1743
609 2 881 883
778 4 631 951 1060 1081
124 1 886
338 1 522
319 4 726 1095 1490 1785
1191 2 539 1671
980 3 11 1398 1644
957 2 1550 1769
91 3 13 489 1910
383 3 247 802 1534
297 1 793
1540 3 238 837 1042
617 3 106 406 1557
1905 4 130 547 669 1858
1564 1 620
1636 2 1169 1302
250 1 341
1292 3 54 389 545
32 3 1314 1446 1782
1527 2 1119 1171
1760 1 40
892 3 2 981 1263
777 2 805 1935
1238 2 831 844
1683 2 146 902
244 3 94 100 383
955 2 1268 1737
1382 2 1054 1754
1413 2 561 1218
495 2 315 523
709 1 140
1743 1 745
1234 2 1283 1520
832 3 73 1633 1944
556 3 33 573 1250
799 3 358 1087 1858
1338 2 58 775
875 4 177 925 1270 1914
872 1 1457
142 1 529
1868 4 507 1202 1353 1825
50 2 574 818
1773 1 888
1159 3 440 1730 1756
1393 3 344 1025 1588
18 3 128 1545 1802
1506 3 125 414 1693
1217 2 1157 1528
461 3 150 1547 1781
606 1 577
768 4 1243 1479 1749 1891
1774 2 423 1531
1879 3 101 352 961
412 2 352 1263
1710 3 529 589 1444
690 2 196 1976
324 1 1365
224 1 247
1396 2 90 1564
998 2 457 1523
1195 3 222 1388 1484
722 3 417 522 1029
1162 3 877 1447 1691
24 2 543 1221
14 1 1829
316 2 1609 1976
390 1 1510
1085 2 1495 1597
1728 3 443 1256 1302
973 1 1476
114 2 161 644
1648 4 319 405 1674 1854
1904 2 1631 1743
1099 6 120 518 571 590 1173 1263
970 1 1501
1410 5 444 579 633 866 1779
735 3 401 525 1309
1487 1 1864
1555 2 1043 1640
1438 2 1001 1799
1416 2 55 501
218 2 1087 1302
898 2 751 1593
348 2 1712 1799
1048 2 968 1875
1115 1 1738
329 1 1680
238 4 15 241 711 943
235 2 28 110
1102 3 626 831 1075
1409 2 1502 1705
475 2 321 933
991 2 468 1690
699 1 80
1517 2 40 425
377 3 112 815 1055
750 1 1313
1472 3 1247 1377 1711
318 5 296 639 1315 1495 1914
98 3 691 1917 1932
105 4 785 1244 1391 1988
1029 2 422 771
1020 4 938 1457 1580 1596
1576 2 756 1101
1351 2 888 1171
675 5 185 225 490 811 1283
938 2 535 1480
1156 1 1371
299 4 197 1479 1764 1922
1353 1 10
1252 4 117 1768 1805 1896
1283 3 511 1534 1828
1 3 417 1306 1431
1246 3 121 670 1525
1450 1 820
1520 4 311 715 727 1523
59 2 85 1872
151 2 197 574
30 2 542 968
1566 2 864 1436
1818 1 1828
767 1 1809
517 1 1060
1557 1 465
1161 2 238 954
593 2 271 1993
923 3 442 537 743
809 3 766 833 1081
758 3 223 574 644
215 1 452
1108 2 527 605
301 1 664
1464 2 94 1713
779 1 398
718 2 1173 1620
1811 1 243
451 3 1092 1506 1831
1405 1 132
1253 2 261 1590
590 3 1130 1386 1725
378 2 86 1864
226 1 1129
1800 2 215 1527
229 1 596
293 1 86
867 2 1083 1271
46 1 1831
436 1 1692
1204 4 426 434 639 1632
911 4 325 412 800 1485
1112 3 409 488 1881
1717 1 756
492 3 272 716 1943
1262 1 824
408 2 414 1153
574 3 1006 1096 1148
499 3 134 388 822
111 2 264 678
354 1 1609
782 2 1725 1992
48 3 749 851 1551
1653 2 1466 1977
1025 2 130 1826
876 3 728 1690 1793
193 1 1764
94 2 227 1493
125 4 241 323 365 714
1439 2 249 1180
1701 3 153 523 844
1333 2 409 1078
700 3 737 1040 1121
1049 2 1531 1704
769 2 434 1187
168 3 751 805 1733
1374 4 798 1232 1519 1988
982 1 1879
1205 3 418 794 1283
1542 3 413 475 1632
1834 2 116 488
883 1 975
343 3 5 726 1574
790 4 66 948 1122 1280
108 2 1198 1802
1000 2 1570 1616
1296 4 439 655 944 1885
727 3 250 388 1490
645 3 382 1421 1580
260 1 937
363 2 87 1725
835 2 96 1237
478 2 1145 1287
139 1 855
576 1 985
410 2 881 1541
352 1 1793
541 3 229 867 1027
422 4 261 720 1726 1871
1199 3 1196 1543 1657
1696 2 203 1694
800 4 203 704 806 1812
1214 4 1039 1077 1198 1958
1662 2 716 997
280 1 1897
988 4 205 1206 1604 1953
1519 3 804 1386 1688
1187 1 982
1147 2 497 1283
1615 2 838 1438
751 1 90
1838 1 179
694 2 1009 1611
1419 2 493 1365
1752 3 922 1196 1247
1341 2 997 1539
195 3 202 236 1552
1274 2 802 1068
60 2 1483 1525
1903 1 1214
708 1 1283
693 1 1169
12 2 157 573
468 5 784 1013 1171 1789 1833
667 1 1133
1502 2 482 1810
1295 2 854 1054
1019 1 1578
421 3 297 551 1263
1399 1 1492
925 4 477 1441 1564 1930
1326 2 1211 1435
1116 4 325 670 1381 1791
656 2 1161 1700
826 1 636
1740 2 300 1015
1871 5 89 617 1193 1731 1756
459 3 328 691 1433
1846 3 66 1685 1730
496 2 864 1877
1705 1 31
284 1 750
1079 2 96 1575
201 4 283 1218 1494 1822
538 4 962 1377 1577 1772
1357 4 31 388 425 1436
243 3 492 795 955
42 4 89 256 938 1684
1134 2 128 1217
1725 1 477
397 4 547 768 799 1921
93 4 108 636 1285 1428
130 3 1023 1108 1651
413 3 298 1130 1381
1721 4 868 917 1523 1578
1516 2 1001 1387
618 2 977 1523
55 3 507 1143 1989
68 2 808 1395
703 3 596 1107 1129
519 1 1055
361 4 44 261 309 1860
1209 3 625 1553 1796
486 2 1399 1462
531 3 335 743 1318
1914 1 237
1435 2 80 516
1825 3 449 580 1532
1512 2 1719 1733
833 1 1522
1857 1 1368
155 1 1065
655 3 1205 1385 1972
797 1 1462
1182 2 764 1949
503 2 1547 1718
994 2 632 1206
1491 1 708
1061 1 649
729 5 30 136 144 458 1311
1106 2 373 1795
1412 2 194 1302
979 3 696 959 1791
386 5 1014 1229 1353 1692 1730
1121 1 1695
38 2 1243 1646
76 1 798
1166 1 1180
1523 2 412 981
1647 2 924 1047
621 1 334
776 2 979 1567
1801 3 374 401 917
1071 2 206 1255
1462 1 799
612 3 896 1532 1725
110 3 662 751 1446
1807 1 1952
183 3 10 1102 1120
1224 3 831 940 1133
1271 5 475 1342 1525 1589 1813
806 2 1483 1590
1673 2 1259 1823
850 1 534
592 3 1612 1737 1964
588 4 28 289 433 1564
253 1 1272
754 3 496 853 1091
1185 2 289 1577
1148 2 218 1428
102 1 1176
1373 4 443 502 952 1217
1745 2 311 1575
1541 3 197 336 1705
1621 4 995 1139 1812 1888
1303 3 32 188 636
342 1 1805
937 2 572 1945
1418 2 161 854
263 6 944 1094 1324 1494 1766 1896
1331 3 418 433 551
1649 2 6 968
389 2 179 1368
1600 1 477
589 4 626 727 1172 1325
1095 3 629 1040 1199
949 4 162 849 1166 1600
314 2 1037 1432
963 4 154 596 1477 1530
160 2 417 1343
1390 2 775 881
1442 2 43 1208
1526 4 14 691 820 851
1177 3 504 1597 1769
578 2 341 1169
1597 1 130
1824 3 769 1001 1117
1355 4 815 835 923 1270
1619 1 469
1188 1 524
545 5 177 350 419 617 1540
893 3 698 1249 1306
1522 1 1779
1051 4 655 716 814 1047
1477 2 1306 1715
1103 2 1065 1428
624 1 558
285 3 625 750 1839
1578 2 656 1947
1082 2 390 1467
487 2 27 944
1524 1 1130
1650 6 243 702 1211 1446 1814 1953
1329 3 403 1096 1890
717 3 644 1060 1887
303 1 1270
1038 1 1061
1553 1 1419
1381 3 753 951 1112
1853 3 519 922 1972
723 3 149 1043 1304
1144 1 1108
227 6 191 242 435 989 1610 1951
398 1 346
549 2 866 1600
1229 2 200 951
1568 1 391
267 5 297 299 452 1796 1913
7 3 1019 1759 1826
1567 2 646 1826
1620 2 756 1892
1356 1 1421
1707 4 335 1377 1454 1842
261 3 646 1424 1554
1431 2 691 867
1248 3 1194 1370 1425
1767 2 624 711
533 1 905
330 4 746 960 1477 1696
164 2 746 812
1175 1 769
721 3 1395 1749 1871
810 3 191 577 1915
187 3 557 1059 1260
1639 1 1092
1300 1 1107
1658 2 770 896
1347 4 353 393 1019 1812
1340 3 656 1103 1577
463 1 800
384 1 942
1469 2 144 1914
424 2 398 1481
192 3 42 223 1752
1010 3 906 955 1224
460 2 1009 1699
1203 3 1325 1640 1725
1294 3 206 1468 1503
1513 2 1572 1618
1562 3 482 1206 1501
635 3 545 1702 1754
1400 4 37 155 410 543
1840 3 194 823 1442
74 2 1148 1747
185 4 644 779 802 1176
360 2 797 1988
1699 2 130 1054
1123 1 1263
5 3 1443 1737 1907
1655 3 769 811 1985
407 1 1196
109 2 1100 1557
1746 3 3 712 1338
895 3 442 516 1155
81 2 1499 1564
853 3 86 730 1381
281 6 218 1025 1381 1627 1628 1660
1105 2 699 896
1004 2 984 1061
31 2 116 936
1314 2 308 519
1249 2 882 1484
1120 1 304
1198 1 238
273 3 22 1013 1917
1282 1 764
1841 3 112 1376 1958
1460 4 389 833 1557 1678
317 2 1029 1629
418 3 520 1260 1920
1034 1 1441
506 2 98 214
669 2 1759 1887
650 4 100 1155 1490 1852
725 1 1762
34 1 1317
546 2 1120 1204
1032 1 1800
1176 2 418 1199
1844 3 418 1813 1879
1323 2 1333 1368
1726 1 1974
1444 3 1169 1262 1418
1244 1 1839
62 3 297 551 1424
25 2 1294 1704
743 2 551 1400
345 2 457 533
507 3 1634 1839 1919
1293 2 368 1545
1035 1 1280
1345 1 628
328 1 948
1525 2 432 1582
63 4 802 808 892 1306
419 4 206 307 1259 1930
1027 3 94 660 963
585 1 1721
311 3 7 311 1059
1687 3 179 869 1370
820 4 325 756 1256 1982
854 2 1540 1584
241 3 1138 1204 1740
344 1 674
1368 3 146 366 1037
1806 2 655 1446
1722 3 700 1578 1873
372 3 265 1052 1577
1053 5 215 335 570 1743 1978
121 2 374 823
1681 2 128 1058
1358 1 835
864 1 262
1386 2 10 939
907 6 85 386 457 835 1087 1753
368 1 1495
568 1 626
1560 1 386
630 5 442 715 906 1586 1688
706 2 1366 1388
1384 2 629 1241
490 3 350 396 1839
1310 4 692 984 1567 1657
1423 1 56
482 1 366
409 2 196 1632
977 2 691 1102
764 1 1744
274 4 971 1169 1308 1309
458 1 1629
1149 2 414 1454
855 3 552 1131 1610
1337 3 99 477 1830
981 3 1052 1235 1668
845 3 584 1304 1323
1401 3 353 1527 1570
882 1 485
437 5 271 516 533 850 1782
340 2 1432 1523
82 3 606 1171 1744
206 3 390 417 1836
1489 3 1016 1466 1689
1254 1 1081
1515 1 331
1610 4 321 394 513 1881
512 3 79 1113 1304
1168 1 241
698 4 296 389 1218 1465
683 1 1935
567 3 85 262 406
158 3 101 1304 1424
1463 4 521 1514 1785 1793
1539 4 108 166 1369 1723
234 1 1490
1327 2 1203 1851
1324 4 398 618 753 1398
1414 2 804 1343
1221 4 364 1430 1431 1723
1913 5 477 535 881 1216 1900
532 1 1494
1601 2 1262 1920
1822 1 551
1736 3 308 885 1962
664 2 80 1986
1895 2 304 1693
1661 3 1041 1482 1564
1140 2 432 1087
1269 2 27 670
427 2 790 1096
186 1 1991
283 1 824
1468 1 1199
1339 1 1338
456 5 11 185 432 917 1205
196 3 105 400 1850
1642 5 557 620 714 1226 1625
1377 1 1148
1411 3 806 1721 1986
1273 2 728 1895
1407 2 575 961
1659 2 1953 1958
757 1 1796
716 2 360 1888
663 1 743
600 2 274 1171
1867 3 7 794 805
888 2 182 1742
1634 2 319 1859
392 2 1225 1785
1050 4 75 1525 1761 1825
529 1 1113
812 2 954 1302
1501 1 435
393 3 105 775 1419
447 2 191 481
1570 2 1604 1693
1858 2 882 903
249 2 1774 1995
188 2 340 1078
686 1 1102
1770 2 505 1054
677 2 1001 1811
1183 1 746
839 1 1743
10 2 574 1736
23 2 448 1153
739 1 173
1714 1 101
976 1 1807
791 3 449 943 1431
1593 2 836 1398
1573 2 527 1602
522 2 312 1249
1363 1 763
1196 1 1067
1055 4 38 410 1156 1788
528 1 944
1069 2 161 930
914 2 1057 1322
540 1 1572
1081 1 793
1260 2 928 1393
1060 3 149 1045 1424
934 2 958 1602
1441 3 304 944 1087
1372 3 56 655 1311
653 3 58 146 1424
1346 1 748
582 1 1189
457 3 382 547 1810
897 3 264 1712 1838
535 3 98 1144 1348
1798 1 1415
961 2 594 1609
696 2 214 1659
242 3 1355 1369 1602
1533 4 568 1385 1535 1964
259 4 109 514 594 816
1088 2 58 1532
355 6 296 772 981 1143 1618 1753
1863 2 1479 1550
1470 1 1117
1689 2 1138 1205
132 1 610
1452 2 834 1107
1660 1 324
1157 3 155 421 888
945 5 214 237 720 1037 1225
1729 2 303 453
1504 2 111 930
154 1 262
1023 3 525 1590 1881
1385 2 317 1886
145 2 269 1381
866 2 250 947
1101 6 418 659 1068 1691 1958 1999
411 4 750 1052 1678 1974
58 1 1219
225 3 73 1554 1943
1302 3 84 774 1947
1365 1 844
603 2 100 181
666 3 1155 1229 1960
1104 1 1167
191 4 795 1445 1610 1721
511 1 1995
357 4 331 493 875 1738
1267 3 850 1270 1887
1911 1 1995
732 1 1507
1447 3 380 604 1250
860 5 116 276 831 1478 1604
1598 4 169 535 1273 1812
1508 2 130 1754
1854 2 1096 1715
1875 2 38 1590
1089 3 616 749 1842
1860 2 708 1309
83 3 256 771 1748
294 3 563 1825 1886
1404 2 7 795
312 2 686 705
1749 2 1643 1723
173 2 1476 1809
1902 2 130 552
210 1 1646
1420 2 812 1290
365 2 451 1202
1669 3 450 589 1363
714 3 605 700 1235
770 3 54 857 947
177 3 182 866 963
1002 2 637 905
1057 3 678 1131 1508
1078 1 1632
1184 2 240 932
1362 1 1083
396 3 328 1121 1999
742 2 776 1887
1251 1 961
1461 1 780
1667 3 144 575 1089
987 2 188 204
886 1 911
1059 3 121 179 516
730 4 521 1499 1696 1793
563 2 403 1854
67 1 1736
371 1 958
167 1 1974
1616 2 148 1655
1493 3 413 1055 1698
106 6 121 762 963 1120 1545 1683
182 4 496 882 1365 1915
715 1 955
152 4 73 411 1246 1542
1665 3 941 1734 1775
429 1 1443
1538 4 276 1355 1575 1719
1146 2 1553 1721
1479 2 434 633
116 3 109 857 1196
930 3 157 566 955
1307 1 1138
462 3 495 935 1089
1063 2 696 1314
446 1 155
1852 5 31 690 786 1094 1257
1877 3 130 381 1252
1785 2 994 1465
308 1 1344
327 2 810 944
1623 2 1280 1768
1212 3 451 1262 1753
1066 2 563 842
974 1 864
794 3 679 954 1368
1756 6 111 679 1271 1286 1398 1825
852 2 287 794
658 3 1167 1203 1577
1603 4 235 883 1214 1945
984 1 134
890 3 203 1516 1733
783 2 1148 1314
1530 1 1836
765 3 306 610 1643
831 3 932 943 1125
924 2 535 847
488 4 538 1385 1697 1991
150 3 283 924 1810
1484 1 416
772 1 1322
1892 3 594 837 1206
75 3 265 276 520
346 1 1872
841 3 283 844 892
71 5 513 933 1157 1485 1501
252 2 1193 1806
1497 1 1793
1704 3 235 620 930
896 1 661
1503 1 1697
391 1 457
1277 2 85 296
1813 1 1233
917 2 96 1089
1197 1 1157
1448 3 258 1237 1782
1075 2 828 1668
1154 2 531 1960
1686 3 596 1075 1195
1559 2 1093 1234
405 1 1305
416 3 538 1052 1754
1208 4 42 1112 1383 1908
17 3 130 1130 1680
1751 1 1400
697 3 207 367 497
213 5 150 692 1009 1858 1899
402 2 715 1267
382 2 823 1362
534 3 521 637 1864
472 2 343 1256
1230 2 1443 1490
904 3 132 236 838
1783 1 133
1691 5 79 85 547 799 1133
838 2 35 1951
695 2 1693 1822
438 1 303
1320 1 1393
1150 2 325 1483
558 3 140 610 1483
1305 1 1169
747 1 1035
444 3 261 888 1820
1624 3 1452 1823 1897
720 4 729 854 871 985
2 2 214 262
101 2 367 670
870 3 783 1505 1763
233 7 288 783 1464 1506 1528 1537 1822
681 2 1193 1304
320 3 529 1247 1394
54 3 1194 1267 1657
631 3 584 726 1323
448 2 1149 1528
1207 2 461 1194
1561 1 635
337 2 632 769
266 3 511 1009 1574
903 1 1431
1349 2 1485 1752
554 2 419 1850
1910 1 579
1383 2 1756 1789
1258 3 439 1655 1978
254 2 1205 1304
1766 1 1224
452 3 762 1004 1867
674 1 111
118 1 1317
465 2 896 1045
414 2 896 1207
1352 2 553 1476
1107 2 818 1343
701 2 837 1268
1779 2 864 1919
61 2 150 1403
1478 2 105 1248
69 1 1139
1848 2 415 432
542 1 1839
88 3 419 770 1106
1233 3 400 1365 1831
679 6 727 1039 1047 1203 1625 1944
573 2 116 624
643 1 1557
1169 3 148 1638 1839
65 2 300 1224
745 2 502 1272
657 3 197 1043 1523
367 6 153 162 1001 1362 1568 1892
1398 1 531
1378 2 668 880
1428 6 431 756 850 1448 1609 1726
1891 2 1699 1876
134 2 690 1443
1455 1 1059
9 2 1743 1995
323 3 108 535 604
789 2 414 1796
1036 2 466 1158
1706 3 401 524 1122
1795 2 577 1567
122 4 697 731 1051 1055
1008 4 785 934 960 1177
1672 1 1197
996 2 1387 1477
1608 4 283 1229 1468 1935
1843 2 249 1270
817 2 655 1812
869 2 153 1780
1507 2 10 488
143 1 1907
1483 1 256
771 2 877 1112
1698 1 1684
26 1 522
1216 4 243 1831 1885 1970
719 4 132 1260 1400 1689
144 3 807 1440 1713
92 2 353 880
1494 4 55 200 869 1547
1536 2 1308 1487
1335 2 404 1705
425 2 1702 1793
834 1 14
1446 3 419 1522 1547
1700 2 716 1257
821 2 540 933
698 1130 1707 1194 1802 1942 1061 1607 121 1944 842 959 495 1180 1490 1131 866 984 1981 759 1291 577 936 1143 750 1774 801 434 1212 726 1549 814 955 823 566 15 946 1607 1626 136 783 702 1145 1125 892 1094 1149 1854 1549 1113 1440 790 552 435 968 989 793 909 943 1668 1350 1417 1633 144 1172 1368 1419 205 1237 82 1789 1533 454 962 1516 912 451 227 712 935 1829 1886 654 1203 525 816 201 1156 1805 646 1392 1867 1435 1553 1374 524 1315 450 851 1589 981 805 1342 644 1799 1989 1483 519 1952 308 1871 130 403 1291 1018 856 394 1503 272 785 655 321 301 1921 885 1668 1780 341 670 542 1731 1323 1355 1233 615 362 1173 1189 1280 1913 1348 178 786 1523 1379 716 1890 1734 223 222 42 439 1089 1087 1564 562 1964 1690 1631 1934 1445 1743 5 1970 1318 406 1445 605 632 1712 111 499 149 1953 749 1101 1629 187 118 98 1206 1771 415 1626 1135 185 575 1157 1171 1532 1176 371 571 1944 99 492 8 650 332 140 1763 1187 866 1876 1037 153 1106 1448 346 553 513 1946 1527 804 306 1874 1768 120 1267 282 1842 1718 497 1816 275 485 622 111 1048 41 171 10 690 1872 697 1315 760 1325 631 936 1259 1269 1505 1531 1195 700 649 1596 238 1235 1168 1608 1107 241 41 391 1713 1958 837 719 1575 1327 251 626 847 537 1766 1214 1250 1807 296 371 506 429 1081 602 283 412 1483 227 1463 352 499 610 1129 1144 1932 11 1192 716 686 998 1762 1744 827 1752 1737 162 612 419 95 185 269 1197 944 1574 844 674 899 1539 244 1247 1117 32 1591 1211 1153 1595 1858 1065 1343 1054 1322 146 1257 1749 1505 44 1145 1620 1229 1593 1218 463 1588 1067 1446 106 1343 1596 561 1958 1705 16 970 1082 568 1095 1729 1188 1772 566 1392 323 1816 924 875 1428 344 762 506 699 299 66 214 1520 334 1953 442 1111 146 1241 791 218 1202 960 410 1374 729 1094 1543 1202 298 346 642 1136 838 1456 728 144 1696 194 182 1463 347 1908 1625 111 1781 1730 524 1434 504 1947 678 818 453 1935 1939 365 1600 834 1045 1138 1850 1807 575 468 1433 1441 1858 1541 1922 1685 1071 1386 862 1440 315 1456 7 1513 1382 1908 606 779 148 414 1484 1547 1568 1627 844 507 1385 427 1525 389 1023 1532 161 1216 307 11 756 1934 1528 770 1598 295 902 676 1532 1453 625 1288 905 1910 1872 1691 1294 530 489 432 1858 1353 516 6 1668 87 948 240 367 343 1037 1564 1978 490 43 523 421 1554 253 17 1211 1810 810 946 257 458 1572 1188 62 138 1187 1859 731 1765 1364 605 998 433 50 1825 1518 524 1875 125 1919 1068 1338 589 525 423 373 1059 1484 538 353 1019 111 573 1657 660 1075 1668 1197 1302 1982 1566 1885 1255 1785 1683 3 42 827 105 14 1577 1728 1027 696 1769 1057 1634 1618 806 449 1960 917 1820 240 1400 1550 1430 1318 1199 1055 350 1047 899 202 1089 1731 1363 58 121 1800 896 662 1867 1494 271 1528 477 746 596 1484 1774 1303 1351 1489 1058 229 836 904 768 1787 146 1464 461 1920 1381 62 1364 635 1980 1172 1371 1270 1753 514 1462 1150 475 426 531 1896 1417 10 715 1169 1885 631 984 1545 1838 1180 324 1377 783 975 200 959 1551 511 119 1255 1210 1280 1792 636 1139 1697 674 1942 1719 1252 1194 1289 1385 57 444 1519 594 876 319 1932 714 692 1891 955 1374 840 1775 1170 1958 269 939 55 1457 771 1597 1386 977 433 1404 1106 287 1480 388 1506 532 404 1256 798 1873 13 1345 968 660 824 139 1013 145 501 505 800 926 493 1942 1988 1397 1227 525 1092 628 1138 1591 611 1838 1669 820 551 333 1161 1345 947 366 533 547 347 300 1786 1528 1631 17 205 147 617 1015 1768 871 1999 1487 218 1225 1768 791 1694 488 1103 1280 772 643 1467 297 1945 176 30 1982 540 1278 711 165 1035 329 881 1290 919 132 1344 1651 948 133 203 1535 1917 1629 815 220 869 30 1379 1805 836 1912 1738 1669 1134 368 134 1041 1366 1879 144 649 584 1138 916 1833 661 1992 1851 705 469 1531 856 320 1054 432 33 492 1895 242 1006 617 1907 937 1019 808 429 1567 1525 1689 1083 748 403 1935 1388 1658 857 540 961 1443 653 1723 475 1683 155 1158 1286 654 575 1850 958 923 974 1908 766 1042 817 1885 1057 1143 661 393 959 265 651 1877 514 1886 469 1173 320 876 386 1854 1173 690 1001 1170 416 977 1172 366 537 333 877 336 129 1567 1057 1270 362 797 1765 918 1726 1668 1833 33 1522 1694 1602 1580 1263 1664 572 422 312 1951 1304 807 643 418 1493 1285 1674 1495 1867 124 534 1204 1742 1721 202 410 1232 954 327 726 1221 828 360 1263 911 1841 1748 1016 1346 1425 448 1514 283 196 877 761 1157 1246 1525 573 1173 856 453 1910 1534 1980 835 1051 1915 256 1660 1932 1843 448 288 79 1821 1556 1495 340 1609 1443 405 1027 745 1207 1725 883 1479 1221 1835 271 84 977 1542 413 815 1539 804 1610 327 536 1995 150 1829 947 1387 1133 1289 569 409 1989 1431 1394 962 1291 140 1759 1595 521 1871 128 751 1089 179 1632 769 261 1421 686 1888 1166 1110 1826 1112 1393 1351 317 5 961 573 643 1284 344 249 1283 1112 1972 1434 286 1771 1121 801 328 1132 1470 1139 1914 315 249 868 1893 141 1192 774 753 1698 196 173 250 1557 1441 1108 570 952 753 521 1406 445 1993 101 1013 1698 380 1272 1244 835 905 477 717 390 1212 1167 411 727 1640 1695 753 618 1315 1120 1715 117 1839 1410 660 8 1447 128 1039 639 1141 1173 1664 1279 994 37 31 421 1712 1119 776 922 215 868 1793 1680 1392 1434 876 866 917 1678 1919 493 1313 1635 525 1680 1296 766 1477 1779 404 616 1852 213 1939 1728 1476 452 574 1923 705 1111 1150 790 580 1977 942 75 406 247 991 547 1702 262 518 616 1478 1540 1398 1551 146 1719 737 743 1886 110 1481 1788 1782 485 1880 922 1383 1629 335 784 154 1308 1148 938 797 1250 1597 173 1657 1582 1939 1782 1633 624 1311 855 85 1678 1171 146 374 456 206 970 425 197 96 628 1762 1219 1007 406 1111 1280 1415 1126 833 1048 1655 1418 936 1749 1740 1685 853 1655 1093 838 1615 883 1470 941 1048 1221 1269 1432 1123 1311 116 1018 268 1761 1106 1024 1628 754 902 120 1341 1313 668 478 1976 1005 235 1737 1323 1091 1542 26 933 567 1125 1472 1781 477 73 495 145 1511 1671 1613 527 225 571 1305 440 105 394 1760 857 1616 576 1997 443 595 264 303 1385 594 109 1829 659 1116 341 95 828 457 415 1120 902 15 880 615 1897 1772 1893 1507 1252 1584 963 1306 1659 763 867 1100 1567 806 1875 291 706 1530 1992 1489 1612 692 535 432 779 1986 1937 1577 507 1333 1207 38 1693 854 446 653 1501 1433 1892 1550 1279 466 641 1346 1638 388 117 1534 136 568 691 304 1016 932 576 184 909 1358 398 1234 299 1055 1058 282 1283 1258 95 1945 799 1205 1756 1949 650 786 1052 415 201 439 1734 1913 879 1442 877 55 1937 1314 482 119 971 1287 1484 1362 538 1096 1131 1444 475 1250 658 388 1296 633 66 1280 520 1518 1129 524 1817 543 943 401 80 1365 1982 1967 264 1221 118 390 1881 924 985 971 258 1781 1887 1791 1864 791 1041 31 1089 56 1539 1377 1027 888 805 1492 169 579 1967 793 48 417 1144 28 1695 1900 930 1489 971 1180 1137 1078 1472 1492 1173 1029 1040 717 519 905 547 888 1324 1891 1106 461 1505 309 1881 188 100 562 286 1087 1273 1589 6 904 1877 1754 730 802 1040 417 620 1309 1196 881 482 869 1985 1141 1326 1499 1208 481 41 905 1699 1454 89 1379 22 847 589 906 1323 595 1574 1482 769 1801 523 1155 676 243 918 204 40 140 1479 423 628 978 1139 320 1177 1831 557 182 1527 1395 743 1910 1018 1630 520 1740 644 975 10 937 608 1075 1025 365 1570 218 1342 41 1224 466 864 1186 1473 13 712 590 1704 236 444 1344 828 1314 1376 1796 1366 1244 1566 656 54 1403 849 1145 1607 1922 1544 664 995 1747 1248 182 1121 35 1643 86 1723 1424 364 1899 1129 1832 390 1126 1217 1006 440 502 234 979 1578 1922 1692 1243 1602 1285 1579 688 662 1438 1331 1484 1123 94 22 531 79 191 1318 1452 240 496 1456 715 1736 780 1800 1258 1170 1633 815 704 11 761 1812 1839 1811 448 8 495 1974 431 558 274 1268 128 1210 1290 10 465 383 1463 1795 1366 679 1502 111 111 1824 1077 495 362 341 1249 1789 94 331 1358 1814 1415 181 406 1107 661 1317 935 405 855 418 1684 1390 1691 704 1102 1278 568 1461 1590 903 946 37 1843 440 429 1112 1630 222 1411 1892 1391 1052 1141 1979 163 1321 539 547 1122 1806 1466 995 629 1644 831 531 1541 1836 1813 1823 879 641 281 1009 951 925 1828 817 494 8 1291 1043 1182 561 649 1620 112 207 872 965 578 1237 1626 996 1688 1436 1227 545 794 1932 997 396 1897 256 1489 1533 524 764 657 1226 1060 1830 1640 2 1700 311 1250 122 231 1020 55 1632 367 346 763 405 241 1826 1822 751 1379 644 87 1604 1257 963 791 745 1499 1465 1196 907 1210 569 632 1654 708 1726 1577 816 1285 1083 1241 1814 1516 1824 1370 1399 1970 1014 1664 1169 1650 1704 317 982 1271 289 828 1596 73 532 1120 27 1537 522 1642 215 1485 940 516 1841 1172 573 882 1598 576 1876 1019 1369 99 839 726 1809 985 1414 500 1178 1733 1212 497 1397 79 1552 18 595 775 795 1428 563 286 853 460 1792 1010 1711 605 1211 1072 937 1323 1331 529 905 96 1999 177 1508 1348 947 1855 425 716 108 541 999 850 1646 886 1198 1857 1567 325 1530 624 704 790 1928 1860 1988 1756 1806 627 637 2 1943 1307 940 717 963 1487 1202 157 1787 1764 822 358 121 1004 1260 934 1930 802 425 1833 1468 1262 1193 1161 928 1397 365 606 850 1139 1288 1991 237 812 670 1510 1774 368 190 490 1456 1667 1388 1092 1522 154 246 166 1249 1850 1447 1768 276 1611 1016 602 902 1656 382 720 656 1607 888 405 1508 1807 1586 811 214 1962 16 1532 542 381 1451 1887 676 1312 669 918 416 604 1355 1346 90 1248 1545 16 1333 1501 1182 400 1557 811 677 190 1013 904 349 1047 408 106 1511 148 1600
