256 1938
109 6 0 1 2 5 7 10
78 8 0 2 3 4 5 6 7 10
91 11 0 1 2 3 4 5 6 7 8 9 10
19 4 0 2 3 7
124 5 3 4 5 8 10
245 6 0 2 3 4 6 8
74 3 0 1 5
37 6 0 1 2 4 5 6
113 7 0 1 4 6 7 8 9
196 8 0 1 2 3 4 5 8 10
219 6 0 3 5 6 7 10
63 5 1 3 7 8 10
118 9 0 2 3 4 5 6 8 9 10
131 6 0 3 4 6 8 9
175 6 0 5 7 8 9 10
115 5 3 5 6 8 10
176 4 0 4 9 10
103 8 0 2 3 5 7 8 9 10
71 5 0 1 2 6 8
51 5 2 3 5 8 9
30 6 1 2 3 4 8 9
234 5 1 6 7 8 9
59 6 2 3 4 6 9 10
44 5 1 2 7 8 9
46 5 3 6 7 8 9
138 3 2 5 7
134 3 1 5 10
256 9 0 1 2 5 6 7 8 9 10
145 5 4 6 7 8 10
132 9 0 1 2 3 6 7 8 9 10
62 4 4 5 6 9
66 6 0 2 4 5 7 9
78 3 0 4 6
43 10 0 2 3 4 5 6 7 8 9 10
67 4 1 7 8 9
130 6 2 3 5 6 7 9
63 9 0 2 4 5 6 7 8 9 10
11 8 1 2 3 5 7 8 9 10
78 9 0 1 2 3 5 6 7 8 9
37 8 0 1 2 3 5 7 9 10
198 6 0 3 4 5 8 10
110 3 8 9 10
203 5 1 2 4 6 9
252 9 0 1 2 5 6 7 8 9 10
37 4 0 2 4 7
71 10 0 1 2 3 4 6 7 8 9 10
107 4 2 5 7 10
7 5 0 2 4 7 8
103 8 1 2 4 5 6 7 9 10
194 5 1 2 3 7 10
246 8 0 2 4 6 7 8 9 10
32 5 0 3 5 7 10
231 3 2 5 8
71 8 0 1 2 3 5 7 9 10
107 10 0 1 2 3 4 6 7 8 9 10
192 7 0 3 5 6 8 9 10
30 2 5 9
97 5 3 4 7 9 10
35 8 0 1 3 4 5 7 8 9
44 5 0 1 3 4 10
198 9 0 1 4 5 6 7 8 9 10
72 6 2 4 5 8 9 10
107 3 0 1 7
221 10 0 1 2 3 4 5 7 8 9 10
4 9 0 2 3 4 5 7 8 9 10
191 4 1 3 4 9
19 5 1 4 6 7 8
35 5 2 3 5 6 7
188 8 0 3 4 5 6 8 9 10
223 8 0 1 4 6 7 8 9 10
67 7 2 3 4 5 7 8 10
124 9 0 1 2 3 4 5 6 7 8
219 7 1 2 5 6 8 9 10
64 6 0 1 3 5 7 9
43 9 0 1 2 4 5 6 7 8 9
39 6 0 3 4 5 6 8
33 8 0 2 4 5 7 8 9 10
19 9 1 2 3 4 6 7 8 9 10
178 6 0 4 5 7 8 9
167 10 0 1 3 4 5 6 7 8 9 10
63 8 0 3 4 5 6 7 8 10
53 3 1 2 7
29 6 0 1 4 6 7 10
107 3 0 1 7
193 2 2 6
176 7 0 3 4 5 6 7 10
128 7 1 2 3 4 7 8 9
118 11 0 1 2 3 4 5 6 7 8 9 10
9 7 0 1 3 4 6 8 9
72 10 0 1 2 4 5 6 7 8 9 10
188 4 6 7 8 10
54 6 0 1 4 5 6 7
240 4 1 3 6 8
78 4 0 3 5 6
223 6 3 4 5 6 9 10
153 9 0 1 2 3 4 6 7 8 10
67 6 1 3 4 6 8 10
165 7 0 2 3 5 6 9 10
198 7 1 2 3 5 6 7 10
110 4 1 4 5 10
165 8 0 1 3 4 7 8 9 10
47 4 0 3 8 9
78 9 1 2 4 5 6 7 8 9 10
242 5 0 3 5 8 9
130 5 0 2 4 8 9
219 4 0 7 8 10
71 5 0 1 6 7 8
113 5 1 2 3 8 10
58 6 1 3 4 7 8 9
97 5 3 5 7 8 10
124 6 2 3 5 6 9 10
46 3 1 7 9
59 7 0 1 2 3 6 8 9
170 8 0 1 3 4 6 7 9 10
41 5 1 2 5 7 9
114 9 0 1 2 3 4 5 6 7 9
29 5 2 3 4 5 9
32 4 0 2 4 8
183 7 1 3 5 6 7 9 10
178 6 0 2 3 4 6 7
227 3 3 4 8
171 7 1 2 3 6 7 8 9
235 9 1 2 3 4 5 6 8 9 10
171 8 0 3 5 6 7 8 9 10
224 8 1 2 3 4 6 7 8 10
72 8 0 1 2 3 4 5 6 10
188 7 0 1 2 4 7 8 10
71 10 0 1 2 3 4 5 6 7 9 10
170 4 0 1 6 9
227 5 5 6 8 9 10
22 6 0 1 2 7 9 10
122 6 1 2 4 7 8 9
54 7 0 1 4 5 6 9 10
104 7 0 2 3 5 6 8 9
192 6 1 2 3 4 8 9
157 8 0 1 2 3 4 5 6 10
203 6 3 4 5 6 7 8
171 4 1 5 7 10
13 9 0 1 2 3 6 7 8 9 10
19 6 1 4 5 6 7 10
2 6 0 1 2 4 6 10
4 6 2 3 4 6 7 8
111 11 0 1 2 3 4 5 6 7 8 9 10
147 8 0 1 2 3 4 5 7 8
252 4 0 5 6 10
78 6 0 4 5 8 9 10
4 5 1 4 5 7 8
110 4 2 4 6 10
173 6 0 2 3 4 6 8
229 3 0 3 7
147 5 2 5 6 8 9
224 8 1 2 3 5 6 7 8 9
178 3 0 1 3
204 8 1 2 3 5 6 8 9 10
173 6 1 3 5 6 8 10
71 9 0 2 3 4 5 6 7 8 10
146 5 0 1 6 8 10
171 9 0 1 2 3 4 6 7 8 9
58 7 0 2 3 5 6 7 9
255 6 0 1 4 8 9 10
248 11 0 1 2 3 4 5 6 7 8 9 10
165 3 4 5 10
175 8 0 1 2 4 6 7 8 9
20 9 1 2 3 4 5 6 8 9 10
201 6 3 4 5 6 7 8
76 7 0 1 3 4 5 7 10
76 7 0 1 2 6 7 8 9
186 9 0 1 2 3 4 5 6 9 10
123 9 0 1 2 3 5 6 8 9 10
145 4 2 3 6 9
78 11 0 1 2 3 4 5 6 7 8 9 10
67 5 0 5 6 8 9
124 5 2 3 5 7 9
40 6 2 4 6 7 8 9
3 4 0 4 5 6
78 11 0 1 2 3 4 5 6 7 8 9 10
142 9 1 2 3 4 5 6 7 8 10
188 3 0 3 5
18 5 2 4 6 8 9
38 5 0 3 5 7 10
186 4 1 2 4 9
49 8 3 4 5 6 7 8 9 10
23 3 2 6 8
2 9 1 2 4 5 6 7 8 9 10
110 5 1 6 7 9 10
188 5 2 3 4 7 8
168 4 4 5 6 9
171 8 0 1 3 4 5 6 8 9
221 5 2 4 7 8 10
78 8 1 2 3 4 5 7 8 9
44 7 2 4 6 7 8 9 10
208 5 2 3 4 5 6
122 5 3 4 7 9 10
73 8 0 2 4 5 7 8 9 10
69 7 3 4 5 6 7 8 10
130 6 0 1 2 3 5 9
148 8 0 1 2 3 4 6 7 10
63 7 0 1 2 3 4 7 8
215 3 3 4 8
175 7 0 1 2 4 5 8 10
29 7 1 2 3 5 7 8 10
141 4 6 7 9 10
59 8 0 1 2 5 6 7 8 9
188 6 0 1 4 5 7 8
43 5 1 2 4 5 7
10 7 3 4 5 6 7 8 10
47 11 0 1 2 3 4 5 6 7 8 9 10
100 8 0 2 4 5 6 7 9 10
124 8 1 2 4 6 7 8 9 10
103 9 0 1 2 3 4 6 8 9 10
236 8 0 2 3 4 5 7 8 10
9 6 2 3 4 6 9 10
19 5 4 5 7 9 10
152 8 0 1 2 3 4 5 7 9
154 8 0 1 3 4 5 6 8 10
134 8 0 1 2 3 4 5 6 10
113 8 0 2 3 4 6 7 9 10
242 8 1 3 4 6 7 8 9 10
146 6 2 3 6 7 9 10
137 7 1 2 3 5 6 7 10
19 5 0 1 4 5 9
92 8 2 3 4 6 7 8 9 10
181 4 6 8 9 10
97 7 0 1 2 4 7 8 9
38 4 1 4 6 8
223 10 1 2 3 4 5 6 7 8 9 10
219 7 0 4 5 6 7 8 9
94 8 2 3 4 5 6 7 9 10
81 4 0 2 7 8
226 6 0 2 3 4 6 8
44 6 0 2 4 5 7 8
109 2 1 7
191 9 0 2 3 4 5 6 7 8 10
78 6 0 2 3 5 6 7
120 6 1 2 3 6 7 8
185 6 0 1 2 5 8 9
20 11 0 1 2 3 4 5 6 7 8 9 10
173 6 1 3 4 5 8 10
189 3 2 6 7
22 5 0 4 5 6 8
254 7 0 1 3 5 6 7 9
78 7 0 1 2 3 5 6 10
26 6 0 3 4 5 6 8
113 6 0 1 2 4 8 9
103 5 2 5 7 9 10
78 8 1 2 3 4 5 7 9 10
202 6 1 2 3 4 8 10
81 1 2
78 6 0 3 4 5 6 7
29 4 0 2 7 9
209 8 1 3 4 5 7 8 9 10
71 10 0 1 2 3 4 5 6 7 9 10
67 3 4 5 8
85 10 0 1 2 3 5 6 7 8 9 10
185 6 0 1 2 3 7 8
114 4 3 7 8 10
10 3 7 4 1 10 4 3 8 9 5 9 9 3 5 9 3 0 10 6 10 3 9 10 9 2 3 7 2 3 1 8 5 9 5 8 5 9 5 2 1 7 9 8 1 4 2 4 6 10 8 7 3 9 2 0 0 6 6 8 1 4 5 4 10 2 3 8 4 5 7 8 0 4 9 2 7 0 4 7 4 1 3 10 9 5 2 8 3 10 6 0 4 2 2 6 2 9 2 7 9 6 10 4 5 2 1 7 8 5 8 5 9 0 1 7 9 7 6 10 8 2 5 4 2 8 5 6 5 0 10 2 0 9 8 8 8 1 9 2 3 5 8 0 1 9 1 10 1 9 5 2 5 3 3 2 8 9 7 10 2 5 3 9 4 1 4 9 0 9 0 3 10 9 10 10 4 5 7 8 4 2 2 0 3 8 8 4 6 5 7 6 6 4 3 1 10 5 1 4 5 7 8 7 10 2 8 3 5 4 1 7 3 10 4 5 0 3 2 0 3 8 4 6 2 1 7 6 1 10 2 3 6 1 8 0 0 3 3 8 3 8 4 1 8 10 4 10 0 7 0 8 0 4 6 7 5 8 6 8 0 1 2 8 6 10 5 1 5 8 9 1 3 0 9 6 7 2 4 3 4 9 8 10 5 9 6 4 1 3 9 8 5 9 1 2 8 2 5 1 6 1 2 9 9 8 5 3 1 1 1 6 4 9 8 7 8 3 4 6 4 6 4 1 3 1 10 3 7 6 2 0 1 8 0 5 5 5 9 2 1 7 7 3 1 9 7 7 10 3 1 10 6 6 9 2 8 7 1 8 4 4 8 0 8 9 10 5 8 4 7 7 7 10 2 5 2 2 6 6 8 5 1 0 3 3 2 8 8 0 1 1 2 2 6 0 4 3 7 1 0 7 3 1 9 6 2 6 6 7 7 3 8 3 3 3 8 5 3 8 1 7 9 1 5 9 0 7 7 1 6 10 3 1 2 7 2 3 10 4 1 5 8 5 2 1 8 6 0 7 4 7 7 2 1 8 9 10 7 5 8 10 6 2 0 5 8 5 0 0 5 8 1 1 6 5 5 6 6 9 6 2 3 0 6 3 4 9 5 5 9 6 7 2 1 2 1 6 0 1 1 10 4 2 10 4 4 6 8 0 1 10 6 4 8 8 10 9 6 8 3 5 7 0 4 1 4 3 4 4 0 1 1 6 4 1 4 5 0 5 4 6 7 5 2 1 7 10 9 1 4 5 6 2 5 1 9 2 5 6 7 0 3 3 0 4 5 6 5 7 3 3 5 5 5 2 7 8 0 2 2 3 1 0 7 10 7 2 7 9 3 4 7 9 1 10 3 7 8 1 1 4 9 6 5 1 10 0 6 2 10 6 6 3 8 9 1 4 7 2 4 10 9 9 7 10 10 6 9 9 8 6 10 6 4 8 3 3 5 7 1 0 0 7 7 7 3 0 3 4 5 6 2 3 4 6 2 8 3 5 4 2 10 0 6 1 9 1 7 2 0 8 10 3 6 5 0 6 5 2 6 4 10 6 2 8 8 1 7 6 5 10 2 9 2 5 4 10 7 1 0 8 0 3 4 7 10 0 1 8 8 8 6 2 4 10 1 6 7 8 10 9 6 8 4 0 4 0 10 6 4 2 4 8 3 1 8 10 1 3 2 1 3 2 10 2 2 5 3 9 0 5 4 2 5 8 1 1 6 3 7 7 4 3 8 7 0 1 6 4 2 0 9 0 2 8 7 5 5 8 10 3 6 8 9 5 4 1 0 10 4 0 4 0 9 9 9 3 5 10 0 9 8 8 6 3 8 8 8 0 4 9 10 5 0 9 3 9 9 7 9 6 3 4 5 9 8 0 0 0 2 6 1 6 0 2 7 1 4 9 10 9 5 1 6 7 5 1 7 8 1 9 0 7 1 4 10 1 0 3 1 4 4 7 10 3 8 9 8 8 8 10 10 10 6 10 6 8 5 2 8 9 6 3 9 2 10 2 10 3 9 10 5 4 0 6 1 3 1 1 2 7 2 2 8 6 10 3 4 2 0 10 9 10 5 3 0 6 4 1 10 2 7 6 0 4 7 7 6 10 7 3 4 9 5 4 2 7 10 3 1 9 10 0 4 1 6 6 10 6 4 1 6 1 4 5 10 9 1 8 0 2 3 9 4 8 8 3 4 7 5 2 10 2 1 3 3 4 1 0 8 8 8 1 7 10 7 2 3 5 3 2 10 3 4 5 2 3 5 10 3 6 10 6 2 8 1 6 10 2 9 5 10 6 10 1 5 6 3 6 5 6 10 7 10 4 2 9 2 10 2 1 6 5 10 1 2 1 6 1 10 6 6 4 2 0 2 1 6 6 8 0 3 9 4 3 7 8 10 5 2 6 8 9 7 0 8 1 8 3 5 1 0 3 9 2 8 5 2 5 10 1 1 5 7 10 5 10 10 6 8 4 6 10 7 2 0 2 3 8 4 5 8 3 6 5 5 0 10 1 4 5 7 1 5 1 4 4 3 9 8 6 6 8 5 7 0 7 5 5 3 8 3 5 4 5 1 2 9 6 3 9 3 1 4 0 10 9 4 1 0 9 0 6 0 4 5 9 10 1 10 2 4 5 8 6 6 5 5 3 2 4 10 6 3 9 6 8 8 0 8 10 6 1 7 6 0 3 2 2 8 4 6 3 10 10 2 1 0 3 9 8 4 0 8 9 9 8 2 0 5 2 3 0 4 9 5 9 10 1 1 9 2 4 3 6 10 7 10 6 2 7 7 4 3 6 5 0 4 10 5 3 2 8 6 9 5 0 10 3 1 6 10 9 3 4 9 1 2 10 6 2 4 0 5 8 7 6 7 4 2 5 1 5 8 5 8 1 1 2 6 2 9 4 2 10 5 1 6 10 0 4 3 8 9 4 6 8 9 6 6 8 10 5 5 9 3 1 5 0 1 7 9 9 8 6 8 2 7 1 8 6 8 4 0 4 5 3 9 5 10 6 7 5 8 9 7 4 8 8 4 0 5 8 8 6 2 4 4 3 7 2 10 9 4 3 6 8 4 0 7 1 9 10 3 1 3 7 9 10 9 5 8 7 10 10 5 10 2 0 8 1 3 6 7 9 5 6 6 7 10 0 3 6 2 6 2 6 5 0 10 4 2 10 4 7 6 4 8 5 4 3 3 0 8 8 5 6 8 6 9 1 4 4 3 1 8 10 5 3 0 3 3 4 1 8 3 7 3 3 1 1 8 4 1 9 9 1 7 0 3 7 3 8 5 1 7 9 6 1 5 0 1 10 9 1 10 9 1 0 1 4 0 3 0 1 6 3 6 9 6 8 3 3 7 3 5 3 8 5 0 7 3 2 6 10 1 2 0 0 1 2 2 9 2 5 2 9 3 3 5 5 8 9 4 10 8 3 7 8 4 1 0 0 9 10 0 6 2 4 3 8 0 5 6 4 1 3 4 2 10 3 9 3 7 8 9 0 7 7 8 0 8 3 5 0 0 1 4 9 7 1 4 1 1 8 1 1 0 5 5 2 6 5 3 1 7 7 7 2 7 10 5 8 7 3 4 0 6 8 10 7 2 6 10 5 7 0 8 0 10 4 6 6 9 7 10 10 9 2 6 10 4 10 9 7 1 5 1 6 4 5 5 9 2 7 0 0 4 7 10 7 2 1 8 10 3 4 5 0 5 8 7 2 6 10 3 4 5 2 6 4 9 2 7 7 2 2 3 5 1 3 2 5 9 3 4 5 3 0 2 9 3 4 8 5 10 9 1 8 1 0 8 9 10 1 5 8 4 6 1 9 8 7 7 5 2 5 3 3 4 6 10 4 4 3 9 9 7 0 2 0 8 0 10 2 3 3 5 8 2 3 9 1 4 10 9 1 6 5 10 10 3 5 2 6 2 5 10 6 3 3 0 1 3 3 10 2 7 1 5 8 0 4 10 2 8 8 4 2 9 8 5 4 9 1 8 4 3 10 2 7 6 4 2 4 2 6 7 8 2 1 0 8 8 0 7 3 6 0 7 3 6 10 7 7 3 6 4 7 0 8 9 9 5 1 3 2 0 1 9 8 7 4 4 6 3 3 3 4 3 9 10 0 5 8 4 8 1 8 7 2 4 9 2 5 10 7 0 2 2 1 4 1 9 9 6 9 5 4 3 3 3 2 8 7 4 1 3 1 3 4 8 7 2 7 0 2 4 4 8 6 2 10 0 3 4 0 2 8 5 1 6 9 5 3 2 0 1 10 4 4 8 4 0 7 10 6 3 0 1 7 8 2 0 6 2 0 6 7 6 4 0 10 2 10 8 9 2 9 1 7 5 1 1 6 2 5 10 6 3 7 3 8 3 8 6 10
