1916 2000
966 2 734 1847
729 1 1203
1296 3 1005 1562 1911
1321 4 231 1035 1640 1737
964 1 817
1635 6 820 833 1232 1401 1650 1791
347 1 0
526 4 1 395 1312 1894
125 1 1943
1355 1 964
579 5 554 1017 1248 1592 1925
1481 1 1797
1512 2 1119 1751
1043 4 232 1148 1244 1466
829 2 384 1935
418 6 116 181 1359 1378 1576 1798
65 2 211 1611
1285 4 531 1016 1798 1807
314 3 274 405 1357
1744 3 923 1368 1785
429 2 1191 1559
1549 2 1511 1652
1512 4 54 143 778 1013
1618 2 415 1735
145 3 88 1124 1904
765 5 447 594 698 1362 1813
657 3 162 1145 1995
1402 3 345 432 1081
1281 3 909 1369 1888
876 3 1048 1096 1416
1700 4 149 629 801 1657
122 3 641 841 1339
1913 2 236 1760
75 3 616 760 1600
434 3 514 680 1130
883 2 246 1991
1637 4 689 908 1384 1598
907 3 844 1203 1901
1206 2 114 1535
1786 4 420 424 847 1844
374 3 119 1363 1400
849 5 129 370 564 571 947
378 5 267 1267 1402 1729 1892
1490 1 1921
1833 3 616 969 1850
1849 3 703 719 1840
1197 2 574 1163
109 1 854
70 3 237 513 621
626 2 265 1887
1141 4 1294 1365 1510 1763
1131 6 360 412 525 1007 1416 1926
483 1 1498
609 2 1455 1500
123 1 1222
1154 6 2 868 943 1159 1323 1645
1720 1 967
1098 2 670 1512
551 5 806 1164 1262 1301 1565
452 2 940 1161
992 1 515
85 3 387 483 913
1306 2 95 1529
917 2 623 1207
285 1 1007
1353 1 1683
1355 2 424 1118
1062 4 55 552 1537 1602
1179 1 982
1223 3 615 937 1729
518 2 1110 1634
918 3 623 1262 1652
135 3 429 560 949
1319 3 385 661 1798
790 3 279 552 680
459 2 412 808
1295 1 1362
989 2 1264 1301
296 1 139
1097 4 98 265 508 1860
335 2 1414 1563
1293 4 236 270 1540 1596
41 2 525 1914
948 4 1053 1648 1837 1915
340 2 1520 1576
945 1 1083
1520 2 1167 1883
1454 2 450 799
636 5 728 860 1286 1708 1727
1399 2 689 1443
864 4 357 465 952 1914
550 4 189 1023 1305 1598
948 1 1214
134 3 611 1780 1867
1409 2 355 648
1138 2 165 1039
47 4 857 885 1195 1470
946 2 279 1513
1474 2 451 1904
97 1 1469
848 6 92 935 979 1326 1338 1644
1874 3 54 547 1370
1143 2 94 1012
746 4 597 881 908 1662
353 2 1508 1596
1455 3 812 999 1772
1333 4 554 758 880 1575
746 2 1707 1708
899 4 64 117 653 1839
686 3 525 1589 1694
1044 2 699 949
484 3 578 594 1669
1643 1 1387
1903 3 428 763 978
97 1 868
69 3 117 124 1905
796 3 81 1699 1755
85 3 309 681 1440
1760 3 1017 1058 1904
1054 2 355 956
1614 5 487 641 878 1215 1488
239 3 1382 1403 1861
780 1 140
597 1 1708
340 3 1293 1486 1840
1718 3 512 1096 1488
1585 1 1737
1745 5 335 520 1109 1214 1644
882 3 1643 1737 1927
126 3 929 1623 1901
1773 1 1536
1427 1 535
682 5 137 831 1117 1522 1596
1499 4 0 585 681 1502
807 4 99 788 1598 1996
879 3 170 567 1384
521 2 473 833
352 4 257 779 804 969
302 3 373 1917 1975
1299 4 345 1347 1510 1817
518 2 719 1606
433 4 33 283 332 411
668 4 583 1095 1413 1819
1720 4 664 1512 1663 1861
966 3 329 790 1529
1754 2 339 754
1544 3 579 1152 1161
52 2 43 1510
1391 2 884 889
431 2 222 1918
1314 1 72
1417 3 594 885 1522
572 2 30 129
897 4 567 575 981 1343
622 4 149 610 1707 1763
1512 3 96 1419 1720
938 3 218 498 802
1348 2 1814 1827
405 3 594 908 1324
1849 1 1067
484 3 688 904 1680
892 3 47 74 189
1638 1 384
725 4 136 839 1293 1701
492 1 570
1218 3 564 1157 1697
1774 1 1591
1279 5 400 665 1160 1173 1723
810 4 940 1223 1356 1886
324 3 473 1027 1208
97 2 1553 1655
748 4 422 1060 1219 1282
1631 3 1287 1975 1981
1190 2 1278 1716
55 4 344 1723 1854 1961
446 1 1096
31 4 726 800 1365 1888
1738 3 467 1248 1797
1887 3 187 293 1679
1718 4 113 1159 1439 1729
1083 3 575 1007 1130
756 3 427 894 1218
542 4 113 792 1349 1475
830 1 1926
1701 3 25 526 1145
1447 5 34 443 1169 1575 1865
773 5 222 869 1038 1581 1946
249 4 362 1251 1697 1858
898 3 1059 1193 1349
566 4 315 446 883 979
3 2 170 1650
57 1 703
892 2 810 1814
191 1 1919
918 4 490 504 1286 1403
1850 2 79 1171
656 3 635 1038 1663
709 3 504 733 1225
210 7 371 709 847 937 1152 1368 1409
526 4 38 153 1356 1593
1194 3 80 1044 1491
1286 3 536 1015 1032
873 3 696 999 1479
1155 3 729 746 1576
1783 3 249 545 708
956 3 107 575 1190
247 2 107 1466
1855 3 748 757 1620
498 3 268 1607 1987
1578 2 64 851
1252 1 371
5 2 381 648
1191 2 197 1253
1179 2 407 851
876 2 428 1761
308 2 858 1136
1365 2 1088 1376
1100 2 200 560
1872 4 814 975 1244 1309
1348 2 142 359
1097 3 415 467 1296
1527 5 563 1248 1490 1624 1974
3 3 438 513 1657
1731 2 747 1363
1480 4 61 1205 1264 1360
883 3 38 719 973
553 2 329 1498
3 2 6 1177
1355 2 1338 1967
321 3 285 871 989
862 5 490 1167 1571 1767 1863
1101 1 88
1070 4 525 615 1323 1795
1520 3 732 1636 1939
1417 1 100
1578 3 554 1841 1997
644 4 439 1402 1407 1672
1757 1 307
13 2 508 533
265 3 564 1015 1390
790 3 245 780 1657
132 2 641 1967
271 1 1323
1180 1 40
945 3 1356 1887 1895
1108 2 257 1894
329 3 146 1323 1826
1502 1 896
47 2 468 1273
780 5 248 253 393 939 1220
1191 1 108
1060 2 1114 1500
1819 3 674 1219 1452
85 1 851
1676 6 294 622 660 869 1081 1768
678 2 1112 1837
1333 3 129 1536 1638
47 2 22 842
669 2 232 1539
18 3 248 956 1267
332 1 1861
345 2 1019 1381
1417 4 200 485 1152 1348
1703 3 1407 1467 1721
423 2 245 1562
1474 4 197 819 1209 1839
1194 2 851 1985
597 3 353 1203 1909
113 2 208 317
1076 2 30 1243
268 3 1118 1792 1854
224 6 157 264 449 1045 1529 1990
657 2 120 130
1216 1 888
1595 3 682 939 1893
1773 1 1543
944 2 53 1106
332 3 884 1798 1908
1254 4 819 888 1057 1160
109 2 128 1741
1660 2 368 438
985 3 296 848 1288
272 1 422
1552 2 42 614
243 2 426 552
402 3 1139 1247 1388
628 1 314
579 2 1663 1802
1862 2 227 1115
1897 2 1377 1522
1039 2 55 1452
966 2 1127 1160
66 1 687
1208 2 527 1717
113 1 1818
3 2 707 1406
854 4 168 533 1006 1301
1787 3 25 572 1001
1233 3 73 1973 1987
332 2 322 359
110 5 498 1495 1643 1752 1932
109 4 656 1048 1549 1882
807 1 1672
1127 2 679 1395
313 2 73 527
990 2 393 1657
597 1 1601
307 1 676
1155 3 789 1074 1116
956 2 791 1951
1743 1 1148
345 1 1851
602 2 1354 1886
1283 2 796 1501
589 1 752
257 3 437 718 781
357 4 65 843 1037 1332
978 3 451 871 1770
1549 4 95 315 551 872
518 2 68 572
1527 3 708 945 1561
302 1 1284
1297 1 1768
1705 2 143 1209
672 2 405 567
1032 2 1096 1963
1745 2 34 1814
1855 1 1898
1280 3 40 802 1640
1508 3 1005 1502 1647
643 2 1252 1707
1478 1 838
1218 3 616 892 1491
1718 5 696 1213 1228 1235 1509
770 2 539 1398
373 3 874 1283 1559
246 3 224 733 1012
1717 2 353 1109
1354 6 94 352 750 1418 1767 1770
347 4 94 120 421 1540
1803 6 34 106 505 1987 1991 1995
1755 2 817 912
1334 4 148 431 791 1717
1759 1 371
541 3 334 623 881
1242 3 23 904 1954
268 4 842 868 1494 1624
1402 1 1511
243 3 348 1081 1840
971 3 1020 1539 1872
124 5 96 259 1331 1362 1750
1618 3 258 1115 1729
1063 2 61 1589
1799 3 178 380 1514
450 3 724 1339 1360
1560 2 1339 1565
75 3 611 615 1641
1367 2 316 1412
605 1 1148
477 1 33
1566 3 1006 1446 1784
60 3 726 767 1382
122 3 802 1022 1027
1216 2 251 1589
405 3 93 633 1007
684 1 1504
1797 1 1157
959 4 1186 1535 1588 1622
1312 1 947
1566 3 334 822 984
417 1 533
1351 4 316 855 1319 1409
307 3 136 927 1188
1447 3 162 947 1604
1782 2 1034 1772
807 3 460 1356 1540
1321 1 17
1234 1 1365
377 3 148 265 980
459 2 823 1727
1169 5 552 1266 1414 1563 1632
472 4 374 892 1283 1568
117 2 525 1408
1830 3 356 912 1193
1065 5 854 1286 1684 1975 1997
622 2 539 1521
1295 3 553 1360 1569
818 1 1512
139 4 407 629 1286 1755
1480 3 385 774 1856
1866 4 265 499 1426 1857
1387 4 116 1027 1561 1984
1177 3 678 1171 1253
284 4 1032 1286 1643 1744
1446 5 434 814 935 1440 1798
782 2 636 945
955 2 1081 1415
1061 1 1444
1806 4 311 788 1164 1470
1483 2 303 411
4 3 33 1511 1751
1279 5 365 717 967 1419 1468
1717 3 421 1398 1875
682 2 615 1159
1043 1 1529
1571 3 854 1018 1192
897 5 588 781 1406 1511 1679
319 2 368 1571
1911 3 48 1095 1261
1069 4 914 937 1339 1856
1635 3 788 801 1694
1447 1 319
194 4 1248 1783 1828 1896
334 3 521 1338 1755
1356 4 94 781 1023 1145
47 1 1990
1037 7 387 461 969 1129 1278 1482 1634
486 3 421 1568 1571
1017 3 611 1152 1840
504 3 279 999 1637
1887 3 59 394 1357
134 2 833 1111
228 4 38 298 754 1205
784 4 321 327 1332 1595
324 3 676 1235 1462
526 3 88 1298 1481
1117 5 428 688 1127 1600 1904
861 2 535 913
97 3 308 546 633
33 3 485 1475 1631
1646 2 1667 1814
1372 3 640 1338 1640
1126 2 137 1081
186 1 1347
1805 2 1576 1682
1035 1 1445
365 2 282 801
823 3 1077 1360 1560
1723 2 1409 1576
1672 1 126
1224 1 236
751 3 858 979 1305
54 2 1651 1861
518 1 308
990 2 1244 1840
247 4 742 1248 1442 1565
159 1 495
1205 2 17 1387
790 4 46 729 1367 1581
1056 3 565 912 927
1264 3 1363 1636 1933
1702 5 550 845 858 1440 1897
506 4 939 947 949 1824
101 3 923 1666 1761
790 2 747 1549
8 4 208 1501 1727 1996
784 4 48 665 1076 1353
625 3 226 1097 1368
1286 3 311 1755 1955
1657 2 1095 1314
311 3 118 1324 1601
1157 4 1140 1158 1287 1626
1016 4 107 149 498 1863
872 2 416 1262
881 2 612 1424
1801 4 294 564 1054 1494
590 3 1323 1636 1982
505 2 826 1944
1356 3 118 139 1893
200 1 1961
1437 1 365
1642 1 1195
780 5 621 1047 1173 1694 1839
1614 2 17 1565
492 4 25 964 1770 1778
1603 3 443 817 851
945 3 633 709 1697
700 1 691
418 3 43 682 767
597 4 660 1354 1678 1982
1135 3 508 533 1359
363 3 39 535 1286
1695 4 133 225 348 659
1297 3 167 494 760
1800 5 108 406 1035 1387 1784
397 3 11 1755 1946
392 2 15 1825
1387 2 571 1930
881 4 734 1205 1622 1992
1024 4 901 914 1173 1900
82 1 1438
518 1 1606
228 1 799
1132 6 255 564 764 1535 1648 1967
467 3 1493 1636 1916
891 2 279 747
1316 2 831 1882
731 4 194 412 1287 1445
35 1 1926
1903 4 698 842 1230 1839
342 3 909 1244 1353
765 4 85 888 1272 1462
1463 2 825 1326
596 4 215 384 860 1841
40 2 155 1672
1056 2 938 1097
586 4 539 758 854 975
162 2 513 779
503 3 1167 1378 1887
102 4 157 460 887 1389
1272 4 285 380 427 1915
1061 3 17 68 1997
386 3 34 1363 1685
1536 2 167 565
1460 2 109 1932
1915 3 222 454 1560
1154 3 108 1001 1785
899 2 406 578
1454 2 1034 1060
1839 2 251 1271
1635 5 282 307 817 1591 1975
1018 2 624 1231
1154 2 124 640
1490 1 858
1890 4 352 804 1407 1983
1512 5 153 219 454 1372 1377
1667 3 263 980 1568
186 3 103 432 552
653 2 818 1467
1373 4 322 544 1177 1308
541 4 431 1338 1429 1909
219 2 211 316
1788 2 1115 1507
98 1 0
1374 3 1136 1578 1581
1888 4 274 1367 1849 1863
411 2 676 896
625 2 585 1598
679 2 1150 1640
1194 3 255 493 1599
706 4 68 198 972 1125
1190 5 274 426 878 1148 1418
222 6 291 357 434 1022 1488 1961
1595 3 96 1083 1892
3 4 303 975 1390 1775
451 3 38 178 1068
1073 1 1298
701 1 1136
716 2 89 1583
180 4 685 691 757 891
1258 4 56 317 937 1987
1561 3 245 994 1270
686 3 1286 1376 1699
1328 1 1286
3 4 29 119 969 1130
674 1 186
1439 3 1017 1209 1631
1009 1 398
1826 3 242 567 1361
119 2 113 975
1214 3 861 1643 1775
582 2 1309 1518
1279 3 1158 1755 1825
644 1 1495
27 5 19 208 1000 1386 1415
110 2 312 1593
423 2 1264 1610
1477 2 1261 1961
1322 1 820
266 1 261
134 1 1658
742 2 1416 1694
317 2 629 642
563 1 365
542 2 720 1089
1816 2 121 1158
1197 1 138
1375 2 1222 1224
406 2 758 1549
1509 1 620
1444 4 133 224 1279 1351
456 4 257 604 1068 1648
812 3 1070 1716 1968
321 2 623 753
1170 4 276 446 615 684
126 3 167 650 1027
98 3 303 315 1068
779 2 79 221
423 2 496 1807
1179 4 96 372 585 1611
1914 3 312 329 745
829 2 403 827
1088 4 1007 1145 1224 1942
1365 2 1150 1975
1635 2 108 1245
1476 1 492
810 4 145 534 774 1112
842 4 227 505 1038 1563
1025 5 430 1023 1131 1169 1302
1594 1 517
986 3 661 1619 1770
96 2 356 1488
977 2 1538 1887
1444 3 1015 1027 1309
1158 4 153 866 889 1314
1126 3 118 680 1856
1213 2 10 1053
680 3 387 1064 1147
1849 4 966 1158 1343 1400
1356 2 1055 1456
1452 2 1066 1687
718 5 311 348 1319 1516 1619
672 2 1312 1502
1297 1 126
498 2 720 1358
991 3 106 760 967
1319 3 200 680 1520
1498 4 871 1192 1265 1625
815 2 1208 1589
1602 5 95 508 622 984 1926
1659 6 92 357 892 1089 1270 1581
8 3 107 730 1455
347 1 1244
377 2 248 1617
211 2 381 1413
109 3 565 1084 1412
1518 2 857 1245
1350 4 0 560 1213 1847
567 3 241 760 1243
1416 1 1909
448 3 14 426 1284
445 2 23 738
272 2 1046 1839
1410 3 117 131 1814
748 2 587 1272
1635 3 385 669 1624
1247 1 1509
1676 3 276 574 1623
223 4 6 237 1254 1819
592 3 1163 1446 1481
1654 2 667 1643
225 3 29 508 845
1811 1 80
756 1 1787
632 3 978 1854 1964
596 2 1125 1264
40 4 1117 1158 1496 1850
1610 3 434 1549 1693
177 1 1251
1051 2 927 1601
734 4 851 927 969 1357
768 2 823 1970
1059 3 493 1356 1762
1660 3 42 65 1768
1909 3 154 430 1608
1279 5 420 434 1021 1558 1564
596 2 596 1781
1379 2 268 781
225 2 742 1702
85 1 46
467 1 1964
1658 2 345 1679
827 3 1332 1659 1766
1749 2 1017 1107
103 3 263 952 1215
1499 3 398 493 1637
580 4 428 614 1498 1696
664 1 1519
636 3 730 838 1228
1291 4 1319 1327 1563 1847
518 3 1191 1404 1496
245 4 334 654 1698 1957
836 4 428 1634 1729 1766
1202 5 477 971 1680 1915 1954
1719 2 396 799
518 3 241 338 1710
1603 4 833 855 1120 1917
1693 1 1353
1786 2 1039 1886
823 2 1693 1904
1366 4 784 1028 1417 1861
1797 2 104 1413
102 1 859
718 3 1382 1501 1956
823 3 149 682 935
1512 3 724 906 1361
730 4 267 319 613 1539
552 6 176 443 686 820 1045 1760
126 3 709 1404 1475
111 5 144 841 1055 1412 1781
1160 3 632 973 1873
1226 2 1361 1591
1420 3 949 1092 1547
454 3 291 868 1916
1403 3 563 1335 1785
809 2 434 1400
1465 1 376
1385 5 380 738 752 1231 1312
1453 4 844 850 979 1180
935 4 391 828 917 1040
1463 1 243
404 2 1210 1601
1905 2 148 772
1427 3 267 563 1768
679 6 38 754 959 1124 1260 1750
1872 5 257 348 371 709 861
1688 6 39 64 1085 1250 1335 1917
194 1 1040
323 2 322 1287
180 3 1037 1173 1575
974 4 348 641 810 1721
1768 3 1644 1834 1972
593 4 629 753 1067 1402
1897 2 1262 1727
1045 2 403 1559
559 3 61 1518 1790
936 5 144 420 1353 1761 1957
1197 2 177 1634
1461 6 8 126 282 558 737 1338
979 1 473
746 5 818 859 1644 1708 1926
1794 2 1476 1535
977 1 757
956 3 108 685 722
846 3 1402 1792 1933
407 2 1298 1824
1092 2 8 283
734 3 258 514 1260
891 2 510 1045
461 3 488 996 1762
939 4 99 521 1625 1802
878 3 208 517 737
1613 1 1356
1855 3 520 1309 1569
172 6 387 651 870 1125 1245 1780
313 3 579 1412 1992
417 4 1089 1633 1761 1984
245 2 359 761
1744 2 527 1508
523 3 80 178 1127
1833 2 1308 1468
1218 4 273 887 923 1088
208 4 434 1481 1619 1681
323 4 0 1301 1330 1883
958 7 39 453 861 1307 1390 1933 1938
1728 1 363
116 4 243 427 477 1957
1302 3 301 1698 1776
1062 1 1109
549 3 154 221 1279
1345 2 1023 1669
1902 2 170 860
1628 5 732 1016 1115 1117 1490
987 3 55 1402 1519
349 3 653 1434 1634
347 2 726 1593
619 1 868
292 4 237 1645 1776 1784
1323 3 211 1360 1539
783 4 34 460 1390 1693
887 3 316 460 1508
768 6 282 381 443 1419 1595 1762
1527 3 1245 1442 1554
698 2 114 947
1767 3 682 1232 1402
872 1 846
155 3 113 369 1944
1109 3 251 1626 1719
318 3 125 422 1741
191 3 772 800 831
1716 3 417 1468 1814
155 1 1488
751 1 535
1116 1 1513
280 4 614 674 1146 1490
969 2 1494 1678
986 5 11 859 878 1020 1596
552 4 186 353 498 626
1138 1 269
1635 3 767 1283 1633
936 5 496 504 981 1169 1244
1153 3 54 225 847
636 2 265 1152
756 2 927 1933
648 3 109 1245 1489
689 1 1047
112 4 846 1016 1207 1424
1498 2 241 729
1661 2 827 1698
1635 2 251 1312
1499 3 878 1338 1400
1849 2 416 1092
102 4 834 1314 1453 1825
1381 2 674 1593
1062 5 113 703 1040 1109 1985
405 3 651 704 1776
1432 3 1376 1448 1632
610 2 1563 1933
1056 3 1053 1151 1792
1308 3 598 1115 1409
33 5 121 505 1111 1146 1359
1394 5 16 113 1596 1752 1961
377 3 155 285 1231
999 1 490
657 3 509 1366 1857
1764 3 1375 1737 1944
1855 1 1564
1485 2 195 1112
1190 5 422 774 887 1594 1819
107 6 6 758 842 1046 1127 1737
926 3 257 1785 1833
219 2 283 674
1718 1 137
418 4 848 1186 1698 1938
1054 2 450 1717
941 6 17 387 1270 1445 1466 1797
1280 2 241 665
1686 1 1721
609 1 414
749 2 543 1994
770 2 319 373
875 4 241 972 1180 1844
68 3 143 1041 1446
303 4 1013 1218 1588 1716
1516 4 184 426 1247 1309
121 4 81 394 1549 1608
574 4 420 640 823 1272
1768 3 210 380 1067
1659 3 218 270 667
149 3 68 1060 1252
1154 2 1161 1943
243 1 1875
1843 3 202 1294 1860
1035 4 108 576 1230 1973
1176 2 459 1962
955 3 596 745 1351
113 1 152
759 1 1694
1410 2 940 1031
1857 3 118 258 883
873 4 451 609 870 1976
299 2 368 1896
345 1 493
1159 3 546 661 1496
1439 3 790 1354 1406
888 3 1047 1740 1964
994 2 1053 1872
1659 2 539 620
527 1 30
1465 4 125 1019 1477 1875
848 4 372 510 953 1762
307 2 1622 1972
349 1 153
1302 3 778 869 1873
1832 3 814 970 1079
1502 3 1124 1332 1945
788 6 553 587 1419 1500 1943 1990
241 3 344 536 1308
873 3 341 1212 1440
535 4 137 380 1104 1537
1008 2 556 1448
1387 2 965 1509
1703 2 98 1566
810 2 95 221
910 3 578 889 1516
1148 3 8 446 1833
352 3 117 207 400
996 2 146 347
1036 5 133 217 585 1252 1956
500 2 129 858
1082 3 334 817 1168
265 2 432 1918
238 3 1177 1560 1967
1801 1 1751
1279 2 730 945
1387 3 892 985 1298
1718 2 341 1045
1667 4 194 237 679 1840
1279 3 437 820 1251
373 1 1072
459 3 110 118 1637
1628 4 884 971 1553 1954
609 2 672 732
734 2 945 1271
1605 2 1539 1680
848 3 926 1064 1353
1638 1 948
993 3 55 245 894
423 2 200 308
1315 3 1013 1317 1651
307 2 919 1719
1247 3 422 1599 1723
1461 3 38 374 940
182 7 508 551 1188 1549 1652 1727 1893
447 3 680 692 1981
1786 4 148 405 570 1215
528 3 80 563 1209
793 2 93 1589
1512 5 246 571 658 1199 1666
1624 3 5 96 258
1320 3 614 889 1965
708 2 292 1631
694 2 1513 1966
1029 5 632 738 839 1287 1312
1258 3 842 892 1763
336 1 1760
123 2 216 1053
2 2 341 868
307 4 1021 1023 1496 1540
340 3 162 767 873
126 2 708 1305
439 3 323 870 896
1144 2 129 324
1155 1 1683
1104 5 419 813 828 943 1327
1688 3 831 1012 1981
472 4 624 1487 1559 1790
1100 5 11 158 189 282 1696
929 1 1161
1303 6 40 325 691 1470 1611 1901
1767 2 1358 1603
423 2 1017 1540
1172 3 552 622 1578
330 2 496 1867
1533 5 64 341 495 838 1667
636 2 1266 1911
1526 7 104 192 515 599 670 1171 1927
1462 2 74 1607
1056 2 192 1011
679 2 466 1329
703 1 1027
1784 1 592
1498 3 1251 1358 1640
1798 4 843 1111 1260 1551
239 4 94 430 1608 1850
1125 2 279 800
1333 2 953 1792
123 3 544 819 1850
1743 3 336 1248 1666
1549 1 1150
336 2 1013 1440
725 1 1780
765 3 210 264 556
204 3 34 493 535
1295 3 704 1039 1359
1502 2 1114 1376
868 2 1413 1418
1168 2 243 1522
741 1 525
614 5 72 873 1499 1902 1917
1170 2 16 1870
1343 3 1377 1495 1938
47 4 778 1245 1554 1925
1212 2 526 1681
1375 1 1785
1345 3 237 596 1606
13 3 117 419 1647
871 3 298 1070 1395
1315 2 465 816
595 4 218 868 1127 1467
1602 3 865 1076 1978
1391 6 45 241 588 692 1127 1211
1077 1 1892
1285 2 759 1140
1152 6 404 490 733 1264 1406 1841
139 1 1339
455 4 189 224 578 835
1037 5 93 192 666 1070 1682
414 2 505 1031
5 1 1330
1827 5 186 1082 1251 1947 1968
1801 2 685 1395
1043 2 1223 1868
682 2 54 901
1498 4 1097 1213 1710 1995
1483 3 669 1089 1191
69 2 750 1092
756 2 1 1815
740 2 153 1655
679 2 493 1915
477 6 140 691 830 967 1007 1638
1695 2 639 1210
768 1 89
540 2 297 643
652 2 192 1918
373 3 424 702 1962
1523 2 54 1944
1771 2 903 1131
435 2 257 772
1296 1 269
420 2 344 1039
385 4 88 89 403 576
718 2 1005 1097
202 2 485 1561
1768 1 373
109 2 316 1481
1913 6 273 384 411 1547 1576 1645
146 3 360 830 1473
496 2 218 969
284 6 54 416 454 1171 1701 1909
770 3 273 881 1678
636 2 39 1343
1701 4 759 1772 1780 1951
1282 2 424 1059
833 4 371 728 1081 1266
485 4 8 53 1873 1930
702 3 1164 1443 1602
119 3 291 691 1966
349 2 16 40
899 1 1124
1352 3 167 1219 1765
896 2 56 1482
336 2 592 621
165 3 869 1608 1828
1627 2 209 1785
322 1 1173
186 3 553 1278 1767
1016 4 129 438 1019 1821
1654 1 355
140 2 259 313
329 1 679
882 4 301 806 1547 1938
393 2 1329 1362
240 5 165 650 878 898 1707
1721 3 639 1068 1607
367 1 1477
539 4 125 499 704 1265
632 2 156 1648
1902 3 795 835 1778
210 1 995
307 5 181 980 1012 1136 1658
272 4 198 609 926 1798
1048 4 742 1084 1169 1264
1730 2 1716 1950
431 4 47 231 247 1047
968 2 1263 1589
978 4 574 1127 1633 1967
1164 5 599 1161 1441 1873 1935
272 1 970
1690 1 109
238 2 1323 1438
665 2 210 533
1126 4 465 654 1496 1589
1797 3 369 1589 1622
262 2 672 1507
259 5 108 438 1059 1114 1589
964 4 17 525 1261 1529
411 1 632
1638 3 1339 1479 1982
609 2 889 1561
1312 2 947 1270
1430 4 154 509 1657 1770
1177 1 1210
1740 2 981 1659
887 4 219 972 1208 1381
1618 1 1700
148 2 692 800
1183 6 54 273 1418 1697 1741 1968
699 2 460 1380
1850 1 1843
518 4 16 686 935 1593
1447 1 796
1705 3 650 717 1811
71 3 306 1165 1834
302 3 1604 1607 1857
466 1 1440
1733 3 202 1565 1897
1180 2 292 666
1153 3 184 252 1897
831 4 33 937 1499 1792
1199 3 788 906 1641
1367 2 64 1429
1454 2 57 1684
1726 3 189 1148 1811
1109 2 114 1400
95 2 276 1193
271 4 1188 1353 1824 1870
35 4 860 1132 1935 1994
1527 1 611
1739 3 170 1123 1308
1882 1 308
217 2 164 1131
1266 1 267
1638 3 152 447 1619
413 2 1411 1882
1048 3 1590 1699 1795
1194 2 655 1536
1910 1 215
1460 4 96 585 774 1459
651 6 23 632 964 969 1057 1915
1855 3 128 1214 1716
142 4 129 1390 1737 1842
1535 3 866 1215 1710
622 6 114 615 880 1898 1914 1964
1386 3 4 1362 1519
1 2 891 1955
680 4 336 990 1264 1770
992 4 104 536 926 1650
141 2 929 1398
596 2 825 1034
59 2 494 1792
1675 1 1250
729 4 57 319 1186 1837
958 2 1620 1682
242 3 405 773 1920
1676 3 296 732 1521
1025 2 293 1424
299 2 136 394
596 1 455
186 3 688 1338 1957
69 2 780 1094
595 3 167 722 1366
1345 1 398
431 2 1212 1358
1841 3 578 814 1826
302 3 407 420 615
976 2 531 1332
813 4 1040 1163 1169 1943
1289 4 274 1092 1481 1957
1323 4 292 443 1119 1707
147 3 43 370 999
788 3 2 1538 1559
1490 4 249 276 926 1752
1806 2 323 686
454 4 943 1031 1036 1781
223 4 249 357 1305 1837
1291 2 718 1847
1339 2 604 1943
1456 1 259
311 4 85 556 692 1565
28 1 428
1465 4 1230 1450 1640 1644
1477 4 799 1282 1470 1521
1769 4 626 831 904 1017
519 2 533 1510
528 2 1307 1685
978 2 74 598
8 3 1158 1261 1895
1524 1 1041
1413 2 496 636
1385 2 1548 1887
665 3 539 1121 1220
1004 2 1196 1496
426 2 509 1384
1283 2 1357 1367
1364 2 488 629
301 1 376
707 2 242 1213
1291 4 517 728 1389 1682
975 2 139 371
7 4 93 325 1013 1637
1887 1 812
1854 4 604 1199 1450 1888
1348 2 215 1389
783 1 242
385 4 359 1222 1564 1652
268 2 949 1377
883 2 258 536
351 3 604 730 1331
437 3 152 672 1369
113 3 92 520 1368
1140 3 483 1421 1442
1622 1 815
502 4 158 600 726 1092
1254 3 1262 1288 1923
510 1 1951
446 3 202 656 1234
718 2 692 1760
862 4 202 1163 1326 1486
224 3 999 1016 1947
955 3 872 945 1550
693 2 552 718
1069 2 11 1723
278 2 162 301
1614 2 691 745
1755 1 575
342 2 1230 1479
511 4 267 812 847 1589
1447 5 107 265 531 598 1827
126 1 1446
717 3 11 1543 1770
1616 4 257 815 1120 1870
875 2 767 1967
1265 3 142 989 1167
809 2 311 338
1901 2 79 1424
1460 6 224 708 1074 1411 1638 1939
1850 1 1279
1827 3 345 659 1521
1485 1 447
1317 4 5 1261 1262 1716
1358 2 596 1034
1075 3 1208 1338 1766
1004 2 74 1954
1309 3 265 1308 1353
799 1 1456
1138 2 270 1595
1757 6 138 357 365 704 883 969
805 2 93 512
734 1 1541
268 4 56 273 975 1218
682 7 313 380 1199 1232 1429 1583 1837
912 3 319 536 846
526 2 499 1761
1199 2 654 1995
345 1 23
1233 2 862 1067
1705 4 838 945 1529 1769
1882 2 306 1886
1044 3 127 512 629
778 6 155 455 709 1011 1356 1496
395 1 851
733 2 874 1414
734 3 1097 1261 1553
981 4 817 1456 1590 1780
365 7 493 843 994 1087 1235 1687 1944
1660 2 427 1324
939 5 54 887 1476 1481 1493
883 7 447 800 967 994 1012 1059 1972
686 3 42 567 1645
116 3 327 1108 1186
1173 1 208
1688 3 579 1622 1723
1314 3 1346 1896 1946
1010 3 414 681 764
138 4 202 264 314 1817
1291 2 1169 1564
755 3 531 796 1327
237 2 790 1211
386 3 29 1402 1659
439 3 119 246 1088
295 2 505 1588
363 4 279 781 1123 1343
1676 1 1370
467 3 43 381 870
1582 2 47 1860
741 3 978 1007 1470
1637 4 1151 1207 1378 1494
1896 3 616 659 1453
33 3 355 1647 1903
876 2 796 1699
614 2 791 1717
590 3 881 1729 1985
1353 3 488 767 1507
1010 2 812 1642
664 3 889 1020 1247
875 2 1347 1636
454 1 1077
1438 1 313
1554 2 869 1736
957 3 447 598 1064
597 3 285 1631 1834
125 3 611 780 931
1365 1 1403
135 3 661 666 1114
594 1 1346
1767 3 536 1270 1305
1731 4 43 538 904 1765
576 3 186 1054 1158
395 4 460 536 730 1591
169 3 40 978 1326
502 2 698 1001
3 1 124
1375 3 329 1331 1375
1728 3 149 760 1498
307 3 360 429 1787
1410 3 104 459 818
284 2 1778 1839
897 3 130 575 1148
1879 4 146 803 844 1294
1070 3 1085 1176 1404
431 3 963 1882 1905
1884 4 949 1368 1650 1978
1054 4 498 546 1602 1620
267 3 177 1181 1740
1335 2 131 1455
323 1 97
621 3 417 571 1251
518 1 508
139 3 418 574 670
367 1 535
1549 2 312 1470
1249 3 39 171 1325
1264 1 210
1197 1 999
1618 5 415 429 1298 1402 1914
109 3 1161 1401 1965
959 5 935 1388 1452 1562 1828
1435 3 43 553 1861
602 2 948 1212
1778 2 1180 1357
218 3 917 1011 1416
689 2 483 1814
1534 3 979 1490 1935
239 2 1348 1956
810 3 297 1203 1414
1323 3 267 1329 1701
422 3 327 1230 1659
363 3 332 339 547
1287 2 912 1490
1883 3 54 357 431
879 6 127 449 677 682 1493 1763
526 1 1359
1082 1 227
903 3 120 1360 1813
1874 3 34 1147 1372
891 3 515 982 1270
962 3 30 339 1000
137 4 184 313 581 1918
1820 1 1132
616 2 15 1681
1498 3 1088 1590 1606
1321 4 96 857 1358 1640
1235 4 85 846 873 1243
1308 3 107 113 1027
993 2 749 1319
1660 3 317 1085 1345
860 3 949 1083 1296
1860 2 167 1834
40 5 871 1298 1578 1647 1821
1850 5 639 887 903 1339 1390
1328 5 61 263 579 1152 1740
1407 4 394 813 1263 1860
1612 2 1367 1511
709 3 699 1279 1556
1351 2 165 450
561 3 334 461 730
731 1 421
1759 1 1957
22 1 1222
559 2 592 1462
1377 2 306 748
1407 4 374 461 564 654
627 3 79 784 1817
498 4 72 276 892 1357
1425 3 1554 1641 1911
1771 4 197 1104 1680 1831
1826 1 1554
386 1 23
423 2 222 274
948 2 702 1082
13 3 155 881 1139
1524 3 81 211 1575
405 1 1978
217 2 125 210
489 4 434 909 1330 1335
1486 3 46 1297 1340
1723 3 559 1335 1833
867 4 64 437 1307 1543
1871 3 363 825 1637
418 2 964 1740
1357 4 94 758 873 1222
896 7 381 707 728 1136 1345 1500 1831
1204 2 1115 1987
1134 4 609 884 1044 1119
978 2 490 1307
596 2 1501 1849
971 3 171 1114 1493
1706 3 247 373 1296
1502 1 1682
595 2 439 1650
175 2 417 1482
1512 1 817
4 4 3 672 719 759
1126 1 1084
1797 3 1082 1860 1899
717 6 400 674 935 1000 1038 1898
962 2 842 1159
559 2 612 1092
1820 2 54 560
722 3 429 491 922
86 5 109 1252 1468 1683 1802
1109 3 348 598 1720
1297 3 699 999 1901
1635 3 108 615 1139
810 4 578 720 1168 1892
8 1 1438
195 3 601 1678 1682
494 3 19 964 1481
33 3 81 322 493
455 3 42 509 1741
1329 1 1565
285 1 1251
963 2 1691 1828
1913 3 903 1251 1380
1140 4 604 1190 1500 1551
1137 2 125 936
446 4 72 1017 1087 1191
459 3 298 1007 1905
1811 2 860 967
426 3 100 268 1482
1499 1 521
1872 5 139 245 843 1167 1547
317 2 749 1841
847 2 779 1694
434 6 292 319 1037 1493 1710 1965
1907 3 119 357 1918
1231 3 878 1224 1307
1283 1 1335
261 2 622 1119
1561 6 88 707 796 836 1082 1171
872 7 15 121 533 570 1119 1176 1310
1003 2 810 1332
349 2 228 850
1272 1 93
852 2 207 880
405 3 508 843 1735
699 3 1297 1477 1626
955 4 422 1265 1482 1691
1454 4 251 298 547 1077
301 1 1486
1474 2 285 1169
1723 2 1740 1938
386 1 1508
1175 5 219 667 1148 1490 1756
607 1 1502
676 2 403 1839
1835 1 1923
225 2 216 995
271 5 187 246 466 1429 1750
652 2 85 1641
455 3 1209 1650 1662
498 5 994 1006 1382 1697 1956
1082 1 8
527 1 672
1373 3 312 565 734
643 3 360 438 1920
718 2 1309 1330
1079 4 270 362 1578 1939
1197 1 1446
1283 2 806 1434
243 2 218 368
54 2 1655 1787
376 2 427 547
518 1 1938
1834 2 107 903
1600 5 305 806 985 1261 1448
702 4 149 576 796 1406
239 3 908 1222 1944
183 5 550 831 1031 1381 1680
1903 2 308 1693
1884 2 1224 1946
103 2 1270 1617
1816 2 1001 1205
449 2 126 1763
392 4 297 334 363 1015
518 4 252 325 453 1353
564 2 1214 1919
11 2 279 800
17 2 898 1839
1526 7 437 707 923 1111 1538 1687 1883
296 1 872
223 3 1458 1697 1954
1279 2 830 1112
813 4 154 374 666 1097
284 3 202 1593 1903
1486 2 355 1467
930 3 292 873 1006
467 2 1245 1735
1276 4 120 283 1148 1346
1500 3 384 881 1915
1138 3 505 1346 1916
1465 1 176
990 1 1600
810 4 354 674 1057 1517
1366 4 222 839 1473 1996
1621 2 1326 1513
84 1 1243
1855 3 94 729 1180
59 2 1619 1972
1031 4 225 365 1095 1488
930 2 1490 1593
102 1 621
1502 1 1148
751 2 737 1470
899 5 120 276 825 938 1827
374 2 45 1607
669 3 263 1251 1401
445 1 232
1345 3 426 1022 1608
1334 3 449 1339 1678
1490 1 817
1916 7 6 9 512 538 544 613 1723
761 4 164 642 1416 1996
1745 2 308 1699
1746 3 198 948 1288
1002 1 642
1131 1 359
1889 4 687 1001 1224 1559
185 3 23 391 1642
1096 3 845 1298 1634
1371 5 473 717 788 1112 1513
1142 1 1798
566 4 626 1381 1407 1843
1488 3 838 899 949
917 4 72 601 1329 1932
1294 4 171 298 922 935
308 2 194 801
676 2 139 1486
1652 1 962
488 2 121 1369
1797 4 48 598 859 1694
930 3 860 1192 1956
77 2 226 1231
1643 2 1351 1893
315 3 319 1346 1640
518 3 210 937 1338
785 3 567 604 1643
785 3 391 1261 1994
319 1 1680
84 1 216
810 2 1258 1965
606 1 1013
1290 2 252 854
603 3 415 650 1735
953 3 418 437 845
386 2 416 446
347 1 660
787 3 373 423 971
1688 3 345 1250 1600
1661 3 319 428 648
1512 1 1643
433 4 1130 1395 1486 1662
1286 3 421 635 1302
1743 3 467 945 1034
1082 2 959 1302
596 2 1346 1462
483 1 820
1317 4 255 385 438 752
1315 2 656 1308
324 5 143 308 431 1252 1785
1291 1 734
689 3 114 1643 1950
480 2 636 1000
661 2 168 264
1207 2 616 1443
1348 4 186 1510 1517 1568
109 3 0 1118 1636
176 2 43 165
956 2 650 1791
1699 4 207 1039 1617 1693
1911 3 850 1218 1701
96 2 309 539
1552 3 732 814 1598
366 3 311 739 1593
1523 3 176 553 1563
1515 1 453
767 2 107 294
756 4 43 1117 1643 1984
1422 6 427 575 729 1072 1543 1792
987 1 1264
636 2 678 1301
1348 3 1491 1568 1633
436 2 834 1083
620 3 136 355 1512
1502 2 224 810
965 1 1339
224 2 345 1631
1359 1 1212
686 1 703
1476 5 428 597 643 826 1222
1377 4 34 791 1636 1950
1410 2 1041 1947
836 3 100 799 1007
1582 1 1214
1177 5 148 427 817 1164 1418
1751 4 344 1130 1400 1626
451 4 1070 1238 1436 1755
1873 3 30 48 249
923 2 222 1768
404 3 329 1326 1831
929 5 237 724 1123 1168 1345
1684 4 365 498 830 1275
641 3 980 1727 1994
14 4 92 658 728 763
523 4 515 989 995 1248
765 3 814 1224 1644
312 1 1700
621 2 896 1016
1525 3 182 1104 1535
681 3 894 1275 1287
126 5 384 880 1343 1490 1643
1220 4 757 1000 1205 1411
42 3 491 953 1797
1213 2 1192 1938
320 3 156 865 1309
235 2 315 1165
1905 1 754
1822 3 15 294 749
1254 2 772 1375
1425 4 587 1685 1778 1965
685 3 42 965 1756
740 5 559 563 633 1108 1213
1638 3 439 467 1473
1877 4 845 952 1218 1476
1610 3 72 466 1566
1478 1 1013
712 6 110 449 834 901 1308 1617
258 3 148 321 544
597 2 394 1084
618 2 615 1448
194 2 1082 1962
943 6 270 492 718 1188 1408 1610
1612 3 30 217 991
1508 4 477 929 1020 1775
666 3 558 1647 1657
1638 3 327 1150 1535
872 4 1231 1253 1642 1909
1003 3 255 534 1895
734 1 1230
335 2 804 1439
717 2 1870 1957
1512 3 96 1171 1814
1635 3 1097 1106 1563
592 3 324 692 1059
1830 2 739 1338
1515 3 79 682 1842
939 3 635 862 1258
182 2 248 1657
1728 5 651 745 1261 1388 1769
1056 3 1150 1482 1652
507 3 117 703 1087
376 3 10 1107 1729
878 5 145 412 855 1887 1908
351 3 767 871 1783
1158 2 687 857
319 5 477 772 1047 1088 1456
795 2 1231 1856
1435 3 490 550 984
612 2 25 106
1811 1 1539
577 2 1302 1860
1381 2 1193 1638
595 2 400 1335
1512 1 127
379 1 1522
566 6 466 720 1382 1554 1743 1840
101 5 303 494 680 947 1359
204 1 1744
1468 3 443 1445 1563
1827 1 935
916 2 468 588
54 2 808 1177
1094 2 536 1818
405 3 836 975 1418
1797 4 292 487 1007 1780
239 3 362 878 1642
1234 3 835 1380 1770
908 3 598 878 1388
1874 4 157 316 733 1450
122 3 517 1167 1370
899 4 437 904 1152 1622
801 1 85
1157 2 563 831
1366 1 588
506 1 492
1308 2 545 1296
1373 3 658 1149 1356
597 2 929 1566
1872 3 10 120 1151
1500 1 669
815 2 95 1554
1110 3 2 387 1868
731 3 496 1486 1551
1258 4 162 813 885 1372
352 3 252 1279 1522
271 3 820 1205 1787
654 1 1648
65 4 670 1417 1680 1967
229 3 2 369 989
1688 2 148 312
929 2 719 1736
414 2 315 1413
1108 3 241 901 1556
452 4 265 560 1149 1899
182 1 583
1566 4 148 466 578 1055
437 2 1089 1319
203 3 438 1414 1697
532 3 181 450 1899
1512 8 565 572 991 1109 1210 1380 1521 1680
1157 2 142 1284
829 2 633 1850
1379 3 162 790 1243
789 4 391 535 945 1549
807 2 1604 1652
689 1 450
1376 4 46 255 553 1486
374 2 418 1085
670 7 524 810 1452 1595 1768 1834 1867
335 1 656
386 2 664 1904
1723 1 148
371 3 39 400 677
3 3 363 509 1365
1120 3 116 681 1633
1398 4 460 738 1453 1702
1195 4 1566 1602 1778 1898
380 2 38 438
194 2 313 1964
780 2 449 487
1476 3 181 567 926
1447 3 252 1376 1516
82 3 327 734 1753
3 1 1354
452 2 894 1020
896 3 9 283 400
1905 2 393 1361
223 3 231 294 1593
1567 1 896
75 5 248 321 617 650 1356
182 1 1755
110 1 1243
1801 5 246 374 545 994 1060
135 3 477 880 1450
322 2 143 1991
351 1 1067
810 3 313 1115 1382
1767 1 1694
1527 3 16 158 667
1321 1 1145
100 3 264 1120 1637
689 1 1434
1432 3 429 1522 1951
1118 2 495 1225
61 1 1467
1094 5 15 485 1111 1213 1778
141 2 465 1536
1466 3 225 827 1626
586 2 391 1666
1218 4 689 1309 1648 1741
1811 3 664 704 1516
1279 3 263 806 1082
1576 6 407 428 521 956 1902 1919
1673 3 45 89 1171
810 3 211 1860 1963
425 4 85 708 906 975
1345 1 477
186 1 1856
656 3 200 825 1825
1060 3 699 814 1072
679 5 219 1488 1641 1965 1975
1744 3 372 1247 1992
1849 4 197 707 878 1834
654 3 142 499 1741
1566 2 1294 1753
139 2 95 1047
331 2 94 1362
1786 3 106 264 817
49 2 1452 1818
1401 2 1770 1933
103 3 131 1672 1707
1474 3 1294 1398 1847
1285 2 321 1963
669 3 654 1120 1309
1796 4 228 1446 1802 1943
1190 1 533
1168 1 1275
55 3 1477 1498 1887
831 1 813
1849 2 1366 1504
1321 2 447 653
466 4 198 209 1046 1507
250 1 42
415 2 1076 1784
864 2 802 1685
306 2 253 517
864 4 633 1486 1522 1818
1454 5 14 722 935 1112 1648
790 1 737
709 1 656
1194 3 39 1108 1553
271 2 1074 1388
1438 2 400 1970
431 4 145 381 828 1807
673 1 460
906 1 989
940 4 813 931 1327 1938
1659 4 39 543 1751 1990
336 2 759 1005
204 2 972 1561
909 1 29
1747 1 431
76 2 1027 1537
1407 3 186 403 426
1031 5 850 1055 1060 1854 1987
1316 1 168
185 4 587 1701 1826 1902
1334 1 1559
1108 2 56 1623
450 3 1329 1418 1784
1441 2 487 1085
1238 2 962 1047
186 4 131 338 415 1302
1792 3 329 504 1875
416 2 465 1466
518 2 1186 1841
1678 2 578 1209
613 2 1429 1875
65 2 1453 1894
87 2 1283 1990
75 3 416 661 1955
163 4 225 381 391 910
75 2 1857 1927
449 2 100 1429
1667 4 325 896 1148 1358
547 3 1230 1540 1744
767 2 714 1441
1328 3 253 488 1082
1269 3 0 1903 1961
978 3 356 369 1955
1199 2 245 1027
1439 4 334 396 1537 1843
1171 5 292 1048 1130 1658 1743
145 3 128 283 1898
243 6 116 195 903 1140 1539 1663
35 1 764
166 1 803
1155 2 94 659
459 2 424 1298
44 2 345 1309
191 2 385 688
355 2 818 1275
511 2 922 1031
523 3 301 774 1522
1886 2 107 825
627 2 749 1558
1138 4 394 1441 1519 1619
1144 2 1551 1694
26 2 738 1307
517 4 923 1160 1317 1468
450 1 1815
1669 4 94 197 1186 1297
1299 3 761 843 1366
404 2 1509 1547
1755 3 47 335 1264
1778 3 74 1074 1273
374 2 1564 1850
1427 1 488
657 1 1821
646 3 257 761 1762
968 2 1057 1136
1043 2 781 1700
1455 2 633 982
238 2 708 1305
843 3 74 680 780
1190 2 754 1367
1843 4 1090 1594 1899 1955
756 1 279
1743 2 363 621
1706 5 301 594 750 1378 1622
265 2 128 1736
1437 2 814 1408
1778 2 891 1868
875 2 65 1645
1439 4 279 467 665 1244
113 2 236 1223
1465 1 687
464 2 967 1940
182 3 194 335 1550
483 4 657 686 1090 1232
1820 3 2 303 749
431 1 1145
263 2 825 1776
1877 2 1482 1818
673 2 103 1900
1758 4 498 576 878 1191
1585 2 393 403
141 2 139 307
1270 2 509 1019
621 3 967 1354 1755
1718 3 79 688 1926
30 3 659 696 1905
689 2 1298 1424
906 1 1510
553 2 368 648
1509 2 1640 1735
1522 2 738 972
306 3 1683 1796 1893
993 2 1161 1205
416 4 524 687 796 1076
1890 3 1275 1491 1776
1561 2 1001 1110
101 3 41 600 1150
1701 3 10 43 1562
962 3 624 1354 1723
1744 1 1340
301 4 264 973 1208 1650
437 2 691 1468
510 2 1074 1453
113 2 434 1938
1900 2 1387 1509
1852 1 1252
1830 6 143 504 553 664 1518 1967
1643 1 728
1151 2 398 1067
858 5 267 483 868 926 1828
434 2 310 443
400 1 1693
647 5 39 131 263 1203 1293
882 1 243
622 4 461 1641 1741 1966
1860 6 106 722 885 913 1691 1940
190 1 1513
65 5 430 841 1019 1106 1473
1195 2 679 1538
88 1 827
1910 2 306 803
1788 4 126 719 1106 1908
1877 6 263 1581 1648 1750 1781 1954
138 1 1252
1753 2 564 1152
342 2 92 249
1771 3 767 1666 1944
707 2 80 1556
1360 2 297 1964
1157 574 237 491 1159 407 973 1783 113 996 293 1641 554 186 1926 23 1223 1719 750 279 1286 1985 1990 168 965 130 669 1109 858 650 639 1966 1267 432 1893 1260 119 301 729 451 814 1173 682 1426 521 1908 195 947 1571 1868 1429 1028 610 1875 54 1262 1378 372 1939 1347 965 1504 560 881 800 667 1479 899 14 1521 1347 131 1415 563 1776 571 137 1159 733 964 588 1400 1636 1888 1000 509 946 632 854 155 938 1716 420 1196 1917 1667 990 982 1188 1921 1831 898 1898 1909 554 1005 1180 1778 609 1610 1459 1106 1540 1074 499 106 270 1475 632 357 576 1469 1279 167 429 524 114 154 1414 73 1068 1251 791 359 192 1872 969 1416 841 215 1617 414 1663 1678 1915 703 1767 126 1898 39 1476 434 1387 107 1962 1872 1957 1563 1212 1592 353 1942 1657 1110 1074 304 127 1059 1062 1983 732 1693 1318 1802 226 1951 1450 9 767 428 1039 620 1013 539 142 1438 790 1667 341 1901 653 1406 1067 1576 761 614 311 117 621 1519 421 1815 217 1493 424 1076 117 19 1348 1354 1015 796 1068 1943 1083 1149 1335 339 535 679 1177 1088 789 929 453 1224 1827 655 909 1473 1729 1401 1865 1925 1537 903 656 1079 1593 1565 1813 1510 1536 143 1792 1608 1740 828 1847 1966 1035 168 450 1439 426 913 107 258 810 583 1751 488 1896 304 641 732 1902 1970 1176 1888 616 1110 118 515 1601 1486 1235 667 231 1975 554 1376 759 1784 1819 1401 981 1498 699 1921 99 1421 1058 396 487 1124 509 865 226 1499 953 985 827 347 1130 642 1683 153 1839 1956 1795 583 1013 1222 1327 184 677 129 1738 247 636 246 855 592 33 116 1576 1604 737 796 1911 1976 1489 1119 1253 121 648 394 1610 838 1790 202 276 25 999 1145 1645 1502 538 836 1466 1118 990 1235 1611 15 1060 1858 431 40 1935 554 108 187 669 657 894 1917 1508 1507 1707 538 843 816 59 439 985 177 1656 1094 1307 152 1658 1084 1192 1473 400 1005 850 1312 738 344 763 1097 1496 599 1367 1970 665 45 827 33 339 1566 1127 718 1452 1602 291 55 428 1792 369 1169 1191 1697 403 1522 1359 1087 227 423 1136 1081 398 241 447 1338 170 543 1755 1729 1954 449 1151 720 1301 1825 1883 1448 1743 1787 936 597 120 1016 490 1559 1991 118 323 1968 231 1798 1046 1836 393 873 578 1409 1117 1761 970 1551 1234 1232 996 16 1560 1462 1132 704 325 253 788 1368 1622 1209 41 1914 1012 345 498 1081 5 1203 304 720 59 730 268 1727 1854 1920 173 461 356 1095 1119 1811 403 947 103 1875 1310 1266 1034 1569 1895 1765 819 304 1826 609 138 1708 417 598 4 1873 922 1296 95 1288 883 1199 970 513 1551 1957 615 1682 1284 303 1488 1954 660 492 545 1878 1984 685 39 267 1318 1961 1772 749 1834 1210 1116 438 728 1408 778 1108 1940 1446 1390 47 792 1598 137 1594 1856 5 1131 570 1168 962 1419 1833 719 527 249 1011 1302 1218 1965 579 1282 1207 1976 913 1775 752 1251 659 682 754 1904 1132 34 520 1553 1898 176 273 1964 1741 1039 2 1406 617 104 541 572 1566 1101 1858 1220 1252 1378 1016 767 1062 411 1089 164 3 567 910 1662 1067 1123 686 209 1308 1863 387 1412 661 459 1440 666 543 1081 411 1817 655 1672 1440 1694 322 1384 823 1514 1310 1908 971 264 823 296 306 1491 255 999 195 1791 1697 1456 708 317 1031 1055 923 128 1946 264 806 1265 57 1796 601 1120 1375 620 990 1766 1564 348 200 1905 321 1163 1057 914 505 1312 1455 929 1045 1164 46 1976 64 1849 454 722 1963 285 803 1698 1119 1082 1481 1469 666 1129 1222 1411 298 94 515 558 1353 1569 1152 483 801 1581 130 1707 1434 1680 380 1995 612 1595 874 1882 1925 93 1743 738 633 211 1395 1927 510 948 100 1796 1272 965 1307 1996 1487 384 1851 995 168 885 1161 1558 989 493 224 1489 1966 512 1735 118 1854 1001 1769 1842 839 1634 336 415 405 133 1148 319 173 640 1032 643 1238 1244 943 739 764 670 1036 420 940 362 1039 1517 1500 96 649 1279 1019 1857 531 22 139 750 1035 556 1565 1811 1727 89 1022 1148 1264 1408 1651 53 1548 157 465 142 1453 109 759 1583 1992 1643 1539 1107 313 851 1458 794 1872 1456 1840 1000 1667 984 642 1340 1360 939 251 749 874 579 419 815 980 467 1648 403 803 1510 1717 80 1190 1077 1362 1781 1620 860 374 1384 779 1019 726 186 1596 1360 387 1637 140 418 1516 604 454 1211 1599 720 1982 1462 301 1301 609 1148 927 689 1561 1387 563 1092 139 1736 1849 621 676 22 842 1541 1054 841 1177 104 899 1444 347 282 656 1130 1288 1305 1231 422 437 395 153 1087 635 851 46 906 1708 831 485 1595 1330 1475 534 680 1701 398 552 157 1317 784 121 1378 1275 738 10 1588 833 1814 8 252 194 17 679 2 650 303 1377 1752 406 219 1919 581 181 1962 1962 184 1982 1231 620 1507 1685 1208 1018 617 1854 1117 309 210 1445 1967 291 1760 176 1362 1765 1418 0 1633 1512 822 1021 1109 1180 984 820 1975 1212 1017 753 1511 1376 927 904 1769 748 1150 1225 450 664 420 1096 1016 1468 1386 1697 982 182 1023 718 1591 1191 1744 594 1847 1756 17 1070 1381 709 1041 686 9 1096 373 546 359 1020 17 55 964 407 1710 665 888 1366 1339 914 1918 1883 978 1088 133 98 1769 1548 1978 232 830 1283 228 1685 155 1219 192 1738 1136 1696 1723 855 1899 609 307 553 1776 473 859 1914 1085 966 1072 1090 1331 133 526 1708 1519 1972 1247 1035 1159 1851 1054 772 1535 508 324 1165 1270 1247 1529 648 113 1666 208 808 547 207 1351 1370 1763 209 1287 1047 1680 985 1488 1783 1905 1411 1346 145 1365 154 387 1951 301 321 761 746 297 1512 613 567 844 274 1721 1019 1455 935 426 1982 1114 1408 412 283 1470 1213 1111 1147 1841 1821 325 1301 1407 1316 1412 1371 29 1708 430 1441 376 248 1230 42 1439 1081 717 114 439 1561 774 546 1783 363 1643 309 1760 1413 446 1522 154 745 1441 1944 1015 1345 773 838 1146 640 994 167 1556 1740 1737 165 1262 1501 1310 1945 332 841 1970 1458 257 1987 985 1309 891 1245 1825 858 371 1920 938 565 750 391 426 1424 1840 850 1848 370 823 1371 1554 1648 1811 218 285 1819 1060 1643 264 845 804 1215 687 870 1548 788 1921 971 1518 1466 317 437 1652 1843 360 684 1169 420 1854 1568 61 1398 493 929 1380 332 1828 45 1642 1575 1359 167 1785 862 1444 1403 1607 592 311 42 901 949 1903 937 403 869 683 11 6 834 136 1818 795 737 1837 759 784 551 1040 757 1905 139 1407 1308 738 1768 860 354 154 405 339 1452 225 294 1553 1230 1196 878 1538 1872 1253 1509 324 719 996 600 517 1 1892 1442 640 1180 559 1401 1701 804 1044 1658 129 316 81 496 1047 1327 1932 788 314 1037 1369 670 261 868 616 1115 1467 139 688 1708 1417 1735 38 94 975 1372 748 1273 393 926 1756 1753 846 9 4 85 1861 129 1529 1626 1685 1278 624 1697 492 1087 1140 703 698 1404 1870 1857 30 194 1854 1160 1599 1338 781 1592 1938 352 1323 1590 1006 1915 949 1441 1324 1459 1547 585 546 1494 610 118 967 68 1770 654 1195 96 1691 1017 1332 219 1625 447 162 1974 1984 672 335 702 1947 334 1814 1293 1600 1518 1157 1977 1171 521 1104 667 1795 1125 1961 904 1669 730 116 79 661 1139 149 1243 1387 43 1097 236 1919 1196 962 1562 1012 45 466 1053 138 1278 1973 144 1589 887 708 917 616 1581 995 404 1819 1682 1193 874 1897 495 1607 269 405 1477 1254 982 1702 30 294 365 1624 187 1780 504 817 1917 1171 354 1210 447 1366 9 1790 79 572 525 422 1716 939 567 1753 158 1954 460 1 259 956 564 198 982 1770 1598 265 1401 779 124 1139 1785 1169 437 137 1395 1203 813 1954 1508 258 1386 937 734 1554 477 1356 104 884 210 1606 225 1578 113 449 1520 1294 1860 242 1263 1074 857 1442 784 308 1933 414 623 1550 952 1297 1279 385 88 1210 872 1569 1208 1331 1778 818 659 825 1376 1632 329 1708 197 312 1390 1343 1013 991 1271 626 896 139 339 946 1388 1254 596 466 1944 1007 938 1699 714 1887 1087 799 1500 1981 1346 544 550 658 1561 1147 1367 1655 1687 283 1048 467 972 1402 1439 1662 1443 165 633 1339 527 424 1541 170 687 1054 221 1483 1708 1886 1549 1512 1699 622 498 224 1537 826 1414 1702 1190 1448 110 1314 572 1205 572 1600 1007 98 170 1258 1205 56 131 1517 847 306 1647 574 558 871 1389 450 1521 812 1358 1813 1691 305 432 1218 1318 1923 888 1022 1450 1426 187 737 106 1378 1349 85 1632 1815 587 92 1994 491 1438 1867 1581 153 338 1894 908 1150 1121 156 1575 1946 1622 900 1288 192 1097 384 1027 494 1195 156 651 187 1210 848 1125 1558 963 176 613 533 327 310 148 640 1837 910 1888 995 760 778 127 292 1490 642 552 871 912 1219 629 355 243 1158 828 707 1626 1186 1972 1251 1997 1818 536 1326 669 1643 1495 881 1357 691 1624 581 1171 1971 1549 1606 611 1369 612 1700 1248 1312 683 835 74 153 412 687 1035 1329 226 1167 1250 1619 313 322 1581 978 889 678 1856 395 1487 1361 971 1623 381 1930 1112 368 1831 1933 1326 1462 125 1323 1192 861 455 758 1064 1720 1659 724 23 820 1032 880 658 1611 455 1325 1214 742 696 65 959 1124 268 1700 1631 189 1112 1797 514 747 1900 1850 1418 1324 428 966 995 881 29 315 1772 344 919 198 311 1298 1509 341 885 156 416 178 704 1429 817 468 1380 114 878 1274 246 979 581 1110 841 1361 261 1450 1807 216 648 738 222 1643 427 1926 1824 1095 1603 304 1111 609 648 1194 1194 898 1640 97 1149 666 1650 1920 703 579 255 1916 927 1631 293 1319 324 931 1434 681 360 1327 552 1681 610 544 1181 487 1995 1750 575 791 298 1108 1015 1610 1638 263 1022 1644 945 909 1513 981 1296 1164 1679 16 419 72 860 4 1834 48 45 1302 1536 1566 298 883 1066 1250 195 1781 802 1038 534 866 1482 146 1228 1521 1261 310 1762 1363 171 1563 245 883 1139 443 674 1340 285 1543 892 1935 1140 29 1955 210 449 279 1382 1987 1684 1844 1436 692 780 1950 845 728 414
