51 1726
17 662
1 1121
2 1708
20 1663
3 1021
5 188
64 307
10 237
4 1606
21 808
81 105
25 678
24 1626
85 1327
126 1642
11 124
93 1972
22 684
6 344
8 350
9 1585
26 1499
13 1992
83 279
27 1939
7 1034
148 1135
14 1095
62 1164
69 1326
29 419
128 153
12 811
60 173
167 185
131 1580
82 1513
32 1032
191 1659
15 1945
39 159
30 1516
34 884
18 332
19 703
141 812
155 900
40 223
219 746
16 1305
35 1843
205 321
175 557
134 368
31 1699
181 740
28 585
23 1897
48 1344
33 1165
53 1982
61 1139
70 302
42 1698
43 319
216 639
218 433
234 1506
185 1291
80 1393
136 1413
245 1006
197 262
50 1850
88 1131
89 1952
90 1512
55 189
228 1666
58 763
284 1176
71 1045
286 254
76 1110
44 612
295 1696
96 1002
265 1031
97 222
98 1057
36 1508
59 1217
63 1478
120 1190
140 917
94 199
45 1378
114 1490
291 154
299 39
99 75
302 823
101 800
301 1841
123 267
56 868
103 1562
74 1430
130 1792
344 1420
323 297
163 1733
268 1236
188 1366
57 1821
199 1247
37 1136
361 413
111 323
38 1102
139 1260
77 281
365 1747
115 658
366 221
274 1991
132 720
84 1303
157 1005
105 923
378 1742
162 54
279 1739
416 641
202 1317
422 1837
252 1875
426 1877
153 1731
455 502
124 779
170 659
171 711
182 338
369 96
41 275
502 214
526 1546
187 417
46 822
161 693
65 424
306 1890
66 789
373 207
266 654
384 1024
177 89
92 1568
125 1036
133 719
296 1333
107 248
117 1079
68 205
198 7
247 314
550 1
47 1988
258 1409
260 1456
118 574
297 619
180 1479
184 1745
404 425
91 113
409 801
49 352
52 543
119 422
54 1551
194 1909
67 1534
263 867
127 379
568 1865
334 1022
280 778
430 1676
95 459
100 837
110 1893
436 1026
72 1724
113 226
129 856
480 530
308 457
142 830
135 1292
482 1774
143 1376
73 1908
581 1684
506 1372
510 962
341 1824
75 37
78 613
146 1315
227 55
150 879
315 1399
159 336
122 715
79 1994
203 854
86 1464
289 280
237 1105
144 1418
179 69
189 981
145 1375
87 978
209 1519
149 52
292 348
345 1884
298 1056
102 1781
104 1232
213 1948
201 1342
355 1474
206 934
238 1175
513 1336
246 1780
138 309
160 148
363 577
106 661
281 710
230 261
147 749
331 862
108 451
253 1041
290 1997
342 874
164 1570
152 1902
515 855
294 1265
156 1584
158 1968
346 803
169 1008
174 975
178 1996
525 201
282 1921
210 1538
215 652
348 569
217 815
374 161
359 212
109 1231
357 1892
112 882
376 24
381 1969
192 904
165 964
385 599
288 1874
589 1466
116 266
166 1682
321 209
193 1639
388 456
380 1857
391 850
121 1382
195 1076
137 468
168 1901
172 1227
326 108
151 1141
601 1566
389 649
582 316
196 998
200 1690
173 503
585 1321
392 833
154 1547
176 1183
211 1622
204 736
270 138
588 1163
316 1374
273 134
591 1599
183 467
186 1636
190 873
320 705
330 420
285 1238
400 889
212 1202
333 876
394 1462
606 103
395 813
615 1609
347 1384
410 112
602 208
420 859
616 848
208 1887
313 225
324 31
637 34
414 1018
439 1521
343 1960
632 671
367 790
419 1811
407 1125
446 1882
656 579
207 986
325 547
718 1454
214 1339
220 263
423 220
352 285
418 136
458 440
425 1900
461 1389
223 1272
239 1876
329 1686
224 1434
724 448
243 688
465 290
522 729
442 383
221 739
353 892
511 1619
540 807
225 880
725 666
222 1228
335 1594
244 899
530 172
741 845
651 412
350 121
669 362
226 1054
467 115
229 1452
232 32
551 1169
567 989
424 1692
623 1133
231 1571
679 1672
382 174
629 1240
233 699
493 1207
351 1155
235 836
590 1864
248 851
250 592
241 104
405 1483
645 829
649 640
432 355
661 941
746 1224
255 295
694 187
406 1964
433 538
257 1595
254 1845
699 555
703 1263
523 1080
720 1729
261 571
593 1058
756 997
368 1380
734 1276
271 1533
413 1669
417 1661
537 1258
428 1586
272 1847
438 1068
706 484
758 622
449 589
447 180
617 1273
448 63
370 1810
276 1205
708 1039
277 152
452 1402
459 966
375 1714
760 305
622 1334
259 1830
472 1262
377 418
542 902
473 100
477 1120
500 381
740 1087
398 527
508 1020
723 1990
742 769
267 423
748 581
408 1801
293 230
304 85
762 1146
798 683
514 1683
727 1151
236 635
466 1277
805 1947
728 1204
520 860
309 1235
287 329
624 777
311 1754
767 1677
421 1043
300 887
774 472
789 716
435 1932
527 238
729 1115
529 1706
445 525
312 1419
797 1802
803 1446
318 1035
476 814
453 1509
819 1916
319 573
471 1209
835 925
489 1577
731 796
531 595
665 247
485 835
532 694
555 1181
548 84
560 1621
849 1695
561 490
732 1432
670 1597
322 952
327 1126
490 1926
738 1999
757 687
332 522
761 72
859 1306
303 586
501 928
240 465
242 1439
307 1716
806 1200
566 1886
496 493
503 802
576 588
570 1528
249 149
777 1662
630 60
862 1812
251 1611
504 1653
672 1504
788 1883
792 1144
685 567
584 1042
509 206
811 1197
338 751
676 49
594 1768
383 265
595 1935
824 1188
411 36
690 1915
497 637
429 1894
889 559
828 1951
854 979
604 526
813 707
891 1985
516 677
871 1437
611 1170
625 1722
456 1350
337 1314
256 508
719 1770
894 1934
339 1737
262 1367
457 1296
814 717
631 277
349 960
468 215
914 1044
354 1486
638 291
356 391
517 1987
358 1086
264 754
478 918
519 977
642 1548
815 591
923 1786
372 92
926 799
646 1950
521 1249
935 915
940 797
652 1646
536 1410
721 387
386 672
387 255
654 1447
524 1693
882 847
541 582
711 869
269 416
544 146
667 922
546 1346
390 578
393 1481
766 969
553 1838
745 118
770 506
554 1797
686 510
749 1944
396 1783
905 2
840 442
556 1492
557 476
965 1567
559 181
397 1442
564 385
775 1675
695 624
857 429
275 1438
278 1067
565 1592
583 1210
399 820
283 809
597 727
781 1011
401 1989
783 357
658 772
573 274
709 330
736 1230
402 195
858 509
869 590
574 151
569 861
966 1806
910 111
579 163
911 895
305 1348
310 252
580 626
571 478
872 1904
791 1710
778 349
314 1649
317 638
696 1582
747 888
697 787
772 1613
873 1345
812 1531
575 910
412 270
700 886
913 826
586 1527
612 1503
841 177
931 398
816 1359
702 562
705 1637
780 714
843 87
830 382
836 950
415 500
592 1450
933 397
884 293
942 167
909 724
596 190
946 965
427 828
618 1307
951 953
599 253
328 692
710 1308
600 1769
434 1493
852 26
896 633
437 560
785 218
972 1956
856 1862
790 1316
336 1158
607 1967
441 1813
899 1302
876 570
967 1289
620 1723
970 1157
973 893
608 1233
984 1565
712 386
883 660
713 1725
953 771
991 1550
1004 1154
1005 1844
988 878
609 455
714 629
621 1353
974 1286
796 1395
716 12
717 1905
999 1074
903 1820
726 584
904 1629
799 999
804 519
912 1840
614 126
626 681
340 25
360 881
443 1808
619 1116
450 1100
1000 1807
1006 1785
1016 450
362 708
977 1416
633 1799
636 765
364 1491
371 311
627 1660
895 219
1026 499
730 390
379 741
628 1299
643 1899
1017 735
995 1574
1031 303
650 1881
920 1749
1034 1159
403 1325
751 1072
469 1703
947 1784
754 1488
831 897
1050 529
1062 598
759 1354
1074 1697
479 995
958 1040
944 57
763 1732
431 558
1079 1179
655 471
842 551
634 1787
481 1173
674 227
997 838
954 1281
483 315
484 1322
1025 839
968 1718
641 1654
1080 1539
964 1111
1089 1600
440 885
680 461
444 566
983 1955
451 957
1039 1461
764 1891
1011 233
981 1602
644 1760
647 753
488 1368
683 296
1043 231
1094 1730
454 834
1012 757
990 1109
1009 1652
460 674
768 1065
1100 73
847 1089
1023 235
462 1647
771 1444
494 512
1014 936
498 1928
864 1023
779 1073
1116 1046
463 497
464 1819
687 1198
782 59
689 1767
1035 1114
499 1923
1029 1014
470 1658
1048 1954
1042 1761
691 426
1040 1213
1071 1978
1018 1363
787 176
692 1736
868 793
1055 773
1033 1400
1049 1225
1060 1791
1135 1628
874 898
507 415
474 1803
698 575
1037 1638
475 1025
659 1055
512 533
486 1794
1137 1775
877 734
1052 389
715 1216
664 1537
1149 1572
1044 1497
1151 1311
528 308
1075 561
1077 564
1067 249
1070 1064
487 93
533 1468
793 1655
1092 546
801 1668
1140 1061
1144 186
1103 788
807 1069
1173 728
1045 496
1153 1545
888 675
1158 614
893 524
1172 98
1109 1152
722 786
491 342
534 605
492 984
1169 43
1111 144
539 976
1175 1313
543 1561
737 832
1214 1651
1229 1404
1112 1012
1174 1250
739 1351
1182 656
1114 1178
752 556
1189 1502
1051 1050
753 395
1125 1256
545 1088
547 1576
755 1575
673 405
675 170
808 1297
1240 702
898 128
1220 1946
776 1919
784 495
549 375
495 1369
505 1913
1053 616
918 133
1129 849
794 317
925 1329
1233 394
678 1914
1069 1362
1132 511
1194 292
932 1196
1136 1472
1072 1448
552 744
1242 245
934 434
1239 109
937 6
943 602
959 312
562 299
518 913
563 1765
795 1304
1141 580
1248 46
1142 1364
688 1194
1076 1555
800 171
535 988
1244 91
1255 56
810 193
1143 990
1148 1705
817 1625
1252 335
572 1220
701 213
1159 406
818 697
1168 916
1198 1674
1087 1470
821 1542
1093 360
577 1579
1257 421
822 1199
1101 907
538 380
704 17
1271 1552
960 1721
558 371
1211 169
962 449
578 179
1277 1271
1122 443
707 1779
1216 27
1270 1601
613 351
1219 542
1171 841
1274 1092
976 246
587 1029
1139 1290
733 430
1147 353
1162 210
1181 259
1221 1166
979 783
1287 1903
743 518
750 359
809 1644
765 399
820 1719
1224 1536
1296 1049
1176 1203
1316 1715
598 47
660 1134
1225 1953
985 1356
825 1171
735 377
1231 870
1246 8
603 343
744 68
1321 608
1226 1244
987 432
1191 1405
993 157
1334 1866
802 1764
1232 890
1195 1656
1249 615
605 732
1297 1294
1251 1255
833 504
1336 1357
1306 1206
826 938
1236 1245
1237 1267
1357 1288
1371 781
1372 165
1199 1818
996 1836
834 1790
1241 785
1307 1476
1254 722
1322 1510
769 865
1325 1895
837 1070
1373 1957
1326 38
773 1081
1375 1879
1003 1407
1243 453
1258 883
1425 9
786 1127
823 583
1332 1848
1429 1274
610 1673
635 1617
845 1938
1461 1618
639 1242
838 1355
1335 120
1261 183
1019 1182
1342 1275
850 1966
827 1823
897 155
829 1524
1349 369
832 993
1463 1016
1260 1229
1267 341
1263 445
1024 1924
1265 1793
901 1248
640 1106
648 1338
1268 1734
863 1748
1030 273
939 283
1276 1612
653 766
1484 690
1507 137
870 1053
1511 1849
1539 466
657 1093
844 1863
1283 168
1299 1398
662 1433
839 76
875 1817
917 911
1202 924
1209 1010
1032 970
663 1268
1289 1142
952 1616
848 609
930 817
851 373
1569 1422
855 827
975 107
1578 1993
1002 1223
1007 1071
860 474
861 19
1047 610
1066 203
1038 232
666 1457
865 1004
1350 980
1046 726
867 191
1312 1047
1090 78
1059 630
1212 354
879 1195
880 1226
1320 901
1324 565
1359 1390
1213 361
1328 1888
668 1965
1102 747
1228 594
1099 364
885 937
1329 1117
1594 709
1360 1635
1330 1099
1113 102
1262 1172
1105 363
1230 1665
1340 1480
1234 1958
671 1713
1245 743
1348 1185
1063 452
1292 1337
1275 1264
1115 1285
1358 606
1605 239
1280 1473
1286 863
677 1500
853 1825
1300 374
1250 1943
1315 926
1259 1401
1362 1778
1127 996
866 1851
1160 523
1331 1530
681 857
682 1898
1363 441
1170 480
1333 1465
1370 1634
1205 1777
684 1558
1612 1397
878 1396
892 515
900 1489
1266 411
1377 392
1281 182
1247 129
919 1878
693 1343
1256 1603
1285 1341
881 1243
1374 906
1615 974
921 1132
928 1650
846 119
1622 1128
1630 268
1294 927
886 514
1288 1648
1290 673
887 1936
1632 1931
1064 125
1339 935
902 477
1346 1257
1378 1855
1291 356
1634 657
1380 597
890 972
1384 3
1638 99
929 257
1065 1557
1385 333
1309 1153
1643 211
1068 1631
1645 920
936 665
906 289
1269 971
1399 1543
1403 1278
1405 276
1310 18
1423 10
1314 1929
907 983
1272 648
1407 780
1387 1805
908 1085
941 846
915 1123
948 1379
1083 1573
1650 1463
1084 1349
1388 304
957 1415
1396 240
1085 64
1298 1910
1301 67
1436 1475
949 196
1439 1789
916 114
992 97
1652 346
1413 243
1452 1377
1415 601
955 1704
1278 1702
1455 1383
1467 1596
1406 961
956 1583
1302 1084
1419 1328
1472 513
1001 1391
1091 101
1665 94
1098 1798
1317 866
1318 194
1013 1678
1672 706
922 1607
1041 1667
1323 634
1422 160
1427 919
969 142
1337 755
1282 932
971 1187
1491 463
1438 1148
1677 712
1104 549
1492 310
1678 1280
978 1293
1081 541
924 646
927 1518
1345 40
938 437
1682 1623
1431 679
1440 1831
1501 617
1442 1208
1543 653
1284 166
980 427
945 491
1686 1853
1304 1361
982 1009
1447 1119
950 1605
1456 1015
1451 256
1545 376
1477 1445
986 1738
1347 1633
1688 370
1551 192
1692 1873
1313 367
1305 1212
961 1048
1482 1800
1489 30
1165 81
1106 528
989 1578
1693 1868
1532 810
1563 61
1351 1971
1352 954
1308 627
1185 730
1694 150
1338 4
1110 949
1538 288
1460 1569
1698 1184
1227 1856
1355 700
1120 202
994 1712
1703 117
1547 1752
1341 1193
1121 723
998 1335
1564 959
1123 991
1464 1867
1124 1259
1367 1814
1235 1431
1705 1371
1008 482
1466 760
1343 1694
1468 1949
1344 1560
1574 1870
1576 1218
1015 388
1020 992
1238 1885
1710 942
1369 1590
1711 985
1128 1252
1021 1581
1379 488
1022 1604
963 1852
1596 1332
1150 644
1602 680
1027 244
1376 1381
1712 1323
1393 1564
1604 806
1028 1062
1581 287
1402 532
1583 1976
1036 378
1353 1167
1253 294
1714 1129
1640 1082
1485 805
1592 669
1010 804
1488 408
1598 1816
1509 264
1600 1261
1411 135
1154 454
1717 272
1727 1707
1728 929
1730 1871
1644 1511
1517 1007
1361 645
1133 1505
1054 1451
1056 175
1736 1174
1742 1687
1424 1107
1156 819
1057 217
1058 1030
1061 1301
1364 1782
1381 1828
1647 1003
1519 537
1146 1889
1273 431
1073 1795
1613 933
1446 733
1616 1440
1264 1911
1528 62
1656 1640
1667 1759
1163 1771
1279 798
1535 1103
1542 216
1365 1563
1319 300
1327 821
1747 1532
1617 1112
1625 1833
1366 1394
1368 704
1293 994
1356 1906
1749 1254
1751 1412
1450 1735
1295 1211
1767 516
1166 13
1557 1691
1383 492
1391 1757
1787 86
1676 1118
1696 1664
1382 721
1788 1494
1704 14
1392 696
1394 340
1395 1709
1401 1728
1416 1295
1716 1832
1433 1766
1636 1033
1397 603
1167 269
1738 1038
1740 326
1453 1860
1398 462
1414 1147
1078 1222
1639 1191
1741 1143
1745 651
1417 1279
1566 1689
1400 642
1082 318
1642 1925
1487 1414
1494 1168
1493 1809
1404 1373
1303 576
1421 1711
1793 66
1086 1804
1567 1091
1088 958
1572 676
1408 628
1095 1983
1573 1408
1575 738
1096 58
1799 401
1651 1896
1508 1017
1662 1145
1804 611
1699 479
1354 682
1746 607
1426 1859
1428 1526
1708 1741
1177 663
1097 1156
1515 16
1107 568
1808 1776
1432 486
1521 1269
1577 831
1444 470
1108 539
1499 1827
1715 1961
1814 82
1818 1283
1748 1370
1524 489
1537 45
1525 1980
1117 122
1389 825
1445 1588
1540 843
1718 1469
1720 1219
1752 90
1554 1453
1754 29
1178 1160
1420 28
1448 531
1819 794
1593 1846
1183 596
1556 548
1723 1869
1457 1963
1458 234
1437 1984
1599 1541
1409 1880
1541 241
1561 1487
1462 1124
1585 1287
1579 1746
1763 1645
1418 70
1824 816
1430 1553
1465 1829
1118 1347
1119 1632
1725 631
1826 1101
1188 396
1190 1436
1827 1078
1459 1140
1434 438
1469 1933
1126 1559
1586 1842
1731 324
1130 229
1836 1096
1607 1365
1435 1108
1196 632
1768 840
1769 106
1776 686
1474 1331
1732 224
1473 1772
1441 713
1486 143
1782 282
1847 50
1848 973
1475 1670
1478 951
1856 1417
1608 1593
1869 791
1131 550
1871 1529
1479 914
1443 1977
1449 572
1454 505
1872 251
1480 1319
1471 1477
1590 475
1603 414
1624 1826
1580 540
1483 948
1200 1598
1609 1000
1490 643
1888 1019
1502 701
1637 21
1476 1700
1659 501
1737 1282
1739 358
1565 1104
1889 520
1898 1458
1743 1974
1584 1077
1481 1822
1204 1051
1913 1427
1500 1959
1587 1352
1789 162
1797 1340
1756 1685
1660 473
1761 1429
1134 647
1666 667
1618 554
1138 1858
1601 35
1505 1671
1206 1312
1145 1973
1806 553
1207 737
1619 1750
1208 1300
1914 1501
1916 664
1506 1815
1627 507
1495 1186
1629 1549
1621 1614
1496 2000
1809 184
1825 110
1623 844
1631 11
1210 759
1764 1657
1152 670
1918 748
1924 1839
1669 53
1155 784
1673 469
1774 1090
1828 864
1611 1796
1679 328
1926 460
1697 1360
1626 858
1633 1717
1707 871
1646 1138
1829 41
1719 945
1655 1495
1498 903
1215 955
1503 1318
1510 1189
1518 1620
1781 1037
1157 689
1755 1591
1641 600
1217 1310
1526 1411
1762 877
1648 127
1218 1234
1161 200
1765 435
1653 95
1512 563
1771 258
1529 1192
1663 1098
1689 946
1531 875
1534 1970
1779 1755
1735 403
1513 745
1668 458
1783 1097
1795 1720
1164 1788
1516 306
1674 1221
1179 545
1180 242
1544 464
1681 1525
1840 409
1796 130
1683 1459
1520 1083
1548 1688
1550 337
1800 1744
1801 685
1802 123
1223 1753
1811 1130
1690 767
1522 1149
1858 731
1757 774
1830 145
1927 1920
1861 1927
1837 1756
1934 1907
1873 940
1758 1918
1523 1740
1654 1834
1879 1246
1760 1467
1839 775
1527 1270
1552 795
1883 587
1410 1266
1850 158
1412 1449
1944 752
1184 439
1657 1214
1186 1075
1530 1515
1555 853
1702 1180
1661 1679
1780 758
1784 320
1810 1975
1187 620
1533 1520
1885 198
1706 74
1536 51
1722 402
1947 1251
1786 963
1726 80
1851 1641
1192 842
1854 698
1546 1428
1193 325
1886 1912
1798 891
1558 1052
1197 1763
1201 197
1664 636
1859 132
1950 1854
1862 1544
1887 327
1812 1309
1951 410
1956 1482
1863 1094
1203 768
1805 1942
1817 1624
1549 1387
1222 483
1957 278
1559 1941
1864 968
1470 404
1890 1028
1866 22
1822 896
1876 20
1562 1162
1311 1298
1823 1727
1568 1556
1877 939
1844 384
1891 718
1733 178
1553 621
1852 284
1867 905
1734 1013
1834 536
1504 164
1970 286
1770 535
1386 1426
1842 1485
1614 943
1853 1589
1772 1161
1390 1386
1628 1630
1497 1758
1560 818
1790 1608
1903 623
1570 1498
1860 372
1972 852
1670 750
1892 1122
1724 1471
1514 1201
1870 1324
1671 695
1904 1455
1582 23
1680 444
1880 88
1744 48
1597 930
1905 1237
1807 141
1606 1643
1893 494
1902 228
1589 1435
1882 1701
1684 625
1878 1330
1907 156
1813 1443
1620 521
1571 204
1910 1922
1909 1066
1591 1751
1649 544
1820 42
1911 250
1821 33
1588 742
1766 15
1925 301
1900 331
1610 1241
1794 618
1930 487
1915 1535
1595 446
1658 1150
1932 1522
1975 921
1709 1239
1675 116
1729 428
1687 1423
1750 1137
1785 485
1919 1113
1832 770
1865 1484
1983 1496
1635 1995
1791 967
1991 407
1792 1610
1943 1835
1700 1388
1922 1681
1835 655
1935 1937
1936 1979
1868 908
1713 1514
1899 1523
1833 912
1937 909
1775 1762
1721 691
1759 1981
1941 79
1933 1507
1845 593
1875 366
1838 1059
1685 334
1816 236
1849 1627
1942 77
1953 140
1884 1063
1917 1215
1938 987
1773 1743
1945 365
1777 1284
1929 944
1946 1460
1948 1554
1894 1986
1995 534
1841 1540
1901 1517
1691 447
1973 139
1897 604
1920 345
1954 982
1908 1680
1955 517
1958 650
1857 782
1961 776
1964 393
1965 436
1906 322
1695 1320
1803 1615
1701 481
1753 5
1896 1421
1928 956
1843 1940
1846 83
1778 1872
1815 1424
1967 147
1971 756
1976 313
1962 44
1831 931
1931 1027
1996 339
1855 764
1949 260
1881 71
1982 298
1959 498
1940 65
1977 1917
1895 1425
1986 1403
1987 668
1912 347
1963 1773
1988 1587
1989 1962
1921 894
1952 1930
1939 1392
1923 1177
1969 824
1968 1060
1874 792
1980 1441
1974 1001
1978 947
1979 271
1960 1861
1981 1998
1997 762
1993 761
1994 872
1998 400
1966 1385
1984 1406
1990 725
2000 131
1985 552
1992 1358
