2000 2000
994 2 2 3
1427 3 3 4 9
652 2 8 10
1824 5 1 3 7 9 10
1762 1 5
440 3 3 6 9
1616 2 1 4
821 1 2
503 3 0 5 6
907 4 0 2 6 10
1103 3 0 4 6
1769 2 4 7
329 2 0 4
1989 3 1 2 8
1430 1 7
764 3 1 2 6
649 1 8
26 3 1 3 10
769 4 1 2 5 8
1091 2 0 9
1504 4 2 6 7 9
259 4 0 3 7 10
1971 5 0 1 8 9 10
455 4 0 1 5 10
830 3 1 4 5
1086 4 1 8 9 10
1879 2 0 4
853 3 5 7 10
1977 3 1 6 9
319 3 0 2 7
395 4 3 4 6 8
559 2 7 9
899 2 1 7
1798 4 1 3 8 10
874 1 3
237 2 1 5
1261 2 3 9
732 2 0 1
1638 4 1 2 9 10
135 1 4
1983 3 7 9 10
32 6 0 1 3 5 8 10
1023 1 1
742 1 2
1735 2 7 10
837 3 0 2 10
956 2 4 5
1119 4 0 1 2 6
1522 4 0 2 3 10
1847 2 0 7
588 3 0 1 2
1688 3 3 7 8
232 4 0 1 7 8
1627 2 1 10
1028 3 1 2 9
608 4 3 4 5 9
894 4 0 4 7 10
1195 4 5 6 7 8
924 1 5
1617 2 8 10
720 1 3
321 2 1 8
898 3 1 4 10
1131 3 3 5 7
1040 1 7
1419 3 3 5 6
749 4 0 4 5 6
1903 2 2 4
867 3 3 5 7
917 2 6 8
1032 2 1 6
1940 5 3 4 6 9 10
979 3 3 7 9
850 3 0 3 10
670 3 1 3 10
770 2 1 10
1886 4 5 6 9 10
314 4 1 6 9 10
82 3 1 2 6
464 3 0 5 10
481 1 8
165 2 4 8
157 1 7
280 2 5 6
763 2 2 6
614 1 7
1092 6 1 3 4 5 6 8
1196 2 3 8
591 1 4
159 4 5 6 9 10
935 4 2 4 7 8
1381 4 1 2 4 7
545 2 1 9
1574 3 1 5 9
930 3 3 4 6
1894 2 6 8
89 3 1 3 8
508 1 9
1979 2 3 4
1428 2 0 6
470 3 2 3 10
164 1 4
1407 3 3 5 8
1950 7 0 2 4 5 6 7 9
484 3 2 3 7
338 2 7 8
290 1 1
453 1 2
1456 2 4 7
659 4 0 3 6 10
1552 3 1 9 10
125 2 1 9
1718 4 4 6 8 9
1291 1 10
1477 4 0 1 4 5
1982 3 1 4 9
1304 2 1 9
1288 1 8
1724 3 4 7 8
1165 1 5
324 1 9
1319 4 3 4 5 9
1691 1 8
911 5 2 3 6 8 9
40 3 7 8 9
856 3 0 5 6
1497 2 3 9
1656 2 2 6
1597 2 1 8
1425 3 0 7 8
996 4 1 4 7 9
774 3 2 7 8
1614 2 6 10
1591 2 0 4
811 3 3 5 8
214 4 3 6 7 9
436 3 8 9 10
1787 2 1 6
1623 3 1 5 8
838 3 0 3 8
1401 3 5 6 8
73 3 6 7 8
827 1 0
1386 3 1 2 3
567 3 1 3 6
1168 3 0 6 8
1545 2 2 10
483 4 0 5 8 9
1460 4 1 4 5 8
425 1 2
1933 3 3 5 7
691 2 2 10
1323 4 2 4 6 10
1074 2 3 8
787 2 5 7
767 2 2 9
1588 1 6
1485 2 0 2
58 3 3 5 7
1141 2 3 5
633 1 4
713 4 3 4 5 7
362 1 6
627 4 0 1 2 3
1954 3 0 3 9
1183 2 1 7
1668 4 1 2 7 10
463 2 0 9
462 6 2 3 5 6 7 8
1364 4 0 3 8 9
289 4 4 7 8 9
679 7 0 2 4 5 6 8 10
1512 2 4 5
1596 5 0 3 5 9 10
1318 1 2
344 2 2 6
1904 4 3 7 8 9
1789 2 1 2
1366 1 7
74 1 7
534 1 9
858 2 7 8
275 5 0 3 4 5 9
1265 4 0 1 5 10
174 3 0 5 7
1711 2 0 7
7 4 1 4 8 10
738 3 5 6 10
1161 3 1 3 10
753 2 5 8
737 9 0 1 2 4 5 7 8 9 10
1861 5 0 3 4 6 9
1395 4 2 3 4 5
336 3 3 6 9
517 4 4 5 6 10
450 4 4 5 9 10
1179 1 7
421 1 0
1438 1 6
233 3 3 5 10
743 4 1 4 5 10
1533 2 3 8
1862 4 0 1 2 5
335 4 1 4 5 8
864 2 2 9
96 4 0 6 7 9
1860 3 0 6 9
1615 4 1 7 8 9
872 4 2 3 8 10
968 1 3
169 4 2 3 8 10
120 1 3
980 1 9
90 3 0 5 8
306 2 4 8
1149 3 5 8 9
447 5 0 3 6 9 10
937 3 0 2 5
354 1 5
349 3 1 3 10
1352 2 4 6
969 2 5 9
1118 1 5
106 1 3
835 2 0 3
48 2 8 10
57 2 2 6
696 3 3 4 10
64 1 10
1822 4 3 4 9 10
792 2 2 5
1757 3 5 6 10
1170 3 0 5 9
137 3 0 6 8
325 3 0 1 9
1759 2 2 6
1054 2 2 4
419 1 7
957 1 8
554 1 6
802 2 4 7
1368 2 2 6
1857 3 3 4 6
1346 2 0 7
353 2 1 9
580 3 4 6 7
199 1 8
1203 3 0 2 5
1727 6 1 2 5 6 7 10
404 3 6 7 10
1701 4 3 5 8 10
1692 4 1 4 8 9
300 1 4
389 1 4
1611 3 0 1 3
1503 2 0 2
1850 2 0 7
1069 1 9
1256 2 0 1
1827 2 1 2
883 2 0 7
1178 3 6 7 8
568 4 0 3 5 8
1567 3 4 6 10
37 5 0 2 3 4 6
116 2 1 10
170 3 2 4 8
1758 1 10
167 4 4 5 6 9
221 1 7
814 3 3 5 6
943 5 1 2 3 5 10
476 1 0
1235 3 5 6 9
603 3 2 4 10
409 3 0 2 6
1554 7 2 3 4 5 6 7 9
1513 2 3 10
1756 1 8
1020 2 4 9
1127 2 1 4
1033 4 3 4 6 7
1732 3 2 3 9
1775 1 2
133 2 1 4
1966 2 0 2
160 3 5 6 10
535 2 4 9
1549 2 1 2
1771 1 6
1448 2 2 9
509 2 5 8
823 1 7
247 1 8
39 2 1 9
1198 3 1 3 5
41 2 4 9
1968 2 0 5
1129 3 1 3 8
524 4 1 2 4 6
1159 2 2 6
150 1 5
762 2 4 10
1635 2 7 10
1382 2 1 2
187 2 2 8
1454 5 0 1 2 7 10
1035 2 3 10
86 2 7 9
76 2 3 9
261 6 0 2 3 6 8 9
926 2 1 10
1039 3 0 7 8
1186 3 0 2 10
1969 2 1 3
1405 1 7
1212 5 1 2 3 5 6
1406 2 5 9
558 3 1 2 7
204 4 2 5 6 7
1689 4 1 8 9 10
531 4 2 5 6 10
1911 5 0 1 3 6 7
631 3 3 5 7
1197 1 8
1457 1 6
270 4 3 7 9 10
1657 1 3
714 3 1 2 9
1576 4 3 5 6 9
945 3 0 4 7
1358 3 0 5 7
1398 3 0 3 8
676 2 0 5
1864 3 2 5 7
1731 2 0 8
265 1 7
1220 2 3 6
1270 1 6
1669 2 1 3
410 2 5 10
1530 2 0 6
1001 3 3 6 10
1446 2 1 5
983 1 10
1011 3 2 3 5
75 3 0 4 5
506 3 5 6 8
79 2 5 7
1314 3 1 5 8
594 2 2 4
604 1 0
971 1 7
1704 2 4 7
1998 3 2 4 6
683 3 1 3 5
1854 5 3 4 6 9 10
223 1 6
647 1 8
1336 2 1 2
326 1 3
678 1 10
332 2 3 8
760 4 2 5 8 10
959 3 5 8 10
766 1 9
472 1 1
430 3 0 6 7
1354 2 7 10
473 2 9 10
1710 3 2 5 9
893 2 0 1
1068 3 0 3 7
45 3 1 8 9
824 1 7
1009 2 5 10
623 2 7 8
1018 2 8 10
281 3 1 4 9
1624 1 0
573 4 1 3 4 10
1715 3 0 2 5
1900 4 2 3 5 6
31 1 4
629 4 2 4 6 7
1694 4 0 1 3 10
740 3 4 7 10
1106 2 1 4
1486 5 2 3 4 5 9
1506 4 0 3 7 9
697 2 2 3
658 2 6 10
29 1 10
1755 1 2
1123 3 1 2 7
921 3 0 3 9
998 1 2
1797 4 2 8 9 10
914 1 5
1543 3 0 1 5
1361 3 6 7 9
1737 4 1 2 5 6
1227 2 4 5
812 3 2 6 7
757 2 4 6
1662 2 0 1
1218 3 1 6 9
1880 1 2
487 2 9 10
1620 1 10
1935 1 9
451 3 0 3 4
541 4 2 3 7 8
1264 5 3 4 6 7 10
1060 4 0 2 7 9
985 3 0 2 9
1174 3 1 6 10
1641 3 0 1 6
674 3 4 6 7
1493 2 0 1
424 1 6
989 2 5 8
881 1 6
885 2 0 10
328 3 0 3 6
736 1 8
849 2 6 7
857 3 1 4 6
327 4 2 6 8 9
1960 2 1 3
1764 3 2 3 8
1673 8 1 2 3 4 6 8 9 10
605 1 0
582 4 4 8 9 10
842 1 5
1214 2 1 5
954 1 7
253 4 0 4 5 10
1317 2 2 7
786 1 10
1230 1 1
833 2 5 8
28 3 2 6 8
1024 3 4 6 7
632 3 0 3 4
398 3 4 5 9
242 4 5 6 8 9
1744 3 5 7 8
1073 2 2 6
111 3 5 6 9
397 2 8 9
918 3 0 1 9
1680 2 6 7
1244 2 4 7
1281 2 2 9
1618 1 10
1782 1 1
1437 3 6 8 9
1100 3 1 2 9
1182 1 4
877 1 2
638 1 1
1396 1 10
1172 4 1 4 5 9
141 3 3 4 5
1890 2 7 10
871 3 1 4 5
1740 3 4 6 9
828 2 7 8
663 1 0
772 4 2 3 7 8
1606 3 0 3 10
1610 2 0 5
1465 4 0 3 4 7
131 4 0 1 8 9
1505 2 6 7
944 4 1 5 6 8
303 2 0 2
494 2 0 5
1232 2 6 7
1298 3 0 1 10
304 2 1 7
865 3 6 7 10
617 1 5
1803 8 0 1 3 4 5 6 7 8
965 3 0 6 8
212 5 0 2 4 6 9
1661 3 0 6 7
1912 4 2 5 8 10
734 2 1 5
1384 3 0 1 6
1852 2 0 4
1925 3 4 7 8
551 1 8
33 3 1 2 9
805 3 1 5 9
1257 2 0 3
10 2 5 6
1586 3 2 3 5
705 6 1 2 6 8 9 10
1883 3 6 7 8
178 3 0 2 3
966 4 0 2 3 9
1021 2 1 2
646 3 0 4 6
238 5 1 5 6 7 8
618 3 0 2 10
903 2 1 8
1070 2 5 6
1458 3 2 5 8
153 4 2 4 6 10
91 1 10
1828 3 0 5 10
434 4 2 4 6 10
1772 1 0
501 4 0 2 7 9
1956 3 0 2 5
600 3 4 5 9
413 5 2 6 7 9 10
1169 1 1
1034 4 1 2 5 10
932 3 1 2 10
613 3 0 4 5
1500 2 2 7
641 6 0 2 6 8 9 10
358 2 4 8
1433 4 3 4 5 8
108 2 4 10
2000 1 3
122 3 0 1 7
1721 3 2 5 6
1906 2 0 5
1537 2 1 4
136 1 10
490 4 1 4 7 8
831 2 1 4
625 1 9
1249 4 0 4 5 9
256 4 2 4 6 8
1052 1 0
1344 2 7 8
1484 4 0 8 9 10
340 3 3 4 10
222 3 1 4 6
1842 1 8
140 2 4 6
961 2 5 10
1286 2 3 10
296 1 4
1754 2 3 5
1189 6 1 4 5 8 9 10
1544 1 2
1524 3 2 5 7
810 2 1 8
1595 4 2 5 8 9
485 2 0 1
803 3 2 4 10
1444 5 0 1 4 5 7
1142 3 1 4 10
1388 4 2 5 9 10
1112 3 4 8 10
1036 1 1
93 2 6 10
1233 1 10
1045 2 3 4
1802 6 0 1 5 6 8 10
1333 5 0 2 7 8 9
1056 1 2
1245 3 3 7 10
1699 4 0 2 7 10
1209 1 1
563 1 6
529 5 0 1 2 9 10
1685 5 1 2 3 6 9
1139 4 0 2 6 8
1853 5 0 3 8 9 10
1858 3 0 5 6
962 3 2 4 7
1678 2 1 9
1083 3 5 8 9
477 2 0 8
1130 1 1
543 4 2 4 6 10
516 1 2
1767 1 0
788 1 7
650 1 2
1951 2 7 8
1051 2 8 9
727 1 8
55 2 0 6
953 2 0 5
1193 2 1 4
65 4 1 5 7 8
213 3 0 1 3
1926 1 9
861 2 2 7
380 3 2 6 7
478 2 4 10
765 2 3 9
839 4 1 6 8 10
1114 3 3 4 6
1717 2 3 8
1918 1 10
908 2 2 7
1400 1 8
1327 2 4 7
1681 2 1 8
557 2 0 5
1101 2 0 6
723 3 0 1 3
1878 4 1 2 6 8
1779 3 2 4 5
179 4 1 8 9 10
1580 4 2 4 6 7
1761 2 5 8
1999 2 5 9
1719 1 1
1221 3 1 4 9
884 3 0 6 10
1293 2 3 8
70 2 2 4
1872 3 3 5 10
193 2 0 9
1424 2 0 4
1461 4 0 5 7 10
1202 1 9
1831 2 5 10
1128 3 5 6 8
1667 2 4 5
1813 2 6 8
1626 1 10
206 1 2
1188 4 4 7 9 10
1469 3 2 6 7
1808 5 1 2 6 7 9
251 3 4 6 8
589 2 8 9
1716 2 3 7
1975 3 0 3 8
42 2 0 5
203 1 0
1176 4 0 3 4 7
192 2 1 7
301 1 4
621 1 8
166 2 4 6
1110 3 1 5 8
977 2 7 10
1709 3 0 5 9
343 2 2 8
1720 3 3 5 7
862 2 8 9
1559 1 7
946 1 10
299 3 0 7 10
1122 2 2 6
513 2 2 6
1311 5 1 4 6 7 10
854 3 4 5 9
1630 2 4 6
548 4 0 4 7 8
1930 3 0 2 4
498 2 4 10
744 3 1 5 6
1029 8 1 3 4 6 7 8 9 10
61 3 2 4 7
1942 3 1 3 4
369 3 0 1 8
1562 3 2 4 8
279 2 0 4
457 2 3 7
1887 3 2 8 10
521 4 4 6 7 9
266 1 8
495 3 0 4 8
1434 3 2 4 9
1353 4 0 2 4 7
1700 4 1 3 7 9
1997 2 1 7
978 6 0 1 2 6 7 10
146 2 0 1
366 3 0 1 8
138 5 0 1 4 5 7
657 1 4
492 4 2 4 6 7
1799 2 1 6
1763 3 5 8 10
384 1 3
643 1 7
412 3 2 4 9
1848 4 2 5 6 8
1004 3 3 7 10
1945 5 0 3 5 6 8
1621 1 10
287 1 10
1655 2 5 9
1973 2 4 10
1587 2 3 7
1224 2 9 10
624 2 0 2
415 2 1 9
711 1 4
1402 4 0 2 6 9
1452 4 2 4 7 9
393 1 2
215 4 1 2 5 8
1952 3 2 7 8
5 2 1 7
263 2 5 7
1410 2 8 10
162 1 5
682 2 3 9
474 3 0 3 10
666 3 1 8 10
1331 3 3 4 7
982 1 2
1146 2 3 7
1085 2 0 6
1282 2 0 9
599 2 1 7
561 2 4 9
1126 6 0 1 2 3 7 8
268 2 0 7
305 1 7
1259 2 3 5
745 1 6
1927 3 0 3 6
180 4 2 3 7 10
879 1 7
1902 5 0 2 5 8 9
556 4 1 2 5 9
311 1 4
1674 1 4
357 2 2 8
1324 4 2 3 8 10
675 4 0 4 5 10
1991 4 1 3 6 10
1765 3 3 4 8
693 2 0 5
1770 2 3 6
780 1 5
1558 5 2 3 5 6 10
1650 4 2 3 5 9
1026 1 5
695 4 2 4 5 6
3 2 5 9
1882 4 4 5 6 10
1392 2 0 9
1455 6 1 2 4 5 8 9
356 4 3 4 7 8
102 5 1 2 5 6 9
510 4 0 5 7 10
1585 3 0 6 8
17 1 8
1138 1 6
350 5 1 2 5 6 7
1870 4 0 4 6 9
1672 4 3 5 6 7
595 2 4 10
817 2 4 10
746 2 6 7
1843 2 0 2
1564 1 10
1355 1 7
25 2 8 9
1696 3 2 5 8
1919 3 2 4 9
1481 1 0
318 4 3 6 8 9
590 2 6 7
1476 1 8
68 1 1
36 2 1 2
1010 3 0 1 3
1277 4 0 1 5 10
148 1 1
345 2 1 5
226 2 0 8
1703 4 0 5 6 8
1884 3 0 4 8
1483 2 7 10
272 7 0 1 3 4 5 8 10
1992 4 2 3 9 10
234 2 5 6
347 4 0 4 7 10
1025 2 2 5
1599 1 9
931 4 3 6 9 10
1426 5 3 5 6 8 9
9 5 2 3 4 6 10
387 1 0
1671 2 2 10
367 2 0 10
302 2 3 10
1379 3 1 3 9
1451 3 0 7 10
626 2 2 3
218 2 7 8
1922 2 1 4
377 2 1 5
1012 3 0 4 9
1915 1 0
892 2 8 9
46 2 1 5
1008 3 0 2 4
1838 2 3 9
258 2 4 7
186 1 6
575 2 3 4
654 1 6
1376 4 5 7 9 10
1152 3 1 5 8
1785 2 1 8
105 2 2 6
981 4 4 6 7 10
456 3 0 1 4
553 1 9
1875 4 1 3 4 10
859 5 1 3 6 7 10
1494 3 5 6 9
184 3 0 2 4
1642 3 0 4 7
686 2 4 10
1062 2 0 4
1800 2 6 8
916 2 0 6
1955 4 2 5 6 9
200 4 1 6 9 10
1805 2 4 7
363 2 0 8
919 1 6
1416 3 4 5 7
1514 4 0 2 6 8
1350 2 1 7
747 1 1
585 1 5
1931 2 4 7
1659 3 3 6 8
822 1 9
1229 4 3 4 5 8
1162 3 0 7 9
1978 1 9
793 4 3 4 5 10
1255 1 5
246 3 2 5 9
677 4 3 4 5 9
437 3 2 4 8
1370 2 2 10
1057 4 0 4 6 7
1809 4 0 1 3 9
1296 2 0 9
687 3 5 7 10
912 3 2 3 8
1796 2 1 8
291 3 2 3 5
532 3 6 7 9
1748 2 2 3
579 4 4 5 6 10
1487 8 0 2 3 4 5 7 9 10
1263 3 2 3 10
1225 2 0 2
406 2 0 9
1097 2 6 9
815 3 0 3 5
731 4 0 3 4 7
1335 4 0 3 6 8
1280 2 5 8
845 3 4 9 10
1155 3 5 7 9
1295 4 5 7 9 10
449 3 1 3 4
547 4 5 7 8 9
489 2 2 4
1832 1 0
59 2 3 4
1468 3 5 9 10
1781 4 2 3 9 10
458 4 2 4 7 8
622 3 3 5 8
1921 2 6 10
1284 3 0 1 2
607 3 1 4 10
777 3 1 6 7
1666 2 7 9
891 4 4 5 6 7
1096 4 0 2 3 4
1367 3 1 6 10
1072 2 0 7
1222 2 5 8
1909 2 5 9
1812 2 2 3
1087 2 8 9
933 3 2 6 8
692 2 7 8
950 3 0 2 8
1561 3 2 5 10
1962 4 3 7 9 10
915 2 0 1
929 2 3 9
1242 4 3 4 5 7
577 3 1 6 9
565 3 4 6 10
1851 2 0 5
1120 3 0 3 7
526 4 3 4 6 9
507 4 2 5 6 9
1693 1 2
1598 4 0 3 7 10
1173 3 2 3 10
66 3 0 4 7
702 2 3 4
596 3 2 6 8
1791 2 8 9
707 4 1 3 9 10
672 3 2 4 10
1578 5 2 5 8 9 10
717 3 1 8 9
928 3 1 5 6
606 1 0
1399 2 7 10
927 5 0 2 6 8 10
1047 1 0
755 1 7
587 4 0 2 3 7
1017 4 0 4 9 10
1326 5 0 4 5 7 9
1013 4 0 2 5 9
1839 3 0 2 10
1961 1 10
761 3 2 4 7
1041 5 2 4 7 8 9
1499 2 4 10
986 1 3
1751 2 6 8
368 2 3 8
1916 6 0 1 3 4 7 9
1038 4 3 5 9 10
1305 4 2 3 5 7
789 3 1 2 8
454 4 0 4 6 9
844 3 1 4 6
1489 4 1 2 4 8
1480 2 3 5
130 2 1 10
1000 7 1 2 3 4 5 9 10
1573 6 1 3 4 5 7 10
1994 3 6 7 9
1016 5 0 1 5 6 8
1031 3 0 2 3
1279 5 2 4 5 7 8
47 4 3 6 7 10
1158 1 10
888 4 1 3 4 10
939 3 3 6 10
1866 5 2 3 4 5 10
1633 4 0 1 2 6
1488 1 3
1447 2 5 6
955 3 1 4 7
1957 1 10
432 3 3 5 8
1190 5 1 3 4 5 7
1913 2 9 10
1830 2 1 2
1065 2 4 10
1708 3 2 8 9
1829 3 3 4 10
297 3 0 1 7
1815 1 8
1698 3 0 8 10
1453 2 8 10
446 6 0 1 4 6 9 10
1440 3 1 6 9
1378 3 5 6 10
94 2 9 10
1377 4 1 3 5 9
1707 5 0 2 3 4 7
1136 4 2 3 8 10
1464 1 7
1837 4 1 3 8 9
796 6 0 1 3 6 8 9
1076 2 5 6
1308 2 0 6
1049 2 7 10
1937 3 2 7 10
1253 4 2 3 9 10
101 2 3 7
855 3 2 5 9
671 1 10
154 1 5
1602 2 0 4
1750 5 1 2 5 6 10
1414 3 4 5 10
339 1 4
645 1 7
1988 2 6 8
317 5 0 1 5 6 10
820 3 1 5 6
665 2 6 10
1773 3 2 4 7
653 4 6 7 9 10
145 2 8 9
1987 3 2 7 8
1413 3 0 3 10
243 7 0 1 2 4 5 6 9
124 2 1 8
997 4 0 1 2 4
92 3 2 4 6
129 2 9 10
1526 2 3 10
1325 1 2
466 2 1 2
896 4 1 7 8 10
1211 3 1 4 8
388 1 4
1341 4 6 7 8 9
288 2 0 3
273 6 0 2 4 6 7 9
1664 1 4
385 2 8 9
1441 3 0 5 10
726 1 6
1363 4 0 6 7 10
544 2 0 10
1492 3 2 4 6
433 2 5 8
1892 1 4
320 2 3 4
1981 2 9 10
1432 3 5 6 7
469 2 5 9
1532 1 3
1541 3 3 5 6
699 3 3 7 8
352 2 0 3
583 1 9
540 1 10
609 4 0 3 7 9
225 4 0 4 6 7
1749 4 1 2 6 8
733 3 1 5 6
196 2 4 10
1185 5 0 2 4 5 7
1908 3 0 1 7
878 2 0 5
207 2 2 6
1290 6 0 2 3 5 7 8
1897 3 3 6 8
1865 2 5 6
134 3 0 7 10
427 2 1 9
1397 2 6 9
798 1 2
1795 6 0 1 5 6 7 10
310 2 1 3
846 2 2 6
420 2 4 5
868 3 0 2 6
1609 2 5 8
1479 2 1 2
813 4 1 2 9 10
776 2 0 9
435 3 2 4 8
418 1 8
38 4 0 4 6 7
260 3 1 6 7
1579 2 3 10
528 2 8 10
271 3 3 7 10
748 7 0 2 3 5 6 7 10
1603 3 0 5 8
1871 3 0 9 10
684 1 1
1150 4 3 4 5 6
1439 6 1 2 3 6 7 10
188 1 10
1415 2 9 10
569 3 4 5 8
1266 2 5 6
1846 2 0 3
88 1 5
278 2 1 5
1783 1 0
1307 3 4 5 6
1046 3 4 5 10
808 1 0
1107 2 0 8
293 4 3 6 8 10
294 2 2 6
151 3 1 2 6
24 2 7 10
730 4 1 3 8 10
56 3 3 8 10
428 4 0 2 3 9
231 4 0 2 3 4
51 3 2 3 10
1917 1 3
669 2 6 8
949 2 8 10
374 2 2 6
536 3 1 4 7
14 2 1 5
298 6 0 1 2 3 6 7
239 2 0 5
1986 3 5 6 10
1470 6 1 5 6 8 9 10
1007 2 1 7
1422 4 0 5 7 8
8 1 8
758 3 2 3 6
1551 2 4 7
1228 3 2 7 9
566 4 1 3 5 6
902 2 4 6
44 4 1 3 4 10
1357 2 2 10
925 2 2 8
1964 2 0 1
1342 1 0
80 2 0 9
277 3 0 2 10
1334 1 8
841 3 4 6 10
443 3 5 6 9
1213 2 5 7
1741 1 8
1967 6 0 2 5 6 8 10
958 1 5
227 3 2 5 7
1019 5 1 2 5 8 9
334 5 1 2 4 6 10
6 3 0 4 6
1760 4 2 4 7 8
1676 4 2 8 9 10
467 2 0 4
637 1 1
1462 2 2 4
1403 1 0
612 5 0 3 5 6 10
1482 2 3 8
1793 3 2 6 9
53 3 1 7 10
1258 3 2 5 7
1467 1 10
741 6 0 2 4 6 8 9
1140 1 9
819 4 0 4 5 8
876 3 1 4 5
1722 2 4 6
1679 1 4
209 3 1 4 5
240 2 1 4
1542 1 7
1702 1 10
1181 1 10
1993 2 4 9
1117 3 4 8 9
661 3 1 3 9
185 3 2 7 9
245 4 0 1 4 9
244 2 0 8
869 3 5 7 8
689 2 7 10
801 3 0 1 8
512 1 5
499 1 4
1411 1 10
1548 2 5 7
1082 2 3 7
1508 2 0 5
104 3 4 5 10
1501 3 6 7 10
249 5 0 2 5 9 10
371 1 10
1806 5 1 2 7 9 10
715 1 1
1473 5 0 2 7 9 10
1637 3 2 4 8
429 1 7
1145 6 1 3 5 7 9 10
219 3 0 2 7
471 3 2 6 10
241 2 5 6
1540 2 3 5
156 4 1 4 7 10
999 4 0 3 6 10
1687 1 2
1965 4 0 2 4 6
1647 1 0
799 5 0 3 5 6 10
77 1 4
1268 3 0 7 9
1546 6 0 1 3 6 7 8
1589 3 6 8 10
1292 3 1 5 9
1658 1 8
522 3 1 3 8
1939 3 2 3 5
1733 2 7 9
1055 2 0 7
630 2 1 7
923 2 2 7
1365 1 6
323 6 1 2 3 5 7 8
1079 5 2 4 8 9 10
197 2 0 1
1739 3 5 6 7
1081 5 2 5 8 9 10
83 2 3 6
901 1 7
882 3 4 9 10
1776 3 3 4 8
1471 1 1
843 3 0 6 7
1238 1 2
620 2 4 7
448 4 0 2 8 9
1563 3 2 3 5
283 1 7
1534 2 7 8
1914 1 5
648 2 6 9
1239 3 0 3 9
1204 2 4 5
1474 2 2 7
459 4 0 2 4 8
1356 1 4
355 2 0 7
276 2 4 5
1652 5 1 3 5 6 7
87 4 0 2 5 6
880 1 8
1753 5 1 2 3 4 10
1412 3 4 5 6
1093 4 0 2 4 8
1443 1 4
416 4 1 4 7 8
628 3 1 2 8
1690 4 4 6 8 10
1498 3 0 5 8
1584 3 2 3 5
1393 4 3 6 8 10
1283 4 4 6 8 10
952 3 3 8 9
1048 3 5 7 8
1823 2 5 8
1670 4 0 2 5 6
442 2 1 3
1153 2 1 9
1784 3 1 2 3
739 1 7
161 3 0 7 8
392 2 2 3
785 2 3 5
1868 2 3 10
1891 3 7 9 10
123 2 2 10
694 3 2 4 6
1466 1 5
431 2 3 9
967 5 1 3 4 5 9
1538 4 0 3 7 9
1625 5 0 2 5 6 7
1435 3 3 5 9
922 2 3 9
1714 2 6 10
870 2 1 5
1826 1 2
836 4 1 3 4 7
975 1 5
504 2 2 9
21 3 2 3 9
1250 3 4 7 9
905 2 0 5
1002 3 1 4 10
1936 3 2 3 8
1970 2 3 7
1747 3 1 2 5
1675 3 2 5 8
452 2 1 10
1207 1 1
1421 2 0 7
1095 2 3 4
479 8 0 1 2 3 4 5 6 7
1109 3 3 4 10
110 5 1 4 6 9 10
995 1 10
98 3 3 5 8
942 1 1
1137 4 1 5 7 8
198 1 3
1990 1 8
848 1 10
391 4 0 2 3 6
2 1 9
1622 1 10
1316 3 4 7 10
1958 2 0 8
103 3 1 7 8
1565 3 0 9 10
1660 1 4
52 3 7 8 10
201 4 1 4 7 8
375 3 1 4 8
155 3 0 2 5
992 1 7
1478 3 0 6 7
439 2 1 2
1080 2 0 8
1059 4 0 1 4 7
72 3 3 6 9
1287 1 2
527 2 0 10
128 5 1 2 6 7 9
1436 2 0 6
1154 4 0 4 6 10
264 2 7 9
1849 4 1 7 9 10
286 2 3 6
23 3 4 7 8
1423 5 0 1 4 7 10
1729 3 0 1 9
984 2 3 10
709 4 4 5 8 10
1889 6 0 1 3 5 6 7
341 1 5
1338 2 4 10
701 3 0 4 7
158 1 1
1730 5 0 1 4 7 9
1299 2 3 5
1449 4 3 5 8 9
144 3 1 6 8
1340 1 6
783 3 2 7 10
274 1 10
1330 5 1 2 4 8 10
1881 6 1 2 4 5 9 10
269 4 2 6 8 9
1547 2 5 6
586 1 4
1044 2 1 10
1042 1 6
1472 2 1 3
1134 5 0 4 7 9 10
1582 3 1 3 6
381 5 0 3 4 6 9
480 2 5 9
668 2 7 10
1132 5 0 3 5 7 8
1157 1 0
1302 5 2 6 8 9 10
1309 4 0 6 9 10
252 2 7 9
1509 2 5 6
1752 3 2 3 4
315 3 5 7 10
126 2 0 8
1027 2 1 5
316 1 2
690 2 0 6
1645 3 2 3 10
100 3 3 5 9
1811 2 2 8
1502 3 0 1 5
372 2 0 7
81 1 7
1199 1 2
660 2 1 9
1490 1 9
210 2 0 9
832 6 1 2 3 8 9 10
1901 1 3
254 2 8 9
1539 5 1 2 5 7 9
1236 5 0 5 7 8 9
1920 2 9 10
230 1 10
1300 3 2 8 10
1166 2 3 7
333 2 6 10
1651 2 1 3
400 3 2 5 8
112 3 1 3 6
708 2 1 6
1115 4 0 1 2 10
109 3 1 2 8
1285 3 1 3 8
1873 2 0 4
781 2 2 10
1260 3 4 6 8
825 1 2
1517 2 2 6
1963 4 0 7 8 10
988 1 8
1649 3 1 6 9
530 4 1 5 9 10
1555 2 2 6
1160 2 0 6
438 2 3 5
771 5 0 3 7 9 10
1084 2 9 10
1223 1 4
1099 5 2 3 4 5 9
1896 3 4 7 8
121 2 4 9
816 3 0 2 7
910 2 1 2
797 3 4 5 9
1706 2 2 4
1923 2 7 8
220 2 1 5
216 1 0
829 4 1 6 8 10
1442 1 9
1175 2 1 6
574 2 0 2
1985 2 1 10
1766 4 1 5 6 8
1345 2 0 9
1601 2 1 6
171 2 4 6
1071 3 0 6 8
1271 4 1 4 8 10
1593 2 2 6
496 2 2 5
610 2 0 1
267 1 6
1187 1 6
71 3 4 6 7
1833 4 1 4 6 9
1910 4 0 4 5 9
1746 2 3 7
1643 4 1 2 6 9
947 2 4 8
1417 3 0 5 10
1272 3 2 9 10
1899 4 5 6 7 9
1332 2 1 8
639 1 6
359 1 10
1418 2 5 7
710 3 1 2 7
205 5 2 4 6 7 10
523 2 4 9
1788 1 10
552 1 3
973 1 6
1607 1 7
295 3 5 6 10
1818 2 2 6
1816 3 0 5 10
461 1 10
482 1 10
401 1 3
441 3 4 6 9
35 4 2 6 7 9
1192 3 2 6 7
564 4 2 4 7 9
1640 2 4 9
1294 2 5 6
673 2 0 7
50 2 0 10
1695 2 3 6
342 4 1 2 5 6
1061 1 7
1387 1 9
895 2 2 8
571 3 1 4 7
1553 3 7 8 9
1111 4 1 3 4 5
1121 1 2
1577 4 3 4 6 10
1248 3 3 5 9
1240 5 0 2 3 4 6
863 3 4 6 7
417 1 9
735 2 1 8
1941 2 1 7
1351 2 6 9
1369 3 0 1 8
309 2 2 8
1098 3 2 7 9
502 3 0 3 8
307 3 0 2 3
312 2 2 5
900 4 4 5 8 9
1777 6 0 3 5 6 9 10
875 1 6
688 3 2 7 10
1536 1 8
718 3 2 4 6
635 2 0 3
1507 1 7
886 4 3 4 5 7
1124 4 5 8 9 10
376 2 3 4
172 3 3 5 10
1653 4 3 5 6 10
1278 1 7
1644 2 4 7
1167 3 5 6 8
1520 3 2 3 6
386 3 0 5 10
640 5 1 3 6 8 9
54 3 3 5 7
1043 3 0 5 9
960 3 0 7 9
1495 2 2 10
1820 4 5 7 8 9
1944 3 2 7 9
15 1 7
1581 2 0 8
211 3 1 4 6
1064 2 1 6
1898 2 0 6
873 1 0
208 3 2 6 10
1113 2 2 10
127 4 3 4 7 10
1535 3 0 2 7
1646 2 0 9
1792 4 0 5 6 7
408 2 4 10
1216 4 2 3 8 9
807 3 3 4 9
1267 4 0 5 6 10
175 2 8 9
1322 2 2 4
163 1 6
285 4 2 6 8 9
990 3 0 4 9
257 3 4 5 7
348 3 1 7 9
1629 1 1
189 6 2 3 4 5 7 9
1949 3 2 3 10
1924 2 1 5
1306 4 0 2 6 9
1570 3 4 7 10
1058 1 0
19 2 1 7
1859 3 3 6 10
1063 3 3 6 7
1734 3 3 7 10
85 2 1 8
63 2 0 6
667 3 2 3 7
576 2 3 7
12 2 2 7
117 3 1 3 7
570 3 1 4 6
468 1 6
1315 2 2 3
1328 6 1 2 4 5 8 9
656 3 3 5 9
759 1 9
1347 2 2 5
1877 1 2
1631 1 4
751 1 2
514 2 1 4
970 4 5 6 7 9
1156 2 0 1
114 2 9 10
716 3 2 4 10
1600 4 0 2 5 9
804 4 1 3 5 7
1745 4 0 6 7 8
1050 1 6
1556 3 3 4 9
938 3 0 5 6
1525 2 0 3
542 2 3 8
1566 4 0 3 5 8
525 5 4 5 6 7 9
1102 3 1 6 9
593 2 5 6
168 1 7
1348 1 6
422 2 5 6
84 7 0 1 2 3 4 5 10
866 4 0 3 5 6
1863 1 5
1844 4 0 1 4 5
1231 2 4 7
1404 3 3 7 8
1804 3 2 7 8
399 2 3 7
634 5 0 1 5 8 10
1929 1 3
1301 1 4
1907 3 1 4 9
581 1 1
1090 2 2 3
27 3 0 1 10
1089 2 9 10
370 1 5
423 4 0 1 3 8
1329 3 2 4 8
1677 3 1 2 5
248 3 3 4 9
1736 1 3
890 3 2 3 8
1269 1 1
572 4 0 3 9 10
262 5 0 1 2 3 4
782 2 5 7
1108 3 3 6 9
987 2 3 5
1697 2 4 6
636 2 5 8
1191 5 0 1 5 7 10
1177 2 6 8
1205 2 9 10
1686 1 9
1390 1 3
642 4 0 1 5 6
700 1 10
728 2 4 10
1529 4 1 2 3 8
1164 3 1 3 4
491 4 2 6 7 8
1380 1 7
1841 3 2 4 8
1105 2 7 9
378 4 2 4 6 8
1814 5 2 3 5 6 8
1125 1 2
584 5 1 4 5 7 8
511 1 1
235 1 8
1431 2 7 8
616 5 1 7 8 9 10
1180 2 0 2
255 1 9
724 3 1 2 4
1557 4 2 3 7 10
1408 4 1 5 6 10
360 3 1 2 8
1663 3 6 7 10
414 3 4 8 10
402 3 6 7 8
69 2 0 5
904 2 8 10
67 1 6
519 2 4 8
752 1 4
465 3 0 3 5
1320 2 3 6
794 3 1 6 9
706 6 0 1 5 6 7 9
1575 3 0 2 4
1592 2 3 10
991 4 0 6 9 10
396 2 0 4
1632 2 2 10
778 3 2 7 10
1995 3 0 4 6
1836 2 2 5
1135 3 3 9 10
1237 4 0 1 6 9
181 1 7
217 4 1 4 7 9
562 3 2 9 10
394 1 9
1528 4 0 1 8 10
578 5 0 1 3 7 9
906 3 7 8 9
20 8 0 1 2 3 4 5 7 8
107 1 1
460 3 4 5 6
1194 3 2 5 10
1996 4 2 5 7 8
1243 3 1 6 7
920 1 2
403 2 3 4
860 2 8 10
118 3 5 7 8
779 3 1 5 10
539 3 2 9 10
1794 5 2 3 8 9 10
963 1 10
1934 2 7 10
546 2 2 7
680 3 1 4 6
119 5 0 4 5 9 10
601 2 3 10
365 5 0 1 3 7 10
722 2 6 10
1807 5 2 5 6 8 9
1375 1 9
1984 1 8
284 4 5 8 9 10
282 2 6 7
1605 3 1 4 5
1725 5 0 1 4 7 9
99 4 1 4 6 7
1234 3 3 6 8
351 4 1 3 4 9
602 2 4 9
725 5 0 3 4 6 10
1184 3 5 8 10
1712 2 5 7
948 1 5
1163 3 0 1 2
1527 4 1 2 5 6
537 2 2 9
729 3 7 8 9
1303 3 5 7 10
292 3 3 6 7
809 1 5
1429 2 1 3
1946 4 1 7 8 9
1636 2 5 9
250 2 4 10
784 2 5 10
1450 2 3 6
1262 3 4 6 10
1571 1 8
1208 2 5 6
364 3 1 4 10
972 1 2
840 1 9
1312 1 7
615 1 5
1276 4 2 6 8 9
1372 3 3 6 10
1518 3 2 6 7
1531 3 0 2 7
818 1 6
1768 2 8 9
1075 3 0 4 7
712 3 0 8 10
1972 6 0 5 6 7 8 10
651 4 0 1 4 10
202 3 0 9 10
1360 3 4 5 9
773 3 0 3 9
1888 5 0 4 5 6 9
1893 5 0 3 6 8 10
1171 5 0 1 2 4 8
1349 1 7
95 4 1 3 5 8
1373 1 10
768 4 2 5 9 10
1634 2 6 10
1003 1 1
49 2 4 8
1835 1 8
1928 3 3 4 5
1078 1 3
1273 3 0 2 10
976 4 0 1 6 9
1613 1 1
1821 2 1 10
1516 2 0 2
346 2 1 10
1094 2 1 10
1810 2 0 7
1445 3 0 3 5
1006 2 1 5
195 3 2 4 6
1523 3 4 5 10
619 1 1
1583 2 4 10
11 2 6 7
1705 4 2 5 8 9
322 3 2 5 6
1247 2 6 10
698 3 4 7 10
1519 5 0 3 4 5 6
1867 3 1 4 8
444 3 4 5 10
1200 1 10
549 1 7
1874 2 2 7
1246 5 0 1 4 5 7
1726 2 7 9
1723 2 5 6
1226 2 2 8
1297 1 5
704 4 2 4 5 7
13 3 0 1 5
493 3 6 7 9
1948 3 3 5 7
719 1 2
18 4 5 6 8 10
1569 2 3 10
791 2 4 6
1362 2 1 5
1201 3 1 7 10
520 6 0 1 3 6 7 8
1217 5 0 1 3 8 9
143 4 0 2 9 10
361 5 0 1 2 5 6
940 1 8
1801 5 0 1 5 6 7
1359 2 0 6
1825 1 1
1819 2 4 7
826 7 2 3 4 5 6 9 10
1383 3 1 3 10
795 3 1 8 9
1895 4 1 4 6 9
1491 3 3 5 6
1974 3 2 4 6
1742 2 1 3
1728 4 1 3 5 9
1608 3 2 6 9
974 4 0 6 7 8
611 1 3
1077 3 5 7 10
488 1 0
132 2 1 4
1560 3 1 2 8
1738 2 2 4
538 3 1 5 7
1005 3 1 2 9
382 3 7 8 10
1067 3 5 6 7
1612 3 1 3 5
1409 3 2 6 10
1619 2 0 8
152 5 1 3 4 5 8
1463 2 5 10
34 3 1 3 10
1572 2 0 7
560 2 4 8
1014 2 7 8
1515 4 4 5 6 7
1778 7 0 2 4 5 7 8 10
236 2 8 10
228 2 1 8
1 3 0 2 5
60 6 1 3 4 8 9 10
78 2 5 7
1511 2 6 10
1148 6 1 2 4 5 7 9
550 1 4
183 4 1 3 6 9
147 5 0 3 5 6 7
1604 3 1 2 3
1321 4 2 4 8 10
1932 2 1 2
1682 4 1 6 7 8
500 1 8
4 6 1 3 4 7 8 10
1790 4 0 5 7 10
756 2 6 10
497 1 0
555 3 2 9 10
1374 4 0 6 7 9
806 3 3 9 10
852 4 0 2 6 10
1066 2 2 3
1337 3 0 1 5
1015 4 2 3 4 8
834 3 1 8 10
194 1 5
662 3 2 6 9
1496 3 4 6 9
1210 2 1 2
1475 6 2 3 6 7 8 9
909 3 1 7 8
644 1 4
313 3 0 3 5
1394 4 4 5 8 10
1343 5 0 1 3 7 10
750 2 1 8
533 3 3 5 9
176 4 1 4 8 9
1385 4 5 6 8 9
1030 2 5 9
43 2 0 10
1022 1 1
426 2 5 6
1310 4 3 5 6 7
936 2 0 1
1774 1 4
308 2 5 6
681 2 0 4
1088 5 2 3 8 9 10
847 2 1 10
1116 2 5 7
1654 4 1 3 6 7
97 3 2 6 7
1104 1 6
337 2 4 5
518 4 0 1 2 4
1856 1 1
1144 2 1 8
951 1 3
597 2 3 4
1869 1 0
191 2 9 10
1420 3 1 2 6
1845 3 0 1 5
190 2 2 7
934 1 5
177 3 1 4 10
16 4 1 2 6 7
1339 4 2 4 6 10
173 3 0 2 8
1594 2 0 3
1371 1 2
655 1 4
30 2 2 8
889 3 0 2 3
229 3 3 8 10
1976 4 0 2 4 9
405 5 0 1 2 9 10
1713 1 8
790 5 4 5 8 9 10
1313 2 1 9
1241 2 1 8
113 3 1 3 7
390 2 4 10
475 5 4 6 7 9 10
1947 4 2 6 7 8
383 2 1 4
1037 4 2 5 6 7
1389 1 2
149 4 2 5 7 9
182 3 1 2 8
1053 2 7 9
598 4 0 2 3 7
1521 1 6
1275 1 5
1840 3 0 5 10
851 3 4 8 10
22 2 4 8
224 3 0 3 10
1251 3 0 4 10
515 3 2 3 8
721 3 2 3 9
685 2 0 5
1151 3 4 5 10
800 2 0 10
1876 1 10
1786 6 0 2 4 5 6 9
142 2 0 6
1289 3 7 8 9
1648 1 2
62 2 5 6
1147 3 1 3 4
1590 1 2
445 2 2 6
993 1 1
703 3 4 5 10
1684 4 3 4 6 8
1905 3 3 4 9
379 2 3 4
115 4 0 1 4 8
1143 4 1 6 9 10
775 2 7 9
331 3 4 7 9
1665 3 5 6 9
592 3 1 7 8
1780 1 2
505 3 4 5 9
1953 5 3 4 5 6 10
1254 3 1 7 10
1274 4 4 5 7 9
964 2 0 2
1980 3 3 4 8
1133 3 6 7 9
913 1 0
373 3 1 4 7
1628 3 3 5 9
754 1 0
1855 5 2 4 5 7 8
1938 1 2
1834 2 3 8
1959 4 2 4 7 9
1683 3 0 9 10
1459 3 1 6 7
1252 2 5 8
897 4 0 7 9 10
887 1 7
1219 3 3 7 8
1743 2 2 7
1943 2 3 8
1885 3 1 2 4
1817 1 2
411 1 0
330 5 0 2 3 6 8
1568 2 6 7
139 3 3 4 5
1510 2 4 6
407 2 1 6
1639 5 2 3 4 6 8
664 4 6 7 9 10
1391 2 4 9
1550 4 0 3 9 10
1206 2 3 5
941 2 5 7
486 3 2 6 10
1215 3 3 4 5
0 1 6 1 8 2 9 5 8 9 5 2 8 6 5 1 5 0 7 0 10 6 3 5 5 3 4 8 9 8 10 10 1 8 9 6 1 7 3 0 1 2 3 6 5 7 5 1 4 9 2 0 0 0 6 8 1 4 6 1 0 7 4 7 9 9 8 3 4 6 1 9 4 0 0 4 5 1 10 8 8 2 0 7 8 6 6 3 2 0 2 9 7 0 7 3 1 9 4 5 8 2 7 2 9 2 2 5 10 5 9 5 4 9 9 7 10 7 4 4 6 4 0 5 9 2 5 6 3 1 3 1 10 3 2 4 5 2 6 8 10 8 10 10 7 5 5 4 0 3 6 3 8 3 2 0 4 9 10 10 3 9 9 8 7 6 2 10 4 9 6 0 1 10 10 2 2 3 8 8 2 3 10 2 8 2 4 0 4 4 6 0 3 10 3 7 1 0 3 7 5 5 10 6 3 4 10 10 1 9 7 8 7 5 0 0 10 1 4 0 8 8 10 9 2 4 5 4 0 0 1 9 3 9 5 3 1 2 5 3 5 4 1 4 8 6 1 5 6 5 3 8 6 6 10 6 9 9 1 3 8 10 2 10 4 8 9 9 7 1 8 3 0 1 0 8 10 4 6 4 1 7 5 7 0 2 8 8 4 3 0 4 8 0 8 9 4 5 2 10 1 4 5 9 0 5 5 4 7 3 4 9 6 1 3 7 0 2 8 5 3 8 7 1 7 0 8 6 4 3 7 6 8 9 9 7 4 4 6 0 0 9 9 0 0 10 2 0 5 2 6 3 1 6 1 7 5 4 3 9 10 1 5 1 3 2 5 3 3 9 9 0 9 9 10 4 1 8 10 6 1 2 4 7 2 10 0 6 6 7 7 9 5 2 4 5 10 10 2 8 6 8 4 6 9 9 3 4 4 6 6 5 10 2 7 0 5 3 9 1 7 3 0 8 8 9 2 5 5 8 9 1 6 8 10 5 4 6 4 3 9 5 6 5 9 6 6 2 4 8 10 10 5 6 9 0 5 3 5 6 4 10 8 5 5 4 7 6 5 10 1 2 4 9 6 4 10 10 5 9 8 8 0 8 8 10 5 3 2 2 8 4 6 6 1 3 1 6 4 4 8 8 5 4 4 10 0 10 1 1 9 6 6 8 5 8 1 4 0 5 8 2 5 0 6 4 7 7 6 6 4 0 9 3 10 10 3 2 10 1 0 3 1 3 9 6 7 7 7 3 6 6 9 1 3 9 7 6 1 3 6 7 7 5 1 6 8 8 5 5 7 4 10 3 5 2 3 0 4 3 5 9 6 5 8 8 2 1 1 8 7 7 0 5 0 7 0 7 4 7 2 2 2 4 7 0 0 0 2 1 0 6 6 8 7 5 4 9 4 0 2 3 7 5 2 3 8 8 0 5 10 2 10 6 2 7 10 3 3 1 4 2 3 9 4 0 3 8 9 6 3 4 6 0 2 9 0 5 9 8 3 4 1 6 3 4 1 1 5 8 5 0 6 4 9 0 5 8 5 8 1 4 7 8 9 7 5 8 10 3 10 0 4 2 10 2 6 7 4 1 5 9 1 1 0 0 4 10 6 4 8 2 7 4 0 3 5 9 2 3 9 2 6 5 8 0 3 6 0 5 10 5 3 7 7 9 6 3 6 6 5 7 8 6 2 2 0 3 4 7 3 1 0 5 3 7 4 9 2 7 6 6 5 4 0 10 6 10 7 1 6 3 4 3 9 5 7 10 0 6 5 6 4 5 2 5 7 2 3 7 0 1 4 2 9 4 7 10 8 9 6 2 5 1 4 3 8 2 1 4 2 0 4 9 9 0 0 7 6 1 8 9 9 8 7 9 2 2 2 4 5 9 3 1 9 9 10 5 10 4 3 2 4 7 7 1 0 2 3 3 7 8 3 0 1 3 2 1 0 6 0 4 10 0 1 7 1 10 10 0 7 4 4 3 2 2 6 1 9 5 4 8 9 8 7 8 6 8 2 6 10 4 10 7 8 7 4 8 6 7 8 2 0 9 10 1 7 0 1 4 8 9 1 0 10 6 8 6 5 9 2 3 0 2 7 2 6 5 2 4 2 5 2 2 1 8 1 10 0 9 6 10 10 4 4 3 10 5 2 8 6 8 8 5 5 5 9 10 2 1 4 4 3 6 2 10 0 4 2 1 10 4 7 1 4 3 6 6 0 7 7 9 1 9 0 3 1 0 10 7 2 7 0 4 3 10 10 9 7 3 9 3 7 0 6 6 2 2 3 4 7 7 7 4 10 8 6 9 5 8 6 7 2 1 6 8 5 7 0 3 5 5 2 6 0 0 7 0 3 4 7 10 7 10 0 2 7 9 8 5 6 5 5 10 5 6 8 9 5 8 5 8 3 4 1 9 6 0 5 4 7 0 0 4 2 4 6 7 0 6 8 7 10 1 9 6 2 9 9 4 0 0 3 1 4 1 0 8 5 9 0 4 7 2 2 8 3 8 3 3 7 4 3 1 10 0 9 5 6 6 9 0 4 2 7 2 0 0 8 3 6 10 0 5 0 4 3 5 9 4 7 1 4 9 10 10 6 2 5 4 1 9 8 9 1 3 1 1 5 10 3 0 10 10 7 0 9 2 2 10 6 2 10 10 10 0 7 2 3 7 6 10 0 3 2 1 2 5 2 10 10 6 6 8 10 9 6 10 3 10 9 1 8 2 9 6 0 0 7 10 9 0 2 10 9 10 8 2 8 1 10 7 0 10 5 7 3 5 2 0 0 0 3 10 9 1 1 9 5 0 3 9 3 8 2 0 1 0 6 8 7 5 0 4 6 7 6 8 7 1 2 8 8 6 10 8 9 6 8 6 2 3 10 7 2 7 9 8 6 7 9 9 10 10 0 3 6 6 8 4 3 7 2 1 1 4 8 10 9 8 3 10 1 2 7 0 9 0 4 2 6 6 0 9 1 9 3 3 3 4 10 7 1 2 1 6 6 1 6 3 7 4 0 10 1 5 1 10 1 10 5 6 5 5 6 6 1 8 5 10 9 1 0 0 4 4 1 6 1 3 2 10 9 6 0 6 10 6 1 1 0 7 10 8 4 0 5 2 6 5 6 7 5 5 9 5 6 4 10 6 4 8 4 0 0 1 6 4 7 2 2 5 8 10 1 10 0 6 5 4 9 4 5 4 3 4 5 6 7 8 0 5 5 5 2 9 6 8 0 1 6 2 3 1 8 8 5 10 3 10 10 4 3 9 8 5 10 10 8 0 2 4 0 3 7 6 9 5 9 7 5 10 2 6 7 7 7 7 1 9 2 6 5 9 5 6 6 7 3 5 10 7 3 4 9 7 4 2 8 5 4 9 5 5 3 6 3 6 8 10 8 9 7 0 3 0 3 7 6 9 10 9 9 8 3 5 2 0 6 3 2 1 4 2 5 8 4 0 10 4 6 9 4 10 10 2 2 10 6 4 10 0 1 7 2 8 2 3 9 3 7 10 9 0 6 8 0 0 1 6 10 0 5 8 5 6 7 8 0 7 6 9 1 10 2 6 8 10 8 8 8 8 6 0 5 2 1 8 2 3 3 4 2 2 5 4 7 3 8 0 3 1 0 10 3 2 2 8 9 7 6 2 7 10 4 2 5 8 6 3 4 3 7 5 0 4 4 3 0 2 4 10 10 4 8 8 9 5 2 7 5 7 10 4 10 9 1 6 7 1 0 0 5 0 0 10 2 9 6 10 7 8 0 0 7 1 8 10 9 5 1 10 8 8 7 0 9 6 2 8 8 9 1 2 6 4 6 0 7 6 10 8 10 1 5 0 7 6 5 2 3 0 4 3 10 3 10 1 9 5 5 1 1 2 3 1 5 8 4 9 0 5 0 6 6 0 10 5 9 4 7 6 3 1 4 0 9 7 10 4 7 7 0 9 0 9 9 6 1 10 3 5 10 0 3 5 1 6 1 8 10 2 4 4 3 10 2 6 2 1 1 4 4 9 1 7 8 1 1 1 9 9 3 2 7 2 9 6 1 5 8 7 2 5 8 0 7 3 7 10 2 1 8 9 6 6 7 2 2 1 3 4 3 1 10 0 2 9 8 8 7 6 5 4 6 3 10 0 7 2 9 4 1 8 4 8 2 10 9 0 0 0 6 6 8 5 8 7 4 0 0 3 0 0 10 3 1 6 6 0 1 3 4 9 8 4 9 3 0 4 10 3 1 3 4 6 8 10 6 7 1 0 8 10 0 9 7 0 2 2 6 0 7 6 8 0 6 10 7 7 0 10 4 8 10 7 3 7 1 7 9 7 1 6 4 1 5 1 6 3 4 10 9 4 4 10 2 6 4 7 10 0 5 5 2 4 3 1 0 5 7 0 5 4 6 10 2 3 3 4 3 0 7 10 10 6 5 4 6 1 4 5 9 3 3 7 10 1 0 1 0 3 6 6 5 4 3 5 8 10 2 4 4 2 7 7 4 6 8 6 7 6 8 4 1 10 2 1 0 0
