169 155
544 216
122 1516
240 1838
315 1625
1334 1758
675 847
51 537
824 664
280 1454
1347 40
337 1025
997 1082
193 152
1427 661
512 1469
1256 1716
776 310
1303 1011
231 1272
1614 1230
526 1087
706 303
76 747
1016 281
603 1836
317 1389
691 1258
0 0
992 954
903 897
1137 1077
1715 33
1395 1605
403 594
1530 282
799 440
340 843
661 285
323 1600
632 960
719 193
1540 842
434 656
882 1592
1235 460
1007 1510
1211 512
793 352
871 1270
110 1388
1327 1806
783 1268
345 311
229 1543
1456 160
862 1199
480 1226
352 338
155 1148
1804 204
928 24
400 227
588 46
687 1362
111 1182
728 1560
376 138
591 1007
6 1344
304 1882
234 80
362 293
118 1060
523 1339
321 403
1325 668
1777 296
273 338
82 604
640 1695
1585 216
582 1148
1289 1490
1102 1688
387 1610
934 1850
768 1549
225 184
137 1853
753 1229
348 767
65 70
1052 48
1111 443
1033 1345
1482 854
1260 1063
749 739
406 394
516 1410
1336 66
179 1310
918 557
422 1307
1360 14
430 112
1054 432
806 1017
29 296
1136 1460
657 1015
883 1496
1100 400
215 974
1063 1582
500 234
251 847
401 209
847 1730
795 1635
852 625
650 386
83 1839
380 1487
877 530
1149 431
481 1307
200 1640
497 1378
1892 1028
48 162
737 1222
670 137
1091 506
929 446
738 905
135 1841
213 1876
530 1091
314 1494
80 5
416 1645
1 502
40 513
472 1483
901 998
479 555
722 1688
616 34
398 954
41 184
609 410
181 1111
1248 511
243 730
925 686
287 193
1440 1682
0 0
1707 624
187 1358
119 822
312 1407
520 1751
84 369
1253 137
689 1851
1098 501
1500 1049
275 1694
1162 40
757 591
536 591
27 1670
1097 1637
206 324
683 164
259 740
1244 262
767 1331
1141 1426
908 1373
1861 433
746 1790
1837 1055
887 965
1209 662
73 1433
81 1459
52 1600
1661 260
1710 992
455 1343
378 1866
645 1746
468 540
43 315
1174 793
47 1385
1883 194
264 299
128 660
1176 583
646 1491
607 955
366 719
175 1827
166 366
0 0
139 1187
517 1626
274 217
16 1244
830 519
946 1747
115 1394
1640 1479
1510 1692
583 1419
1027 311
238 147
826 1307
874 539
620 575
285 544
1057 307
1249 587
386 953
1512 1879
168 1565
482 421
1070 583
1781 1873
233 1858
21 866
1250 572
879 257
1226 944
571 237
59 1622
66 944
165 1553
1663 1703
220 239
558 930
429 516
222 14
107 1361
811 1088
28 1019
9 105
1024 456
1538 193
278 711
57 1552
641 970
384 1713
268 662
131 1640
941 1202
623 704
37 1776
132 1766
0 0
4 1196
860 746
1862 995
90 380
1025 261
535 322
270 1020
572 266
1119 630
1130 826
296 1063
642 1780
349 1597
1060 892
85 987
1503 1175
202 1828
93 1139
550 446
865 250
1019 1477
1213 1449
1178 213
1082 323
730 1676
325 751
308 1557
1815 194
1658 899
1434 386
816 1622
67 490
1312 1670
693 70
950 1751
782 1634
1620 650
529 1703
421 1792
1190 1178
1247 1572
590 289
1494 102
96 1697
250 1017
17 668
289 454
540 341
50 764
973 1483
723 1211
787 750
133 1341
566 1369
709 159
1293 70
821 944
955 1515
454 1380
676 1182
302 1507
796 335
872 1238
281 381
68 1047
1146 172
170 1674
1245 1017
242 362
299 1513
18 568
818 707
1340 154
827 1761
743 226
1535 313
692 1039
1351 1544
32 430
1310 1653
750 1694
597 953
292 106
10 1162
555 1420
22 664
1029 1386
933 437
389 1677
23 993
1637 563
1056 655
829 137
1361 80
1259 597
820 1269
0 0
138 1058
643 1879
585 1268
78 381
140 1253
724 1496
999 1751
1316 22
1238 1144
1826 1566
294 488
1888 369
0 0
146 380
471 261
1008 1299
971 1033
0 0
0 0
1606 376
197 1490
1847 1826
628 1460
121 1456
1591 791
1726 1549
1196 603
1009 422
91 571
116 1713
102 260
491 427
993 1370
333 406
890 1552
1410 311
1786 185
995 1136
190 1780
442 143
335 1062
309 815
695 1056
703 1914
262 19
446 1010
1773 1461
987 779
426 1838
1524 393
1272 1703
1574 557
810 939
1576 1331
74 704
608 733
198 979
1577 1528
1468 437
1611 1823
1168 201
1692 108
1617 559
751 1353
458 1085
1031 1496
253 190
368 668
754 451
665 1039
189 1239
1358 1657
267 1427
966 1776
328 1634
1725 595
1675 722
1328 91
699 1826
0 0
625 675
1228 6
1017 316
0 0
0 0
417 78
947 1144
1185 1373
1798 1194
1116 1542
277 1814
534 1041
1311 1124
113 637
0 0
1021 1826
654 1390
1907 1224
1444 370
0 0
1567 1541
256 1415
1553 822
361 311
11 123
854 1488
143 1299
460 1352
249 440
310 1303
733 193
542 362
1425 1796
1857 989
870 293
2 705
355 1235
1784 1004
888 1518
151 650
648 1712
60 1812
12 45
1273 1373
1493 702
685 628
1261 1722
1506 573
300 51
1546 25
1065 1560
1818 21
395 580
1086 1193
136 391
1780 138
1372 1282
1514 888
1151 756
453 342
647 38
25 1260
598 1204
524 802
1896 1751
342 1700
1284 895
1095 662
1443 1353
1285 1357
1618 1555
1761 955
593 1369
415 1706
840 911
1274 783
937 557
1366 432
72 1570
1002 864
807 327
549 73
1275 737
326 568
548 46
1059 1270
1648 1541
174 785
164 592
578 61
927 265
1183 1788
45 1490
960 1554
679 1632
236 166
1481 47
381 1162
499 905
35 1641
596 727
227 45
916 176
1051 696
568 106
248 1515
358 421
1906 1907
209 738
681 1105
196 1879
147 490
618 293
1897 839
788 641
538 1194
1292 693
1251 1551
1445 1338
1166 1863
306 822
1192 1150
148 1787
1088 1572
413 161
71 112
637 351
1135 156
702 1617
1320 374
489 1305
814 1831
1363 66
191 1894
792 44
562 1703
1625 15
1619 131
493 1476
89 437
878 1263
1077 313
0 0
822 1308
0 0
1407 1706
223 1498
1863 1265
1276 539
828 1080
184 528
885 1884
1073 971
279 970
1415 309
1014 1390
0 0
1047 1639
1145 343
1010 1874
0 0
1542 875
580 37
418 1595
221 979
1319 349
1026 354
1321 72
990 897
1579 1353
1562 976
659 1734
46 1111
288 894
557 648
696 1629
365 669
1589 1692
1556 648
1832 1445
774 355
873 501
1391 279
1590 423
1633 1278
232 1507
1214 1669
1231 185
158 1605
1479 87
586 322
1356 1658
1491 1861
1169 1693
1270 1331
1420 1194
1076 1175
1402 38
1324 1757
1894 650
42 1227
579 1501
1701 1484
1687 1440
1326 485
655 1039
962 1334
1737 15
635 693
1436 1653
1153 1283
1575 291
627 1649
1037 1310
1257 588
396 1650
554 529
1084 668
729 1776
1118 777
490 595
919 1193
0 0
1613 302
462 1835
58 1034
502 1056
1587 1605
1455 867
120 1850
219 876
977 974
853 641
114 612
167 1451
779 1347
672 614
271 624
581 407
1148 661
875 1588
573 111
569 1907
0 0
1451 1135
1568 1769
863 1165
664 894
601 836
3 380
831 140
957 1172
567 942
1222 450
1266 248
1817 299
1108 671
351 1693
939 161
961 722
1092 1296
1432 308
711 1655
1487 1542
983 1029
1691 1068
1569 48
1138 1563
1350 1879
1813 1295
1099 1480
1596 1397
265 306
592 807
575 105
1428 868
1419 1562
595 465
44 147
1849 946
1463 1507
834 595
1729 953
1101 617
284 1365
95 344
214 119
5 710
13 106
1062 992
1167 1772
1560 1351
547 196
1080 238
1206 648
1396 683
1232 42
1071 1234
109 1160
764 108
1647 1426
1237 1856
823 423
192 9
427 193
984 123
1078 254
1667 529
488 1703
161 1660
428 642
899 1187
904 1489
931 1109
866 186
684 618
205 897
1758 765
1364 415
1776 915
1015 628
1598 999
141 1058
968 745
374 1515
363 942
291 1691
546 1570
958 171
770 1660
451 491
1581 1372
405 1462
1378 1162
975 149
713 1242
1264 430
1199 393
682 1358
1678 568
539 1527
1233 750
124 1836
1371 1362
1335 376
171 1235
1477 1831
438 1537
1365 765
409 1033
98 218
551 1103
1521 1326
1875 1455
1749 1337
1034 892
765 986
1043 147
1702 802
1790 974
1559 171
153 491
717 1471
704 1717
1840 1295
1075 1548
286 1490
1124 1817
1573 1077
407 1498
33 55
509 371
1914 747
926 235
725 1388
833 337
1448 568
563 496
1202 1127
506 312
1300 675
1413 1111
868 514
1263 1320
0 0
0 0
0 0
1709 1213
1348 1515
228 1874
615 1060
781 1178
1113 339
1376 1686
486 927
712 1260
1182 1071
1754 693
447 1050
837 1288
688 745
982 1615
917 1264
553 835
599 1875
295 1805
1133 1172
1223 17
1549 1140
1179 1140
1903 1201
1770 324
1516 167
1490 254
886 51
1750 195
241 1515
316 690
123 1111
87 339
439 1095
910 1433
895 1302
474 608
735 1445
313 1165
1132 923
199 1850
269 83
1164 466
1011 1477
1197 1864
986 394
160 733
902 1313
297 158
940 1654
1656 807
1200 579
1825 894
1288 1829
710 199
1673 75
382 664
104 1548
360 580
1125 836
922 76
798 563
1504 1877
778 1796
1854 158
1735 619
744 4
1381 1171
112 970
1564 343
201 979
1552 1422
1344 5
452 1596
1438 1278
1645 292
1012 427
662 1415
367 1205
449 447
1604 1055
1464 658
981 238
364 1479
612 1774
697 1349
1660 1342
656 408
252 918
420 1346
108 529
498 948
1383 1617
677 1461
0 0
0 0
86 465
1452 311
1833 883
1706 776
686 22
1225 813
734 733
1339 33
1170 1029
1717 1279
0 0
531 450
797 485
762 541
921 1433
339 630
1302 496
1036 491
1386 1404
338 903
1712 1882
1668 1788
1380 1338
909 1791
1905 1263
117 299
1789 175
998 1404
204 1098
832 1081
1802 1137
914 172
1333 786
1741 1523
334 734
611 982
496 1702
8 1524
255 915
0 0
1349 13
576 454
19 800
1298 548
1669 1734
390 1165
519 1175
94 1728
1898 1879
1597 1498
180 668
522 868
282 1091
307 1412
736 1822
1677 466
298 218
408 604
801 261
1555 401
1258 1490
644 779
1454 1358
290 328
969 1069
263 1808
176 1401
1869 1759
1369 807
350 1301
1287 1703
924 957
1745 431
1441 406
1672 319
207 1826
70 291
1424 694
483 1732
671 1085
700 624
674 1533
419 88
448 1382
1301 1548
701 855
963 123
1566 1543
97 1829
257 1744
1548 1375
311 576
634 1562
653 1208
501 1863
1090 250
649 1741
1158 1153
1405 288
1198 970
1242 1713
301 146
766 287
1373 1894
1467 1254
760 1661
330 1178
1375 1412
101 1338
1465 1138
354 412
1688 1631
690 253
208 40
741 1491
1421 37
1545 739
1884 1584
1534 1285
1013 1679
216 1144
621 108
56 1175
1022 1279
668 1200
1900 1612
836 1422
1134 74
1518 1791
1394 315
1433 717
785 913
747 541
1523 1733
1294 134
1049 432
38 1866
1520 345
1184 131
178 1295
1330 822
1461 737
949 160
331 598
1408 533
477 836
1511 1518
1911 1617
959 1300
1215 1853
440 151
377 1606
172 1127
1890 699
1563 1658
1208 990
1172 940
1286 3
1722 1640
203 160
347 207
99 463
397 1221
892 1281
876 989
1267 341
385 1139
1719 548
772 989
1867 1707
1404 221
39 1608
188 907
1632 717
1107 860
1055 777
247 738
0 0
1038 698
970 1072
1674 1625
1187 1178
1909 10
1659 131
303 437
1180 1459
943 360
1370 100
935 134
1139 536
1000 1674
332 871
720 1478
346 1847
732 1095
1437 875
1683 1162
1664 117
1595 1476
1393 1052
383 1174
476 502
976 607
1845 723
1794 619
508 619
0 0
1085 1518
938 1154
1050 1073
1143 955
1379 1564
905 134
1882 1390
577 34
1418 1144
183 707
716 528
1094 828
393 1267
726 401
769 335
1899 331
1201 530
320 1079
1129 1182
1282 27
1889 1439
817 558
1277 643
466 283
1634 1622
945 1714
1161 36
1792 1202
150 100
1558 397
410 1739
1807 1218
457 1782
991 1570
322 1211
504 800
235 1369
341 680
815 4
912 290
626 1104
0 0
556 1305
1740 1480
980 514
1332 798
469 738
1279 140
1594 1608
1806 936
77 460
1087 853
391 1541
1684 1349
1342 1432
617 1082
758 1226
156 446
61 1091
1525 1195
149 1033
64 262
1757 1174
1653 1089
936 1521
587 61
850 1406
461 1544
1314 54
1220 134
514 72
1769 828
1353 1028
1323 747
1068 993
1853 1454
492 1287
1475 957
1181 303
1793 1025
1210 912
1871 1463
495 1527
1697 1323
173 1030
142 1560
1655 1632
414 736
605 1642
475 276
343 850
613 267
218 1429
1904 337
1131 283
1913 1347
1175 1639
1193 800
1583 564
392 154
1239 1123
880 1359
624 549
1670 1145
915 728
1489 192
698 1194
1824 643
1751 603
884 1138
727 830
237 1173
1643 1802
552 316
1147 1580
443 344
411 566
1246 1879
1160 649
507 1377
1337 1675
1308 1139
694 185
667 1265
254 305
1422 1875
838 1347
1001 720
1367 1652
0 0
0 0
942 109
432 1068
1241 1812
1243 288
1608 756
1537 1275
261 514
1039 347
1828 24
0 0
954 1044
629 243
1908 970
1644 1806
0 0
1384 628
1297 400
1268 1158
1126 1799
20 246
1822 281
1703 1787
906 737
1236 106
944 80
0 0
589 1783
433 1427
1028 1275
1048 1326
1615 1514
1252 104
660 964
1787 1227
0 0
404 539
897 154
1744 103
375 1490
845 1714
846 164
1447 1097
0 0
537 1080
1497 311
610 437
809 756
1281 1125
913 564
1309 190
896 1232
293 1838
745 314
1416 827
1357 1780
1772 1670
1801 272
0 0
1430 329
604 1202
869 1760
1682 200
370 310
245 1129
1044 911
0 0
1728 989
62 536
1377 1345
1803 1474
708 276
1816 719
1346 533
0 0
663 1068
979 1579
79 1285
473 1894
1397 842
1519 841
1400 241
1830 126
510 1017
503 1095
835 1296
756 452
106 656
574 42
1880 1523
1219 1253
1188 600
1662 1764
441 1823
0 0
1680 822
633 1386
1699 815
1763 353
0 0
898 1493
212 1216
372 1790
0 0
1747 702
1426 1507
1527 206
1254 1528
773 1763
1623 1242
1171 1447
1767 834
1800 362
1074 1275
521 1637
1665 1240
856 63
1766 842
842 1595
559 1555
1313 1139
1533 1331
813 1510
0 0
861 1297
1291 1363
1112 1295
1638 1520
1797 484
1122 769
1788 675
1856 536
1234 994
327 267
159 160
1109 1175
1885 1677
1536 1449
0 0
1887 662
920 25
1496 237
1593 323
394 1855
55 306
1901 601
1605 347
1851 131
1389 1562
1599 563
1387 1879
505 17
0 0
1203 401
49 1837
1345 943
224 401
1827 552
1877 1236
0 0
1403 868
1676 1717
129 365
1352 1372
353 1083
92 415
1218 1576
1216 1339
105 450
31 1817
0 0
1689 189
1399 644
805 472
956 1863
54 1469
1844 559
561 1318
478 889
423 1139
513 855
1053 875
356 1663
1278 162
600 454
1685 1163
177 1047
1390 1252
63 1635
1194 1363
1450 720
36 268
1874 349
244 1694
126 1773
1783 1634
1649 582
803 717
1808 1649
1603 1464
7 1
802 619
974 1358
570 805
1541 1339
1093 362
357 1007
1572 715
1061 1785
1746 787
1439 683
1032 618
848 1646
100 748
1517 912
859 1831
808 1890
1622 625
373 1512
1607 1283
1474 1178
1759 1169
125 1874
1230 1639
1646 1549
134 651
402 1867
1280 1465
1727 1759
467 968
1810 306
527 478
841 352
1762 190
1388 1153
1114 1893
752 1746
0 0
1515 839
1756 698
1639 600
714 1469
1547 911
1423 102
1872 1624
1484 3
494 893
1716 836
1466 1385
651 1066
1755 1674
163 1111
1159 437
0 0
1557 41
777 1273
1848 1772
424 1600
226 542
1731 1756
1654 968
0 0
1855 1055
1152 42
1081 1510
790 1368
1628 467
1058 1677
1329 1817
636 800
182 1531
359 1477
1471 1615
1650 156
1221 307
1785 624
1030 224
1641 1439
0 0
740 1
283 58
319 1660
1671 22
1554 1419
0 0
1144 511
1003 1254
680 1488
1449 1061
1150 1468
1458 1087
1305 221
1705 1523
1299 1062
1629 573
1915 1260
1117 1575
1290 1099
260 1866
1406 1425
1616 216
1307 190
1105 1617
210 466
485 113
1820 1817
858 314
1609 514
894 250
1836 1449
1446 876
965 1788
0 0
0 0
786 1291
1543 1611
1774 490
0 0
1417 382
804 1057
794 514
775 157
994 1572
1040 311
1651 1548
1893 1542
463 413
1156 1527
678 613
1064 1805
0 0
1839 1158
1910 1062
1127 1158
487 1107
0 0
985 272
1544 543
425 1542
1732 777
857 1236
739 464
1819 1426
1733 75
864 1480
459 345
891 1563
1812 470
594 1467
1498 1559
541 1239
1895 140
1842 640
1066 46
195 267
0 0
705 423
1338 230
1635 1811
780 262
1265 368
1850 354
978 723
272 404
1096 1647
1207 1174
329 1104
784 112
844 1824
1834 51
211 794
1592 1176
1205 1461
470 847
1775 707
742 1751
1768 1215
1499 285
15 1669
1046 557
1155 176
1539 765
1831 1097
1621 1433
1693 1822
266 1251
1079 1176
26 649
154 1091
1551 403
1486 1643
1121 976
1469 1295
0 0
1636 1305
1805 1372
0 0
1262 350
1526 446
1460 1758
0 0
450 1674
484 1507
855 1915
1072 1636
388 1853
239 536
1476 1251
1470 206
988 38
1157 5
336 392
1041 137
560 1773
1698 1705
1507 733
1868 166
789 584
1368 542
1796 131
518 1812
1315 1104
658 1169
1782 1559
1584 464
1814 1109
825 125
436 1501
1835 368
30 1717
1708 1193
1602 1206
622 533
1318 1062
1571 786
889 1265
1295 1206
53 623
1858 594
1212 752
1795 583
412 1135
1045 600
819 1569
0 0
127 199
1492 654
800 785
606 1200
1501 3
1322 1850
525 1187
1128 290
755 77
185 1691
1765 953
731 1301
344 391
1163 774
707 1639
1723 1730
1846 791
1435 1089
1843 326
1738 78
1791 328
1442 999
1005 1792
1140 989
1743 796
748 109
1382 1468
1006 716
1296 1752
1189 212
318 1180
1042 1593
162 1478
1626 1432
851 296
1355 232
1354 268
1331 1392
1778 989
0 0
435 1029
1823 1757
1343 710
1760 875
1841 191
1718 667
1720 1717
1704 582
130 1345
75 936
1690 1469
1570 1151
952 117
0 0
1362 502
379 810
843 1021
1652 16
1453 130
1612 1817
1304 1291
930 1702
1103 1409
456 343
911 767
1866 762
1912 1594
1106 1359
0 0
1529 1340
715 322
900 1109
923 579
145 1002
1627 1708
1582 1747
948 802
964 335
1306 213
1522 1078
565 964
1429 432
1779 1841
1873 241
528 1460
1700 1893
1860 1111
1531 1165
1771 1100
0 0
0 0
1462 87
0 0
771 1560
791 1422
1508 1834
584 853
1255 469
1392 1176
444 842
1120 1569
1739 1643
673 1393
1104 1717
849 271
1630 1506
34 1158
1870 753
1224 1413
631 1260
1666 1654
445 1549
0 0
1485 113
967 268
1561 726
369 353
0 0
761 667
893 466
371 568
230 571
1473 834
1472 1363
1580 409
24 351
1431 1005
1089 568
1401 1566
1018 1097
721 853
1799 1319
1821 1034
602 15
1881 1074
464 655
431 1390
144 1007
614 955
1601 510
1916 748
1023 341
1588 752
1748 1717
324 1904
1411 312
951 738
1730 373
1195 1062
14 1123
532 1165
1600 445
1502 116
1459 1095
0 0
1227 1161
103 1675
258 1718
1412 835
630 957
0 0
1495 1
1624 86
1838 1643
1123 981
1679 1603
619 1304
0 0
533 187
1154 1605
1283 1450
1374 1352
1879 975
1528 257
1657 1267
932 380
1110 1139
1483 743
1020 290
1488 660
1891 512
1173 664
1752 1714
217 1353
1385 943
1177 568
953 1630
1414 1462
1864 1071
1713 400
0 0
881 262
1878 415
1734 1676
1686 230
1681 1080
152 19
1902 155
0 0
1505 784
1004 566
437 368
1811 1490
1240 1528
1083 75
638 1578
1852 528
666 1663
972 1119
1480 803
1876 70
0 0
1809 731
564 1310
1204 765
399 1883
1694 226
1753 237
1359 1268
1711 1490
0 0
543 1468
718 509
1631 323
186 351
246 215
0 0
0 0
515 1911
1550 715
1398 1347
1142 707
639 111
1186 163
465 484
1586 1166
0 0
88 1717
305 884
1565 519
652 1148
1035 1392
1696 579
1859 1163
511 1584
1865 123
989 1317
1271 596
1724 696
1115 1095
0 0
1829 585
759 612
1610 1137
1069 541
812 952
763 1523
996 1635
839 272
1736 138
669 312
194 106
1721 349
1341 14
69 642
1478 853
1409 1063
1067 1307
0 0
157 1810
1509 606
545 1655
276 3
0 0
1764 930
1532 158
1695 788
1742 1408
907 821
1229 592
1165 683
1642 1229
1457 240
1317 1814
1217 1848
867 379
1886 762
0 0
1191 45
1269 1023
1513 713
1578 1406
0 0
