900 54
31 1052
1527 693
177 1306
973 133
1042 807
135 1506
1126 536
1621 1387
154 1696
553 1746
725 1640
337 455
440 650
972 1197
750 1153
1280 56
1102 1485
523 1656
996 1359
687 769
1195 1563
484 249
1465 618
325 1710
0 0
796 1537
52 820
761 1881
1167 1361
968 646
695 94
111 30
917 1731
843 110
107 1308
1643 493
580 120
1165 1593
115 1573
282 628
1750 1343
1515 1110
1467 638
622 133
1452 776
1107 1276
1141 559
914 48
1517 1337
1023 1343
778 955
475 324
48 601
220 1244
432 40
702 1369
805 1334
395 325
1526 183
1189 1739
336 353
1110 732
399 370
423 721
1193 48
1825 290
866 342
9 463
488 1529
413 1378
937 167
402 812
179 310
775 1295
43 172
231 72
1083 985
1761 118
351 1232
80 460
126 1024
561 549
1270 213
546 714
873 349
208 727
944 1712
300 1710
101 1027
408 1047
1089 1324
724 723
380 547
1161 417
1064 1217
1473 1634
292 933
168 90
1764 1801
1020 1080
1542 1718
623 1306
1057 120
1294 443
149 689
1354 816
1696 1079
1232 204
227 1808
0 0
601 304
651 1798
158 1350
877 1137
266 1627
285 1395
621 1241
887 859
112 592
1429 1334
1524 958
94 1343
379 1290
1148 150
729 1775
876 1296
1638 952
1379 1012
1525 626
492 150
867 987
1707 1284
1777 771
3 375
1276 971
627 601
1156 1468
374 463
893 1152
1010 1419
303 846
904 739
136 1321
654 1387
1264 1
1692 396
0 0
205 406
304 1278
258 327
1048 297
146 657
420 1879
1469 1258
418 1250
371 1908
191 774
209 1091
758 764
684 1846
1760 321
624 524
958 558
1049 568
40 859
133 1310
131 1290
590 1824
971 781
650 414
291 1688
171 689
987 569
293 1879
13 697
1547 533
1842 1844
1014 1731
221 379
544 707
788 1085
1106 965
452 274
1006 1632
200 581
1759 868
93 879
219 261
562 408
656 1115
389 86
902 362
950 1599
738 772
456 1609
298 1761
1457 1701
461 170
1864 1602
1262 1511
1512 414
1234 447
302 94
1342 1391
1145 1186
426 1728
174 1867
1543 1534
226 896
1253 612
12 1348
691 826
1136 399
367 363
666 1290
1506 557
1124 1420
254 139
1067 186
1778 717
1212 1223
69 830
521 449
1530 1819
814 1611
1091 1634
295 72
315 214
14 1109
699 76
239 1729
1846 460
552 1798
646 165
962 443
1673 1905
768 651
248 833
527 1222
305 581
1267 1435
26 234
1243 690
55 1605
1038 85
199 640
1233 442
1449 1911
1504 304
1836 201
243 745
700 168
90 1868
759 959
747 375
147 1057
360 723
99 1795
455 632
1118 741
791 1802
170 428
1644 1766
1908 568
1583 201
44 1355
350 55
67 72
789 1348
632 1572
1098 1604
1184 1475
36 1626
1176 1591
647 1811
283 809
276 1231
670 557
0 0
431 632
1499 1708
994 210
1265 171
1608 83
1591 1776
977 771
369 1137
0 0
169 742
132 1276
639 1791
606 872
1278 1721
935 47
694 182
129 870
1555 940
559 1844
1477 86
1610 1731
425 1554
501 1643
1787 1290
1907 68
820 1872
1305 365
1088 933
881 1461
311 617
880 432
349 1638
1815 1069
705 830
1801 913
1437 1605
826 927
35 1869
1078 1391
318 772
633 779
357 390
823 624
1337 1739
910 1364
86 1140
576 1574
103 1367
287 1739
511 133
1311 736
244 1366
1120 1197
0 0
1277 1367
0 0
273 569
237 1909
903 1055
824 734
1491 1345
450 1012
818 321
70 1646
1290 1047
211 1053
513 1475
631 956
1404 954
361 554
967 54
844 1686
1871 231
847 150
338 1457
1773 1891
429 929
707 1310
892 1557
160 2
186 468
854 940
1776 1802
599 860
1413 1024
178 1690
1285 1905
1838 966
1483 106
1095 1667
403 621
345 1102
187 987
321 1227
264 671
1149 682
583 626
1211 776
1068 741
1835 1587
732 1743
393 1589
557 636
577 96
482 1844
1628 1626
1139 947
39 400
234 362
22 1841
1826 1234
587 934
894 1458
0 0
748 298
773 1567
1144 96
247 1254
78 1389
122 596
444 1130
396 235
460 826
819 1880
253 61
1663 400
196 1739
119 1237
127 112
842 558
1625 1195
1445 482
53 1730
1073 193
65 176
88 754
1720 167
1792 396
1906 104
616 1153
529 1445
1187 1099
510 608
364 201
0 0
373 1620
573 1222
288 335
1781 188
713 186
782 1242
1592 1739
183 811
771 145
780 1527
1448 620
589 245
500 1458
1739 1573
808 1238
1340 68
1191 397
660 1634
579 420
260 279
1540 1737
458 779
1564 1620
853 1534
1768 1899
693 1091
1104 724
110 443
57 395
1736 325
1545 1539
1584 621
787 434
265 1527
886 527
1693 875
1726 109
339 215
63 1246
612 1696
412 1243
832 947
424 1841
92 1747
1154 1678
486 1067
1313 328
757 1620
954 690
868 735
1298 302
682 211
594 580
1218 220
1639 1746
1793 1108
1380 924
1709 94
335 1289
519 670
471 1891
2 4
290 601
212 1600
636 1308
1593 833
1169 579
0 0
346 971
142 1198
358 1879
249 924
625 744
593 613
0 0
1247 1343
845 1793
1811 1026
1501 241
1528 742
1636 638
1097 1003
661 1063
723 1209
0 0
655 1263
1343 1632
267 1367
320 465
1704 881
309 167
1649 1761
0 0
683 332
51 1892
1004 1457
528 1725
89 668
763 222
1316 1328
262 330
477 642
792 642
74 512
1024 1901
75 79
822 821
1618 1651
180 16
657 1366
1661 935
189 328
739 1739
362 1007
1774 1408
32 692
1335 1408
1012 558
1578 1746
1346 1582
786 1069
45 273
202 104
1384 1807
1241 1580
0 0
806 519
1007 1599
1301 427
1806 1134
1832 129
1536 841
703 1503
104 987
1386 402
1428 768
0 0
790 1328
405 143
19 1105
82 1171
467 1674
1717 1488
668 1537
1605 1844
15 810
466 261
1370 327
173 51
246 1061
948 894
1005 1402
427 216
206 363
1523 1336
1127 442
1589 384
753 374
400 1419
1444 1526
5 215
1368 961
609 904
1310 1258
459 555
716 179
1240 1757
190 174
1674 548
1487 1680
961 404
837 973
1695 1629
468 451
921 16
0 0
1363 1809
1422 1227
1870 1737
1916 818
1464 1679
430 934
619 1913
106 143
269 450
343 113
514 177
355 381
1320 77
279 451
17 1794
839 328
347 1495
953 1435
1602 1901
6 830
1134 1014
1553 1783
603 1500
1882 1511
1059 661
946 571
618 368
692 1022
1071 821
448 1899
1018 1842
537 438
1031 1176
1011 264
166 1573
23 1543
443 214
534 959
1915 1313
1884 70
1582 1636
314 1520
60 1064
730 1848
11 381
525 1343
49 143
1482 657
1360 400
940 317
1390 1647
1521 1663
37 562
533 47
638 447
831 965
1794 550
1881 1911
547 906
185 621
38 1372
1430 1638
341 545
476 1169
252 1210
1371 1084
754 746
1203 1760
0 0
1631 273
1865 1731
251 1682
1333 932
242 559
1224 172
726 527
0 0
1080 1344
1685 459
167 559
698 1298
1405 249
278 147
1820 941
385 186
714 646
79 1743
574 1096
1730 189
1783 904
54 179
445 31
1617 1603
1729 172
125 821
909 1811
123 359
422 482
963 1186
1460 284
1396 848
310 1402
195 1901
1319 1450
0 0
1622 1356
1522 363
1529 613
439 139
326 1003
1677 182
569 1549
1269 398
934 1588
1474 1905
409 1610
1116 976
1780 209
0 0
1246 1622
175 1276
216 1469
1859 59
1208 1478
1206 789
1099 886
976 1380
1814 1239
617 339
138 1048
1634 1308
201 749
1035 55
1687 1596
98 301
1159 1731
0 0
72 862
478 30
1028 1770
943 204
1056 94
1153 671
1821 1639
983 656
328 1343
1748 1005
377 924
1399 1691
20 1332
153 208
667 411
1087 1027
765 51
139 383
1223 750
0 0
1848 335
109 475
1586 400
538 385
372 1336
1795 689
1292 784
134 1008
24 1533
1235 1690
1690 1593
491 1825
1886 1705
767 739
897 1792
1180 439
1455 133
966 1376
1766 1012
7 527
1849 1041
1142 1359
359 442
1837 955
1251 597
992 970
223 689
922 335
556 1053
137 1481
864 1649
615 152
836 229
688 1444
96 1231
1281 1701
712 1344
1081 740
261 1514
1732 1778
1431 839
659 165
505 925
653 1637
1129 1167
932 599
384 1865
697 448
1786 1561
1400 517
1671 850
1479 1006
1151 821
825 1172
969 1124
857 980
784 1601
77 1405
1326 222
95 1238
1258 557
565 1591
105 532
1417 1308
390 843
30 1841
1893 450
198 1284
0 0
665 1113
182 1631
128 370
645 971
1365 1670
250 1914
1382 507
1590 1898
141 947
1656 214
1744 1907
1013 849
1015 1532
1415 1756
41 772
642 868
572 1636
1113 663
522 563
1896 1113
1441 840
91 631
993 127
947 1634
643 224
306 1619
213 1748
1841 119
144 125
1147 38
734 404
630 1102
680 726
472 1259
308 556
481 64
1256 1196
64 1905
851 1587
797 468
1245 1652
1433 1783
344 374
1336 375
515 687
1831 629
863 1092
299 1420
804 1621
1375 1125
1743 1369
188 1413
530 1369
150 55
1463 31
746 728
370 1537
1369 1573
1548 1037
649 1712
554 896
1174 1130
215 1355
1314 1411
1659 1242
1329 619
271 1372
736 1602
956 728
1878 586
1347 640
386 831
635 1341
1119 1430
1813 1417
516 1621
263 1826
163 1522
1652 692
59 1286
62 1892
1650 1722
1572 94
1389 1802
1782 1279
148 1380
799 1347
378 1227
451 1632
1481 637
1050 1798
1397 310
333 485
520 143
891 1510
457 1307
449 374
256 1321
18 98
1854 457
1254 549
607 199
1135 1430
883 1229
737 1852
447 755
869 1488
419 1806
1077 913
421 1152
862 241
428 1497
1585 1643
1637 573
1689 1861
979 575
871 1180
795 774
498 1474
1367 571
685 1370
1190 1783
1913 655
240 740
42 102
860 414
1321 186
941 1140
156 946
807 945
920 555
701 1783
911 869
297 411
1461 1643
289 755
172 789
1516 1487
1633 1102
116 1272
465 1468
1173 850
1016 121
113 344
1603 1501
1249 696
675 1432
274 1750
841 970
586 259
0 0
102 817
83 1842
955 970
1327 254
720 167
1897 1850
1755 1425
1112 1063
331 1002
584 335
1675 224
662 887
942 887
1480 443
740 1540
1352 601
207 1915
1331 1237
794 1336
1519 993
1723 875
677 699
71 1381
600 1387
296 1117
602 96
838 1202
1880 1097
1488 1420
708 1520
354 403
0 0
1406 249
846 1097
435 886
704 1003
1200 48
1728 999
1302 567
990 904
828 133
1017 1632
1066 519
1034 989
118 1506
495 1869
415 1514
756 1318
1541 1007
1175 965
387 272
151 831
1051 1872
1763 1303
56 1048
1213 1612
652 687
830 1030
673 1126
1332 289
928 760
1513 1590
1905 690
770 1469
613 125
0 0
1123 258
1194 1238
1416 1668
1713 197
1092 995
550 1784
161 711
875 157
1096 216
722 796
1075 1152
1103 1552
1408 502
29 797
1595 249
1691 1563
352 52
1238 577
915 1869
1177 557
927 1757
1544 1082
1788 138
1737 119
1563 696
1111 1195
628 201
0 0
499 1044
1662 833
1221 1594
1557 1105
259 1879
1683 1450
1535 449
524 1141
1551 412
0 0
872 180
1511 696
85 1743
1263 632
228 1262
1072 482
1508 1228
381 287
1273 1209
1594 1012
0 0
1376 1222
878 50
1600 638
277 551
1456 73
284 837
1366 44
1214 559
834 1023
1533 1844
47 779
334 1527
1502 1794
890 677
214 1634
988 1069
752 1602
597 90
931 1863
0 0
1899 1864
483 692
1328 1823
1341 1750
803 1601
611 140
0 0
307 1119
1758 365
1742 965
1700 1528
1358 1400
1443 261
1357 948
229 1343
0 0
1580 328
588 1592
1818 1319
145 1402
1171 755
1306 690
1711 1761
766 640
1566 1422
1108 249
404 211
629 755
681 327
1364 833
502 1811
648 596
678 1230
1624 635
706 205
769 1655
194 1799
1654 1050
1378 569
974 771
637 1721
1436 1914
391 415
76 150
1534 875
1834 635
494 746
1257 601
0 0
1670 182
1668 226
0 0
742 1506
733 636
735 976
884 1868
1550 1883
1571 1601
394 1023
28 755
879 290
1339 1733
1664 1844
474 1593
644 348
1143 728
811 475
907 1284
280 1422
741 1652
1876 1536
1560 1315
598 1122
0 0
1698 388
1372 1126
1172 1602
1100 1907
882 514
1039 559
1791 620
1769 1383
1703 1259
560 1432
1205 152
0 0
671 290
779 1262
926 488
1866 533
489 211
1001 1585
1204 806
34 166
512 451
0 0
975 1051
982 552
356 1379
1503 1227
1060 455
1435 1793
1271 735
1421 1140
1565 1867
870 27
0 0
464 1277
1412 1141
1558 1556
1432 1332
1 1696
0 0
1697 1465
951 384
1716 971
1330 1724
548 624
1297 1491
812 179
1003 107
241 1588
0 0
1350 559
121 821
21 1355
1874 1784
835 538
1201 508
1489 1886
1344 447
1225 646
1061 363
840 1580
1604 768
518 105
1117 1209
1334 711
1735 547
640 798
1856 83
1220 1602
368 317
1682 875
852 1870
1799 1387
1587 503
1192 1007
1025 39
605 612
1757 249
1215 1293
61 810
162 350
1784 571
446 1454
1475 115
541 1614
938 840
1767 1334
340 1573
1407 961
936 148
1895 739
332 1391
1312 315
438 305
1458 28
1170 1602
1041 796
1079 87
1074 994
1009 1652
620 1262
898 1593
895 1003
434 1639
1485 263
411 855
1181 1105
809 52
50 1094
1304 317
981 1910
798 1902
1008 435
313 439
1160 1188
203 295
1885 1573
1619 58
1599 165
1052 1343
719 669
268 1131
10 210
327 1196
1904 919
1244 118
1573 451
861 1503
1754 787
0 0
669 659
453 1601
407 1522
1401 263
330 532
1423 469
1851 1361
1387 896
0 0
718 10
1317 830
0 0
1844 1634
571 1503
73 1913
257 699
130 1176
776 234
1418 656
986 1205
575 125
1862 717
487 671
1032 613
1293 1101
1054 733
217 576
1493 493
960 1645
1620 1277
889 12
1538 1303
462 310
1505 1877
596 1152
764 450
1839 1529
1626 1278
1140 1761
1684 1773
952 928
1440 442
0 0
120 165
1868 561
1762 1868
1260 1106
1082 826
87 1739
97 1307
1490 209
1196 964
1036 778
1725 846
978 285
164 1186
281 32
1383 887
365 559
480 503
470 137
1466 1400
555 1284
1562 1894
1426 912
1338 772
743 1303
664 95
1222 1860
918 555
0 0
1805 40
1498 1384
1055 1402
152 1366
585 800
1549 482
1514 668
690 1172
686 256
1084 1688
1307 1691
1710 451
604 191
0 0
84 487
366 1355
939 1029
1765 1553
539 924
232 1437
1162 186
1210 777
1658 1057
294 459
353 703
1532 1053
114 1057
1237 707
1185 1227
436 87
672 553
1660 774
0 0
1101 636
233 1079
1574 862
1168 40
388 1209
1000 735
578 1841
998 1348
286 1798
1409 659
1295 1483
1642 1734
1721 87
634 214
46 1745
1507 1634
591 950
783 576
0 0
159 1186
0 0
717 366
224 463
793 931
1531 1153
329 776
1266 1206
1808 324
1152 1827
398 638
1694 1510
913 143
1183 301
1588 781
980 558
1860 482
614 205
1022 1343
964 1799
1451 590
1109 1507
27 310
1830 601
991 986
1706 1748
1093 1703
184 10
849 1340
731 304
1157 436
1199 924
1040 414
1807 207
1581 1197
919 852
1002 249
1688 781
1666 554
564 1434
1388 1192
874 660
674 834
744 177
1272 1461
772 388
1470 1750
1065 1310
785 971
774 463
984 512
1348 1573
1752 1004
1361 1911
592 244
800 816
1747 1527
0 0
916 250
0 0
1790 473
1090 852
485 1879
997 129
0 0
848 1658
1207 240
1282 771
865 1318
1411 387
1892 1052
1291 1793
1454 1721
949 909
1044 1622
1063 152
965 1821
1627 1794
1869 896
1296 316
517 1581
1552 599
1462 263
1509 1301
1576 1737
1641 1266
0 0
563 1912
543 906
1131 148
1261 579
817 1041
582 308
1286 728
821 1743
1657 1263
1058 375
1861 896
545 49
1166 802
1403 1472
1472 204
441 1639
25 1746
0 0
1274 1648
1623 849
1817 1137
610 1432
532 434
995 862
1740 515
1890 1499
312 1695
715 301
0 0
1630 409
1559 1303
1598 1350
1789 760
1554 27
542 1276
0 0
1125 1380
1062 1758
16 1052
727 1002
157 1860
558 1844
1130 1055
507 752
1299 1511
0 0
238 863
1219 1358
1086 1451
348 1478
1568 708
1901 197
1802 955
1453 302
1424 375
1226 224
1718 1724
1398 1810
1676 1730
885 104
945 399
1911 1140
568 774
1045 1801
1909 1164
1468 728
1679 918
1577 965
1391 660
1138 1336
1824 1493
1420 451
469 1799
0 0
1770 1507
1248 875
709 577
1847 731
81 1022
1252 520
679 1421
933 335
1158 353
509 1832
1447 331
1046 1828
322 765
1701 671
1561 398
711 1354
1178 1171
1809 1136
192 842
1796 1188
1275 1578
1255 898
859 1108
1349 1845
0 0
1197 816
1891 751
829 301
888 812
8 1097
1395 1646
1484 601
0 0
143 1721
1019 819
1708 1192
317 1793
230 650
1027 434
124 272
0 0
1377 1516
301 1405
1772 1648
1646 728
1858 395
855 229
1613 772
1037 795
1289 1091
1163 1601
1122 515
1132 373
4 950
383 690
1775 1552
1850 274
1053 841
1756 806
1819 1587
375 1405
1476 1865
1655 1599
1785 77
728 1052
324 3
551 599
1596 951
316 9
549 1486
1155 774
929 1725
1300 1622
1414 1610
382 1155
985 1873
1146 1325
1724 1165
496 941
1325 1512
504 719
245 646
1840 398
1434 189
1085 947
490 986
33 1168
1345 1321
155 321
1284 1405
676 1324
1570 1125
1322 9
777 1469
1914 98
1667 334
1888 1017
1446 1078
1733 186
1712 1315
908 214
1231 1757
319 1053
1875 101
1486 1746
626 1079
710 1810
392 559
1753 942
1632 636
899 580
1179 559
68 556
0 0
1318 927
0 0
1614 643
1393 965
1402 1024
401 1588
1902 235
1575 569
1828 494
1230 321
1612 1743
235 696
1556 259
1722 1724
1797 240
1894 1262
1651 1814
1648 1760
925 350
1373 1334
417 1915
1823 422
1128 942
1731 44
1374 1590
193 841
1182 1105
1033 17
1738 1419
1076 1254
1567 1318
503 1696
689 1022
924 1308
1889 1023
0 0
1510 508
1810 101
1492 1079
1105 947
1520 519
1741 1573
959 893
117 1310
801 971
658 1490
901 1688
1845 241
781 447
1043 1537
236 1902
1611 274
1450 400
905 1657
1094 955
1900 578
1137 1079
1186 290
1288 85
165 94
270 647
1539 1785
1798 328
1216 83
1279 1254
1029 1549
1478 762
751 1601
906 392
1047 836
1070 723
1188 144
1800 620
755 1634
1164 689
176 716
1356 400
1381 231
1804 760
1653 1358
1217 1819
1615 134
1115 1784
1250 55
1392 1330
1287 599
1872 1402
833 559
816 1308
663 1898
473 1842
1442 1819
1239 741
342 302
0 0
1471 321
813 231
1439 350
1537 1710
1855 1085
1867 374
1833 1442
1746 1757
1843 1540
1822 1192
218 451
433 950
1879 16
581 555
749 1341
463 1634
1680 671
762 1652
0 0
1597 1108
197 1739
210 241
1705 1620
323 1256
1021 38
1427 912
1242 301
100 904
181 348
1812 1394
0 0
721 731
1887 1804
1749 1472
1751 1836
923 164
1827 1186
531 1364
204 904
536 301
1645 1366
1353 1800
1640 1554
1803 68
1150 682
66 668
999 1802
1496 1903
957 902
0 0
760 1355
1616 1332
1518 1085
850 1284
1852 1466
1857 987
493 1709
0 0
58 1721
1669 974
1546 1245
0 0
0 0
1362 847
1351 1634
896 388
810 81
0 0
1030 1237
1236 1406
912 1813
1678 1716
567 1284
1606 124
1121 1400
1715 1832
1355 1343
275 1801
566 961
1702 1810
1114 1853
856 161
1903 1600
1283 60
1745 337
1227 760
1853 1457
608 259
1410 1142
0 0
595 1010
416 533
570 1607
225 519
1497 1318
1699 1079
1259 214
1609 28
1133 1258
108 928
0 0
745 559
0 0
1324 223
410 1731
858 296
0 0
0 0
1607 1055
1323 1760
414 690
0 0
1459 1409
508 346
1026 1757
479 403
0 0
1425 6
222 1367
540 1738
1569 511
1727 1343
1309 1548
1681 204
376 1472
497 310
1495 198
1672 326
1385 1520
1579 1355
272 147
1494 1779
1315 73
535 47
1229 695
506 468
696 1308
1198 818
930 898
0 0
1601 816
1829 1877
0 0
1303 1761
0 0
397 422
1394 1323
1863 843
1069 143
1419 1721
454 1262
1714 1551
0 0
442 106
1898 94
1686 31
1877 436
1873 551
1438 1
970 1813
641 1061
255 1366
1779 1902
1635 1465
1665 633
1629 1826
1209 414
1734 1094
1910 110
1359 690
526 1605
1647 1123
1816 1694
406 1268
437 725
0 0
1912 635
1500 1356
1202 274
1268 924
989 1108
0 0
1719 454
1771 1014
1883 177
363 1038
140 35
802 1793
827 689
1228 506
815 1844
