559 376
398 9 14 55 73 76 77 100 247 326 354
276 13 32 47 92 115 123 214 232 264 309 316 330 342 346
301 8 15 33 73 180 258 303 332 357
472 8 25 40 67 95 100 111 184 354
304 9 11 32 73 90 212 238 245 365 373
431 7 5 47 92 110 184 307 338
159 6 3 91 199 318 319 357
472 6 105 171 233 289 334 348
75 3 150 253 288
292 5 88 161 199 232 316
347 11 45 92 96 117 130 135 215 233 263 276 341
383 11 2 60 155 161 232 263 288 309 312 342 348
542 10 91 144 160 188 197 230 246 247 276 297
281 17 3 11 15 23 39 111 117 123 153 156 171 210 267 289 304 341 343
444 8 17 64 144 184 199 260 289 327
548 8 23 133 184 258 298 302 316 343
443 7 32 91 118 229 246 247 355
389 9 22 84 93 131 159 236 288 304 357
159 8 22 32 72 146 178 188 210 312
13 5 266 267 311 313 337
77 8 101 104 126 181 227 275 364 373
163 11 59 118 156 188 211 231 303 309 318 319 363
75 6 115 182 189 316 347 365
358 9 100 120 123 159 197 207 251 288 367
281 10 4 50 91 146 178 190 196 270 303 348
281 7 10 58 107 241 312 360 369
467 9 25 50 113 150 175 247 248 312 365
298 15 1 4 11 73 123 138 180 213 225 276 296 308 316 336 339
39 9 50 128 150 178 199 213 249 272 311
189 12 13 17 44 110 111 142 212 221 225 303 312 363
1 9 10 140 152 234 245 256 282 302 318
152 9 13 39 47 123 126 188 215 260 332
476 10 10 52 92 143 221 236 286 292 330 363
163 7 5 128 205 233 274 276 290
247 9 5 24 107 115 117 286 306 307 324
459 9 71 108 111 278 279 329 341 355 357
556 9 5 122 155 182 258 304 314 319 369
311 13 59 83 97 132 178 181 213 239 269 297 318 356 370
76 7 39 131 152 239 298 302 325
372 9 41 80 131 180 207 213 215 263 344
253 12 27 41 58 71 77 197 199 220 263 306 323 332
497 9 10 105 132 147 212 256 323 343 373
172 9 41 80 118 128 156 210 290 326 357
166 7 16 72 101 192 279 290 324
311 14 18 23 27 75 104 118 133 152 192 205 267 309 333 344
253 8 41 100 155 175 236 265 298 323
138 11 39 131 146 160 184 207 221 238 282 290 297
259 9 1 17 108 110 171 184 212 269 302
229 11 25 41 45 105 118 240 267 277 303 308 321
137 10 39 40 50 90 128 215 249 286 318 367
66 10 56 95 138 177 217 246 272 286 311 346
347 12 35 52 67 71 159 171 175 211 238 308 341 350
51 12 22 46 50 84 181 220 248 302 313 318 337 363
331 13 22 23 113 142 175 180 229 232 241 279 296 313 356
498 9 95 133 176 206 231 233 234 263 336
293 11 11 23 33 71 96 103 122 201 264 309 349
100 13 47 68 130 133 182 239 240 286 303 317 322 332 370
277 10 41 59 107 140 199 207 220 238 248 264
408 19 4 7 59 106 155 161 199 207 245 253 256 279 296 322 335 337 346 354 356
249 6 79 101 238 304 308 342
31 8 64 110 192 341 347 350 364 365
19 10 27 143 150 181 189 211 266 286 370 371
71 7 22 72 109 118 143 146 153
290 6 76 147 217 264 298 360
283 12 41 180 181 192 229 231 238 248 279 327 347 356
263 9 58 105 107 180 199 221 257 293 304
291 9 14 17 93 146 153 182 220 263 334
10 8 75 79 92 207 245 278 294 325
91 11 77 80 96 130 229 230 246 269 348 363 369
329 9 25 27 93 159 199 251 265 319 338
132 13 71 97 156 161 221 239 246 248 260 278 286 298 334
105 8 14 35 191 227 231 272 297 347
398 5 120 128 253 278 335
337 8 24 29 50 95 120 317 337 360
279 9 24 40 88 93 106 236 264 349 360
156 11 4 10 76 80 183 258 288 355 357 363 365
367 6 15 101 109 229 230 231
346 11 7 43 81 83 101 153 212 232 249 282 373
453 8 46 52 79 108 233 257 276 333
478 6 11 35 150 248 326 373
279 7 123 135 180 266 293 317 369
480 6 76 163 188 229 274 328
403 7 4 118 181 192 325 332 349
13 9 4 18 118 142 171 206 227 292 346
368 14 11 32 52 58 91 96 103 146 151 156 290 311 329 350
178 12 43 44 46 52 64 113 156 192 274 294 344 371
347 8 64 118 155 156 188 245 303 307
267 10 10 44 155 212 220 248 263 268 308 356
531 7 43 75 101 251 270 329 365
141 13 25 44 67 147 160 182 199 212 258 260 266 327 350
209 5 44 96 140 143 298
369 14 2 7 18 24 60 64 113 144 231 249 288 332 340 357
458 7 32 161 178 240 246 264 330
243 11 6 16 97 115 151 178 181 196 316 335 365
298 7 29 76 79 178 264 270 306
325 11 45 68 131 133 138 146 159 298 322 371 373
207 8 1 29 52 55 101 225 267 330
152 8 25 55 84 99 108 191 240 306
100 6 91 109 138 233 292 326
105 13 7 39 41 45 64 81 149 184 213 308 325 355 370
198 11 6 13 60 80 110 163 197 210 268 277 280
410 9 16 27 41 71 290 294 298 318 332
27 7 115 120 156 256 280 321 337
133 7 16 43 60 81 211 246 316
558 10 3 15 18 75 96 113 190 290 323 367
471 17 6 10 16 25 46 60 103 117 135 160 184 217 248 272 276 303 349
310 13 17 18 37 44 58 123 144 157 160 212 290 307 313
109 10 10 14 18 40 104 334 349 355 356 363
474 4 15 60 80 253
503 11 58 100 111 117 147 182 212 215 248 251 317
175 7 3 109 123 292 308 323 332
76 15 18 35 39 58 68 99 111 231 241 260 316 321 324 338 357
247 5 29 240 294 316 319
241 6 118 212 217 298 338 369
481 14 37 75 97 103 144 160 214 234 248 286 290 304 342 373
378 7 64 93 189 294 317 343 357
293 10 47 96 97 117 215 312 324 327 336 370
367 10 47 52 153 207 306 323 332 341 342 355
410 6 16 95 190 220 247 307
132 11 10 58 79 84 138 191 214 231 258 360 365
514 5 80 135 229 318 328
111 12 18 95 107 108 117 171 269 302 307 338 341 354
496 16 113 118 192 227 241 251 263 264 307 316 317 318 329 346 357 373
277 5 131 143 163 175 302
101 8 64 159 266 276 304 311 336 346
526 7 10 23 231 269 270 279 339
70 7 80 144 188 229 247 317 321
218 8 24 40 81 93 109 120 214 312
368 5 153 157 249 338 343
261 6 22 73 106 312 322 334
219 11 3 4 37 60 106 178 184 229 278 349 363
253 14 2 13 39 103 104 105 233 272 297 334 344 350 363 370
175 13 3 15 104 113 120 143 144 160 176 184 221 306 313
483 16 6 25 35 41 46 97 126 149 181 205 253 260 263 293 308 318
502 8 41 73 75 95 110 199 240 369
523 9 80 122 138 140 142 227 249 317 347
244 7 7 103 107 123 138 196 328
395 12 24 77 117 142 155 190 212 245 321 338 348 354
450 14 18 58 80 91 97 118 123 153 210 241 293 324 333 365
227 9 40 68 81 106 130 181 239 322 360
430 13 23 52 101 106 120 181 220 227 266 269 313 341 369
466 8 3 50 132 181 215 233 317 326
357 7 11 81 175 205 217 276 297
206 12 29 52 68 84 105 146 160 212 234 327 338 365
533 6 2 131 157 217 290 333
313 6 44 280 288 324 344 373
2 6 43 64 93 118 214 238
124 14 22 23 24 101 128 159 177 192 225 294 312 328 337 369
386 10 25 33 56 91 100 123 130 220 329 364
111 4 2 39 95 333
145 13 11 18 39 76 84 103 150 178 220 229 257 288 302
96 3 1 14 118
396 7 3 73 91 153 214 297 370
424 6 15 140 316 337 339 343
540 10 17 60 90 133 144 180 247 264 367 371
542 9 6 18 113 197 264 280 293 298 325
283 9 29 72 123 234 251 276 328 332 341
293 7 64 101 140 153 251 293 367
542 12 81 88 101 110 135 149 150 163 210 342 343 349
495 13 4 80 128 146 201 207 231 304 311 316 319 327 340
526 5 27 88 90 157 278
172 9 5 32 77 123 142 189 192 278 302
542 7 16 29 71 205 240 337 348
216 8 27 40 76 92 110 146 207 268
551 9 29 45 93 199 217 247 257 266 373
268 6 15 16 111 178 214 317
558 10 60 92 110 133 180 207 231 232 270 290
35 12 13 14 44 79 93 231 241 251 329 350 357 373
13 7 52 101 217 302 307 354 365
168 8 22 123 181 247 256 269 292 316
96 9 14 52 58 96 182 258 278 329 348
222 5 131 146 267 311 356
478 10 3 29 46 50 188 197 220 256 268 327
399 10 80 189 197 206 207 221 230 314 346 363
512 7 123 274 286 292 311 329 335
302 9 32 39 103 109 111 212 227 241 304
499 9 45 81 95 103 138 157 175 215 279
241 12 13 67 73 76 77 97 217 278 293 333 336 348
133 8 14 58 59 163 206 266 292 334
156 10 23 77 140 197 199 265 270 289 348 373
404 12 47 73 106 138 184 217 239 277 313 328 340 371
42 8 1 76 96 97 234 318 335 342
283 7 10 103 163 221 229 290 350
105 11 37 39 110 111 149 180 182 184 307 363 371
523 12 16 111 156 189 220 269 276 304 314 335 344 346
5 7 50 68 201 241 248 286 373
453 8 27 135 149 192 212 246 268 292
103 3 37 50 275
520 5 80 130 146 157 215
480 8 13 17 32 107 135 207 230 313
273 11 1 76 83 146 161 197 205 211 220 318 325
204 6 16 79 92 105 149 217
410 12 2 17 27 68 84 135 212 214 270 294 317 325
337 13 5 7 14 22 23 47 71 97 120 155 177 183 272
458 12 10 64 128 135 147 149 157 205 213 338 339 365
287 10 4 58 80 99 108 110 155 184 258 334
512 7 6 14 43 90 251 297 309
119 12 27 41 76 142 149 230 289 318 319 334 339 360
5 9 59 126 182 191 266 279 314 316 347
466 12 41 52 81 83 181 188 225 240 257 329 340 343
430 10 17 22 25 101 220 227 280 306 326 341
457 8 97 111 151 157 163 316 339 365
399 11 5 22 58 79 118 131 177 196 245 314 326
105 5 16 191 199 239 289
469 8 4 23 188 192 246 275 282 292
227 3 25 140 293
463 9 1 40 79 264 290 330 334 336 342
74 10 80 175 181 182 245 260 277 292 297 319
276 8 159 191 213 269 332 334 350 367
526 10 72 106 140 152 292 307 316 317 336 365
386 12 18 29 81 103 227 230 232 238 314 330 340 354
10 7 77 80 108 189 201 249 270
491 8 27 41 44 52 56 183 325 326
337 12 93 105 107 108 196 239 282 298 307 323 356 370
264 5 32 79 146 157 210
278 12 3 5 96 143 152 180 182 210 313 316 356 357
153 4 44 196 336 364
201 9 123 161 189 196 227 233 234 278 290
159 13 3 80 118 132 155 212 240 258 267 272 278 279 309
549 5 25 52 197 207 297
408 10 27 67 79 103 144 201 214 278 316 328
496 11 27 90 105 120 221 265 308 313 316 339 373
550 12 35 44 72 99 159 181 189 239 257 322 337 355
309 12 106 151 190 206 227 249 272 292 313 322 328 340
85 14 4 13 88 131 153 180 196 205 267 279 316 317 349 365
241 6 107 188 225 269 307 337
430 5 68 72 153 214 335
40 10 33 47 97 110 147 266 336 355 357 373
292 5 32 83 132 307 317
518 6 2 130 161 247 311 343
291 9 3 25 83 111 183 227 246 282 337
437 3 14 96 340
248 9 2 3 104 105 155 163 178 260 306
206 9 29 39 47 138 183 258 260 263 341
527 10 6 45 92 103 108 113 206 233 318 363
548 13 122 143 150 155 253 264 266 272 303 318 322 341 371
396 13 15 18 25 46 131 142 206 213 214 263 297 356 370
253 8 100 130 192 245 266 326 347 365
378 14 88 199 205 207 230 231 248 265 266 268 276 297 341 371
506 11 5 16 39 50 62 97 111 128 184 238 360
239 7 81 113 181 192 241 246 329
239 7 120 214 269 289 294 348 373
498 4 47 159 240 357
556 6 15 214 217 233 251 282
217 4 81 128 143 268
304 7 10 92 150 213 225 230 292
558 15 27 160 163 231 241 246 247 292 309 327 336 337 341 347 354
13 10 18 105 115 152 176 190 249 309 322 349
298 6 16 62 272 330 346 349
201 7 83 115 176 245 298 335 371
253 11 76 131 144 149 161 175 221 236 311 312 325
14 11 22 23 40 44 212 249 289 294 317 332 367
247 11 2 15 35 64 133 190 258 288 336 341 350
367 10 33 106 178 211 233 251 329 344 354 356
46 8 96 130 161 234 277 292 297 356
216 14 109 117 197 215 220 246 258 279 289 296 302 335 338 356
286 9 39 83 105 111 151 191 196 240 280
220 11 90 111 138 161 246 274 304 306 316 318 322
356 8 64 67 97 122 128 312 337 350
20 11 111 133 151 156 236 241 277 278 339 357 360
1 12 35 50 67 100 122 133 155 184 221 241 268 341
261 13 7 64 159 191 213 220 246 260 276 280 290 330 337
13 9 41 138 143 231 246 282 298 309 354
28 12 73 84 104 144 147 151 210 268 277 319 321 323
206 9 37 46 76 80 81 191 210 266 369
543 7 35 56 147 177 227 239 344
428 6 15 109 211 272 279 348
457 3 215 258 330
58 11 43 71 90 152 239 256 293 323 338 343 354
8 4 110 288 332 342
311 9 3 143 184 230 319 328 333 334 356
520 7 1 47 84 152 253 278 311
13 10 10 14 22 93 105 131 214 267 274 319
315 13 43 111 135 144 197 247 248 256 263 348 356 364 373
138 12 7 22 135 147 159 191 253 256 278 308 343 363
398 15 4 10 11 47 75 81 91 131 176 211 215 232 294 340 373
325 4 6 270 278 279
141 11 72 83 110 156 177 239 303 327 335 337 360
13 12 16 18 144 177 213 257 266 312 319 329 350 354
314 7 37 115 118 306 323 329 363
512 12 1 56 81 130 140 144 149 150 171 181 214 328
340 13 15 67 97 103 189 201 217 236 267 274 290 304 313
399 13 4 25 96 140 147 150 176 241 277 279 308 323 335
278 6 3 97 152 192 260 272
532 7 68 96 131 192 213 248 258
439 9 32 40 41 95 101 241 313 360 365
209 5 29 241 327 355 363
554 13 39 72 76 155 213 221 236 251 265 277 328 347 367
440 8 2 128 184 260 293 309 340 349
277 10 3 46 96 106 138 213 274 279 308 316
378 16 23 24 29 62 96 113 120 138 155 156 178 232 239 316 327 357
396 14 3 4 35 60 81 142 197 199 201 248 253 272 328 357
430 9 77 117 120 150 211 212 288 348 360
476 8 11 59 99 104 120 126 302 364
331 7 45 77 147 159 231 307 316
124 12 17 29 39 93 126 144 197 205 267 311 321 371
293 10 45 79 176 190 232 272 294 298 322 336
45 7 37 44 73 304 311 321 343
173 7 43 103 230 238 296 297 324
5 11 17 25 56 90 132 133 184 230 233 288 354
431 9 10 43 44 81 183 247 253 348 356
425 9 55 67 105 113 149 207 256 270 333
167 11 13 24 100 104 210 267 292 316 344 349 365
268 9 50 92 128 188 191 213 278 282 329
366 4 14 52 339 365
1 10 33 117 122 140 163 207 263 292 319 346
201 7 18 131 199 260 340 349 365
131 6 115 147 188 272 334 355
279 12 24 50 76 96 221 251 266 276 290 304 332 343
532 8 50 101 205 214 267 282 346 349
496 11 29 35 37 44 58 110 176 302 329 347 349
135 8 2 10 29 143 197 199 214 220
551 11 73 105 111 146 151 163 171 213 265 277 324
241 8 14 25 52 56 100 144 184 364
81 10 4 35 39 105 232 238 267 269 286 340
369 8 44 67 72 245 246 278 289 346
82 8 67 132 149 197 306 307 312 369
346 12 14 18 64 75 80 138 182 246 251 297 313 341
458 11 2 4 100 117 182 188 277 280 293 303 325
290 3 115 189 249
463 6 33 80 100 201 260 296
172 4 115 233 321 324
236 8 1 3 52 72 146 184 268 289
89 9 25 44 50 105 191 192 205 292 373
337 13 4 5 68 132 147 177 197 207 213 229 258 329 340
424 7 25 55 207 279 309 335 337
243 9 33 67 80 214 279 334 337 350 365
331 7 17 22 40 236 257 343 347
35 7 22 67 126 155 279 337 355
172 6 64 97 302 324 328 369
457 14 10 24 35 81 130 131 161 238 264 280 314 317 340 355
497 11 64 132 183 215 257 267 282 297 306 326 328
551 9 39 128 135 171 205 279 290 294 337
450 16 151 212 247 256 260 278 302 306 323 324 335 341 343 349 354 373
415 8 50 97 123 159 184 263 340 349
20 9 1 41 76 88 177 257 276 308 317
457 7 104 109 147 247 265 276 367
463 12 4 7 43 45 59 177 233 251 292 294 334 338
60 11 27 177 180 247 253 275 292 328 330 347 363
172 12 13 90 104 135 161 191 207 229 266 276 349 350
474 12 6 77 100 188 192 205 231 236 289 316 319 326
463 10 25 32 33 55 72 113 115 240 247 360
138 8 77 83 95 190 263 274 316 332
194 9 43 161 175 215 256 275 342 343 371
8 8 104 144 159 161 175 188 220 373
248 12 23 24 32 52 107 130 160 212 215 277 293 325
512 8 60 115 128 135 157 160 307 309
422 7 33 90 100 126 161 311 314
389 10 4 97 132 138 142 160 184 233 246 278
124 6 47 81 91 111 296 364
327 10 15 35 76 96 176 197 234 239 253 335
460 10 3 18 24 27 122 197 217 233 274 347
397 10 41 64 75 115 122 236 325 328 334 340
558 8 64 75 123 163 212 289 325 329
404 7 62 67 79 215 232 246 326
43 10 3 39 92 93 138 161 256 338 343 367
222 11 2 60 88 103 128 183 227 241 268 313 340
231 9 68 118 128 135 152 159 282 307 354
344 4 73 75 269 297
63 5 178 206 256 355 365
81 9 2 75 109 142 161 175 266 308 311
558 5 18 46 155 234 297
387 12 2 33 79 176 197 220 227 246 293 302 318 356
471 14 32 118 146 152 153 157 181 199 211 246 292 309 338 343
480 9 32 59 118 151 211 212 215 314 326
180 10 60 110 131 160 205 214 220 256 338 369
211 5 83 88 251 257 296
431 11 60 71 92 97 142 146 149 304 340 346 364
96 5 39 101 256 327 363
242 8 88 108 279 308 336 346 349 370
153 5 60 62 205 215 360
463 9 23 88 176 266 276 309 312 316 344
38 10 2 72 88 100 103 111 190 239 269 314
357 4 91 123 288 338
94 6 92 157 234 258 275 350
201 8 92 99 231 234 246 268 321 373
282 8 52 81 199 229 233 241 343 360
247 11 50 72 201 245 263 279 307 322 325 344 371
99 8 1 4 68 140 156 247 258 288
7 10 33 40 81 149 177 264 266 312 341 350
31 11 13 37 60 77 84 146 153 163 282 321 348
291 10 4 16 17 40 79 240 286 327 348 354
414 9 23 149 220 272 307 313 355 363 364
552 12 1 71 97 115 146 177 191 206 207 214 253 306
523 8 13 27 52 101 213 231 286 313
74 7 68 97 171 221 240 249 282
337 8 16 72 128 152 211 263 332 349
489 14 2 18 46 64 72 77 92 93 106 248 260 292 321 336
243 11 47 50 67 140 146 151 229 260 267 322 360
398 12 35 73 84 107 120 180 214 233 258 278 312 364
485 10 15 77 131 133 160 163 184 279 316 356
226 13 2 35 44 104 159 189 192 227 258 279 316 318 340
56 6 90 138 230 246 253 330
462 8 72 75 144 182 265 289 333 349
105 10 33 35 64 133 266 267 337 349 357 373
175 3 241 340 354
344 9 2 15 83 91 199 205 256 335 365
247 11 4 18 29 150 156 163 176 183 190 253 339
542 9 29 33 120 150 214 239 297 337 370
261 10 23 39 88 95 122 126 133 153 327 373
558 9 27 44 46 126 152 260 267 325 347
106 9 14 44 68 84 109 196 265 334 344
473 5 171 175 232 264 324
497 5 52 123 142 248 311
279 4 46 56 225 229
231 5 251 328 334 338 355
430 7 2 120 233 270 322 342 373
219 8 2 23 44 101 211 214 239 323
457 9 22 68 97 142 146 265 269 292 328
293 10 1 15 72 104 161 210 215 288 324 349
471 11 7 11 47 138 163 215 265 276 319 321 357
512 7 32 143 206 214 303 324 332
346 12 44 143 180 191 211 232 256 260 270 277 328 338
471 6 29 99 213 308 347 364
378 4 196 220 323 332
436 10 24 81 111 181 191 227 292 298 346 373
543 5 6 22 105 126 370
35 7 18 83 97 126 175 180 306
241 4 2 176 197 270
1 9 50 72 75 81 108 146 221 354 365
70 13 2 29 130 151 157 176 241 286 293 318 344 349 369
56 14 6 18 29 59 60 71 97 120 159 177 289 303 330 371
256 6 35 64 211 297 339 340
120 9 81 105 183 201 210 253 256 319 350
511 11 1 15 126 161 211 231 241 290 316 328 338
366 5 55 329 330 354 360
409 8 4 44 115 126 245 248 275 336
220 9 45 58 77 147 265 280 282 298 350
111 9 93 120 248 270 275 314 334 341 354
480 8 32 79 84 122 144 181 182 197
325 4 221 268 303 360
274 5 13 106 143 229 279
347 6 120 150 199 289 339 348
251 6 25 138 177 233 332 369
144 10 13 71 122 142 144 149 153 260 263 340
131 10 45 55 128 151 232 247 249 263 280 312
2 11 56 75 77 91 181 249 277 288 294 326 370
428 6 23 35 131 217 251 360
132 8 55 177 183 190 196 276 282 371
194 13 67 68 73 128 144 160 178 196 232 249 329 343 370
450 7 29 35 46 211 274 290 313
142 10 24 45 108 117 144 149 192 290 313 371
146 11 7 32 40 97 248 251 294 317 324 349 363
542 6 97 171 197 229 245 288
167 9 75 111 123 178 201 230 290 343 369
275 7 160 176 191 227 229 248 312
472 7 37 47 155 256 270 343 356
251 14 72 75 81 153 192 220 221 239 253 286 296 338 341 354
268 10 46 79 80 104 115 149 263 298 313 357
286 7 58 96 131 147 152 221 288
290 6 107 138 143 199 347 348
388 9 6 18 37 107 108 133 227 272 371
253 11 29 60 79 109 178 246 257 308 324 328 339
289 11 17 131 152 221 275 280 322 330 333 335 340
280 12 10 22 64 101 130 140 144 157 215 251 256 312
366 8 37 55 123 175 230 257 282 286
558 13 37 68 100 113 143 147 149 225 251 313 319 350 357
162 6 62 83 101 286 337 370
146 17 7 35 60 67 68 90 91 110 117 130 230 231 234 266 312 339 371
552 7 24 45 93 246 266 332 336
467 5 22 108 133 140 363
433 5 5 39 45 62 318
331 15 25 47 58 68 103 180 213 229 230 249 293 308 311 326 360
84 7 58 62 84 95 188 230 313
529 9 47 120 138 155 189 206 230 325 357
261 11 72 83 120 205 229 246 256 303 304 316 318
356 7 118 120 246 276 292 325 364
403 11 62 68 84 151 180 182 249 277 343 347 369
100 5 2 60 292 312 325
211 8 146 181 196 214 307 308 325 332
222 8 1 3 25 68 108 156 343 357
378 17 13 22 45 52 72 88 97 133 152 156 199 276 279 293 322 334 365
357 7 16 17 106 182 260 337 364
378 10 47 97 108 143 191 236 241 246 296 319
412 10 10 27 46 58 93 107 152 177 290 330
251 9 29 35 118 188 196 280 293 296 326
298 3 278 289 325
11 14 83 108 206 263 268 272 276 286 288 313 334 338 339 356
345 8 16 43 93 108 211 270 317 318
247 9 44 75 110 133 182 232 234 292 303
72 6 2 152 161 247 275 314
280 6 13 68 149 275 279 280
293 6 52 101 211 239 270 354
532 4 46 67 272 360
414 7 11 40 88 91 109 161 268
459 7 1 58 64 106 234 316 337
372 5 25 46 227 349 365
397 9 3 5 23 75 123 130 140 150 319
512 8 2 72 152 182 236 239 269 328
239 5 7 10 37 67 131
251 10 18 44 77 84 122 163 182 199 211 240
382 6 7 22 146 266 277 279
133 14 22 29 68 92 93 103 117 238 240 277 335 344 347 360
295 17 25 40 55 107 111 115 131 157 182 189 206 233 268 278 292 344 364
266 8 130 151 161 177 182 190 319 356
378 10 1 108 126 212 232 276 307 339 343 355
512 13 5 13 81 84 109 126 130 153 176 188 192 212 214
292 8 16 18 39 253 256 318 325 346
306 6 5 7 212 290 326 344
410 9 17 143 149 150 184 205 232 247 325
552 6 14 88 95 153 327 330
150 11 5 52 122 135 188 197 264 270 313 333 364
346 7 4 44 81 110 257 318 323
60 7 1 2 13 138 177 231 302
13 9 4 52 55 62 128 144 238 304 363
105 7 41 50 80 258 334 356 360
516 5 6 105 191 293 348
383 12 25 80 84 107 181 190 227 229 264 339 340 369
175 9 23 32 83 92 117 182 190 266 267
77 12 37 41 76 133 225 249 251 267 268 302 334 348
251 10 67 75 99 113 130 183 201 227 290 365
558 7 59 108 111 276 277 338 356
506 7 62 80 107 115 133 354 356
466 10 18 58 88 95 128 225 227 317 322 344
210 6 76 144 190 197 233 239
27 7 47 72 96 126 153 233 286
180 11 37 44 83 113 143 156 196 292 325 339 340
476 11 50 77 150 153 157 182 188 248 251 288 373
7 13 27 41 55 80 113 140 153 184 225 289 296 317 348
277 7 131 151 182 211 266 321 355
133 7 22 142 151 180 238 328 371
144 11 13 45 60 92 105 117 126 231 274 290 343
472 11 40 67 128 130 159 160 192 199 246 289 325
160 7 37 73 180 239 286 308 373
447 7 15 135 150 153 302 306 322
370 9 14 39 107 176 247 275 276 336 373
150 9 3 7 110 120 122 140 190 197 274
59 8 93 215 221 227 321 337 347 357
390 8 39 92 103 201 258 279 326 348
398 14 4 13 29 75 153 184 189 268 275 298 303 329 332 349
6 4 52 100 160 163
558 10 58 71 96 126 130 142 163 246 316 336
163 13 2 4 46 64 133 181 210 236 288 302 311 338 350
458 8 32 67 133 217 246 256 337 370
537 13 43 47 55 84 92 100 109 156 177 191 206 232 335
169 10 2 75 88 107 133 152 161 247 248 323
487 8 11 18 101 113 140 149 190 275
84 8 97 149 176 197 225 241 343 344
342 10 16 90 93 105 149 191 214 227 292 336
132 8 45 92 100 110 147 278 317 340
480 9 40 41 81 83 84 233 249 321 342
337 7 23 79 239 256 292 312 349
331 15 5 15 43 46 96 97 113 122 138 155 183 206 215 249 341
428 8 18 41 81 107 130 265 266 309
229 10 35 117 126 133 159 181 212 241 268 296
35 5 41 142 144 229 278
399 7 47 56 64 67 191 230 314
132 5 35 44 232 240 321
520 10 29 32 55 111 258 318 332 357 360 367
169 5 33 55 76 190 333
40 10 45 190 191 221 265 270 286 317 327 364
34 10 47 55 111 151 180 191 201 215 231 332
227 3 93 314 371
206 10 6 35 40 108 111 135 181 236 297 316
268 10 11 60 140 153 230 233 247 266 312 328
163 8 64 80 90 109 144 260 264 304
502 11 22 60 73 104 146 150 196 241 296 341 365
480 12 41 103 110 120 175 184 278 294 298 321 336 364
406 7 10 73 113 188 298 321 342
279 192 100 274 146 324 248 67 15 126 356 279 327 241 146 256 270 147 131 329 309 214 234 292 4 269 302 4 79 371 84 197 1 15 184 215 312 340 76 157 307 188 132 140 231 22 277 357 33 319 263 2 268 316 17 210 43 314 260 133 231 156 171 41 278 18 329 142 221 197 103 175 33 176 4 160 11 131 348 312 132 97 269 122 188 144 5 238 64 180 105 220 39 128 14 267 47 90 17 238 130 322 247 346 39 56 155 4 13 239 232 371 294 56 206 238 39 215 106 176 32 317 95 196 338 239 40 253 349 199 50 364 143 39 289 43 142 95 152 176 229 29 101 99 247 369 246 35 201 135 113 272 5 73 18 23 357 332 115 364 220 240 108 189 304 288 339 6 106 247 68 1 197 138 280 267 191 153 107 58 3 355 92 177 341 326 105 72 71 182 32 325 110 25 76 292 337 32 225 123 214 150 27 109 73 183 67 77 147 373 276 37 282 286 25 307 91 111 276 275 350 45 11 308 62 59 150 334 24 40 302 213 126 80 132 32 249 55 296 196 347 23 290 212 83 60 131 297 159 161 311 110 346 107 207 363 323 45 214 95 109 238 88 77 75 233 52 317 147 328 264 348 303 343 251 289 16 230 337 81 245 117 293 25 205 227 276 313 14 92 2 211 171 175 212 367 306 266 342 217 128 265 110 178 306 96 104 39 190 360 290 205 258 90 44 151 10 181 336 118 231 232 292 321 149 152 50 156 333 265 10 220 108 1 257 298 344 360 236 354 14 93 171 251 344 370 335 373 275 7 46 221 190 363 354 324 253 247 330 339 120 220 178 60 318 277 146 344 272 163 309 365 161 44 292 247
