1630 271
1445 4 19 61 77 252
126 2 166 203
329 3 207 240 258
1185 3 39 56 106
237 7 19 110 112 141 155 200 209
1227 3 58 110 234
683 3 7 35 82
530 4 9 45 101 184
1484 6 55 111 176 206 226 257
939 6 52 82 124 184 229 238
1607 3 10 188 217
1539 6 26 36 49 76 166 233
922 2 95 203
832 7 6 54 89 175 198 235 261
495 4 115 141 142 252
13 4 59 90 107 244
488 5 63 105 129 152 188
478 2 15 81
1196 3 11 78 119
362 3 1 168 170
1514 3 30 62 131
1476 5 57 62 86 177 197
1242 2 30 84
1367 8 28 44 119 120 128 130 258 269
525 6 1 42 125 159 170 186
1018 5 86 107 164 192 217
837 3 46 108 140
1326 5 18 70 165 178 212
749 3 109 227 229
994 4 3 29 57 207
277 5 2 74 180 217 245
983 4 24 64 163 207
1518 5 81 199 204 209 237
680 5 44 117 128 152 202
725 6 6 129 159 193 214 246
20 4 23 56 130 225
349 3 27 44 92
764 6 44 85 155 173 174 224
698 3 16 79 270
512 8 16 97 105 106 140 170 180 263
69 5 46 222 228 248 249
1379 5 4 44 70 181 196
81 7 4 71 144 191 193 250 253
266 4 78 179 212 269
685 3 68 169 218
872 5 1 29 65 115 145
826 5 30 54 135 192 246
835 3 18 150 163
109 7 60 131 156 177 196 205 209
648 1 259
1549 3 7 25 119
1309 3 41 48 228
1606 5 13 96 114 173 234
554 2 14 104
1196 6 4 40 82 118 149 167
1582 3 83 168 182
411 2 93 133
299 3 121 169 249
169 4 13 29 218 252
32 5 37 43 138 215 232
439 3 47 121 124
750 7 9 140 171 233 239 256 257
460 5 6 143 173 181 229
1309 1 210
111 7 80 90 192 205 220 230 247
1529 3 26 49 100
414 1 219
1183 5 5 50 201 240 259
870 4 22 75 134 188
807 5 28 37 60 106 244
1344 5 68 147 209 222 238
747 3 68 198 207
1349 2 5 227
1088 4 41 49 141 164
755 3 23 42 84
505 1 146
527 3 182 232 259
986 1 71
1213 4 28 31 168 248
483 6 45 52 57 238 253 257
1265 7 1 39 97 137 204 218 236
981 5 103 104 153 231 236
201 7 30 36 69 84 117 221 260
209 5 12 84 121 198 204
1281 2 124 256
1150 6 63 90 98 128 178 214
1519 4 47 89 115 155
1111 11 20 30 96 123 146 186 217 224 230 263 264
565 1 17
412 8 22 48 55 94 108 178 201 237
77 5 7 73 83 146 209
641 3 99 228 250
1372 6 17 36 62 168 233 251
943 9 37 43 49 65 66 143 145 194 256
339 7 39 57 62 84 108 128 269
730 8 4 23 62 75 157 171 195 231
161 6 13 19 41 46 231 265
567 5 3 43 101 107 190
1076 3 141 152 162
1318 6 18 47 90 116 129 261
745 2 107 135
768 3 107 116 141
543 5 42 147 170 171 224
1293 4 10 16 150 169
1604 5 106 111 125 126 244
254 4 78 91 97 125
1535 4 134 154 156 240
1385 1 63
462 2 114 214
685 5 106 128 178 207 248
1554 6 1 108 136 165 197 261
1430 2 27 114
724 2 240 252
400 3 182 205 248
488 3 18 216 255
1321 3 7 26 129
286 5 56 127 154 230 232
1620 4 122 136 161 264
1325 5 100 144 181 214 266
1453 5 9 119 122 203 228
831 2 85 171
32 5 28 55 76 143 212
219 4 0 91 168 195
242 3 117 162 188
1524 6 27 57 90 148 195 268
890 3 152 153 177
505 3 18 145 172
641 5 16 88 209 236 246
966 5 120 125 150 240 264
1489 7 10 11 148 166 179 230 256
1109 7 5 64 70 76 102 139 237
47 6 32 68 112 219 233 239
488 2 16 216
258 5 6 14 100 170 192
832 7 6 21 31 137 199 231 265
1583 4 79 176 225 267
438 7 3 25 93 117 202 228 249
1199 3 44 247 252
940 1 155
324 6 30 109 110 129 149 256
531 4 44 144 231 263
736 4 8 124 144 159
300 6 22 133 171 186 243 250
145 5 11 59 66 100 139
1575 4 11 149 228 255
1371 6 5 76 100 193 195 197
386 6 0 63 136 201 212 259
249 3 6 64 155
639 2 149 226
255 6 21 37 105 138 159 235
994 2 63 102
805 5 77 130 185 201 240
1326 5 98 113 141 151 266
1233 4 19 124 145 209
1125 5 82 128 164 251 269
1458 4 198 220 232 236
378 2 130 145
1238 5 48 61 82 138 173
276 3 13 79 98
1369 5 39 61 197 247 266
315 5 40 72 99 125 210
254 4 80 126 145 162
210 4 39 89 138 251
1537 4 13 38 89 247
801 3 180 211 231
167 4 7 93 142 266
403 3 4 45 72
616 4 2 61 81 187
1169 2 32 159
742 5 33 95 143 167 265
1026 2 111 247
634 5 29 86 100 221 258
782 2 90 221
1114 2 56 231
60 2 61 186
789 7 0 2 55 63 81 176 223
186 2 38 178
1119 3 99 210 232
74 4 140 141 201 263
1242 3 110 112 120
990 5 70 88 146 185 187
655 5 110 116 195 204 233
477 4 64 86 129 267
461 6 1 22 63 136 139 215
1150 2 5 21
1280 6 28 55 77 93 135 180
628 3 31 144 153
1418 2 14 262
957 3 12 87 171
1551 4 68 113 135 221
134 4 29 43 112 227
812 4 101 177 192 233
1575 4 59 83 154 173
1529 2 48 83
1108 9 38 49 107 112 126 129 132 191 267
386 5 17 57 88 255 265
12 4 69 151 174 190
231 2 128 212
997 3 44 228 253
913 6 49 109 136 138 169 219
1150 5 52 112 145 161 172
1451 3 76 201 206
168 4 4 11 46 72
365 2 146 187
1001 5 14 61 81 109 200
976 5 12 91 217 244 270
1186 6 103 131 133 165 220 258
1300 3 45 154 236
1526 4 33 130 190 217
551 2 108 162
1549 7 4 160 185 194 255 260 267
1105 6 81 123 153 201 230 248
1181 5 52 205 206 219 235
107 5 38 42 75 134 158
960 5 49 87 125 176 233
727 3 39 58 168
978 5 53 119 209 221 223
866 3 51 153 261
26 2 55 123
401 3 17 95 241
319 5 8 46 106 129 250
1208 2 8 79
1059 8 73 76 79 90 247 249 262 268
190 4 90 143 171 217
635 6 3 49 72 194 205 241
1327 2 181 256
1240 4 61 63 175 225
1233 3 164 166 228
1035 3 0 38 86
1012 4 47 109 172 236
570 4 9 88 217 246
1412 2 104 160
651 4 46 73 132 156
1510 6 33 183 191 206 208 236
286 6 11 52 168 222 232 256
107 8 8 36 51 58 189 190 198 234
1300 2 9 153
304 2 178 243
168 4 78 188 227 252
1031 4 49 78 149 180
1299 3 41 206 265
913 1 13
679 3 21 28 219
1153 6 0 23 51 93 170 224
527 3 5 170 243
823 3 103 189 230
817 4 25 54 93 166
1444 5 19 41 85 217 246
201 6 59 82 156 187 196 231
515 5 11 120 136 187 225
120 3 36 162 239
1106 2 53 240
1221 6 44 58 83 121 158 184
295 4 23 62 141 252
105 5 29 41 152 204 235
1458 4 2 27 90 253
767 8 26 32 50 97 123 211 221 247
1505 4 37 69 90 215
370 4 99 127 188 194
159 2 136 208
134 3 7 97 256
574 3 48 49 55
945 3 88 113 174
46 5 23 116 150 198 263
648 3 65 107 158
585 4 11 62 224 244
1611 8 42 85 87 102 110 186 202 219
981 6 33 35 74 190 198 217
771 4 8 77 122 131
1385 4 58 62 168 198
468 6 16 31 63 112 230 266
644 9 1 6 34 103 117 148 192 230 256
710 5 48 62 131 160 259
751 6 39 46 76 119 221 243
1507 3 22 108 212
989 4 10 21 132 225
398 4 7 50 171 242
1528 3 55 141 161
1162 8 85 86 135 152 170 183 184 246
917 2 218 269
606 1 71
637 1 189
76 5 0 174 175 198 262
1385 5 19 75 133 207 244
952 7 88 136 139 172 203 221 247
411 4 108 122 147 151
1208 7 15 26 86 98 181 196 217
566 2 130 204
554 6 10 27 84 122 157 211
426 4 97 125 144 186
948 3 211 213 238
1528 4 87 93 169 194
256 2 234 249
1306 6 37 56 101 102 200 258
788 3 16 49 54
1477 4 81 115 142 193
1040 7 59 104 114 119 160 258 265
1467 8 19 34 77 109 135 142 223 253
632 3 46 91 240
1280 6 7 56 105 132 146 171
1339 2 88 175
1579 1 56
857 4 116 123 124 142
1160 2 109 130
412 1 81
376 7 28 38 93 146 186 213 260
1464 4 36 85 97 198
718 5 56 134 146 157 211
506 7 9 22 153 192 208 216 237
1255 4 10 37 179 247
1240 4 51 144 166 208
1517 5 46 71 138 158 209
153 3 193 218 269
165 5 44 66 164 186 245
1460 3 54 143 216
777 3 107 161 239
338 5 42 166 173 235 239
514 5 13 56 106 183 189
749 5 66 152 182 183 235
691 5 0 8 40 99 112
231 4 59 82 189 194
389 4 44 231 233 242
505 4 85 165 175 224
48 5 23 92 104 108 138
797 3 45 166 187
1388 6 59 79 95 222 266 269
724 2 167 253
1261 5 5 76 78 137 190
107 2 191 204
1430 3 55 84 146
538 6 112 117 157 186 227 263
1043 6 77 100 165 196 224 241
196 6 44 64 127 177 190 256
493 6 66 115 120 158 173 186
1278 4 46 53 124 208
1593 3 29 158 202
82 7 70 89 130 143 186 197 239
893 2 124 214
88 1 59
1452 6 7 62 191 207 228 230
286 3 35 144 228
811 2 165 257
1388 6 16 34 116 148 156 221
1562 4 73 179 200 270
565 3 68 77 196
983 4 59 146 215 235
374 5 94 203 219 224 227
980 3 104 111 268
1265 6 51 143 152 190 210 255
1443 2 168 228
432 8 7 25 32 149 152 197 233 250
932 3 158 170 202
981 3 27 60 243
897 3 92 138 160
1025 6 11 65 91 125 166 254
1404 4 28 35 44 105
221 3 228 245 255
221 3 82 88 117
566 7 11 41 77 98 171 208 224
1169 4 36 94 163 244
679 7 2 12 58 68 79 154 182
640 5 26 30 40 151 206
1280 4 23 110 142 256
437 2 30 169
1444 2 33 49
460 5 13 67 111 203 206
1474 6 69 87 164 169 244 245
1057 5 52 77 188 198 222
1140 4 17 109 194 212
1028 3 109 136 165
46 7 23 40 49 103 141 237 264
1312 3 125 162 193
1141 4 124 147 169 230
998 5 37 40 128 165 210
368 6 27 39 97 152 251 269
852 5 11 32 219 230 231
1062 3 120 184 265
1623 6 23 75 88 107 167 168
604 3 111 180 194
971 7 39 60 142 200 202 210 241
922 3 44 75 249
777 4 80 149 172 212
679 6 0 42 74 102 167 184
914 4 6 143 160 167
1079 4 108 121 127 144
852 2 59 178
1532 2 23 198
231 5 132 157 243 256 265
1479 7 4 41 139 187 225 254 255
340 3 115 120 134
115 5 47 91 217 241 254
577 1 112
1128 7 18 38 99 171 198 235 265
656 3 96 155 193
1337 7 53 55 66 78 90 97 107
1515 5 20 43 100 131 202
3 4 127 142 163 225
74 2 4 239
260 3 20 39 146
1286 3 110 114 248
1385 6 51 188 199 223 229 261
1006 4 13 182 191 205
1452 4 34 70 98 164
1021 3 136 163 219
1407 5 0 43 96 122 235
1594 4 206 209 233 258
1445 5 9 49 118 134 195
523 7 57 97 149 209 224 259 261
799 4 18 101 109 269
211 4 20 133 154 210
340 2 236 266
1018 3 54 83 161
448 1 242
1385 2 30 264
62 4 61 102 220 240
240 7 63 82 104 186 232 235 267
435 6 10 12 62 150 161 224
928 5 73 106 181 230 245
686 6 20 31 92 159 188 242
1238 2 62 196
923 4 19 120 131 223
1272 2 124 236
529 7 40 61 72 145 166 180 183
526 3 24 67 219
1582 2 57 161
890 2 131 220
325 4 5 25 98 127
523 8 5 63 91 96 134 176 202 243
318 3 56 87 111
876 3 169 177 268
397 2 76 222
454 4 138 151 167 222
1185 3 26 160 227
1226 3 25 130 225
807 4 46 79 120 260
939 5 25 206 218 229 234
632 5 73 85 97 229 258
952 8 15 87 93 137 211 225 249 250
852 4 133 171 200 266
939 3 64 79 175
626 3 26 73 168
685 5 101 134 145 180 265
1607 5 54 63 73 203 245
1010 6 120 134 146 194 230 256
862 3 84 102 216
100 3 83 100 266
981 2 211 227
1233 4 76 171 205 215
578 7 23 125 178 184 200 204 264
506 3 67 75 167
1134 5 49 145 177 193 261
442 3 57 176 206
147 4 69 83 101 205
852 4 56 185 189 190
373 3 86 95 140
89 4 96 111 159 191
1265 6 6 18 125 168 184 247
38 5 95 121 175 225 238
673 6 54 113 114 139 168 215
76 4 46 156 195 233
998 4 42 46 106 270
1604 7 56 80 172 201 247 261 265
475 3 115 205 243
1454 10 69 91 92 107 153 158 166 182 194 252
517 4 82 87 119 122
760 5 53 73 122 141 163
1386 5 25 118 169 174 192
403 4 50 124 248 269
648 4 28 148 229 238
1367 2 133 250
1340 8 26 30 38 85 88 121 191 212
382 4 45 49 132 267
340 2 36 154
710 5 5 68 97 163 257
1117 3 58 63 219
106 4 37 107 148 155
305 2 13 31
1518 5 52 95 104 105 149
1381 4 40 83 164 262
1430 4 40 72 111 165
1158 6 48 104 132 158 184 213
1028 5 88 107 120 123 225
1124 6 86 100 113 129 185 259
231 8 1 7 19 62 86 178 212 244
1546 5 102 183 200 214 216
1219 4 2 32 61 170
1600 2 119 127
1158 3 12 73 207
1165 4 31 48 97 116
1464 3 133 147 212
732 2 182 214
400 6 39 43 109 241 258 260
1043 6 108 141 184 211 224 260
1524 5 29 154 157 169 243
1128 5 54 135 182 239 270
916 3 79 169 232
661 5 15 31 60 192 258
1169 7 0 9 31 102 156 199 258
930 10 31 32 39 43 71 93 154 158 172 184
911 3 7 33 241
1548 5 106 123 247 249 262
56 6 6 51 62 178 205 209
1018 3 51 238 270
1473 2 2 154
531 4 10 129 207 231
1423 4 185 201 216 239
1582 5 13 60 136 154 219
1314 4 65 74 86 100
437 2 103 164
979 5 27 122 201 216 242
1040 4 13 14 86 196
23 4 74 107 141 236
835 2 88 233
716 7 152 153 162 181 202 204 248
1208 3 25 47 141
56 4 28 35 162 265
1498 4 35 91 98 114
325 3 3 60 144
679 8 28 60 83 137 172 194 232 242
1393 4 74 128 149 189
1447 5 121 140 162 174 213
468 1 207
484 1 56
11 6 4 18 67 159 190 259
524 3 73 110 223
24 5 13 26 137 147 210
681 5 42 137 245 257 264
364 4 142 157 210 223
971 2 33 152
771 5 32 47 74 143 225
411 2 2 158
1478 2 51 252
991 5 56 93 163 200 201
513 4 55 172 176 193
998 5 154 162 203 236 268
340 4 120 142 196 258
521 4 46 76 132 156
1117 5 26 34 103 169 257
689 6 41 121 153 159 191 207
957 2 49 206
1013 4 13 74 161 171
754 5 127 204 210 217 239
1332 3 116 164 219
227 2 130 193
1278 4 108 113 187 240
1221 4 47 129 208 231
587 4 41 61 140 247
72 3 15 155 202
938 5 139 178 188 212 267
1277 5 16 92 99 202 264
29 1 26
1073 8 53 71 80 84 148 200 227 267
1240 8 1 89 120 128 154 178 180 201
231 5 78 91 133 214 228
319 4 82 156 202 212
951 4 43 82 150 200
1031 5 11 14 145 171 198
1533 2 187 249
330 4 112 176 197 207
1238 5 27 39 86 97 264
185 2 68 196
1447 3 35 57 247
365 6 12 18 37 79 167 221
1370 3 32 66 139
743 2 172 192
568 3 11 23 45
1459 5 44 104 105 108 230
912 3 77 160 253
488 4 77 158 212 230
1512 2 50 68
268 4 44 200 235 268
1579 4 29 79 92 118
943 3 73 161 183
1073 3 100 106 143
1305 1 59
587 4 75 158 168 255
706 6 8 84 95 111 115 226
350 3 44 58 66
1221 3 135 178 257
1358 6 37 85 109 201 230 253
1145 4 6 45 127 162
1556 6 2 48 67 80 136 219
340 6 76 150 194 200 201 243
1181 3 58 66 155
749 3 53 174 228
1615 5 43 44 89 194 257
563 2 23 161
1007 4 179 184 242 243
255 6 17 36 125 130 157 160
158 1 125
1398 3 77 150 191
565 6 5 87 92 112 150 186
1227 3 53 95 233
1233 5 10 101 163 240 264
1280 1 62
216 4 1 80 198 253
904 3 30 141 260
289 4 109 175 189 244
954 5 2 132 157 159 174
124 7 38 106 128 149 154 182 184
28 5 33 110 122 164 205
224 2 29 120
732 6 16 24 98 151 225 251
340 5 74 78 117 134 191
979 4 183 190 212 236
759 5 1 151 224 228 250
875 5 17 71 142 242 268
1026 3 111 210 258
1450 6 67 90 143 148 182 189
1430 3 26 64 250
568 4 0 86 184 231
944 2 49 187
1286 4 34 35 40 65
1124 2 96 249
233 4 66 92 150 157
1619 4 12 86 138 161
837 3 89 154 255
1324 1 112
468 5 3 29 41 76 88
1202 3 135 209 239
1242 2 136 177
462 4 56 58 205 265
1140 3 59 90 125
155 7 22 106 166 210 217 218 269
515 2 211 220
926 7 146 148 162 164 179 210 232
56 3 50 71 256
685 4 132 251 256 265
1570 6 85 138 142 145 151 223
1202 7 34 73 103 108 157 228 243
1413 5 46 73 97 159 217
340 3 25 79 155
445 3 79 161 207
716 2 132 143
604 4 15 158 190 224
319 7 46 68 91 110 129 146 187
686 10 36 93 116 132 134 142 167 187 218 232
490 10 17 60 62 75 77 111 180 189 192 205
570 3 0 70 252
1111 3 30 222 241
1385 7 9 70 79 107 141 149 151
1320 1 42
420 4 5 151 214 220
1226 4 26 92 260 262
23 4 47 63 219 226
1003 4 29 99 212 222
1507 6 49 54 73 140 218 242
1224 7 7 81 90 93 111 179 214
876 3 16 21 84
954 2 83 112
1452 4 30 78 267 270
249 2 0 53
29 6 5 15 18 39 61 89
1188 4 94 133 181 185
253 3 48 79 196
648 6 19 52 55 58 208 268
1131 5 23 63 223 228 233
598 6 122 126 181 202 221 229
1391 6 33 86 154 212 228 259
1314 3 198 209 223
842 4 28 83 97 243
484 5 107 124 136 198 223
565 5 22 61 168 243 252
780 6 13 145 210 221 224 264
556 7 15 128 198 202 210 233 247
1389 1 186
926 6 100 138 192 226 242 258
409 5 107 150 167 206 260
355 4 28 36 115 209
1054 5 64 87 179 227 245
30 4 164 184 252 265
692 3 0 4 156
197 3 1 54 142
1043 5 0 130 189 232 249
1625 6 23 44 56 68 242 250
1157 6 76 81 154 193 248 265
438 4 55 78 102 234
1415 2 141 261
401 7 58 157 187 223 236 243 256
1292 7 54 81 92 190 205 232 261
1158 4 22 23 36 109
1582 5 37 64 219 235 245
1225 8 21 47 69 90 152 168 171 242
1469 4 110 140 239 253
604 4 4 8 35 218
124 3 12 66 131
808 1 258
1002 6 75 85 120 153 208 209
1103 4 39 79 100 218
1006 7 159 166 173 200 216 222 244
981 2 90 195
468 5 30 54 73 108 164
1226 6 12 15 72 82 91 224
1267 3 12 44 95
579 3 95 188 224
1489 4 136 153 156 218
378 7 41 88 111 161 206 208 217
106 4 13 145 206 238
1372 2 175 238
439 7 57 96 110 113 118 170 206
1173 6 22 25 70 107 112 210
444 2 81 210
1187 5 9 55 162 219 243
735 4 27 104 117 146
1034 3 108 222 240
832 2 106 155
1220 4 39 80 114 229
503 2 28 200
457 4 3 85 95 237
632 2 54 189
32 5 97 154 196 232 260
1451 2 58 128
759 3 128 187 190
506 2 47 69
1010 4 7 35 47 113
1443 3 110 245 258
878 2 52 245
804 5 67 72 138 166 186
203 7 51 129 145 173 203 233 262
1217 5 97 153 176 185 249
800 4 38 70 109 174
263 4 31 99 165 207
654 4 14 96 112 244
685 5 101 105 123 241 262
461 1 175
651 5 94 95 99 137 196
299 3 3 33 260
1423 3 155 174 185
238 6 131 166 182 206 217 247
1460 2 135 249
1011 1 18
1423 4 10 73 151 249
172 1 176
1351 5 5 15 77 202 253
1318 3 54 195 212
1097 3 169 171 225
454 3 69 88 169
340 6 93 119 174 191 215 237
118 5 36 141 213 257 261
1451 3 40 80 151
236 3 64 216 233
1155 5 2 41 197 242 245
1452 4 2 82 110 112
1023 8 13 37 68 121 180 199 223 237
964 4 75 111 213 224
1097 3 43 171 270
1453 3 5 10 204
667 1 78
563 8 12 21 35 37 63 162 167 261
190 9 30 41 59 148 183 200 219 226 252
1474 5 12 116 200 211 234
300 1 265
1117 2 75 266
789 2 22 225
444 2 133 221
1196 6 4 159 167 188 232 251
1225 5 84 137 170 200 226
56 3 101 253 264
88 5 9 71 82 170 236
319 5 0 45 53 85 223
1514 6 33 142 147 149 175 228
801 4 10 130 200 218
402 6 24 84 181 191 233 266
48 5 44 140 169 188 194
315 5 63 107 110 164 228
260 2 174 202
526 3 117 138 263
1482 6 9 44 119 127 138 190
1162 4 6 42 78 225
710 4 54 101 137 260
738 6 14 56 120 139 165 248
254 2 137 233
903 2 112 245
848 5 29 111 125 213 245
33 8 22 65 101 135 136 161 188 221
980 3 28 217 251
715 4 8 46 214 252
107 4 1 159 251 264
655 3 3 200 250
1329 6 53 118 173 179 262 264
811 3 114 166 172
1510 3 44 198 214
454 4 28 91 131 228
406 5 1 96 116 144 189
752 2 24 187
738 2 1 51
370 8 35 56 77 135 140 164 194 224
1018 6 10 39 47 101 110 254
509 3 109 116 124
971 4 0 40 59 232
287 2 166 253
1332 5 38 54 106 140 156
329 5 53 142 147 175 232
366 3 9 19 89
762 5 110 158 184 197 215
911 5 60 73 75 249 270
1410 3 2 174 216
509 6 10 107 111 144 259 261
640 7 36 167 201 214 240 243 248
728 4 0 6 76 181
929 4 97 146 191 195
1600 10 17 20 24 64 107 110 157 169 181 197
900 3 10 13 112
820 3 80 109 110
1190 1 245
655 2 34 263
223 3 47 82 196
1551 3 58 227 238
745 4 5 19 181 234
117 1 0
432 2 181 232
1498 5 8 62 135 141 201
1594 2 10 192
329 5 84 181 232 240 242
1452 4 12 17 79 174
499 5 14 35 109 193 211
224 2 73 84
1114 5 15 19 63 189 255
363 5 30 57 106 176 200
468 2 17 23
1295 4 49 51 181 257
1280 4 23 200 217 241
1059 3 116 235 241
1158 4 30 185 208 240
1057 2 67 260
507 5 46 54 74 126 259
1172 6 31 41 64 116 195 219
1302 7 69 99 107 109 136 197 231
499 3 107 117 257
451 8 5 24 85 120 146 183 186 219
11 7 110 121 145 196 202 225 244
912 3 78 138 142
349 6 29 56 145 206 219 228
796 5 40 119 134 149 183
852 3 29 201 233
448 2 144 241
831 4 20 132 173 202
54 5 14 128 143 232 235
1564 2 178 182
380 2 148 204
112 7 18 50 130 155 188 229 239
777 5 82 160 172 200 259
1018 4 121 138 139 142
459 6 43 61 98 134 159 259
439 5 62 144 160 165 190
1473 5 4 112 137 138 193
743 3 84 134 165
214 8 16 32 46 50 58 92 93 239
411 3 19 71 113
1233 6 32 58 133 192 198 258
1266 4 92 135 141 260
685 4 85 194 199 209
1579 3 57 152 182
1002 6 111 144 146 188 244 267
1091 5 24 86 99 135 218
473 4 62 135 179 194
1073 3 14 156 160
1299 4 30 166 180 182
447 5 3 31 63 138 155
1146 7 12 131 173 209 211 228 269
1250 3 16 119 260
1035 2 9 221
1127 6 31 39 151 202 230 252
1569 4 14 27 134 231
1445 2 74 176
366 7 22 74 139 148 183 250 268
1344 6 59 105 121 255 258 267
757 5 18 98 210 249 266
376 4 120 156 209 221
1077 3 48 142 238
285 7 7 45 130 153 157 250 252
284 4 8 85 152 256
595 3 43 98 160
519 5 50 93 114 232 266
656 3 106 185 207
54 4 158 184 202 252
778 3 120 123 139
1173 3 38 40 163
1143 4 40 89 98 203
530 4 105 129 224 235
191 3 30 223 230
452 4 139 225 246 252
228 5 4 143 181 241 263
1082 4 67 98 104 197
1248 6 20 63 145 155 193 219
1314 3 87 149 213
406 4 10 122 188 244
708 4 103 195 217 263
24 3 17 130 214
1582 2 103 203
83 2 139 186
126 4 60 187 251 257
17 4 106 191 222 261
605 2 105 182
930 3 0 1 121
1101 6 0 28 38 63 138 217
752 3 132 208 231
1239 6 7 71 156 208 216 222
1433 6 30 42 183 199 211 227
1143 7 26 103 126 193 205 243 263
1391 3 90 151 183
20 3 8 249 256
52 10 26 77 88 91 112 123 186 226 245 256
796 3 54 185 238
6 2 99 208
1444 8 83 142 168 175 182 211 228 252
1242 4 51 74 153 178
1167 4 66 100 122 261
1432 6 37 65 137 153 213 254
852 6 46 52 96 148 197 222
340 3 144 148 182
1018 3 32 90 214
981 4 11 18 64 101
625 3 121 135 233
30 4 123 132 180 203
925 5 6 18 92 128 185
1410 3 74 110 203
258 4 2 36 41 164
947 1 35
420 4 25 109 116 245
1168 4 93 166 243 249
585 1 150
268 6 39 47 98 113 129 161
1013 3 128 229 260
1355 2 33 262
1103 3 41 164 187
300 4 27 100 176 251
158 3 117 143 221
1280 5 7 38 172 240 263
225 3 46 95 187
796 5 18 44 103 206 238
930 3 16 104 152
645 6 86 88 89 181 182 262
1625 4 60 84 107 188
7 6 29 120 173 195 217 238
147 3 67 148 254
812 3 15 30 89
1551 5 83 163 177 212 229
1447 3 68 122 164
37 4 9 83 103 252
1287 4 3 30 48 58
46 4 38 137 173 254
1169 5 11 39 64 120 262
461 7 86 99 120 147 194 197 199
838 4 60 93 111 202
952 4 20 27 39 148
651 3 5 150 183
26 6 49 91 116 128 154 160
1451 1 18
478 3 94 207 266
370 4 8 86 109 112
570 2 113 180
1179 2 142 236
1278 2 21 28
1300 9 49 90 114 165 185 202 250 269 270
875 3 58 114 194
847 3 19 40 207
197 3 67 86 141
648 5 192 200 202 203 233
204 3 138 173 224
674 4 48 113 200 266
1224 3 115 134 181
1447 4 37 53 126 210
488 4 13 94 260 269
407 4 139 211 217 226
300 5 55 114 130 161 191
1354 2 59 177
1437 2 16 91
1458 3 121 174 267
1297 4 26 41 120 157
1150 1 175
53 6 6 76 101 151 185 215
1043 5 78 117 176 187 261
240 3 89 132 270
426 4 31 78 158 229
1510 4 11 26 54 114
1517 5 2 13 195 239 250
195 5 4 35 161 228 253
340 5 48 83 110 126 188
1367 4 169 175 249 253
1423 2 13 110
1265 4 1 64 187 248
979 3 142 225 236
725 4 53 85 128 160
640 2 124 242
238 5 24 32 36 72 262
585 3 136 144 229
319 4 185 211 238 252
221 3 80 109 195
1185 6 14 63 150 219 246 261
519 4 40 115 143 252
425 2 4 242
943 5 1 14 27 126 207
1229 4 7 14 122 186
403 5 25 73 114 115 189
1152 3 14 20 144
340 4 99 116 121 173
570 3 59 203 249
420 6 117 124 129 167 201 251
1480 4 23 29 212 213
615 3 24 55 172
1190 3 6 126 181
1349 3 10 54 135
1388 4 29 165 199 265
704 3 20 28 52
82 4 72 184 222 263
852 6 15 104 168 200 243 246
1532 4 57 72 154 231
103 2 141 197
1287 3 95 132 204
569 4 22 73 83 125
261 5 6 46 86 126 208
565 6 113 141 153 191 220 269
561 5 35 43 56 118 209
954 4 7 18 135 226
1055 3 78 122 208
951 5 30 64 88 103 250
952 6 21 25 31 186 263 266
54 3 63 137 224
142 5 43 63 164 183 235
679 2 218 235
1198 4 11 34 85 121
499 3 70 205 239
1043 2 38 76
1524 4 16 217 234 249
711 5 87 116 122 127 147
1185 5 23 155 192 224 258
1445 5 2 142 194 215 220
781 2 154 234
691 3 26 137 160
663 4 98 144 162 229
1441 5 48 126 147 236 262
948 2 32 176
452 7 31 69 97 186 208 218 225
3 2 4 216
958 5 49 65 72 210 263
1462 6 84 102 120 141 156 262
651 4 185 215 265 266
190 3 154 161 214
1128 4 24 35 147 157
1389 6 23 32 183 197 255 263
850 4 107 182 200 216
1163 1 11
513 7 49 93 115 222 224 258 263
26 3 30 123 201
541 4 39 50 118 245
1541 3 17 79 268
388 5 53 96 148 175 263
778 3 30 195 253
506 4 95 175 217 244
58 6 2 49 152 198 264 266
991 4 26 104 189 198
386 3 8 103 227
1535 7 7 15 48 176 180 233 264
193 4 50 108 143 225
793 6 53 92 110 214 223 254
852 4 59 134 181 243
1451 2 91 230
1053 6 42 93 107 114 132 239
890 9 60 79 84 85 104 209 230 256 262
780 3 44 171 219
256 4 1 77 150 166
437 4 6 149 164 193
910 3 76 134 237
514 3 62 75 268
550 3 27 34 170
1370 7 4 91 93 131 185 193 241
753 3 34 48 217
1397 1 156
82 6 71 132 136 137 193 239
429 5 4 46 96 136 202
1133 3 49 73 203
897 4 14 23 55 143
981 10 12 36 53 67 79 97 111 180 213 223
368 5 59 81 102 196 232
271 4 111 145 219 233
365 2 15 62
1509 3 87 186 215
1254 4 66 93 218 245
637 1 54
147 2 24 238
720 2 29 86
740 3 102 180 267
1188 4 6 100 157 242
583 2 0 218
169 4 15 64 241 252
834 3 30 139 267
360 7 0 13 19 40 141 231 260
221 5 11 97 119 149 179
1242 6 13 46 128 135 163 221
648 4 56 81 191 229
1350 5 26 62 63 95 213
1470 3 34 178 235
23 3 146 192 198
1175 5 106 144 153 220 231
5 6 67 119 188 194 215 252
568 3 80 85 91
326 7 25 31 145 184 192 256 262
888 5 24 26 78 83 216
442 3 189 236 253
770 3 37 157 161
236 5 116 165 167 219 241
365 5 33 120 199 234 269
689 4 60 127 194 255
323 4 169 178 219 266
563 5 32 35 39 138 209
535 3 137 168 244
1169 2 17 117
957 5 61 81 178 220 254
1195 2 3 204
554 4 50 74 105 254
1213 2 39 204
1158 9 44 64 72 120 143 159 180 196 267
727 6 75 98 138 140 158 194
566 5 50 93 190 205 247
381 2 147 155
362 2 71 130
1112 5 9 28 40 61 178
1169 7 129 158 170 183 204 210 258
987 2 73 85
201 3 52 139 210
541 2 11 125
1428 5 16 55 68 131 188
890 6 98 203 215 241 267 268
1028 4 93 111 178 220
742 6 6 15 102 128 264 269
1098 4 93 119 133 225
574 4 167 189 248 270
268 4 67 195 240 259
930 7 10 49 103 105 152 176 206
594 3 40 109 164
283 4 103 177 205 234
955 3 21 197 224
488 1 206
780 3 34 46 91
741 3 157 241 244
32 7 9 94 135 151 159 223 238
1169 6 19 58 81 148 153 176
963 3 6 14 153
1276 2 23 115
857 8 4 23 53 145 169 206 224 235
1370 5 76 81 123 167 182
979 3 8 67 124
475 2 206 248
565 4 142 228 239 247
517 5 30 36 95 130 199
120 3 9 27 85
983 6 34 100 144 196 220 221
533 6 12 61 108 183 188 243
1444 3 15 116 123
932 6 48 51 55 119 165 209
1386 8 22 80 146 165 190 254 255 264
1037 5 28 29 80 172 223
1134 8 11 34 40 120 135 157 174 206
786 2 176 205
941 4 61 108 126 249
1242 6 69 150 186 212 264 267
340 9 1 29 40 170 171 180 207 252 258
1605 2 58 103
286 3 0 126 156
439 6 11 179 197 219 221 235
29 2 5 80
651 5 9 89 137 180 209
1055 5 113 126 141 165 264
223 5 43 62 83 89 130
539 2 58 214
555 2 103 109
1451 6 36 68 113 127 133 247
1452 4 17 67 100 169
452 4 4 115 164 239
857 3 54 92 228
254 4 12 108 199 242
92 5 9 56 59 197 267
50 3 53 65 72
1124 2 188 257
1100 5 30 52 62 132 146
936 5 88 198 239 248 258
345 3 53 191 223
569 6 52 54 132 207 227 264
14 5 16 33 34 113 135
1297 2 49 185
663 5 32 70 175 190 198
1143 4 47 173 175 206
596 1 13
197 2 111 219
190 2 0 165
503 7 35 91 127 160 169 170 242
197 5 4 21 92 137 195
651 4 33 146 211 240
1018 6 29 44 64 92 106 208
702 5 21 167 182 196 204
1530 3 129 259 263
175 3 6 115 192
124 7 13 43 88 107 108 150 182
1066 5 56 72 87 143 248
412 4 21 91 190 243
1299 4 39 58 101 248
1163 6 28 47 55 99 103 107
749 3 25 233 267
1018 7 1 70 77 95 128 130 189
140 4 0 113 164 253
1553 5 99 103 191 220 258
752 2 65 168
754 4 25 64 97 170
1297 7 14 148 151 161 171 179 252
1162 3 127 174 269
809 5 79 82 167 200 214
1188 2 36 269
1335 4 173 195 202 263
104 3 131 185 253
770 3 30 47 240
251 4 26 43 158 218
1519 2 74 133
1143 7 9 14 29 57 147 164 169
1364 2 23 201
1182 7 11 48 97 137 184 190 212
635 3 104 183 234
1523 4 64 87 90 188
376 4 188 215 233 263
1286 3 88 134 225
1367 4 32 135 191 243
1060 3 14 175 187
1121 5 96 104 164 169 270
1157 2 204 221
786 3 40 178 214
310 4 63 98 128 265
505 3 65 221 248
454 3 61 155 260
1221 7 15 28 55 176 217 221 232
158 5 17 59 97 179 261
1158 3 24 60 136
958 2 135 157
1145 4 1 83 97 210
975 2 18 54
1353 4 19 24 118 181
1300 5 95 119 146 255 263
1230 5 93 139 177 180 267
321 2 136 188
37 4 16 168 190 227
565 3 212 220 221
1474 2 0 1
1150 3 8 225 270
1624 5 10 19 122 202 210
635 3 161 203 251
1493 5 18 102 178 205 266
1017 6 5 8 57 58 78 134
598 8 43 87 115 130 138 143 158 267
1189 2 184 210
240 3 85 120 159
1326 1 231
359 4 42 69 72 106
119 9 61 67 73 134 150 153 173 186 192
1189 3 150 210 240
477 4 35 218 230 249
952 2 50 241
1481 3 124 169 227
282 7 10 18 51 75 130 159 227
1621 3 79 100 245
1012 3 145 173 178
775 5 10 40 145 151 153
1462 7 35 54 131 134 150 247 251
1157 5 8 24 108 156 235
862 3 58 122 171
266 2 29 148
1524 6 29 48 193 202 213 224
574 3 9 64 152
83 5 114 121 190 238 244
831 6 15 80 114 231 247 256
134 5 31 104 125 140 210
526 6 101 124 141 158 185 207
1155 7 48 106 113 160 181 212 270
835 2 163 166
933 6 81 138 144 161 197 241
1588 3 180 251 255
381 3 95 113 175
1462 2 223 263
437 3 145 243 253
1447 5 72 116 165 168 218
1591 4 30 51 246 269
570 4 15 158 161 213
1570 7 41 50 59 87 152 193 230
1172 3 169 201 258
965 6 11 54 75 86 138 199
944 9 20 43 46 58 84 163 188 225 255
1159 10 3 33 56 154 155 176 178 185 225 243
786 3 34 178 240
340 7 24 36 76 84 224 238 262
484 3 32 128 209
1221 2 23 174
476 5 57 76 149 151 207
534 5 78 150 162 238 239
137 3 105 115 270
381 1 119
1038 3 76 104 175
957 3 144 223 243
1474 4 45 47 114 234
1168 5 154 192 193 252 266
1444 5 64 173 231 260 270
790 5 2 161 199 209 251
412 8 19 20 27 30 49 55 76 254
1172 8 22 43 117 120 121 174 181 255
147 4 37 127 204 222
1333 6 85 185 211 252 255 269
1537 3 62 124 140
24 6 8 71 100 181 206 249
1341 5 73 81 113 143 184
1176 2 128 174
807 6 34 126 147 216 230 242
685 3 58 153 202
460 2 76 149
513 1 216
1141 3 6 112 156
1231 6 20 39 86 204 255 256
488 4 47 56 156 237
223 5 56 98 172 224 234
378 3 28 56 208
1287 2 121 180
979 3 94 110 255
1297 5 37 140 145 238 258
1450 4 12 87 97 223
921 4 138 160 260 264
461 6 35 67 68 96 209 228
1289 4 143 164 165 242
929 5 77 80 118 229 266
946 2 46 248
957 2 27 51
520 7 75 88 108 141 146 238 260
545 3 52 153 167
568 2 99 164
1314 7 38 71 82 92 132 136 198
410 4 6 145 161 226
957 3 15 181 200
764 2 56 75
1474 2 241 268
1452 7 20 27 45 74 190 203 252
656 2 107 159
966 1 3
204 3 24 90 141
941 2 109 162
360 5 49 101 122 220 266
892 4 34 70 94 222
314 3 164 240 249
1279 7 0 38 66 96 103 235 257
796 10 20 26 29 53 101 128 181 193 213 232
1315 5 137 192 245 254 257
1371 4 9 106 178 212
1361 6 17 73 144 168 257 268
285 5 63 117 150 182 187
23 5 15 39 78 80 104
60 6 26 48 111 123 221 266
531 7 40 78 155 180 224 256 261
93 3 1 123 251
1477 7 18 106 113 114 154 199 248
866 2 1 51
832 4 57 68 118 236
1043 2 0 64
916 4 13 133 171 231
535 3 10 98 163
592 3 20 67 106
169 3 70 228 268
1261 5 2 22 151 222 256
1038 5 0 49 208 226 233
1409 6 106 125 146 216 222 242
225 2 151 244
193 4 24 245 254 264
227 4 51 182 185 197
1242 2 22 55
1002 9 20 21 35 40 95 157 192 239 256
60 3 7 58 102
1058 2 40 69
1594 4 5 24 128 203
227 3 98 197 249
872 5 3 12 158 222 259
82 6 24 78 113 132 207 228
1053 4 23 46 68 155
667 3 58 186 227
687 1 92
567 4 81 85 257 266
674 4 65 199 241 245
1229 4 188 189 200 239
1181 9 1 34 39 71 77 123 202 237 243
227 2 37 200
701 3 18 40 135
1537 2 126 250
340 3 0 23 48
1385 3 24 112 166
490 3 53 163 205
255 3 123 130 224
1498 7 52 63 162 195 220 222 245
146 5 9 26 28 155 267
473 6 25 54 84 194 199 225
52 4 95 110 136 246
648 6 11 22 49 51 134 161
1532 5 53 127 150 198 263
474 4 6 137 141 222
58 6 72 131 141 220 240 254
1541 3 18 39 178
473 4 69 87 138 206
1498 5 45 123 132 188 193
889 2 51 208
702 6 3 82 209 243 264 269
795 4 123 147 170 210
414 3 130 200 212
513 2 136 221
564 5 12 22 120 128 234
897 5 71 89 119 127 179
207 2 112 173
1624 2 113 235
362 6 6 13 21 75 148 165
930 4 93 164 195 239
742 4 27 72 99 128
1319 5 26 82 83 247 262
324 6 86 171 189 217 256 263
153 3 152 196 248
105 5 13 78 127 206 244
1226 4 69 133 142 199
88 6 32 61 76 112 238 259
332 7 34 59 75 140 160 173 207
1417 2 169 173
735 2 39 180
743 2 109 110
443 10 7 14 30 49 54 93 121 188 199 248
29 2 103 248
1393 5 78 120 124 177 268
1491 5 4 53 124 243 249
1454 7 1 90 115 158 170 183 218
716 4 175 198 239 263
742 5 105 154 183 188 259
492 6 7 33 34 72 83 87
1056 4 76 98 201 235
400 6 16 100 133 204 232 239
101 5 103 131 176 179 247
29 7 53 71 89 97 159 174 199
1150 2 14 122
847 4 52 78 166 260
1253 5 135 145 160 189 230
163 3 68 79 116
365 7 34 43 51 111 126 181 210
468 4 7 47 156 226
1518 6 15 69 77 114 123 204
1625 3 63 195 210
604 3 94 160 262
270 5 77 119 138 141 195
685 4 5 8 75 121
1443 6 125 157 166 181 199 251
425 3 25 71 254
966 2 172 257
60 4 57 105 251 265
432 3 6 72 168
268 2 52 69
411 1 67
231 10 26 27 32 33 46 93 151 155 163 202
708 6 30 117 164 180 201 231
689 6 157 201 211 224 227 230
484 2 179 197
254 3 104 108 259
329 2 49 241
1367 2 158 210
113 2 150 231
359 4 18 58 87 248
1220 2 229 245
1058 5 10 74 77 83 86
1514 5 9 23 120 131 241
260 1 10
197 4 28 71 116 153
948 2 118 154
879 5 56 75 102 208 253
622 6 17 74 105 125 156 197
310 4 79 121 187 232
1423 2 84 244
1282 7 96 189 204 208 220 243 245
990 2 92 231
56 3 73 125 214
505 3 46 202 245
1359 2 44 139
1128 6 56 94 117 196 209 261
1506 4 102 215 253 267
452 6 1 38 44 101 154 187
648 3 2 223 240
1188 3 22 67 77
982 2 115 253
1018 3 166 179 198
768 5 53 76 102 145 172
876 3 112 130 164
1232 5 20 48 95 97 193
960 4 1 154 177 218
1447 4 28 106 212 250
238 7 29 51 98 147 223 246 264
897 1 241
1278 4 7 79 157 262
866 5 53 94 109 126 184
1485 4 0 37 193 243
47 5 7 47 60 217 228
444 4 7 36 170 227
442 3 106 162 182
1603 5 80 125 127 178 267
870 5 2 99 176 253 256
23 7 18 26 40 113 214 215 264
943 6 92 150 152 206 218 219
523 4 28 137 245 250
21 4 10 47 50 71
585 4 136 188 197 233
583 4 24 50 145 152
890 5 9 117 142 175 241
1433 7 32 44 49 105 120 183 261
971 5 16 153 200 224 239
235 3 32 41 55
1173 6 23 143 156 179 213 270
641 5 6 16 65 137 183
433 7 86 88 89 97 228 234 244
1143 6 13 30 83 126 150 191
1025 6 58 71 147 155 239 245
212 5 26 49 127 136 260
1242 1 5
685 3 13 89 127
360 4 22 38 59 124
1543 7 25 34 66 103 154 168 173
411 2 216 255
1059 1 165
149 8 95 106 111 155 161 181 227 234
1228 4 131 148 207 224
1108 3 82 159 240
641 5 50 98 110 111 193
473 6 10 47 160 183 201 209
1498 4 55 66 175 194
981 2 10 205
1391 4 168 188 205 216
289 5 68 118 180 235 249
760 5 14 62 127 204 253
728 2 124 215
422 2 184 248
890 3 38 108 200
380 4 55 61 201 242
261 6 5 7 83 87 235 238
952 10 67 115 128 132 156 173 175 237 239 247
1135 2 101 218
1295 7 32 76 127 158 181 200 240
216 4 50 78 143 147
370 3 42 84 207
1402 8 7 40 74 110 127 136 166 264
742 5 22 25 39 54 262
1497 6 6 32 40 145 146 201
56 2 17 73
165 3 1 45 168
42 4 17 37 45 156
323 3 50 99 180
276 3 126 208 254
1229 6 27 31 46 82 167 245
1349 5 68 116 148 211 232
1433 4 52 89 134 190
505 6 45 92 200 209 211 261
1117 4 5 36 111 145
801 1 248
541 2 234 246
1076 4 73 115 153 269
1221 3 9 36 39
1482 1 53
945 3 129 206 249
1078 5 28 134 138 163 224
1114 2 110 233
35 4 67 84 180 183
1143 3 125 154 257
608 3 137 153 196
1507 2 121 246
1047 4 33 169 209 250
90 2 101 185
1290 4 22 27 182 254
918 4 3 52 134 172
1189 2 51 210
1625 11 15 32 49 63 97 123 126 166 201 217 246
681 1 6
126 4 53 67 95 111
168 3 50 140 231
762 4 36 229 241 253
897 1 172
511 4 11 59 176 202
124 5 63 137 218 242 266
1150 5 21 176 179 186 215
950 1 242
311 1 231
797 2 148 234
952 5 67 87 164 183 226
575 3 85 162 174
92 5 17 187 218 223 257
1626 6 83 92 121 160 202 225
51 6 60 74 108 140 147 163
1295 5 12 30 108 172 235
1447 2 47 92
289 5 32 75 111 154 204
1549 5 108 185 223 238 270
971 3 174 202 206
425 5 82 98 161 190 245
1284 8 18 30 49 119 120 145 176 217
1406 5 12 59 213 255 263
686 4 79 238 241 254
1055 3 2 201 217
1348 4 167 211 263 265
649 4 20 83 87 113
768 4 6 105 134 228
256 3 72 230 240
846 3 103 122 129
612 6 61 67 69 121 186 226
584 4 42 106 132 175
710 3 52 188 249
403 3 70 122 182
1411 3 20 56 216
439 4 45 65 89 163
245 9 64 90 118 136 167 238 244 247 251
541 3 66 68 81
1004 7 80 116 151 154 165 221 266
892 5 29 75 147 223 233
1261 2 36 105
1280 3 1 200 207
1149 8 14 24 67 69 157 210 264 270
478 5 9 22 55 112 174
1189 4 31 74 144 258
1338 4 36 52 57 176
645 6 77 110 121 156 164 240
870 7 18 23 25 39 99 122 160
614 6 0 13 14 65 184 214
696 5 4 69 99 158 178
225 6 56 73 118 130 200 229
770 6 20 39 110 158 200 259
1228 5 15 45 51 205 245
1233 3 78 119 204
1497 3 158 196 222
1299 3 3 66 189
318 5 22 181 221 224 230
430 2 20 61
701 2 30 190
225 173 145 56 143 29 194 22 232 60 243 78 34 201 175 244 57 227 185 226 214 5 1 125 143 16 33 260 235 4 10 41 122 146 176 238 22 32 149 211 267 73 38 165 174 92 107 27 222 23 102 36 0 87 260 231 62 163 62 242 226 114 109 116 210 187 50 179 14 89 138 198 145 250 219 75 79 123 131 93 2 112 21 169 108 155 212 59 76 155 41 216 161 4 46 241 49 236 52 126 62 127 191 142 50 40 240 121 175 108 140 143 95 136 191 93 181 224 19 193 185 264 214 131 216 54 253 156 247 160 50 226 218 52 166 120 95 123 70 131 120 149 61 208 179 134 4 20 235 217 3 145 86 72 49 232 191 39 84 28 227 156 68 128 5 24 15 129 236 73 192 19 217 212 223 163 127 188 180 94 28 68 117 3 54 221 125 118 99 103 165 263 194 33 103 71 175 5 215 121 167 15 131 214 139 219 16 174 141 187 4 124 221 136 114 191 159 5 31 145 258 230 18 53 148 123 245 170 81 59 41 260 25 18 92 93 114 24 131 206 45 159 235 181 204 261 112 119 68 223 217 211 147 68 107 52 267 67 23 64 175 75 82 1 66 139 95 65 80 92 129
