2000 2000
1952 2 4 6
1069 3 0 3 5
331 2 9 10
816 3 4 8 10
1285 5 0 7 8 9 10
104 2 1 10
668 5 4 5 6 8 10
593 5 0 1 3 9 10
1765 3 4 9 10
1823 4 1 3 4 10
746 5 4 5 6 8 9
369 5 1 2 7 8 10
135 4 0 4 5 6
600 2 3 5
237 6 1 4 5 6 8 9
1046 2 0 2
626 2 1 3
986 3 3 5 9
706 3 3 6 7
246 1 2
1046 3 2 3 4
1655 3 3 5 9
857 3 0 7 10
1494 4 0 1 2 9
1613 2 2 10
1214 5 2 3 7 8 10
1544 1 4
401 2 1 10
1344 2 0 9
1945 3 0 2 5
488 4 1 5 7 8
850 3 1 2 5
1259 3 1 3 5
1090 2 3 8
701 3 2 3 7
1018 5 1 3 4 9 10
256 1 4
1461 3 3 8 9
395 1 2
1627 3 0 1 7
1526 2 3 10
1218 4 0 3 8 9
439 4 0 2 6 9
1344 3 0 5 9
996 4 1 3 8 10
1448 6 3 4 6 7 8 9
812 1 1
1067 2 7 8
1743 2 3 8
1173 3 2 4 8
1456 5 1 2 3 5 8
127 3 2 5 7
1076 7 1 2 4 5 7 8 10
679 1 5
933 1 5
1402 3 0 5 9
1140 3 2 6 7
164 1 0
1908 3 3 4 10
1755 4 2 6 7 10
218 2 3 6
1721 2 6 9
1715 3 2 4 5
299 4 1 8 9 10
957 2 6 10
557 3 8 9 10
1938 6 2 4 5 6 7 10
1972 4 3 6 7 9
395 2 4 8
336 1 0
1522 3 7 8 10
654 2 7 10
1309 2 3 5
1832 3 2 8 10
746 2 1 9
1673 2 1 2
1053 2 6 10
664 1 5
949 3 3 4 5
1162 4 1 3 5 6
431 1 5
278 2 4 9
1800 8 0 1 3 4 5 7 9 10
1016 2 3 10
1556 3 3 9 10
1618 1 6
191 3 1 5 9
513 4 1 2 6 7
331 1 9
757 4 4 5 8 9
869 3 0 1 3
1517 2 2 10
1945 6 0 2 3 4 9 10
1573 3 0 2 7
1033 4 1 4 9 10
1691 5 0 5 7 8 10
359 3 4 7 9
1471 5 0 1 2 6 9
1412 2 6 7
438 5 0 1 2 3 8
1360 2 4 9
1127 7 1 2 3 6 7 8 10
706 2 3 6
1033 4 6 7 9 10
218 2 9 10
1786 3 2 4 9
929 3 6 9 10
271 6 2 3 5 7 9 10
1484 3 7 8 10
881 4 2 3 8 9
191 2 3 4
1990 3 2 4 7
1443 4 0 4 7 10
1681 1 0
1727 3 2 3 10
1765 2 1 7
403 4 0 5 8 9
1893 5 1 2 3 7 9
1873 4 2 3 6 7
299 2 3 6
24 3 3 6 8
1118 3 0 2 10
1504 2 2 8
875 2 4 5
33 2 6 10
42 5 0 5 7 8 9
1945 5 1 2 5 7 8
1714 3 4 5 7
294 4 1 6 8 10
1865 2 6 10
1722 3 0 5 9
1198 8 0 1 2 3 4 5 8 10
274 2 1 9
157 5 0 1 2 8 10
1285 3 4 8 10
1405 2 8 10
855 3 1 4 9
370 6 0 1 3 4 5 6
264 1 3
1811 1 4
356 3 3 4 7
1677 6 0 2 4 5 7 8
916 2 3 7
301 2 4 7
1391 2 1 7
645 3 5 6 7
1426 2 1 10
1073 4 1 3 7 8
1763 4 0 5 6 9
1189 4 0 2 6 9
1395 2 7 10
445 3 2 9 10
732 2 3 9
293 1 4
458 7 0 2 4 5 8 9 10
375 3 2 3 6
1770 2 4 9
1720 4 0 1 6 8
1237 4 2 3 7 8
708 3 0 8 9
639 1 5
1945 6 0 3 4 5 6 8
455 3 3 5 8
245 4 0 3 6 7
447 3 3 7 10
513 4 2 7 8 10
848 2 2 9
1344 4 0 2 3 10
1467 4 1 2 4 5
384 5 0 2 4 6 7
1968 1 10
1160 3 1 3 8
1067 3 1 4 7
740 4 0 5 6 8
927 2 6 9
442 4 0 2 3 10
1758 1 10
753 5 0 1 2 4 9
1501 3 7 8 10
313 6 0 1 2 5 8 9
1415 2 4 10
1706 4 0 1 4 9
757 3 8 9 10
733 1 4
886 2 5 6
1983 3 4 7 8
1660 2 0 1
1081 4 0 1 7 9
1597 2 1 8
388 4 3 8 9 10
1285 2 0 7
1312 8 0 2 3 5 7 8 9 10
1675 3 0 1 3
1566 3 1 6 9
1453 3 0 1 8
58 3 0 1 6
1637 3 4 5 6
1178 2 1 2
651 3 1 3 8
1851 1 5
890 5 0 2 4 9 10
68 2 2 6
750 4 3 6 8 9
503 4 1 2 4 7
1419 5 1 6 7 8 9
1032 4 0 5 6 8
270 6 0 1 3 5 6 7
848 4 1 6 8 9
609 3 0 2 5
1435 3 0 2 10
1254 6 3 4 5 6 7 10
1763 3 2 9 10
1072 5 1 4 6 8 9
17 4 1 3 4 9
483 1 2
1031 2 2 10
1176 3 1 3 9
1227 3 4 6 8
1585 5 0 5 6 8 9
1208 1 1
127 3 4 8 9
1678 2 1 2
1721 3 4 6 9
1824 3 0 4 9
1794 1 9
1233 3 3 4 7
88 5 1 2 3 8 9
280 4 3 4 8 10
430 3 0 2 4
430 5 1 3 6 7 9
1897 3 8 9 10
780 4 1 3 4 7
143 4 2 5 6 10
1140 4 2 4 7 8
637 2 5 8
1896 2 2 6
1233 1 0
835 5 0 2 4 5 6
1028 4 2 7 9 10
1727 1 1
1065 4 0 8 9 10
1075 5 0 2 4 5 9
1720 2 6 9
886 2 8 9
553 2 3 4
1064 2 1 3
1578 6 0 1 2 7 9 10
756 5 0 4 5 8 9
1832 2 3 8
514 3 2 3 10
1372 3 0 4 10
1825 2 1 6
570 4 2 3 5 7
1 4 2 4 7 9
1315 4 0 4 8 9
47 4 0 1 4 5
1876 4 3 5 8 9
1646 1 9
750 3 0 3 7
1736 2 5 8
9 9 0 1 3 4 5 6 8 9 10
1239 2 2 3
637 2 0 8
445 2 3 4
1288 1 9
1786 2 0 4
914 2 0 6
229 5 2 3 4 9 10
633 3 0 5 6
609 4 3 6 7 10
858 2 3 7
1982 4 2 4 7 10
239 3 3 6 8
1945 4 3 4 7 9
1291 3 0 4 7
495 5 1 2 7 8 10
388 5 0 1 4 8 9
1596 5 2 6 7 8 9
1075 5 2 3 5 7 8
848 5 0 1 2 3 4
1893 3 3 5 6
1770 3 1 2 8
1688 3 0 3 9
1293 3 1 3 4
1707 2 7 9
356 7 0 1 3 4 5 7 10
808 1 6
1094 4 6 7 8 10
387 8 0 1 3 4 5 7 8 9
1504 7 0 2 4 5 7 8 10
1788 1 6
359 4 0 3 5 6
1223 5 0 3 5 7 10
1618 2 5 10
1890 4 0 5 6 8
1111 2 6 7
872 4 5 7 8 9
405 2 1 3
664 4 1 2 4 5
501 3 0 7 10
103 3 2 4 6
1176 6 0 1 2 5 7 9
1494 2 4 10
1010 1 3
1284 3 0 6 10
1557 3 1 3 7
716 2 2 6
1521 3 7 9 10
875 2 5 6
255 1 5
1187 4 0 6 9 10
1425 2 3 9
1968 2 5 8
168 3 4 5 10
620 4 0 1 6 8
1456 2 7 10
399 1 9
1549 2 4 5
439 6 1 4 6 8 9 10
301 1 0
296 6 0 2 4 5 7 9
645 3 1 4 9
671 1 3
825 1 9
373 5 1 2 5 9 10
1278 3 0 8 10
153 1 9
1348 4 3 4 5 9
1687 4 0 7 9 10
1304 2 1 8
127 5 0 4 5 6 8
1978 4 0 3 7 9
405 3 0 8 9
525 2 0 10
1646 1 6
631 4 1 2 4 6
439 2 1 6
1387 2 5 10
514 2 2 8
1688 5 1 6 8 9 10
1586 1 10
850 5 1 2 3 9 10
376 4 3 4 5 10
222 3 1 4 5
1459 4 1 3 7 9
1142 3 5 6 7
955 1 7
997 6 1 5 6 7 8 10
336 3 1 4 6
1758 1 2
1621 3 2 4 10
1383 4 0 3 4 5
506 3 0 5 8
895 4 5 7 9 10
721 1 7
1897 4 0 2 3 7
214 2 1 9
1247 3 0 3 5
664 1 8
497 1 2
1360 2 1 3
1447 3 0 7 10
1229 5 0 1 2 5 7
349 3 3 4 8
1412 2 4 6
1794 2 2 8
539 1 3
1233 2 2 5
219 3 1 3 7
1084 5 0 2 4 6 9
846 5 1 2 3 5 10
1809 1 7
1796 1 6
234 1 4
1604 1 10
1596 4 2 4 6 7
1354 3 2 6 10
1765 4 0 2 5 7
793 1 9
1907 1 4
150 4 3 5 7 9
1 1 4
1016 2 3 10
1614 3 4 7 10
1260 4 0 2 3 8
1055 3 0 2 3
1341 3 1 5 8
933 2 4 9
464 1 3
1427 2 3 6
1021 4 0 2 3 5
1396 3 2 3 6
401 3 1 2 9
1342 3 5 8 10
507 3 1 3 7
1641 3 2 5 10
1048 1 2
838 3 2 3 6
762 2 4 9
1525 5 1 2 3 4 6
1227 6 0 3 4 8 9 10
1154 4 0 2 9 10
1855 3 2 5 8
780 4 1 5 6 10
1142 5 0 1 5 8 10
1787 5 0 1 2 3 4
1305 8 2 3 5 6 7 8 9 10
1937 1 4
1085 3 2 3 4
1022 4 3 5 6 10
1495 6 1 2 3 5 8 9
809 5 2 4 6 7 10
1113 5 1 3 5 6 10
1159 4 0 1 4 5
423 2 5 10
1254 4 3 7 8 9
439 5 2 5 7 8 9
1992 1 9
1287 3 1 6 7
1419 2 1 8
1262 2 0 5
1239 1 1
748 3 3 4 6
873 4 1 7 8 10
442 5 1 3 8 9 10
467 3 3 7 10
229 1 8
1177 6 0 1 3 4 5 7
146 3 2 5 7
1368 6 0 1 4 6 7 8
1804 1 1
532 5 0 2 5 6 10
6 2 2 3
336 5 4 6 7 8 10
1802 2 3 7
1824 4 7 8 9 10
997 3 3 4 6
1227 2 5 8
951 4 0 3 7 8
972 5 0 2 4 6 10
55 2 6 8
218 2 3 9
422 2 3 10
336 1 8
1031 3 1 4 7
408 1 3
335 3 1 2 9
1328 3 3 8 10
1562 3 3 4 8
1350 3 2 8 9
539 2 1 10
1031 2 0 3
651 2 1 8
1339 3 0 3 9
318 2 3 8
1754 7 0 1 2 4 5 9 10
1984 2 3 4
1132 5 1 2 5 7 10
1808 4 1 2 5 6
369 7 1 2 3 7 8 9 10
1161 5 1 2 7 9 10
88 5 0 1 5 8 10
1365 2 7 8
1597 2 0 3
1459 1 10
365 4 2 3 4 6
1469 5 0 1 3 6 9
255 2 4 9
513 2 2 6
343 2 3 9
983 4 1 2 4 6
343 3 4 9 10
1544 4 0 2 9 10
1311 3 1 6 10
631 4 0 6 7 10
1738 2 4 6
1618 1 1
545 4 2 6 9 10
641 2 2 4
1582 5 0 2 3 6 10
398 2 3 6
178 5 0 6 7 8 9
1158 3 1 4 8
1504 4 2 4 6 7
1058 3 2 9 10
875 4 1 3 6 10
932 2 7 10
359 3 2 6 8
1630 4 0 1 3 4
1341 4 0 1 4 9
1046 2 2 5
1259 4 1 4 6 10
1176 5 1 3 4 9 10
216 2 2 7
1287 2 3 8
1826 2 0 7
99 3 1 6 10
1637 3 1 9 10
1037 5 2 3 5 6 9
1285 1 0
1882 4 5 7 9 10
505 2 3 7
1517 2 3 6
1536 2 0 2
1882 4 0 1 5 6
1331 1 10
1719 5 1 2 4 7 9
1685 3 0 1 4
96 3 4 6 8
1259 2 5 6
550 3 0 5 6
271 2 3 8
1287 2 2 3
918 4 0 1 2 8
367 4 0 4 6 10
1538 3 3 6 8
1386 1 9
924 4 1 2 4 10
573 2 1 5
437 5 2 6 7 8 9
1965 1 3
1416 5 2 3 4 6 9
577 4 2 3 4 5
307 4 2 3 6 8
617 6 0 1 5 6 7 8
458 2 7 10
1046 6 3 4 5 6 7 8
1405 3 4 6 10
343 8 1 3 4 5 7 8 9 10
539 1 2
1508 3 2 6 9
1818 3 1 6 10
574 6 0 1 3 4 6 9
895 4 0 1 2 8
969 1 9
1443 1 2
13 2 3 7
568 1 0
1521 2 2 10
1585 3 1 4 6
683 3 2 9 10
1431 3 4 5 10
1227 2 3 4
1372 4 2 6 7 9
1368 3 0 4 6
911 2 1 9
1187 3 4 5 9
522 2 1 9
913 4 1 6 8 10
1154 4 1 3 6 8
898 4 2 3 6 9
675 3 3 4 8
1739 3 1 5 9
1562 3 6 9 10
53 5 2 3 7 9 10
1151 5 0 1 6 8 10
1078 5 1 2 4 7 9
1517 1 2
513 1 9
493 3 3 6 7
1563 5 0 1 3 4 5
1945 6 0 3 6 8 9 10
992 6 1 5 6 8 9 10
618 2 0 5
669 1 4
1864 2 1 3
1152 2 6 9
1396 3 3 6 8
282 2 0 10
745 2 6 10
95 2 6 7
530 4 0 1 2 3
1312 2 2 9
221 1 3
1312 1 9
397 1 9
1715 3 2 7 9
847 2 0 6
560 4 1 2 4 6
179 1 6
486 4 0 1 3 4
1882 5 1 3 4 5 6
1707 4 0 1 3 8
1016 3 3 6 9
1152 4 0 3 7 10
1754 2 0 9
790 3 1 4 7
901 2 2 6
343 2 0 2
1607 1 6
1309 4 0 2 7 9
925 4 0 3 6 9
158 4 0 4 6 8
1108 4 0 1 3 10
1555 1 7
1372 3 5 6 9
811 2 3 9
853 3 1 6 7
1652 3 0 5 8
1476 4 1 3 6 8
1000 5 3 4 6 7 8
1490 2 6 9
1728 3 0 2 6
400 5 2 7 8 9 10
1757 4 1 2 6 8
1403 4 0 4 7 10
1054 6 2 3 4 5 8 10
1229 5 1 2 3 4 9
1829 1 5
1229 4 4 5 8 9
1287 3 4 7 10
86 5 0 1 6 7 9
1255 4 4 6 7 10
324 6 0 2 4 5 6 9
857 4 3 5 7 8
601 3 0 3 6
1824 2 4 9
909 2 5 7
1066 1 6
1802 4 6 8 9 10
369 3 1 9 10
744 2 0 6
157 1 9
878 3 0 7 8
140 3 1 5 10
559 3 1 3 8
1061 2 8 10
1340 2 4 9
304 2 0 4
496 3 0 7 8
626 2 0 4
1257 6 3 4 5 6 7 8
1966 1 0
1094 2 4 10
763 1 0
1438 2 6 10
264 2 1 7
513 1 10
244 3 0 3 4
1400 3 5 8 9
1895 6 1 2 3 7 8 9
1855 5 1 3 4 5 6
1832 3 2 5 8
1546 5 1 2 5 9 10
1849 3 1 6 8
1328 1 2
1014 2 2 8
75 3 4 5 6
887 4 2 4 8 10
1123 3 1 5 10
1516 4 2 5 6 7
492 2 1 6
1374 1 8
1829 2 1 4
1344 2 7 8
643 4 1 6 9 10
1279 3 3 4 10
987 3 1 2 6
746 4 4 6 8 9
1815 5 1 3 6 7 8
1652 3 5 7 9
1084 3 3 6 10
1720 1 7
185 5 2 4 6 7 9
744 7 0 1 3 4 6 7 10
486 6 0 1 3 5 6 7
1448 3 8 9 10
185 3 3 4 8
1602 5 2 3 5 6 10
1178 1 7
378 4 1 5 9 10
33 3 0 8 9
270 4 2 5 6 8
280 4 2 4 7 10
904 1 7
1743 4 2 4 5 7
911 3 0 2 3
1316 2 4 6
572 3 4 9 10
432 1 5
1043 5 2 4 5 8 10
895 6 0 2 4 6 8 10
1419 3 4 5 7
530 3 0 2 3
52 2 0 2
1723 5 0 3 4 6 7
692 2 6 10
846 3 2 3 7
750 3 5 7 8
299 6 3 5 6 7 9 10
1907 3 1 4 5
1142 3 2 8 9
898 4 1 7 8 9
1111 2 6 7
388 7 0 1 2 3 4 6 8
1853 1 7
598 4 2 5 9 10
1512 1 2
318 4 0 3 9 10
1448 1 10
639 1 1
505 1 7
1014 5 1 2 4 5 10
1962 2 0 8
1754 4 2 4 7 8
343 5 0 2 3 5 7
194 4 0 7 9 10
671 4 4 6 8 9
1073 4 1 6 7 9
1480 2 0 3
1142 1 3
136 6 0 1 2 5 6 9
1278 1 10
75 5 0 1 3 4 5
1171 1 0
1061 3 1 6 8
31 6 0 3 4 8 9 10
1935 1 9
1163 2 1 7
182 1 5
1882 2 1 2
824 1 9
1933 3 0 3 5
200 4 0 1 9 10
1087 2 0 9
709 1 6
1360 6 0 1 2 4 6 9
1801 3 2 3 9
691 3 1 4 7
304 3 1 6 9
24 4 0 3 4 10
1596 1 7
1614 2 5 9
833 4 3 5 6 8
1000 2 0 5
152 5 2 5 7 8 9
1732 5 1 2 4 5 8
1243 4 0 1 5 8
1093 2 2 4
1563 2 4 7
706 3 0 4 5
1142 2 4 10
1134 2 1 4
1727 3 1 7 8
1720 2 3 8
980 3 0 2 6
1721 3 1 2 7
1478 8 0 2 3 5 6 7 8 10
173 4 2 3 7 10
1829 5 2 4 6 7 8
1673 2 1 7
827 7 2 3 4 5 8 9 10
24 6 1 2 3 4 5 6
1819 5 0 1 5 9 10
301 3 3 4 7
1459 4 2 5 8 9
1765 3 0 3 10
1967 3 2 4 10
766 3 1 7 8
467 3 0 4 10
1419 2 2 6
996 4 1 4 5 6
1740 2 0 10
904 1 7
32 3 7 8 10
203 3 0 4 9
1471 1 1
1771 2 1 6
30 2 5 10
1329 1 2
121 3 0 8 10
1224 6 2 5 6 7 8 10
702 2 3 8
173 1 4
939 5 0 1 2 3 4
714 3 8 9 10
183 1 3
1526 1 2
127 3 0 3 5
70 5 3 6 8 9 10
1992 3 3 8 9
1835 4 0 3 6 8
1385 2 6 7
435 5 0 5 7 8 9
833 3 6 8 9
1224 4 0 5 8 10
1057 3 2 8 10
520 3 3 5 8
1031 2 0 7
287 3 0 4 7
380 1 7
1585 3 1 3 7
932 3 6 7 10
756 4 0 2 5 10
1866 5 2 4 5 7 8
1199 6 2 3 6 8 9 10
1024 5 3 4 6 7 8
1420 3 4 6 7
1897 2 0 8
1562 3 1 3 7
552 4 1 2 5 8
1490 3 1 6 10
292 2 3 5
1021 3 1 2 9
655 4 2 5 6 7
332 3 2 6 10
10 4 1 4 6 7
1466 5 1 4 6 8 10
1132 2 1 4
735 2 5 7
828 2 1 5
627 4 2 3 5 8
620 1 8
1839 1 9
969 3 2 7 10
601 4 6 8 9 10
1356 2 4 6
17 2 3 5
1210 3 3 7 8
1597 2 5 10
1695 2 7 8
1398 4 3 4 6 10
1935 6 0 2 3 4 6 8
95 1 1
908 3 4 5 9
662 2 4 7
952 1 2
643 6 1 5 6 7 8 10
534 5 5 6 7 8 9
384 5 0 4 6 7 9
1158 4 0 1 5 6
788 4 0 1 7 10
1794 3 0 1 6
1917 3 0 3 4
528 2 6 9
873 3 0 4 6
1224 3 3 8 10
1469 3 7 8 9
1156 6 0 1 2 5 7 9
928 6 2 4 5 8 9 10
1165 2 4 8
1205 4 0 1 4 9
1967 2 0 2
655 3 0 6 9
119 3 0 6 7
663 7 0 1 2 4 5 6 8
314 4 4 6 8 9
1000 2 1 7
1272 2 5 8
52 5 0 5 8 9 10
878 3 2 4 7
919 5 2 4 5 6 8
1516 4 0 2 6 9
868 2 0 8
1111 4 0 1 3 5
205 3 6 7 9
1821 1 3
626 2 0 3
68 1 6
987 5 0 1 4 7 9
601 6 0 4 5 7 8 10
1904 4 0 7 8 10
1646 3 6 7 10
1883 3 6 8 10
143 2 2 9
1171 3 4 7 9
1907 2 3 4
1152 2 3 5
496 4 2 3 8 10
170 3 0 1 4
370 4 2 3 6 10
299 5 0 5 6 8 10
733 4 1 3 4 6
1635 6 0 1 4 5 7 10
1411 1 2
162 4 3 5 6 7
719 4 1 4 7 9
1441 2 3 7
1244 4 1 8 9 10
785 3 4 5 8
1731 2 4 5
1749 3 0 6 7
325 2 0 3
1098 2 7 9
976 2 0 6
664 4 0 4 6 9
232 2 1 7
1650 2 6 10
98 2 2 6
147 4 0 2 6 8
1658 6 3 4 5 7 9 10
469 1 6
783 8 0 2 3 5 6 8 9 10
908 3 6 7 8
182 3 0 4 6
107 3 4 8 10
1740 3 3 4 6
99 6 2 3 4 5 8 10
1770 3 0 6 7
1516 1 2
1723 2 3 5
706 5 0 1 4 5 10
821 2 0 7
183 4 4 7 8 9
931 2 4 5
1535 4 3 5 6 9
1868 3 1 7 8
611 2 6 8
1657 4 5 6 9 10
1653 3 0 1 3
585 3 2 6 10
315 2 1 3
163 3 1 3 9
1516 1 7
1917 4 6 7 8 10
1754 5 2 3 5 7 8
1695 1 1
1007 3 4 8 10
494 1 2
1466 3 5 6 7
1053 3 0 4 10
815 4 4 6 7 8
1592 2 4 5
1405 3 3 5 10
1094 3 5 7 8
1868 4 2 5 6 9
1952 3 4 5 9
913 2 8 10
872 2 2 5
1723 6 0 2 6 7 9 10
367 3 1 2 8
634 1 1
1585 6 0 1 3 5 6 9
1330 2 0 3
340 2 0 2
1556 2 1 6
1435 5 0 2 3 4 5
1061 6 1 2 3 4 6 8
355 2 9 10
1934 4 0 2 5 10
854 1 10
231 2 4 6
1776 2 5 10
1329 4 4 5 8 9
1925 1 1
1969 2 2 6
173 3 3 5 9
1410 5 0 5 6 7 10
681 6 1 2 5 6 9 10
1829 2 1 3
1832 8 0 2 3 5 6 7 9 10
948 4 5 8 9 10
466 3 4 6 7
935 4 0 8 9 10
1160 2 1 3
714 2 1 9
571 6 0 1 3 4 6 7
397 3 0 3 5
1331 3 2 4 7
372 1 4
262 2 0 2
603 2 5 8
979 4 3 5 7 8
104 3 0 5 6
1042 3 1 5 10
1084 1 10
734 4 4 5 6 7
1442 3 2 4 10
185 3 2 8 10
388 2 6 10
1290 5 0 1 3 5 9
757 3 0 4 6
746 3 3 5 8
261 2 7 9
905 2 7 10
400 6 1 4 7 8 9 10
793 3 3 6 7
1669 2 5 9
534 4 2 3 5 8
1010 3 4 6 7
179 2 2 5
433 3 1 5 6
756 2 5 8
1637 5 0 3 6 9 10
1001 3 6 7 10
152 6 1 3 4 7 8 10
1964 3 1 3 4
1147 3 2 4 8
1869 3 2 3 6
434 5 1 2 6 7 9
508 8 1 2 4 5 6 7 9 10
663 6 0 1 2 3 6 10
331 5 1 7 8 9 10
1941 1 0
601 4 1 6 7 8
938 1 2
895 5 2 4 5 6 10
1245 3 4 6 10
408 2 6 10
1720 2 8 10
673 2 7 9
1699 4 1 2 4 8
492 1 2
1914 3 3 4 9
1118 4 2 4 8 10
1333 2 0 4
1721 2 8 10
765 4 4 6 8 10
1419 3 5 7 10
185 5 0 5 8 9 10
1259 4 1 3 5 8
925 1 4
1792 5 3 4 5 7 10
376 1 9
1707 2 4 6
821 4 4 6 8 9
188 3 1 5 8
1609 2 6 8
1617 3 3 4 9
732 4 1 2 8 10
1504 3 0 1 7
346 2 1 4
498 3 0 2 3
185 1 3
1183 5 1 2 4 5 10
793 5 0 2 3 5 8
828 5 0 1 8 9 10
280 3 0 6 9
938 2 0 1
318 4 0 4 6 8
185 3 2 5 10
306 3 0 3 10
1021 4 3 4 7 8
1934 4 4 7 8 10
1738 7 0 2 3 4 6 8 9
748 2 7 10
1935 3 0 4 7
1453 3 0 5 7
445 3 1 2 8
1850 4 0 4 5 10
1403 2 6 7
1084 4 0 3 6 7
1706 3 4 5 8
1670 4 1 4 9 10
146 4 1 2 4 6
1606 5 0 7 8 9 10
185 4 1 3 5 6
501 4 0 5 6 9
1954 5 2 3 4 7 8
1064 5 4 5 6 7 8
522 3 0 8 9
1705 3 3 5 8
538 3 0 6 8
1156 2 3 10
400 2 5 7
544 2 5 7
1769 2 4 5
557 1 6
286 3 1 3 10
1558 3 1 3 8
750 2 6 10
675 1 8
1535 1 9
30 4 1 3 8 9
1964 2 4 5
353 3 0 4 7
969 2 6 10
1165 4 1 2 7 9
288 5 3 6 7 8 9
920 2 2 8
1504 1 4
1287 2 4 10
1081 4 1 2 5 10
744 3 4 5 6
986 5 2 4 6 7 10
1707 2 0 7
208 5 1 4 5 7 10
1765 3 0 5 9
846 8 0 1 2 4 6 7 9 10
312 1 9
222 1 5
282 1 10
118 5 5 6 7 9 10
400 2 4 7
77 4 0 3 7 8
520 3 2 4 5
1494 2 1 2
1010 3 0 5 7
985 3 3 4 5
1596 2 4 10
1810 8 0 2 3 4 5 6 7 10
88 3 0 5 10
968 3 4 5 7
1596 2 0 1
1451 5 2 3 4 5 9
1536 4 1 2 6 10
1620 2 3 9
1260 1 6
893 4 1 3 8 10
1374 4 2 6 7 9
96 4 0 2 3 4
641 3 2 7 10
39 5 0 2 5 6 10
80 1 10
370 3 1 3 6
947 4 2 6 7 10
1904 2 5 8
900 1 3
1779 8 1 2 3 5 6 8 9 10
1072 3 1 7 8
780 3 2 5 9
1355 6 1 2 3 5 7 9
863 4 3 4 8 9
1086 4 0 2 3 6
4 3 2 5 6
469 5 2 3 4 6 8
1030 2 3 7
70 3 3 5 7
643 3 1 7 8
30 5 0 3 4 7 9
205 5 1 2 6 7 10
1088 3 1 5 10
1914 5 1 5 8 9 10
1262 3 3 4 10
1674 1 9
1226 2 6 7
32 1 0
1557 2 5 8
486 3 6 7 9
1069 1 4
947 2 2 8
185 3 3 9 10
1342 3 5 8 10
422 6 0 2 3 5 7 8
1088 3 3 7 10
1501 4 1 2 8 10
1015 3 0 1 2
568 4 4 7 8 10
916 4 1 7 8 10
1774 2 6 10
1902 1 4
809 7 1 2 3 4 5 8 10
1350 1 6
1476 3 5 6 9
1240 5 3 4 7 8 10
81 4 0 4 5 7
105 3 1 3 10
550 1 5
99 2 2 4
1001 3 5 7 10
33 2 6 8
1132 2 9 10
1495 2 1 2
1033 2 3 5
1807 1 5
659 4 1 2 5 8
1135 1 7
227 3 1 2 10
1560 6 2 3 4 8 9 10
745 2 2 6
1369 5 2 3 8 9 10
1410 3 2 5 8
1749 7 1 3 4 5 8 9 10
1780 3 3 4 6
1459 2 6 8
513 1 7
1581 2 5 8
1115 1 3
914 4 0 2 4 10
567 7 0 2 4 6 7 9 10
1480 1 8
290 3 6 8 10
143 4 3 4 5 7
376 4 1 5 7 8
570 1 8
757 6 0 1 2 4 9 10
1521 4 0 5 6 10
1695 3 4 5 10
419 2 4 5
1232 3 4 5 6
710 3 2 9 10
827 4 1 2 4 9
1466 1 6
1517 1 9
276 1 6
303 2 9 10
1396 2 5 6
1324 3 0 1 5
2 6 1 2 5 7 9 10
505 5 1 3 5 7 10
1009 5 1 4 7 9 10
1070 7 0 1 2 4 5 6 7
1822 8 0 1 4 5 6 7 8 9
1448 6 0 1 2 3 8 10
1584 3 0 4 6
634 1 0
1225 1 1
1968 2 6 7
299 4 1 5 9 10
678 1 4
1826 3 2 3 10
1075 3 2 6 10
1014 2 4 9
172 4 2 4 8 9
218 2 3 6
1526 5 4 5 6 7 8
1094 5 1 4 5 6 7
916 1 6
1747 4 2 6 7 8
88 3 4 5 8
164 5 0 3 4 7 8
1329 4 0 4 8 10
908 4 2 7 8 9
534 6 1 3 5 6 7 10
1562 3 1 2 3
322 1 9
553 4 3 6 7 10
1031 3 1 8 9
764 5 0 2 7 8 9
955 3 1 4 8
1614 1 2
1494 5 2 3 4 8 10
1706 5 0 3 7 9 10
1613 3 1 4 10
833 4 2 3 4 6
224 2 5 9
1829 6 1 3 4 7 8 10
1339 1 10
617 3 1 3 10
994 1 6
583 2 4 6
419 4 0 1 4 7
1906 3 1 4 9
702 2 1 4
818 4 1 4 5 8
958 4 1 2 5 9
430 4 0 4 8 9
1774 6 1 2 4 5 6 10
895 5 1 2 5 7 9
538 2 4 9
1324 5 1 2 7 9 10
989 3 2 3 4
458 2 4 9
369 1 0
41 4 1 4 6 8
968 3 0 3 8
1376 3 0 2 4
1732 4 6 7 8 9
94 6 1 4 5 6 9 10
1914 2 2 4
331 3 0 1 2
1247 3 1 2 3
1046 2 2 9
848 2 6 10
495 2 9 10
1606 3 2 4 9
1632 2 0 8
255 1 3
182 4 5 7 8 9
1459 4 1 3 4 6
1874 2 2 6
1727 5 0 1 3 8 10
55 5 0 2 4 6 8
1062 2 3 4
1409 3 1 2 7
668 6 3 4 5 6 9 10
183 3 4 9 10
530 5 2 3 6 7 8
52 2 4 7
681 3 0 1 7
1482 3 5 7 10
304 3 3 8 9
1412 2 8 10
119 5 2 4 5 7 10
542 2 5 6
764 4 1 2 7 8
1243 4 4 5 6 9
1123 2 3 5
101 2 7 10
1778 5 0 1 3 5 9
168 4 0 7 8 9
1822 3 5 7 10
1470 5 0 2 5 8 9
1285 7 1 4 5 6 7 8 9
158 5 3 4 5 6 7
1207 2 6 10
886 5 2 4 5 6 7
583 4 2 3 7 8
879 1 5
1630 3 1 6 7
740 4 1 6 8 9
992 3 2 4 8
651 5 1 2 5 6 9
1456 2 1 4
573 3 6 8 10
208 3 0 4 5
1135 5 0 1 5 7 10
439 5 0 1 2 3 8
1669 3 4 6 8
223 3 0 6 9
591 3 1 3 6
854 5 0 1 2 7 9
607 4 4 6 8 9
1230 4 1 3 6 10
1801 3 4 6 9
246 2 1 10
1132 1 8
1327 2 0 10
1897 2 7 9
964 5 3 6 7 8 9
1770 5 0 3 5 6 8
1731 1 4
448 4 0 2 6 7
1321 3 3 8 10
809 5 1 3 7 8 10
147 1 5
1121 4 3 4 5 8
1975 3 4 5 8
1972 4 1 3 5 9
510 4 2 3 5 7
816 5 1 6 7 8 10
1818 2 2 10
93 5 2 3 5 7 9
1391 2 0 10
532 3 1 6 9
1032 3 0 7 8
260 3 1 5 9
1118 1 9
1287 3 1 4 9
1636 4 1 4 6 7
1563 4 0 7 8 10
935 1 4
1598 3 1 3 8
157 3 1 7 9
56 2 1 7
1924 4 3 7 8 10
648 3 2 4 8
475 7 0 1 2 3 6 8 9
620 6 1 2 3 4 5 7
914 3 0 1 5
408 3 4 6 7
1657 3 4 7 9
511 2 1 4
1754 2 2 10
165 2 1 7
1221 2 7 8
113 4 0 1 3 6
654 4 1 7 9 10
925 1 9
1979 1 4
245 4 6 7 8 10
1713 3 0 2 4
1014 1 6
155 3 2 6 10
1752 2 4 7
1897 5 0 6 7 8 9
1411 3 0 5 8
1172 3 7 9 10
1166 3 6 9 10
391 3 2 5 10
1889 5 2 7 8 9 10
111 6 1 4 5 6 7 8
559 5 1 4 5 6 10
1061 4 2 4 5 10
1031 2 0 4
1492 2 1 4
306 5 0 2 5 9 10
182 3 2 5 9
568 4 0 1 6 7
1898 2 7 8
301 2 2 4
655 3 0 5 10
1267 4 1 4 9 10
1376 3 4 6 7
282 4 0 2 5 10
1010 4 1 7 9 10
808 3 0 3 8
559 3 6 7 8
367 4 3 7 8 9
1061 3 0 5 10
745 4 0 4 6 8
587 1 8
875 5 0 1 2 9 10
1946 3 4 6 7
1259 5 1 2 4 8 9
1515 5 6 7 8 9 10
995 4 1 7 9 10
689 2 5 10
206 2 1 3
1809 2 4 7
731 4 4 5 8 9
1842 4 3 6 9 10
960 1 10
975 1 0
1920 2 7 10
886 4 1 2 4 9
147 2 1 4
262 2 5 6
964 5 2 4 5 7 10
467 1 0
165 3 0 1 2
1024 3 0 4 10
655 1 6
918 4 0 6 8 9
1480 3 2 5 8
1526 3 3 6 10
1735 2 2 4
376 1 9
694 4 0 4 7 9
651 4 0 1 2 8
1237 6 1 3 4 7 8 10
1142 3 3 7 10
950 4 0 4 9 10
1877 2 8 10
135 3 5 7 9
70 2 6 10
1733 1 6
656 3 0 4 9
462 1 5
1192 4 1 2 6 7
1111 4 3 4 5 7
1369 4 0 3 7 10
10 2 0 1
1804 3 3 6 8
1367 4 0 3 5 9
17 2 3 10
1829 4 2 4 6 9
1678 5 3 5 7 8 10
318 4 0 4 7 9
540 3 5 8 9
55 1 7
349 1 4
1182 2 6 9
1752 4 1 2 4 6
96 2 4 8
1682 2 1 4
1515 5 2 3 5 9 10
1515 3 1 2 7
634 1 10
1923 2 3 8
1573 3 1 2 8
952 3 5 8 9
182 3 3 8 10
1719 2 3 10
1210 1 7
1260 3 7 9 10
1719 4 0 1 4 9
1453 3 1 3 10
163 2 2 6
1928 4 4 5 7 9
1607 2 3 6
204 1 5
1239 2 0 3
1515 3 0 4 5
661 2 3 9
634 3 2 5 6
48 2 2 6
1860 4 0 1 7 8
568 2 2 10
663 4 0 2 4 9
1765 3 2 3 10
855 4 1 2 4 7
360 3 5 7 9
170 6 0 2 3 6 7 9
1533 1 5
1031 4 1 4 6 9
810 5 0 1 2 4 6
1745 4 1 8 9 10
720 4 2 3 4 9
662 7 1 2 4 7 8 9 10
33 5 1 3 5 9 10
731 3 1 7 10
1142 5 0 3 7 8 10
497 2 3 10
720 4 3 4 5 7
123 2 2 8
586 1 6
1839 2 2 5
1829 4 1 2 6 7
376 3 3 5 7
1345 3 0 6 9
1658 8 0 2 4 5 6 7 9 10
1719 5 0 3 6 9 10
1425 4 1 5 7 8
1954 5 2 3 5 6 8
852 2 2 10
33 2 4 10
1125 3 2 6 7
354 4 3 8 9 10
1159 2 3 8
216 3 6 8 9
314 1 7
1426 4 1 2 5 7
1754 1 7
1954 1 9
1152 2 0 5
516 2 2 4
742 1 2
695 5 2 3 5 8 10
611 4 2 6 8 9
568 3 0 3 9
973 1 10
100 5 0 3 5 6 7
1596 5 1 2 3 5 6
216 1 5
242 4 2 3 8 10
143 3 3 5 9
373 2 2 8
898 3 5 6 8
779 2 4 6
1360 4 2 6 8 10
1187 3 4 5 6
1072 3 3 5 9
172 2 0 3
1720 6 1 3 4 6 8 10
1094 3 2 4 10
1675 3 1 2 9
1661 2 0 7
960 3 3 6 8
1078 2 0 8
513 2 7 9
1907 3 4 6 10
1840 1 7
1240 3 4 6 8
155 2 6 7
1287 5 0 1 3 8 10
920 3 0 1 5
255 2 6 10
707 4 0 1 2 7
308 6 0 2 5 6 8 10
1033 3 0 3 8
843 2 0 7
1411 3 2 6 7
1303 2 1 8
617 6 0 2 4 5 7 8
721 1 0
583 2 1 2
455 2 8 10
970 2 0 3
1402 1 7
17 2 4 8
150 5 2 3 4 7 10
177 5 2 4 5 6 10
545 3 1 4 8
1143 3 0 1 5
1165 1 7
1238 4 1 4 6 9
933 5 5 6 7 9 10
753 3 3 5 6
1504 2 2 9
744 4 1 2 7 10
784 3 4 5 7
1337 5 2 5 6 7 10
601 5 1 3 6 7 8
745 4 1 5 7 8
1331 3 0 3 7
299 4 1 2 8 9
182 2 2 8
48 3 1 2 4
222 3 2 9 10
1983 1 7
471 3 3 4 6
580 8 0 2 3 5 6 7 8 10
1410 1 7
274 2 6 8
1945 4 2 4 7 10
1907 1 5
1851 2 0 7
688 3 2 4 9
1079 1 4
1206 3 3 5 8
1000 4 2 3 5 6
1461 3 3 5 10
456 5 0 2 3 4 5
529 1 10
462 3 2 4 7
637 3 3 7 8
1271 1 7
363 3 0 1 5
1537 3 3 6 7
973 1 8
1624 5 0 1 5 9 10
553 3 2 3 10
1410 1 5
525 4 0 2 3 4
26 2 5 8
722 2 3 8
168 4 2 6 7 10
1026 4 1 2 4 10
1704 3 4 7 9
509 2 8 10
1456 1 2
1674 2 1 4
492 2 1 2
1873 2 5 8
299 2 2 7
1376 5 0 4 5 7 8
1739 4 3 6 7 8
1044 3 0 5 7
931 3 3 6 8
1905 2 4 5
165 5 3 6 7 8 9
1695 1 10
1106 5 0 1 2 5 10
1482 2 0 7
908 3 1 2 9
914 3 1 2 8
1466 3 4 6 9
702 3 4 8 9
489 2 0 1
695 2 2 4
1262 3 0 4 9
1053 3 1 9 10
264 3 5 7 8
655 3 2 4 8
1021 4 4 6 7 10
904 5 4 7 8 9 10
7 5 0 2 3 4 6
1836 3 2 5 10
1165 2 7 10
1232 2 3 7
681 2 4 5
527 1 9
725 5 0 1 2 5 6
1824 1 3
1128 2 2 4
867 6 0 1 2 3 4 9
1770 4 1 3 6 7
1657 4 0 1 9 10
916 4 1 2 3 9
1630 3 1 4 5
343 4 0 1 5 9
1037 4 1 2 6 9
632 4 2 7 8 10
194 2 2 9
1142 2 7 10
809 1 7
1837 1 8
620 5 0 2 3 8 10
1094 1 1
847 3 4 9 10
1964 2 0 5
1112 5 0 4 5 6 10
287 6 0 3 4 5 6 7
430 2 4 8
123 3 2 8 10
637 4 0 2 5 8
644 4 0 3 4 10
1227 2 0 3
1861 1 5
372 4 3 4 8 9
1784 3 1 5 10
1182 3 1 6 10
1410 3 4 5 8
218 5 0 2 6 7 8
901 2 4 6
336 3 0 3 7
631 2 9 10
1385 3 2 4 6
410 6 1 3 4 6 7 10
1671 3 3 5 7
435 2 0 5
608 1 9
1041 2 5 8
1969 3 2 3 9
472 2 6 10
676 5 2 5 6 7 8
1420 2 2 3
1084 2 1 8
241 5 1 3 6 7 9
825 2 2 5
1793 3 0 2 8
1084 3 0 3 5
1218 2 2 8
746 2 3 6
1623 2 3 5
208 6 3 5 7 8 9 10
478 3 2 4 5
1363 2 8 10
699 3 1 7 9
1185 1 7
585 6 0 3 6 7 8 10
1765 3 4 8 10
1639 4 0 1 4 6
539 1 1
1699 2 2 10
1835 1 0
1504 4 0 1 4 8
1961 2 2 4
1540 5 2 3 7 9 10
462 2 4 5
390 7 0 4 5 6 7 8 9
1886 3 3 7 8
1165 1 7
492 6 0 1 4 5 6 8
1784 6 0 1 5 6 8 9
648 4 1 4 8 10
466 4 4 5 8 10
1212 2 2 7
1770 3 2 4 8
55 2 5 8
996 3 5 6 9
663 3 2 4 9
1476 1 6
1499 2 6 10
664 1 9
1064 6 2 5 6 7 8 10
1069 3 0 5 7
854 3 0 7 10
762 2 8 9
699 2 1 10
19 5 0 1 3 9 10
1757 7 1 2 3 4 7 8 9
1525 3 7 8 9
1614 4 0 2 3 9
246 1 1
1349 2 5 10
1325 3 0 2 3
611 1 10
1132 5 1 6 7 8 9
1707 4 0 4 6 9
1796 4 1 2 3 9
34 5 1 2 6 9 10
1889 3 0 5 8
946 2 3 10
1585 1 9
568 2 4 8
375 3 1 4 10
1966 4 1 4 9 10
552 5 1 3 6 8 10
244 3 3 5 6
139 5 2 6 7 8 10
821 4 3 4 5 9
318 3 1 2 3
1258 2 5 7
1585 1 6
343 4 1 2 3 5
1461 3 5 8 10
1396 3 1 5 9
1551 1 7
1484 2 3 9
16 5 0 3 5 7 8
42 4 2 6 8 9
701 4 1 2 6 8
570 1 9
752 1 9
1447 1 3
75 3 0 3 7
627 4 0 2 3 6
47 3 3 5 7
1467 3 4 8 9
7 4 0 4 9 10
2000 3 1 6 7
1396 5 0 1 3 4 9
810 1 2
1108 4 2 6 9 10
1043 2 5 10
1754 3 2 3 10
977 3 1 8 10
405 2 0 8
571 3 0 2 7
1981 2 8 9
570 3 0 2 3
1430 3 0 6 10
1720 3 0 7 8
885 2 6 8
1688 4 0 4 7 8
1745 4 0 3 5 9
227 3 0 4 10
1461 2 1 7
655 4 0 3 8 9
914 2 0 4
43 5 1 2 3 4 9
983 1 10
279 4 0 1 6 8
534 4 0 4 6 7
1381 2 1 9
532 5 5 6 7 9 10
795 2 2 4
357 4 0 2 5 8
695 3 0 3 5
756 2 2 7
996 1 1
1719 3 3 4 5
509 1 10
1128 3 5 6 8
234 2 3 8
582 3 0 7 10
344 2 4 9
139 3 4 7 8
615 3 3 6 9
842 3 3 4 7
1757 4 2 4 7 8
1671 2 4 10
1288 3 2 6 10
127 3 1 6 7
1197 2 5 8
1171 3 0 4 8
1480 5 2 3 7 8 9
479 2 0 3
745 3 1 4 5
400 3 1 3 5
1972 1 6
1403 3 2 3 7
1992 4 3 5 8 10
218 4 0 2 7 10
65 4 0 5 7 9
1113 6 1 2 3 6 8 9
1549 4 2 3 4 6
593 3 3 5 10
1658 4 2 4 6 8
653 2 7 9
1101 4 1 3 4 5
892 2 0 9
419 3 1 2 7
1737 3 0 7 10
92 5 0 3 4 5 9
663 4 2 3 4 6
1977 1 8
105 4 0 2 4 10
1033 3 4 5 8
1069 3 4 6 10
304 2 1 9
1515 3 1 3 7
48 1 9
1287 2 0 4
1694 4 7 8 9 10
346 2 9 10
664 1 9
371 2 3 6
442 2 1 2
244 2 5 9
689 3 6 8 9
1344 4 0 1 2 4
1838 3 0 4 5
1024 1 1
557 2 4 7
397 4 1 4 9 10
1413 2 6 8
189 4 4 6 8 10
1142 2 7 8
280 5 3 4 5 8 10
1296 3 0 5 6
1663 2 4 8
610 3 0 6 10
372 3 3 5 7
1550 3 2 5 6
771 4 2 3 7 10
809 2 6 9
1556 6 0 1 2 3 5 7
762 5 0 5 7 8 9
7 4 0 2 6 7
1922 2 0 8
1002 2 4 5
161 2 2 10
824 2 7 10
1598 4 4 6 7 8
288 3 5 6 8
1233 3 1 4 10
606 4 0 2 6 8
746 3 8 9 10
1829 1 3
639 4 2 4 7 8
1261 1 3
1045 2 0 8
1247 2 4 8
1893 4 1 4 5 8
850 3 4 6 7
1309 1 5
1792 3 0 2 7
300 5 1 4 5 8 10
803 3 2 3 7
88 4 3 4 7 9
1170 4 0 1 5 8
739 3 1 8 10
245 1 1
1287 4 2 3 6 7
262 3 4 8 10
1978 4 0 6 8 10
1480 3 1 3 5
842 6 1 2 3 6 7 10
1132 2 3 5
1605 6 1 2 3 4 5 10
455 6 1 4 6 7 8 9
1348 3 0 3 9
1380 3 0 9 10
914 3 2 6 8
1421 1 8
1757 2 9 10
300 2 5 9
413 3 0 5 9
452 4 0 3 5 7
1253 3 0 7 8
1091 4 0 4 6 10
1339 1 6
801 2 8 9
809 3 0 3 6
26 3 1 6 7
1270 2 9 10
732 3 3 5 8
643 3 4 5 7
853 6 3 4 5 6 8 9
834 3 1 4 10
121 1 1
1918 2 4 9
731 3 0 4 8
651 3 2 3 7
30 4 0 4 7 9
74 2 0 2
1463 2 3 6
1526 4 0 4 5 8
532 3 2 5 10
1054 5 1 2 5 8 10
1160 5 0 1 2 3 4
1580 3 2 3 7
182 2 3 4
283 4 4 5 6 9
1086 3 4 7 9
868 3 1 6 9
1871 2 0 1
1978 2 4 5
1675 2 1 10
899 3 1 5 9
939 2 1 10
861 3 0 2 3
1123 2 2 5
1453 5 0 3 4 9 10
1844 3 2 5 7
1640 3 4 6 9
575 6 0 1 3 5 7 9
1554 3 2 3 8
1767 2 1 9
1749 3 0 8 10
620 5 0 2 3 4 9
1142 2 3 9
59 2 9 10
1282 3 2 6 7
414 4 3 4 6 9
1007 4 0 2 4 7
1696 3 2 7 9
1033 4 4 5 6 7
430 2 8 9
583 3 4 6 10
869 6 0 4 7 8 9 10
1024 2 0 9
1483 3 6 7 8
232 3 1 5 9
1609 1 2
1342 3 2 5 8
1460 2 4 5
9 5 3 5 6 8 9
827 3 0 6 8
973 4 0 1 2 4
1492 2 6 9
1016 4 0 1 7 8
1156 4 1 3 7 8
1943 2 4 5
1442 5 0 1 4 6 9
1525 2 3 10
1834 5 0 4 5 8 10
659 1 2
1206 4 5 8 9 10
525 2 4 6
1696 1 8
1718 4 0 1 6 10
1160 2 1 10
735 1 2
734 5 0 3 6 8 10
651 3 0 3 5
1218 1 3
1344 5 1 2 4 5 8
1765 2 5 6
1441 3 5 6 7
1555 1 5
1403 5 1 2 3 7 8
899 4 1 2 9 10
1043 3 2 4 6
973 2 3 4
829 3 1 7 9
1620 3 1 7 10
1526 1 3
1551 4 1 2 4 5
989 3 5 7 10
1 4 0 2 5 6
1066 3 3 7 8
1033 3 3 4 6
747 4 0 6 7 9
120 5 1 2 6 8 10
86 3 0 2 6
914 2 5 7
1260 4 2 6 7 9
1376 1 6
305 1 2
147 1 1
1042 3 6 8 10
1416 3 3 4 6
1374 2 5 8
287 4 2 5 7 8
164 3 0 5 8
458 2 6 10
10 8 9 0 0 0 7 0 2 1 9 0 3 1 3 6 6 5 9 1 3 1 6 7 10 2 4 6 10 4 10 0 0 9 4 6 0 0 9 7 9 6 10 8 9 0 4 7 8 8 3 0 1 8 9 5 3 4 8 0 0 3 8 0 9 5 1 8 4 4 8 2 9 9 10 9 2 1 1 10 7 5 9 0 2 10 7 6 7 8 8 7 8 0 7 5 8 1 7 4 5 5 0 0 4 10 10 3 5 3 5 4 3 6 0 5 2 4 4 0 9 4 7 8 1 9 9 10 2 8 1 3 8 10 4 5 0 4 0 0 8 2 0 4 6 3 4 4 8 4 9 2 8 2 2 7 9 9 2 6 0 8 1 4 7 1 1 2 9 1 7 6 3 4 1 6 1 3 6 4 2 10 8 9 2 7 7 6 5 1 1 10 7 2 3 9 6 0 4 5 0 0 3 8 8 8 7 0 4 2 8 6 10 7 5 9 8 0 2 10 4 1 9 1 1 6 3 7 9 9 0 0 0 3 8 6 0 2 10 8 1 0 1 10 6 8 6 3 0 4 10 10 8 7 0 2 5 3 0 3 6 2 8 7 7 4 0 8 3 2 2 0 6 3 0 6 1 8 8 9 5 2 5 2 7 4 0 3 0 1 7 4 10 1 4 4 8 4 1 10 8 7 5 2 7 6 0 2 5 0 3 1 0 0 6 3 2 7 6 7 3 3 5 8 9 2 6 10 5 8 0 3 10 7 7 3 7 7 10 3 9 7 1 7 1 2 0 1 9 4 1 1 1 8 4 10 5 2 0 3 0 4 5 10 1 3 10 1 3 1 3 5 9 9 9 9 1 9 6 8 10 10 1 1 5 0 5 2 5 6 0 0 10 2 3 10 7 7 4 0 6 9 7 9 3 10 0 8 1 0 4 2 7 4 5 10 8 3 8 6 6 8 0 10 1 4 2 6 1 10 2 10 10 4 9 0 8 7 3 2 5 10 2 6 10 5 2 2 0 8 4 10 8 10 5 8 10 5 4 4 1 0 5 0 1 6 2 2 9 3 0 8 8 0 7 9 9 9 2 2 0 5 5 1 5 9 6 5 4 9 10 3 7 2 3 1 8 4 2 4 7 3 3 7 0 3 6 5 7 2 10 9 8 5 9 5 8 8 4 6 2 0 5 7 3 0 3 0 5 1 5 5 1 10 4 6 0 4 7 6 2 2 5 0 0 2 4 2 10 10 2 9 0 10 0 1 10 7 2 3 10 0 3 5 8 4 7 7 9 8 7 5 6 4 1 9 0 0 7 3 5 3 5 10 4 2 1 6 2 10 2 6 3 8 8 8 6 4 10 0 7 9 3 7 6 1 4 0 8 1 0 9 6 0 9 5 9 7 4 6 2 7 10 6 7 10 5 9 10 2 6 10 7 3 0 3 6 2 9 10 8 3 7 2 0 1 7 2 2 8 8 7 9 9 9 0 7 6 1 0 6 0 10 9 0 5 10 3 5 2 4 9 3 5 0 7 9 8 8 4 9 0 10 6 3 10 7 0 1 7 1 0 8 8 9 6 10 0 2 8 3 1 8 3 0 9 6 9 7 9 5 8 8 9 1 5 3 1 3 4 2 0 5 10 10 9 5 10 9 3 5 10 10 3 0 3 10 8 10 8 8 9 0 10 3 1 3 6 9 10 2 8 7 7 3 3 10 5 4 8 2 10 0 3 6 4 5 3 7 9 3 4 4 5 8 5 10 2 0 5 10 3 4 6 7 3 1 0 0 0 8 3 6 8 3 9 4 6 3 9 9 9 7 1 6 7 1 4 6 10 7 9 7 3 10 2 2 4 3 7 0 9 5 7 3 10 0 3 10 5 9 2 8 2 10 9 1 7 10 3 5 3 0 6 7 2 10 10 7 1 7 2 6 6 3 2 1 9 2 8 2 9 5 7 4 4 6 1 4 1 0 9 7 6 1 3 1 0 9 7 4 5 6 0 6 2 4 6 10 0 8 1 4 6 2 0 10 10 1 8 0 2 9 2 0 5 8 6 2 4 10 7 5 3 10 7 3 9 4 9 1 7 9 8 10 6 0 3 0 7 7 4 9 7 9 5 6 3 4 8 5 0 8 9 1 7 7 7 3 6 3 7 3 3 4 4 8 3 6 7 1 3 2 6 9 8 2 9 0 10 1 1 3 8 1 8 9 9 5 3 1 8 9 7 3 1 10 3 0 0 6 1 9 9 7 0 4 5 0 3 2 0 3 1 3 5 1 1 7 1 2 8 2 0 8 9 10 0 3 5 8 5 7 9 7 6 9 6 6 0 6 9 8 7 7 4 9 8 4 0 10 8 4 1 2 2 3 8 3 9 5 2 0 10 0 10 8 8 7 10 7 4 5 4 2 2 9 6 2 5 10 1 5 1 2 0 7 9 10 7 7 6 4 8 2 6 3 9 3 7 9 10 9 2 7 9 3 3 6 3 0 8 3 1 0 10 9 10 1 2 2 2 3 1 1 5 9 2 5 3 4 8 8 10 1 1 9 8 10 3 6 3 3 2 3 5 7 0 8 6 6 8 3 3 10 0 6 8 3 6 9 3 7 2 2 4 7 7 9 0 7 1 10 1 2 4 4 3 6 9 6 4 2 5 2 10 8 2 5 10 4 5 2 4 5 5 9 5 1 4 1 6 10 10 8 3 7 1 9 2 4 2 6 8 3 4 3 6 0 8 0 6 7 1 4 3 9 7 8 3 6 1 10 4 7 2 5 3 8 10 6 9 2 7 5 7 3 2 7 3 7 0 7 10 8 6 0 3 1 6 0 7 1 6 3 4 0 3 6 3 7 10 5 3 3 10 0 2 1 10 10 3 9 0 2 3 9 0 8 6 10 1 9 9 7 4 10 4 3 1 9 2 6 10 6 4 10 8 8 10 2 6 3 8 0 3 5 9 1 6 3 2 9 2 1 7 0 5 3 6 0 7 10 2 2 4 2 3 2 9 6 1 7 2 4 10 6 3 8 1 4 10 4 10 6 4 5 6 8 8 9 10 1 9 4 0 2 7 2 3 0 3 10 3 3 5 7 3 0 9 9 5 0 0 7 4 8 7 9 0 6 3 3 9 9 5 0 5 6 1 8 6 10 9 2 2 2 6 0 0 9 4 6 7 1 10 4 1 7 2 3 10 8 9 7 1 4 10 0 6 9 7 3 5 9 6 8 3 9 10 10 3 0 10 6 1 8 8 1 6 7 2 0 1 0 7 2 7 8 6 1 6 6 9 9 2 1 8 5 2 1 4 5 9 1 8 6 5 4 10 5 8 1 8 5 10 4 7 3 10 3 10 1 9 9 6 8 9 0 9 7 1 1 7 6 8 10 7 9 3 0 1 1 5 1 9 2 1 5 7 6 1 7 8 8 5 9 7 8 8 6 4 6 5 6 9 9 2 6 4 5 5 7 0 10 9 10 6 8 4 1 2 4 10 10 1 0 7 0 4 9 4 3 8 0 4 3 8 9 7 4 4 6 5 3 2 8 8 6 5 0 3 8 0 0 6 2 5 9 0 7 0 6 5 2 1 2 4 6 4 9 5 0 6 9 7 6 9 8 8 3 0 6 8 8 3 10 4 4 5 9 7 10 6 7 4 4 7 1 5 10 8 3 9 9 0 4 2 5 6 8 5 4 2 7 5 1 4 5 0 5 4 2 10 3 0 3 6 2 5 8 9 5 0 4 2 1 9 1 0 4 7 7 0 4 6 8 3 8 6 10 7 8 3 10 2 6 5 3 3 0 5 3 9 0 3 5 2 1 6 2 0 8 7 8 0 4 2 5 2 5 8 2 7 0 0 5 8 6 3 8 2 7 8 8 5 4 7 6 7 4 0 10 6 6 10 3 9 2 1 5 1 0 1 10 8 8 1 0 3 9 9 5 2 0 7 10 0 10 7 8 6 4 1 9 4 10 9 9 1 2 6 1 2 1 3 3 3 0 4 5 5 1 0 10 7 10 8 7 9 3 5 4 0 7 4 1 8 9 2 2 9 9 0 3 3 7 8 6 4 2 4 0 5 10 8 4 0 0 2 6 6 5 9 10 10 3 0 7 4 8 5 7 5 5 5 4 6 4 8 1 2 5 10 3 9 2 8 6 7 5 5 8 6 1 6 0 5 9 7 7 8 6 4 0 6 5 0 1 6 8 8 1 3 7 6 4 4 2 1 4 2 9 8 4 0 10 7 0 10 2 3 7 4 1 4 8 6 5 2 10 4 10 2 0 6 7 4 5 5 9 8 3 5 6 8 4 8 7 8 7 10 5 9 4 9 1 6 5 7 6 0 1 5 4 9 3 4 1 7 10 1 0 5 1 0 2 1 2 6 8 10 10 5 9 0 9 9 1 0 8 8 9 6 8 0 3 3 2 5 7 3 0 10 2 6 5 5 0 2 7 0 8 3 1 4 6 9 6 3 2 1 5 9 4 1 4 10 8 9 1 10 2 3 9 7 1 10 7 0
