256 1938
60 8 1 3 4 5 6 7 8 9
117 11 0 1 2 3 4 5 6 7 8 9 10
128 7 0 5 6 7 8 9 10
18 8 1 2 4 5 6 7 8 9
127 11 0 1 2 3 4 5 6 7 8 9 10
97 9 1 2 3 4 5 6 7 8 9
243 11 0 1 2 3 4 5 6 7 8 9 10
154 11 0 1 2 3 4 5 6 7 8 9 10
187 11 0 1 2 3 4 5 6 7 8 9 10
20 11 0 1 2 3 4 5 6 7 8 9 10
111 8 0 3 4 5 7 8 9 10
63 11 0 1 2 3 4 5 6 7 8 9 10
126 11 0 1 2 3 4 5 6 7 8 9 10
221 11 0 1 2 3 4 5 6 7 8 9 10
53 11 0 1 2 3 4 5 6 7 8 9 10
116 5 5 6 8 9 10
214 11 0 1 2 3 4 5 6 7 8 9 10
224 8 2 4 5 6 7 8 9 10
58 11 0 1 2 3 4 5 6 7 8 9 10
148 11 0 1 2 3 4 5 6 7 8 9 10
138 11 0 1 2 3 4 5 6 7 8 9 10
192 11 0 1 2 3 4 5 6 7 8 9 10
161 8 1 2 3 4 5 6 8 9
216 11 0 1 2 3 4 5 6 7 8 9 10
190 6 1 2 3 4 5 6
234 10 0 1 2 3 5 6 7 8 9 10
102 6 2 3 5 6 9 10
135 11 0 1 2 3 4 5 6 7 8 9 10
191 11 0 1 2 3 4 5 6 7 8 9 10
38 8 0 1 3 5 7 8 9 10
200 11 0 1 2 3 4 5 6 7 8 9 10
95 7 0 2 5 6 8 9 10
223 11 0 1 2 3 4 5 6 7 8 9 10
160 11 0 1 2 3 4 5 6 7 8 9 10
37 11 0 1 2 3 4 5 6 7 8 9 10
99 11 0 1 2 3 4 5 6 7 8 9 10
229 11 0 1 2 3 4 5 6 7 8 9 10
222 9 0 2 3 4 6 7 8 9 10
170 11 0 1 2 3 4 5 6 7 8 9 10
119 8 0 1 2 3 4 5 6 8
178 3 3 5 8
205 11 0 1 2 3 4 5 6 7 8 9 10
49 11 0 1 2 3 4 5 6 7 8 9 10
45 10 0 1 2 3 5 6 7 8 9 10
104 11 0 1 2 3 4 5 6 7 8 9 10
62 7 0 1 2 4 5 9 10
182 11 0 1 2 3 4 5 6 7 8 9 10
98 11 0 1 2 3 4 5 6 7 8 9 10
235 11 0 1 2 3 4 5 6 7 8 9 10
227 9 0 1 2 3 4 6 7 9 10
113 10 0 1 2 3 4 5 6 7 8 9
175 9 0 1 3 4 5 6 7 8 10
12 9 0 2 4 5 6 7 8 9 10
115 11 0 1 2 3 4 5 6 7 8 9 10
217 8 0 1 3 4 6 8 9 10
89 11 0 1 2 3 4 5 6 7 8 9 10
226 8 1 2 3 5 7 8 9 10
112 11 0 1 2 3 4 5 6 7 8 9 10
6 5 0 2 5 7 10
46 8 0 2 3 4 5 6 7 9
50 11 0 1 2 3 4 5 6 7 8 9 10
199 9 0 1 2 3 4 5 7 8 9
23 9 0 1 2 3 6 7 8 9 10
139 11 0 1 2 3 4 5 6 7 8 9 10
48 6 0 1 3 4 6 8
218 10 0 1 2 3 4 5 6 7 9 10
232 11 0 1 2 3 4 5 6 7 8 9 10
203 10 0 1 2 3 4 5 7 8 9 10
143 11 0 1 2 3 4 5 6 7 8 9 10
61 8 1 4 5 6 7 8 9 10
43 11 0 1 2 3 4 5 6 7 8 9 10
67 6 0 2 3 4 5 6
47 11 0 1 2 3 4 5 6 7 8 9 10
44 11 0 1 2 3 4 5 6 7 8 9 10
236 10 0 1 2 3 4 5 7 8 9 10
106 9 0 1 2 3 4 5 6 7 8
153 5 2 3 7 8 10
130 11 0 1 2 3 4 5 6 7 8 9 10
91 10 0 2 3 4 5 6 7 8 9 10
87 11 0 1 2 3 4 5 6 7 8 9 10
100 7 0 1 3 5 6 7 9
84 10 1 2 3 4 5 6 7 8 9 10
256 11 0 1 2 3 4 5 6 7 8 9 10
76 9 0 1 2 3 4 7 8 9 10
254 6 2 3 5 7 9 10
10 11 0 1 2 3 4 5 6 7 8 9 10
252 10 1 2 3 4 5 6 7 8 9 10
28 10 0 2 3 4 5 6 7 8 9 10
7 8 0 1 2 3 4 5 7 9
2 11 0 1 2 3 4 5 6 7 8 9 10
240 11 0 1 2 3 4 5 6 7 8 9 10
250 8 0 1 2 3 4 6 7 9
165 10 0 1 2 3 4 5 6 7 8 9
82 11 0 1 2 3 4 5 6 7 8 9 10
206 11 0 1 2 3 4 5 6 7 8 9 10
213 11 0 1 2 3 4 5 6 7 8 9 10
196 8 0 1 2 3 4 5 6 10
228 11 0 1 2 3 4 5 6 7 8 9 10
242 9 0 2 4 5 6 7 8 9 10
96 8 0 1 4 5 6 7 9 10
25 11 0 1 2 3 4 5 6 7 8 9 10
164 11 0 1 2 3 4 5 6 7 8 9 10
78 11 0 1 2 3 4 5 6 7 8 9 10
122 8 0 2 3 4 7 8 9 10
72 10 0 1 3 4 5 6 7 8 9 10
208 11 0 1 2 3 4 5 6 7 8 9 10
186 11 0 1 2 3 4 5 6 7 8 9 10
209 4 0 2 5 7
54 7 1 3 4 5 6 8 10
8 8 2 4 5 6 7 8 9 10
30 11 0 1 2 3 4 5 6 7 8 9 10
198 7 0 1 2 3 5 7 10
120 9 0 2 4 5 6 7 8 9 10
246 11 0 1 2 3 4 5 6 7 8 9 10
174 9 0 1 2 5 6 7 8 9 10
159 11 0 1 2 3 4 5 6 7 8 9 10
197 11 0 1 2 3 4 5 6 7 8 9 10
194 8 0 1 3 6 7 8 9 10
144 11 0 1 2 3 4 5 6 7 8 9 10
77 6 2 4 5 6 8 10
103 11 0 1 2 3 4 5 6 7 8 9 10
210 8 0 1 4 5 6 7 8 10
11 10 1 2 3 4 5 6 7 8 9 10
141 11 0 1 2 3 4 5 6 7 8 9 10
5 11 0 1 2 3 4 5 6 7 8 9 10
140 5 0 3 6 8 10
253 9 0 1 2 3 4 7 8 9 10
93 10 0 2 3 4 5 6 7 8 9 10
176 11 0 1 2 3 4 5 6 7 8 9 10
26 11 0 1 2 3 4 5 6 7 8 9 10
88 6 1 5 6 7 8 10
230 11 0 1 2 3 4 5 6 7 8 9 10
193 11 0 1 2 3 4 5 6 7 8 9 10
90 11 0 1 2 3 4 5 6 7 8 9 10
107 11 0 1 2 3 4 5 6 7 8 9 10
255 10 0 1 3 4 5 6 7 8 9 10
155 9 0 1 2 3 4 5 6 7 10
157 11 0 1 2 3 4 5 6 7 8 9 10
81 11 0 1 2 3 4 5 6 7 8 9 10
238 8 0 1 2 4 5 6 7 8
185 11 0 1 2 3 4 5 6 7 8 9 10
105 7 0 1 2 5 7 9 10
244 11 0 1 2 3 4 5 6 7 8 9 10
36 8 0 1 2 4 5 6 7 8
80 5 2 3 5 8 10
204 11 0 1 2 3 4 5 6 7 8 9 10
24 8 1 2 4 5 6 8 9 10
167 9 0 1 2 3 4 5 7 8 9
4 10 0 1 2 3 4 5 6 8 9 10
32 11 0 1 2 3 4 5 6 7 8 9 10
40 8 0 1 2 4 5 6 8 10
215 8 0 1 3 4 6 7 8 9
169 11 0 1 2 3 4 5 6 7 8 9 10
1 8 0 1 2 3 4 5 6 8
180 8 1 3 5 6 7 8 9 10
207 10 0 1 2 3 4 5 6 8 9 10
108 6 1 2 5 6 8 10
66 11 0 1 2 3 4 5 6 7 8 9 10
3 7 0 1 3 4 6 9 10
19 6 0 1 4 5 8 10
110 10 0 2 3 4 5 6 7 8 9 10
179 11 0 1 2 3 4 5 6 7 8 9 10
150 7 1 2 3 4 5 6 10
133 11 0 1 2 3 4 5 6 7 8 9 10
201 6 0 2 4 6 7 10
70 10 0 1 2 3 4 5 6 7 8 10
124 6 1 2 3 5 7 10
137 11 0 1 2 3 4 5 6 7 8 9 10
101 9 0 1 2 3 4 5 7 8 10
94 11 0 1 2 3 4 5 6 7 8 9 10
195 11 0 1 2 3 4 5 6 7 8 9 10
142 11 0 1 2 3 4 5 6 7 8 9 10
21 9 0 1 2 3 5 6 8 9 10
202 11 0 1 2 3 4 5 6 7 8 9 10
146 11 0 1 2 3 4 5 6 7 8 9 10
156 7 1 2 4 6 7 9 10
147 5 0 4 5 6 9
29 11 0 1 2 3 4 5 6 7 8 9 10
166 8 0 1 2 4 5 6 7 10
171 10 0 1 2 3 4 5 6 8 9 10
74 10 0 1 2 4 5 6 7 8 9 10
183 7 0 3 5 6 7 8 10
168 9 0 1 4 5 6 7 8 9 10
14 7 0 2 3 5 6 9 10
248 11 0 1 2 3 4 5 6 7 8 9 10
109 11 0 1 2 3 4 5 6 7 8 9 10
173 8 0 2 4 5 7 8 9 10
17 7 0 1 2 3 5 7 9
163 4 1 3 8 10
247 10 0 1 2 3 5 6 7 8 9 10
158 8 1 2 4 6 7 8 9 10
118 7 0 2 3 6 7 9 10
125 5 3 4 5 6 8
27 11 0 1 2 3 4 5 6 7 8 9 10
79 10 0 1 2 3 4 5 6 7 8 9
219 11 0 1 2 3 4 5 6 7 8 9 10
151 11 0 1 2 3 4 5 6 7 8 9 10
92 9 1 2 3 4 5 6 7 9 10
249 10 0 1 2 3 4 5 6 7 8 10
68 10 0 2 3 4 5 6 7 8 9 10
42 10 1 2 3 4 5 6 7 8 9 10
41 11 0 1 2 3 4 5 6 7 8 9 10
181 11 0 1 2 3 4 5 6 7 8 9 10
211 8 1 2 3 4 6 7 8 9
9 10 0 1 2 3 4 6 7 8 9 10
136 11 0 1 2 3 4 5 6 7 8 9 10
73 11 0 1 2 3 4 5 6 7 8 9 10
22 9 0 1 2 4 5 7 8 9 10
52 9 0 1 2 3 4 5 7 8 10
114 8 0 1 2 4 7 8 9 10
177 11 0 1 2 3 4 5 6 7 8 9 10
245 10 0 2 3 4 5 6 7 8 9 10
121 11 0 1 2 3 4 5 6 7 8 9 10
152 9 0 2 3 4 5 6 8 9 10
15 4 5 8 9 10
55 7 0 1 2 4 5 6 8
225 9 0 1 2 3 4 5 6 9 10
239 11 0 1 2 3 4 5 6 7 8 9 10
123 11 0 1 2 3 4 5 6 7 8 9 10
149 6 0 2 3 6 8 9
172 9 0 1 2 3 4 6 7 9 10
188 11 0 1 2 3 4 5 6 7 8 9 10
189 10 0 1 2 3 4 5 6 7 8 9
129 10 0 2 3 4 5 6 7 8 9 10
65 9 0 2 3 4 5 6 7 8 9
134 11 0 1 2 3 4 5 6 7 8 9 10
237 8 0 1 2 3 5 6 7 9
59 11 0 1 2 3 4 5 6 7 8 9 10
132 9 0 2 3 4 5 6 7 8 9
231 8 0 2 3 4 5 6 9 10
162 10 0 1 2 4 5 6 7 8 9 10
241 11 0 1 2 3 4 5 6 7 8 9 10
86 10 1 2 3 4 5 6 7 8 9 10
16 9 0 1 2 3 5 6 7 8 10
33 9 1 2 3 4 5 6 7 9 10
233 10 0 1 2 3 5 6 7 8 9 10
184 11 0 1 2 3 4 5 6 7 8 9 10
251 11 0 1 2 3 4 5 6 7 8 9 10
85 11 0 1 2 3 4 5 6 7 8 9 10
71 10 0 1 2 3 4 5 6 7 9 10
131 11 0 1 2 3 4 5 6 7 8 9 10
212 7 2 4 5 7 8 9 10
31 11 0 1 2 3 4 5 6 7 8 9 10
51 9 1 2 3 4 5 6 8 9 10
56 11 0 1 2 3 4 5 6 7 8 9 10
145 11 0 1 2 3 4 5 6 7 8 9 10
34 11 0 1 2 3 4 5 6 7 8 9 10
64 11 0 1 2 3 4 5 6 7 8 9 10
83 11 0 1 2 3 4 5 6 7 8 9 10
13 8 0 2 3 4 6 7 8 10
57 11 0 1 2 3 4 5 6 7 8 9 10
220 11 0 1 2 3 4 5 6 7 8 9 10
69 6 1 2 3 4 8 10
75 9 0 1 3 4 5 6 7 9 10
35 6 0 3 4 5 6 9
39 11 0 1 2 3 4 5 6 7 8 9 10
1 10 5 3 5 4 8 5 0 6 6 8 10 9 5 5 10 3 0 3 4 0 10 9 4 2 4 3 3 5 3 2 8 4 2 3 0 5 7 1 3 8 10 8 3 9 5 6 0 10 9 5 6 1 8 4 3 4 0 6 5 2 9 7 4 2 7 6 0 1 1 6 10 8 0 5 3 1 8 5 9 3 3 8 6 10 2 2 6 10 9 1 4 2 5 9 4 8 6 0 3 8 10 5 4 3 10 9 5 0 0 0 5 2 2 6 10 9 3 5 2 6 4 2 0 7 8 2 3 1 3 8 9 10 3 8 1 0 3 1 3 10 3 7 3 6 9 4 9 6 7 1 9 3 5 5 9 5 6 4 7 10 7 9 7 2 7 7 1 5 3 1 3 10 9 10 4 4 5 1 2 2 9 7 1 8 2 10 0 1 9 2 8 9 0 3 2 10 3 9 4 10 10 1 4 10 8 6 0 4 10 6 8 9 3 3 8 7 4 4 10 0 0 5 8 4 3 5 2 8 10 2 4 1 4 7 4 2 6 5 2 0 0 0 8 5 0 2 1 5 4 2 7 8 5 10 9 6 9 4 7 7 5 3 7 3 4 1 2 9 2 9 3 6 9 5 2 3 3 7 0 3 8 6 3 3 9 2 0 7 6 8 8 5 4 1 7 1 10 7 4 2 4 10 5 1 7 2 6 8 7 2 3 6 4 10 0 1 5 0 3 1 7 3 5 6 10 2 3 7 9 5 3 1 8 2 1 0 9 0 5 6 6 1 9 6 10 6 1 8 4 6 2 7 1 10 1 9 5 2 10 2 9 3 0 8 5 10 9 4 8 9 6 9 5 0 1 10 1 6 10 9 1 4 4 9 1 0 4 10 3 5 2 4 4 10 0 2 8 3 6 10 10 6 1 5 9 9 8 2 5 9 8 2 4 4 0 4 5 8 7 3 0 2 8 2 1 10 1 9 1 5 7 0 4 10 8 9 8 4 2 9 7 10 10 0 4 4 4 6 9 0 9 9 5 5 5 2 4 8 10 10 6 3 2 1 7 1 10 10 8 0 3 3 7 5 1 5 6 7 1 3 9 4 4 6 9 1 5 0 9 8 6 6 4 0 9 2 8 7 2 5 0 0 5 8 1 6 1 6 4 1 2 1 3 8 2 1 4 7 5 10 2 4 1 7 5 1 9 0 2 2 8 10 10 4 4 8 6 6 6 2 4 10 1 2 3 4 5 4 6 10 1 5 6 7 4 5 6 2 6 9 1 4 2 3 10 7 10 0 8 9 7 5 2 0 10 0 5 5 1 4 3 8 4 3 6 4 10 2 4 2 10 1 2 5 3 3 1 4 1 10 1 2 3 1 6 9 7 4 6 2 3 4 5 0 9 8 8 0 6 9 1 6 1 1 8 0 1 1 1 10 4 2 1 8 0 4 3 1 9 0 2 8 2 4 2 0 1 8 10 3 5 7 8 7 1 9 2 7 10 2 4 1 5 2 0 1 9 6 0 8 6 0 0 9 8 9 1 4 8 0 1 9 1 2 4 9 1 7 3 10 8 1 9 2 5 0 8 10 2 6 1 2 8 1 10 8 4 3 5 5 1 2 3 8 4 7 10 1 0 9 4 5 6 1 3 2 3 0 6 4 1 1 0 6 6 9 6 2 1 2 1 3 4 5 6 3 1 8 3 4 2 5 4 4 10 3 4 8 5 7 7 8 2 3 8 10 1 6 0 1 7 9 7 4 9 1 3 2 6 5 0 5 10 10 4 0 1 0 5 5 1 8 0 3 9 10 3 9 3 7 4 4 8 6 1 0 6 2 10 10 6 3 4 8 7 0 4 0 6 1 2 6 10 9 1 3 10 8 1 8 0 4 10 5 6 1 5 9 3 4 3 7 8 3 8 6 0 1 8 3 7 9 1 8 2 0 7 3 2 3 4 5 9 8 5 5 10 6 7 1 10 7 6 4 1 2 7 4 5 2 7 0 8 7 1 7 4 4 0 3 9 7 6 5 8 7 10 5 8 8 9 3 0 1 3 6 7 10 1 3 7 6 3 9 10 6 0 2 2 1 4 1 3 9 6 6 0 10 6 0 4 8 6 6 6 2 3 8 6 5 10 6 5 4 10 3 6 6 8 6 3 0 5 3 6 3 3 3 3 9 9 9 2 10 3 6 5 1 6 6 10 4 8 8 3 8 0 4 6 6 7 6 5 8 10 1 2 4 1 6 2 6 7 1 1 0 2 4 2 6 0 1 6 9 2 5 6 2 6 2 5 0 5 5 5 3 2 7 4 3 9 9 2 1 1 4 1 3 4 0 10 9 10 1 8 10 10 4 9 10 5 5 3 5 8 7 7 1 4 10 0 0 7 9 3 0 2 0 7 7 3 7 7 0 10 6 3 4 8 1 9 1 2 1 1 0 6 5 7 7 3 1 10 7 3 3 3 10 8 7 2 6 10 7 9 0 3 1 7 5 3 3 10 2 3 3 10 9 2 5 9 0 9 6 10 9 3 0 4 2 0 7 0 5 4 6 10 7 10 5 8 9 4 2 9 6 10 3 3 4 1 0 8 10 9 3 3 2 3 1 1 4 2 10 4 4 8 7 4 3 0 5 1 1 7 0 10 1 6 8 1 4 4 10 7 4 1 9 7 7 6 0 0 8 1 6 2 8 4 10 2 8 8 8 1 9 0 8 9 0 5 2 4 10 10 10 2 10 5 3 3 10 1 3 9 8 2 2 7 10 7 5 1 7 0 7 7 4 3 8 4 5 4 4 4 8 1 9 10 8 5 9 5 4 1 3 2 3 7 0 7 1 2 5 3 10 7 7 10 6 4 0 6 2 3 5 9 1 5 3 8 3 9 4 5 10 9 5 2 3 7 6 3 2 8 9 3 2 8 1 9 3 5 8 7 8 3 7 9 1 9 4 5 7 10 10 2 5 10 7 5 5 1 4 10 0 3 6 7 5 1 0 10 3 2 3 8 0 4 9 10 6 1 7 0 1 0 6 5 5 8 2 2 7 0 9 9 6 5 2 7 3 8 4 3 5 7 4 9 5 5 0 2 4 10 3 10 3 4 0 10 1 5 8 5 7 7 3 6 3 6 1 10 3 5 7 1 6 1 1 4 3 5 5 8 9 10 8 1 5 10 1 0 2 6 6 10 9 5 1 4 5 3 3 1 2 6 1 10 5 5 5 7 2 9 7 7 9 5 5 5 9 6 1 1 0 4 8 6 5 2 4 6 8 7 4 10 6 2 7 1 0 10 3 5 5 8 2 6 4 7 5 0 10 0 4 6 8 7 2 8 9 1 4 2 8 6 9 7 10 1 6 7 1 8 7 3 8 8 3 8 7 2 8 1 3 10 10 10 6 4 2 6 4 1 0 1 10 1 4 10 10 6 10 5 1 2 6 10 1 5 0 3 10 7 9 5 3 5 9 7 1 9 5 8 2 5 9 10 9 3 3 7 0 1 0 9 10 5 9 9 0 3 1 7 10 3 9 3 0 9 4 5 6 4 2 4 10 0 10 4 8 8 2 1 1 4 6 1 5 10 9 9 6 8 6 5 7 4 9 4 10 2 7 10 6 8 2 0 9 6 2 9 9 4 1 4 5 9 7 5 1 5 2 10 10 8 3 8 6 2 0 4 10 5 6 4 10 6 4 10 4 1 10 10 6 3 6 0 7 5 2 8 2 3 1 10 5 7 7 1 5 0 6 6 5 6 4 7 5 6 0 1 9 9 4 9 2 0 6 1 10 10 7 4 7 6 5 9 2 2 10 4 1 7 6 3 8 7 5 7 7 6 2 1 3 6 6 5 3 8 8 9 8 2 7 5 7 0 10 6 8 10 5 10 2 8 5 6 4 3 10 10 9 1 5 3 9 4 5 10 5 6 6 9 9 10 2 8 5 1 0 1 5 4 0 6 4 8 2 1 7 8 6 3 2 4 1 9 8 6 6 3 3 3 0 5 7 7 0 0 10 10 10 5 1 2 3 10 5 7 7 10 4 8 1 9 9 8 5 7 4 1 0 4 10 6 8 4 3 9 8 3 9 2 1 10 5 2 3 5 10 7 3 10 8 1 6 9 0 6 9 7 8 4 4 4 8 6 4 2 0 4 0 10 9 10 9 7 10 5 1 0 4 3 0 5 7 5 6 5 9 8 3 4 8 8 10 9 0 6 0 7 5 7 0 9 2 5 4 3 5 5 7 0 0 6 4 5 5 1 0 0 9 8 7 2 0 9 0 6 8 7 0 4 4 1 7 8 0 4 2 3 3 3 0 3 1 6 3 0 7 1 9 5 8 3 5 0 7 9 6 8 5 4 10 3 0 9 7 2 5 5 9 8 4
