5 342
1 1391
20 1231
2 1039
3 1888
65 1103
6 1356
23 535
10 553
4 1415
163 715
22 1525
7 864
8 366
13 1869
14 758
18 1241
16 653
33 1701
27 1786
19 551
31 1450
42 1120
9 454
15 1973
122 932
21 658
29 1137
26 283
17 530
177 1563
36 47
40 463
180 1652
52 1881
80 1929
93 1948
24 104
95 236
102 1203
185 1850
75 1477
178 1076
47 1467
53 1340
50 543
103 996
115 15
233 1544
144 163
25 303
54 694
132 1530
32 1806
37 162
238 1969
45 1756
49 270
46 634
11 1949
160 1067
184 296
227 76
77 415
78 1959
130 483
89 198
148 194
64 162
133 446
73 1824
12 920
140 1466
51 533
243 1290
295 573
156 1723
235 91
58 1480
167 181
259 1697
94 1616
71 848
96 85
34 823
101 1819
188 1503
334 421
203 629
121 1765
38 214
343 1997
272 846
387 1084
404 249
300 1013
294 1806
123 656
469 1795
267 670
117 1286
490 298
170 1838
74 554
28 567
82 332
30 734
39 976
554 1056
306 765
176 1265
566 1385
124 254
209 1258
35 42
83 208
86 656
192 788
41 1881
195 1467
125 1153
609 1596
44 1337
321 1785
150 202
173 922
214 839
43 1632
48 596
268 1588
317 555
322 1695
200 837
344 859
372 104
134 342
55 1878
228 1469
90 405
136 1758
385 1015
359 1254
394 1826
362 676
639 203
248 421
197 440
255 324
373 653
56 561
207 977
660 951
60 1546
256 1490
142 1323
282 846
397 653
222 1081
666 275
217 1909
406 1218
172 137
92 683
212 1546
685 1454
62 1396
690 268
426 1679
218 1728
709 620
386 877
219 1178
301 550
221 551
223 1283
693 725
699 1756
57 671
59 1056
61 674
735 1121
220 1601
304 732
250 1290
257 1826
744 1663
313 685
475 1882
251 1837
67 366
269 502
283 176
63 1031
701 1262
476 1448
746 1972
290 10
69 1354
106 1294
482 1449
303 1840
421 467
273 1594
775 1286
451 142
492 1057
305 295
231 1439
500 949
739 960
801 1149
70 847
107 968
828 260
240 288
340 1151
830 1763
79 1369
108 1740
465 948
66 124
342 1466
501 1103
109 1997
114 1750
81 1341
116 793
525 1616
375 1056
332 855
878 270
131 1531
897 1159
918 1115
241 1517
919 805
145 1722
87 1391
68 373
938 823
515 357
149 1838
72 383
91 653
378 259
76 732
399 154
379 79
154 477
940 1048
84 106
383 877
164 1383
85 1337
97 1644
412 1882
166 1275
247 387
792 66
963 973
526 1327
558 1735
88 1238
99 952
261 598
395 1943
561 688
416 653
396 1401
542 1017
420 1977
655 930
263 1960
169 1596
422 1525
427 283
428 1270
274 805
429 959
586 393
98 687
105 1920
100 1618
669 1418
110 656
432 141
278 237
174 1015
104 928
798 173
587 1256
974 337
433 1717
989 1241
112 1672
111 877
182 1745
679 394
275 1270
281 468
621 43
810 1375
183 823
434 1026
311 308
723 1669
1004 145
440 1733
627 1589
817 1669
189 1249
730 1648
119 1283
867 1939
1008 1437
327 1172
190 945
450 629
284 393
643 1198
652 1869
733 1562
875 1572
113 744
126 386
1044 1793
444 167
457 267
118 1979
462 888
740 1339
129 807
1062 1501
287 1516
137 859
742 1831
350 1840
455 1562
749 1499
659 181
464 1530
299 613
479 981
757 79
776 239
191 1508
365 256
1110 1575
138 471
689 551
459 959
196 775
495 2
302 835
369 325
785 782
497 246
407 846
143 1426
198 762
1116 959
471 1776
907 1972
800 1301
146 799
411 234
954 1549
307 1383
120 119
478 699
213 646
498 330
1133 1990
991 774
152 564
1163 328
489 1576
711 1092
308 474
514 676
314 1641
153 580
831 1528
318 99
1240 1377
845 1603
517 626
225 651
155 978
161 8
226 157
562 928
127 1355
848 1463
165 1761
171 922
229 133
175 1951
230 359
999 293
181 823
855 1046
186 876
413 14
520 1218
521 155
1009 699
324 1567
543 1785
187 1441
547 1102
326 1827
346 656
1246 550
348 1406
234 1256
575 753
1265 1792
856 1718
352 1582
128 1954
863 281
355 614
417 1422
576 915
193 1413
582 1580
418 1012
1021 769
431 536
436 1565
356 847
552 1886
461 699
1063 927
718 732
364 887
468 408
474 1858
239 1463
480 1723
242 1536
568 259
496 117
911 419
725 1683
569 346
1088 1291
597 1397
135 123
502 1679
924 525
1278 91
952 23
530 1311
1326 281
1337 1193
194 380
750 1293
366 1009
964 365
139 1496
965 219
199 1240
969 537
201 1018
141 1286
1344 1574
760 373
1140 256
1006 1368
761 1844
598 1437
538 536
1172 1772
603 1127
570 1225
615 1814
1177 1940
577 180
1360 959
578 1700
780 652
374 1719
583 141
244 765
557 1369
560 554
1032 796
591 1000
619 862
1191 356
1033 826
819 1751
254 76
823 174
1047 1772
596 75
625 1619
147 626
258 979
204 699
264 1058
626 629
151 406
157 624
825 1746
839 1901
1195 1249
158 456
1196 538
600 755
851 47
1059 1192
159 904
1361 182
604 552
162 1159
567 624
1070 1676
631 693
266 1955
616 1757
1075 1973
205 761
389 1145
276 830
400 573
617 1334
1086 930
571 653
206 406
623 1289
425 879
279 929
1100 1745
572 1298
624 1477
210 304
1206 891
642 979
861 973
588 196
1109 624
215 1715
1211 312
1362 75
216 1617
602 949
653 23
1366 1198
430 176
447 1227
628 1892
280 1886
656 624
224 272
866 1342
1370 1683
645 1862
285 509
607 1288
1215 1213
676 1501
1118 1178
646 1308
868 141
286 602
869 252
232 1081
610 1991
611 1240
870 286
168 1465
876 928
657 759
179 324
1135 1012
668 236
236 819
1224 1690
684 1279
1227 1465
202 1294
618 1384
448 851
288 1193
208 949
456 1290
293 1354
211 1133
1237 570
1384 1948
296 1279
673 1038
881 237
634 150
246 68
297 1628
883 396
717 989
1248 891
237 1728
245 1286
1255 534
675 1608
298 977
1394 560
1148 1194
1165 41
249 1498
885 750
260 243
309 915
1411 783
460 1751
466 931
1412 1991
635 1003
1420 1135
1170 859
1178 1839
265 1231
1258 1524
720 1269
315 837
890 137
481 85
252 416
491 1419
1423 1680
291 1984
743 1949
316 1767
505 1990
253 385
341 104
764 1516
695 332
507 1949
1436 264
319 708
442 910
644 959
767 1344
647 1399
1444 101
648 208
463 837
1260 1772
320 1419
768 328
784 1963
262 653
270 949
271 171
1445 1355
484 130
793 1251
705 307
1450 1149
1292 1763
1293 75
651 1620
325 933
528 1384
1205 1370
277 352
910 846
811 918
1455 1805
922 1084
1307 1420
1220 889
933 23
328 1530
1230 927
513 629
815 1974
559 605
522 596
708 288
620 347
681 315
654 1998
713 1886
821 899
700 818
527 846
719 855
748 1651
663 1072
1313 1683
834 28
329 681
777 593
333 342
1458 412
1234 1482
841 630
1316 315
1241 1972
721 1095
781 37
849 346
1461 1467
726 1390
289 321
859 1203
1252 1736
671 1856
728 1806
677 509
678 1268
680 1467
292 1101
941 1042
729 403
529 1879
687 567
1468 456
339 630
850 1728
1319 1917
347 66
1472 1770
1290 1437
1296 1767
949 1751
953 536
351 502
957 1005
1483 229
535 1785
1324 563
874 1202
736 1787
1488 109
853 1929
544 1772
737 1992
858 1858
545 925
917 187
958 402
962 1948
931 1015
741 380
1302 1059
860 587
862 1470
697 1467
310 426
1304 1881
706 1640
1342 1640
884 1166
353 176
888 729
745 1783
546 507
358 475
312 194
712 1126
752 772
901 1020
1492 752
903 1214
716 1450
1503 1929
1355 560
361 1335
1312 1886
323 1611
971 194
367 734
1375 553
967 1475
1028 1287
330 927
368 53
759 189
331 1433
548 651
1322 1582
1385 595
769 1258
1325 1026
787 1129
335 1801
905 1452
1327 1045
377 1566
788 426
1407 1591
791 1290
1422 1680
1066 1899
555 734
573 1697
724 481
906 1545
581 102
380 203
1429 1823
336 505
1440 131
337 892
584 130
1332 347
978 400
732 1265
1442 1774
993 1714
585 433
381 232
1079 535
1506 1159
384 296
390 858
338 1355
1518 846
997 1738
1333 593
1347 346
912 83
345 1882
1012 1697
913 1227
794 213
738 512
590 1572
1523 1418
795 885
796 36
1092 45
747 1084
1351 555
1537 1742
1447 702
392 1506
349 405
797 331
393 243
802 257
354 1990
357 731
594 1717
1540 335
751 413
360 902
398 456
401 748
403 1515
1463 928
923 272
756 700
758 1881
806 1420
929 1452
1023 734
762 1687
408 1477
1353 1457
1024 1097
363 1207
415 288
1098 494
1027 620
1111 127
423 868
424 1622
1356 1765
807 1761
763 194
1045 1420
370 1285
1357 1996
812 788
930 1167
1364 1176
1050 100
1542 455
435 45
437 1841
1465 1216
371 1360
441 1126
939 1437
1051 270
443 1559
446 1165
765 525
595 1917
1115 202
1467 629
1085 1499
1365 1258
1127 700
1147 1140
1470 1486
1476 1945
601 1735
820 1590
452 1955
824 793
605 1662
1132 236
1477 1015
1478 1108
1149 1756
458 1924
770 1086
1500 1885
1502 158
376 1891
606 432
771 626
829 533
1153 876
1154 339
382 1293
773 805
470 1989
832 1972
1173 622
778 973
1158 1017
837 1751
472 846
1159 758
946 670
1208 253
838 638
1507 1311
1521 1475
1367 535
608 1245
1166 1756
840 996
485 664
487 1849
613 543
614 1867
1377 513
779 765
622 1761
950 1915
842 245
1167 344
782 719
1378 1229
1528 174
629 176
790 614
1213 517
1380 998
1529 117
388 1369
391 44
630 137
1532 1155
844 1307
1169 1525
966 1204
1219 1986
975 227
488 432
1226 1194
1533 348
1299 1015
1339 416
799 1453
977 1577
402 1839
1348 1729
493 848
1171 321
803 1850
809 481
1182 1700
494 1979
1549 858
1396 1867
846 513
1550 447
1186 912
405 698
1383 1765
818 535
1558 321
1397 109
1402 848
1562 1751
632 240
1404 1267
1198 1287
633 469
1409 1797
1200 1646
1418 1547
1428 1133
636 1972
822 91
826 1466
1573 1159
827 1723
1579 495
833 1744
637 1741
638 648
981 75
835 240
1410 1860
640 710
836 1356
1553 1466
1214 1620
1218 1503
854 640
843 746
1581 571
409 904
1555 559
864 823
847 949
410 455
1414 1126
1417 1633
499 1067
1421 111
1424 289
998 341
1556 1951
503 289
1439 1287
414 1829
1448 991
1221 167
865 832
419 474
438 775
1001 1162
504 9
1560 1584
1426 304
1473 1084
439 607
445 183
871 534
1002 937
1595 1466
1222 860
1601 1573
449 1159
872 989
453 49
1607 791
1508 554
1005 927
1618 837
857 1402
508 430
1232 752
454 749
1620 408
1010 1265
877 1171
1431 766
1627 33
1235 1450
1236 315
873 176
641 848
1432 470
889 1097
509 1895
649 1475
1515 438
1564 412
1628 1453
650 781
1238 1840
467 1728
1635 748
1638 1179
891 609
1018 1686
1244 372
1247 365
879 1955
880 1701
511 634
473 1406
658 1166
1522 76
477 837
661 299
893 1390
662 1076
1020 444
1025 1291
1640 1486
898 186
483 791
1437 1265
1575 408
1642 1775
664 1915
665 1363
1438 1419
1451 1546
1026 1169
1254 228
486 1846
1658 1681
899 887
1664 1945
1037 859
512 1697
516 911
1576 1775
882 1504
1594 932
1530 1785
506 1047
902 667
1048 1870
1681 902
1053 1281
667 750
904 467
1689 322
886 474
1055 1234
670 2000
1057 1794
1599 768
518 1235
519 606
1259 325
1604 412
510 311
672 208
1452 1046
1457 1908
1262 1420
523 165
1608 1203
531 959
1064 835
541 382
1462 1575
556 920
1072 434
1466 1785
1264 560
1474 1138
887 1157
674 1159
1482 651
1077 1235
579 1326
524 1451
1493 414
1498 1505
1504 974
1694 1121
1615 1909
580 698
532 1422
1505 371
892 297
1269 1454
589 755
895 807
896 879
1697 823
533 378
909 943
916 243
682 1695
921 1442
592 286
927 1687
914 1819
1539 1722
593 952
599 1522
1541 778
1621 1391
1543 862
1629 1009
704 1258
754 1298
783 295
683 945
1717 823
1271 1038
915 1997
1630 600
1509 1681
1273 1490
1633 1885
1545 937
1078 1148
1643 31
852 1313
1080 1772
686 1706
1097 1901
1102 1472
534 1096
536 1605
1646 1530
1274 538
1511 438
932 82
936 975
537 1939
1513 791
894 456
942 1702
539 1829
947 624
540 357
1651 23
1720 1034
920 1990
1652 837
948 1567
1725 813
1546 849
1547 308
926 1751
1655 1017
1731 1981
549 1693
550 177
1103 926
1114 512
1561 295
1732 900
972 1204
1733 551
551 174
983 565
1030 293
1662 101
1193 1256
691 753
553 1290
1567 1017
1242 1120
1743 500
1314 999
1584 346
1669 1602
1121 926
563 288
1677 259
1746 562
1749 1376
955 1891
1589 1806
1600 1605
564 1658
565 1868
1514 613
1317 659
1609 1872
692 1868
1753 1168
1517 245
1520 1860
928 949
1610 141
1524 1396
934 1195
1282 468
574 460
1124 814
1527 743
961 1224
1755 1917
1622 1466
968 560
1761 385
1328 304
612 1390
1682 1620
1632 405
973 305
1767 253
935 1166
1776 1331
694 176
979 543
1683 328
1690 479
1340 825
982 1965
688 295
1790 304
1636 1938
1345 981
696 1102
937 1287
943 1567
1796 1282
944 813
698 837
1388 1991
1531 874
1405 1333
1803 1026
1129 1525
707 674
1283 367
1691 778
1692 1204
1639 1058
985 1566
1695 1490
734 1728
1408 1598
1011 500
1696 1169
1650 1779
1284 1120
1287 1486
1698 1605
945 1231
702 1765
1022 147
951 56
956 1030
1430 648
1659 718
959 551
703 874
1288 280
1291 680
925 1481
1031 1265
1536 573
1034 403
1131 1185
970 1835
1496 341
1298 1026
976 1355
980 833
1141 1012
1146 1351
1151 1637
986 830
1510 1261
1039 629
1665 1015
1156 1933
1700 885
987 347
710 1452
1668 221
1538 1677
714 1909
1670 810
1701 211
988 1750
715 221
722 1337
984 1913
1675 1986
990 634
1708 628
1040 914
1805 1742
1041 763
992 317
1043 889
1548 1763
1160 1835
1512 64
1704 1729
727 76
1052 415
1060 1112
1551 46
1730 1979
994 1522
1303 1773
1161 1169
1552 1294
1519 60
1739 1819
1526 47
1311 1680
1061 141
1740 1794
1318 1190
731 1218
1320 1467
1065 922
1741 1543
1014 246
1709 1850
1323 1522
1073 949
1557 416
1751 1015
1329 1598
1334 1319
1035 1651
753 502
1084 174
1091 3
1569 1715
1534 1590
1335 535
1094 653
1713 328
1714 18
1571 1149
1069 182
1806 416
1814 618
995 1575
755 900
1336 588
1162 1025
766 1256
996 554
1095 1437
1338 515
1341 1406
1000 867
1565 802
1003 1850
1821 739
1716 312
1007 283
1096 1562
1083 394
1721 1775
1164 1995
1724 1513
1760 1466
1136 759
1822 124
1099 242
1150 791
1168 1019
1832 1097
1834 1263
1835 1466
772 1764
1837 823
1343 373
1175 1107
1728 1651
1179 1929
1729 440
1734 293
774 1258
1770 536
1187 1881
1101 573
786 1121
1572 1662
1574 1490
1013 1582
1855 1956
1016 1738
1349 758
1858 1881
1017 1256
1566 167
1577 124
1108 440
1861 1093
1190 283
1865 117
1867 1585
1735 91
1019 768
1029 920
1036 513
1038 227
1117 1480
1046 1819
1049 1901
1736 948
1583 875
1869 141
1192 483
1872 560
789 990
1350 699
1194 203
1119 415
1352 1221
1120 1094
1587 702
1125 1949
804 895
1126 1673
1873 1872
1354 288
1874 1284
1781 366
1876 743
1358 941
1585 1256
1054 69
1197 368
1588 468
1199 1022
1882 699
1593 965
1785 1046
1590 183
1787 1351
1128 1502
1207 537
1602 791
1603 137
1056 385
1212 1283
1130 1567
1217 1976
1591 1470
1134 430
1885 141
1624 1567
1592 1436
1789 1715
1359 659
1058 60
1223 1729
1742 256
1137 181
1225 799
1277 1589
1745 849
1363 1102
1792 698
1747 52
1368 1717
1138 1742
1886 968
1321 375
1793 1728
1888 573
1067 203
1369 211
1139 957
1794 573
1891 1929
805 1084
1346 1139
1068 1737
1071 139
1376 1770
1382 1096
1386 453
1371 1168
1896 1306
808 1836
813 1171
1596 889
814 889
1597 1653
1228 447
816 878
1605 23
1229 1158
1233 720
1389 76
1754 592
1626 629
1756 846
1390 926
1758 915
900 180
1634 710
1763 1450
1898 205
1809 928
1818 918
1661 468
1239 1860
1076 1627
908 1980
1373 492
1899 1746
960 1983
1374 1469
1379 256
1820 1935
1082 264
1765 234
1142 1972
1413 1862
1611 430
1663 1617
1686 494
1612 1078
1243 297
1391 1776
1245 1974
1087 1263
1392 1662
1900 1364
1839 931
1768 1363
1089 1337
1419 421
1614 603
1769 1646
1425 922
1395 9
1464 613
1143 629
1250 496
1617 1464
1042 808
1901 968
1906 1730
1398 1693
1074 671
1090 1226
1093 1536
1907 203
1619 338
1623 1843
1715 620
1104 243
1910 1165
1144 1832
1773 288
1625 1785
1487 1342
1105 930
1106 242
1399 1005
1107 410
1775 1785
1081 1582
1490 1655
1249 959
1251 741
1722 1941
1631 1496
1253 1072
1331 1687
1112 181
1779 1623
1381 100
1256 332
1113 938
1637 837
1152 356
1912 1690
1535 1522
1155 749
1840 1525
1157 1094
1726 1696
1174 750
1644 560
1554 1442
1257 1690
1918 1737
1727 785
1782 236
1784 1574
1920 1360
1844 1169
1737 245
1400 1977
1261 943
1848 1431
1176 1777
1122 953
1738 1762
1559 225
1123 1340
1921 1567
1851 1785
1387 365
1180 1511
1263 1751
1786 1626
1923 776
1181 289
1852 1628
1403 733
1744 1850
1460 1698
1469 1202
1926 1971
1406 104
1854 630
1415 239
1856 1762
1645 1687
1416 1840
1570 1218
1427 330
1580 1159
1145 531
1433 841
1759 1583
1788 1546
1762 928
1647 235
1859 1127
1791 1356
1586 1470
1860 862
1764 535
1778 1806
1606 96
1863 1578
1928 537
1266 779
1267 161
1894 435
1616 947
1210 667
1648 517
1435 928
1183 76
1268 1214
1895 1322
1184 1126
1795 699
1270 411
1649 634
1798 1915
1799 1803
1800 855
1672 1574
1185 842
1903 1499
1823 630
1231 952
1188 1785
1904 1194
1801 191
1653 479
1272 1767
1280 1561
1917 573
1932 1225
1305 414
1275 524
1927 944
1693 1221
1933 1979
1935 1121
1276 188
1479 1323
1501 1941
1934 10
1308 949
1310 304
1654 994
1705 1134
1827 459
1434 1443
1656 121
1279 1158
1939 734
1666 1745
1710 254
1718 1124
1804 1837
1189 3
1810 791
1937 259
1941 886
1811 1588
1723 59
1281 978
1285 1834
1943 500
1831 1213
1771 1811
1868 1869
1870 1758
1667 633
1563 1331
1815 1031
1772 1567
1441 147
1875 1121
1945 1150
1443 630
1944 988
1201 107
1671 626
1949 1501
1816 778
1951 1441
1568 86
1475 605
1774 122
1486 959
1673 766
1807 1947
1202 1562
1902 1481
1578 1149
1286 34
1598 1499
1905 1329
1203 1193
1497 816
1289 354
1446 15
1294 1293
1295 537
1449 1855
1641 1046
1946 446
1819 1265
1825 1167
1680 915
1204 1290
1300 323
1209 250
1908 748
1812 1405
1453 1765
1924 1908
1516 1653
1828 1194
1842 587
1947 82
1829 670
1748 1816
1674 1588
1456 694
1582 1986
1936 818
1833 1862
1459 136
1953 1171
1613 1724
1471 1515
1880 596
1481 495
1676 1903
1766 1113
1940 1429
1216 949
1777 562
1484 400
1301 1744
1813 1583
1838 1819
1841 202
1960 885
1679 109
1881 855
1843 874
1752 1240
1893 1582
1974 535
1485 794
1954 1451
1489 957
1306 1806
1845 1983
1975 569
1297 343
1897 208
1948 1616
1315 1528
1981 523
1955 1687
1983 1313
1957 732
1846 378
1959 1051
1967 630
1491 1811
1494 1365
1985 1198
1309 937
1330 531
1950 386
1857 1238
1401 2000
1970 360
1797 816
1909 513
1847 1687
1684 831
1915 1530
1372 870
1808 1892
1916 856
1952 1171
1849 787
1853 1462
1824 1626
1925 1150
1454 1489
1889 719
1495 4
1836 1331
1962 1274
1499 1584
1685 553
1964 1443
1660 462
1930 1264
1687 1525
1911 1039
1958 23
1862 1442
1688 1329
1972 762
1963 1071
1977 1530
1480 1641
1988 1626
1993 915
1780 851
1802 1721
1393 487
1830 1867
1864 1577
1699 782
1913 1420
1702 295
1866 1204
1978 695
1871 1591
1994 879
1525 1437
1544 1795
1703 1529
1991 1286
1678 1823
1890 256
1877 676
1706 1396
1892 1499
1719 188
1707 1530
1878 703
1657 1431
1750 37
1938 1441
1914 1452
1922 595
1883 19
1884 1629
1982 928
1989 1745
1995 422
1968 130
1887 53
1919 839
1757 900
1783 1652
1817 1218
1929 1093
1984 1462
1956 949
1986 1680
1711 477
1971 1211
1931 1851
1965 440
1826 837
1712 1299
1998 1503
1879 551
1996 1207
1980 1188
1997 385
1850 1761
1961 1470
1992 420
1973 281
1976 1616
1999 1858
1942 1094
1987 1187
1979 14
1969 957
1990 234
2000 194
1966 482
