1 60
0 0
16 116
41 178
215 15
0 0
0 0
0 0
2 117
0 0
0 0
0 0
0 0
0 0
0 0
0 0
0 0
193 125
3 128
255 35
0 0
5 127
0 0
0 0
0 0
18 224
0 0
0 0
0 0
0 0
0 0
27 102
0 0
0 0
77 153
0 0
7 243
0 0
0 0
4 18
0 0
0 0
0 0
0 0
0 0
0 0
0 0
0 0
8 154
0 0
0 0
0 0
0 0
6 97
0 0
0 0
0 0
0 0
9 187
0 0
0 0
85 254
0 0
0 0
0 0
110 8
0 0
0 0
10 20
23 161
25 190
0 0
0 0
0 0
11 111
0 0
0 0
57 226
0 0
0 0
0 0
0 0
0 0
0 0
0 0
0 0
120 77
145 80
0 0
0 0
0 0
70 61
0 0
187 173
0 0
0 0
0 0
0 0
0 0
12 63
0 0
0 0
0 0
0 0
0 0
0 0
0 0
0 0
0 0
13 126
14 221
15 53
0 0
192 118
200 68
0 0
0 0
0 0
0 0
0 0
212 245
0 0
0 0
214 152
17 214
0 0
0 0
220 149
0 0
82 84
0 0
0 0
0 0
0 0
0 0
0 0
87 252
19 58
0 0
109 54
0 0
0 0
0 0
0 0
0 0
0 0
0 0
0 0
0 0
0 0
0 0
123 11
0 0
0 0
0 0
0 0
0 0
0 0
0 0
0 0
0 0
0 0
0 0
0 0
0 0
224 129
0 0
0 0
131 88
0 0
0 0
147 24
0 0
0 0
0 0
0 0
0 0
0 0
0 0
155 180
225 65
229 132
0 0
0 0
157 108
0 0
230 231
0 0
20 148
163 150
0 0
242 212
0 0
0 0
21 138
0 0
250 13
0 0
0 0
0 0
0 0
0 0
0 0
167 124
0 0
0 0
0 0
0 0
22 192
0 0
0 0
0 0
0 0
0 0
0 0
0 0
0 0
0 0
0 0
0 0
0 0
24 216
26 234
0 0
0 0
0 0
0 0
0 0
0 0
0 0
0 0
0 0
0 0
176 156
0 0
0 0
0 0
0 0
0 0
0 0
0 0
28 135
29 191
30 38
0 0
0 0
31 200
0 0
188 17
0 0
0 0
0 0
0 0
0 0
0 0
0 0
0 0
0 0
0 0
0 0
0 0
0 0
0 0
0 0
0 0
0 0
0 0
189 163
0 0
0 0
0 0
0 0
0 0
0 0
0 0
0 0
0 0
0 0
0 0
0 0
32 95
0 0
0 0
0 0
0 0
0 0
0 0
0 0
33 223
0 0
0 0
0 0
0 0
0 0
0 0
190 247
0 0
191 158
0 0
0 0
0 0
0 0
0 0
0 0
0 0
194 27
0 0
0 0
0 0
0 0
0 0
0 0
0 0
0 0
0 0
0 0
34 160
195 79
0 0
35 37
0 0
196 219
0 0
0 0
0 0
0 0
0 0
0 0
0 0
0 0
0 0
0 0
0 0
197 151
0 0
0 0
198 92
36 99
0 0
37 229
0 0
0 0
0 0
199 249
0 0
0 0
0 0
0 0
201 42
0 0
0 0
0 0
0 0
0 0
202 41
0 0
203 181
0 0
0 0
0 0
0 0
0 0
0 0
0 0
38 222
0 0
0 0
0 0
0 0
0 0
0 0
0 0
0 0
0 0
0 0
39 170
204 211
0 0
205 9
0 0
0 0
0 0
206 136
0 0
0 0
0 0
207 73
40 119
0 0
0 0
0 0
0 0
0 0
0 0
0 0
0 0
42 205
0 0
0 0
0 0
0 0
0 0
0 0
0 0
208 22
0 0
0 0
0 0
0 0
0 0
0 0
0 0
0 0
0 0
0 0
0 0
43 49
0 0
0 0
0 0
0 0
0 0
44 45
0 0
0 0
0 0
209 52
0 0
210 114
0 0
211 177
0 0
0 0
45 104
0 0
0 0
0 0
0 0
0 0
0 0
0 0
0 0
0 0
0 0
0 0
46 62
0 0
0 0
0 0
0 0
0 0
47 182
0 0
0 0
0 0
0 0
0 0
0 0
0 0
0 0
0 0
0 0
0 0
0 0
0 0
213 121
0 0
216 55
0 0
0 0
0 0
48 98
0 0
0 0
0 0
0 0
217 225
0 0
0 0
0 0
218 239
0 0
0 0
0 0
0 0
0 0
0 0
219 123
0 0
49 235
0 0
0 0
0 0
0 0
0 0
50 227
0 0
0 0
0 0
0 0
0 0
0 0
51 113
52 175
0 0
0 0
221 172
0 0
222 188
0 0
0 0
223 189
0 0
226 134
0 0
0 0
0 0
227 237
0 0
0 0
0 0
0 0
0 0
0 0
228 59
0 0
0 0
231 162
0 0
53 12
0 0
0 0
0 0
0 0
0 0
0 0
0 0
0 0
0 0
0 0
0 0
0 0
0 0
0 0
232 241
0 0
0 0
0 0
0 0
0 0
0 0
0 0
233 86
0 0
0 0
0 0
0 0
0 0
0 0
0 0
0 0
0 0
234 16
0 0
0 0
0 0
0 0
0 0
0 0
54 115
0 0
0 0
0 0
0 0
0 0
55 217
0 0
56 89
0 0
0 0
235 33
0 0
0 0
0 0
0 0
0 0
0 0
0 0
0 0
0 0
0 0
0 0
0 0
236 233
0 0
0 0
0 0
0 0
237 184
0 0
238 251
0 0
239 85
0 0
0 0
240 71
0 0
0 0
0 0
0 0
0 0
0 0
0 0
0 0
0 0
58 112
0 0
0 0
0 0
59 6
0 0
0 0
241 131
0 0
243 31
244 51
0 0
60 46
245 56
246 145
247 34
0 0
0 0
0 0
248 64
0 0
61 50
0 0
0 0
249 83
0 0
62 199
0 0
0 0
0 0
0 0
0 0
63 23
251 57
0 0
0 0
0 0
0 0
0 0
0 0
0 0
252 220
0 0
0 0
0 0
0 0
0 0
0 0
253 69
0 0
0 0
64 139
254 75
0 0
0 0
65 48
0 0
0 0
66 218
67 232
0 0
0 0
0 0
0 0
0 0
0 0
68 203
0 0
0 0
0 0
0 0
0 0
0 0
0 0
0 0
0 0
0 0
0 0
0 0
0 0
0 0
0 0
69 143
0 0
0 0
0 0
0 0
0 0
0 0
0 0
0 0
0 0
0 0
0 0
0 0
0 0
0 0
0 0
0 0
0 0
0 0
0 0
0 0
0 0
0 0
71 43
0 0
0 0
0 0
0 0
0 0
0 0
0 0
0 0
72 67
0 0
0 0
0 0
0 0
73 47
0 0
0 0
0 0
0 0
0 0
0 0
0 0
0 0
0 0
0 0
0 0
0 0
0 0
0 0
0 0
0 0
0 0
0 0
0 0
0 0
0 0
0 0
0 0
0 0
0 0
0 0
0 0
0 0
0 0
0 0
0 0
0 0
0 0
0 0
0 0
74 44
0 0
0 0
0 0
0 0
0 0
0 0
0 0
0 0
0 0
0 0
0 0
75 236
0 0
0 0
0 0
0 0
76 106
0 0
78 130
0 0
0 0
0 0
0 0
79 91
0 0
0 0
0 0
0 0
0 0
0 0
0 0
0 0
0 0
0 0
0 0
0 0
80 87
0 0
0 0
0 0
0 0
0 0
0 0
0 0
0 0
0 0
81 100
0 0
83 256
0 0
0 0
0 0
0 0
0 0
0 0
0 0
0 0
0 0
0 0
0 0
0 0
84 76
0 0
0 0
0 0
0 0
0 0
0 0
0 0
0 0
0 0
0 0
0 0
0 0
0 0
0 0
0 0
86 10
0 0
0 0
0 0
0 0
0 0
0 0
0 0
0 0
88 28
0 0
0 0
0 0
0 0
0 0
0 0
0 0
0 0
0 0
0 0
0 0
0 0
0 0
0 0
0 0
0 0
0 0
0 0
0 0
0 0
0 0
0 0
0 0
0 0
0 0
89 7
0 0
0 0
0 0
0 0
0 0
0 0
90 2
0 0
0 0
0 0
0 0
0 0
0 0
0 0
0 0
0 0
0 0
0 0
0 0
0 0
91 240
0 0
0 0
0 0
0 0
0 0
0 0
0 0
0 0
0 0
0 0
0 0
0 0
0 0
92 250
0 0
0 0
0 0
0 0
0 0
0 0
0 0
0 0
0 0
93 165
0 0
0 0
94 82
0 0
0 0
0 0
0 0
0 0
0 0
0 0
0 0
0 0
0 0
0 0
0 0
0 0
0 0
0 0
0 0
0 0
0 0
0 0
0 0
0 0
95 206
0 0
0 0
0 0
0 0
0 0
0 0
0 0
0 0
0 0
0 0
0 0
0 0
0 0
0 0
0 0
0 0
0 0
0 0
0 0
0 0
0 0
0 0
0 0
0 0
96 213
0 0
0 0
0 0
0 0
0 0
0 0
0 0
0 0
0 0
0 0
0 0
0 0
0 0
0 0
0 0
0 0
0 0
0 0
97 196
0 0
0 0
0 0
0 0
98 228
0 0
0 0
0 0
0 0
0 0
0 0
0 0
0 0
0 0
0 0
99 242
0 0
0 0
0 0
0 0
0 0
0 0
0 0
0 0
0 0
0 0
0 0
0 0
0 0
0 0
0 0
0 0
0 0
100 96
0 0
0 0
0 0
0 0
0 0
0 0
0 0
0 0
0 0
0 0
0 0
0 0
0 0
0 0
0 0
0 0
0 0
0 0
0 0
0 0
101 25
102 164
0 0
0 0
0 0
103 78
0 0
104 122
0 0
0 0
0 0
0 0
0 0
105 72
0 0
0 0
0 0
0 0
0 0
0 0
0 0
0 0
0 0
0 0
0 0
106 208
0 0
0 0
0 0
0 0
0 0
0 0
0 0
0 0
0 0
0 0
0 0
0 0
0 0
0 0
0 0
0 0
0 0
0 0
0 0
107 186
0 0
0 0
0 0
0 0
0 0
0 0
0 0
0 0
0 0
0 0
0 0
0 0
0 0
0 0
0 0
108 209
0 0
0 0
0 0
0 0
0 0
111 30
0 0
0 0
112 198
0 0
113 120
0 0
0 0
0 0
0 0
0 0
0 0
0 0
0 0
0 0
0 0
0 0
0 0
0 0
0 0
0 0
0 0
0 0
0 0
114 246
0 0
0 0
0 0
0 0
0 0
0 0
0 0
0 0
0 0
0 0
0 0
0 0
0 0
0 0
0 0
0 0
0 0
0 0
115 174
0 0
0 0
0 0
0 0
116 159
0 0
0 0
0 0
0 0
0 0
0 0
0 0
0 0
0 0
0 0
0 0
0 0
0 0
0 0
0 0
117 197
118 194
0 0
0 0
0 0
0 0
0 0
0 0
0 0
0 0
0 0
0 0
0 0
0 0
0 0
119 144
0 0
0 0
121 103
0 0
0 0
0 0
0 0
0 0
0 0
0 0
0 0
0 0
0 0
0 0
0 0
0 0
0 0
0 0
0 0
0 0
0 0
0 0
0 0
0 0
0 0
0 0
0 0
122 210
0 0
0 0
0 0
0 0
0 0
0 0
0 0
0 0
0 0
0 0
0 0
0 0
0 0
0 0
0 0
0 0
0 0
0 0
0 0
0 0
0 0
0 0
0 0
0 0
124 141
0 0
0 0
0 0
0 0
0 0
0 0
0 0
0 0
0 0
0 0
0 0
125 5
0 0
0 0
0 0
0 0
0 0
0 0
0 0
0 0
0 0
0 0
0 0
0 0
0 0
0 0
0 0
0 0
0 0
0 0
0 0
0 0
0 0
0 0
0 0
0 0
0 0
0 0
0 0
0 0
0 0
0 0
0 0
0 0
0 0
0 0
0 0
0 0
0 0
0 0
0 0
0 0
0 0
0 0
0 0
0 0
0 0
0 0
0 0
0 0
0 0
0 0
0 0
0 0
0 0
126 140
0 0
0 0
0 0
0 0
0 0
127 253
0 0
0 0
0 0
0 0
0 0
128 93
0 0
0 0
0 0
0 0
0 0
0 0
129 176
0 0
130 26
0 0
0 0
0 0
0 0
0 0
0 0
0 0
132 230
0 0
0 0
0 0
0 0
0 0
0 0
0 0
0 0
0 0
0 0
0 0
0 0
0 0
0 0
0 0
0 0
133 193
0 0
0 0
0 0
0 0
0 0
0 0
0 0
134 90
0 0
0 0
0 0
0 0
0 0
0 0
0 0
0 0
0 0
0 0
0 0
0 0
0 0
0 0
0 0
0 0
0 0
0 0
0 0
0 0
0 0
0 0
0 0
0 0
0 0
0 0
0 0
0 0
0 0
0 0
0 0
0 0
135 107
0 0
0 0
0 0
0 0
0 0
0 0
0 0
0 0
0 0
0 0
0 0
0 0
0 0
0 0
0 0
0 0
0 0
0 0
0 0
0 0
0 0
0 0
0 0
0 0
0 0
0 0
0 0
0 0
0 0
0 0
0 0
0 0
136 255
0 0
0 0
0 0
0 0
0 0
0 0
0 0
0 0
0 0
0 0
0 0
0 0
0 0
0 0
0 0
137 155
0 0
0 0
0 0
0 0
0 0
0 0
0 0
0 0
0 0
0 0
138 157
0 0
139 81
0 0
0 0
0 0
0 0
0 0
0 0
0 0
0 0
0 0
0 0
0 0
0 0
0 0
0 0
0 0
0 0
0 0
0 0
0 0
0 0
0 0
0 0
0 0
0 0
0 0
0 0
0 0
0 0
0 0
0 0
0 0
0 0
0 0
0 0
0 0
0 0
0 0
0 0
0 0
0 0
140 238
0 0
0 0
0 0
0 0
0 0
0 0
0 0
0 0
0 0
0 0
0 0
0 0
0 0
0 0
0 0
141 185
0 0
0 0
0 0
0 0
0 0
0 0
0 0
0 0
0 0
0 0
0 0
0 0
0 0
0 0
0 0
0 0
0 0
0 0
0 0
0 0
0 0
142 105
0 0
143 244
0 0
0 0
0 0
0 0
0 0
144 36
0 0
0 0
0 0
0 0
0 0
0 0
0 0
146 204
0 0
0 0
0 0
0 0
0 0
0 0
0 0
0 0
148 167
0 0
0 0
0 0
0 0
0 0
0 0
0 0
0 0
0 0
0 0
0 0
0 0
0 0
0 0
0 0
0 0
0 0
0 0
0 0
0 0
0 0
0 0
0 0
0 0
0 0
0 0
0 0
0 0
0 0
149 4
0 0
0 0
0 0
0 0
0 0
0 0
0 0
0 0
0 0
0 0
0 0
0 0
0 0
0 0
0 0
0 0
0 0
0 0
0 0
0 0
0 0
0 0
150 32
0 0
0 0
0 0
0 0
0 0
0 0
0 0
0 0
0 0
0 0
0 0
0 0
0 0
0 0
0 0
0 0
151 40
0 0
0 0
0 0
0 0
0 0
0 0
0 0
0 0
0 0
0 0
0 0
0 0
0 0
152 215
0 0
0 0
0 0
0 0
0 0
0 0
0 0
0 0
153 169
0 0
0 0
0 0
0 0
0 0
0 0
154 1
0 0
0 0
0 0
0 0
0 0
0 0
0 0
0 0
0 0
0 0
0 0
0 0
0 0
0 0
0 0
0 0
0 0
0 0
0 0
0 0
0 0
0 0
0 0
0 0
0 0
0 0
0 0
0 0
0 0
0 0
0 0
0 0
0 0
0 0
0 0
0 0
0 0
0 0
0 0
156 207
0 0
0 0
0 0
0 0
0 0
0 0
0 0
0 0
0 0
0 0
0 0
0 0
0 0
0 0
0 0
0 0
0 0
0 0
0 0
0 0
0 0
0 0
0 0
0 0
0 0
0 0
0 0
0 0
0 0
0 0
0 0
0 0
158 66
0 0
0 0
0 0
159 3
0 0
0 0
0 0
0 0
0 0
0 0
0 0
0 0
0 0
0 0
0 0
0 0
0 0
0 0
0 0
0 0
0 0
0 0
0 0
160 19
0 0
0 0
0 0
161 110
162 179
0 0
0 0
0 0
0 0
0 0
0 0
0 0
0 0
0 0
0 0
0 0
0 0
0 0
0 0
0 0
0 0
0 0
0 0
0 0
0 0
0 0
0 0
164 133
0 0
0 0
0 0
0 0
0 0
0 0
0 0
0 0
0 0
0 0
0 0
0 0
0 0
0 0
0 0
0 0
0 0
0 0
0 0
0 0
0 0
0 0
0 0
0 0
0 0
165 201
0 0
0 0
0 0
0 0
0 0
0 0
0 0
0 0
0 0
0 0
0 0
166 70
0 0
168 137
0 0
0 0
0 0
0 0
0 0
0 0
0 0
0 0
169 101
0 0
0 0
170 94
0 0
0 0
0 0
0 0
0 0
0 0
0 0
0 0
0 0
0 0
0 0
0 0
0 0
171 195
0 0
172 142
0 0
0 0
0 0
173 21
0 0
0 0
0 0
0 0
0 0
0 0
0 0
0 0
174 202
175 146
0 0
0 0
0 0
0 0
0 0
177 147
178 29
0 0
0 0
0 0
0 0
179 166
0 0
180 171
0 0
0 0
0 0
181 74
0 0
0 0
0 0
0 0
0 0
182 183
0 0
0 0
0 0
0 0
0 0
183 168
0 0
0 0
0 0
0 0
184 14
0 0
0 0
0 0
0 0
0 0
0 0
0 0
185 248
0 0
0 0
0 0
0 0
0 0
0 0
0 0
0 0
186 109
0 0
0 0
0 0
0 0
0 0
0 0
0 0
0 0
