1630 271
1062 5 24 140 225 226 252
1627 3 111 142 200
139 4 2 171 179 226
601 3 44 191 214
13 2 58 172
1456 2 110 225
829 3 11 86 182
1446 3 159 184 247
638 2 0 107
677 5 1 48 84 94 137
52 4 8 39 147 258
376 2 136 214
1066 4 31 48 68 183
811 4 58 182 235 253
439 2 124 183
1310 5 93 104 124 173 250
1338 3 151 195 269
1549 4 70 152 222 235
1070 3 155 255 268
389 3 56 97 138
784 6 2 36 127 150 195 266
1257 6 20 34 44 155 184 206
1339 7 10 13 48 110 123 224 238
609 3 36 54 144
538 2 204 262
1352 5 43 58 177 185 252
1462 3 87 228 269
123 8 42 64 87 104 108 171 213 250
1275 3 152 169 227
234 6 13 19 44 59 107 189
1466 1 130
1207 5 80 169 229 253 255
385 2 5 41
1357 3 58 104 189
451 4 130 147 225 228
9 2 95 195
923 4 59 200 228 246
996 6 70 149 151 157 190 214
332 2 8 57
454 5 8 17 107 122 226
1349 5 1 13 204 219 229
444 7 88 127 138 142 147 153 243
97 4 56 104 155 228
1608 3 149 170 228
1474 5 44 59 63 97 162
1605 3 84 155 170
673 4 114 159 192 255
25 6 53 64 122 142 192 228
1197 4 4 120 152 227
193 6 17 64 99 157 198 213
84 2 25 173
536 1 25
696 5 37 39 40 88 214
825 3 171 211 240
912 6 68 119 122 172 178 184
485 5 19 33 43 99 204
1024 5 5 24 177 189 269
1588 3 5 53 127
360 5 57 123 137 144 170
135 3 17 189 222
767 5 8 39 149 184 191
1072 1 153
810 2 59 194
1465 2 124 211
1606 2 157 235
304 2 54 171
984 3 11 136 151
943 3 42 48 124
324 4 31 40 150 241
926 5 36 57 103 107 217
953 3 131 209 213
542 5 84 90 111 158 160
196 2 124 188
1128 5 24 53 94 102 110
165 4 1 99 153 197
108 5 169 175 200 241 255
155 2 20 238
557 3 83 111 217
798 3 64 173 225
347 2 20 95
118 6 8 85 114 142 192 235
1592 4 20 150 160 175
500 3 97 120 230
1445 5 27 86 88 192 253
323 2 67 219
911 6 1 111 136 150 175 203
1038 3 50 198 206
171 5 20 84 172 182 217
1058 8 4 33 83 152 153 209 247 264
1268 5 1 144 189 221 230
325 4 43 175 195 226
1119 6 1 54 119 169 232 266
603 5 57 150 213 222 238
296 8 11 24 78 106 119 142 177 183
1337 5 11 64 152 184 229
1388 9 10 36 39 41 100 169 191 213 219
1529 7 17 54 83 119 124 206 262
1251 1 203
960 3 209 214 246
1552 4 5 19 50 209
965 4 31 56 97 192
1193 1 110
134 3 33 108 157
1306 3 110 213 225
1587 3 5 67 160
807 2 124 268
631 5 80 81 144 211 238
805 4 142 160 201 222
711 3 170 178 235
1050 4 8 88 142 201
1622 5 34 82 120 144 268
1221 5 41 63 70 82 243
1359 2 24 157
907 3 8 83 252
556 3 104 136 152
205 3 116 219 262
967 4 142 214 243 244
672 5 100 131 232 239 241
351 6 11 16 20 40 191 204
1273 4 68 114 136 138
580 4 2 34 81 228
706 2 219 229
695 6 0 20 153 157 178 269
146 4 16 67 119 221
1607 1 42
905 3 103 138 213
3 5 50 64 111 213 244
906 3 53 54 219
747 3 90 203 264
650 3 170 197 232
717 2 4 124
723 5 85 107 110 149 213
1563 3 1 10 80
215 4 94 149 229 264
437 5 70 171 172 237 241
1100 2 5 99
871 3 82 168 241
1292 1 31
1415 2 90 91
195 3 53 168 194
383 2 16 24
1022 4 20 53 57 226
194 2 19 178
668 4 0 59 102 266
1061 3 20 198 266
966 3 82 172 269
1396 3 5 25 87
367 3 40 136 229
1015 3 203 204 268
70 4 1 23 149 194
991 2 4 269
1074 2 152 173
710 3 20 34 197
750 4 27 171 228 250
925 5 1 13 224 230 264
528 5 56 106 111 228 240
1416 4 24 110 158 253
1568 3 36 48 223
420 5 138 151 188 229 269
285 3 34 131 238
587 2 25 78
1603 4 91 194 222 225
168 2 54 178
339 3 4 179 224
461 3 88 103 124
664 7 44 50 64 124 136 171 264
1453 3 99 207 229
552 1 269
395 2 107 159
465 4 67 110 214 244
1581 1 108
1027 3 42 201 258
1079 5 82 83 206 211 263
952 5 19 147 194 197 253
1274 6 80 168 197 230 237 247
17 2 130 159
1400 4 120 175 237 269
1326 3 57 59 227
980 6 37 95 110 116 119 223
183 7 97 137 162 192 229 244 262
254 4 2 152 155 161
83 4 23 93 190 191
662 4 59 102 173 191
1126 1 159
1210 3 84 153 224
466 1 33
226 6 8 31 95 162 168 173
1176 1 53
1619 3 82 108 237
708 3 11 92 255
955 3 2 57 103
838 3 24 47 161
735 5 54 56 221 246 255
22 7 54 140 160 172 197 244 268
1621 7 8 149 155 214 252 264 268
1081 2 27 170
31 4 67 153 162 170
293 3 36 44 54
237 2 161 188
1102 2 11 160
373 3 94 201 258
550 4 36 102 107 238
1441 2 10 144
1551 1 142
182 3 63 80 136
1434 6 41 70 110 184 206 209
1517 3 87 183 262
1209 8 8 40 94 138 201 214 221 238
77 2 36 160
167 1 222
675 3 43 183 241
754 5 127 157 172 179 209
1167 4 116 225 240 258
61 4 184 185 238 241
599 2 88 192
674 5 50 104 188 204 225
812 4 53 138 159 250
1026 5 63 94 110 130 229
731 4 93 183 221 238
45 3 80 152 191
140 5 53 184 209 214 262
1458 4 86 104 106 162
1030 4 1 56 127 151
860 1 151
10 4 16 194 230 243
14 2 138 171
845 6 90 185 189 194 226 228
1342 5 59 81 214 227 230
1318 2 142 201
159 3 10 39 222
774 4 24 78 83 170
142 3 67 241 255
844 4 16 110 144 246
1505 4 107 136 182 189
354 5 19 67 189 228 235
1545 3 147 158 178
356 1 263
608 3 33 70 81
681 6 33 54 110 120 179 195
763 4 23 47 50 211
129 2 209 235
1129 3 92 94 200
1181 5 53 68 190 195 203
644 8 1 2 34 50 184 219 232 266
1350 5 36 53 119 159 262
910 4 5 130 172 213
564 4 42 59 95 189
438 4 36 70 152 185
642 1 11
1212 3 200 221 235
90 5 123 153 169 209 235
1089 2 130 253
258 5 1 107 151 152 225
1493 3 42 92 106
1316 3 0 211 223
488 6 17 31 108 153 182 214
858 3 27 123 183
1186 4 111 162 217 255
314 7 0 94 95 127 170 194 206
1266 7 84 85 93 102 160 171 235
950 4 24 53 224 244
1064 5 24 91 150 178 227
737 4 25 56 104 182
1599 3 87 192 264
654 4 1 11 50 127
1584 5 1 80 95 130 150
988 3 83 163 269
1567 4 64 123 172 190
1507 4 80 173 262 263
1376 7 131 160 161 206 219 240 266
900 7 57 58 97 122 184 221 232
223 2 104 225
497 4 16 84 99 206
186 2 33 108
1116 3 110 136 188
981 4 4 11 189 213
397 6 54 70 123 158 177 244
942 5 16 34 197 207 228
122 4 36 88 177 222
801 4 102 162 213 229
261 4 58 119 209 232
1258 5 5 58 68 81 211
622 3 37 80 226
1573 2 160 192
1561 4 25 43 64 68
1123 3 85 91 230
1343 2 16 84
1490 3 82 168 241
336 5 50 97 155 225 229
1538 4 4 11 23 144
459 4 36 88 130 178
671 7 24 54 59 169 194 237 255
151 7 173 184 209 225 226 252 269
1319 3 155 185 229
1484 2 159 197
1437 7 40 103 108 172 194 217 240
1122 4 44 47 111 140
1615 3 11 120 262
422 3 25 68 250
1404 1 221
972 7 11 64 142 155 191 201 269
895 3 24 177 182
276 2 5 88
518 4 58 83 168 258
1531 3 23 33 103
1090 5 16 78 136 153 268
144 2 147 229
506 4 25 57 142 255
164 3 11 147 239
1309 2 150 188
338 3 86 219 224
1467 3 106 111 184
1336 4 50 122 160 185
741 4 67 173 250 269
1295 2 147 226
826 7 59 93 138 173 213 222 253
990 3 11 19 159
1073 2 24 100
799 2 40 227
1398 4 56 57 200 258
1496 4 2 54 225 232
415 3 130 188 262
1340 4 34 122 207 252
176 2 63 190
404 5 39 114 122 192 195
628 6 11 42 103 106 119 149
1520 6 41 42 111 157 184 262
320 3 131 170 258
555 4 116 203 214 241
880 3 54 162 185
99 3 39 137 229
1469 5 37 100 197 214 225
658 3 57 130 222
1059 2 44 244
1308 1 238
1117 4 25 53 155 268
591 3 11 119 247
1596 6 24 100 124 157 162 185
1391 2 81 224
303 3 1 58 116
40 1 16
691 5 25 70 137 138 258
1559 6 13 87 108 158 264 269
869 5 34 86 224 241 250
1347 3 64 163 177
1304 3 130 200 255
1201 2 87 119
7 1 48
378 1 240
448 4 8 20 81 241
1096 3 161 211 217
648 7 34 67 100 188 191 203 263
1574 13 8 31 39 41 57 84 97 136 138 163 217 246 268
569 3 39 97 266
396 6 8 42 92 173 195 203
566 6 103 171 182 221 223 227
1487 4 182 232 241 252
777 2 173 258
585 3 83 230 253
1149 2 17 81
842 5 124 138 172 246 252
109 4 111 152 158 227
362 6 54 94 204 226 239 241
1139 4 87 90 172 222
307 3 10 17 252
200 4 70 107 159 162
669 6 92 177 203 209 237 258
600 4 78 94 99 142
128 5 33 44 48 170 227
62 5 127 173 177 207 225
524 6 68 88 138 152 182 183
59 3 153 171 206
809 3 86 103 120
256 5 11 57 144 161 237
1188 6 5 13 63 78 110 239
187 4 43 223 241 246
1331 2 84 241
820 1 56
1179 2 17 238
381 3 106 111 266
1222 2 131 247
305 3 56 171 177
1032 4 0 78 182 201
698 4 48 82 163 235
386 3 48 155 163
1334 4 53 106 191 239
264 5 0 42 124 188 240
1230 3 122 131 240
962 4 1 217 253 258
1541 4 44 155 191 206
1254 2 17 211
1435 3 203 237 246
709 2 204 239
868 4 119 127 178 255
278 2 34 232
590 5 27 53 137 144 151
115 9 43 78 100 103 149 190 209 229 238
238 5 114 122 127 137 197
1583 8 111 170 177 182 191 195 228 258
998 5 17 47 185 190 213
915 5 17 24 120 151 217
1265 3 11 222 247
1362 8 70 102 106 107 136 179 200 266
28 4 59 102 159 240
899 2 93 206
1547 6 47 83 111 160 189 213
1544 5 5 116 200 206 213
1017 5 70 108 119 173 211
425 3 8 31 155
71 4 114 116 136 153
573 8 56 122 124 149 222 226 229 252
375 4 40 63 68 192
1125 2 114 219
701 4 80 106 184 268
252 4 84 107 203 223
744 2 41 241
1386 5 114 137 153 207 235
1187 3 10 136 169
163 4 47 48 147 223
1140 4 44 90 170 239
1543 4 179 223 227 228
1175 4 42 48 114 247
1160 4 64 190 211 229
1602 2 114 160
640 2 97 182
1157 4 31 138 178 194
86 5 5 92 243 244 264
1397 4 1 80 149 169
1208 5 58 78 131 151 194
982 2 17 42
746 4 34 130 197 266
6 4 36 50 67 104
534 1 175
1077 3 31 168 182
50 5 20 53 58 102 201
1499 4 17 70 116 150
667 4 17 103 182 262
127 4 34 106 123 124
1548 6 25 88 151 170 188 253
368 5 44 56 87 158 243
233 2 34 53
1007 2 11 100
1383 1 237
208 5 50 103 130 155 171
1289 4 160 225 229 238
567 7 27 41 48 81 108 124 253
1418 3 47 179 224
136 2 39 64
685 1 152
1045 5 86 175 184 200 221
929 4 16 83 197 253
201 1 34
1305 1 200
581 7 1 43 106 153 173 204 209
822 3 163 188 189
479 5 170 184 203 237 246
613 2 40 162
446 2 33 223
1152 4 36 162 223 237
561 2 64 230
1356 3 200 204 263
891 3 91 116 240
908 5 91 160 244 247 263
228 4 57 131 197 241
1626 6 41 82 182 184 247 250
839 7 33 107 114 116 221 237 253
753 4 20 88 168 179
791 2 34 124
268 1 130
390 6 17 20 57 153 172 219
1425 2 56 159
527 9 11 44 84 88 142 147 197 211 224
714 2 33 209
475 2 172 206
776 7 31 84 150 182 213 225 229
1228 4 27 63 204 262
1244 7 27 43 53 107 172 217 237
1504 4 17 178 246 268
1333 3 93 131 144
1150 3 78 136 179
690 2 91 255
773 3 88 182 224
531 5 8 183 243 250 263
830 3 157 190 243
875 5 90 107 161 185 189
739 2 241 243
621 9 27 57 91 124 188 221 223 226 235
65 4 85 221 238 243
947 3 142 243 269
257 2 173 225
229 3 81 83 266
571 5 104 161 171 197 222
853 1 214
1013 8 25 48 155 157 188 217 252 258
729 3 182 185 195
442 5 43 93 102 103 222
1498 3 33 41 229
190 4 47 111 198 235
1313 3 127 244 253
416 5 11 25 92 172 247
595 2 142 214
358 5 161 170 204 223 240
541 4 0 97 198 200
1240 6 31 68 110 119 203 263
36 4 16 85 211 230
326 6 20 39 161 229 230 253
946 2 17 152
593 5 17 70 81 116 240
1029 4 31 207 237 262
1420 2 190 226
1243 4 33 97 191 209
786 3 13 122 197
1448 7 10 34 39 83 184 191 223
1506 6 10 58 63 67 70 194
931 5 17 31 57 182 229
1041 4 47 102 163 246
1121 3 44 56 255
1593 2 114 138
632 2 227 255
1387 6 16 63 130 194 239 252
755 4 111 158 161 188
918 7 10 53 136 201 213 243 246
173 4 130 175 185 235
1594 5 41 64 103 110 136
178 5 44 63 100 152 211
1138 3 106 149 169
821 3 149 163 232
1134 6 84 144 191 197 207 237
680 3 80 131 200
843 4 43 86 144 188
879 1 82
452 3 1 138 200
1262 3 54 189 266
138 5 8 53 63 172 264
1145 3 108 229 268
1033 5 17 83 94 100 238
1509 6 24 44 81 110 237 240
348 5 87 88 124 158 230
643 2 87 111
535 5 0 4 27 201 224
917 3 44 63 172
916 1 217
1067 3 211 235 243
993 5 97 124 157 201 239
1250 1 185
41 4 37 67 195 255
46 6 8 67 81 84 185 239
781 4 1 47 179 217
1355 1 2
828 4 25 224 227 255
56 6 70 136 140 142 162 200
1406 3 1 43 240
1234 2 159 170
992 6 4 53 137 163 204 206
547 5 11 131 178 204 238
272 5 1 44 123 131 137
623 3 152 213 221
32 5 20 57 97 103 201
881 3 25 119 209
1259 3 5 24 53
1200 3 63 88 198
1455 3 16 122 243
1148 7 0 34 53 94 99 192 240
1104 2 206 258
1489 3 17 34 243
133 5 2 20 178 211 241
1174 5 58 78 104 157 189
704 3 157 162 195
533 4 67 119 194 266
255 4 20 53 238 250
211 4 4 16 153 178
1086 4 82 175 203 223
1217 3 100 198 213
578 3 23 59 68
614 4 39 171 217 232
890 5 27 39 90 177 246
1137 6 31 97 137 159 171 263
1497 3 127 150 224
51 7 13 110 159 171 194 229 239
428 1 238
883 5 0 123 171 222 232
1315 3 110 203 268
1353 4 37 142 224 243
1218 5 42 84 241 243 253
342 6 25 36 40 50 57 86
1500 6 83 106 200 203 230 238
463 6 1 43 94 108 204 262
1598 5 41 81 99 178 229
210 2 1 23
722 5 58 111 157 183 185
922 3 36 102 226
913 7 0 42 54 93 160 241 269
1431 3 206 211 228
645 4 124 170 188 209
249 4 25 57 82 155
216 7 11 54 94 102 142 162 209
787 5 8 56 177 240 263
1088 7 17 34 40 110 162 168 194
802 2 150 204
1245 5 13 120 183 229 232
487 3 48 80 204
392 4 189 195 206 209
1513 3 8 44 57
1279 5 1 24 50 153 183
772 3 100 188 243
1278 2 41 237
678 1 123
833 3 147 185 204
400 2 107 263
112 3 27 48 58
308 5 8 20 80 150 203
1405 4 97 183 206 221
583 4 10 36 131 147
469 5 33 54 91 217 269
797 3 111 137 153
301 4 86 131 161 178
1389 5 37 63 142 151 222
626 4 149 151 178 191
551 4 99 192 247 269
1354 2 170 188
604 6 19 20 37 42 159 269
1003 5 11 36 127 183 250
260 3 179 195 253
1511 4 5 87 131 264
1103 4 103 119 170 190
1233 7 4 34 56 63 108 158 198
1514 3 163 223 237
111 5 47 99 175 203 235
794 4 68 95 224 243
1173 2 91 102
1616 2 114 175
137 7 37 104 150 160 163 227 235
467 1 177
421 5 56 67 107 237 258
499 4 119 142 191 221
1239 3 97 106 184
156 2 8 58
938 5 19 54 108 170 219
540 2 190 207
769 1 106
715 6 88 100 155 182 184 250
734 3 142 172 262
543 3 100 171 197
1154 5 54 80 194 240 262
909 4 102 203 228 264
572 3 8 114 130
185 2 64 255
1414 5 84 116 163 169 269
1367 7 56 80 82 90 153 157 239
477 3 41 204 252
1360 3 90 172 243
1009 4 8 85 224 246
1532 2 36 136
180 6 81 85 88 114 183 201
630 2 106 229
114 1 17
1569 8 70 83 151 168 175 213 232 238
1575 3 4 81 232
598 6 47 57 94 189 195 223
202 5 2 41 138 179 219
724 4 48 80 226 246
72 4 63 97 160 250
971 3 19 262 263
74 2 85 244
568 2 70 147
148 7 20 53 119 152 192 217 240
1495 1 211
1263 6 103 136 140 171 222 227
850 9 19 23 58 95 179 206 209 224 252
1294 1 158
516 3 182 230 252
1421 2 44 57
316 4 23 47 246 263
480 6 68 114 130 232 244 246
1101 5 119 140 182 214 230
1014 3 0 122 184
492 6 31 130 144 185 189 214
577 3 43 64 221
27 5 2 54 81 237 243
796 4 23 84 159 244
411 1 11
574 3 116 158 269
1004 8 16 57 90 93 103 104 114 160
297 5 102 120 157 198 238
1132 3 84 123 198
132 4 39 50 170 241
239 2 201 244
1408 7 8 17 36 68 124 182 188
267 4 157 161 168 243
939 2 252 268
1051 3 85 161 191
57 2 40 85
1083 2 151 253
743 6 53 78 82 170 204 238
974 2 25 226
647 2 54 136
283 4 17 90 108 159
418 1 172
1351 3 17 37 93
1120 5 25 37 104 228 246
1224 3 57 161 201
987 4 42 87 201 243
800 4 80 119 157 240
713 3 41 151 258
1020 2 48 95
19 2 152 192
602 8 34 43 100 108 153 168 170 184
141 2 0 99
212 6 13 41 68 91 191 226
848 3 99 228 262
885 6 25 34 59 204 222 240
1424 2 23 207
684 6 4 10 53 168 213 241
1417 2 237 266
1246 2 95 185
1463 3 114 116 123
214 3 158 200 207
1052 3 80 153 158
60 3 17 84 185
619 3 36 94 131
270 3 5 108 244
1589 5 104 111 149 185 246
1078 6 8 11 24 67 70 91
849 2 161 198
836 2 140 142
919 7 54 116 147 161 169 172 175
1023 5 13 90 127 191 195
761 2 86 147
977 7 24 54 56 153 172 258 269
902 1 84
937 5 4 8 39 57 130
149 5 80 159 226 241 269
473 2 82 102
1335 3 0 116 140
69 4 56 142 144 225
335 5 151 204 209 232 241
1106 5 54 144 163 175 253
832 3 204 227 239
861 3 24 93 183
873 5 97 110 182 191 203
1021 8 37 80 90 119 161 207 209 237
1535 3 59 107 255
1411 9 25 50 91 100 136 140 147 197 206
436 7 1 33 169 170 171 188 214
494 2 43 240
1460 3 161 194 201
1320 5 37 97 214 221 237
1508 3 183 213 230
468 3 27 59 161
866 3 13 107 211
1180 2 104 151
840 3 39 42 102
523 6 50 107 140 168 177 207
624 3 24 120 250
1440 1 229
1161 4 160 173 198 252
405 6 44 54 131 191 203 237
1043 4 144 149 171 241
795 1 230
1163 2 86 99
1281 2 4 246
1433 3 25 42 91
1301 5 94 138 184 238 241
884 2 158 189
1464 4 63 88 177 253
634 4 33 47 53 250
544 1 221
1494 3 95 108 157
286 2 13 151
1380 4 13 90 155 161
30 6 33 39 78 87 171 269
199 1 19
736 3 53 189 200
1601 2 92 150
81 4 92 224 238 269
1092 3 42 102 114
162 3 136 159 229
944 4 36 53 97 157
1476 5 84 108 122 175 243
1372 3 11 53 57
928 2 44 239
1253 6 106 111 149 150 169 246
455 3 88 152 217
345 3 33 211 219
532 4 40 84 86 168
403 7 10 63 153 170 195 252 262
1158 4 140 189 238 244
1182 2 13 266
1317 3 103 203 269
964 1 111
877 4 33 131 195 230
1345 2 0 211
235 3 23 81 107
374 4 0 54 100 226
352 6 0 43 64 92 130 194
1130 4 25 43 84 253
948 3 53 200 266
1241 5 93 131 157 213 219
1284 2 1 84
209 4 31 138 200 207
1614 6 82 155 194 247 266 268
478 3 50 198 255
1191 4 64 170 219 239
752 3 64 200 213
1413 4 34 37 80 189
855 5 0 11 37 92 239
1155 3 224 226 253
1542 3 179 194 230
1205 5 34 58 149 247 266
1570 5 25 103 162 201 227
67 3 86 168 264
1630 3 5 111 151
505 4 31 110 160 168
1449 3 40 217 252
941 5 23 67 86 137 157
353 3 11 184 204
1486 3 37 138 230
66 5 41 108 110 178 252
606 4 116 147 198 209
882 2 97 229
1211 6 2 81 84 104 127 175
705 3 42 81 93
5 4 25 33 147 203
1002 4 100 149 160 179
279 4 10 160 230 247
58 8 27 42 85 209 211 213 217 263
1377 3 53 56 207
546 2 54 144
110 5 59 78 155 192 201
759 4 13 67 122 140
1426 5 88 149 179 198 269
887 5 1 201 224 229 268
1071 4 70 147 177 263
597 5 83 87 140 224 252
1620 2 8 124
1407 2 68 229
1114 6 120 122 178 188 221 226
1609 5 88 206 211 213 224
1322 5 41 97 195 200 201
1267 9 56 70 83 119 130 162 222 228 247
224 5 37 80 92 111 200
924 2 90 223
1512 2 83 136
1042 2 155 190
1327 5 13 81 90 226 229
33 4 36 42 48 106
1491 5 1 59 94 130 239
611 5 0 50 80 86 106
231 3 150 189 204
1016 4 13 19 54 255
1048 3 130 161 173
1202 3 58 86 263
721 6 17 25 97 138 162 244
553 8 10 40 99 104 147 155 201 206
1522 8 10 39 131 160 173 217 219 264
1329 5 17 54 232 238 246
355 5 1 59 111 160 168
294 4 39 201 222 244
218 3 17 47 169
920 6 34 48 97 107 158 266
21 2 48 253
377 3 58 111 262
387 3 58 206 226
23 5 16 56 86 227 266
1595 1 152
365 3 42 92 253
44 5 19 25 48 58 171
1044 5 53 88 95 100 239
1283 9 64 124 147 177 200 203 211 247 250
18 5 17 40 157 175 268
975 3 59 160 235
1036 4 108 155 237 244
1566 4 94 108 223 241
1582 6 24 56 191 209 239 255
1515 7 34 58 64 94 195 258 262
265 2 11 230
188 7 24 131 149 168 204 237 263
921 2 17 244
957 4 159 203 244 252
1537 2 34 107
245 6 95 136 160 237 255 268
814 7 23 24 41 91 108 140 241
277 6 8 20 24 87 185 195
1183 3 50 67 88
1206 3 97 201 255
1392 2 11 114
816 5 31 41 102 131 168
1001 4 86 120 175 253
306 5 11 106 147 169 229
1232 1 214
169 4 10 161 235 252
1087 2 1 68
474 3 131 169 184
1385 1 1
766 2 161 244
808 1 269
1035 3 8 155 190
878 3 10 84 268
1141 4 23 93 200 204
1393 3 1 20 250
1199 4 87 119 229 230
1282 1 57
1328 4 31 152 161 203
1528 4 42 99 153 163
1368 4 67 188 201 227
901 4 191 204 219 258
973 6 16 87 123 137 155 204
837 5 2 84 110 149 204
940 4 24 54 84 123
865 2 54 198
1085 5 50 81 182 201 213
460 3 85 244 246
1293 3 127 183 198
1611 2 84 131
656 5 4 87 92 173 203
1028 2 23 179
1047 4 80 97 175 258
327 3 2 85 262
813 1 246
221 4 56 106 163 190
508 3 37 84 211
1231 5 17 42 82 116 151
175 2 155 225
1572 1 54
537 2 157 237
584 2 221 232
1422 6 11 40 53 59 93 142
521 4 43 47 191 269
393 5 40 68 183 195 232
949 5 0 57 158 188 226
897 3 17 37 130
1399 3 159 240 252
394 4 34 110 150 161
1277 2 40 197
1255 3 37 116 211
382 3 0 138 238
152 3 81 82 171
824 4 11 185 255 263
727 6 17 27 93 119 159 200
290 1 102
343 3 0 82 122
1604 1 175
961 3 59 100 252
364 3 27 201 214
1215 5 67 88 147 217 253
225 3 23 44 63
641 6 84 131 160 209 225 228
251 3 95 221 239
269 4 53 106 116 213
1190 6 70 83 95 106 124 229
96 6 47 56 120 127 147 228
1485 4 4 13 151 269
250 4 87 94 106 131
106 6 27 39 84 107 185 226
1247 4 5 200 226 243
738 1 43
649 4 4 163 194 209
55 5 0 81 95 124 172
119 2 84 228
1203 3 147 163 194
189 5 2 119 184 200 223
1427 5 13 104 191 211 237
447 2 94 104
42 2 25 47
412 3 106 172 190
945 1 179
1477 3 25 110 217
1236 1 223
1565 1 108
1010 2 168 253
1525 7 1 99 102 106 140 262 268
431 4 84 142 211 225
1612 2 138 262
989 3 56 57 82
1482 5 40 63 90 226 238
380 3 87 201 211
417 4 48 152 157 206
612 3 110 153 224
401 2 162 203
870 3 33 169 209
369 3 152 224 252
1358 4 20 47 93 122
831 4 10 94 155 183
154 5 37 123 211 227 229
576 7 23 39 94 182 204 221 230
1314 3 2 172 269
391 5 84 100 104 178 235
1311 1 149
558 7 1 11 24 47 163 232 266
666 3 48 67 149
203 3 2 44 217
896 2 54 195
281 2 67 142
719 5 31 42 92 159 250
728 5 17 157 217 219 235
1055 4 39 86 102 160
1384 4 2 36 136 155
758 3 104 194 206
782 4 48 68 110 153
1065 8 17 67 81 103 157 160 179 191
315 2 10 97
284 4 19 95 131 170
1518 3 100 224 247
1454 4 56 195 204 238
423 2 0 111
113 3 43 59 137
126 4 85 87 104 224
1527 4 17 58 185 237
874 2 221 266
851 1 178
197 4 43 59 183 217
16 5 83 120 127 223 269
88 4 37 91 204 207
983 3 25 42 258
526 6 41 57 78 108 190 219
1557 3 83 158 171
751 4 221 250 262 264
501 4 10 82 102 246
101 2 158 262
1539 5 4 20 40 91 203
1488 1 232
933 1 239
1344 4 149 153 207 226
464 2 179 184
64 3 78 123 207
1169 2 110 119
449 4 175 183 221 240
512 1 152
1107 3 177 185 206
1623 6 68 110 122 213 214 225
903 4 97 200 213 250
344 1 153
819 4 122 144 169 203
692 4 2 108 162 225
263 3 39 103 224
1363 6 106 114 120 189 219 252
2 4 25 63 94 188
1153 5 97 114 183 197 200
1204 6 1 33 114 149 160 168
1378 2 189 252
688 3 214 221 258
790 6 33 56 100 147 222 247
1481 3 34 206 229
158 4 42 82 169 252
121 5 70 99 111 151 183
192 4 31 136 177 227
1479 3 54 106 130
1533 6 11 93 119 138 170 227
687 5 173 177 192 247 250
519 3 34 107 268
48 3 116 151 155
775 3 70 243 246
1143 1 151
959 2 78 147
35 5 48 114 155 163 213
1436 5 8 54 153 227 241
1473 3 54 92 250
693 2 106 120
1585 4 0 27 163 173
92 3 54 107 120
407 5 25 56 111 116 258
89 5 68 92 95 110 258
1034 5 43 93 130 209 255
363 4 50 159 185 247
554 3 27 163 243
1361 5 94 104 142 150 190
637 3 80 107 237
482 3 25 81 108
26 3 169 173 192
1555 3 37 82 153
778 4 17 138 194 241
153 3 70 122 163
1049 3 4 90 255
1452 3 155 188 201
852 4 17 37 57 188
700 1 8
1109 9 116 169 173 188 207 221 224 246 268
184 4 56 99 103 197
995 6 27 58 78 93 122 237
37 3 37 152 159
1510 2 5 246
1617 1 33
565 3 39 131 194
220 5 40 140 222 246 262
1302 4 33 70 150 232
976 3 31 70 94
8 3 16 136 149
1521 3 0 177 228
570 1 203
522 5 1 17 44 56 142
1097 4 11 48 177 247
166 5 42 93 150 197 263
68 2 2 16
1395 3 70 136 189
661 1 131
240 1 163
702 3 158 247 253
372 2 237 239
683 4 102 161 192 211
340 5 33 92 147 184 200
1226 5 87 119 152 201 253
1410 5 59 82 95 185 219
1220 2 91 137
610 5 33 57 178 182 243
1330 5 87 94 206 207 266
1390 7 82 110 122 155 175 194 253
1379 4 48 81 142 200
935 5 43 93 162 229 240
978 2 31 40
997 5 1 63 82 214 230
1025 6 43 67 81 104 130 140
1375 4 106 116 185 200
985 4 91 116 127 268
932 4 4 108 119 240
143 6 82 138 219 223 238 263
927 2 1 264
206 3 195 203 224
806 4 138 200 206 266
1432 3 106 214 227
785 3 19 119 175
1133 6 25 80 108 116 150 197
1373 3 114 190 213
1165 4 93 99 104 111
1576 5 86 90 157 224 264
1144 8 19 31 42 83 114 184 195 250
1403 5 64 150 171 190 194
131 6 33 48 106 123 137 184
1571 3 13 152 158
503 3 63 108 137
470 6 53 100 182 184 214 247
1628 3 5 151 172
318 3 53 59 170
107 2 204 238
1442 5 13 37 87 111 240
1099 3 4 159 204
371 3 58 194 252
1478 3 20 57 58
94 4 31 130 138 172
93 5 11 36 64 124 161
1451 6 27 42 155 173 197 223
1170 1 86
539 5 56 83 123 179 197
329 3 160 184 263
1371 7 90 107 147 158 244 246 250
1159 2 67 225
1287 5 54 110 131 173 213
1196 4 34 83 226 229
409 2 106 190
330 2 43 229
652 1 162
486 3 39 85 207
1290 3 63 138 227
817 3 19 147 161
639 4 39 161 258 264
413 4 64 83 138 195
788 5 17 31 86 244 266
1012 2 39 94
370 5 54 84 124 200 214
430 5 2 5 31 54 203
29 5 13 78 190 194 203
1256 1 235
232 6 10 50 110 157 158 235
1091 6 27 39 48 140 153 219
562 2 10 173
295 3 57 161 203
1000 3 82 99 153
496 3 5 182 264
1223 6 78 93 131 155 185 197
1480 2 175 240
994 2 91 243
429 4 91 127 175 232
1227 4 67 172 201 226
904 4 42 91 106 130
432 5 10 50 57 136 183
1156 2 86 269
410 3 0 63 243
894 6 50 54 67 189 240 269
1075 4 114 144 198 201
617 5 97 104 152 158 211
586 3 116 120 136
366 4 86 244 252 255
426 3 92 94 158
243 6 0 13 169 190 203 224
1076 3 138 150 179
299 4 11 57 127 172
629 3 16 153 235
618 5 56 123 155 207 224
247 2 10 243
1194 4 59 144 161 163
1299 4 20 172 209 219
490 3 17 211 269
659 2 10 40
1219 4 80 114 213 266
509 4 31 157 207 219
275 4 13 171 182 241
1008 4 39 43 111 244
560 3 138 201 255
867 3 17 23 111
1151 5 83 94 200 230 246
1238 6 10 78 86 155 246 258
1298 3 82 206 247
1094 7 47 80 100 162 213 238 240
823 3 36 152 169
525 1 24
559 5 24 48 122 159 225
625 5 92 147 182 197 200
1178 3 17 158 230
969 3 0 81 104
53 3 159 235 266
854 6 47 56 87 137 162 230
703 4 53 172 191 258
322 4 111 114 116 149
1260 4 43 119 228 262
589 7 92 93 131 149 155 232 246
1082 1 11
292 6 50 142 168 192 247 252
98 3 97 170 192
549 6 36 39 43 127 161 223
105 5 83 163 168 221 266
300 4 4 173 179 184
15 6 40 70 225 247 255 263
1069 3 33 43 88
504 4 16 58 198 255
707 2 5 104
697 4 110 122 191 243
1084 9 23 24 37 83 108 111 122 207 264
191 6 36 48 179 184 188 204
493 7 57 80 90 107 170 213 229
1366 2 182 200
147 3 157 161 185
1554 3 24 177 182
1516 4 68 97 106 124
1242 3 25 168 192
827 3 95 103 153
1610 2 88 252
1019 4 27 48 50 177
1093 3 41 97 173
80 4 1 87 136 269
1459 1 157
274 5 5 108 114 171 247
1312 4 1 110 179 263
1249 2 124 159
253 6 54 83 84 160 198 246
402 4 58 78 92 209
592 4 23 131 178 268
388 4 1 57 160 207
1579 4 4 43 169 247
1124 2 24 268
653 3 131 158 232
312 6 16 25 153 169 226 269
280 2 93 149
1135 1 10
1005 9 16 20 48 114 116 127 155 230 269
1031 5 33 56 158 226 229
419 11 0 27 40 68 78 84 91 124 144 198 214
1364 4 100 107 201 255
1142 2 203 214
1472 1 82
1184 4 39 92 147 200
1553 7 64 95 123 182 207 232 240
1325 2 147 200
740 3 23 131 264
95 2 25 102
588 2 13 41
694 6 10 64 92 116 172 228
1172 1 90
856 4 37 116 190 262
760 5 23 43 68 90 161
379 8 0 50 94 106 241 244 246 253
282 3 40 150 221
963 4 63 160 191 203
49 5 58 100 127 222 227
483 3 85 119 150
914 2 107 157
313 2 2 40
513 3 94 198 252
732 4 114 206 240 268
726 6 2 95 110 169 232 247
615 2 235 269
433 5 24 93 178 237 243
1108 2 4 229
1195 7 53 68 130 162 168 177 247
1272 2 110 189
951 6 13 88 92 97 124 163
1530 2 225 269
230 5 78 80 93 200 238
529 3 17 102 144
1276 3 4 87 195
406 8 19 31 42 95 102 110 237 241
898 6 47 58 122 124 144 183
846 2 43 268
686 7 44 92 94 100 102 188 269
651 5 16 39 47 50 106
699 3 152 201 240
1105 4 10 153 229 262
863 4 33 58 97 179
262 4 25 100 189 211
1348 3 47 92 124
607 4 42 59 99 153
818 2 103 214
435 7 36 88 161 173 184 204 258
38 2 179 229
1095 4 25 114 229 262
309 2 0 232
1113 4 50 78 214 223
1501 6 47 81 144 185 195 229
484 3 36 39 111
1502 3 47 173 198
520 2 19 97
54 3 20 122 161
936 4 31 50 91 232
1068 1 31
311 3 5 20 232
720 2 122 152
204 1 100
424 3 142 229 263
346 3 170 201 246
954 3 56 149 182
357 3 195 227 229
1235 3 19 84 203
317 6 8 17 106 130 182 201
511 2 197 204
20 4 67 93 150 228
1586 5 11 157 214 219 264
1556 2 140 184
507 2 153 190
47 7 16 27 107 123 127 159 203
515 4 104 137 194 227
1534 5 5 44 50 123 170
1550 6 33 41 119 144 161 219
288 2 24 64
1558 3 102 194 225
491 5 64 94 189 241 244
408 2 2 178
730 3 19 108 230
495 3 50 149 240
689 4 108 110 122 177
756 4 87 90 178 255
319 3 137 144 162
968 5 41 137 192 194 227
1162 3 11 250 266
462 4 1 48 93 217
1118 6 0 90 142 239 252 253
34 4 136 195 200 207
1409 3 24 58 252
481 6 24 56 64 81 124 194
1369 5 110 137 171 204 230
1450 4 102 111 116 147
489 3 80 138 183
1046 2 19 179
1112 4 93 221 226 239
1444 8 10 23 110 137 204 207 232 235
198 5 4 25 44 80 262
174 1 209
1591 3 153 243 252
1428 5 149 219 237 243 258
780 3 224 228 243
161 1 214
427 2 99 250
1147 4 59 140 161 228
563 7 5 68 92 104 122 229 235
102 3 39 232 258
655 1 64
1288 5 13 41 83 85 106
289 2 151 238
733 5 19 37 56 131 161
1580 6 41 43 102 147 162 170
82 5 43 56 102 116 207
359 4 13 25 108 172
445 4 155 157 169 171
1237 3 92 162 214
1198 3 11 88 263
443 3 127 247 264
333 3 17 23 107
886 5 140 163 170 214 243
1447 3 24 41 114
1613 3 41 80 213
958 3 23 131 211
745 4 17 136 184 235
1365 9 56 171 173 178 235 241 244 263 269
1471 1 246
1443 4 86 127 153 211
1261 2 5 70
783 3 80 111 222
1468 1 36
771 7 8 48 87 102 169 189 235
1470 3 24 42 203
1171 5 20 137 151 155 255
864 1 182
11 5 1 10 13 155 229
1401 1 99
847 3 54 149 191
1503 3 4 116 140
1168 6 16 54 94 103 184 213
1280 4 16 25 42 223
1524 3 67 68 149
1590 4 90 194 240 241
876 2 50 107
1269 3 67 84 155
575 5 40 137 190 207 244
764 3 17 175 185
1381 2 20 59
12 4 43 86 106 136
1430 5 95 99 189 211 217
803 3 63 177 188
514 3 119 163 182
207 1 97
100 2 2 82
241 1 269
441 7 16 19 25 116 189 197 206
956 1 33
453 5 108 122 227 268 269
596 4 67 171 237 244
676 2 42 217
1323 2 175 189
665 2 219 240
1341 3 1 34 97
834 3 173 177 219
498 5 27 107 142 147 241
341 7 36 58 83 161 201 268 269
1131 4 84 191 198 211
4 6 42 88 223 230 235 268
1324 2 144 230
1402 6 13 36 48 100 111 191
75 6 42 87 95 172 223 246
1285 2 81 155
1374 2 11 78
1439 3 63 90 178
273 3 33 93 144
291 3 16 91 138
679 4 13 123 138 182
213 4 1 83 227 240
1111 5 119 127 170 178 262
1063 7 11 120 122 123 155 178 204
1625 4 2 90 110 200
1270 5 88 92 173 183 228
43 6 31 48 99 178 243 266
1577 1 198
663 5 63 169 173 211 225
170 3 0 170 206
793 3 5 36 37
1597 5 116 131 150 160 269
310 5 103 106 119 161 243
1457 7 43 50 94 122 192 203 222
1213 6 83 152 157 214 235 262
476 2 4 158
1483 2 120 204
872 1 99
757 5 82 136 153 170 179
117 2 140 162
1562 1 228
179 3 116 137 192
248 2 50 78
841 7 17 95 102 111 162 198 232
857 5 85 86 168 170 240
934 7 153 162 169 194 226 250 255
1252 7 84 136 172 225 232 246 258
636 3 50 56 255
660 6 88 158 200 227 237 266
1461 3 230 247 263
770 2 4 171
266 6 87 111 120 152 204 228
979 1 25
1011 2 70 142
1546 4 50 144 206 217
517 4 36 144 203 211
1110 4 4 41 149 209
259 3 64 78 127
1136 4 36 120 159 175
889 3 36 67 209
1296 2 161 209
859 4 54 197 241 246
1037 7 2 85 87 103 155 157 239
970 3 2 131 189
1060 5 116 131 195 209 269
862 5 57 84 168 188 237
1519 5 31 34 138 190 206
530 3 44 122 209
1618 7 33 44 82 106 169 198 226
181 3 1 144 168
1429 3 5 63 235
765 5 11 94 131 144 207
73 5 5 39 107 136 214
399 4 4 25 53 58
125 3 11 198 250
349 4 48 93 158 250
219 2 86 159
124 2 85 170
457 6 56 59 170 230 255 263
236 3 124 213 250
1189 5 91 147 175 247 263
79 6 85 103 110 182 184 223
1248 5 27 90 92 114 253
1098 8 24 31 100 116 122 159 175 190
1053 4 39 99 207 211
298 3 68 91 110
616 6 8 27 39 100 183 229
712 3 40 58 99
302 3 24 222 264
472 2 17 36
888 3 31 91 230
384 7 19 86 91 102 194 200 252
103 3 1 39 247
1291 1 68
1423 3 37 82 151
1216 2 42 170
893 4 8 84 211 224
1164 3 86 103 197
815 4 50 90 97 250
150 2 48 53
337 4 119 150 206 250
398 5 1 20 142 183 244
1540 3 56 140 243
1127 5 81 155 160 163 252
792 3 64 67 106
87 2 81 114
434 2 80 173
1332 3 48 68 262
582 4 44 110 137 214
1080 4 83 100 152 229
350 4 36 106 227 262
1214 2 127 197
76 4 201 228 241 264
646 4 0 16 92 243
145 2 131 137
1564 3 10 122 170
1624 2 95 104
1297 3 219 238 239
742 5 47 142 155 191 250
85 7 31 54 92 204 237 246 253
116 1 214
762 4 110 137 177 223
450 4 31 33 168 244
24 3 100 158 177
246 5 91 122 182 189 230
579 3 10 37 247
725 2 88 119
1307 6 23 67 192 198 240 244
594 4 8 91 100 155
328 4 86 124 158 195
334 4 54 130 227 262
835 5 107 177 184 213 235
789 4 40 47 99 155
1057 4 8 48 120 161
160 3 23 88 255
999 5 25 44 86 191 263
217 5 104 162 172 184 263
157 5 78 97 107 114 219
39 5 43 179 184 206 250
78 4 5 85 99 258
222 3 150 168 169
130 5 48 197 241 258 266
1438 4 108 175 184 232
321 6 8 68 106 114 204 247
1286 3 4 39 184
635 2 33 213
63 6 34 44 84 149 173 228
458 6 11 63 64 155 192 217
633 4 39 63 111 162
1018 2 40 95
1475 3 11 80 188
1006 5 23 58 119 221 235
1578 3 0 119 140
779 1 131
510 3 8 97 110
1321 5 84 144 155 206 239
548 3 99 182 219
1185 2 106 124
1166 6 0 16 42 144 170 240
242 6 2 82 95 106 136 237
440 1 203
670 4 47 116 138 269
1039 6 4 47 67 91 107 151
177 4 1 147 171 247
1264 4 27 34 80 91
1 4 54 116 240 263
892 3 1 223 246
657 7 17 57 127 161 195 206 266
1229 7 25 106 150 179 222 225 230
244 4 91 122 151 183
605 8 4 100 120 162 183 206 262 264
1394 3 59 68 243
748 2 81 160
287 3 5 34 195
1271 2 25 88
930 3 53 94 100
545 4 4 57 106 198
1177 3 227 240 253
804 4 24 70 157 207
1346 2 197 269
1192 2 17 168
471 1 106
227 7 68 90 102 110 155 168 230
1523 2 110 152
620 3 1 247 252
502 2 198 263
1600 3 120 252 264
1370 1 264
1300 4 8 59 235 258
104 2 43 92
1146 2 152 255
716 6 47 56 64 119 198 204
120 4 48 59 153 185
1056 1 201
1225 5 53 58 103 195 201
1054 4 40 63 170 235
749 5 41 159 194 230 253
271 2 34 85
1382 5 13 84 147 250 269
456 5 95 140 153 207 209
1412 4 94 127 178 184
627 4 13 40 54 219
1492 6 0 42 87 122 153 175
1419 2 48 144
172 2 122 252
1560 3 84 189 243
768 6 17 39 41 201 253 264
414 2 103 227
1040 5 25 209 226 247 252
1536 4 31 39 147 153
1303 2 56 68
331 5 37 111 123 149 238
986 1 27
718 6 13 33 56 80 188 227
1526 4 42 127 217 246
91 2 50 114
361 4 93 100 152 168
1629 5 0 13 42 155 237
1115 6 31 41 138 144 163 201
682 3 8 106 266
194 82 222 201 240 171 106 91 36 63 204 5 140 203 127 162 226 31 64 78 185 99 263 221 149 27 86 31 184 119 229 201 58 20 247 237 78 223 27 13 59 78 149 111 227 136 123 100 131 168 189 239 195 25 147 31 158 50 262 10 206 124 53 104 237 159 37 122 91 42 39 214 54 237 230 169 246 103 34 158 150 188 4 84 197 0 243 269 214 80 17 192 54 88 207 43 5 107 94 211 235 243 173 255 36 190 95 157 184 34 250 219 206 57 228 123 85 217 238 225 33 108 2 241 37 201 150 47 252 160 108 226 41 8 222 138 111 11 244 97 238 142 33 268 219 93 170 268 120 153 158 183 1 155 68 140 10 84 223 253 264 200 102 70 232 4 70 56 114 20 48 177 162 179 67 99 225 23 150 175 195 5 136 158 107 152 142 268 213 4 119 103 207 191 140 137 169 124 87 53 48 240 170 93 190 17 39 19 16 172 144 11 107 184 266 92 178 266 48 158 263 70 31 209 255 182 152 110 111 106 136 229 268 104 244 264 151 198 24 258 40 225 54 224 144 177 54 223 161 195 163 31 106 230 53 175 83 222 200 2 239 90 195 84 81 188 116 130 27 217 44
