2000 1999
925 3 1 2 8
1311 3 1 5 10
121 1 3
1015 4 2 4 9 10
1267 3 3 6 7
892 4 0 4 6 10
562 2 5 10
1001 1 9
1366 1 5
295 3 3 5 6
745 2 5 6
1196 3 6 7 8
275 2 6 7
286 1 0
597 2 4 9
1599 1 3
992 2 2 10
1410 1 2
1186 1 4
1487 2 4 8
161 2 1 10
1285 2 2 7
1966 2 2 6
1404 2 4 9
1255 3 0 6 10
1802 1 7
2 2 3 8
1850 3 2 4 7
1212 2 7 9
1682 2 2 10
495 1 2
1432 5 1 4 5 6 9
974 1 9
271 1 10
7 1 2
1191 1 1
484 4 0 3 5 6
574 2 2 7
1344 4 1 4 6 7
384 1 6
63 3 2 4 9
1406 3 0 6 10
280 1 10
113 2 1 9
521 1 2
1234 2 6 7
567 2 0 4
13 1 4
1023 1 4
598 2 3 8
1759 2 8 9
1451 1 5
1582 3 1 3 10
1861 3 0 7 10
577 2 3 8
961 2 4 9
1343 1 0
511 1 5
135 2 1 5
1608 4 0 6 7 8
380 2 6 9
58 1 1
1182 1 4
181 2 5 10
182 3 1 7 8
1230 1 6
644 2 0 8
1901 3 0 4 5
101 1 8
544 1 7
517 2 8 10
1665 3 0 7 8
517 1 2
1081 1 8
567 2 0 4
1801 3 0 1 7
539 3 0 4 5
906 1 0
802 1 1
1934 3 2 4 9
521 3 1 4 8
93 1 6
1197 2 0 1
1135 2 5 9
1079 2 0 9
946 4 1 2 3 8
720 1 3
1687 1 2
956 1 3
1869 2 1 8
1084 2 7 9
52 1 10
974 2 1 6
1088 2 0 6
1156 1 2
1980 3 1 6 7
612 3 4 8 10
745 2 4 8
120 2 1 8
1540 3 2 3 4
21 2 5 8
908 1 8
1064 2 5 9
428 2 8 10
1243 2 0 2
1717 3 2 3 4
11 1 10
162 1 2
932 2 2 10
738 4 1 7 8 10
1453 1 3
1653 3 3 9 10
686 3 1 2 6
1242 3 1 5 10
965 4 0 7 9 10
46 1 1
729 1 0
1812 3 0 6 7
961 3 4 5 6
52 1 10
1880 3 4 6 9
443 4 1 4 6 7
1981 3 0 1 2
1247 3 3 6 10
1929 4 4 5 7 10
1620 3 1 5 8
673 1 7
366 2 4 7
910 3 5 6 7
667 4 2 6 8 10
961 2 3 5
1623 2 0 9
42 2 4 6
981 1 10
763 2 2 8
991 1 8
324 3 1 9 10
1076 2 3 10
898 2 0 3
852 3 2 5 6
1925 2 0 2
1418 3 4 5 6
1340 2 0 4
1147 2 2 9
1045 3 2 3 6
388 1 8
1092 3 0 5 8
831 3 0 2 7
1294 1 10
1295 1 2
856 1 8
724 2 2 4
1223 1 5
1081 3 5 9 10
1112 2 2 5
1154 2 0 8
1133 3 0 7 8
521 2 0 10
766 2 4 10
1708 1 7
1739 2 5 9
1022 1 10
1981 3 0 1 7
616 1 6
1068 3 2 7 8
86 5 0 1 2 8 10
1579 1 8
950 3 1 3 10
1925 1 10
384 2 0 6
527 1 8
118 1 9
1737 2 0 10
828 2 3 4
1701 2 7 10
195 1 5
1902 2 5 7
1972 2 7 9
859 1 4
1642 1 6
836 2 9 10
831 3 0 4 8
1944 1 9
1026 3 3 6 8
1612 2 0 1
1984 2 2 9
908 3 5 7 8
73 1 5
969 2 2 8
73 1 6
1163 1 9
1048 2 2 7
588 1 4
1105 2 5 6
1757 3 0 5 6
1951 2 4 5
298 1 10
996 2 0 8
317 1 4
345 1 7
1287 1 6
1773 2 1 4
879 3 1 3 5
1800 3 2 7 8
1182 3 5 7 10
683 3 0 2 9
662 1 4
1658 2 3 5
1541 2 7 10
787 1 1
89 3 0 2 6
1827 1 7
1625 1 3
1995 2 0 3
1936 1 8
288 4 0 1 4 7
935 2 2 9
1294 3 4 6 8
1512 3 0 2 7
1435 4 3 6 8 9
1428 2 2 10
1784 4 0 1 5 6
1125 1 0
753 2 1 7
52 3 6 9 10
381 1 2
1727 2 5 6
1145 1 0
1644 3 3 7 10
493 1 2
952 1 6
187 1 5
275 2 1 3
1687 1 9
8 1 10
506 1 3
1371 4 2 3 9 10
786 1 3
1997 1 2
1657 2 4 5
1499 1 8
1680 4 3 6 9 10
1154 1 2
1695 1 9
477 1 4
1163 1 7
1809 2 6 7
1005 2 0 6
1563 3 5 7 10
222 2 0 4
1880 3 0 1 4
1812 1 5
1222 4 1 2 8 10
996 1 9
1930 1 3
1594 1 10
222 1 8
1890 1 7
947 3 2 8 10
1447 2 0 10
273 2 7 8
172 3 0 4 5
513 2 0 1
537 1 7
1931 2 3 4
972 1 6
917 3 2 7 8
1779 2 5 6
1696 1 2
1935 2 6 8
384 1 6
252 2 0 6
1574 1 6
634 1 9
495 1 3
1328 1 10
608 2 5 10
901 1 8
1336 1 4
936 1 8
11 1 2
1033 1 0
1995 3 2 9 10
1535 3 0 2 6
1519 3 3 8 10
1128 1 7
1799 2 6 7
1335 1 9
692 3 0 3 7
1021 2 2 7
1456 1 6
714 2 3 8
548 1 7
717 1 4
601 1 0
1725 2 0 4
134 1 1
1833 1 7
814 1 10
7 2 4 5
97 3 5 6 10
1367 2 2 3
532 2 1 4
529 1 4
1820 1 5
51 2 2 7
1701 1 5
44 3 4 5 7
558 2 1 3
733 2 6 8
1056 1 6
1576 2 0 9
13 2 1 10
159 3 2 4 9
1840 3 5 8 10
156 2 1 10
600 3 2 7 10
1208 1 6
240 2 8 10
1630 3 1 4 10
1743 2 0 5
1040 1 5
598 2 1 2
577 2 6 9
1967 3 2 3 8
596 3 4 5 10
799 2 3 10
1274 2 8 9
428 2 8 9
1022 2 4 7
793 1 10
1186 2 4 7
718 1 5
776 1 4
1865 2 5 9
1421 4 0 3 5 10
553 3 1 2 5
1241 1 2
1740 2 4 7
1182 2 5 9
1138 1 5
1943 2 1 2
50 3 0 4 7
844 2 4 6
738 1 7
188 1 2
1753 2 1 6
1732 1 6
1983 1 6
336 1 4
1705 3 3 8 9
745 2 5 8
847 3 2 8 10
769 3 1 6 10
218 2 7 8
1856 2 4 10
1747 2 0 4
379 1 10
152 2 1 5
793 4 1 7 8 9
323 2 1 5
11 2 3 8
941 2 7 8
717 3 5 6 8
1965 1 8
1451 1 8
1456 2 4 5
1385 3 4 6 9
1092 1 9
1133 3 6 8 10
1606 2 0 10
100 1 7
1234 2 4 7
1234 4 4 6 7 8
1509 3 0 4 7
733 2 5 6
1131 2 6 7
598 6 1 2 4 5 7 9
113 1 4
575 3 0 5 10
798 1 7
1008 2 4 8
1205 2 4 8
575 3 7 9 10
1294 1 4
1546 4 0 2 5 9
1463 3 1 5 9
1604 1 2
1053 1 1
1175 2 0 4
486 4 2 3 6 9
957 2 5 7
1397 2 0 8
1701 3 6 8 9
479 1 9
622 4 2 4 9 10
113 3 2 6 8
1887 1 4
1443 1 0
394 1 4
1836 2 1 5
614 2 0 4
860 1 6
936 2 2 5
959 2 5 8
1239 3 0 8 10
1135 2 3 9
1811 2 1 10
1847 1 5
533 4 0 3 6 9
1745 3 3 6 8
244 1 2
255 2 0 5
365 1 10
1860 2 3 7
392 3 3 7 8
750 1 2
1804 2 1 5
1052 2 8 9
1982 3 8 9 10
949 1 1
992 2 4 7
1044 1 5
257 3 3 4 5
156 4 3 6 7 8
1141 3 0 2 8
1024 1 4
1764 3 6 7 10
1850 1 4
1840 1 8
172 2 6 7
1021 2 1 9
1825 1 6
1086 4 1 8 9 10
110 2 6 7
1095 3 1 6 10
1574 3 2 4 8
1478 2 1 4
390 2 2 3
1027 2 2 6
1985 6 1 6 7 8 9 10
529 1 2
904 2 6 7
358 1 10
1831 1 2
904 2 0 4
1940 2 3 6
1388 2 6 7
1891 2 0 3
1031 6 0 1 2 6 7 8
828 3 1 5 8
270 2 1 3
123 3 0 3 4
1750 1 3
441 2 1 6
1900 1 9
860 2 2 3
1296 3 2 3 8
570 2 0 3
1802 2 3 5
1596 1 4
366 3 3 8 10
1633 4 3 7 8 10
1974 2 6 9
205 1 6
1477 3 1 4 7
1100 2 1 8
1049 2 0 6
1344 1 1
1291 3 1 5 10
248 1 5
1280 2 0 2
1838 2 2 10
1056 3 0 3 5
797 1 6
1143 2 1 8
675 1 8
1781 1 7
911 1 3
432 2 4 6
1475 2 8 9
1442 2 3 10
910 2 7 9
380 3 1 6 8
1339 2 1 8
872 2 6 8
1512 3 2 8 10
884 1 7
921 1 10
1267 1 5
1463 1 2
1815 2 2 6
1344 1 8
1612 2 7 8
13 1 0
1197 1 1
78 1 9
1521 3 1 6 9
1021 2 6 10
1618 3 5 9 10
921 4 1 5 7 8
305 1 5
1627 3 7 8 9
970 3 2 6 10
665 1 7
1451 1 9
333 3 1 3 6
1848 1 10
598 2 6 8
716 1 4
745 1 9
1439 2 8 10
201 1 6
193 2 1 9
1836 1 10
548 2 3 10
683 2 0 8
1171 1 10
381 1 9
594 2 0 10
1657 1 6
1642 2 1 10
1512 2 3 5
403 2 4 6
761 2 0 4
745 1 7
1981 2 3 10
1624 1 4
333 1 0
348 1 0
560 1 5
77 3 0 1 2
100 2 3 9
1845 1 3
1020 2 1 8
985 3 0 2 3
1650 4 2 3 8 9
875 2 0 2
873 1 10
1369 2 4 8
267 1 1
1931 1 1
1686 1 3
1428 2 5 10
1926 2 1 3
1850 1 4
1753 2 6 9
1451 3 2 3 7
641 2 1 2
1065 3 6 9 10
787 2 5 7
1237 2 8 9
1157 1 5
1424 2 1 9
1550 3 2 4 6
1701 3 1 4 5
92 1 6
92 1 0
361 4 0 1 4 9
1630 2 6 8
1785 2 3 9
600 3 0 4 8
657 1 0
1673 1 9
1189 2 1 10
1048 2 4 7
588 2 2 5
791 1 2
992 2 1 10
883 2 4 8
1576 1 8
791 2 2 3
1400 2 1 7
1109 2 2 3
925 3 1 3 9
619 1 2
1818 2 2 9
169 2 5 7
840 1 3
447 2 0 3
1592 3 0 2 10
1031 2 2 7
861 4 1 4 5 7
1073 1 9
932 1 9
891 1 7
1100 4 0 1 4 5
1571 2 0 7
1305 1 9
1155 1 0
1329 1 2
515 1 9
935 2 6 7
1797 1 10
481 3 4 5 8
1925 3 1 3 4
1696 2 6 8
495 3 4 7 8
1605 1 4
1935 2 1 7
2000 3 0 7 8
1480 2 1 8
96 2 2 3
1882 3 1 2 5
1981 2 4 7
1648 2 6 9
1021 1 1
1384 1 4
104 1 10
211 3 1 4 9
1288 2 2 3
646 2 0 4
471 2 4 7
643 2 9 10
1273 2 1 8
1033 3 2 8 9
1728 2 1 4
404 3 1 5 9
79 3 0 9 10
802 2 5 7
269 2 8 10
995 3 2 8 10
1884 2 0 3
567 2 3 9
1296 4 3 4 6 8
901 1 6
359 5 0 2 4 8 10
1588 1 6
667 2 3 6
1579 2 3 4
1456 1 6
132 2 1 4
1677 3 3 5 9
94 3 1 6 7
1319 3 6 9 10
442 3 1 5 7
79 2 0 5
1416 1 3
366 3 0 3 7
1005 2 4 10
323 2 0 1
1891 2 4 10
1822 1 10
185 3 1 2 4
1859 1 3
594 1 1
1796 2 2 8
1861 2 0 6
490 1 10
562 2 4 7
884 2 4 6
393 2 4 9
1894 2 5 6
1629 2 2 9
1629 1 1
557 2 8 9
315 3 4 6 8
131 1 2
1989 2 2 8
17 1 9
357 3 1 4 5
361 1 9
381 2 4 6
246 3 3 6 10
265 3 1 2 6
529 3 3 7 9
983 2 8 9
738 1 6
668 1 10
1682 1 4
927 3 0 2 4
1017 1 8
1143 1 7
942 5 3 4 5 8 9
141 2 3 7
1335 3 2 4 7
334 2 2 7
936 1 0
724 2 7 8
1957 1 0
1900 2 7 9
1024 1 10
1701 1 3
934 2 0 4
1403 3 1 4 7
275 2 3 5
956 1 2
1100 3 3 9 10
667 1 5
646 1 9
425 3 3 8 9
1541 1 6
1520 1 7
1002 2 1 10
1306 1 3
829 1 10
996 2 7 9
1605 2 2 4
618 1 8
1226 2 7 10
1605 2 4 5
1678 2 9 10
490 3 0 5 6
1305 1 5
1785 4 0 4 5 7
1737 3 2 3 8
1789 2 3 10
1512 1 6
1498 2 4 9
1328 1 5
1888 2 1 10
1384 5 0 1 2 4 8
1416 1 1
1870 1 2
1540 2 3 7
385 1 6
1753 2 6 9
598 2 4 5
936 3 6 7 10
1495 2 0 5
833 3 2 3 9
1306 3 0 7 9
1021 2 0 3
543 4 1 2 3 5
769 3 0 2 4
1928 4 0 2 8 10
836 1 1
1581 2 6 7
1759 3 0 2 8
1048 3 0 1 4
276 1 10
1695 2 2 10
1267 2 5 8
403 1 0
258 3 0 3 10
920 1 4
562 4 0 2 3 6
333 1 2
1350 1 7
610 1 4
28 2 5 9
1824 2 1 2
1825 3 3 4 6
1100 1 9
1930 2 7 10
675 6 2 4 5 6 8 9
1594 3 0 1 5
1926 1 9
1738 2 0 3
935 1 7
1604 3 1 6 10
1823 2 5 7
1625 5 1 4 6 8 9
137 2 9 10
193 2 2 5
687 2 3 4
1757 1 9
793 1 4
739 1 5
601 2 3 6
440 1 0
1848 1 10
1451 3 0 4 7
380 1 5
182 2 5 10
31 1 0
1480 1 1
392 2 4 9
1384 2 5 7
1925 2 0 2
1431 4 3 4 5 9
1929 3 0 4 10
1686 1 7
1974 3 0 6 7
159 1 7
311 2 0 1
1850 3 0 1 9
973 2 8 10
1731 2 2 5
397 3 5 7 8
1065 3 8 9 10
777 4 0 1 8 9
612 1 7
101 1 8
1013 1 10
1191 1 0
1823 4 3 4 5 7
1726 3 1 3 6
177 1 3
708 2 2 5
1604 1 7
1812 1 4
1684 1 5
522 3 3 5 7
661 2 0 4
605 2 0 1
600 2 4 10
1884 4 1 3 5 7
333 2 2 5
1317 2 0 8
1681 1 3
240 2 9 10
325 2 0 4
1014 2 1 4
1493 1 7
1091 2 2 3
1903 1 9
1340 1 4
1864 3 3 8 10
1098 2 0 1
686 1 0
941 4 1 3 5 8
1033 2 2 8
1869 2 5 10
745 1 2
751 1 5
745 1 2
1075 4 3 5 7 10
1949 1 1
735 2 1 6
1000 3 2 4 7
137 3 3 5 7
1937 2 2 9
928 2 3 10
211 1 7
1235 2 8 9
876 1 4
1895 3 5 9 10
1760 1 0
449 1 9
1833 1 3
600 4 1 4 6 7
1026 2 0 8
886 3 3 5 8
156 1 0
1400 1 5
557 2 5 10
798 3 1 5 7
932 2 5 10
1186 1 0
371 1 9
938 1 9
1004 1 9
1825 2 6 10
1603 1 3
1453 3 5 7 10
967 2 1 10
981 2 6 8
596 3 0 4 5
983 1 6
718 1 1
477 1 8
43 1 6
101 1 9
775 1 3
1294 1 5
1311 2 0 5
718 2 3 4
255 2 0 3
578 1 4
871 2 9 10
1636 1 2
255 1 0
79 3 0 6 9
1112 2 0 8
366 1 2
1807 4 3 5 9 10
1064 1 5
1739 2 3 7
128 1 8
1913 4 1 2 7 9
1650 5 0 3 4 7 9
163 3 4 6 10
1145 3 5 8 10
1167 1 7
246 4 2 4 8 10
799 2 2 6
334 1 6
1760 1 3
1227 3 1 2 6
1779 4 3 7 9 10
839 1 7
619 2 7 10
1027 3 0 1 2
1880 3 1 3 9
201 1 1
1604 1 2
965 3 1 2 9
1175 3 4 8 10
1725 2 8 9
481 2 5 7
1046 1 6
1623 3 1 9 10
169 2 5 6
872 1 6
1299 3 3 6 9
361 1 1
81 1 1
821 2 1 4
476 1 10
891 1 6
983 2 3 4
677 1 9
52 1 4
836 3 3 5 9
511 2 5 6
108 1 10
1745 1 10
388 4 0 1 3 9
885 2 1 9
1126 2 1 8
598 1 1
997 1 8
1790 1 5
1541 3 0 1 7
1024 1 0
799 2 7 9
872 1 8
1514 1 9
1005 1 2
1571 1 1
1772 3 2 6 10
177 3 6 7 10
828 2 1 10
1701 1 9
1048 1 9
763 3 3 5 8
687 2 8 9
287 3 2 3 4
1564 3 6 7 10
231 3 0 3 7
1432 1 3
1088 2 4 6
892 2 3 4
1023 3 3 4 5
981 3 4 7 8
1105 1 10
380 2 0 8
1865 1 0
529 1 1
1406 2 0 9
1898 1 6
1094 1 4
1957 1 7
1104 2 6 10
1818 2 0 4
78 4 0 2 4 7
1015 1 7
1606 4 2 3 5 8
1833 1 3
751 2 2 4
205 2 3 6
307 2 4 6
1818 1 7
640 3 5 6 7
894 2 3 10
113 3 3 7 9
1196 3 1 6 8
1119 4 1 2 7 8
835 2 1 8
323 1 6
1686 2 0 4
1672 2 3 7
1257 1 1
1248 2 6 10
1361 1 3
167 2 8 10
1943 1 0
290 3 2 7 10
1660 2 1 10
1399 2 0 6
1888 1 4
1466 2 7 10
1428 1 3
7 1 5
288 2 6 9
1708 3 4 5 10
1664 1 1
1725 2 9 10
343 2 2 10
1815 2 4 8
221 2 0 9
548 1 6
486 1 4
13 1 4
407 4 0 1 6 9
379 1 3
640 2 2 9
1735 1 7
1114 2 5 9
784 1 5
218 1 3
1294 1 5
1692 2 2 6
1014 2 0 2
1300 1 6
891 2 3 9
1210 2 3 10
13 3 1 6 8
1394 3 2 5 6
282 3 6 9 10
1604 1 2
18 1 4
1119 1 1
1880 2 8 9
370 1 6
1848 1 5
594 3 0 6 9
1892 3 5 8 10
544 2 1 6
50 1 7
119 2 7 10
1268 1 5
925 1 10
875 3 2 7 10
50 3 0 4 9
1212 1 0
886 1 7
1274 3 0 4 9
1 1 1
1681 4 4 6 8 9
209 3 5 8 10
1163 1 0
511 1 10
1620 2 1 8
1005 3 1 5 8
1628 1 2
1346 2 5 6
666 2 1 6
828 2 1 9
1425 1 9
1129 3 0 5 8
1088 1 2
529 3 4 8 9
1491 2 1 9
1220 2 3 10
1757 2 6 7
593 1 0
1416 1 3
1073 3 0 1 5
1359 1 0
1605 1 2
1311 4 0 2 5 10
1883 1 0
43 2 6 10
517 2 3 6
404 4 0 1 3 7
1888 1 0
1365 3 4 5 7
443 1 10
1907 2 0 9
686 4 3 4 6 8
921 3 1 8 9
403 2 1 8
469 1 5
1154 1 3
1346 5 2 3 6 7 8
228 2 3 6
539 3 5 6 10
1576 4 1 5 6 8
201 2 1 10
271 2 7 8
1337 3 0 8 9
280 1 4
850 3 0 3 6
180 1 6
1649 1 4
118 1 10
1747 1 3
365 2 6 7
581 3 1 9 10
1504 1 8
79 2 0 2
639 2 6 9
1007 1 10
1642 2 4 7
1943 1 10
569 1 1
1745 3 1 6 10
362 3 2 6 8
3 2 2 6
284 1 0
1471 1 8
1432 2 1 8
1556 2 1 5
1585 1 3
1643 4 2 6 8 10
917 2 2 6
867 1 10
1737 2 3 7
1362 1 5
300 2 9 10
89 1 2
309 1 9
870 1 0
914 2 7 10
68 3 0 3 5
864 1 10
1276 1 6
766 3 4 8 9
1197 1 10
1638 1 8
1745 1 6
1657 5 1 3 7 9 10
1790 2 0 10
1312 3 0 6 10
847 2 6 8
1216 2 0 8
1451 2 1 4
1257 3 1 5 8
1481 2 0 4
13 1 5
736 4 0 5 6 10
245 3 1 4 7
751 2 2 7
81 4 2 3 5 8
437 3 4 5 7
290 3 4 5 6
764 2 3 9
769 2 1 6
789 1 2
628 2 0 6
876 2 3 10
1216 2 5 6
11 1 0
844 2 1 5
274 1 5
222 1 2
788 4 1 6 7 10
200 1 7
1599 1 6
967 3 4 7 10
1720 1 8
1148 4 0 1 6 7
169 2 0 3
886 1 7
1451 2 8 10
486 1 8
1481 1 6
1726 2 3 8
1869 1 6
860 2 3 9
725 4 0 3 8 9
1430 2 1 3
1712 2 0 3
1239 3 0 1 5
383 2 1 2
751 1 6
550 2 4 8
49 4 0 1 3 4
1236 2 6 9
1366 2 1 2
1836 2 3 4
255 2 0 4
884 2 1 2
99 1 0
901 2 3 4
1952 2 3 10
1 2 2 10
1212 1 6
1303 2 4 9
249 3 3 9 10
831 1 0
594 4 1 4 5 8
1272 3 2 4 7
1127 3 2 3 9
1680 1 4
475 2 1 3
897 2 0 8
1776 1 5
161 2 9 10
323 1 1
327 1 7
1636 1 2
1608 3 3 7 10
270 2 1 4
32 2 0 5
1880 3 2 4 9
1390 2 3 6
1189 4 2 6 8 10
173 1 1
802 1 1
40 2 2 6
391 3 4 8 9
438 1 5
578 3 4 9 10
1449 1 4
113 2 3 9
1256 2 4 7
995 3 0 4 10
1934 1 10
1790 2 2 7
921 2 1 8
1456 3 2 3 7
193 2 5 8
21 2 4 6
1182 1 7
222 2 2 4
928 2 0 3
514 4 2 5 8 10
180 2 2 9
649 3 3 4 8
815 1 5
909 2 9 10
1658 1 7
1291 2 4 8
404 3 1 2 10
884 5 1 4 7 9 10
1161 1 5
1167 2 2 9
916 1 6
1541 1 2
1934 3 0 2 4
1017 1 3
866 3 2 5 8
594 1 5
432 1 6
99 3 0 5 10
1884 2 1 6
1868 1 2
924 1 4
1047 1 5
1481 3 0 1 3
892 4 0 4 5 7
1415 1 3
255 2 6 7
734 1 3
880 2 0 2
578 4 3 5 8 9
1890 1 2
1928 2 7 9
93 2 1 10
70 2 7 10
1432 1 9
1291 1 4
1815 4 0 3 8 9
1989 1 7
305 1 1
926 3 1 2 10
704 3 4 7 10
1119 2 2 7
789 1 0
1888 1 4
1872 2 2 7
1687 2 2 9
1514 2 1 10
1813 3 2 5 9
870 3 5 6 9
433 1 4
684 2 4 7
512 2 4 5
326 3 2 5 6
1172 1 9
984 3 0 1 7
163 2 4 5
585 5 0 2 3 8 9
1940 1 9
409 2 6 8
955 1 6
246 3 0 1 9
191 1 8
917 2 1 8
1073 3 1 6 9
1682 2 2 7
1711 3 4 8 10
1632 2 8 9
1681 3 0 5 9
43 4 1 3 4 9
970 2 4 8
516 1 6
1914 2 2 3
1951 4 1 2 4 9
1413 2 8 10
1936 1 3
1316 3 0 1 6
751 3 1 6 10
269 2 0 2
1897 3 2 5 9
1677 1 4
918 2 3 9
355 2 2 6
1033 1 9
1197 2 4 9
981 1 6
383 3 1 3 5
93 2 4 9
1519 2 2 9
630 3 2 5 6
1338 1 2
1993 1 8
1429 1 0
1642 1 7
926 2 3 5
1432 2 0 9
839 2 4 5
361 2 1 10
1990 2 1 9
120 2 6 9
222 2 1 6
1125 2 2 9
756 1 5
1591 2 0 2
275 1 3
1326 2 6 9
799 1 5
78 2 1 7
240 1 10
940 3 3 5 9
6 1 0
1605 1 0
1171 3 1 2 6
1608 1 9
1029 1 4
1435 4 0 6 7 8
462 1 7
956 1 0
31 4 0 1 2 5
1559 2 4 5
21 3 0 7 9
1411 2 1 4
886 2 2 5
1196 2 5 8
612 2 3 7
923 4 4 6 8 10
1294 1 2
1588 2 1 2
798 2 3 9
245 2 1 7
621 4 1 3 4 6
914 3 0 3 6
589 1 0
1696 1 10
1892 3 0 5 6
826 1 4
1185 2 3 8
875 4 4 5 8 10
1957 1 2
672 1 2
974 2 1 3
548 1 2
1009 2 2 7
1677 3 0 2 8
1256 3 0 2 6
764 1 10
2 1 5
366 1 1
1552 1 1
1135 2 0 2
1550 1 9
897 1 10
119 2 1 4
686 2 6 10
1092 3 3 5 8
995 1 9
824 4 1 3 6 8
31 1 6
1395 3 0 5 10
528 1 8
1160 2 0 8
514 2 2 10
234 2 2 3
916 1 1
1483 4 1 2 7 10
217 2 4 7
864 3 0 5 6
1680 1 1
311 1 5
1936 1 5
1987 1 5
576 3 1 7 8
567 1 5
1092 1 8
1150 3 1 4 5
1560 3 0 4 8
1415 1 2
1413 3 3 6 9
800 2 5 10
1713 1 8
979 2 8 10
461 2 0 7
1159 4 0 6 7 9
1813 3 3 6 10
365 1 6
1681 1 2
339 2 2 10
1046 1 2
1596 1 5
718 1 9
1410 3 0 1 9
1533 2 5 7
998 3 4 9 10
1770 2 4 9
1158 1 2
31 1 2
600 2 1 6
413 1 8
1812 2 2 4
1381 1 7
933 2 1 4
1294 1 6
1389 1 3
1664 2 1 2
87 2 3 6
704 3 2 6 10
1154 2 0 7
952 4 6 7 8 10
43 1 6
420 2 0 4
81 1 3
974 4 2 3 6 7
793 2 5 9
1964 2 1 9
775 1 2
262 2 0 1
998 1 6
1831 1 1
622 2 3 5
1861 1 8
916 3 1 3 6
1702 3 2 3 4
77 2 2 3
814 4 1 2 7 10
915 3 0 2 5
844 2 5 9
881 2 7 10
1896 1 1
1354 2 1 10
1541 1 8
1726 2 5 7
1928 2 5 9
293 3 0 3 7
209 1 3
1231 1 5
1147 3 2 3 9
275 1 3
1116 1 1
832 2 0 1
1662 3 1 8 9
607 2 4 9
86 3 4 5 8
1883 2 4 6
1329 2 4 7
394 2 0 7
1294 1 3
208 2 3 8
1998 1 10
1451 2 1 2
324 1 1
23 1 4
291 4 0 5 6 10
598 1 9
1941 2 4 7
981 3 0 3 5
963 1 9
1876 2 7 9
1167 3 6 7 10
1618 2 0 9
377 2 4 9
1991 2 8 10
544 1 0
1157 2 7 9
727 2 0 5
1579 1 9
1056 1 5
1665 1 7
1508 2 2 3
355 2 4 10
1954 1 4
903 2 1 6
706 1 2
158 2 5 8
1000 1 8
320 1 4
816 2 1 9
517 3 3 8 9
1222 2 6 7
744 3 0 3 7
797 1 1
273 2 3 10
1595 1 2
886 2 2 6
628 1 0
1708 1 0
749 1 3
41 2 3 5
1175 1 7
533 1 3
663 3 1 2 7
520 1 8
1195 2 6 7
894 4 4 5 6 7
792 4 3 6 9 10
1154 4 1 2 5 8
829 1 1
668 3 4 5 6
1305 2 0 2
461 1 6
1548 1 2
378 1 6
952 3 1 3 7
1604 1 8
1563 1 6
7 1 6
1605 2 1 8
339 1 7
1857 3 0 2 9
1793 1 0
275 1 4
1167 2 0 7
1475 2 2 10
1255 2 4 8
1681 2 5 10
836 2 2 10
352 3 1 4 7
1272 2 1 6
1130 1 2
533 2 1 4
682 2 9 10
578 1 1
1410 1 6
1051 2 5 8
473 3 1 2 3
1815 3 2 7 8
1967 1 2
638 3 1 2 5
1208 2 4 5
1261 2 4 10
1657 2 5 9
49 1 9
384 2 5 9
1213 2 6 7
267 2 0 8
1054 2 4 7
744 2 6 7
1459 2 0 2
1827 3 0 8 9
1893 3 3 4 7
768 4 5 6 7 8
126 1 9
1400 2 5 10
275 1 5
1291 2 7 10
903 4 0 1 2 8
894 1 3
920 1 0
1575 1 7
1211 2 5 8
831 2 2 10
424 1 8
891 2 7 8
41 2 0 6
1268 3 2 3 9
1820 1 1
894 4 1 3 4 6
1586 2 6 7
799 2 1 6
1794 3 4 5 9
598 1 9
317 2 3 6
517 3 5 6 7
1838 4 1 6 8 9
1042 1 7
1872 2 2 7
1459 1 8
1727 2 3 9
1394 3 1 4 10
596 3 3 5 10
1651 3 1 4 6
718 2 3 8
417 3 2 8 10
123 2 6 10
1711 1 7
1524 2 0 9
1163 1 6
55 2 4 5
1053 2 1 3
1944 2 0 6
1388 1 4
1073 2 4 9
1453 2 2 10
894 1 3
585 2 1 4
867 1 0
1137 1 7
979 1 8
496 2 1 4
1807 1 8
444 1 6
120 2 5 6
1541 3 1 3 4
475 2 6 8
1784 1 2
1341 2 5 6
1245 1 1
245 2 4 5
1605 4 2 4 7 9
1797 2 0 9
1701 2 2 5
182 2 1 7
1096 1 2
44 3 2 7 8
486 1 0
811 1 5
598 4 1 2 5 8
385 1 10
1252 1 3
1817 1 8
1294 2 2 4
1156 1 9
280 2 1 10
1575 4 1 2 3 4
1815 3 6 7 10
1226 1 0
1002 2 1 7
1808 2 4 9
1432 3 1 2 7
1520 1 3
1100 1 0
59 2 2 4
93 2 0 3
668 2 1 5
275 1 2
926 1 4
1132 3 0 3 9
1244 1 6
1833 2 5 8
70 1 4
932 1 9
1451 2 2 8
687 3 3 4 5
1224 3 2 5 10
1769 3 5 6 10
21 1 6
1456 2 6 7
1190 1 4
663 1 2
225 3 0 6 9
1902 1 8
839 2 3 8
884 2 7 9
1261 1 8
43 2 8 10
433 2 3 8
885 4 3 4 6 8
1968 2 0 1
946 1 9
896 3 4 5 7
1310 2 0 1
608 1 7
1972 2 0 3
1894 1 9
613 2 4 9
864 3 6 9 10
503 2 1 3
1737 2 0 3
538 3 0 4 6
1686 1 8
381 2 1 5
11 2 2 8
1056 1 4
886 1 4
1359 3 0 2 7
1236 2 2 4
1508 1 1
1576 2 1 5
1693 1 7
136 3 2 8 10
1867 1 3
894 3 0 8 10
27 2 0 10
1882 2 1 6
597 2 1 10
445 2 1 4
222 2 4 9
777 3 0 6 8
1198 3 3 8 10
1999 1 9
1931 2 9 10
1311 2 0 2
1797 1 6
169 3 1 2 4
1125 1 3
451 2 0 1
619 1 1
124 1 3
686 2 5 9
992 2 9 10
1225 1 4
602 1 7
298 2 6 10
660 3 3 7 8
1088 1 8
872 3 4 5 9
573 5 2 4 5 6 10
1813 1 3
13 1 4
1070 1 10
1324 2 0 6
952 3 0 1 7
641 2 0 6
275 2 2 5
158 3 3 7 10
27 2 7 10
258 2 0 8
445 2 6 7
808 1 6
1735 1 4
956 3 2 4 6
1738 2 2 7
73 1 9
1604 3 1 3 8
1895 3 0 4 8
273 1 3
917 2 0 2
1112 2 0 5
414 3 5 7 9
475 2 6 7
757 1 5
1295 3 0 1 5
596 3 5 6 9
425 3 0 1 5
842 2 0 2
1949 4 1 4 6 7
950 2 2 5
1213 1 9
1435 1 2
745 2 5 9
608 1 3
1470 3 6 9 10
1244 1 5
926 1 4
446 1 7
668 2 1 10
738 2 2 4
1759 3 3 4 6
1417 1 1
1172 1 6
1892 1 3
598 2 0 6
77 1 6
1568 1 10
395 4 5 6 8 10
1294 2 1 4
1552 3 1 5 9
1972 2 5 6
1398 1 4
1475 4 5 6 7 10
1796 2 3 4
742 1 10
1694 2 5 9
1905 2 8 9
1822 2 1 5
77 2 2 9
1138 2 7 8
1684 1 8
1096 2 1 4
475 2 3 8
1951 1 8
1605 3 1 3 5
81 3 0 6 8
1853 1 2
1899 3 2 3 9
802 1 8
869 1 7
844 1 4
532 1 2
576 3 1 3 5
923 4 1 3 6 7
270 2 2 10
561 1 9
141 1 1
745 1 8
1025 1 1
1554 3 4 5 9
1103 1 1
1796 1 0
1797 1 3
1633 2 1 8
31 1 7
567 2 1 6
44 3 0 6 9
1796 2 3 5
1039 2 2 10
1428 4 0 2 7 10
1925 2 7 9
981 4 2 3 4 10
810 2 3 8
945 1 7
1495 3 2 7 10
1833 5 1 2 3 5 10
1787 2 1 4
1302 2 4 7
1163 1 6
477 2 0 1
1207 2 3 8
1000 1 1
1154 1 8
1581 1 0
1833 1 3
161 1 10
753 2 5 8
523 3 3 8 9
211 1 6
520 2 2 3
381 4 1 2 7 9
690 2 4 8
1681 2 2 7
66 2 0 10
1880 2 0 10
222 2 5 8
706 3 0 6 7
31 5 0 5 7 9 10
1029 1 3
1273 2 3 10
1686 3 3 5 6
311 1 10
1064 2 4 8
1475 1 1
249 1 9
1191 1 3
1211 1 6
1931 2 0 2
320 1 3
1064 2 5 9
1880 1 7
1023 2 3 7
21 1 5
1005 3 0 4 5
557 1 2
218 1 4
380 1 5
1960 2 3 4
1519 1 0
1508 1 7
833 3 2 6 8
1930 1 6
1115 2 7 10
1265 3 1 4 5
796 3 1 8 9
1294 4 1 3 5 9
619 1 5
1236 1 4
361 2 4 6
739 4 5 7 9 10
122 1 9
1163 1 4
999 1 4
58 2 4 8
890 4 1 2 3 7
433 2 1 3
1651 4 0 7 8 9
30 2 2 7
745 1 8
1648 2 2 5
1328 3 4 6 7
372 3 7 8 10
521 2 5 10
553 1 9
973 3 2 4 5
1564 1 0
797 2 5 8
401 1 4
1205 2 3 7
1314 2 0 2
781 1 2
187 2 1 6
1339 2 6 9
954 2 5 6
956 3 4 6 10
802 2 0 6
1220 1 2
1044 1 4
1845 2 4 9
1326 2 3 8
1001 2 1 3
82 2 2 5
1332 3 1 2 10
302 2 1 5
1332 2 0 2
1428 1 9
251 2 1 8
797 3 0 3 9
578 3 2 5 10
1432 3 0 4 5
1045 2 3 7
141 1 10
1898 2 1 2
333 1 0
979 4 0 2 8 10
511 1 3
1793 2 3 10
1508 1 8
13 4 3 6 8 9
440 2 1 8
21 1 2
1988 2 0 4
1810 1 7
1435 3 3 8 9
1934 2 2 3
928 1 5
1369 2 0 9
1167 3 1 2 9
1695 2 0 3
567 1 10
1572 3 3 9 10
1595 1 6
782 1 8
821 2 4 5
1472 2 8 9
655 2 4 8
1474 2 0 3
360 1 0
326 3 0 1 10
599 1 4
1020 2 0 5
156 3 2 7 10
1592 2 3 9
1997 1 6
893 1 1
554 1 9
1062 3 3 4 9
477 2 2 9
1882 2 2 3
1294 2 1 8
1604 3 6 7 10
1137 2 2 3
481 2 1 10
1799 1 3
481 2 3 6
495 3 0 5 10
956 4 0 5 6 10
286 2 6 8
641 2 7 8
864 2 4 9
1707 3 0 1 8
640 3 1 5 9
906 3 2 7 8
55 2 1 7
73 1 4
135 4 0 2 7 8
1558 2 5 9
1492 1 5
1489 2 4 10
385 1 1
927 2 1 5
1491 3 0 4 8
1061 2 3 10
963 1 6
1017 2 1 5
1196 3 5 7 9
1620 2 0 2
1481 1 8
725 3 2 8 10
252 2 2 3
1000 1 2
1479 2 5 7
1186 2 2 6
1943 2 3 6
1795 4 3 4 6 9
968 2 0 9
391 2 3 9
1198 1 4
1350 1 1
586 4 2 4 5 8
1966 5 3 6 7 9 10
107 2 3 4
799 2 8 10
305 1 9
1567 2 0 4
391 2 1 6
508 1 4
31 2 1 6
1000 2 4 10
847 1 1
1321 3 4 7 9
1827 1 0
295 1 7
1368 2 4 10
1569 2 6 8
159 2 5 7
1519 2 6 9
1702 3 3 6 7
600 6 1 2 5 6 7 8
169 1 10
110 5 1 3 6 7 8
71 1 6
1815 3 1 3 5
1005 1 0
1239 2 3 5
706 1 4
93 1 5
764 1 5
1753 1 9
1485 3 0 2 8
1890 2 5 8
1020 1 5
745 5 2 5 7 8 10
1018 2 0 4
1225 2 9 10
261 3 8 9 10
1 1 10 0 10 2 5 9 7 10 4 6 6 3 9 0 0 5 5 3 1 6 4 4 6 8 6 7 6 3 1 1 10 2 6 3 4 5 6 6 6 7 5 1 10 3 4 6 7 7 4 0 2 3 1 6 2 6 3 9 2 7 2 3 10 0 2 9 1 7 8 2 6 0 2 0 6 9 2 5 1 1 7 8 7 7 8 10 5 7 8 0 8 4 3 2 5 7 9 9 0 7 10 8 6 8 0 8 8 8 8 2 3 2 7 0 8 7 6 10 8 0 3 8 0 6 1 7 0 7 8 9 3 0 1 10 7 1 0 1 3 0 8 5 4 1 0 2 6 0 10 1 4 1 9 2 4 1 7 8 8 8 1 7 6 4 1 6 3 6 1 7 9 0 0 9 4 7 8 5 3 5 4 3 6 3 5 9 10 3 6 9 6 7 6 4 5 3 10 10 8 4 0 7 9 4 0 2 8 10 2 4 4 3 5 6 2 4 1 0 0 2 5 8 0 4 2 6 3 8 7 6 0 5 9 4 1 9 10 7 4 8 4 7 10 8 4 3 1 6 10 8 5 0 6 8 3 6 0 2 3 7 3 3 10 4 1 9 9 8 9 0 0 2 10 2 9 10 2 5 5 2 0 8 8 4 4 4 8 7 9 6 3 3 10 5 4 0 8 5 4 10 7 0 0 1 3 4 5 6 10 8 2 8 4 9 2 1 0 8 5 7 0 10 10 5 10 2 2 7 8 10 5 4 7 4 7 2 8 4 2 9 6 10 10 0 1 9 2 2 2 8 4 1 0 6 1 5 9 1 9 7 1 0 3 10 4 0 3 7 9 10 1 4 3 1 4 9 3 10 10 8 3 9 9 9 3 6 1 0 0 8 9 7 7 7 3 9 2 4 3 2 1 9 7 9 2 0 3 9 1 0 5 6 7 0 5 10 8 7 0 6 7 3 4 10 0 7 3 3 2 10 2 5 7 5 8 4 5 8 3 5 2 9 5 1 5 5 10 7 9 10 8 2 1 3 3 10 4 8 9 10 8 6 5 1 7 1 0 5 0 0 6 4 6 6 1 9 8 1 2 2 6 10 6 9 10 8 8 10 4 7 2 7 5 1 1 3 5 3 10 3 1 9 3 6 8 8 2 1 2 10 9 6 5 6 8 0 5 7 10 8 3 0 9 6 1 5 9 7 5 8 3 1 1 1 6 10 10 5 9 5 3 2 6 1 5 6 3 4 9 10 9 7 6 4 1 2 1 5 1 8 2 6 1 8 5 1 6 2 1 10 5 10 7 9 5 4 7 7 0 8 7 6 8 2 7 8 10 3 5 5 0 6 2 5 5 2 1 2 7 5 3 7 9 7 7 3 6 1 6 9 7 8 10 2 10 9 2 2 3 9 9 9 1 4 7 6 4 3 5 7 6 6 6 6 6 2 5 8 1 8 8 4 7 4 1 3 6 8 1 9 10 2 0 5 9 4 4 4 4 6 8 6 1 2 10 3 4 7 3 7 3 7 3 3 10 6 3 5 8 2 0 9 4 4 2 2 1 2 9 5 9 4 5 10 10 4 6 2 1 7 2 6 6 2 0 6 1 0 8 7 9 10 6 4 0 9 7 1 0 1 2 2 4 2 1 2 9 5 9 6 0 9 3 3 4 2 10 1 0 0 1 5 3 8 7 2 1 9 2 1 4 3 10 4 5 8 7 4 7 1 5 5 9 8 8 5 9 8 9 4 10 6 6 1 7 5 5 5 6 5 1 3 0 9 4 5 7 9 8 8 6 1 7 1 8 6 2 1 9 3 6 8 9 2 5 3 0 2 6 0 1 10 0 8 4 2 8 9 10 5 9 4 8 10 9 10 1 7 2 8 2 6 0 7 4 2 10 8 6 5 9 0 0 6 1 9 3 10 7 2 6 1 9 8 1 6 8 10 6 10 6 3 3 10 2 0 2 10 10 1 7 4 3 3 2 3 5 0 2 4 9 8 9 3 3 10 1 10 8 4 9 0 4 1 6 9 6 10 2 4 9 1 7 4 3 7 5 2 0 6 4 8 1 10 2 5 8 8 5 5 2 2 6 9 2 9 8 9 8 7 5 0 6 8 7 9 0 5 5 3 7 1 5 2 5 10 10 1 5 5 9 3 4 2 2 1 3 0 0 6 6 1 2 8 0 6 9 6 0 9 8 4 4 6 6 10 8 2 1 4 8 4 2 5 5 10 0 2 0 1 9 9 0 6 2 2 2 5 8 3 10 9 4 3 2 0 3 5 3 6 7 4 3 4 10 5 4 7 7 4 1 0 4 2 5 7 0 5 3 2 7 4 8 6 9 7 8 8 7 0 8 4 8 4 8 0 0 6 3 6 5 4 6 8 7 9 0 0 2 6 2 9 4 2 10 7 5 8 9 5 10 10 5 0 3 1 6 10 1 3 7 10 3 8 8 5 5 3 8 3 7 6 5 3 3 8 3 2 0 6 7 9 9 7 3 10 9 6 10 5 4 6 2 4 1 1 6 6 6 3 6 7 6 3 6 9 5 1 4 6 2 3 7 4 3 10 7 6 3 1 5 3 7 7 5 1 7 8 3 5 6 7 9 8 3 4 9 2 6 8 0 9 2 6 6 0 9 8 1 0 1 10 5 3 1 10 8 3 3 0 8 8 1 4 4 1 5 10 0 7 3 6 3 10 5 2 6 1 7 10 0 0 10 9 9 6 2 5 0 0 10 9 0 4 4 9 2 8 5 10 8 0 6 1 5 7 8 9 4 6 0 3 5 2 2 6 0 0 7 0 7 0 4 2 1 8 3 3 4 1 1 4 1 8 8 0 6 9 2 8 1 3 2 2 10 4 6 5 9 2 7 0 7 7 7 1 6 4 2 9 4 4 1 4 5 7 1 0 10 3 10 1 2 0 4 9 4 3 5 2 10 2 9 1 10 8 4 1 5 6 6 2 0 6 9 0 2 6 2 2 6 5 4 1 3 0 3 0 9 3 7 8 10 9 9 7 4 6 7 6 6 2 1 3 6 2 6 10 9 3 2 5 4 6 0 4 9 1 2 1 0 5 8 4 1 3 2 7 4 3 4 9 7 8 8 7 1 9 1 8 3 3 7 3 3 3 7 6 0 9 0 3 2 0 8 2 8 5 5 4 6 8 8 5 10 1 5 7 6 9 4 4 3 4 7 4 0 7 5 3 7 5 8 5 10 2 4 6 4 0 5 7 2 5 3 2 3 5 4 1 8 2 4 6 1 7 8 4 2 9 9 9 2 0 4 9 7 10 5 5 7 8 5 4 9 9 7 10 1 9 10 0 5 0 2 9 5 7 4 2 2 0 4 1 6 10 7 8 0 3 8 5 2 6 7 5 4 5 9 2 7 0 3 1 0 6 7 3 8 9 3 5 2 4 2 0 9 4 2 2 8 1 4 7 1 4 2 6 7 4 5 8 7 10 1 1 0 6 9 1 1 4 6 5 1 7 9 1 0 8 5 6 0 8 7 5 4 3 7 10 4 1 7 10 0 9 8 4 3 5 2 1 4 3 7 1 10 5 0 6 2 10 8 8 5 5 6 1 10 0 7 8 6 6 10 6 7 5 10 9 5 6 7 9 4 10 0 5 10 2 9 3 3 5 3 0 10 1 7 0 8 7 2 5 9 8 5 7 4 6 7 2 4 6 4 0 1 2 1 4 4 2 10 8 8 6 7 3 5 9 10 1 0 4 5 4 0 0 7 4 7 9 8 5 8 8 2 0 4 0 9 10 0 10 9 10 8 5 10 10 7 7 3 8 2 10 3 8 4 9 6 10 8 10 10 5 0 3 5 9 2 10 1 2 0 4 5 3 3 0 5 2 1 2 0 4 10 2 3 1 2 1 2 1 6 9 9 5 1 5 10 1 4 9 3 2 4 7 2 10 3 5 7 7 3 3 9 0 10 10 1 3 3 10 2 4 1 10 9 1 5 5 2 1 0 1 6 9 0 4 6 1 9 3 0 9 4 4 10 3 4 8 2 6 0 5 3 8 6 8 8 4 0 5 1 3 10 5 7 10 3 9 4 0 4 10 7 6 10 1 6 10 10 2 5 1 6 1 0 2 4 3 7 9 10 9 6 5 5 4 5 2 1 7 6 2 6 4 8 0 0 5 4 10 8 10 7 3 4 1 5 2 9 9 9 1 4 4 5 7 2 5 0 6 0 0 10 3 4 0 9 6 8 6 5 7 10 6 4 10 2 3 9 2 6 5 0 8 4 3 8 2 2 10 4 3 9 0 7 9 4 0 5 9 4 8 3 1 2 8 2 8 3 1 5 6 6 4 4 6 7 1 4 1 3 2 4 2 3 7 5 2 9 8 4 1 3 5 4 0 2 3 2 3 8 7 0 5 5 10 6 2 4 0 9 7 10 9 9 1 3 1 5 0 1 6 7 5 3 5 8 9 6 3 1 7 0 4 1 4 3 6 7 1 0 4 6 5 7 3 5 5 6 9 4 9 10
