2000 2000
1428 5 420 687 767 909 1442
1132 5 210 555 686 1024 1293
1146 5 321 594 1014 1021 1355
501 6 454 747 1081 1179 1241 1343
1896 2 121 1806
1275 4 72 919 1129 1245
38 4 804 1021 1410 1747
352 8 595 800 1004 1073 1167 1199 1259 1398
340 5 142 273 454 472 1558
271 1 1283
107 4 76 1293 1538 1990
786 3 5 636 741
1374 3 376 384 460
566 4 385 932 988 1160
1317 2 1391 1443
1104 3 123 634 1125
968 2 636 1473
751 2 550 696
1620 4 337 682 1063 1101
59 5 212 325 330 459 1033
1964 3 214 1155 1854
759 4 1085 1131 1208 1510
1326 2 50 573
1460 7 466 745 1107 1287 1309 1599 1983
1162 5 36 635 1608 1689 1881
543 1 784
1530 3 112 1525 1688
1667 3 928 987 1238
1691 3 584 896 1775
1737 5 877 1072 1143 1222 1536
277 9 148 356 484 821 1023 1355 1499 1641 1808
1094 2 1083 1933
1265 3 1012 1369 1436
1905 2 1140 1379
1464 1 1063
648 6 367 533 711 1653 1694 1791
396 3 34 1079 1256
1417 8 1211 1328 1337 1691 1742 1899 1905 1926
193 8 6 459 698 920 1081 1417 1492 1955
1610 5 674 1521 1557 1749 1948
912 5 256 639 1332 1374 1799
619 5 545 661 716 1431 1845
37 3 185 594 1143
1076 2 1004 1134
1412 3 989 1658 1787
1543 6 138 487 759 810 1469 1860
1417 5 32 777 1146 1666 1990
297 6 100 639 702 1345 1674 1955
1880 5 37 292 297 373 1536
988 5 937 1061 1619 1916 1998
191 4 485 766 1061 1410
1430 4 83 1337 1541 1859
829 3 1071 1081 1485
1925 1 488
1285 2 820 948
1075 7 153 260 326 438 906 1233 1980
1535 1 1986
137 2 72 1353
1395 2 923 1727
263 4 434 797 935 1838
977 5 84 377 782 839 938
425 1 1624
151 3 214 926 1701
1677 6 359 388 821 1295 1717 1945
943 5 272 288 963 1713 1996
1432 3 1386 1606 1736
65 4 70 474 626 1956
1744 3 334 1269 1884
733 3 147 1716 1871
1667 4 256 752 1024 1978
273 7 420 871 1177 1249 1501 1765 1840
1284 6 33 130 271 864 1254 1478
123 2 475 1296
1703 5 273 1170 1631 1844 1860
860 2 231 452
98 3 1305 1464 1532
129 4 151 570 582 1866
1674 3 265 1545 1957
1165 5 932 1032 1124 1501 1710
1876 4 538 1073 1249 1930
751 2 635 1650
138 3 245 479 1640
1019 5 625 959 1269 1530 1671
1078 5 335 1024 1417 1441 1446
263 5 30 860 901 1734 1955
1409 4 320 905 1163 1787
1187 2 104 1624
663 3 482 1334 1403
1535 2 240 716
1748 3 427 1575 1806
381 1 1941
1899 3 123 1521 1860
1896 5 100 490 596 1268 1765
1952 4 72 352 1047 1138
1195 2 573 1912
1146 5 32 156 1645 1711 1970
1535 2 1419 1729
561 3 320 682 1212
801 3 350 814 1718
283 5 21 555 1339 1467 1881
132 2 517 1239
441 3 311 1751 1923
73 1 1085
1397 2 1331 1767
1709 1 1362
718 4 265 1359 1456 1743
734 4 791 1227 1449 1646
957 2 1503 1741
304 4 26 811 1162 1473
69 3 264 545 726
1737 3 814 903 1580
1291 3 1412 1763 1922
362 4 192 901 1268 1957
229 7 86 500 555 620 879 996 1857
138 3 94 388 1680
510 5 152 470 1342 1677 1840
1141 2 36 126
1771 4 465 887 1001 1276
1810 5 32 479 768 1567 1643
859 4 675 826 1713 1944
1414 4 248 743 976 1766
195 4 845 1165 1670 1769
415 2 314 1620
820 2 1014 1268
419 5 207 504 545 972 1701
1075 3 574 951 996
484 2 21 1727
1303 3 224 1353 1907
676 1 1227
413 4 305 756 1831 1858
1370 5 187 915 1347 1386 1835
1082 4 9 891 1304 1716
207 4 128 577 588 1245
975 2 754 1538
1424 3 577 1747 1817
257 1 1843
1266 7 409 682 1305 1369 1459 1801 1869
191 3 461 742 774
961 3 19 1081 1155
113 2 427 1630
1101 3 178 823 927
1861 2 40 1418
317 3 732 925 1063
558 3 956 1039 1472
291 4 25 598 1590 1854
189 3 335 1037 1610
1864 4 58 557 947 1918
29 4 434 1272 1775 1871
1613 3 249 919 1626
1181 6 307 359 461 524 990 1630
1785 4 36 366 538 726
436 3 529 808 1747
574 3 546 916 1969
152 3 134 795 1186
53 3 48 151 1004
1282 3 1092 1544 1651
1574 3 182 1144 1212
765 5 814 1172 1399 1536 1845
1348 3 248 669 790
268 3 271 679 1201
1849 4 1627 1719 1820 1830
902 5 879 919 997 1343 1619
1133 3 1436 1485 1846
280 3 626 826 1831
493 2 860 1510
1450 4 819 1001 1225 1505
1252 9 396 659 689 1208 1422 1771 1836 1912 1962
777 2 1217 1755
860 5 157 376 429 739 1200
1642 4 1340 1403 1750 1852
1328 8 492 679 881 925 1072 1131 1859 1955
1058 5 636 698 1041 1908 1960
1902 4 321 548 1181 1220
1608 7 72 211 314 821 951 1138 1706
1263 3 278 563 1034
325 2 214 1851
662 1 1692
1509 6 181 224 363 925 1648 1905
901 3 120 311 1963
559 5 84 115 801 836 1124
1487 1 900
82 6 460 636 924 1001 1068 1194
897 5 468 1512 1640 1775 1820
166 7 5 111 272 571 1581 1912 1990
1173 3 816 1318 1932
333 2 1626 1860
144 1 759
1586 3 586 1440 1608
230 3 577 714 1249
1564 5 1007 1422 1576 1730 1995
1918 3 664 758 1457
753 5 902 1102 1747 1776 1912
1943 3 643 871 1860
1487 2 394 976
1836 3 880 1284 1341
337 3 892 1492 1816
1836 2 1205 1752
1318 3 570 1050 1408
584 6 201 226 297 611 1110 1840
1354 2 1078 1766
1035 2 1021 1134
151 4 598 819 1508 1821
796 1 1073
979 1 1014
122 2 808 1179
317 3 40 52 1479
90 3 271 792 1724
1009 2 425 459
900 5 36 123 427 878 1825
1284 6 871 1150 1362 1547 1559 1836
1252 3 821 1203 1881
623 3 785 1222 1622
574 4 4 615 1658 1674
669 7 218 380 396 1716 1730 1736 1809
892 5 24 219 1302 1328 1677
822 3 643 1766 1959
1883 2 1702 1768
415 2 860 1499
428 3 86 322 1091
1104 5 1008 1137 1429 1640 1951
952 7 109 219 593 1001 1224 1831 1908
1809 1 996
1629 5 104 255 505 1692 1879
138 4 291 1036 1447 1688
993 4 234 871 963 1035
1136 4 584 1359 1483 1937
1247 3 242 256 1513
691 4 108 745 1441 1793
138 2 596 1507
284 3 538 1342 1664
1082 4 119 841 1036 1752
351 4 686 1171 1683 1857
51 3 741 1250 1558
856 5 1008 1035 1334 1407 1698
904 4 1408 1593 1705 1771
1646 6 72 777 827 919 1008 1869
1530 3 1358 1734 1820
407 2 720 1859
399 6 120 674 766 912 951 1974
1510 5 769 845 1140 1220 1955
696 2 1551 1855
1156 2 83 951
233 4 62 134 661 1005
229 1 1206
603 7 326 1103 1182 1387 1394 1863 1986
1110 4 165 520 1137 1290
1641 6 555 997 1473 1651 1879 1944
1128 3 24 215 1673
1841 4 651 1331 1350 1412
1376 3 979 1784 1946
900 4 810 852 1671 1909
859 4 83 548 1626 1900
302 3 1305 1869 1942
1252 4 668 1277 1326 1538
1579 6 463 473 871 890 1787 1809
1371 3 33 486 1886
191 6 326 720 1003 1328 1340 1460
865 4 325 534 739 759
1284 3 810 1010 1606
90 4 24 855 945 1125
716 6 182 321 948 1287 1348 1359
257 3 127 344 629
229 2 1020 1580
574 2 1115 1589
436 3 427 1500 1586
1403 2 295 1610
17 4 52 104 689 1816
1109 7 92 248 1025 1033 1599 1624 1996
993 4 569 664 930 1538
290 2 1317 1492
1510 9 248 525 823 1131 1417 1492 1650 1698 1857
1987 4 62 546 1737 1936
2 1 930
1335 1 792
789 5 94 109 394 719 1512
958 4 272 1453 1501 1696
1905 3 1005 1334 1351
2 1 855
990 5 257 488 1033 1491 1907
1160 5 533 1489 1829 1962 1983
383 4 107 127 798 1163
1315 2 115 1194
1924 5 9 496 1165 1305 1784
1476 4 19 907 989 1489
1573 6 257 667 754 896 1667 1948
1230 6 95 214 899 1518 1750 1925
477 3 497 677 696
1927 4 138 1774 1922 1998
1948 4 299 1114 1566 1799
1168 4 229 376 1008 1725
1383 6 148 402 989 1157 1386 1965
43 3 94 149 335
789 4 64 802 1354 1854
1396 3 1203 1634 1854
1919 2 387 1053
1786 2 121 1590
271 5 165 421 712 1589 1844
155 5 463 769 789 1624 1912
1245 3 548 882 1596
961 6 524 767 846 881 1021 1857
1912 3 1293 1358 1718
580 1 1665
988 2 156 1297
719 3 513 909 1810
176 3 40 820 1765
16 5 324 856 1107 1242 1990
1045 3 268 594 1217
1641 6 39 182 207 904 1348 1355
330 3 949 1367 1505
1337 2 1115 1220
257 2 1124 1914
1102 5 240 302 665 1725 1993
1523 4 254 525 696 1328
154 5 4 316 772 841 849
1910 6 107 435 642 1304 1666 1969
376 6 161 295 746 784 836 1882
160 1 1093
1181 4 45 1449 1575 1978
1413 6 292 520 535 1407 1818 1905
627 4 40 380 1508 1942
88 6 130 1428 1593 1795 1926 1960
1510 6 359 767 1118 1289 1298 1646
955 3 686 1532 1823
1646 4 307 1092 1182 1858
759 3 550 555 1163
1160 3 101 791 1871
1321 5 468 473 1090 1143 1238
559 2 194 620
1722 3 777 1048 1076
1884 3 153 226 1711
276 4 201 432 438 1872
534 3 574 1314 1752
1494 4 727 952 1590 1725
1044 3 335 472 1916
1371 3 271 783 878
1688 3 127 620 1535
1873 4 536 636 751 1004
755 3 24 629 1410
1321 3 525 877 1986
1574 7 492 789 1058 1341 1443 1512 1670
1616 6 218 235 884 1119 1339 1662
1564 7 177 440 958 1522 1631 1912 1923
924 2 1040 1673
607 3 556 661 1040
152 3 174 1179 1532
1346 6 21 696 1181 1430 1459 1913
507 2 635 702
120 9 45 194 421 647 1011 1024 1729 1830 1836
626 3 127 1364 1836
1844 4 823 1022 1186 1696
407 4 672 845 1627 1826
1344 5 761 1038 1133 1429 1956
1872 4 525 764 1593 1899
1525 3 736 1238 1682
1737 4 4 310 782 1962
1476 4 26 135 1202 1619
1144 5 417 569 811 1474 1639
973 3 185 774 1780
903 1 376
661 5 128 557 880 937 1324
1321 4 794 1588 1817 1925
1160 6 376 385 945 1326 1660 1956
1506 3 1235 1512 1865
1916 6 248 274 292 856 1189 1859
1327 5 155 569 1104 1271 1479
1348 4 8 337 759 1353
1235 5 911 915 1085 1160 1407
444 2 1045 1317
1790 2 61 1924
107 1 1064
30 2 784 1575
241 7 253 637 940 1045 1543 1588 1791
617 5 36 633 723 1076 1133
935 3 387 1293 1309
656 4 742 1187 1507 1924
131 3 635 1207 1592
335 3 1107 1566 1737
988 4 74 716 1423 1675
191 2 992 1433
492 6 429 499 675 904 1538 1721
1651 7 295 729 1078 1271 1547 1730 1798
1432 4 648 702 920 1114
191 3 473 649 1147
309 4 515 571 808 823
1792 3 185 1706 1930
489 4 714 1015 1804 1872
1198 2 1308 1542
233 2 385 1664
765 3 445 817 1912
1985 2 36 1905
1366 4 546 796 1083 1743
423 3 617 1272 1284
755 3 1327 1641 1736
1738 5 1146 1633 1660 1811 1998
1636 3 487 1327 1937
1510 5 226 1298 1308 1491 1702
413 4 11 181 314 594
21 2 849 1758
492 2 883 945
266 1 1502
115 2 989 1674
993 8 224 965 1222 1234 1303 1452 1692 1865
151 5 245 1159 1508 1835 1879
1593 3 913 1736 1760
233 3 512 594 1254
1546 6 693 990 1110 1362 1806 1807
1476 2 1036 1442
925 5 32 1037 1301 1483 1668
1210 5 429 475 536 1269 1932
41 4 659 756 963 1766
315 5 928 1351 1403 1542 1773
1003 3 282 1000 1631
1984 5 840 1206 1586 1683 1919
1494 5 227 1086 1267 1340 1912
867 4 535 582 1268 1474
432 7 86 417 584 778 1062 1248 1959
1927 2 344 458
222 2 302 1106
1575 6 440 644 1507 1811 1876 1999
161 2 1114 1233
1260 2 584 743
1091 3 595 927 957
1370 6 273 432 698 934 1581 1763
1408 8 211 517 668 674 714 993 1517 1533
759 2 676 815
1886 5 148 380 575 1099 1485
1721 2 1326 1443
1326 5 262 1085 1358 1475 1603
2000 4 114 452 1194 1999
1904 4 460 464 756 1938
191 5 310 821 1765 1858 1913
1564 3 441 594 667
1686 4 115 420 1541 1978
183 2 1104 1769
1674 1 1209
191 4 55 320 786 892
1432 4 566 1551 1769 1863
1074 4 479 1194 1588 1870
302 5 72 253 781 1212 1305
1476 4 720 1671 1730 1886
1509 4 108 219 384 1767
484 5 356 438 586 1022 1552
1397 2 1447 1784
1895 1 1728
1937 3 1069 1205 1784
378 4 636 1196 1671 1938
1883 2 479 1836
506 5 138 337 397 636 741
161 5 408 482 614 826 1624
1668 6 276 692 947 1355 1513 1593
277 4 147 234 595 1039
469 5 573 746 1229 1440 1963
1097 6 633 856 1020 1293 1379 1752
646 1 1697
1713 3 970 1010 1309
1291 1 183
1714 4 1177 1347 1359 1876
349 4 64 883 1145 1551
192 5 23 98 211 216 1308
848 3 178 508 1026
1008 6 151 448 824 1374 1651 1682
1476 6 70 135 482 487 797 1209
155 4 336 900 1318 1838
1139 3 517 906 1774
231 3 373 443 1187
834 4 126 1015 1074 1360
1275 4 445 646 1104 1918
1629 4 212 1107 1366 1807
677 4 185 961 1467 1499
1717 3 377 1364 1633
285 7 281 582 1039 1129 1544 1593 1837
1082 6 32 379 485 820 1351 1521
1721 7 268 500 877 887 1408 1585 1900
425 2 207 647
815 4 736 979 1091 1187
1519 4 1148 1220 1734 1993
1266 5 319 1169 1577 1694 1919
1377 2 1099 1146
1302 3 1611 1622 1917
2000 6 255 545 711 811 1329 1456
1498 7 216 732 767 1189 1454 1513 1758
307 4 823 930 1103 1165
154 3 331 468 1010
934 3 932 1032 1442
1815 3 193 1512 1742
1200 5 370 506 836 1810 1826
167 4 689 1326 1677 1811
1469 2 1684 1869
1679 2 188 1212
195 2 639 1948
1737 7 61 524 849 904 1322 1379 1879
1080 2 1090 1653
1234 4 434 455 1538 1733
638 7 177 515 940 1137 1234 1696 1912
1186 3 586 794 1825
890 6 234 677 828 996 1061 1727
543 1 698
271 3 1303 1936 1983
60 3 86 158 766
1962 7 40 499 716 734 1035 1436 1671
852 4 1399 1567 1751 1972
585 2 7 894
1320 3 414 1099 1207
1103 5 299 886 1417 1632 1823
490 3 1388 1495 1723
1104 2 1339 1532
1476 4 584 1080 1324 1855
314 1 1905
283 5 143 174 237 997 1791
524 6 729 820 865 923 1078 1276
1906 3 50 278 366
1252 6 177 569 619 682 819 1571
623 5 224 226 232 937 1255
2 6 253 713 1083 1760 1852 1935
1978 2 1685 1843
468 6 295 569 615 665 924 1139
514 4 739 882 1224 1799
1684 4 95 282 288 1754
759 1 1606
151 1 625
1442 5 384 790 819 1240 1723
1826 5 33 146 594 1729 1944
1075 4 535 1538 1836 1926
1374 5 248 1024 1048 1459 1610
1876 4 34 132 1829 1998
1330 3 1532 1747 1780
1196 5 107 249 250 915 1924
281 6 127 677 886 1440 1542 1678
1920 7 522 878 1123 1249 1369 1913 1935
560 4 124 222 316 1912
1364 2 679 1768
122 3 476 513 952
1026 6 9 185 359 556 1250 1440
1805 2 636 1212
1430 4 424 920 1443 1840
849 4 80 298 569 1470
414 2 305 1708
1091 4 99 888 1740 1904
284 5 427 548 1622 1643 1956
436 6 350 557 608 819 964 1980
924 3 653 1337 1769
1044 3 880 1547 1830
284 2 1337 1995
1905 1 517
560 2 1317 1521
820 4 646 883 1157 1743
66 5 120 498 522 669 1249
115 4 550 965 1511 1903
1163 2 748 1557
500 4 177 1012 1286 1680
986 4 171 631 699 1239
1200 4 840 975 1217 1495
528 4 143 719 965 1854
893 3 505 766 987
262 2 732 1471
1084 5 124 316 951 1610 1940
1963 4 643 1021 1670 1811
10 2 172 1180
377 4 460 997 1741 1773
1118 3 111 438 896
798 2 1622 1970
1292 2 276 1301
158 1 1743
267 6 425 468 1217 1650 1768 1897
856 5 420 714 746 1916 1933
399 4 171 211 212 679
1449 2 486 1055
1094 1 1791
1232 2 281 736
1718 7 36 81 136 444 615 716 976
75 5 525 952 1202 1667 1827
1576 4 239 350 609 1428
337 3 307 653 926
1748 2 757 1843
1279 4 149 669 687 1069
1748 4 793 1256 1831 1836
1042 4 700 810 1124 1474
1906 3 796 1048 1271
117 2 784 1559
1865 3 428 772 1565
759 4 134 142 475 1014
138 3 157 335 1837
645 2 242 1119
590 5 474 880 1653 1904 1965
50 3 288 484 712
114 3 102 1045 1496
642 2 649 1577
231 1 852
6 6 5 86 418 845 1198 1430
1773 2 37 1710
1564 6 132 281 652 778 1457 1954
515 4 853 1234 1353 1541
1395 5 474 648 1168 1417 1799
847 3 157 339 1367
520 3 216 262 1624
1631 3 9 1043 1449
638 4 185 665 783 1268
580 4 133 281 1532 1622
380 3 693 710 1936
34 2 1058 1123
800 3 538 563 959
1790 1 1038
1277 2 448 1034
92 4 282 1651 1714 1963
1913 5 61 111 778 792 1683
1356 2 781 1449
397 3 142 1535 1945
1900 3 769 1162 1596
1869 2 692 848
202 4 36 123 358 1163
411 2 647 711
1406 4 706 777 1496 1727
832 2 1000 1104
1374 3 417 842 1399
1738 2 563 1810
247 6 469 518 552 786 814 1945
215 2 1032 1058
462 3 488 665 1516
1690 4 474 839 903 1688
92 2 677 1091
1796 3 5 672 1538
423 3 70 274 1174
1395 1 1353
612 4 36 433 970 1986
1902 6 492 516 637 935 1192 1323
788 3 150 239 262
1535 2 301 1732
867 4 1350 1440 1845 1969
1561 4 520 522 677 790
829 3 338 1182 1197
1374 4 441 811 1289 1586
1171 2 465 777
1321 4 367 463 1009 1019
1254 6 25 175 311 646 948 1551
778 4 752 776 881 905
1355 3 61 1003 1489
1552 5 279 577 1001 1339 1664
1679 5 68 853 1020 1364 1694
998 4 516 881 1443 1795
41 3 86 123 846
277 3 920 992 1680
1007 2 252 1347
935 5 83 586 1254 1283 1479
470 3 90 884 1882
1665 2 1118 1317
691 5 1046 1154 1298 1410 1816
4 2 718 1556
1897 5 644 1025 1063 1202 1823
271 2 550 1843
1069 1 1201
251 3 9 248 659
583 3 250 816 1751
1334 3 1175 1229 1577
1708 3 273 1314 1521
1665 5 25 278 311 679 1197
1748 3 1347 1836 1944
548 4 254 490 1104 1930
804 8 619 772 795 1021 1037 1074 1293 1680
1690 4 657 745 926 1520
244 3 380 1857 1941
1564 3 517 853 1073
1849 5 123 161 595 751 1472
230 6 617 766 1287 1386 1552 1682
616 4 987 1101 1510 1724
1629 2 919 1999
1935 1 534
1554 3 58 781 1025
1296 3 1125 1353 1475
1009 2 513 1364
1335 3 1023 1317 1876
1827 3 846 1180 1205
829 7 500 712 838 892 1306 1560 1897
561 2 1297 1664
284 6 121 546 806 1538 1713 1946
1631 4 236 571 582 1648
375 4 534 1278 1684 1941
971 5 201 297 988 1362 1965
968 4 262 271 768 1317
1433 5 80 272 741 819 1859
1180 3 364 548 1254
1274 2 322 1710
1091 2 21 1892
11 2 642 1560
1620 6 52 181 714 1072 1370 1651
1053 4 538 1093 1148 1410
524 4 563 570 1002 1396
1183 3 256 746 1298
645 2 934 1487
405 5 37 431 696 817 1765
261 3 265 961 1137
436 3 262 1516 1851
33 7 328 563 710 801 836 1316 1532
17 3 1287 1560 1986
1468 4 1167 1441 1713 1773
475 1 774
16 4 325 469 502 1932
629 4 193 736 746 1685
1791 6 182 210 427 761 1869 1955
440 4 210 537 1085 1235
1685 1 1460
1383 2 199 1743
1554 1 1177
1166 7 310 948 1007 1110 1205 1321 1511
1731 2 795 1110
734 5 370 695 1399 1423 1596
1113 1 379
800 3 510 1556 1580
1140 3 702 738 1020
193 3 59 194 1160
425 2 907 1222
70 2 739 1732
1508 6 630 668 924 1024 1112 1561
1181 2 786 1304
1878 3 353 1179 1242
1638 3 1182 1525 1821
325 2 1082 1922
1397 3 992 1058 1440
1344 5 142 622 987 1773 1886
1297 3 147 619 1954
818 2 748 1551
544 4 808 972 996 1940
368 1 1495
968 4 912 1295 1383 1666
1908 3 996 1271 1918
866 3 358 1052 1567
900 1 1202
1151 4 187 324 1222 1321
247 5 48 52 821 836 871
193 3 1043 1160 1516
1265 5 389 668 757 955 1530
1753 2 647 1201
987 2 1271 1351
900 3 37 988 1417
1535 1 1140
691 4 281 379 474 1181
1128 4 74 98 1043 1287
900 3 573 790 1525
1620 3 59 379 784
382 6 182 335 853 899 1227 1968
1364 4 431 595 783 1516
316 2 335 1840
1354 2 1469 1650
559 2 227 1765
128 5 448 1125 1174 1277 1717
1375 2 465 1960
970 4 242 295 331 1610
719 4 311 768 802 1937
456 3 19 99 1848
1226 3 1001 1279 1956
471 7 250 577 746 772 978 1327 1771
1916 3 1140 1343 1804
142 7 289 757 878 964 1122 1272 1766
1344 3 630 637 1795
1852 6 171 620 1028 1058 1571 1751
74 4 112 295 443 1279
1649 3 581 1430 1608
1329 2 1508 1956
1976 3 234 1360 1697
191 3 1157 1471 1648
33 3 1131 1355 1589
715 3 836 1259 1904
934 3 28 517 1794
69 4 356 1198 1254 1440
566 7 732 1028 1040 1150 1295 1585 1653
1984 2 237 279
1432 4 533 661 1085 1740
1391 2 667 1913
357 1 151
1984 3 420 880 1137
1430 2 148 1684
1437 6 823 828 1200 1351 1388 1780
1136 2 1015 1956
859 2 820 1201
1862 3 249 1000 1682
407 3 32 276 1123
560 2 1187 1627
766 4 438 881 882 925
1374 3 101 1157 1936
1087 4 719 765 1160 1342
328 3 525 675 1380
1171 4 223 907 1719 1944
1737 4 288 804 912 1418
1196 3 1076 1992 1995
107 2 499 574
1315 4 1224 1576 1979 1983
677 2 930 1022
180 3 732 913 1846
229 3 68 80 515
1896 3 594 835 1820
755 4 134 234 1382 1408
504 4 1111 1134 1267 1474
272 4 337 488 932 1085
1121 4 464 881 1713 1973
1069 1 727
303 2 546 1107
192 2 1509 1972
1 5 473 563 649 765 1596
131 2 80 1085
318 3 51 1070 1966
325 2 634 1005
81 2 674 1316
122 3 794 841 1387
998 6 452 571 824 1580 1766 1784
16 3 105 142 1197
1496 4 1239 1290 1532 1872
1649 3 336 716 795
152 5 36 608 920 1382 1858
844 7 21 307 475 620 802 816 836
892 6 331 389 653 674 1083 1344
1542 4 280 307 311 1825
1457 3 1816 1884 1914
786 4 620 860 1544 1884
1795 5 739 909 1238 1293 1779
1257 1 129
1865 2 92 1008
1080 4 434 959 1080 1174
1132 2 669 1101
1520 3 416 888 1585
175 6 70 396 619 1033 1633 1999
191 4 424 776 1348 1606
1389 3 349 963 1547
1619 3 814 1293 1906
751 2 258 420
412 2 353 421
152 1 1354
1757 6 268 668 841 1567 1743 1940
1341 4 629 1348 1634 1770
365 6 622 772 849 1211 1473 1596
176 2 189 1640
598 4 102 359 418 1123
106 3 696 704 1358
1791 2 1304 1724
430 2 1007 1664
524 1 548
362 3 136 1436 1670
1943 4 444 900 1064 1110
1805 4 418 517 687 693
1843 2 1391 1591
1535 4 385 586 1502 1771
1624 3 201 965 1897
444 2 1055 1467
272 3 1211 1860 1995
794 2 526 1334
1413 2 248 1723
247 4 118 466 1002 1276
1976 7 134 192 227 826 957 1268 1483
973 2 1696 1881
1464 2 295 1629
1409 5 4 115 353 1494 1538
1009 5 74 271 637 822 1036
238 2 1116 1255
627 5 510 529 595 1314 1711
883 4 1324 1353 1500 1763
1435 6 742 904 1063 1155 1660 1973
970 4 611 988 1196 1599
396 6 155 1003 1452 1464 1510 1754
425 5 452 1015 1026 1593 1711
1344 6 44 1033 1341 1731 1918 1973
1266 3 1227 1567 1974
1985 2 123 1370
1815 6 582 806 1259 1456 1492 1576
539 7 648 892 976 1014 1025 1114 1717
489 2 581 1986
284 5 695 845 882 949 1924
1371 2 793 1648
1873 1 786
716 5 460 846 1354 1358 1561
1779 1 1150
1931 4 435 1035 1641 1926
368 4 319 377 1440 1766
211 5 334 507 1048 1400 1807
70 3 699 1139 1284
543 5 250 564 1303 1838 1897
1414 4 161 1301 1603 1751
1784 5 430 609 752 1256 1471
1721 4 59 510 1741 1763
565 6 769 887 1139 1225 1629 1634
1402 5 240 430 1070 1116 1380
6 7 52 1092 1138 1180 1396 1611 1665
1538 4 782 991 1410 1827
1539 5 508 1036 1074 1766 1923
1089 2 877 1518
686 6 118 571 619 1394 1423 1702
1038 3 864 1170 1725
1021 3 594 1008 1160
163 7 838 1046 1182 1322 1577 1659 1758
1701 1 1484
157 3 835 888 1810
1874 7 488 816 1255 1383 1556 1632 1682
47 2 1251 1309
1973 2 947 1211
1121 4 477 757 1283 1892
1045 3 1590 1892 1969
946 2 476 1354
306 4 0 255 745 758
1631 6 326 800 923 1084 1208 1728
1847 3 1302 1689 1966
988 4 24 367 871 1718
284 4 153 1150 1314 1354
249 3 637 1202 1530
1679 3 254 370 387
983 4 455 853 1857 1922
1378 1 1194
492 3 1407 1957 1978
1737 5 273 1045 1102 1648 1770
417 4 111 189 1092 1899
1227 3 488 856 1926
257 6 182 367 1175 1453 1593 1599
660 3 232 292 595
1137 4 63 1090 1167 1353
1616 1 810
1307 3 276 1178 1201
339 4 597 772 915 1168
569 3 459 1327 1436
1232 5 318 485 672 1691 1946
670 5 181 1069 1552 1675 1907
1370 5 387 550 1513 1589 1932
331 4 207 254 430 486
1416 3 907 1670 1734
1478 3 506 512 1220
161 7 189 512 711 1040 1224 1272 1870
1048 5 108 718 732 892 1203
279 5 120 387 878 1685 1978
1616 1 330
1030 1 1235
491 3 214 928 1684
1327 3 264 961 1899
402 4 28 557 1323 1516
572 1 223
2 4 36 675 1129 1789
1411 5 219 484 1144 1752 1979
753 5 105 647 1449 1508 1513
895 4 397 615 928 1593
915 3 768 1072 1627
1789 4 101 1306 1408 1993
1927 4 608 791 961 1011
62 5 52 420 905 1453 1838
847 3 214 414 1196
1623 3 174 860 1505
154 6 108 138 262 466 958 1525
815 6 171 183 1124 1441 1533 1926
27 2 1532 1574
89 3 229 960 1061
355 7 58 592 593 644 837 1259 1907
1968 6 234 235 370 587 1032 1925
333 3 358 767 1048
873 1 582
124 2 210 588
238 2 128 406
1200 4 172 183 963 1919
1125 4 492 570 640 1820
501 3 264 418 635
582 2 1431 1925
1233 3 174 1460 1766
1789 4 425 1206 1399 1933
1023 4 25 305 420 782
1464 4 475 508 745 1935
1527 7 115 1157 1369 1459 1542 1603 1760
1344 6 642 1091 1201 1306 1314 1353
143 6 58 987 1071 1167 1505 1665
305 2 264 1441
1153 5 123 235 1124 1233 1926
268 3 25 654 1065
1510 5 526 1101 1133 1308 1396
1708 2 702 1182
53 4 8 176 833 1793
1630 5 235 711 854 1192 1959
1181 3 248 774 1344
1010 3 386 394 754
1554 4 129 842 1418 1662
151 4 464 545 1487 1660
1937 3 5 434 1133
1141 7 199 212 394 665 668 963 1045
1166 3 516 1227 1968
1561 1 1691
224 3 256 713 974
1194 3 668 1643 1713
965 5 119 134 318 1025 1957
1527 7 63 127 245 820 1029 1517 1659
1934 7 189 664 728 754 958 1494 1627
90 3 648 1686 1999
296 4 676 828 1186 1942
1236 3 816 927 1674
793 9 800 846 1041 1125 1332 1643 1660 1667 1799
528 3 1405 1473 1580
195 1 377
1044 4 790 1148 1235 1290
448 2 8 1806
197 5 745 902 1045 1525 1685
1457 4 278 652 828 1567
1962 5 260 759 960 1464 1941
947 2 738 1303
1951 6 264 291 503 841 947 1918
1737 2 358 772
1898 4 20 62 767 800
1094 5 1306 1345 1446 1762 1992
1435 2 514 1023
630 1 1660
1016 2 537 1323
51 5 23 64 256 774 1426
1136 2 786 1329
865 3 349 1002 1640
458 4 710 884 1184 1525
243 5 146 334 823 840 1904
1875 5 74 526 634 1403 1702
698 3 9 443 1086
399 5 569 575 620 972 1701
1601 3 700 1159 1365
1389 3 259 1732 1899
1178 2 51 129
1249 3 645 1326 1831
1358 4 571 592 1626 1933
904 4 1144 1446 1673 1866
143 3 598 783 909
214 9 556 639 776 854 876 1092 1354 1429 1881
187 7 439 687 1465 1518 1538 1641 1908
1550 3 278 668 1326
1679 5 156 989 1590 1765 1908
793 4 24 280 324 1061
211 5 130 692 698 1683 1979
798 4 337 707 1102 1860
979 4 418 1159 1683 1835
1475 1 1222
126 6 98 522 631 636 964 1667
663 4 408 816 1064 1074
711 1 1269
11 5 105 839 882 1022 1665
580 3 246 322 1302
263 2 51 201
753 4 301 564 837 1820
1638 6 33 1122 1212 1542 1590 1979
1406 3 826 1145 1555
445 4 802 927 1195 1908
314 4 115 389 1196 1878
976 2 597 661
430 4 414 570 1355 1592
1710 3 52 176 634
1968 4 177 1256 1469 1913
1645 4 630 811 1305 1694
37 3 515 711 1650
1432 1 28
952 7 129 193 272 465 679 1110 1863
228 5 296 789 811 1419 1992
867 4 72 640 855 1116
1442 3 570 955 1992
137 3 511 1220 1678
274 7 299 463 687 1209 1500 1525 1754
1785 2 1710 1717
1345 3 63 584 1508
1691 3 130 1124 1556
1527 7 246 260 298 513 893 928 1200
847 1 919
1375 5 794 810 1086 1167 1995
1213 3 155 686 1505
1849 1 1774
1912 4 174 652 1035 1302
937 3 734 1829 1886
832 3 68 254 1301
1901 5 1091 1198 1268 1793 1909
492 5 112 448 960 1561 1775
1774 4 644 730 1302 1818
1773 2 94 1308
943 4 640 934 1689 1996
1236 2 307 934
1012 4 147 727 1124 1944
1647 2 522 1302
984 8 156 394 435 794 1045 1055 1303 1681
94 4 1155 1227 1429 1545
257 5 68 476 674 1063 1667
448 3 19 842 1417
224 5 192 334 518 910 1147
1727 5 159 460 648 1525 1706
234 8 307 672 698 836 1148 1549 1872 1899
899 3 1484 1487 1724
124 4 255 620 767 1146
1641 2 1362 1884
364 5 9 130 386 883 1768
524 6 58 581 1233 1675 1692 1960
137 4 20 795 1359 1628
1493 5 260 289 524 935 1043
854 2 595 1423
936 2 161 1456
195 7 151 793 836 989 1064 1272 1869
846 1 1068
317 8 280 581 1317 1706 1724 1747 1787 1863
771 4 1143 1320 1507 1697
1158 4 252 1129 1359 1650
1080 5 506 557 840 877 1626
1795 3 237 545 1968
198 5 47 963 1138 1341 1881
399 6 86 272 460 563 736 1021
842 4 990 1425 1701 1843
1866 5 729 959 1507 1538 1682
798 3 1020 1129 1827
714 3 556 949 1623
1520 6 476 479 505 989 1138 1708
1606 5 248 796 1083 1111 1446
603 5 158 482 1132 1713 1848
1929 6 211 1022 1212 1339 1362 1716
1701 4 414 706 1284 1963
1464 6 86 608 1064 1155 1418 1664
1153 1 1730
1252 1 840
1836 4 151 979 1677 1865
396 4 377 890 1010 1630
84 2 794 1178
442 2 907 1085
1788 5 344 925 1581 1843 1959
627 3 864 1012 1990
1260 4 74 827 890 1933
648 2 820 1118
1579 5 513 834 1069 1408 1747
62 1 1808
419 4 776 804 1511 1810
421 4 841 1118 1719 1779
476 4 1023 1118 1235 1645
471 4 508 765 1239 1254
1476 1 11
1166 5 711 783 1474 1878 1918
1517 5 792 808 1208 1825 1933
191 4 114 253 945 1217
228 2 26 1723
553 2 726 1239
370 4 629 1248 1933 1980
875 4 339 833 888 1428
1952 2 104 815
1536 4 452 882 1304 1974
965 4 1063 1234 1491 1566
228 7 175 635 835 1332 1362 1809 1980
1912 4 536 611 949 1919
1980 1 47
747 3 100 841 1242
16 1 1196
1624 7 535 584 794 828 1315 1863 1974
466 3 464 695 1342
1583 2 1456 1628
1721 3 1206 1316 1993
737 5 107 334 810 905 1147
917 2 841 1933
1275 2 1433 1645
1148 6 132 719 960 1440 1457 1992
1375 2 896 1510
1904 3 279 513 1306
788 4 7 175 271 752
959 5 17 1062 1505 1865 1944
1569 3 675 1021 1342
1892 5 92 161 1326 1362 1846
599 2 1171 1724
480 4 248 1534 1588 1678
1949 4 627 718 797 1024
213 4 109 772 1145 1588
1111 5 245 741 1321 1370 1869
1449 1 1474
409 5 0 272 282 448 1736
1836 2 260 1826
1264 4 114 337 996 1643
1423 1 1957
648 5 443 899 1651 1684 1892
1064 1 822
713 2 892 1064
1319 4 584 636 736 1422
306 2 1208 1736
1757 2 402 497
231 5 30 232 925 1074 1173
1263 5 109 709 1436 1507 1922
848 2 852 1394
1680 3 988 1521 1818
1091 3 366 900 947
1080 4 334 502 1333 1379
224 1 1040
1911 3 1040 1091 1544
249 4 178 596 879 1682
444 1 698
44 3 719 834 1011
1469 4 626 1046 1843 1866
1792 5 17 435 661 900 1165
905 6 273 281 743 901 1242 1882
1325 2 1410 1718
957 6 654 991 1014 1034 1122 1944
1097 2 777 1234
1712 4 71 640 1398 1793
580 1 36
1464 5 291 380 1520 1574 1962
1539 8 490 1169 1342 1343 1362 1596 1683 1973
815 5 487 916 1496 1502 1732
372 1 1304
89 3 185 1418 1780
191 1 1747
1254 4 140 990 1683 1793
1141 6 212 759 924 1001 1430 1453
14 2 512 1765
192 1 1386
800 4 156 282 709 1646
716 7 20 33 537 570 1086 1365 1732
1947 2 1169 1341
441 5 178 1283 1295 1743 1925
107 2 90 1591
1110 2 289 978
278 4 90 292 741 1331
839 5 11 288 364 1304 1830
962 4 279 429 855 1574
1523 4 99 957 1254 1936
1057 5 231 339 643 1052 1073
1752 5 47 1303 1471 1957 1986
269 4 387 730 1201 1787
1450 1 1511
1156 3 299 1500 1631
1276 2 104 1020
1160 6 24 661 672 1344 1658 1765
1709 4 159 711 747 993
1892 2 396 715
1717 1 438
1805 1 1851
131 4 183 406 557 1996
287 4 738 1516 1716 1730
1710 2 512 728
1230 2 107 1938
1819 5 790 957 1124 1229 1396
1023 3 189 746 1780
174 3 30 155 1948
520 4 153 177 182 893
1899 1 1050
1791 6 761 1339 1350 1383 1464 1869
674 2 485 646
104 6 7 152 229 1414 1640 1948
1442 4 98 358 778 1012
840 2 1552 1660
462 3 461 518 581
1335 4 661 711 925 1239
297 3 397 435 921
120 4 154 595 1698 1786
1641 4 81 158 1199 1972
291 2 1522 1769
1295 2 330 891
1882 6 887 1162 1304 1355 1428 1574
1509 6 1091 1137 1224 1560 1593 1968
1791 2 894 1296
1676 5 44 846 1192 1396 1511
630 4 890 1146 1629 1801
234 1 463
1428 6 48 214 466 868 1654 1688
201 4 148 956 1102 1366
283 1 661
380 9 387 555 778 886 1011 1065 1186 1440 1629
258 5 120 492 629 1419 1698
1105 5 132 337 356 359 1135
509 3 394 693 1112
800 4 761 1136 1904 1914
1272 2 64 1675
415 3 772 1580 1966
1873 3 219 279 507
1944 4 120 732 1470 1660
62 6 665 774 822 925 1053 1143
1078 5 548 1148 1238 1296 1968
489 4 229 643 796 1924
1097 5 34 112 1319 1478 1484
1070 4 80 906 1234 1449
1668 1 1685
349 2 463 1431
1836 4 518 1499 1558 1626
1250 7 219 240 1032 1123 1208 1410 1912
102 4 70 817 1391 1818
1836 6 32 299 335 406 635 1650
691 2 464 719
716 2 95 1986
1924 4 154 677 1501 1509
1385 5 257 439 726 765 1360
562 5 178 625 1342 1425 1776
1721 2 689 1913
1287 5 36 957 1073 1866 1912
1605 3 608 1592 1876
829 4 28 667 777 1293
1542 3 254 682 1590
656 4 498 642 992 1198
51 9 28 271 313 667 702 1323 1760 1848 1897
366 2 87 1211
103 5 397 886 1443 1725 1768
1435 3 121 919 957
1450 9 178 904 1359 1452 1737 1916 1923 1969 1998
1342 2 920 1544
1132 3 1015 1047 1809
1855 2 987 1541
706 1 651
1927 3 791 1023 1998
802 3 418 515 1295
1789 6 104 128 849 1165 1558 1680
1654 5 1091 1177 1254 1426 1798
1508 4 408 1271 1391 1869
1080 3 72 588 1050
1140 3 1086 1174 1339
1487 4 34 464 1561 1793
444 4 123 964 1020 1203
1232 7 268 353 1092 1187 1558 1810 1865
1203 4 978 1069 1555 1643
1629 2 104 810
1564 2 1298 1718
1371 7 454 507 620 630 698 801 1686
1152 6 150 219 406 598 1473 1682
955 6 108 511 845 1186 1259 1344
122 5 255 552 665 1541 1588
932 6 622 1041 1534 1675 1734 1904
138 3 105 1367 1714
152 2 364 692
260 3 199 1447 1865
1929 4 653 698 720 1956
1484 5 301 595 646 1774 1844
499 5 70 477 871 1360 1741
747 3 852 1758 1897
240 3 1332 1674 1854
1346 3 288 1681 1724
926 1 504
604 5 883 900 1225 1229 1399
506 3 143 1323 1630
646 3 878 880 1499
1914 3 911 1364 1470
313 4 237 1382 1706 1980
1544 2 1799 1917
1119 4 384 546 840 1631
1069 1 336
1552 2 102 214
407 5 171 324 465 1631 1789
17 1 1290
1737 3 782 1589 1811
753 2 787 1983
1895 2 475 693
483 3 454 758 1360
1641 4 439 839 1209 1511
1190 2 416 715
1634 4 550 972 1023 1622
17 5 787 1203 1459 1586 1674
1651 5 102 769 879 1182 1918
931 3 1353 1811 1878
1796 4 192 1024 1733 1786
1409 4 314 520 1021 1954
653 4 192 828 1403 1740
1583 2 1224 1725
52 1 1115
532 1 1575
1464 4 90 1590 1786 1909
943 1 1010
1966 5 895 975 1163 1278 1365
1460 2 1026 1298
1669 4 1162 1283 1343 1716
1181 2 135 435
673 4 925 1355 1724 1766
193 4 871 1499 1542 1624
258 4 288 644 1063 1443
1007 7 227 784 795 808 1387 1534 1611
52 4 664 1408 1619 1918
1597 5 975 1472 1916 1926 1993
62 7 28 185 435 469 698 1072 1940
1113 3 311 757 1512
1586 5 254 786 1086 1217 1640
325 1 1174
2000 3 795 1326 1957
1585 4 152 726 1688 1900
1082 3 446 1560 1664
532 3 271 1276 1787
1347 2 0 1866
954 6 1283 1430 1511 1713 1742 1786
1516 3 940 1225 1530
458 4 557 1041 1245 1948
549 3 654 1277 1937
1616 3 726 1303 1419
645 5 276 443 757 912 1871
557 3 335 1215 1804
664 3 252 692 1804
568 3 1595 1677 1730
1578 4 510 1196 1959 1978
257 3 352 1138 1465
1080 3 1078 1549 1769
1375 2 1516 1807
971 5 433 644 1240 1646 1859
1583 3 26 1643 1760
601 5 58 259 420 1623 1986
1652 5 84 319 533 1160 1688
1409 4 349 388 1496 1763
716 7 76 506 716 1026 1076 1234 1521
760 1 1648
1782 3 17 732 1399
1696 5 63 535 555 1835 1855
988 7 36 499 725 1019 1315 1786 1801
590 2 37 609
1634 3 265 948 1963
153 4 696 700 1090 1725
453 2 989 1692
1510 3 463 1794 1908
1384 3 507 1630 1900
1487 4 466 1053 1220 1394
14 2 785 1561
303 2 1538 1680
841 3 1003 1118 1277
1048 4 136 746 1165 1763
1214 3 258 1267 1829
865 4 232 1403 1442 1801
460 3 151 280 1726
124 2 674 1408
1903 3 232 634 659
1002 3 135 1091 1872
32 5 758 767 884 1068 1756
1906 6 36 224 597 1104 1423 1640
949 4 1269 1316 1492 1565
347 4 642 951 1541 1727
719 5 520 1567 1629 1835 1836
1777 9 120 156 248 496 686 707 811 1400 1827
115 1 1733
1608 2 839 1259
1132 3 619 765 821
1275 3 1034 1321 1365
1040 5 142 761 1496 1538 1823
682 4 206 378 639 1859
1778 3 39 622 1510
1101 3 433 822 1691
59 6 172 1073 1575 1697 1749 1810
1011 2 289 1092
1710 2 782 1990
840 3 784 1187 1766
1164 4 80 339 506 1137
977 3 824 1580 1776
1185 4 719 906 1691 1705
1704 9 328 466 536 1321 1327 1479 1501 1776 1846
483 1 1276
1028 1 1963
88 7 245 652 849 1249 1509 1751 1758
1392 5 118 1129 1331 1474 1740
323 2 1728 1923
747 2 1064 1884
1786 6 378 387 1005 1267 1309 1995
599 5 6 380 752 978 1180
524 2 474 849
591 6 639 895 903 1168 1446 1905
26 4 24 104 1429 1631
1510 5 101 353 1155 1194 1758
1625 5 140 794 1065 1169 1331
788 5 272 849 1063 1081 1698
177 3 11 636 1189
1069 4 336 410 709 1622
1717 3 1028 1686 1909
494 6 245 334 596 696 1002 1660
1621 5 120 264 784 1171 1718
970 3 1581 1922 1948
1413 3 425 1082 1734
615 6 171 490 511 800 1035 1872
1521 5 165 637 645 1334 1472
703 6 226 876 1135 1501 1645 1750
1909 1 1192
66 5 474 661 1290 1857 1931
1083 4 514 853 927 1155
614 2 410 911
1146 5 785 905 934 1160 1603
1968 3 465 1752 1978
908 3 23 1654 1829
1080 4 291 339 566 1993
1856 4 745 767 1430 1752
1016 4 767 958 1104 1379
1919 3 879 930 1235
1291 2 314 702
1196 5 915 1074 1426 1478 1977
1246 2 338 1829
229 1 37
288 5 837 1009 1043 1892 1968
595 3 36 452 1729
719 4 40 573 919 1566
1912 2 1046 1557
532 2 615 1859
1490 2 563 1808
409 2 742 1808
1173 4 652 1145 1171 1908
1599 1 1719
89 3 23 155 482
1738 5 215 1208 1737 1741 1775
158 5 99 996 1419 1740 1836
1828 5 150 165 839 930 1818
880 4 64 223 1255 1321
319 6 550 676 726 1034 1334 1646
257 3 674 1195 1592
732 7 388 417 575 990 1192 1302 1852
22 4 492 646 782 1469
1743 2 751 1838
1915 3 500 925 1681
262 5 55 133 291 1078 1942
1132 4 595 637 1358 1749
1027 4 642 669 738 806
1476 4 206 1134 1686 1705
1899 2 698 792
1851 3 609 630 1909
62 3 1201 1205 1684
1148 3 1543 1608 1908
1413 3 1382 1851 1992
228 1 1454
1375 3 129 620 1694
1039 2 271 434
191 3 704 1545 1665
1069 3 358 1725 1933
1298 1 909
407 4 511 945 1020 1106
562 1 919
1173 4 824 1222 1755 1938
1905 4 397 1254 1431 1956
1260 1 1946
1056 3 1217 1341 1525
90 4 176 593 1675 1685
1190 3 11 823 1626
305 4 550 836 1202 1555
1580 2 1414 1913
859 3 855 895 1972
842 3 61 1251 1593
1192 5 47 764 793 1197 1977
1371 2 90 1324
1181 3 595 1038 1125
302 3 87 265 1255
399 2 987 1362
1174 5 149 212 454 643 1323
268 2 249 993
1465 4 496 525 665 1284
10 4 766 871 1900 1905
439 5 146 582 1436 1467 1662
415 2 421 1209
1630 1 1872
1710 4 725 1070 1517 1872
1789 6 376 557 730 1306 1475 1817
448 2 745 1619
1565 6 295 910 1110 1836 1855 1983
713 1 689
1990 3 188 1092 1670
1470 4 810 1394 1507 1577
1815 4 848 876 1688 1933
1056 1 408
653 2 336 542
1097 2 687 1182
1560 4 24 1355 1645 1937
788 4 849 1131 1760 1970
1607 5 288 622 726 955 1575
1024 3 33 1093 1653
1080 7 120 129 155 584 645 723 1917
765 3 344 1196 1632
1346 4 546 586 797 1021
1587 5 353 767 1320 1341 1354
1980 2 801 1043
746 3 108 512 727
1162 4 692 758 880 1116
716 4 185 273 611 1769
43 4 83 212 1125 1857
885 4 587 1336 1752 1840
1083 3 747 905 1930
450 4 952 1353 1360 1619
1963 4 344 1078 1225 1284
1338 2 1743 1848
1491 5 83 366 865 1124 1938
191 3 373 822 1471
965 1 693
1494 4 727 853 1341 1677
1084 2 6 152
580 3 758 1199 1511
1826 4 126 149 783 1207
1094 5 30 474 736 1212 1222
1290 6 143 192 257 876 1665 1904
1985 4 470 915 1207 1469
927 4 1041 1492 1561 1935
696 1 204
22 6 311 1035 1492 1726 1866 1935
1668 2 653 765
1757 1 987
1944 4 61 828 1520 1999
816 7 229 835 1323 1447 1449 1729 1955
1747 1 1493
599 3 397 1061 1460
1449 2 299 1090
1980 5 149 1933 1945 1955 1959
807 5 130 204 485 617 1351
1744 3 892 1092 1727
274 4 492 767 1610 1858
90 2 5 86
835 1 738
258 3 310 475 1808
1113 2 1566 1908
1238 5 334 649 1518 1912 1977
648 2 105 720
829 4 364 472 1364 1620
247 4 136 1154 1254 1845
637 3 1004 1269 1483
45 4 653 1575 1865 1930
691 2 9 937
1520 3 51 109 1208
181 5 214 882 1459 1817 1820
561 3 952 1062 1811
785 3 720 800 1780
1329 4 150 854 1114 1900
421 2 463 1058
347 5 326 1055 1675 1909 1918
1185 3 181 730 1518
729 5 473 915 1791 1846 1999
1156 2 911 945
1628 2 808 987
1479 4 248 490 849 1843
752 7 795 878 1144 1517 1776 1878 1981
1497 6 44 288 765 793 794 1648
43 8 20 895 975 1220 1254 1680 1791 1965
1789 3 25 255 1960
734 4 4 883 1150 1909
845 7 20 62 94 736 795 1284 1610
909 3 947 1366 1516
940 3 237 675 1358
691 7 595 788 1492 1508 1575 1668 1798
1189 1 1999
1476 5 265 856 1510 1544 1810
370 6 486 910 938 1670 1698 1840
1771 5 146 815 927 1276 1631
552 2 134 296
937 4 636 788 1830 1860
611 4 937 1083 1543 1944
805 2 242 1682
84 4 507 1769 1993 1995
1050 3 165 581 1106
970 5 187 545 938 1179 1590
1326 3 118 1233 1648
1134 2 148 1492
1601 4 189 373 1509 1776
561 3 741 871 1173
380 1 1580
36 3 698 1245 1622
951 4 387 720 1011 1500
483 5 648 782 1383 1773 1932
1836 3 376 1277 1295
691 2 440 1956
871 3 189 713 1517
851 4 596 965 1334 1725
1252 3 729 1321 1998
1375 2 1327 1751
1136 1 1913
191 5 316 354 513 1581 1820
1164 3 201 1234 1730
1344 3 159 473 1478
829 2 199 1316
1985 4 0 260 625 1585
1691 4 114 1333 1767 1884
771 4 212 504 1180 1454
281 2 126 800
339 7 262 938 1037 1199 1304 1433 1467
1841 3 74 1327 1608
1791 2 1240 1558
1849 6 370 498 1081 1093 1768 1993
1867 4 94 258 402 777
1886 3 1374 1659 1771
288 5 150 883 909 987 1011
1991 3 504 951 1433
120 4 748 1076 1146 1331
283 4 134 151 472 772
940 2 855 991
840 5 768 915 1245 1414 1817
154 6 140 214 482 1249 1817 1937
1968 2 321 1658
1202 5 330 463 487 1150 1871
108 5 240 339 644 706 1521
169 4 723 758 1322 1383
1252 3 172 454 1173
347 3 570 640 1136
947 6 59 232 235 468 891 1293
1213 5 194 246 1034 1199 1217
1122 5 81 815 1007 1120 1333
405 2 260 1932
1064 2 1033 1919
1541 5 23 336 777 1154 1951
1442 2 84 1580
1132 5 174 430 1429 1441 1565
1078 3 592 766 1014
904 5 147 420 1002 1328 1740
1912 2 913 1035
830 4 248 318 1400 1561
399 4 4 596 1179 1295
1886 1 178
1883 4 72 798 883 1545
451 3 1200 1643 1836
1437 4 30 282 675 1840
1974 2 1198 1624
1339 6 255 319 965 1154 1619 1632
477 4 366 377 642 1973
1764 3 895 1508 1719
867 3 887 1029 1341
1137 8 64 370 555 789 1005 1102 1522 1816
10 5 824 1028 1345 1347 1414
1695 4 513 1092 1211 1760
1785 5 74 654 1147 1442 1837
1790 4 745 956 1620 1765
1657 7 50 410 876 1353 1467 1603 1903
981 1 1955
1392 3 81 699 1560
29 5 325 695 788 896 1937
1922 4 645 965 1168 1626
976 4 853 915 1103 1314
1030 3 322 445 1289
1854 1 1567
430 1 619
298 3 373 788 1064
283 3 25 700 1629
449 6 134 718 993 1058 1267 1634
910 3 864 992 1489
26 4 1150 1167 1547 1760
974 7 124 250 794 1046 1628 1702 1998
1024 3 438 1441 1925
159 3 367 758 839
449 5 5 11 389 1023 1350
775 3 768 1407 1916
686 4 880 1063 1068 1419
214 6 165 526 856 1323 1430 1559
528 5 1068 1305 1344 1520 1999
901 2 475 853
1475 2 696 877
1737 5 302 1225 1240 1535 1973
775 3 464 720 1558
76 3 84 787 1320
1912 6 108 339 373 822 1341 1771
1326 2 738 904
1428 4 47 767 1155 1522
80 3 1705 1714 1965
732 2 90 1771
131 3 878 952 1938
662 5 297 1087 1112 1387 1664
1344 5 70 246 298 518 839
836 3 759 1713 1854
1924 2 76 107
1105 5 806 1225 1380 1586 1688
1874 4 570 900 1771 1990
1943 6 276 615 788 1309 1403 1633
891 3 52 725 1823
1776 5 526 652 1162 1359 1588
53 2 305 1863
898 2 715 1323
459 4 37 564 1491 1729
483 3 464 651 1628
1933 5 702 1119 1324 1345 1807
1355 6 593 1023 1133 1579 1596 1905
13 2 181 848
1297 1 455
288 3 1045 1809 1906
1389 3 794 1454 1511
152 4 86 865 1278 1286
1140 4 183 363 1001 1255
502 1 1795
1735 2 881 1323
562 5 324 734 934 1763 1794
932 3 434 769 1167
1670 5 842 963 1001 1224 1742
1105 4 147 574 819 1016
11 4 630 637 1165 1351
795 2 919 1786
460 3 482 926 1168
1865 6 487 1000 1192 1220 1660 1794
1000 2 769 1795
1307 4 102 651 1331 1341
207 2 1337 1608
940 10 428 438 571 642 759 787 819 991 1503 1545
1945 6 854 1433 1512 1547 1732 1857
524 3 634 879 1022
957 7 4 310 784 879 1472 1956 1980
1383 5 17 727 746 1328 1470
229 2 1491 1972
1920 4 1410 1522 1543 1900
478 5 123 152 879 1272 1304
1606 2 148 1369
1721 3 279 305 1684
1854 2 1195 1801
1712 2 584 679
1905 5 8 713 1776 1835 1948
848 3 207 783 1837
1148 4 1452 1683 1942 1946
1873 2 72 1269
936 1 919
1744 3 409 934 1496
745 2 511 653
51 3 947 1003 1566
1171 1 225
1785 2 1118 1155
742 3 87 1180 1914
1467 6 439 717 768 791 1651 1940
1906 3 402 990 1125
1599 1 1955
337 3 292 499 1387
151 2 1628 1706
1299 7 5 356 546 575 920 1314 1453
1543 1 352
230 3 644 757 1446
1075 1 1696
686 3 291 704 991
1265 8 475 500 707 793 837 1350 1576 1653
1166 3 1073 1172 1494
571 4 211 336 1171 1491
1599 2 1347 1577
1712 3 505 640 1178
1818 2 19 997
1371 3 356 1290 1731
1676 4 182 535 1140 1388
1488 4 659 1301 1512 1718
1509 2 1631 1726
818 1 1003
1392 3 1173 1686 1698
784 2 364 526
1717 5 877 1022 1175 1279 1677
114 3 1167 1673 1793
1210 2 25 1924
1968 2 282 1026
51 6 194 535 713 788 1478 1977
772 5 550 945 1576 1732 1840
1824 2 1115 1959
1624 2 1417 1509
100 1 515
175 3 989 1286 1489
1791 4 246 330 819 1388
816 1 1079
1685 6 761 1008 1342 1886 1906 1959
707 5 136 264 339 1201 1317
903 4 193 377 845 951
1370 2 1040 1455
1504 5 240 1116 1181 1256 1930
474 3 1039 1062 1499
258 2 322 1459
1980 2 207 396
526 2 1116 1799
1224 5 107 627 777 1026 1379
421 3 120 766 1698
722 2 928 1276
49 3 161 1061 1664
798 4 686 904 951 975
1710 4 596 899 1418 1675
1617 2 425 1980
1565 3 25 63 155
904 3 313 1308 1851
1043 8 94 140 325 706 909 1429 1522 1552
1258 5 883 905 1040 1532 1622
1422 2 477 1305
1528 4 102 934 1192 1758
674 4 937 1139 1403 1935
1091 2 224 1150
1435 5 70 149 211 756 1140
441 3 958 1430 1795
759 5 302 319 712 1350 1380
397 4 408 633 752 1289
1588 3 637 884 1289
1676 6 50 72 339 696 906 1028
483 3 111 795 1731
646 2 120 841
1291 7 23 70 183 571 1355 1963 1972
1550 1 172
937 5 86 157 1660 1766 1865
1638 5 95 296 710 855 1116
1176 4 17 1084 1195 1284
646 5 183 319 888 1052 1923
593 4 536 937 990 1272
1973 2 714 1383
1778 3 408 1259 1965
677 6 686 1202 1328 1369 1878 1999
1583 2 569 811
1260 4 274 1302 1509 1681
1485 3 713 1033 1857
1963 6 206 350 855 1000 1347 1512
448 2 1283 1932
1811 5 171 178 255 445 920
934 3 207 219 1793
1883 2 596 1923
348 6 55 264 806 1502 1505 1970
1841 6 72 155 814 1189 1633 1917
1805 1 250
1169 3 730 928 1179
455 4 199 506 772 907
1371 4 80 1174 1906 1919
151 2 979 1000
497 3 817 1070 1283
1980 1 1713
1002 7 470 706 952 1080 1093 1599 1606
1119 3 689 798 1182
1669 3 657 767 1733
1861 1 1860
1896 4 497 841 958 1040
1380 2 486 1072
267 6 257 505 1314 1419 1591 1710
1641 5 634 1080 1145 1741 1767
1991 3 459 1518 1845
696 3 32 1683 1945
583 1 1870
1749 6 434 756 910 1073 1541 1560
1810 7 108 581 856 909 1380 1491 1838
900 6 102 150 793 1555 1747 1951
1872 6 95 746 987 1104 1147 1835
845 5 754 1118 1222 1449 1773
314 6 555 786 1627 1680 1857 1993
970 6 107 236 550 614 921 1492
412 3 17 821 1460
399 3 751 1062 1298
1315 5 791 928 1111 1345 1407
282 4 473 649 804 1112
1991 7 236 587 700 924 1177 1576 1670
92 2 135 895
1315 5 146 189 459 726 1092
569 3 461 512 1277
492 4 973 1362 1762 1914
1101 5 219 781 783 1167 1820
138 4 87 414 507 1977
1836 2 742 1566
580 4 107 887 1321 1505
434 5 281 505 1157 1201 1858
50 3 99 1551 1897
1791 5 171 503 727 1197 1758
357 3 1820 1884 1993
1820 5 619 696 935 1023 1626
760 6 431 440 1351 1794 1826 1881
124 2 353 839
686 5 490 647 677 702 1628
1371 5 76 564 1129 1195 1369
1608 3 9 849 1872
904 3 379 388 892
1966 4 260 1004 1509 1973
1493 2 1034 1091
736 4 192 421 1010 1653
759 1 754
892 3 44 313 325
845 4 729 893 1502 1808
1048 3 0 871 895
362 2 207 1417
375 4 545 821 1005 1979
1428 2 790 1328
1297 2 215 552
894 1 1333
1091 4 646 1248 1418 1998
719 4 112 259 1135 1567
1433 2 153 848
43 5 92 1751 1793 1863 1878
1973 3 98 645 906
762 4 438 448 1287 1858
988 3 1008 1268 1686
127 2 1595 1879
977 5 586 726 802 1315 1728
32 3 227 311 1039
1842 7 62 420 1209 1315 1791 1846 1963
491 3 291 634 938
1602 3 765 1362 1733
560 6 210 313 1120 1199 1494 1706
1606 3 511 593 772
506 2 402 879
497 6 222 314 470 761 1485 1854
903 3 789 1014 1062
319 3 751 1651 1948
1962 5 25 330 469 1459 1536
1836 1 723
1105 3 935 1041 1485
1148 3 8 1112 1938
1564 3 84 1542 1826
1527 5 193 289 319 598 1070
1678 5 216 1137 1187 1340 1810
1516 5 32 756 1340 1407 1547
1823 2 510 746
152 4 488 518 719 1787
263 3 535 1398 1681
475 6 136 153 525 1029 1180 1946
428 6 223 594 810 1634 1905 1930
1327 5 164 337 502 1879 1940
1118 5 535 652 836 1425 1662
1618 3 570 827 1500
1124 3 634 1020 1087
288 6 714 901 960 1078 1080 1957
12 5 210 736 752 890 1212
440 3 687 1314 1441
1510 2 1295 1691
638 5 130 881 1165 1382 1851
1944 3 397 1139 1541
1578 5 550 1032 1241 1789 1857
26 2 1037 1557
1263 1 461
1668 1 833
820 2 1542 1829
1665 4 704 964 1593 1670
432 5 143 274 868 956 1408
1608 4 311 592 814 1686
1583 4 808 892 1038 1224
1200 6 278 787 1063 1091 1235 1436
1630 5 668 1045 1064 1278 1350
1954 4 55 1125 1622 1691
278 7 52 260 454 689 1268 1590 1734
734 7 454 499 717 1353 1593 1666 1892
269 3 665 1590 1942
775 5 178 249 1114 1172 1549
1972 5 296 1586 1628 1717 1831
975 2 389 1591
636 4 239 316 514 1336
775 3 240 725 887
89 5 129 376 1433 1630 1733
998 2 1533 1919
1794 6 250 615 649 989 1071 1469
717 4 1016 1103 1500 1723
1260 3 24 626 712
1030 1 1794
1665 6 146 428 712 718 1082 1959
598 3 30 378 1005
1633 4 508 710 1408 1881
155 5 123 725 1040 1355 1724
192 4 94 414 903 1112
760 4 738 792 1433 1721
1474 2 454 1457
1964 5 563 715 900 920 1990
1690 3 609 1859 1993
1488 3 30 1187 1866
155 1140 1816 4 582 120 1914 469 1073 1136 1919 246 199 1702 1556 710 1211 420 1412 146 1184 915 842 1342 1536 1935 388 1344 1150 1447 386 288 158 635 1740 537 1301 1417 1353 156 1692 1025 1135 1020 310 1886 955 1320 1977 960 464 1112 328 686 1341 747 1962 1993 1793 235 868 1181 1525 1505 193 1256 349 887 458 535 1914 297 611 182 1575 1171 1639 1924 1298 1551 1255 289 945 1471 1234 104 904 1495 1408 33 1658 1747 1500 1977 1041 152 642 1977 1776 1925 1940 1403 425 1043 1884 1425 1732 219 1495 1303 1011 598 1455 1047 979 182 1938 45 1963 1840 1472 1134 1138 546 903 1500 1626 1671 1148 1173 1175 1501 1350 566 785 810 1962 1630 271 1493 653 23 1633 798 1821 816 1844 1619 265 1925 1872 1919 126 434 74 1297 128 1227 916 138 928 1999 183 1079 596 1701 1716 1074 827 1055 1016 1083 826 1633 1417 1473 40 515 1187 72 1960 1144 134 242 1489 1718 373 573 503 262 1068 1254 713 806 732 253 1517 1052 101 718 236 378 649 1493 1167 669 410 79 1442 1623 1399 1157 902 871 430 36 550 1040 1660 215 265 786 1116 468 1396 174 439 625 927 177 1367 9 538 1041 206 1827 464 1120 1269 385 516 1535 1101 1646 719 880 1277 1829 963 1510 1619 504 1160 777 1820 634 1107 1177 692 397 1897 1327 80 225 254 1194 776 1103 1545 533 1046 642 1024 1872 245 1061 911 1072 1318 951 1408 1541 702 1551 1577 124 1233 1388 711 1428 1110 1469 1718 104 1333 302 1756 1900 187 1774 1080 1908 6 1735 738 745 1010 1295 916 211 1316 577 1129 546 132 350 796 1551 322 26 1665 1473 1465 899 1465 556 1491 802 1119 1250 1082 881 62 674 1754 1487 766 1552 204 307 895 1145 972 136 707 1544 798 1009 790 1394 94 550 1899 1267 894 1579 1725 598 983 761 566 1995 1675 1513 821 1227 1196 1016 305 8 364 249 1492 231 324 1414 1022 47 1023 1717 1817 1364 695 652 210 575 905 584 1516 1062 664 636 1449 1087 498 1996 1484 1138 1697 507 1224 1760 758 657 1354 245 1484 1577 1892 1719 1653 1956 801 1606 6 845 310 545 1187 1857 1714 320 1278 1298 298 376 1423 476 307 157 1093 846 932 1923 1063 759 1716 906 596 960 339 1370 126 102 792 651 1567 626 432 1913 727 1899 249 273 172 1447 1374 1220 1187 1106 569 1734 121 1866 633 465 1511 891 891 1114 668 1557 109 787 4 1122 1799 569 388 1332 1115 295 147 1007 1331 25 105 765 833 1811 1855 1708 23 1705 479 504 1752 1467 1914 465 778 1681 129 1251 1589 1333 1063 1000 1835 218 1763 1069 1016 1538 1187 1627 149 57 1610 1900 1599 510 1087 1034 1696 1846 617 470 1084 1511 1064 1629 1412 1576 1225 534 1020 1751 311 64 1278 1211 892 1087 1758 717 57 1023 1556 229 1125 460 1965 1710 1942 1336 1502 1628 32 1440 148 949 1969 1765 1000 1608 63 840 1111 1937 1283 344 990 1238 1297 1124 1876 389 717 734 1561 338 1823 1532 81 1209 789 1542 959 164 1033 1567 1747 909 746 957 331 781 222 1208 1019 7 836 30 1955 34 425 522 1770 1110 1496 1144 210 335 1906 434 296 1277 464 1143 1779 1685 1485 1155 990 1195 322 508 1918 194 157 1692 222 594 1872 250 586 259 507 906 319 1436 1412 1811 991 1793 1970 840 514 1412 1092 318 1692 1289 50 1645 709 316 164 1045 1058 839 384 1277 758 1608 1829 1541 207 61 1577 20 884 976 334 1547 1589 1483 1144 1487 622 127 1442 1719 142 1879 644 1391 1353 617 1646 424 757 433 1749 1087 292 1881 380 720 796 1694 255 1736 150 555 992 871 1825 882 305 1521 264 1716 248 441 855 1787 1023 1634 1691 224 1379 1926 1014 823 584 672 1571 234 901 1525 713 896 1321 354 1003 418 978 1740 1884 1611 1863 983 619 1336 61 291 272 940 1980 1675 1443 428 882 1354 629 1278 1665 1464 1677 727 1123 500 229 1337 1317 1678 189 1107 370 406 492 1455 913 353 429 1727 1755 1478 1674 126 118 1234 783 497 1029 1680 1202 795 1818 800 133 51 1670 1021 87 112 1173 452 1830 815 76 475 679 743 1766 264 1163 1658 154 1399 1430 1359 1217 877 1078 1767 887 1662 1012 1610 808 1032 677 879 853 1429 265 517 226 1631 363 1566 1592 380 1314 337 1305 625 1865 768 1585 1727 408 1575 1062 1673 631 643 840 156 1364 440 280 1558 1062 1069 338 938 828 548 1296 134 1440 318 640 1973 1923 1992 507 1872 1640 1930 587 783 715 1668 1603 893 100 40 1383 952 990 1296 123 582 1478 201 1689 84 123 210 1754 838 1762 569 1256 1666 776 1821 1382 61 192 630 336 1653 1102 1134 1535 1516 695 651 730 479 490 1071 725 328 1492 1567 1806 1347 1948 1724 1016 824 924 1518 1791 1362 1200 201 676 1400 1786 438 370 1104 588 1143 1734 439 1648 1245 276 1708 439 706 1122 507 934 1248 1654 912 956 181 70 1648 693 1827 828 1168 105 1163 232 1549 1823 1620 119 1711 1937 1147 1639 1962 268 1350 1624 1970 1966 1112 1626 225 1122 781 1326 1619 429 1091 1854 819 1215 1765 1104 1050 1370 1641 1999 620 1811 1503 1629 34 704 1843 1297 1479 1876 987 661 696 1443 443 40 881 1155 1279 890 226 649 1309 1197 729 1087 44 55 529 227 1774 175 1167 314 402 787 1055 1326 1907 1015 1589 611 499 1251 282 468 1973 223 330 1329 793 216 1170 84 37 1686 1272 1019 581 525 34 868 1090 1533 19 496 1611 1365 675 435 231 443 32 258 989 615 68 1302 1935 140 661 1795 665 459 790 1740 1808 307 237 1414 752 542 1446 1491 358 1858 149 573 1207 1143 473 822 1036 1398 761 1730 157 359 996 522 1593 1855 689 5 787 1968 1035 1916 1859 894 1955 1574 1767 1494 1407 1340 1055 1473 1470 801 127 1259 1631 909 695 425 677 1009 649 322 1053 1111 249 853 408 961 161 1840 1730 1306 378 896 1798 1174 1750 510 783 828 1728 245 571 1475 1422 1499 1019 535 1328 1386 698 947 126 1314 115 1366 935 1698 1259 852 1167 385 854 94 1830 164 299 1099 40 840 1485 314 127 1290 778 1180 1008 1809 1751 388 1596 486 592 1101 1276 718 1135 307 597 1962 1028 1147 1599 1775 1297 48 506 920 1731 1454 1685 414 1804 135 1545 71 1039 1081 1786 821 1235 627 239 1954 903 965 1179 468 1169 136 1441 1682 409 1206 1298 776 614 537 1170 1386 1872 1932 1723 1324 1047 445 1446 6 1493 1559 525 1341 1818 517 1743 1957 827 1678 1801 837 1981 1186 1826 1065 416 50 1721 1241 1290 396 840 888 1205 1532 1286 1403 377 1870 742 1360 1727 1150 322 1301 1590 1192 529 165 274 39 1555 11 1886 592 923 841 556 472 947 1076 1085 1419 1766 900 1653 1332 289 280 214 1899 732 1155 1623 1622 1245 1509 518 1074 592 736 281 964 1139 910 111 1091 52 1671 1355 904 1319 59 1403 387 1353 90 1881 435 427 212 1343 1102 21 1456 185 1811 1836 798 1931 356 810 1713 1686 1632 95 1580 1271 1004 92 301 1358 1931 1394 1386 1807 811 1990 1945 1454 1315 827 739 1780 313 698 1838 367 1565 1414 788 949 1322 1926 1227 1904 1733 1603 1532 58 461 1391 1284 860 930 1595 1162 1134 715 223 1714 1591 63 1483 718 1706 151 878 865 626 98 1643 1512 1500 1459 252 1501 520 768 448 1558 552 1688 1990 1165 795 714 465 1740 575 34 1256 1007 446 1314 720 665 1155 524 142 1773 791 1957 1433 1124 1520 817 1507 1360 1209 1271 1963 935 188 930 1159 1430 1804 1740 1623 926 992 178 1196 153 469 907 1509 1651 1336 893 492 849 665 925 47 1946 1664 895 107 257 787 1080 1339 791 1242 273 193 1227 774 782 1076 99 702 1731 1940 1917 964 1471 1871 1998 1513 1388 136 123 503 1627 0 754 802 1838 488 1508 525 548 17 1671 484 183 281 689 1181 1878 1848 1418 440 1741 505 222 837 1933 380 1972 557 1408 1912 804 1086 1752 1045 28 231 1202 864 886 321 1860 973 696 1202 1182 550 1522 786 1878 1467 1283 1650 182 1410 335 741 487 951 1499 1536 1683 716 1217 570 104 748 889 794 1658 1199 526 1791 767 1080 1767 574 1913 1189 1837 1336 640 958 1457 420 1412 1953 582 1851 1740 1786 909 189 1653 1348 698 1305 171 1610 1944 1178 394 534 814 1137 1269 1309 1160 292 433 1589 1369 1026 318 1146 1977 1009 822 704 564 1080 278 1175 707 1711 1137 1680 626 108 729 682 1685 1959 1101 511 738 276 778 790 940 1033 1659 595 256 756 1426 1667 921 1203 418 452 677 563 642 446 919 1268 517 11 915 1452 129 1827 101 1092 923 1909 1534 593 1681 1120 159 165 654 379 123 1931 1133 524 1505 1773 525 1171 1974 1177 856 1869 1945 219 1387 659 1852 21 997 143 1742 353 545 336 820 797 118 769 1256 479 1522 64 1784 482 1172 429 1606 279 484 1211 150 1063 1866 1189 153 1520 485 1132 188 1405 784 937 81 927 1192 1002 884 687 1855 260 7 86 1810 1469 1779 366 473 114 432 1955 1769 1110 474 454 893 1334 1201 1001 193 214 876 1667 366 466 421 1314 1667 746 1308 486 1304 1979 1567 463 326 1063 387 1737 1789 502 326 1622 130 1414 24 1122 1586 1965 1729 1731 700 1037 646 1155 1530 352 417 1684 848 431 363 158 1581 1918 1240 59 271 1305 1653 1560 1544 637 1195 434 728 289 127 1956 344 1287 834 1768 1588 1076 1251 24 1756 645 1118 176 321 1131 1559 752 1978 1229 513 935 793 948 1038 1005 380 514 1014 1905 835 723 161 47 1651 1543 1954 667 1936 492 434 768 699 1154 418 1882 1941 26 1209 746 956 1055 533 1198 1070 455 993 569 1640 1845 1770 1431 1922 206 1632 1165 964 1825 646 1789 477 1940 1673 1293 629 1566 1701 1680 1249 1942 424 1271 1181 1684 1150 1771 609 657 717 1345 352 1903 1295 1453 1140 466 639 1309 592 657 444 34 252 193 1021 1351 1239 772 1132 1983 1904 40 1770 751 1212 95 975 291 1460 1203 1765 302 1686 1428 1645 240 764 1103 1304 988 546 1673 647 1155 970 1474 726 993 1737 987 1380 64 1295 274 80 1136 692 175 1440 1008 648 1222 1794 1951 1137 712 876 1323 1509 1831 83 903 593 1593 536 1306 1726 409 325 474 974 883 512 87 1986 608 70 1048
