2000 2000
1540 4 2 6 9 10
674 2 3 5
892 2 2 8
1856 5 2 4 5 7 9
1870 3 1 2 3
1777 3 3 8 10
223 4 5 7 8 10
1814 2 0 9
1122 4 1 4 5 8
361 2 5 9
45 2 3 7
1961 6 1 2 3 4 7 9
917 1 1
174 5 1 7 8 9 10
631 3 7 8 9
1805 3 4 7 10
97 6 2 3 4 5 6 10
1680 3 4 6 9
1961 7 0 2 4 5 6 8 10
577 3 1 3 9
1027 4 1 3 5 7
1168 3 1 4 5
1344 3 0 1 10
1522 1 3
564 4 3 6 7 8
758 1 6
626 3 3 4 9
1830 2 3 7
9 3 1 5 7
1588 2 0 3
1572 5 0 2 6 7 8
1960 7 1 2 3 4 7 9 10
1062 7 1 3 4 5 7 8 9
872 3 4 6 9
525 4 3 6 7 9
1917 3 2 3 9
370 6 0 1 5 7 8 9
451 4 0 6 8 9
1706 2 9 10
1738 3 3 5 7
694 1 5
82 2 0 6
69 2 1 10
1259 4 0 1 8 9
1010 5 1 3 4 6 7
804 8 2 3 5 6 7 8 9 10
1994 3 3 5 10
1515 1 1
886 1 5
265 3 2 3 7
183 3 1 5 10
1314 3 4 5 8
1472 2 3 5
1589 6 0 3 4 5 6 7
1459 3 4 6 8
295 5 0 3 7 9 10
1471 4 0 6 9 10
1868 5 0 2 3 7 8
1811 4 0 3 4 9
804 3 0 9 10
1420 3 6 7 10
641 3 5 6 9
1482 2 5 10
1226 1 2
730 2 3 6
135 4 1 2 4 9
1978 6 0 1 3 4 6 7
818 4 2 3 5 7
1174 4 3 6 8 9
409 5 1 4 7 8 9
35 1 0
1136 4 2 3 8 10
103 6 0 1 2 3 7 8
1521 3 2 8 9
1993 4 0 3 4 5
549 3 0 3 5
1467 2 1 5
79 1 4
1506 3 0 2 8
1275 2 1 9
1144 5 0 5 7 8 9
1473 2 1 5
1467 5 0 3 6 8 10
1064 3 3 4 8
232 3 1 4 7
1404 2 1 10
1359 3 6 7 9
1558 2 1 9
304 3 1 8 9
1219 2 7 8
963 3 2 7 8
1948 4 2 3 9 10
489 1 5
1326 5 2 3 5 6 9
1396 2 2 6
529 1 7
754 3 3 4 7
1827 2 2 5
644 5 1 4 5 6 7
608 3 1 9 10
1162 2 2 5
1754 4 1 3 6 7
284 7 3 5 6 7 8 9 10
125 5 0 2 3 8 9
1386 4 0 2 5 8
1320 1 7
1572 6 1 4 5 6 8 9
608 4 3 4 5 10
1637 2 8 9
777 3 1 5 10
540 5 0 2 3 5 8
475 5 3 5 7 9 10
824 3 1 3 6
598 3 1 4 8
776 5 0 4 5 6 10
751 2 7 9
353 3 0 4 8
1522 3 3 8 9
1253 2 5 7
1384 3 0 8 10
1497 3 4 7 10
375 2 1 10
222 7 0 1 2 4 5 6 8
1444 6 1 3 4 7 9 10
295 6 0 1 2 3 5 6
1542 3 5 6 8
955 4 2 4 9 10
1315 6 0 1 5 7 9 10
255 5 1 4 5 7 9
845 5 0 1 3 7 9
611 3 4 6 9
1889 4 2 5 8 10
690 5 1 2 7 9 10
977 6 0 2 4 5 6 10
1127 1 7
1578 3 3 4 6
357 6 1 3 4 6 8 9
673 4 1 3 8 9
777 4 2 3 5 8
1950 2 5 7
1317 4 3 5 6 9
841 2 2 3
1984 1 5
1683 5 2 3 4 6 9
92 9 0 1 2 3 4 5 6 7 9
1582 5 1 3 6 7 10
1049 4 1 6 9 10
125 1 2
918 2 1 3
1966 2 3 6
547 4 0 2 6 8
1601 3 0 4 10
1728 2 0 2
1456 3 2 8 10
777 1 9
1610 9 0 1 2 3 4 5 8 9 10
1252 2 1 10
1236 4 1 2 6 9
1963 1 1
1011 3 2 4 6
232 3 2 5 6
52 1 7
1324 6 0 2 3 4 5 9
1098 2 0 9
1023 4 1 2 5 8
1309 2 1 6
765 2 1 2
328 4 1 3 6 10
1247 3 7 8 9
904 1 8
1115 2 7 9
1139 5 2 3 6 7 8
1654 2 4 5
291 2 7 8
17 3 2 5 7
1535 3 3 4 8
1956 2 1 2
1759 4 2 5 9 10
1589 2 2 10
1185 3 0 4 10
765 2 3 9
1467 6 0 4 5 6 8 9
219 4 0 2 6 8
207 5 1 4 7 8 9
58 7 0 1 2 4 5 9 10
903 2 7 9
853 3 0 5 8
1703 5 1 4 6 7 8
1830 1 4
408 6 2 4 5 6 8 10
1830 6 0 1 3 6 7 8
51 5 3 4 7 9 10
400 1 2
923 5 0 1 6 7 10
1945 3 3 5 6
1473 3 5 8 10
1567 5 1 3 4 5 8
1195 4 0 3 6 9
799 5 1 6 7 8 10
1211 5 1 3 6 7 8
397 5 0 1 4 5 8
695 3 3 5 9
375 6 1 4 5 7 8 9
1030 4 3 4 6 9
497 4 4 6 7 10
409 4 0 4 7 10
182 1 5
844 2 7 9
1589 1 3
443 2 4 10
181 3 2 3 10
1324 5 4 5 6 7 9
1841 2 7 9
1076 3 2 6 8
357 5 0 1 4 6 10
1185 1 3
508 4 0 3 5 10
651 3 4 7 8
633 2 1 9
1074 2 2 8
1703 1 10
181 2 2 6
1036 5 4 6 7 8 10
1210 4 2 3 4 9
702 4 5 7 8 9
609 2 2 10
887 3 4 5 9
1963 2 3 7
1428 3 2 5 8
353 6 0 2 3 6 8 10
1341 2 0 2
1374 3 1 6 9
957 3 1 4 7
788 5 5 6 7 9 10
1616 1 0
1966 2 4 5
1546 2 3 8
940 3 0 5 6
1779 8 0 1 3 4 5 6 8 10
126 5 0 3 5 7 8
717 2 3 6
644 3 2 3 5
1726 4 0 1 3 4
291 3 7 8 9
1231 3 0 4 10
1936 4 0 1 3 8
1162 3 0 1 9
598 1 8
504 2 3 6
142 3 4 6 8
844 2 3 9
1973 3 0 1 7
1259 4 3 5 7 10
437 1 6
1027 4 2 7 8 9
1497 5 3 4 6 8 10
1955 5 4 5 7 8 10
1105 1 0
813 3 1 4 10
1005 2 8 10
628 3 0 4 10
926 3 2 3 8
285 3 1 4 10
1778 2 7 10
1341 1 3
692 1 6
625 2 2 7
723 3 3 4 9
1236 2 0 9
1897 5 0 2 3 6 10
1355 4 5 6 8 10
440 2 5 10
602 1 8
323 1 4
400 4 0 1 9 10
921 4 0 1 9 10
1868 4 1 4 6 10
625 4 1 4 7 9
117 2 2 3
1322 5 0 1 7 8 10
968 4 4 6 7 8
99 1 9
646 4 2 6 9 10
406 1 4
10 2 0 6
586 6 0 1 4 5 8 9
1036 4 0 4 6 8
1880 1 3
1692 4 2 4 6 8
118 6 1 2 5 7 8 10
1158 6 3 4 5 7 8 9
1080 2 0 5
715 4 2 4 7 8
694 2 0 6
462 5 0 2 4 7 10
1881 5 0 2 5 6 9
1255 3 3 7 8
1361 4 0 3 4 8
1906 2 0 2
396 8 1 2 3 4 5 6 8 9
437 5 1 3 7 9 10
331 5 1 2 6 7 10
806 3 2 3 7
1673 5 1 2 3 5 9
1906 1 3
1940 7 0 2 3 4 5 7 9
1843 4 3 5 6 10
33 5 1 3 5 6 9
46 4 0 1 3 8
667 3 3 6 8
458 5 0 2 4 5 7
1906 4 1 3 7 9
1608 5 2 3 6 7 10
1824 4 2 6 7 10
712 4 2 4 7 8
1633 6 0 1 2 3 8 10
1479 4 1 2 6 9
1110 6 0 1 3 7 8 9
1608 6 0 4 5 6 8 9
1959 3 2 3 6
59 2 0 9
1560 3 1 4 7
1242 3 4 6 7
1008 2 3 5
1645 2 1 2
880 2 2 9
1504 7 0 3 4 6 7 8 10
894 5 1 5 7 8 9
437 4 0 2 9 10
287 4 2 3 7 10
348 3 2 3 10
1948 3 2 4 9
1739 2 9 10
893 3 0 2 3
139 2 3 4
158 1 5
639 5 3 7 8 9 10
1115 2 7 9
1837 8 1 2 3 4 5 6 7 9
1393 4 1 3 6 7
1127 5 3 5 6 8 9
1526 5 3 5 6 8 10
126 4 5 7 8 9
472 2 0 3
772 1 6
181 3 2 8 10
1086 2 2 4
625 1 1
834 2 1 3
1691 3 0 6 9
1803 4 2 6 7 10
526 3 3 7 10
802 4 1 5 6 8
917 4 0 1 3 6
1654 6 4 5 7 8 9 10
101 1 3
174 2 2 3
1710 3 0 5 10
715 4 2 4 5 6
1356 5 0 4 5 6 8
995 3 4 6 9
113 4 1 2 4 9
468 3 2 5 10
1501 3 3 6 9
1750 2 6 10
736 2 0 7
247 5 2 5 6 9 10
946 2 5 9
897 4 5 6 9 10
1605 3 0 3 6
380 3 1 5 7
141 3 1 2 10
797 3 0 2 6
850 4 0 1 7 9
1158 6 0 1 4 6 7 8
1378 3 1 3 7
965 2 2 10
1401 3 4 5 6
1121 2 3 8
1010 5 2 4 5 7 9
563 3 5 6 9
316 4 1 6 7 10
935 4 0 4 6 9
1515 5 4 5 7 8 10
1804 3 3 4 6
1542 3 2 3 10
1323 4 0 1 4 8
1174 1 6
1605 4 5 8 9 10
23 1 10
1272 4 1 6 8 10
1519 4 0 1 6 8
207 9 0 1 2 5 6 7 8 9 10
738 3 3 4 8
417 2 1 7
1010 3 5 6 8
727 4 3 5 9 10
968 3 1 8 9
1560 4 2 4 6 8
291 5 1 5 6 9 10
905 2 4 5
599 3 0 1 2
1238 3 1 2 8
569 5 0 4 5 8 9
1158 2 5 8
869 2 3 8
294 4 1 3 4 8
1155 3 7 9 10
516 3 3 6 8
1655 3 2 5 8
416 6 0 2 4 6 9 10
852 3 2 4 7
135 5 0 1 3 6 10
1694 2 4 10
248 2 0 1
348 4 3 5 7 9
142 3 0 4 9
671 3 2 6 10
861 3 0 2 8
103 1 6
503 7 0 1 3 5 6 7 9
1386 1 3
754 3 2 5 8
645 3 0 4 6
400 6 1 3 6 8 9 10
219 1 3
1491 7 0 2 3 5 6 8 10
1648 3 0 1 5
123 5 0 3 4 7 9
1755 3 2 6 10
1968 8 1 2 4 5 6 7 8 10
240 5 3 5 6 8 10
1664 4 1 2 8 9
1052 4 3 5 7 10
187 1 1
1638 3 1 2 8
291 6 4 5 6 8 9 10
950 2 0 3
295 1 5
153 3 1 7 8
1768 5 1 2 4 5 6
661 4 0 1 2 3
1321 2 0 8
275 3 4 6 9
925 5 0 3 4 7 8
306 1 4
1001 4 1 3 5 10
563 4 1 5 7 8
988 6 2 4 5 8 9 10
1368 2 1 9
1686 4 2 3 7 8
1620 3 7 8 9
889 4 5 7 8 9
1808 4 0 5 6 7
291 1 8
765 2 2 9
1141 5 1 5 7 8 9
770 3 1 5 7
1629 4 1 3 5 8
767 3 0 1 6
1971 6 3 5 7 8 9 10
1247 4 0 1 3 8
665 4 4 8 9 10
381 4 0 5 7 8
251 5 4 6 7 9 10
1201 3 2 3 7
1127 2 0 7
802 3 0 1 6
1705 3 3 8 9
791 6 0 1 4 5 6 8
17 5 3 4 6 7 9
1709 2 6 9
545 2 3 6
1414 4 0 1 3 8
1556 3 1 9 10
1393 2 0 7
1458 6 0 1 3 4 6 7
1774 4 1 2 7 10
492 5 1 2 4 5 8
1527 4 2 5 7 10
37 4 0 3 6 9
341 4 6 7 8 9
1430 4 5 6 8 9
1655 1 9
1941 3 0 6 9
47 1 10
402 3 0 8 9
317 5 0 1 2 7 9
56 4 6 7 9 10
1397 5 0 2 4 8 9
1205 2 3 9
1653 3 0 1 4
211 2 7 10
400 4 5 6 7 9
232 2 4 5
782 5 1 2 3 4 5
1885 3 4 6 9
1616 4 1 2 3 4
1653 3 5 6 10
187 6 0 3 4 6 8 10
1190 4 0 2 9 10
977 5 0 1 5 8 9
109 5 1 2 6 8 9
201 2 0 6
1305 4 1 2 4 5
633 2 1 4
868 3 1 5 8
1891 9 1 2 3 4 5 6 8 9 10
618 3 6 7 9
219 3 2 4 6
1136 3 3 4 6
431 2 0 1
745 2 6 7
786 2 4 9
390 6 0 2 5 6 7 8
187 5 0 1 3 5 9
1909 3 2 8 10
1834 6 2 3 4 5 9 10
957 5 0 2 3 5 8
898 7 0 1 3 4 7 9 10
1252 3 3 6 7
458 2 3 7
656 2 3 8
644 6 1 2 6 8 9 10
1107 3 0 1 9
613 5 2 5 8 9 10
391 3 4 6 10
1612 3 2 5 8
1739 4 0 1 4 9
1703 2 1 7
1654 3 3 6 10
1834 3 0 5 8
1019 6 0 1 3 4 7 8
1880 4 1 3 7 10
752 4 0 1 8 10
1886 1 9
1327 4 0 3 6 8
875 2 2 8
323 2 0 8
1028 4 0 1 5 9
406 2 1 5
929 6 2 3 4 8 9 10
265 1 10
1225 2 0 9
1399 5 3 4 5 6 8
1613 6 1 3 4 5 6 9
603 3 0 1 6
396 2 2 10
337 3 2 3 8
1465 3 0 1 10
696 4 2 4 8 9
1384 4 1 4 6 8
1845 1 3
1043 3 1 5 7
632 2 3 5
408 5 0 4 7 8 10
343 2 2 5
288 8 0 1 2 3 4 5 6 8
725 4 0 5 7 10
1303 3 2 3 5
637 5 0 2 8 9 10
1703 3 0 4 6
1703 2 0 9
1845 3 2 6 7
1597 2 2 6
1421 4 2 3 5 7
1789 3 2 4 9
1676 3 2 4 9
122 4 1 2 7 10
503 3 0 7 8
292 5 3 4 6 7 10
840 5 4 6 7 8 9
908 4 1 5 9 10
1855 2 3 10
1878 3 0 4 8
1158 4 0 2 4 7
1655 2 9 10
1971 3 1 5 8
621 4 3 5 6 9
1244 3 0 6 8
1014 2 1 2
840 3 2 6 8
1881 1 4
1285 5 0 2 3 4 5
1184 4 0 4 6 8
1688 3 0 1 6
1997 2 6 10
561 5 0 3 4 5 6
1058 3 0 2 5
602 3 3 8 9
1074 3 4 5 10
49 2 1 6
1118 5 3 4 6 7 8
357 2 3 10
1506 2 2 8
384 2 7 9
1160 4 1 2 3 6
1923 5 0 1 2 4 5
1247 3 1 3 5
1415 6 0 2 4 5 7 9
1011 5 1 4 5 8 10
449 3 3 6 7
375 4 2 4 5 9
1311 7 0 1 4 5 7 8 10
777 9 1 2 3 4 5 6 7 9 10
1312 4 0 1 3 5
1960 2 6 10
1374 2 3 6
569 4 2 3 7 10
1289 3 4 6 7
1434 4 1 6 9 10
567 5 0 5 7 8 10
1040 2 2 4
1168 3 3 5 8
1296 3 0 6 9
92 2 2 5
37 6 1 2 3 5 8 10
449 5 0 2 5 6 9
575 2 1 4
734 1 2
497 4 0 2 3 4
740 5 0 3 5 7 9
500 6 1 3 4 7 8 9
167 3 4 7 9
1688 1 2
183 5 2 3 6 7 9
120 4 1 4 5 6
552 1 10
125 2 3 9
1764 4 0 2 5 6
636 7 0 1 2 3 7 8 10
738 4 1 4 8 9
853 2 1 4
530 5 0 1 3 7 10
411 7 1 2 3 4 7 8 9
1358 5 3 6 7 8 9
1127 4 3 5 6 10
393 3 1 2 7
906 3 1 4 5
717 6 0 2 3 4 7 9
894 5 0 5 6 7 9
1406 5 2 5 6 7 9
1219 3 0 5 6
599 6 3 4 5 7 9 10
228 5 0 2 6 8 10
1851 1 2
505 3 0 4 7
1381 3 7 8 10
139 2 1 8
1902 2 0 6
380 4 1 2 6 9
198 4 0 5 7 8
1402 2 4 5
1382 2 5 10
1577 4 0 2 5 9
1949 3 4 5 10
1706 1 10
1384 3 2 6 8
1433 3 0 1 7
1971 2 7 10
1219 2 4 9
1923 4 2 4 6 8
1872 2 1 7
792 4 2 3 4 8
1926 4 0 1 9 10
1170 2 2 6
1956 2 7 10
1600 3 5 7 9
1689 5 0 5 6 7 10
863 4 0 1 5 8
1963 3 2 5 9
361 2 7 9
993 4 0 1 5 7
1621 1 0
885 1 4
640 4 1 3 4 7
530 1 0
388 1 4
1247 6 2 3 4 5 7 10
1348 4 0 3 7 8
1091 2 7 8
1747 1 3
775 3 0 4 7
189 2 2 5
51 3 1 9 10
216 3 4 5 9
496 3 2 7 10
934 3 1 6 10
325 6 0 1 2 4 6 9
617 4 0 1 6 10
1147 4 4 5 9 10
1008 3 3 6 10
348 5 2 4 5 8 9
1135 3 6 7 9
563 6 0 2 3 7 8 9
529 4 0 3 5 10
750 3 1 5 10
1968 6 2 5 6 7 8 9
864 2 2 10
793 3 3 4 9
520 4 0 5 6 8
375 2 4 9
409 1 9
525 3 2 7 10
1757 7 0 1 2 5 7 9 10
490 5 3 5 8 9 10
300 3 4 5 10
1499 1 10
754 5 0 3 7 9 10
999 5 5 6 8 9 10
54 1 9
1201 4 0 1 5 7
546 4 3 6 8 10
1926 4 1 2 6 9
1648 2 7 8
1997 2 3 4
1459 4 2 5 6 7
1615 1 7
1787 2 1 8
195 5 0 3 4 8 10
817 3 0 1 4
125 4 1 2 6 9
1193 4 3 4 5 8
1447 2 2 5
541 4 1 2 3 10
1255 4 0 2 3 6
1219 4 0 1 2 8
865 5 3 4 5 6 7
1051 6 0 1 6 8 9 10
1399 5 1 2 4 7 8
1607 5 0 1 4 9 10
1577 2 5 9
1460 7 3 4 5 6 7 9 10
625 2 7 8
256 4 1 2 5 8
517 6 1 4 5 7 8 9
170 4 3 4 5 7
1288 3 3 8 10
1353 6 0 2 3 6 9 10
736 3 5 8 10
1061 3 4 7 8
529 4 2 3 5 10
1310 3 3 6 10
1490 4 1 4 5 9
1852 3 4 9 10
1950 3 0 4 8
1076 8 0 1 2 3 5 6 7 9
1177 5 3 4 6 7 8
94 2 3 6
812 4 0 1 3 9
390 4 1 4 5 8
1845 1 1
370 3 4 5 8
291 5 1 3 6 7 10
486 3 1 5 10
1771 3 0 2 6
845 3 1 6 10
1969 3 0 2 6
1449 2 1 4
377 4 3 5 6 7
783 3 1 5 8
1619 4 0 2 3 9
1436 4 2 3 4 5
1681 4 1 6 7 9
1288 4 0 2 3 4
1668 2 3 10
1985 3 3 6 7
1051 5 2 3 4 5 10
576 6 1 2 4 5 8 9
1484 4 2 7 8 9
1764 3 0 4 9
628 3 4 5 7
1489 1 1
102 5 0 1 6 7 8
1057 3 1 8 10
681 2 4 8
1158 6 2 5 6 7 9 10
1049 5 2 3 7 8 9
94 4 1 4 5 10
160 1 4
1242 1 9
1688 4 0 2 4 5
376 1 2
1800 5 0 2 3 4 10
187 3 0 2 4
1421 2 1 4
497 2 3 7
1522 2 4 8
163 1 2
1287 5 1 3 4 7 8
1288 5 0 2 4 7 10
982 6 0 1 5 6 8 9
102 1 8
1555 4 0 2 5 9
552 3 0 3 7
1334 3 0 5 6
572 6 0 1 2 5 7 8
916 5 2 3 6 7 10
323 3 1 4 6
409 4 1 4 6 7
114 4 0 8 9 10
765 2 4 8
1507 6 1 2 3 4 6 7
887 5 2 3 4 6 10
351 5 1 3 6 7 9
1193 3 0 1 8
1774 5 0 2 4 9 10
217 5 0 5 6 9 10
1930 4 2 5 6 10
247 4 0 1 7 8
1302 4 0 4 7 8
633 3 3 9 10
644 2 2 10
696 3 2 5 6
58 3 5 6 8
1248 5 0 2 4 8 9
787 2 8 10
917 4 3 5 9 10
468 5 0 3 4 7 9
1467 6 0 1 2 3 4 9
691 5 1 2 4 6 7
1946 6 1 2 4 5 6 7
1596 2 6 10
1848 3 3 4 8
748 5 2 4 5 7 10
845 3 1 3 9
278 3 0 1 5
780 3 3 4 7
715 6 1 6 7 8 9 10
1033 3 0 3 6
98 2 1 7
496 3 2 4 6
1681 5 2 3 4 5 7
918 4 1 2 6 8
1589 5 0 3 5 8 10
1241 4 0 1 2 10
1348 7 1 2 3 4 6 7 8
1009 3 1 2 5
526 3 4 8 9
1139 2 3 7
99 3 3 4 9
1663 3 1 4 5
993 2 0 3
1890 3 2 3 5
1471 4 2 4 6 10
14 3 4 5 9
1225 6 1 4 6 7 8 10
1558 3 4 5 6
1472 1 9
759 2 6 7
1645 1 8
791 3 2 3 5
625 3 0 5 9
1381 2 0 3
58 2 5 6
646 2 3 6
1766 3 4 5 10
629 6 0 1 2 6 7 10
885 2 3 8
1655 1 4
239 3 2 6 10
400 4 5 6 7 8
1076 3 2 6 8
490 2 2 6
68 1 10
1545 2 3 10
295 2 0 3
258 4 1 2 4 7
23 2 1 5
353 3 1 5 7
1787 3 0 2 9
1852 6 3 4 5 6 7 8
1585 3 0 4 10
102 2 5 6
383 1 8
394 6 1 3 5 7 8 9
1664 2 7 9
261 2 2 7
1020 3 5 6 8
108 2 1 5
1842 2 3 9
1678 4 0 1 2 3
1348 2 7 9
470 5 0 2 3 6 8
118 4 0 6 7 9
1078 3 0 4 6
563 5 0 3 4 7 8
510 3 0 3 6
1728 2 0 8
1150 6 0 4 5 6 7 10
1502 3 0 1 3
1484 3 4 5 10
1681 3 7 8 10
802 5 0 2 6 7 10
479 2 8 9
340 3 0 4 5
1384 3 1 7 9
11 2 8 10
781 2 2 8
710 7 0 3 4 5 6 9 10
1433 4 0 3 7 9
1525 1 4
562 4 2 5 7 10
1563 3 0 1 9
864 3 4 7 8
1242 6 3 4 6 7 8 9
25 3 1 4 9
1956 2 5 10
1071 2 3 5
1006 4 1 5 8 10
1074 2 0 8
1465 8 0 1 2 4 6 7 9 10
729 2 6 9
462 2 6 8
1611 5 1 7 8 9 10
1074 2 0 5
291 2 7 8
682 1 7
603 5 0 1 2 7 10
564 5 1 5 6 7 10
1746 3 2 3 10
1759 2 1 8
1597 3 0 4 6
707 5 0 2 3 5 7
37 4 3 6 7 8
1030 7 0 1 2 3 4 6 10
1233 4 1 6 8 9
244 3 2 4 8
348 4 0 3 6 8
845 2 0 2
450 2 0 7
1651 2 3 6
1970 2 2 5
1326 4 0 1 7 9
275 4 0 3 4 8
396 2 7 8
186 4 3 5 7 10
1826 4 1 2 4 9
853 2 3 8
1036 4 1 3 7 10
1675 6 0 4 6 7 8 10
1527 5 1 3 4 7 9
1485 4 2 3 6 8
1365 3 2 5 9
1562 5 2 3 4 5 8
892 5 1 5 8 9 10
547 2 1 7
1310 6 1 3 4 6 8 9
1744 1 9
1555 4 2 3 6 8
1562 3 0 1 3
1506 3 0 5 6
558 6 0 1 3 5 8 9
1563 2 0 10
1994 3 2 6 9
109 3 5 6 7
1341 1 4
961 4 1 3 5 9
914 4 0 1 2 7
1832 1 7
1764 7 0 1 2 3 4 7 9
1213 2 2 7
85 3 2 3 9
650 7 2 4 6 7 8 9 10
267 6 0 1 2 3 5 6
1868 4 4 6 8 10
1230 4 2 4 5 9
169 2 2 9
1381 2 4 5
1928 2 4 6
60 2 3 5
1705 7 0 1 4 5 7 9 10
108 5 2 4 5 7 10
1788 5 1 3 5 7 8
1785 5 1 2 5 9 10
650 2 7 8
1141 3 1 4 8
191 3 1 6 7
1358 2 1 3
918 4 0 6 7 9
946 4 1 3 6 8
952 4 0 6 7 8
174 3 5 6 9
1909 2 2 10
1289 4 1 2 3 6
1185 3 4 9 10
674 2 1 9
97 6 1 2 4 5 6 8
383 4 0 1 2 5
1756 3 2 8 9
1411 6 0 1 2 4 7 9
1465 3 1 7 9
1329 3 2 4 9
815 3 2 6 9
442 2 1 2
1444 5 1 3 4 7 8
288 3 5 7 8
1651 3 6 8 9
576 3 1 5 8
168 2 2 4
1536 3 1 5 10
1628 5 3 5 7 9 10
1378 2 2 8
1723 3 1 5 8
201 2 4 6
1173 3 7 9 10
99 4 0 1 2 5
563 4 3 4 5 6
644 2 1 7
1747 1 1
754 2 5 8
1830 2 0 3
1383 5 0 1 4 6 8
745 3 4 9 10
1499 4 6 7 9 10
31 2 9 10
558 1 3
1529 1 5
1854 2 7 10
1205 1 8
1787 2 8 10
151 5 0 3 4 6 7
1358 2 6 7
657 4 0 1 6 9
1840 4 3 4 5 8
455 2 2 4
717 3 0 6 10
169 4 2 3 4 9
1954 6 0 2 6 7 8 9
918 6 3 5 6 8 9 10
874 2 9 10
1672 2 4 9
633 5 0 3 4 6 7
175 3 1 4 6
220 3 2 6 7
530 3 1 5 10
885 2 2 7
1062 5 4 7 8 9 10
967 7 0 5 6 7 8 9 10
864 6 2 4 6 7 8 9
1471 4 0 2 3 10
557 2 3 9
777 6 2 4 5 7 8 10
14 3 1 4 8
760 1 2
231 7 3 4 5 6 7 8 10
1721 3 4 5 10
1971 5 0 2 3 5 7
433 4 7 8 9 10
1395 1 2
608 8 0 1 4 5 6 7 8 9
724 4 0 3 5 7
182 3 4 5 6
1568 2 6 9
90 3 1 9 10
1364 3 2 7 10
1830 3 0 7 8
380 3 5 8 9
1008 2 2 6
409 3 4 8 10
163 3 5 7 9
232 3 4 7 9
919 2 0 6
596 1 1
1061 4 5 6 8 10
1863 3 4 5 10
1495 3 2 3 10
356 2 2 9
1431 6 0 1 5 6 7 10
601 2 6 8
1227 2 0 8
1326 4 2 4 9 10
1793 4 4 7 8 9
1158 2 5 9
542 4 0 6 8 10
416 1 0
864 3 5 8 10
867 4 2 3 6 7
118 1 10
1014 2 0 3
1089 4 2 6 7 9
1160 6 0 3 4 5 6 8
47 7 1 2 4 5 7 8 9
389 5 0 3 4 5 7
1600 4 1 2 3 4
1348 3 8 9 10
1751 6 0 1 3 4 6 7
564 3 0 5 7
1769 5 0 4 5 6 7
456 2 5 7
990 2 8 9
113 2 2 10
323 4 1 3 4 7
1884 2 0 4
62 6 0 1 3 4 5 7
1688 6 2 3 4 5 7 8
1186 7 0 3 4 5 7 8 10
965 2 6 7
572 3 1 2 7
1891 2 4 8
1579 4 0 4 9 10
1449 1 10
535 3 1 4 9
1522 3 3 4 8
1626 2 5 8
819 5 0 2 5 7 10
1079 3 1 5 6
1778 4 4 6 7 9
1813 4 2 5 9 10
1937 4 1 2 4 5
650 3 0 3 6
390 2 2 10
1479 5 2 4 7 9 10
1082 3 3 5 9
748 3 5 9 10
656 5 1 4 5 6 9
1498 4 0 1 2 5
1325 3 0 5 10
1612 2 4 5
243 3 0 6 8
601 4 1 6 7 9
633 4 3 4 8 10
172 1 3
1426 5 5 6 7 9 10
18 2 4 5
13 5 1 2 3 9 10
97 5 0 5 7 8 9
764 3 2 4 8
1985 1 10
885 4 1 2 6 9
1880 3 0 2 5
1710 5 2 3 4 5 9
862 3 1 2 5
1580 1 8
738 3 8 9 10
1242 2 1 6
1158 4 1 2 4 5
16 2 5 7
586 3 1 2 7
1501 1 1
1018 4 1 4 6 7
290 2 0 2
505 3 1 3 10
1893 4 2 3 5 8
346 2 2 7
1673 2 4 7
1876 4 0 3 7 8
1884 1 4
1919 5 1 6 7 8 9
1316 1 3
1137 5 0 2 4 5 8
108 4 2 4 6 10
1009 4 2 4 5 9
1051 2 8 9
1657 5 0 1 2 5 6
961 3 6 8 9
1621 1 4
1688 3 2 5 6
1822 4 0 2 9 10
1074 7 1 2 3 4 5 7 9
721 5 1 3 6 9 10
97 5 3 4 5 9 10
935 2 3 8
248 4 0 1 5 10
1653 6 0 1 2 5 8 9
854 7 2 3 5 7 8 9 10
1600 4 0 1 7 10
1190 4 1 3 8 10
1931 5 0 4 6 9 10
1688 4 1 4 9 10
721 5 2 3 5 7 10
1186 3 1 6 8
861 5 0 1 4 8 10
999 4 2 4 5 6
1494 3 0 3 8
1494 2 2 7
1397 1 8
1421 4 0 6 7 9
1885 5 0 3 7 8 9
676 4 0 2 3 5
174 5 0 3 4 6 8
486 3 2 3 10
1553 1 6
1672 3 0 4 8
845 5 2 3 7 9 10
357 4 5 8 9 10
56 4 0 4 7 9
433 3 1 3 10
505 1 7
1756 3 1 3 4
691 4 0 4 5 6
385 2 1 5
547 3 0 4 6
109 2 4 9
139 2 7 8
831 3 1 7 10
1182 3 2 4 10
1826 6 0 4 5 6 7 9
1430 4 0 1 4 6
1334 3 7 9 10
599 3 3 5 9
1217 6 0 2 4 5 9 10
100 4 1 3 9 10
925 1 4
1778 3 2 9 10
911 6 1 2 3 6 7 9
1534 6 2 3 6 7 9 10
822 5 0 2 3 7 10
1034 3 0 3 8
1063 3 1 5 9
1259 3 1 2 8
1111 4 0 6 8 10
1703 3 5 7 9
1625 3 2 6 9
1310 3 4 6 7
1654 1 6
1827 2 2 9
1702 3 0 1 10
1923 6 2 3 4 7 8 10
836 4 1 2 6 10
942 4 3 5 7 10
1985 2 2 9
1779 4 1 2 4 9
1457 4 2 3 5 7
1397 4 0 1 3 4
1249 4 1 4 6 8
159 4 0 2 6 8
887 4 1 7 9 10
1506 3 4 5 9
983 3 0 1 2
1217 3 4 7 8
1278 3 2 9 10
845 2 4 6
902 5 0 2 7 8 10
1265 4 2 4 6 7
1162 5 1 4 6 7 9
1105 2 6 10
1540 6 0 1 2 6 8 10
1910 2 4 9
505 2 5 9
1388 3 1 2 5
1473 2 7 10
1807 4 0 2 4 10
573 3 3 8 10
599 4 5 7 9 10
566 4 2 3 5 6
576 6 0 2 6 7 9 10
965 4 5 8 9 10
1842 6 0 2 3 6 9 10
468 4 1 3 6 7
982 4 0 3 6 7
1830 2 0 1
1473 2 7 8
566 5 1 2 3 5 7
291 5 0 2 4 5 6
1064 6 0 3 4 5 6 10
1902 1 8
1907 4 6 7 8 10
511 3 1 5 7
1213 1 0
193 5 0 1 2 3 5
444 2 1 2
1794 2 6 8
1595 5 0 1 4 6 9
662 4 4 5 9 10
1124 1 2
1515 2 5 7
1315 2 2 5
961 3 1 3 9
1501 5 0 5 6 8 9
964 3 2 7 9
1035 4 3 4 5 8
1426 5 0 2 4 8 9
172 5 0 1 4 5 7
1505 6 0 1 5 6 9 10
917 1 7
1206 3 5 7 10
456 1 1
1351 4 0 7 8 9
1111 3 0 4 7
1136 4 2 3 8 9
598 3 2 3 10
1287 3 1 7 10
1120 3 2 5 7
1554 5 2 3 7 8 9
125 2 9 10
1010 2 2 3
455 3 4 8 9
971 3 2 5 6
1378 2 1 6
297 4 0 2 4 9
1086 3 1 2 7
1499 5 1 3 4 8 9
587 5 2 3 7 8 10
1848 3 0 3 10
983 4 0 2 7 8
1779 2 6 8
1144 3 4 5 7
1441 5 1 3 6 7 9
1784 4 4 5 6 10
935 3 0 8 10
1505 6 0 1 2 4 9 10
1856 6 2 4 5 6 8 9
585 1 5
894 6 1 4 5 7 8 9
826 2 0 7
507 3 0 4 7
761 4 2 3 5 6
586 3 2 4 5
239 3 1 4 9
390 4 4 6 9 10
462 4 1 2 6 8
1733 2 2 4
919 3 6 8 10
416 7 0 1 2 4 6 8 10
1845 4 2 3 6 10
1620 6 1 2 4 8 9 10
572 4 0 4 5 10
177 4 6 7 8 9
1546 3 8 9 10
1830 2 2 9
1513 3 0 7 9
53 1 7
990 1 9
219 5 3 6 7 8 9
1177 5 0 2 4 7 10
567 2 1 6
1733 8 2 3 4 5 7 8 9 10
1397 5 2 4 5 8 10
1971 4 0 1 2 7
1467 5 0 1 3 4 5
1198 2 0 6
769 2 6 8
956 7 0 2 4 5 6 7 9
1326 6 0 1 5 6 7 10
1683 2 1 9
1378 5 0 4 7 9 10
802 3 0 2 3
660 2 0 7
719 2 7 10
1158 5 0 3 4 5 9
1647 5 1 3 6 7 8
1320 4 3 4 5 8
174 5 1 3 6 8 9
610 4 0 5 9 10
1848 3 0 6 9
1111 1 4
1703 5 1 2 4 9 10
503 5 0 4 5 7 9
530 3 0 7 10
651 2 0 7
1011 2 5 6
1176 4 3 5 6 7
1219 3 2 3 8
1586 5 1 3 5 7 8
651 2 0 2
1880 4 3 5 6 7
804 2 1 3
1127 3 0 3 4
178 4 0 5 7 10
1060 4 0 4 5 8
1328 3 0 3 8
1886 1 2
853 6 1 4 6 7 8 10
462 3 3 4 5
813 2 5 10
1494 4 1 2 5 10
232 3 1 4 6
367 5 0 1 5 6 9
1776 3 2 5 10
1070 4 0 4 5 9
700 4 0 4 5 9
160 3 3 4 10
174 2 1 9
605 1 1
644 4 1 2 3 6
603 6 0 2 5 6 9 10
1344 3 2 4 10
493 5 0 4 7 8 9
674 2 3 6
680 1 2
1720 3 1 3 8
491 2 2 3
853 3 2 4 9
121 2 1 3
23 6 1 2 4 7 9 10
1529 5 1 4 7 8 9
1315 5 0 1 4 5 7
1123 4 0 1 2 9
383 3 2 5 10
752 3 2 6 7
455 4 1 4 8 9
1250 2 5 10
1311 3 6 9 10
6 5 1 2 3 7 10
384 3 8 9 10
1374 3 2 3 4
45 8 0 1 3 5 6 8 9 10
160 4 5 7 8 10
1250 6 1 5 6 7 8 9
1542 6 0 3 6 7 8 9
777 1 5
770 2 5 6
530 3 0 4 10
183 4 0 4 5 8
1344 3 0 4 7
1723 2 3 7
1970 5 2 4 5 8 9
1123 1 1
163 3 0 4 9
381 4 0 2 6 10
353 2 3 5
57 2 2 7
174 1 8
1703 4 1 3 5 10
1329 5 1 2 3 5 10
1281 4 0 2 4 5
932 5 0 1 2 7 9
1949 4 2 3 7 8
1910 7 0 2 4 5 7 9 10
1657 3 1 2 7
203 2 0 10
625 2 0 6
379 5 0 1 6 8 10
1853 4 2 3 6 7
1529 3 2 3 10
832 2 2 3
675 5 0 4 5 6 9
1725 2 1 10
1876 2 3 9
742 5 0 1 4 7 10
114 2 0 2
1127 3 0 3 9
1968 2 6 9
425 7 0 1 2 3 5 7 8
1848 2 3 4
1601 4 1 4 6 9
1433 2 2 5
540 2 7 9
1110 4 2 3 8 10
916 3 0 2 5
1734 2 2 3
1475 3 6 7 9
1473 7 1 2 4 6 8 9 10
1061 2 3 6
564 3 3 4 8
625 1 6
873 2 7 8
655 2 3 7
1770 1 4
1744 4 1 3 4 9
17 4 2 4 8 10
674 3 2 6 9
184 4 1 3 4 8
1246 5 0 3 4 5 9
615 3 5 6 10
712 3 7 9 10
1789 3 6 7 10
1577 4 5 8 9 10
1042 3 1 3 9
1288 4 0 3 4 9
495 4 3 5 6 10
457 3 5 6 10
1084 3 4 7 9
963 2 2 7
400 2 2 6
911 4 3 7 8 9
1674 7 0 1 2 5 6 7 10
21 4 1 3 4 7
1335 2 7 10
400 3 0 6 10
1653 4 0 1 2 9
530 2 3 6
1040 2 1 9
1195 3 1 7 10
457 3 2 6 7
494 3 0 2 10
472 1 0
409 4 0 3 6 10
1139 5 3 5 8 9 10
1410 4 1 2 3 8
1264 6 1 3 5 7 9 10
595 4 2 4 5 9
1139 3 2 8 10
1830 6 0 1 2 4 7 10
1043 4 0 2 3 5
1033 3 1 2 4
1080 3 1 4 8
1268 1 2
601 2 4 6
565 3 5 7 8
1076 2 4 7
1856 3 1 4 10
1401 2 3 9
1365 5 0 2 3 9 10
169 3 1 6 8
955 3 0 3 5
564 1 2
558 5 3 4 8 9 10
802 6 0 3 7 8 9 10
1242 5 0 1 3 4 9
760 3 7 9 10
302 5 1 4 6 7 8
1350 3 3 5 6
1719 2 6 8
155 3 5 7 8
197 2 1 10
37 6 1 4 6 7 9 10
2 5 3 4 6 7 9
140 5 0 3 7 8 9
694 5 1 2 6 7 10
244 3 1 3 6
892 2 7 9
400 4 2 3 8 10
1971 4 3 5 9 10
1370 2 3 10
300 2 7 9
920 5 0 1 3 6 9
1089 2 1 9
390 2 0 8
316 4 1 3 8 10
1374 2 5 6
1834 3 2 4 8
995 3 3 5 10
625 1 6
535 1 9
966 2 2 10
40 3 1 9 10
1845 5 0 2 3 8 10
1950 5 0 2 5 8 9
576 4 2 5 6 10
621 7 0 1 5 6 7 9 10
1918 4 1 4 5 8
1206 3 0 9 10
1608 4 2 4 5 8
484 4 0 3 8 10
1130 5 0 2 4 6 10
416 3 3 8 9
1900 4 0 1 2 3
931 3 1 2 9
640 3 3 5 8
586 2 2 3
1009 2 5 8
760 2 0 6
1499 4 1 3 4 8
182 3 2 8 9
1870 2 1 2
545 2 3 4
281 3 0 1 10
89 2 3 10
1064 3 1 7 8
503 4 5 7 8 9
187 3 3 8 10
1305 3 2 3 5
1344 3 3 5 9
182 4 0 1 3 9
988 3 2 4 10
1242 5 0 1 2 6 8
1706 7 0 1 2 6 7 8 9
504 7 0 2 4 5 6 7 9
1725 4 2 3 4 7
1357 3 1 3 4
1329 3 8 9 10
1289 5 1 2 4 6 7
221 5 1 2 4 8 9
1247 5 0 2 6 9 10
490 4 2 5 7 10
1405 3 5 6 9
795 1 1
1822 4 0 4 5 9
1364 7 0 1 5 7 8 9 10
680 2 4 7
449 3 3 6 10
1936 3 2 4 10
1720 5 2 4 5 6 7
281 1 8
1374 2 8 9
521 1 6
1409 6 0 1 4 5 7 8
968 4 5 7 9 10
1582 6 1 2 6 7 9 10
1242 2 7 10
1508 4 0 1 7 10
724 3 7 9 10
1302 2 8 10
1140 4 3 6 8 10
663 5 1 3 7 8 10
1274 3 4 5 6
992 5 0 2 5 6 9
1686 3 1 7 10
947 4 3 5 6 7
1060 6 0 4 5 6 7 8
884 2 3 4
1088 4 0 2 8 10
952 3 0 5 8
1431 3 1 2 4
1293 3 0 2 6
110 2 2 8
653 3 1 4 6
859 6 1 3 4 5 7 9
17 4 0 2 3 8
1163 2 4 7
1384 3 1 4 7
500 6 2 3 5 8 9 10
1852 2 6 9
1288 3 0 4 7
1703 1 4
107 2 7 8
402 7 1 4 5 6 8 9 10
1956 5 0 2 4 7 9
1743 3 3 6 9
185 4 2 3 8 9
1536 3 5 8 10
1909 5 2 6 8 9 10
660 5 0 3 5 7 8
777 2 1 8
400 4 1 5 7 10
501 2 2 9
1468 5 0 1 2 5 10
122 7 0 1 4 6 7 8 9
23 1 8
1423 3 2 6 9
455 6 2 3 4 6 8 10
1739 2 2 3
1136 2 0 10
187 1 9
558 5 1 3 4 6 8
304 3 2 4 8
1737 3 2 4 6
925 4 2 4 7 8
990 4 0 5 7 9
850 1 2
1777 4 1 5 7 10
473 1 0
174 3 0 1 5
612 4 4 6 8 10
1137 6 2 3 4 7 8 10
250 4 1 2 3 10
1484 4 1 4 6 8
884 4 5 6 7 9
1316 1 8
288 4 3 4 7 10
1866 3 3 6 8
419 3 0 2 4
657 5 2 3 4 6 7
1174 6 1 2 3 4 5 6
1655 3 1 3 8
1621 4 2 3 5 10
1087 5 3 4 6 8 9
1923 3 3 8 10
983 2 4 10
1130 4 6 7 9 10
1897 3 0 3 4
1531 2 1 3
122 2 8 10
400 3 1 5 10
1522 3 1 3 4
1968 4 1 3 5 6
1897 3 2 3 7
842 6 0 1 2 3 4 9
680 3 1 8 10
1683 5 0 2 3 7 10
765 4 4 6 9 10
1136 2 0 4
1562 2 6 9
1350 5 0 2 7 9 10
1135 4 1 3 5 7
608 3 2 5 6
1085 2 0 3
1756 4 0 2 6 10
135 3 1 4 8
420 3 2 6 9
1305 4 4 8 9 10
168 2 3 6
1844 3 6 8 10
440 6 0 1 2 5 7 8
1464 3 0 1 7
1807 3 2 7 10
52 3 3 5 8
295 3 6 8 9
400 1 7
1077 7 1 2 3 5 7 9 10
1963 4 0 1 3 9
1852 3 3 5 6
1129 2 7 9
887 2 0 7
1827 3 2 4 9
1552 2 2 3
100 8 1 2 3 4 6 8 9 10
894 2 1 10
1981 6 3 4 5 6 7 8
1098 5 0 3 7 8 9
704 5 0 1 6 7 8
356 2 0 7
315 3 0 8 10
123 3 5 6 9
1863 1 10
1400 2 7 8
1763 5 0 5 6 8 9
1285 3 7 8 9
793 3 3 6 9
1086 3 0 7 9
375 5 1 2 3 5 9
1252 3 1 5 10
1639 4 0 1 6 7
777 6 1 3 4 7 8 10
1162 6 0 1 3 4 5 10
1663 1 5
300 6 0 2 3 6 7 9
1397 3 1 8 9
836 2 2 7
1387 3 3 4 9
1205 3 1 6 8
1796 3 1 2 4
1534 5 0 1 2 6 7
1590 2 0 1
273 1 8
1373 6 3 5 7 8 9 10
1397 7 0 1 3 4 6 7 10
1404 5 0 2 6 7 10
1605 6 1 2 3 4 7 9
1381 3 1 5 6
1225 3 1 2 5
920 3 2 3 5
741 1 5
1358 1 6
1771 5 0 1 3 6 10
1344 2 2 7
1457 4 1 2 6 9
316 2 1 8
627 6 1 4 5 6 8 10
267 3 5 8 9
845 2 3 9
1115 5 0 1 4 5 6
1252 4 1 2 4 8
206 5 3 5 6 7 9
1365 2 5 10
903 5 1 5 6 8 9
916 5 3 4 5 7 8
1013 7 1 2 3 5 7 9 10
1993 3 2 4 7
1171 3 3 5 7
716 3 2 6 10
203 2 3 10
1917 8 0 1 2 3 5 6 8 10
1633 3 8 9 10
1397 1 10
393 3 2 5 6
1053 3 5 9 10
1447 3 2 5 6
1522 4 2 4 5 9
1030 3 2 5 10
1986 3 1 6 8
291 3 1 6 7
1412 5 0 1 3 6 9
1074 3 2 7 9
182 4 3 7 8 9
24 2 0 7
1701 3 0 2 3
1577 5 1 3 4 7 9
1968 5 1 4 5 7 9
123 5 1 2 7 8 9
649 8 1 2 3 6 7 8 9 10
1595 1 10
391 4 1 2 4 10
694 3 0 1 5
1994 3 4 5 6
1285 3 0 1 7
1127 2 0 8
911 5 0 1 6 8 9
1885 2 1 3
1100 5 0 1 2 3 7
118 4 1 2 3 10
1326 3 2 6 8
787 2 4 10
196 3 4 7 10
853 3 0 3 8
791 3 1 2 5
1656 4 2 3 5 8
196 4 1 3 4 10
789 3 2 8 10
1384 7 0 2 4 5 6 8 10
415 4 0 1 4 5
187 4 2 5 7 8
1936 3 3 7 9
606 2 5 10
1399 5 1 2 6 8 9
902 5 5 6 7 8 9
37 4 0 1 9 10
68 4 3 5 7 8
1520 4 0 2 6 7
1251 4 2 6 8 9
1577 2 3 10
1478 2 3 8
841 5 1 3 6 9 10
1475 5 1 2 4 5 6
1174 1 8
1763 2 0 2
871 3 1 4 10
978 4 1 4 5 6
750 5 0 1 4 6 7
561 2 2 7
955 7 1 2 3 4 5 8 9
625 5 1 2 3 4 8
1329 4 1 5 7 9
108 4 5 7 9 10
727 1 7
1577 8 2 3 4 5 6 8 9 10
377 2 1 2
1060 4 0 1 2 8
1581 2 0 10
956 5 0 2 5 9 10
1651 7 0 1 3 4 5 7 8
527 3 4 9 10
239 1 3
1247 3 2 4 10
1758 4 1 6 8 10
1657 3 2 5 7
1057 2 6 7
608 5 4 5 7 9 10
353 3 5 6 7
1136 6 0 2 4 5 8 9
86 4 4 5 6 8
1473 2 1 7
625 4 2 3 4 6
1063 4 0 4 5 10
58 3 4 5 7
1648 1 9
1731 6 1 3 5 8 9 10
1368 1 3
1634 5 1 2 4 7 10
1994 4 1 3 6 8
752 2 4 7
1671 2 5 7
1885 2 4 8
1750 4 0 2 4 8
1222 5 2 7 8 9 10
1443 3 2 5 7
19 3 1 3 6
1610 3 5 7 9
920 3 1 3 9
1501 3 3 9 10
1137 5 0 3 7 8 9
1276 3 0 1 4
1688 5 1 4 5 9 10
1458 5 0 2 4 7 8
965 5 0 2 5 8 10
682 5 0 2 4 7 10
79 2 0 1
1364 7 0 1 2 3 5 7 9
1968 2 2 3
586 4 1 5 9 10
871 3 3 7 10
495 3 0 7 9
1091 6 0 1 3 5 9 10
1174 4 0 7 9 10
333 4 2 4 7 9
763 4 0 2 8 9
383 7 0 2 4 5 6 7 9
1509 4 0 2 3 8
345 4 4 5 6 7
9 3 0 4 5
1158 1 1
421 5 2 5 6 8 10
1305 7 0 1 3 5 8 9 10
928 6 1 3 6 7 8 9
39 1 8
696 5 1 3 7 8 9
317 4 0 4 7 10
1464 3 3 5 7
377 4 1 2 5 9
302 1 9
640 4 0 2 9 10
1338 7 1 3 5 6 7 8 10
1434 3 1 3 8
1133 6 0 2 3 4 9 10
1542 3 4 8 9
1902 3 4 5 10
1008 7 0 4 6 7 8 9 10
660 8 1 2 3 4 6 7 8 10
1936 3 1 6 7
37 3 0 1 6
614 4 0 3 5 7
1683 2 3 9
608 5 3 5 8 9 10
655 2 0 10
1057 2 2 5
824 3 1 3 6
966 5 0 4 8 9 10
1433 2 0 2
1971 7 0 1 5 6 8 9 10
1119 5 0 3 5 6 10
1739 3 0 5 9
237 4 1 2 6 10
1498 5 0 2 4 5 7
715 1 2
1785 2 5 8
586 2 0 6
341 2 8 10
242 2 0 2
494 4 0 4 5 9
586 2 0 7
353 4 0 2 5 7
1359 2 3 8
1289 4 1 7 9 10
1089 3 1 5 6
366 3 4 5 6
289 2 1 6
99 4 3 4 7 8
753 4 0 4 5 9
503 3 2 5 9
501 3 5 8 10
981 3 3 6 9
220 2 5 9
140 2 2 9
166 2 3 7
521 4 3 6 7 8
840 2 0 5
1622 3 2 5 9
1814 7 0 2 4 5 7 9 10
333 6 0 3 6 7 8 9
1533 3 5 6 8
1213 2 7 9
408 4 1 3 6 9
1886 2 5 7
1534 2 1 6
1354 6 0 1 3 6 7 9
1447 3 2 6 7
1285 2 4 5
363 2 7 10
1757 2 7 9
1855 3 1 4 10
1091 3 2 8 9
164 3 6 9 10
781 3 3 8 10
1158 4 2 6 7 9
423 2 0 10
1036 2 5 10
381 3 3 8 10
516 2 1 8
572 6 2 4 5 7 9 10
1759 2 0 2
1824 2 1 6
1775 2 6 10
1324 2 1 5
1048 4 0 1 5 10
84 1 4
391 4 2 6 7 8
1071 3 3 4 9
1501 5 0 2 7 8 10
1750 3 7 9 10
716 2 7 10
1827 5 1 2 4 5 10
1133 5 1 2 3 6 10
1645 2 2 10
244 2 7 10
1737 2 5 6
952 3 7 8 9
497 4 2 3 6 8
501 1 9
983 2 8 10
723 3 2 4 9
1091 3 0 7 9
567 6 0 2 3 7 8 10
1103 2 2 4
85 3 8 9 10
1130 7 0 1 3 5 6 7 10
400 4 5 6 8 10
23 4 1 3 6 9
1105 4 1 4 5 9
102 4 0 1 4 9
1986 5 0 3 5 9 10
1968 3 0 3 7
1185 4 0 1 7 10
273 2 2 8
400 3 5 8 10
1094 5 0 4 5 7 8
1008 1 4
162 8 0 2 3 4 5 7 9 10
1529 3 4 5 8
103 3 1 2 4
1121 5 2 3 4 7 9
1690 3 1 3 4
136 5 1 2 6 8 9
1900 5 1 3 7 8 10
1513 2 0 6
404 3 2 3 5
620 2 0 2
101 1 4
486 4 1 2 5 7
748 2 3 6
304 6 1 2 5 6 8 10
114 1 7
1466 4 0 1 2 5
717 3 2 8 10
625 2 8 9
864 1 8
972 5 3 4 7 9 10
1357 3 1 5 9
235 5 0 1 3 7 9
9 7 0 9 3 0 9 0 5 5 3 9 1 2 1 4 9 2 3 6 4 5 2 0 2 8 7 1 0 6 5 2 1 2 5 7 2 2 7 2 7 2 2 0 6 10 1 10 3 8 8 7 2 7 9 1 6 7 5 6 0 8 4 3 10 0 6 4 7 9 10 4 10 4 1 5 0 2 8 7 8 8 3 2 5 6 1 10 4 2 6 8 4 5 9 3 6 4 9 6 0 4 2 6 4 7 8 5 5 8 3 6 9 9 1 9 10 6 6 3 7 3 4 0 1 7 3 10 0 4 5 8 5 2 6 3 3 9 10 9 4 9 1 1 5 8 5 9 9 2 4 7 2 10 9 9 2 0 3 0 3 9 4 5 4 5 3 2 1 10 7 9 4 2 8 3 4 9 3 8 8 2 8 9 2 0 1 1 0 2 1 1 5 0 8 8 1 10 8 10 5 2 0 3 5 2 4 4 9 3 7 0 5 3 3 1 4 7 6 1 7 9 10 6 7 5 9 6 10 8 7 0 8 9 4 0 4 0 9 8 0 3 10 0 1 6 4 2 2 0 1 2 7 7 10 3 9 7 1 1 0 1 3 9 2 2 7 8 3 6 8 5 10 10 5 9 7 6 4 7 2 6 10 1 1 7 2 9 9 4 4 4 2 0 8 1 8 3 0 2 6 3 5 5 4 4 8 9 2 2 8 5 9 5 7 6 9 4 0 1 5 6 9 3 3 8 10 3 3 3 2 3 10 7 8 10 3 4 8 2 1 7 6 1 10 3 6 2 2 10 3 8 5 5 9 6 0 2 0 8 10 10 9 9 4 0 9 5 4 9 8 10 5 3 10 7 3 0 6 6 10 5 0 10 6 3 8 7 0 3 0 3 2 8 8 5 7 4 5 2 5 2 9 8 8 5 3 10 8 0 6 8 9 7 4 9 0 3 3 0 8 8 4 4 4 3 7 2 4 6 8 9 2 7 0 4 1 1 2 5 2 4 1 10 4 2 7 7 1 8 2 4 5 5 7 2 2 5 5 3 4 1 4 0 3 6 8 5 10 8 6 1 4 6 3 0 9 7 9 8 2 0 8 2 7 9 7 10 2 5 7 7 8 7 9 10 0 9 8 3 6 3 8 8 2 6 2 7 3 9 8 3 2 8 2 3 0 5 2 6 3 9 9 5 1 2 7 3 2 2 3 7 8 6 10 9 2 3 2 10 6 2 1 5 4 2 0 7 8 8 5 1 6 10 5 5 10 3 4 5 3 8 6 3 2 2 9 8 6 5 9 2 1 2 1 6 7 5 5 0 9 0 3 9 9 9 1 10 5 10 9 8 2 9 2 7 8 6 7 1 5 5 10 5 5 6 8 6 3 1 9 4 4 2 9 8 9 4 4 9 8 5 9 2 1 9 6 3 4 4 7 6 0 4 1 3 10 10 10 10 4 1 8 2 9 4 9 5 3 0 3 10 0 10 4 2 4 6 8 5 3 10 5 4 8 0 9 7 7 7 3 0 0 9 6 1 9 1 3 1 0 3 4 6 0 1 9 5 10 6 6 9 3 0 6 4 2 6 7 1 9 10 7 8 5 4 8 8 2 4 9 0 10 8 3 8 0 3 0 4 6 2 7 2 1 1 10 5 8 5 9 4 5 0 6 9 2 6 6 7 9 0 4 8 6 9 8 8 9 5 7 8 10 5 9 8 3 4 10 7 8 3 5 2 2 10 9 5 4 6 7 10 4 2 7 10 0 3 4 9 2 7 6 6 10 0 9 3 4 5 8 0 4 2 4 10 4 10 5 0 6 7 4 7 5 7 3 1 7 4 6 1 7 0 7 10 1 2 4 10 8 1 5 1 6 7 9 4 7 10 0 1 2 2 8 2 7 3 2 7 7 5 2 0 1 5 10 1 9 10 1 9 1 9 3 4 0 10 9 2 10 3 0 10 1 4 1 2 8 8 0 10 6 6 0 0 9 2 4 3 6 2 10 5 10 5 8 4 6 3 2 0 8 0 3 7 3 5 3 1 9 3 8 3 0 4 2 5 2 0 7 10 2 8 1 3 5 0 2 4 1 3 7 7 8 5 6 5 9 6 9 9 9 6 10 8 6 9 9 0 9 0 4 0 2 1 6 10 7 2 2 5 1 2 4 3 6 3 10 6 8 3 9 6 8 4 2 7 3 10 8 2 2 3 5 3 1 5 10 9 2 7 0 6 2 8 0 0 10 3 5 1 0 8 5 5 0 4 9 1 5 10 4 3 5 9 10 1 1 3 8 5 6 8 1 7 9 5 4 4 5 10 4 8 8 1 7 6 9 0 10 4 10 6 0 1 9 8 9 7 8 0 2 3 2 10 1 0 9 9 5 7 9 8 1 4 6 4 4 7 0 10 5 9 3 1 10 7 10 7 10 7 0 0 2 5 2 3 9 10 4 6 2 9 3 1 7 0 9 6 2 0 5 9 1 0 6 6 7 4 3 8 8 6 8 0 6 1 4 0 2 9 4 5 0 0 6 0 3 2 7 8 10 5 3 4 5 3 9 9 6 8 1 6 8 8 8 6 3 2 0 9 0 9 5 4 10 3 6 7 10 2 2 2 7 4 9 3 9 4 6 5 2 1 0 9 9 8 3 6 8 3 5 4 10 1 10 10 5 0 6 0 9 4 0 6 7 6 7 5 7 3 3 3 2 10 9 4 1 1 9 3 8 6 3 2 1 1 7 7 3 5 7 6 9 5 4 7 8 1 4 6 4 3 3 5 8 5 9 9 5 2 7 10 8 2 8 0 6 3 1 5 7 9 3 5 7 4 6 9 10 3 0 0 0 5 3 3 6 6 7 7 7 8 7 7 4 2 9 9 0 3 6 1 7 2 6 1 4 9 6 4 1 5 1 6 7 2 1 10 0 5 7 1 10 7 6 4 7 10 2 8 2 0 6 9 5 6 4 2 10 10 3 2 6 4 5 10 5 9 4 3 1 10 8 2 2 5 7 7 9 5 2 1 2 7 7 5 6 2 1 9 0 7 9 3 6 1 2 5 8 5 3 7 10 0 8 9 0 5 10 6 2 7 8 9 8 1 2 8 1 4 0 9 8 5 4 5 7 9 1 3 7 3 2 3 7 6 10 0 2 6 5 2 8 9 4 1 3 6 0 2 7 1 8 7 3 3 5 0 0 8 8 5 5 8 7 2 5 8 4 6 7 6 1 5 7 2 5 2 9 3 7 2 3 10 1 3 4 9 3 3 7 7 0 7 8 3 9 0 2 2 10 6 5 10 5 4 6 6 2 5 10 1 10 10 5 0 7 5 7 1 7 3 7 9 7 8 3 8 3 10 4 7 3 9 1 2 8 0 4 2 7 8 5 10 2 5 4 7 1 0 9 2 3 8 3 7 2 6 8 0 4 6 3 8 4 1 2 1 7 4 2 2 4 9 8 7 5 3 9 2 6 0 10 9 10 1 8 2 10 9 7 5 9 6 6 2 9 6 3 1 9 2 4 5 10 9 3 2 5 6 2 5 0 10 2 1 7 2 6 8 1 2 9 8 6 6 2 4 1 5 0 10 9 3 0 10 9 7 1 3 9 4 4 5 1 3 5 5 10 7 4 6 4 6 0 3 7 0 7 1 7 5 5 2 2 1 2 8 5 8 8 2 4 8 10 5 0 0 2 1 10 7 9 8 3 7 2 8 0 7 9 9 0 0 6 8 10 8 8 0 4 9 2 7 8 10 7 5 7 7 9 0 2 5 5 7 9 2 10 2 4 10 4 2 9 3 0 7 0 10 5 1 10 3 5 3 4 7 0 5 6 3 9 8 6 8 4 6 6 0 1 8 5 7 4 5 0 4 10 4 9 2 4 4 2 7 10 7 7 5 8 7 7 8 10 9 6 7 7 8 7 4 8 7 1 1 4 4 7 7 4 8 7 7 0 5 3 6 10 1 6 6 5 4 9 1 10 9 4 8 4 2 5 1 5 0 0 1 0 0 4 1 5 1 3 7 3 1 8 8 3 9 6 6 1 4 2 0 5 2 8 0 8 1 9 7 5 0 3 2 8 6 7 5 5 6 7 5 10 0 2 5 1 0 5 5 3 3 6 5 5 0 7 10 10 3 6 10 5 9 4 3 8 1 6 7 7 8 8 10 3 1 0 2 0 8 6 4 9 8 1 1 8 10 4 3 9 9 8 4 1 9 8 4 4 8 1 3 6 7 5 3 2 9 4 0 8 1 0 10 9 8 2 9 2 8 8 5 9 5 4 10 6 2 8 5 10 10 9 5 3 0 1 7 2 6 6 8 3 4 6 10 2 1 9 5 5 7 0 0 10 4 9 10 3 0 6 4 1 8 6 9 2 1 5 4 6 3 7 10 2 3 2 4 0 2 9 3 9 10 3 0 4 8 6 5 3 5 3 6 1 0 4 6 8 7 1 0 6 2 3 1 8 9 10 2 10 0 6 10 4 9 0 3 0 2 10 0 8 6 7 3 9 9 6 10 9 10
