2 426
4 1414
7 1018
6 1989
49 620
34 219
55 818
15 195
9 1447
5 738
16 845
24 768
45 500
145 1185
148 1173
25 1921
1 1622
14 1367
21 1044
98 1561
150 1419
111 1792
121 12
30 237
39 1892
28 1811
40 475
194 202
48 1007
130 1792
8 1362
19 1214
50 1882
3 1751
33 1450
77 1526
205 16
13 1314
228 1596
241 1266
36 701
53 1428
27 1581
63 238
10 107
138 1840
54 732
20 426
22 483
38 1878
108 24
124 1573
127 7
31 1930
81 1807
295 1126
43 922
141 441
139 798
52 551
64 793
37 107
56 1797
11 1044
100 491
23 1564
101 1516
151 1126
170 1216
12 1542
182 1377
59 1680
142 1662
44 1288
17 206
26 1604
67 1308
146 185
104 1535
18 324
29 1258
76 1344
149 1361
46 441
83 1258
196 1553
86 1665
140 558
207 806
35 1683
217 1743
236 1429
78 337
93 1768
160 979
248 1092
105 1408
87 1000
47 906
305 348
79 1758
110 1539
249 503
32 709
113 1000
158 12
125 324
269 512
270 1022
302 1017
41 1036
345 1712
333 1945
88 322
314 1768
57 643
161 1214
60 1020
91 1781
42 757
69 1516
51 738
92 106
179 1687
187 1694
62 1578
117 22
335 1806
132 301
201 980
366 1431
72 450
65 1480
392 1628
423 893
106 1751
66 1053
114 382
344 759
80 40
195 18
128 1341
215 536
58 1323
220 711
224 1748
177 566
90 1921
385 786
134 1392
232 1142
391 1968
254 347
226 211
156 1133
357 1866
157 450
229 906
404 1980
262 1559
252 401
419 53
95 865
178 383
448 237
61 1076
68 1296
412 865
103 1667
263 940
421 158
191 1159
198 130
425 1856
422 537
133 1339
428 1046
137 613
70 1919
73 1948
74 1680
281 819
152 66
203 1261
264 245
427 1930
163 1352
159 84
451 1036
443 1307
278 768
287 583
75 1288
71 273
456 996
107 537
82 1360
84 1083
167 1583
433 676
173 1969
289 1167
109 1431
460 824
115 1422
85 1745
438 1338
462 1261
94 770
171 1524
180 1207
96 571
89 1159
185 1412
99 1370
466 1792
97 1553
174 526
183 225
439 79
118 53
223 441
296 1279
102 1214
475 835
119 1320
300 726
506 1437
441 1751
280 251
186 1181
193 122
552 401
445 1545
563 107
112 1220
202 165
211 1045
188 712
212 94
189 983
120 1383
504 768
299 1541
304 1619
250 1382
129 552
122 1943
136 1133
131 1562
587 1392
190 389
282 1965
192 854
197 1412
123 273
216 1964
322 417
308 568
210 1745
318 1896
284 1233
213 2000
184 1907
326 996
126 217
328 917
341 1894
235 386
135 209
144 1102
166 462
222 583
465 1258
233 1348
349 1763
279 532
286 893
321 1128
298 954
362 1229
474 1712
309 1768
512 1751
143 413
311 1270
219 1900
168 1580
331 1240
147 1251
369 1023
325 1882
153 655
596 917
334 483
339 87
239 1076
243 1907
169 1743
413 22
372 1723
352 1551
353 1928
611 802
175 690
482 1447
354 335
360 1556
484 380
242 1288
375 1357
176 1914
358 506
244 1629
424 222
384 1172
257 1169
489 1672
367 1561
491 725
503 1009
154 66
623 16
516 526
155 1189
181 278
162 1596
259 43
199 29
265 1137
463 1646
521 332
507 539
164 1105
624 1809
365 611
467 346
401 263
525 929
550 1948
515 1333
561 1584
266 1959
206 340
209 1518
165 1474
274 195
479 492
260 796
277 1189
629 1172
518 332
172 214
374 665
371 1591
468 980
387 1950
535 89
594 1494
405 764
540 1332
597 1258
531 1842
411 399
483 690
377 940
534 123
638 1130
640 600
738 1727
378 56
649 1677
294 1632
450 1349
381 40
200 1169
218 234
626 1634
492 351
457 1212
496 875
795 1096
829 917
501 1270
317 1987
568 1866
320 1447
204 1536
858 132
293 601
863 1868
329 1346
564 79
324 1745
330 1089
578 249
336 818
337 1088
592 1029
585 875
637 1779
338 1951
487 1557
208 1221
382 439
677 655
225 1415
609 1961
214 1078
497 1970
509 1295
340 1751
660 175
359 638
684 894
342 22
690 1865
389 1735
707 1023
227 309
350 7
221 843
678 1279
524 1818
716 738
736 333
756 473
364 629
537 426
714 108
874 745
717 1968
379 326
231 859
355 1987
757 539
715 1969
560 1292
761 1772
383 1216
361 1552
230 1344
388 224
728 47
803 338
737 1295
562 1859
815 1243
373 389
846 246
615 1900
723 1452
848 409
741 1442
398 475
740 1279
747 1315
567 1549
634 643
646 611
919 265
237 1937
586 791
764 1465
897 18
791 386
402 1864
651 286
589 1073
903 1201
955 1702
751 352
234 1467
1025 1524
802 536
668 1512
376 294
1033 1778
911 1866
1036 1519
696 299
240 1143
760 631
238 764
598 1029
245 1756
246 1681
393 615
599 1802
251 1690
824 1114
840 697
698 54
763 1171
600 845
247 843
1038 1542
380 1591
426 214
725 1339
1040 1364
855 823
434 351
730 434
772 1214
253 1563
602 1918
606 1404
394 57
926 1526
957 10
777 1608
977 1542
256 56
258 567
622 1006
272 399
386 1818
743 1756
625 704
276 1690
978 1513
435 1593
403 852
390 2000
652 859
993 1429
255 980
745 1338
996 1511
655 1014
436 1062
261 1290
1004 1338
440 1896
395 1201
283 651
1069 973
1035 1900
267 497
399 643
408 1016
880 1045
884 1534
291 1938
409 1416
292 86
813 1758
444 1863
1037 578
414 1707
1082 1392
297 94
268 222
750 1070
1078 1751
410 1286
1111 690
301 826
816 116
271 96
1107 1267
766 86
779 408
928 1991
420 391
1116 1527
1118 1845
819 1189
1142 123
782 1561
783 1965
1147 1458
785 668
446 130
273 3
1152 1459
790 1572
275 1265
1122 250
429 1680
285 1015
1132 542
307 520
1153 1191
288 661
290 825
805 1365
1141 1913
312 1955
814 1499
417 1409
313 1226
430 1619
303 350
834 1727
860 1357
661 696
315 53
1160 1814
306 374
830 1418
431 1557
452 609
1163 1072
861 365
310 688
437 958
316 1814
319 1532
455 1618
831 739
470 1061
1143 1222
1155 548
1164 1907
665 601
931 1918
942 1633
442 317
477 674
967 862
669 1183
850 1295
486 1683
1184 333
672 1054
1189 1072
1209 1968
871 452
346 214
432 56
1219 422
1220 1296
323 276
1230 1296
473 1323
447 1030
454 1804
851 1060
854 224
1186 1672
458 1349
480 343
1233 1216
453 904
1197 1515
859 1968
1235 1406
493 1698
1203 922
867 778
327 1526
1224 1139
909 1522
1252 1408
332 1229
927 498
873 43
878 1090
459 1998
461 191
971 211
882 1491
469 1394
464 260
1243 924
683 289
972 373
343 393
1255 1519
472 1486
983 1512
1014 536
1250 998
935 297
1268 388
883 515
889 1120
913 759
488 742
916 183
505 404
945 43
347 123
511 924
528 1599
1045 828
1073 1190
499 2000
513 356
951 689
494 311
688 400
956 259
495 1930
1085 1475
532 501
533 1949
1257 508
1264 1007
542 745
695 712
545 563
1271 865
536 940
555 1493
517 1433
918 769
1115 1816
961 234
348 875
1289 6
523 400
930 483
566 643
538 885
1290 1287
969 388
546 942
527 465
351 1806
701 107
703 1105
932 1951
1273 725
1292 325
356 335
1310 566
1125 640
984 1668
933 1706
934 899
547 1299
959 1408
1127 1827
1293 775
985 1740
548 775
1322 1779
554 1377
1162 940
1362 1072
1319 205
718 1454
576 342
558 1882
1324 1645
990 1131
1165 1329
722 1921
1368 1726
994 98
571 553
962 755
1383 475
553 1580
1175 271
1384 394
1397 757
1403 1777
569 1329
574 43
529 1067
1412 802
963 154
726 270
1330 885
965 687
1001 350
1005 931
1179 18
583 1362
570 860
1199 1379
633 93
1415 246
1337 731
363 143
639 843
1008 508
731 1781
368 249
588 1896
1338 941
641 940
1433 27
1217 1196
541 339
1349 998
732 1022
647 1379
976 158
980 1816
981 1686
1437 1173
650 1601
733 1410
590 864
1012 1261
1026 1717
630 1831
693 1719
734 1638
1028 1608
631 1089
744 1418
659 802
544 1914
580 109
556 1564
1360 440
748 1883
1442 782
986 988
557 158
370 1115
1029 1764
700 1601
1361 1222
753 1727
584 1454
1366 20
1450 44
1031 1370
1229 1644
1238 616
396 236
1462 941
720 783
1258 628
755 875
1463 917
397 473
1464 63
591 806
759 1168
771 1611
572 81
575 1420
670 436
1050 1748
400 473
1051 758
758 1996
775 1900
1259 1717
1060 755
988 773
593 222
1370 1746
1062 1255
893 466
406 1814
1466 482
1469 1220
1261 611
407 829
765 1515
607 1514
681 23
1269 103
1492 1521
415 1850
997 1316
1006 1191
1279 1275
416 177
1493 608
768 1751
418 1001
900 829
769 1292
577 112
1405 1815
770 1609
449 382
1068 1471
685 1273
471 641
610 1867
1284 850
1432 1108
1503 1335
786 821
1009 740
1438 1801
788 1
687 64
1011 1930
1453 1899
692 1720
476 320
710 1729
478 686
1070 371
1083 324
616 1815
1030 898
1286 22
1099 107
1032 1644
1100 1818
579 804
617 1202
581 56
792 237
628 3
1479 1893
1305 249
1103 1502
595 1519
1046 793
793 122
929 1987
481 1128
1048 300
1505 71
1104 87
1072 1751
636 1162
485 1511
1491 191
1513 466
1516 1529
1109 24
958 34
979 9
643 1078
998 245
721 466
1529 739
601 1865
724 924
1000 1581
1536 877
1075 1235
1520 1705
739 1265
1114 537
794 1714
490 980
654 726
1521 203
603 96
1079 1255
1541 802
1548 180
1522 1691
810 179
811 1276
1306 852
498 877
663 798
1052 1806
1551 346
604 1746
608 643
664 329
1129 1961
749 1839
500 37
1145 908
502 1454
508 249
666 861
1309 1690
613 446
1313 719
1172 1408
812 1264
781 1465
784 1044
1333 1930
1335 865
1336 1412
671 1905
1344 609
510 1085
789 1132
514 188
820 267
1352 143
823 1493
825 1000
1526 1832
679 496
1357 898
1553 754
1124 201
1555 1288
1528 1348
798 1061
1080 9
826 276
1130 1907
1133 59
1561 1083
519 401
1084 1899
804 537
1187 1826
520 164
807 1292
818 1920
620 351
522 764
1530 1880
627 1484
632 1459
680 1721
635 632
832 593
1135 1656
689 1896
1139 574
1358 1139
1215 823
526 1229
694 735
828 1574
835 3
1571 1320
1363 284
838 1070
1171 1921
702 440
833 335
1385 352
1216 57
1575 1953
1532 1891
843 775
705 908
530 1834
706 1346
1190 1758
1191 134
719 641
729 883
742 1050
1239 1335
841 627
1396 1344
1086 1379
642 664
842 518
844 964
539 1751
645 1346
1247 450
648 1816
1577 1308
543 1543
653 1591
1598 336
1200 608
752 1581
549 1077
1253 556
1538 1433
849 908
852 162
1202 168
754 393
1223 940
762 95
1225 868
767 1976
773 1497
787 1280
847 801
1087 351
656 1818
1542 600
1544 608
796 1454
1097 1652
1254 1286
1546 1072
1552 41
1098 1816
857 945
853 959
864 1441
865 906
1559 1286
1566 1394
866 1425
1228 1904
875 768
869 18
657 533
658 109
1570 1271
551 1591
1581 1644
1232 1035
797 852
1616 973
1583 365
870 318
1102 1126
1635 451
559 1649
662 1893
1119 1752
1128 1271
1401 1392
565 978
886 532
1234 969
667 1025
799 1220
1643 818
800 554
1240 1129
573 108
582 1215
1131 709
872 192
1646 1831
1260 1981
902 705
673 873
877 1900
801 1497
1245 324
1406 1022
1407 518
1134 1320
1136 351
605 1021
1262 1637
940 214
674 548
1413 717
1263 1468
1148 316
1149 1501
885 1325
675 1210
1429 1045
1656 1690
1150 929
676 146
612 529
891 1210
614 721
1666 446
1266 1265
1584 1913
943 958
946 1132
1589 1945
1597 843
618 318
1440 1653
895 1983
1154 1807
806 1842
1441 286
1272 1277
682 1476
1446 736
898 1581
1599 466
1274 1442
1603 141
1282 1718
1612 272
948 1907
899 320
619 891
901 560
621 246
644 446
808 361
905 851
1667 1828
691 868
908 1887
686 578
1448 1233
1614 1929
1621 1899
910 981
1277 801
1451 1351
697 853
1458 1233
1291 929
809 726
1287 1820
954 1447
1297 399
699 1825
1623 412
1299 875
708 1707
1468 734
1624 348
912 1021
917 924
1320 556
1625 896
817 1866
960 1229
1296 1644
920 1583
821 745
922 1797
1298 1644
936 1514
964 220
1158 1834
1168 1719
711 1867
970 1289
735 1878
1627 1644
982 99
1470 819
1675 768
746 844
774 1350
1472 1328
704 1471
1483 117
1631 536
937 325
1686 768
709 1831
1173 906
938 1132
987 1880
939 963
991 708
1647 1423
776 187
1389 764
712 1348
827 740
944 1961
778 1983
1301 678
713 1387
1484 325
1398 1847
1486 116
1304 609
1400 26
1489 777
1176 835
1688 202
727 1756
1307 1637
1177 1261
1691 1078
1696 147
1418 1275
1002 1565
836 1782
837 1964
947 1870
949 1695
845 1900
1490 247
856 1056
839 1447
1181 500
1182 531
1321 341
862 1705
1427 542
1195 802
1495 1636
1499 1082
1500 386
1700 255
1013 1036
1506 1519
952 725
1508 1101
1702 16
1431 1408
1512 755
1214 1072
1648 1782
1329 1194
780 1672
1221 1388
995 1491
1518 1727
953 285
1222 1408
1449 1293
1226 1323
1331 73
1524 276
1534 1050
1017 1511
1236 1466
1703 1855
966 780
1332 601
1535 1444
822 16
868 643
888 383
876 1681
1020 456
1726 586
968 1903
1044 1078
894 68
1545 128
1554 643
1651 597
1021 1161
975 1763
1117 68
879 106
1661 1474
1341 116
881 565
1237 89
1727 768
887 838
1192 1468
1242 1536
999 725
1003 1098
1663 916
1556 346
1194 1963
1485 1732
1664 842
1022 690
1081 1623
1669 40
1674 1385
1205 49
1244 303
1248 1999
1488 1671
973 27
1024 715
1509 1475
989 1442
1706 843
1212 1409
890 877
1034 1216
1121 394
1709 1681
992 978
1251 1970
1159 1265
1249 1619
892 731
896 1536
1733 1347
1180 1216
904 1137
1039 315
1007 904
1343 1639
1256 1082
1188 851
1354 1470
1738 1989
1376 1261
1377 1162
1280 1308
1042 34
1010 1814
1725 1511
1743 79
1302 946
1204 665
1510 329
1303 1127
1053 134
1265 609
1054 643
1729 837
1525 1827
1015 1779
1057 59
1751 116
906 1189
1058 988
1734 596
1740 628
1315 550
1318 1162
1745 906
1059 1845
1558 596
1061 1220
1587 1025
1750 1614
1757 1646
907 222
1267 430
1270 721
1768 641
1755 1199
1379 1636
1323 608
1560 1820
914 452
1760 1652
1590 185
915 1125
1381 20
1063 732
1600 1493
1765 636
921 1439
1016 862
1325 260
1773 889
1775 1422
1275 1513
923 217
1294 1440
1386 1484
1611 1899
1392 1323
1774 487
1404 630
1626 749
1410 1437
924 1948
1328 1920
1778 635
925 1581
1334 1850
1564 106
1567 1228
1569 253
1065 611
1779 107
1776 733
1327 643
1342 960
1018 426
1419 734
1785 938
1388 601
1276 1117
1019 197
1780 313
1023 1574
1395 1452
1465 1000
1278 1816
1281 1475
1572 57
1471 108
1348 1307
941 2
1283 495
1066 731
1421 234
1796 996
1786 931
1657 1603
1373 1745
1576 329
1074 1069
1285 812
1658 1237
1288 655
1027 1629
1788 1806
1422 1044
1798 184
1802 1169
1498 1306
1580 1644
950 1520
1295 106
1041 52
1501 180
1586 284
974 321
1803 925
1591 1751
1789 7
1390 1271
1043 367
1668 411
1425 1378
1088 843
1592 1086
1430 1940
1106 1253
1047 1444
1601 1220
1435 483
1089 453
1804 1392
1091 1466
1178 1043
1308 1891
1439 1023
1676 340
1517 688
1602 520
1093 1953
1311 1991
1312 249
1049 1436
1679 764
1604 1705
1227 205
1096 1646
1314 1307
1417 1779
1316 1441
1101 48
1819 202
1055 79
1056 1014
1317 733
1790 599
1684 1264
1064 1497
1444 1691
1108 1332
1540 1896
1326 450
1791 1137
1690 2
1821 104
1824 999
1838 1966
1608 1898
1364 1010
1793 1223
1067 501
1110 693
1841 1316
1578 690
1695 1290
1391 843
1613 588
1708 1337
1579 311
1402 1233
1339 1791
1071 1078
1414 823
1424 782
1459 690
1477 112
1452 24
1481 1157
1593 890
1112 73
1794 1017
1346 1061
1713 1794
1455 821
1615 1357
1852 1920
1467 1422
1347 1116
1350 136
1721 1717
1736 1393
1855 979
1807 1745
1742 349
1620 777
1113 1880
1622 1961
1752 897
1351 952
1123 1267
1759 1788
1487 469
1606 1502
1473 1233
1860 1647
1423 711
1810 446
1076 863
1764 386
1630 1011
1628 539
1447 1900
1637 399
1792 768
1641 333
1629 1259
1474 634
1632 1842
1456 663
1137 426
1634 1440
1639 537
1866 399
1549 1105
1582 802
1826 1362
1077 988
1138 1792
1642 557
1140 1406
1144 280
1605 487
1867 164
1353 674
1090 1519
1868 1270
1476 299
1355 1955
1805 324
1640 1258
1869 485
1092 386
1478 37
1870 641
1480 483
1645 452
1650 1500
1356 1938
1146 1261
1644 1751
1151 1806
1156 1054
1365 1938
1827 1987
1654 1816
1482 1086
1494 826
1655 1809
1660 1961
1161 1447
1166 107
1167 1542
1367 534
1683 431
1496 715
1610 847
1830 1292
1649 245
1369 1073
1371 767
1662 663
1169 827
1170 335
1094 770
1095 843
1497 1166
1833 964
1372 531
1374 117
1876 1207
1665 1409
1877 301
1685 428
1701 819
1670 1189
1880 1818
1174 520
1835 1727
1183 1161
1811 906
1843 1805
1457 338
1845 351
1475 1072
1375 1549
1378 724
1671 1097
1710 871
1504 350
1816 1388
1828 1120
1380 565
1718 732
1502 27
1732 443
1834 1887
1105 1541
1766 735
1839 198
1120 1072
1677 1492
1511 1341
1848 1453
1507 1077
1515 946
1387 390
1853 1903
1393 1535
1185 557
1886 1507
1514 1955
1888 1137
1193 220
1394 1169
1672 1264
1543 1867
1126 600
1857 1623
1678 253
1399 952
1680 441
1563 270
1896 273
1408 877
1519 1727
1863 1505
1844 417
1157 1940
1595 1989
1523 1395
1409 1339
1772 1428
1897 314
1782 12
1527 1561
1196 1135
1851 1885
1619 1357
1207 1602
1531 405
1697 755
1858 714
1682 828
1210 1465
1719 15
1861 1831
1871 800
1231 576
1865 1691
1735 1714
1879 775
1689 220
1537 613
1692 1064
1881 1592
1198 1050
1906 1126
1882 399
1917 1351
1539 1494
1547 214
1884 534
1893 1622
1633 1451
1411 1015
1885 329
1908 1694
1201 1541
1652 1216
1206 128
1416 552
1550 1147
1784 711
1208 1933
1812 1690
1822 1399
1659 908
1420 1034
1426 973
1912 324
1673 1494
1918 1189
1211 431
1744 3
1681 1866
1434 345
1436 775
1557 41
1693 1784
1246 1827
1746 2
1748 1680
1213 1071
1894 1563
1345 662
1895 188
1694 399
1687 1686
1758 263
1724 1295
1913 1514
1698 1675
1218 922
1731 1596
1562 1498
1241 1122
1443 1546
1930 1339
1699 1866
1940 1034
1763 347
1925 1052
1823 770
1704 45
1754 736
1359 608
1795 998
1901 1076
1926 1167
1445 1751
1770 518
1707 768
1565 862
1799 1772
1903 1866
1711 917
1712 496
1801 1307
1454 123
1568 1433
1820 371
1911 1258
1825 203
1919 472
1943 1637
1300 1868
1829 552
1716 696
1831 608
1460 516
1931 1126
1340 1842
1856 1092
1461 930
1533 1891
1859 1687
1948 1686
1862 745
1892 1581
1382 74
1837 770
1428 1341
1594 583
1846 1794
1638 1882
1849 878
1932 1509
1936 133
1898 819
1933 473
1899 1072
1842 1574
1722 1138
1609 1842
1938 904
1950 1896
1573 940
1728 257
1937 1497
1965 1062
1714 825
1904 801
1588 1273
1905 1299
1915 893
1941 1281
1730 1091
1741 1531
1872 1667
1747 86
1753 1448
1739 1626
1875 709
1574 1727
1947 1443
1927 1686
1787 1444
1952 1189
1873 1527
1756 802
1596 1275
1705 1189
1814 107
1761 204
1949 773
1889 719
1717 265
1607 1253
1951 1392
1939 475
1890 578
1967 859
1617 719
1945 1758
1891 825
1970 738
1955 1022
1902 50
1900 3
1983 11
1910 273
1964 1763
1762 1304
1847 1775
1585 1930
1636 1705
1618 1572
1909 316
1985 1521
1966 627
1715 35
1953 41
1887 1072
1653 475
1969 1691
1749 310
1767 1319
1769 185
1771 1307
1971 979
1920 1059
1987 566
1723 1960
1956 1513
1781 1295
1990 889
1800 1894
1946 475
1783 1388
1832 931
1928 1561
1921 235
1960 770
1850 1322
1806 1258
1973 883
1972 1100
1979 1619
1957 1602
1958 63
1980 450
1720 57
1968 922
1998 1939
1923 1682
1977 1817
1999 1642
1954 354
2000 1261
1797 628
1808 1272
1737 1083
1777 721
1929 632
1995 1776
1878 993
1817 1170
1818 1797
1944 953
1976 251
1959 1949
1836 1900
1854 446
1864 1948
1981 1422
1992 318
1809 1281
1982 545
1984 1587
1914 906
1924 1009
1813 1612
1961 116
1989 83
1996 1373
1934 1877
1942 802
1962 1284
1815 377
1986 1086
1840 1447
1874 1542
1883 1471
1974 22
1988 1714
1916 1472
1994 385
1907 725
1991 1408
1963 865
1975 1680
0 0
1922 1502
1935 1319
1993 893
1978 139
1997 72
