2000 1999
1435 1 372
551 1 621
1804 1 1775
96 1 402
1618 1 625
1188 1 990
1082 1 1211
1108 1 1676
1759 1 1168
1528 1 960
526 1 628
1348 1 1270
1883 1 898
1399 1 1168
396 1 1103
1993 1 496
655 1 372
406 1 455
1500 2 928 1464
931 1 784
423 1 727
564 1 1267
155 2 699 1083
1765 1 573
1270 1 1741
1239 1 42
613 1 865
537 1 1749
817 1 109
1638 1 127
729 1 1557
1508 1 1665
925 1 874
107 1 751
787 2 265 1288
57 1 83
251 1 879
147 1 281
1845 1 630
195 2 431 1111
1175 1 1365
1858 1 611
27 1 1055
1171 1 1061
328 1 1933
255 1 1264
573 1 1723
23 1 198
507 1 216
1044 1 1192
2000 1 236
448 1 1891
917 1 494
373 1 575
1901 1 1217
404 1 752
1272 1 936
1680 1 409
815 1 740
392 1 1066
405 1 1432
931 1 1574
180 1 222
712 1 1567
1773 1 784
1765 1 1334
1056 1 1595
486 1 659
1869 1 573
1604 1 1133
812 1 608
931 1 1295
302 1 505
1483 1 18
789 1 867
860 1 1200
66 1 1872
216 1 1786
373 1 1755
1059 1 402
881 1 1455
945 1 1417
996 1 424
2000 1 1816
706 1 241
1544 1 1235
1995 1 630
637 1 1510
1723 1 877
112 1 671
1240 1 1392
929 1 1347
356 1 1265
1426 1 1
322 1 341
873 1 1617
1554 1 1754
274 1 1611
1998 1 419
108 1 348
1149 1 1554
582 1 1050
322 1 901
668 1 411
1303 1 501
1679 1 781
1673 1 911
1035 1 746
808 1 1745
713 1 723
709 1 678
1559 1 654
558 1 425
1323 1 996
1271 1 878
1793 1 839
1751 1 1989
1586 1 1620
9 1 1350
213 1 1216
423 1 1603
936 1 118
1891 1 1741
1850 2 486 1603
781 2 1212 1516
1757 1 359
82 2 1110 1944
826 1 87
406 1 392
1779 1 907
9 1 1654
539 1 1741
1793 1 1422
1018 1 721
875 1 1029
279 1 1716
1264 2 602 1589
781 1 917
1310 1 1802
1721 1 1768
1094 1 965
935 1 1015
1900 1 731
1615 1 1612
1858 1 384
1534 1 1801
1717 1 1073
1938 1 631
502 2 1262 1308
467 1 1358
770 1 1255
1616 1 1378
664 1 1499
1938 1 1619
1641 1 330
1958 1 1666
657 1 1982
1528 1 848
1773 1 47
1219 1 326
674 1 1350
364 1 208
1521 1 999
52 1 862
411 1 760
1353 1 122
249 1 429
1419 1 372
1606 1 317
761 1 163
33 1 505
831 1 296
1032 1 181
1938 1 895
1883 1 1540
1241 1 1489
1572 1 989
1847 1 891
1851 1 221
391 1 1611
748 1 68
1238 1 817
595 1 409
899 1 1298
1654 1 178
1021 1 1735
712 1 337
963 1 1899
1638 1 700
52 1 1930
789 1 1970
711 1 1059
206 2 31 1650
166 1 990
1565 1 1226
761 1 1587
1940 1 1423
1002 1 1594
186 1 1942
1265 1 1638
1700 1 818
334 1 900
942 1 302
1825 1 1532
30 1 618
1011 1 1550
1752 1 1781
265 1 1950
1937 1 1713
1145 1 1120
1433 1 1227
349 1 601
1439 1 594
1072 1 564
1977 1 1135
587 2 1346 1982
1559 1 33
1441 1 1236
924 1 1817
918 1 1343
1458 1 432
1221 1 1898
1526 1 1797
517 1 1670
1528 1 207
1023 1 252
767 1 1049
1238 1 917
117 1 1732
1011 1 1449
1894 1 18
782 1 66
154 1 306
702 1 1399
1641 1 1228
1324 1 477
1991 1 454
1981 1 1400
1282 1 137
297 1 1212
1051 1 728
1432 2 859 1143
1236 1 1711
295 3 456 489 1980
1761 1 422
158 1 537
344 1 64
893 1 1883
1091 1 1062
899 1 643
112 1 1152
255 1 636
740 1 1529
1016 1 749
1433 2 293 1131
1657 1 1482
298 1 815
736 1 728
1654 1 305
756 1 1882
1186 1 1350
1067 1 671
1232 1 911
141 1 697
420 1 1180
1271 1 1210
1772 1 334
1102 1 1877
1981 1 550
60 1 1037
69 1 885
797 1 1854
1698 1 470
860 1 950
216 1 946
42 1 1945
1415 1 1071
93 1 306
658 1 912
108 1 968
1037 1 1378
1459 1 376
133 1 1047
1593 1 1915
1683 1 1551
1344 1 1236
1894 1 1001
1713 1 580
1429 1 1020
635 1 1027
1156 1 899
1961 1 361
1263 1 935
658 1 952
87 1 1098
1093 1 391
255 1 1557
1659 1 391
1844 1 181
509 1 242
135 1 247
1658 1 440
1426 1 1898
388 1 1586
149 1 1499
505 1 1758
1222 1 65
1436 1 1883
194 1 285
1192 1 1045
1385 1 686
659 1 1624
968 1 114
1631 1 1612
78 1 488
1689 1 1169
1447 1 686
1754 2 1014 1642
1175 1 816
1023 1 1436
158 1 24
850 1 454
1350 1 134
1290 1 922
70 1 1197
371 1 1147
1252 1 1694
1647 1 884
1055 1 167
409 1 542
116 1 1275
1267 1 1178
170 1 1451
1705 1 18
1618 1 203
1067 1 1530
334 1 785
1895 1 1783
1218 1 124
246 1 1138
1103 1 1603
1155 1 1814
191 1 1957
935 1 172
1146 1 1395
1664 1 1563
582 1 1344
51 1 630
1433 1 50
1193 1 1891
1056 1 1121
1159 1 1468
170 1 1728
1299 1 873
874 1 1313
1203 1 1873
1247 1 1399
1809 1 174
293 1 1757
263 1 114
754 1 79
838 1 148
587 1 596
1970 1 347
1995 1 1248
1488 1 663
1329 1 827
1511 1 922
1752 1 1194
5 1 1743
963 1 241
302 2 1111 1159
572 1 1611
1878 1 1535
607 1 1370
573 1 133
1454 1 476
1998 1 1556
1177 1 958
106 1 1425
1347 1 1274
1464 1 175
1469 1 1380
836 1 717
91 1 889
1757 1 1434
1063 1 675
662 1 1601
1535 1 8
501 1 813
1302 1 1967
761 1 17
699 1 1838
1228 1 1403
1649 1 1700
860 1 1183
1476 1 160
68 1 1723
1713 1 791
1531 1 1766
16 1 1647
1747 1 722
1010 1 1459
486 1 372
1687 1 794
763 1 1215
1519 1 1347
15 1 1447
1146 1 463
1599 1 1150
670 1 806
1176 1 815
1363 1 1018
1247 1 1114
1132 1 83
448 1 997
686 1 1255
1998 1 1741
845 1 1167
364 1 1908
942 1 462
1281 1 187
409 1 1298
420 1 497
768 1 1958
1147 1 406
1444 1 423
1359 1 1612
1165 1 42
369 1 73
1748 1 285
189 1 261
1347 1 1808
1218 1 540
106 1 857
1032 1 1854
2000 1 516
1323 1 1394
1198 1 745
137 1 823
1267 1 439
1190 2 93 1404
1072 1 1231
1165 1 18
1900 1 152
1464 1 474
540 1 1246
1818 1 51
540 1 1868
261 1 1267
1803 1 548
1696 1 515
298 1 438
297 1 53
502 1 1576
1602 1 530
1499 1 257
898 1 1548
1973 1 296
384 1 1655
50 1 1764
1737 1 58
1554 1 1623
1613 1 1449
1896 1 1804
1046 1 641
36 1 1897
988 1 181
956 1 524
572 1 1974
1469 1 333
352 1 1436
207 1 399
1234 1 337
1518 1 971
541 1 1470
21 1 281
543 1 1708
1971 1 29
1426 1 943
1540 1 413
968 1 1957
328 1 1041
1983 1 318
1862 1 558
207 1 132
1644 1 967
1432 1 1404
805 1 1528
1786 1 192
1701 1 851
580 1 166
350 1 270
377 1 1792
1120 1 275
946 1 1935
522 1 1947
1519 1 259
389 1 1650
1203 1 1775
1752 1 615
1537 1 1878
424 1 568
1561 1 236
1405 1 736
1043 1 723
669 1 1195
859 1 1826
633 1 433
1345 1 548
1444 1 1605
1222 1 1963
235 3 487 1027 1596
1374 1 723
189 1 1742
506 1 1920
1002 1 1691
1256 1 44
1474 1 1287
407 1 1621
1009 1 239
321 1 180
752 1 879
686 1 1662
1247 1 1220
237 1 1923
121 1 1381
713 1 983
995 1 1407
857 1 500
1515 1 806
395 1 1471
1726 1 1580
1757 1 826
1862 1 821
1999 1 188
444 1 245
1517 1 1793
700 1 1144
349 1 113
1208 2 758 1922
1301 1 457
23 1 1644
1663 1 840
1847 1 368
713 1 219
1018 1 673
762 1 566
1254 1 904
1802 1 41
1203 1 435
423 1 297
158 2 1698 1951
285 1 181
995 1 425
298 1 382
1433 1 1230
246 1 176
774 1 1042
15 1 1679
1252 1 66
1485 1 614
1513 1 481
797 1 1189
582 1 797
1021 1 1623
1343 1 1972
686 1 1657
922 2 68 464
1180 1 723
238 1 298
945 1 1271
1803 1 1091
1783 1 103
1008 1 1706
1630 1 861
552 1 1647
1303 1 3
1405 1 1758
330 1 1399
1608 1 1525
783 1 1543
1548 1 476
1243 1 154
1024 1 68
1889 1 844
409 1 989
742 1 536
1477 1 1972
15 1 1546
624 1 1982
862 1 525
233 1 1022
1 1 494
83 1 1845
855 1 1936
170 1 1010
1704 1 1656
731 1 1153
1377 1 617
1565 1 833
850 1 832
1921 1 589
797 1 1273
293 1 1116
1917 1 1869
785 1 1246
276 1 53
1960 1 1900
75 1 1167
190 1 772
1011 1 328
155 1 236
1448 1 1693
1398 1 389
1263 1 46
1392 1 1783
1193 1 1059
1998 1 812
1036 2 1218 1362
37 1 147
903 1 257
1747 1 1277
1141 1 1273
1323 1 1759
1141 1 862
1432 1 800
1217 1 385
968 1 1813
1521 1 1158
999 1 29
1102 1 1093
748 1 1286
1461 1 1104
1405 1 1381
50 1 355
778 1 1633
789 1 699
886 1 1124
523 1 414
925 1 1093
370 1 1214
23 1 1635
649 1 1529
88 1 775
257 1 1994
1588 1 1202
712 1 1216
1492 1 1802
78 1 662
907 1 946
1089 1 804
116 1 1807
394 1 274
158 3 278 595 1047
1355 1 1626
602 1 446
1609 1 1967
1528 1 1873
240 1 107
54 1 371
170 1 1332
1767 1 1636
434 1 247
1545 1 605
1032 1 756
114 1 1228
854 1 1076
1349 1 1945
1177 1 16
713 1 59
800 1 852
925 1 1931
662 1 1444
1745 1 1572
1679 1 1703
1715 1 1705
1476 1 1952
1431 1 223
488 1 1520
711 1 410
1253 1 1403
1516 1 15
500 1 246
748 1 510
1925 1 1294
1817 1 1615
1749 1 1882
1469 1 676
347 1 1693
1050 1 788
1323 1 953
1365 2 1822 1909
1270 1 1765
1932 1 113
1267 1 902
1467 1 623
1466 1 406
1661 1 660
689 1 1722
90 1 918
1084 1 581
1717 1 70
1210 1 1416
1330 1 75
1361 1 354
1123 1 273
1159 1 1312
383 1 1631
1228 1 1604
1158 1 1032
350 1 206
1609 1 990
855 1 550
650 1 1070
1454 1 96
36 1 790
749 1 1826
1813 1 1447
1083 1 884
1769 1 1246
1013 1 38
1244 1 33
557 1 1008
297 1 1259
169 1 448
1561 1 644
1595 1 335
112 1 1089
1715 1 389
1693 1 794
214 1 1730
932 1 1540
958 1 408
207 1 537
1771 1 1112
1687 1 1864
1631 1 62
653 1 552
1203 1 110
978 1 164
246 1 1936
1616 1 1362
1687 1 1440
467 1 92
1266 1 694
1469 1 1362
1091 1 988
1971 1 834
862 1 526
1819 1 1008
1240 1 765
1606 1 1647
51 1 572
1991 1 468
890 1 330
1164 1 1822
1754 1 824
1671 1 1794
1667 1 758
976 1 1900
330 1 1571
832 1 577
99 1 836
1213 1 869
1084 1 952
1726 1 434
488 1 307
670 1 1858
1006 1 1277
1759 1 635
1292 1 626
1296 1 603
1687 1 1118
2 1 354
552 1 458
774 1 301
822 1 332
425 1 1717
1056 1 1817
1528 1 1425
495 1 905
353 1 492
189 1 1770
1900 1 1911
1974 1 1960
845 2 564 1326
274 1 426
1416 1 991
577 1 1817
1486 1 97
1634 1 576
179 1 444
850 1 845
1604 1 792
984 1 1538
1252 1 1907
1667 1 249
1727 1 1018
831 1 1508
224 1 363
57 1 1881
496 1 997
796 1 648
169 1 1302
1572 1 955
1761 1 1299
1588 1 1700
1559 1 1834
1094 1 1457
91 1 88
1991 1 1772
1679 1 863
1466 1 1486
57 1 1118
1932 1 312
240 1 347
1651 1 1252
1761 1 444
1176 1 1204
371 1 1704
1433 1 1870
405 1 618
1741 1 333
462 1 570
1312 1 738
1334 1 1442
1978 1 765
1771 1 38
353 1 1259
1909 1 1375
73 1 1330
1293 1 1643
940 1 609
1991 1 668
90 1 1328
782 1 160
1858 1 1095
458 1 1139
1109 1 1293
1154 1 1997
1338 1 1521
623 1 1694
521 1 1484
1063 1 1546
1894 1 159
1268 1 269
1496 1 1517
829 1 236
1634 1 1288
1190 1 20
1063 1 758
374 1 1973
659 1 897
2000 1 1521
334 1 1646
671 1 1820
306 1 356
1208 1 716
1361 1 1439
1258 2 630 784
1858 1 884
664 1 113
284 1 1879
445 1 506
265 1 1679
471 1 904
1415 1 1632
1996 1 1840
472 1 1638
113 1 1898
589 1 1624
1091 1 693
1607 1 1015
925 1 1621
1476 1 183
216 1 1707
1322 1 1739
213 1 1682
838 2 307 1331
1669 1 1011
669 1 1205
1293 1 1261
93 1 319
1624 1 16
21 1 1422
467 1 482
664 1 516
1230 1 1673
2000 1 551
1451 1 820
57 1 1560
1991 1 121
1540 1 488
1532 1 901
1021 1 130
403 1 1242
67 1 424
850 1 267
5 1 219
477 1 865
1043 1 1568
313 1 1546
1269 1 729
1917 1 96
1790 1 1155
282 1 125
862 1 1301
293 1 1927
246 1 980
505 1 99
882 1 1283
963 1 543
763 1 690
1184 1 557
574 1 806
52 1 1144
1337 1 921
322 1 436
196 1 1214
738 1 1442
1262 1 1664
463 1 1747
500 1 1880
349 1 1857
896 1 778
515 1 1749
565 1 1188
225 1 1164
465 1 1173
876 1 512
817 1 482
1963 1 1094
1609 1 735
1263 1 656
1580 1 505
523 1 1628
1304 1 1273
987 1 413
908 1 1732
1085 1 1119
238 1 41
1942 1 1810
735 1 322
246 1 1676
1254 1 1876
1738 1 41
1998 1 600
1751 1 1263
135 1 1356
1001 1 756
93 1 22
1957 1 1964
1213 1 602
830 1 1634
1551 1 1791
1890 1 1015
1025 1 439
323 1 527
1381 2 998 1296
1476 1 349
1463 1 1955
1338 1 1172
510 1 1932
951 1 676
1469 1 587
103 1 1545
850 1 1408
356 1 33
640 1 1495
1690 1 1380
961 1 565
1715 1 321
1614 1 1623
26 1 743
1097 1 61
1408 1 1273
68 1 214
1082 1 622
983 1 113
681 1 847
1035 1 251
1147 1 612
1721 1 1386
1607 1 564
375 1 215
75 1 1894
976 1 1238
1032 1 639
1890 1 799
1701 1 1484
673 1 159
917 2 848 1847
511 1 320
1970 2 351 1158
52 1 1731
387 1 999
1931 1 925
1715 1 263
936 1 1787
608 1 334
467 1 375
1847 1 1966
364 1 1759
814 1 249
1322 1 445
1312 1 137
945 1 1632
242 1 700
557 1 1193
78 1 1410
689 1 1821
1094 1 1720
967 1 389
684 1 58
781 1 565
1760 1 1404
1035 1 908
919 1 1086
1499 1 1221
1361 1 1307
862 1 327
1723 1 1553
677 1 535
1514 1 1654
740 1 1523
1394 1 825
1574 1 1358
673 1 1294
1043 1 1955
643 1 122
1343 1 953
1720 1 1218
355 1 1624
850 1 1611
1644 1 556
148 1 36
972 1 863
961 2 396 1251
1641 1 25
1816 1 551
1574 1 1316
1422 1 1388
1381 1 1857
124 1 1575
471 1 1808
1679 1 293
1576 1 674
1001 1 289
1035 1 1334
423 2 304 1663
310 1 1189
1093 1 1965
1202 1 1471
29 1 1785
1097 1 1055
1097 1 1478
492 1 463
998 1 887
1626 1 685
1894 1 1628
1283 1 143
364 1 1464
240 2 296 808
1468 1 1949
1147 1 462
586 1 1676
1699 1 1923
364 1 1439
614 1 844
606 1 1438
622 1 966
1254 1 380
1841 1 1872
99 1 350
1741 1 855
1359 1 1879
1097 1 798
1801 1 185
968 1 271
1315 1 231
1936 1 733
568 1 1650
1651 1 1021
1267 1 1993
1864 1 287
1248 1 927
1385 1 1333
1156 1 732
372 1 1969
158 1 1703
877 1 30
1793 1 292
1604 1 262
1109 1 46
224 1 1034
1644 2 933 1033
1010 1 281
824 1 1170
906 1 1046
405 1 1524
823 1 659
1240 1 151
1684 1 1826
573 1 1026
1963 1 1634
1674 1 1896
848 1 1828
1091 1 1855
1338 1 976
1132 1 1283
789 1 1217
582 1 595
754 1 1755
1265 1 218
1679 1 1461
1631 1 1094
1120 1 1743
1261 1 1320
1649 1 1399
388 1 1156
36 2 1231 1645
985 1 219
666 1 59
1634 1 1436
1459 1 1339
1057 1 1005
1391 1 1363
51 1 1
839 1 284
934 1 1979
145 1 1169
279 1 430
1409 1 98
1966 1 1168
845 1 1621
1036 1 1194
1649 1 1420
1820 1 1692
1467 1 1225
1747 1 1836
240 1 1140
159 1 328
1669 1 1837
76 1 1795
876 1 1940
557 1 154
211 2 1348 1833
1229 1 1590
287 1 36
1231 1 1412
1932 1 363
629 1 1353
1769 1 739
1080 1 410
60 1 81
766 1 895
158 1 1755
282 1 509
1889 1 1546
979 1 595
641 1 1174
1747 1 1270
1131 1 267
225 1 1352
742 1 132
1448 1 1192
1892 1 771
1254 1 831
126 1 272
1032 1 558
701 1 552
764 1 329
1156 1 1325
1497 1 1954
721 1 10
71 1 995
1478 1 1983
1338 1 1152
587 1 152
1312 1 884
445 1 172
73 1 218
591 1 688
1990 1 1902
1739 1 915
899 1 839
880 1 1263
976 1 699
91 2 951 1057
1993 1 461
756 1 1949
333 1 1682
1963 1 1244
1335 1 1198
1932 1 1543
1832 1 711
44 1 666
1406 1 1870
721 1 851
460 1 96
1459 1 872
1559 1 732
976 1 446
1991 1 1146
225 1 1735
1221 1 228
255 1 1768
1177 1 587
1 1 822
491 1 1718
414 1 346
1747 1 1624
1576 1 1678
715 1 1966
1741 1 1462
613 1 566
812 1 1442
1046 1 1134
1525 1 143
145 1 148
99 1 1545
1170 1 178
1730 1 610
1528 1 1166
1223 1 1282
575 1 907
854 1 740
1726 1 763
456 2 488 1535
135 1 563
1998 1 1987
497 1 1929
287 1 1312
1371 1 1322
724 1 1249
405 1 1106
467 1 573
1205 1 947
1361 1 383
121 1 144
1602 1 272
875 2 307 980
1258 1 1932
754 1 368
82 1 682
1755 1 189
510 1 246
1189 1 1753
1614 1 94
706 1 445
246 1 905
23 1 462
561 1 409
1101 1 915
1179 1 62
80 1 799
748 1 884
1905 1 1415
830 1 1248
961 1 1769
448 1 779
1205 1 1317
822 1 909
1632 1 98
1831 1 1421
155 1 1864
388 1 1355
850 1 655
1559 1 905
246 1 743
392 1 116
641 1 1775
520 1 305
1681 1 445
1076 1 1713
736 1 1905
1210 1 1640
1131 1 1075
302 1 1054
1504 1 223
1403 1 820
669 1 870
558 1 960
441 1 1474
1695 1 464
1528 1 681
155 1 774
1769 1 281
1695 1 955
596 1 1688
1264 1 1617
245 1 135
763 2 124 1457
880 1 822
639 1 1749
1752 1 1372
116 1 1400
1500 1 300
1058 1 87
1120 1 115
1917 1 1377
1713 1 259
1693 1 1532
1394 1 1128
1786 1 1580
689 1 774
1086 1 1831
1912 1 1263
597 1 1351
1582 1 1420
190 1 284
1992 1 1006
955 1 1781
1679 1 1808
1422 1 947
1844 1 1365
1483 1 1706
503 1 274
460 1 734
1343 1 808
448 1 1441
1353 1 1545
217 1 844
955 1 725
207 1 570
761 1 50
1343 1 1063
339 1 1858
1563 1 545
1244 1 62
1209 1 903
1524 1 1190
805 1 1566
14 1 1112
584 1 276
2000 1 253
1405 1 736
293 1 557
1219 1 768
1280 1 1066
211 1 1133
662 1 602
724 1 1175
846 1 647
660 1 398
1131 1 1621
812 1 1014
748 1 1729
126 1 1066
761 1 164
1602 1 952
761 1 1444
1065 1 672
908 1 1220
1921 1 397
1111 1 1494
1164 1 265
293 1 1910
1377 2 94 295
2000 2 1208 1256
886 1 1262
242 1 201
1064 1 1680
1424 1 722
832 1 1815
1731 1 321
271 1 1714
644 1 667
1567 1 958
558 1 637
933 1 311
1077 1 636
1786 1 589
1769 1 276
818 2 521 1977
1621 1 1824
641 2 793 812
1988 1 1140
169 1 487
1035 1 601
1761 1 788
1760 1 929
356 1 1728
1804 1 415
1176 1 864
413 1 994
207 1 1213
913 1 1646
725 1 1827
1527 1 1408
797 1 1274
1301 1 632
1126 1 1920
1001 1 668
503 1 1138
1231 1 1344
1971 1 953
135 1 217
1264 1 1305
857 2 531 1461
1322 1 50
293 1 757
1490 1 594
420 1 1196
216 1 213
116 1 85
1931 2 867 1809
1554 1 357
61 1 1928
230 1 1559
1199 2 1590 1613
699 1 1192
948 1 903
251 1 190
1995 1 521
664 1 221
1433 1 776
539 1 290
102 1 1524
900 1 1277
756 1 629
264 1 144
1361 1 1207
252 1 1573
255 1 515
1951 1 1053
1503 1 669
1117 1 1838
1010 1 703
374 1 1420
1272 1 532
850 1 144
219 1 787
770 1 265
1658 1 806
1013 1 1869
700 1 1079
1679 1 90
1337 1 1619
1010 1 36
764 1 1510
1294 1 234
1165 1 1153
370 1 1325
1118 1 70
1638 1 1928
1747 1 1785
1786 1 1914
1938 1 510
1050 1 89
1388 1 311
1486 1 1181
1590 1 568
1803 2 10 744
213 1 1100
1930 1 524
211 1 179
333 1 505
94 1 1598
1545 1 1400
208 2 635 828
72 1 960
212 1 1887
1417 1 1248
679 1 682
1476 1 1534
397 1 172
925 1 1212
1081 1 851
976 1 1961
719 1 349
966 1 411
1032 1 1222
1497 1 1275
2000 1 763
968 1 1640
1612 1 720
1171 1 756
1272 1 1105
809 1 1337
820 1 1742
448 1 1719
1131 1 434
152 1 194
557 1 1137
296 1 1535
1506 1 1315
1115 1 1719
482 1 1157
1044 2 1402 1936
748 1 1035
1050 1 711
141 1 1863
1021 1 1418
70 1 1851
1091 2 876 1960
1873 1 1525
1624 1 191
976 1 1329
1926 1 382
1392 1 422
1405 1 90
1678 1 1003
1551 1 337
1097 1 760
36 1 174
1706 1 1763
956 1 1857
1595 1 911
1190 1 985
1560 2 614 1592
658 1 631
934 1 1006
235 1 1777
1469 1 821
1077 1 285
87 1 1392
1693 1 344
1356 1 422
993 1 1634
1254 1 360
1559 1 778
1318 1 738
1572 1 818
164 1 658
1465 1 842
1433 1 1466
1574 1 1216
1454 1 77
799 1 1871
721 1 231
742 1 1134
87 1 706
1622 1 1686
2 1 1346
1138 1 449
126 1 260
116 1 783
1672 1 1566
1593 1 853
1848 1 169
1981 1 1423
1752 1 803
1513 1 390
114 1 841
1057 1 539
1135 1 1590
604 1 1640
1723 1 1287
637 1 1907
671 1 1058
591 1 1682
1970 1 1405
1065 1 1741
1462 1 1067
848 1 995
768 1 1965
1609 1 360
873 1 680
1731 1 391
1746 1 1001
1399 1 874
1988 1 384
1388 1 1748
1961 1 1861
1502 1 244
1113 1 180
14 1 345
1285 1 490
1189 1 683
604 1 434
1338 1 388
1921 1 1183
625 1 360
1006 1 1374
1832 2 1148 1944
479 1 766
1799 1 187
1127 1 139
149 1 144
1441 1 334
924 1 782
1734 1 1741
1380 1 1653
852 1 1503
265 1 1070
553 1 544
299 1 1597
582 1 1151
182 1 600
142 1 1613
892 1 669
1587 1 1759
125 2 1278 1605
1271 1 455
1727 1 822
1507 1 688
230 1 131
571 1 257
1731 1 832
1793 1 1031
33 1 1647
170 1 1014
849 1 1053
582 1 1194
255 1 1218
1940 1 1343
1097 1 361
1620 1 841
1234 1 602
1027 1 1373
61 1 1055
886 1 631
1784 1 1411
1627 1 1086
741 1 1454
783 1 985
564 1 431
1915 1 1014
513 1 1132
1930 1 1444
664 1 569
1782 1 1201
1587 1 490
568 1 424
71 1 1911
1894 1 1649
392 1 601
1361 1 1224
629 1 1408
296 1 838
853 1 909
1644 1 226
1587 1 1946
403 1 382
566 1 206
467 1 794
1528 1 133
1196 1 1029
1513 1 466
1402 1 1090
850 1 730
1359 1 1599
917 1 1267
96 1 415
201 1 1887
84 1 1638
1818 1 1192
491 1 698
500 1 403
946 1 1754
1008 1 1809
371 1 473
386 1 704
1301 1 1271
1190 1 1618
1097 1 707
1254 1 910
1651 1 1774
1091 1 1692
1836 1 1431
482 1 817
689 1 378
1554 1 1961
1424 2 485 970
1094 1 1687
1925 1 990
1559 1 308
319 1 1490
1117 1 76
968 1 737
96 1 347
186 1 126
1489 1 1665
843 1 796
1598 1 1450
1426 2 342 995
225 1 488
582 2 779 1736
1271 1 839
1713 1 769
296 1 875
1683 1 1295
220 1 417
1626 1 1757
79 1 1596
277 1 525
347 1 1292
1563 1 1048
705 1 1708
747 2 378 854
1010 1 1711
237 1 1426
1526 1 671
387 1 270
763 1 1880
1091 1 427
1228 1 432
582 1 46
1678 1 1352
1080 1 395
1493 1 595
917 1 1593
1032 1 4
113 1 283
789 1 1406
174 1 415
1038 1 1916
791 1 977
134 1 1612
257 1 895
1773 1 1881
126 1 826
689 1 776
164 1 321
1388 1 1829
121 1 1459
712 1 798
125 1 970
1401 1 1436
1207 1 1556
397 1 1893
449 1 649
396 1 127
1091 1 76
1381 2 2 551
1539 1 1240
845 1 273
1900 1 136
437 1 1658
71 1 67
1117 1 1037
333 1 1998
732 1 1373
1368 1 455
1035 1 1121
558 1 1788
153 1 1488
466 1 1526
1433 1 1568
1191 1 1779
597 1 863
1080 1 45
262 1 1005
736 1 1979
1970 1 363
1017 1 272
428 1 1748
1160 1 402
1516 1 683
850 1 1372
70 1 1891
1073 1 407
1476 2 1315 1899
1654 1 1930
1057 1 1563
1065 2 213 1201
1127 1 400
1126 1 944
501 1 890
1241 1 1280
1620 1 603
1563 1 541
148 1 1272
648 1 845
1572 1 639
287 1 1955
1641 1 701
396 1 88
558 1 971
497 1 32
1240 1 707
1009 1 1478
544 1 1808
814 1 1946
2000 1 1338
584 1 92
602 1 541
220 1 1050
405 1 662
587 1 813
1813 1 720
1056 1 201
624 1 850
880 1 853
1508 1 382
140 1 416
584 1 1016
919 1 605
1528 1 1715
863 1 992
659 2 1034 1580
1988 1 538
965 1 382
1036 1 1565
887 1 1400
1577 1 314
1036 1 467
857 1 578
1268 1 910
973 1 511
1644 1 1828
353 1 608
1764 1 967
276 2 872 1672
91 1 600
958 1 367
330 1 357
1600 1 1833
1760 1 1738
1098 1 1052
1459 1 1392
212 1 1242
607 1 812
392 1 1785
838 1 670
976 1 921
1701 1 1966
1023 1 780
614 1 877
1671 1 1448
198 1 1111
604 1 1588
1294 1 299
1091 1 1309
747 1 1807
1217 1 940
1845 1 1177
736 1 1506
699 1 1964
744 1 1705
407 1 1136
244 1 1480
158 1 1839
1824 1 1157
998 1 32
1900 1 1703
1963 1 1021
1496 1 938
918 2 22 141
641 1 1860
1409 1 1055
1392 1 1172
968 1 109
1314 1 264
1192 1 1955
1783 1 462
1779 1 1283
1120 1 746
1921 1 1402
1338 1 132
1679 1 1556
722 1 1231
1587 1 1743
860 1 675
61 1 1076
830 1 114
415 1 1394
1046 1 1680
1097 1 1457
87 1 76
929 1 930
444 1 826
335 1 437
19 1 29
1126 1 1941
1683 1 108
1112 1 284
1059 1 78
1452 1 1884
1822 1 610
1260 1 1649
1194 1 1939
946 1 47
1949 1 696
1699 1 163
1343 2 332 1953
20 1 1482
1933 1 1902
1201 1 1410
785 1 605
834 1 124
1159 1 1434
899 1 491
1359 1 1040
1681 1 1838
1020 1 1577
1680 1 1724
1152 1 713
143 1 802
596 1 1534
1766 1 206
60 1 1602
1448 1 1322
85 1 1662
1638 1 1456
1401 1 1660
1270 1 704
619 1 957
961 1 1055
1602 1 865
591 1 911
1684 1 74
310 1 1841
1150 1 34
310 1 186
447 1 1807
1077 1 989
393 1 1097
1479 1 496
1093 1 1544
919 2 1392 1965
1465 1 1868
1495 1 1708
425 1 790
1221 1 288
1878 1 118
619 1 1981
1626 1 262
387 1 688
116 1 1169
1350 1 1272
20 1 1281
1741 1 1986
1141 1 190
279 1 1443
1383 1 121
1414 1 1034
1649 1 1849
116 1 355
1518 1 1502
1731 1 888
551 1 1980
902 1 1561
1727 2 436 956
1551 1 1483
186 1 16
1307 1 211
475 1 677
1929 1 8
1513 1 1218
863 1 1998
505 1 1262
1552 1 60
190 1 1130
573 1 633
1292 1 468
934 1 779
1407 2 571 1215
72 1 754
1811 1 507
1800 1 742
466 1 415
1567 1 104
327 1 1757
658 1 512
1563 1 1485
1007 1 1494
1436 2 1378 1860
482 1 933
1952 1 109
388 1 959
212 1 1338
849 1 1607
1817 1 1817
523 1 410
116 1 170
822 1 1111
333 1 1694
1044 1 978
1257 1 1184
1012 1 944
302 1 1164
1217 1 319
1365 1 1363
1164 1 543
717 1 1589
217 1 168
1867 1 1214
781 1 107
1406 2 523 585
226 1 886
1603 1 756
1704 1 1700
968 1 1409
1980 1 1831
1897 1 1643
114 1 1375
802 1 1292
1433 1 807
209 1 1395
629 1 123
568 1 857
755 1 1960
511 1 1445
812 1 284
1459 1 1175
1879 1 440
1644 1 1009
137 46 1891 845 281 1192 723 1923 160 275 327 1445 264 440 411 798 1654 1381 1970 427 756 746 698 1858 376 1646 51 734 1928 723 1638 444 1979 246 1248 864 449 490 436 1960 188 122 1255 625 999 477 123 991 905 76 1534 500 1037 757 723 1617 178 1058 862 22 1588 1313 113 1714 1795 1483 392 1399 594 1672 799 1836 1037 1662 65 1808 1293 980 1499 1153 1930 354 1955 800 1994 290 265 1607 1640 551 114 688 463 1374 851 265 1838 1523 1693 31 67 825 911 62 1133 296 1749 1402 727 1676 388 683 127 433 537 1325 1704 521 833 458 749 1415 41 1352 817 485 133 1343 1955 496 1418 1292 1720 1884 1400 1474 285 794 1130 1184 1958 1133 1021 541 190 422 804 1246 1307 1528 1831 438 1262 959 168 977 1839 1797 113 1698 1857 46 1854 1923 463 1817 357 180 1557 148 1464 1731 1754 1753 1252 701 1769 1373 1566 321 349 771 98 953 1706 1034 904 510 1980 1590 1432 552 1214 372 1682 1775 729 1444 630 293 342 842 382 602 551 1707 587 1967 1244 752 1821 1052 53 539 152 1928 1632 466 439 219 1164 1927 355 947 1650 1611 363 372 222 1932 524 1420 1255 1594 1804 1981 1352 806 446 909 886 1817 1436 1168 1298 163 618 273 215 410 1169 1003 873 1894 76 154 600 1216 445 414 1757 824 395 1758 1168 141 1529 1987 1808 1966 506 1283 828 1711 172 1001 284 1546 431 768 697 1548 446 41 738 1757 1489 1568 1137 1478 1482 857 1029 1111 1144 1807 733 774 840 1194 763 512 845 231 314 491 587 879 33 1613 1298 1982 371 622 1719 915 307 211 766 125 1175 1883 10 1872 855 1965 1466 1808 662 10 1100 1168 187 1409 1189 1378 515 1029 1623 1653 1488 1274 1706 354 1534 911 1192 1834 1595 1217 1343 1973 1183 1802 1598 889 462 1524 1216 143 1640 1561 1563 1649 1394 347 486 507 1170 103 151 134 25 1440 246 1420 1402 181 1392 668 113 1855 1708 1001 1248 1228 132 98 609 1456 1565 601 148 135 1748 1121 552 1686 1700 1201 1603 1647 305 1713 888 918 206 1464 1868 1061 965 736 1439 610 644 1358 1930 794 815 1786 159 1526 605 96 1286 236 867 1242 312 118 1214 1724 1238 648 1438 351 191 90 1845 1350 1339 1781 917 1287 1826 172 281 1410 706 621 382 1612 1399 1851 530 1691 1736 989 74 1035 402 1202 1764 1703 1986 319 565 601 60 1545 236 1955 1647 389 822 170 1854 1694 1989 185 1411 782 1749 1809 231 349 1775 179 1450 1580 1230 711 1801 628 601 1331 1097 960 921 1957 154 298 1462 874 1567 58 244 1267 1601 927 751 1330 577 1729 1560 345 1754 1365 1373 1005 1436 1055 826 1553 391 363 678 676 812 1743 957 677 1169 1816 639 189 1287 1272 895 865 1785 1716 1911 1574 1302 337 89 1121 317 1860 1442 967 1621 476 1858 284 382 1408 971 1635 1426 1471 319 1593 29 641 1646 1898 1703 1700 1375 953 1665 1231 985 990 1273 1826 1792 228 1763 1181 1295 899 93 1288 1423 1604 1346 1212 841 558 1263 1615 1621 704 296 357 1008 70 696 1785 682 1018 1347 132 181 1372 1218 194 573 83 1559 1590 595 838 570 1946 1861 164 1597 720 415 812 649 776 887 960 262 50 1112 276 108 1134 572 1299 76 1550 219 725 1643 1224 1577 1656 454 1055 81 415 910 1128 391 1015 631 1263 1508 20 647 289 8 1070 278 922 1009 895 1054 615 1907 1378 1388 107 788 1877 848 1439 524 1447 356 1730 1372 933 1272 494 1280 1148 272 487 139 1350 1193 44 1412 947 1879 350 490 794 402 1882 542 658 424 844 713 1723 1596 1897 299 683 174 110 596 667 643 1220 1312 1213 1370 505 917 1620 1589 806 270 488 1178 776 1649 397 409 743 1375 53 1623 803 1152 1022 1216 432 1838 970 806 1153 1546 432 1196 1459 216 525 1499 703 936 884 1908 853 602 1587 1993 260 735 1377 1557 1503 1011 908 1612 1612 178 826 722 1337 884 1826 998 1915 543 780 1864 1105 1014 288 1664 1663 1679 359 306 109 675 422 912 1454 716 1111 1192 293 1638 1459 320 265 836 1768 1270 292 1147 940 1840 419 59 765 1076 1624 1392 739 160 367 1420 631 1828 1448 1172 1902 813 470 372 1079 36 269 505 363 784 1644 1005 1138 1027 1705 1538 862 274 911 1140 1132 87 614 1380 1404 1363 1692 1248 424 772 617 1221 24 589 1961 1312 1741 252 968 16 885 516 1192 1808 385 132 784 1010 996 865 1333 1638 1394 690 818 423 1965 47 1494 1902 505 1722 1218 1347 631 844 1136 1351 1940 1404 1998 671 946 147 997 550 8 249 895 378 96 107 1275 1033 1353 1495 144 318 413 1047 990 563 536 600 1914 884 347 859 1270 1545 180 636 521 1810 1218 1403 1953 797 660 33 1960 1946 1183 1218 1532 407 488 1828 378 1332 1898 1872 109 758 960 884 1490 440 1119 1952 1871 1048 1231 1966 1947 16 1935 779 45 756 802 271 985 1408 1723 257 1103 1787 865 1768 263 1246 568 1073 548 1920 1857 176 756 850 723 699 1093 38 296 1329 1833 1292 115 1612 285 382 1172 778 1611 1640 951 337 462 1425 952 221 242 462 1146 1217 422 96 730 732 113 1484 1050 1189 1053 1703 247 675 875 1363 1138 34 605 306 18 1201 543 1590 454 581 1273 1891 406 1444 166 1879 1882 321 1708 361 375 311 259 823 754 348 910 929 1406 1525 1277 1694 901 152 389 1066 272 1809 745 611 1480 144 234 203 1222 525 457 285 1455 1910 760 253 59 206 1358 585 1759 595 1059 1873 673 390 476 444 1417 1624 997 355 281 334 416 1436 1278 1602 654 1658 236 425 812 1682 1831 1156 956 760 905 1399 670 1094 874 884 1053 1556 1529 821 87 1891 1766 1524 1421 297 1945 907 32 409 284 548 1228 1416 1611 283 368 925 732 307 790 1089 685 1451 1227 18 1104 1259 1261 1525 1556 1742 1200 686 321 116 1621 863 565 1676 1807 1486 272 779 851 1636 1881 1624 1813 496 1277 1194 1618 462 1442 360 781 1530 1942 872 1735 341 790 737 509 1114 410 239 424 434 1820 66 389 953 1824 497 494 1322 1979 1777 512 1392 1315 1807 1694 1580 676 159 223 1628 922 332 531 287 274 603 1775 1516 639 900 1939 169 636 671 1468 717 270 29 1344 448 686 1422 88 38 73 576 1679 329 455 1728 382 907 663 261 680 1055 127 1748 1395 526 1422 758 694 1758 1543 911 1457 1197 417 1091 669 302 1338 820 411 1308 1963 826 995 728 1408 1603 1362 566 1188 426 1395 1575 682 720 1521 94 570 950 1026 1759 699 1246 190 978 284 769 832 721 1898 1802 221 330 1050 4 259 1739 1169 792 1014 1692 1338 1755 1066 1236 1749 1893 104 1619 632 330 851 402 257 1822 1210 994 877 346 1090 18 1434 1983 612 1362 1240 967 164 468 1062 1482 556 901 1400 608 1972 1900 482 1 1173 743 400 408 62 206 1350 305 251 1118 1277 41 1457 915 1586 635 66 1506 3 1626 990 1444 473 1916 564 568 1556 1212 1447 505 175 1755 605 223 535 347 1083 42 301 1434 1049 1301 1485 1094 738 1705 1211 413 681 1205 1180 1158 333 137 990 1905 1265 1757 890 1273 557 1355 1814 467 511 1520 1546 655 487 1470 1093 75 92 1693 943 1041 1045 877 659 1449 1743 1055 201 538 630 109 1031 1827 1274 1236 410 1628 1817 1195 337 775 1175 1086 1502 806 989 1783 668 1741 50 550 437 17 186 666 213 181 983 1405 688 455 1857 602 863 300 1494 262 571 276 143 1772 1715 1617 1124 935 1580 1517 1309 897 1673 1215 1040 808 822 788 602 1055 88 1728 1688 1271 1747 1896 334 501 1643 1605 1018 1551 1400 704 832 1634 787 326 1982 578 1735 1660 124 328 1657 722 1042 144 1700 711 1098 372 1741 999 1139 774 537 1436 905 1334 68 1665 1259 1887 813 1281 1732 1294 226 839 257 1235 58 1540 361 700 334 731 861 1670 434 1032 629 544 481 817 1998 707 693 50 1014 909 281 1719 1961 1745 1111 1112 1144 1155 1135 1150 807 1256 1900 594 1909 827 1932 1544 461 1829 1271 1676 97 870 1220 1964 988 333 130 575 1 46 1075 1967 878 1166 1546 1678 1540 1941 1283 618 267 1950 510 1059 1741 1949 1878 241 1563 192 456 1461 736 1441 214 1955 1320 384 1484 1190 201 815 700 64 62 822 434 662 322 77 1449 1982 938 1837 841 1317 816 409 488 360 1423 1713 1949 1920 763 516 1883 47 540 1791 798 1118 219 672 1774 1972 1687 1732 946 569 273 765 740 383 1443 551 464 921 848 249 930 1226 707 758 1016 608 344 439 415 958 1407 580 121 821 796 1666 1869 1966 70 1880 429 1650 1225 328 1779 425 1015 114 783 1815 1134 633 218 245 1365 29 384 1545 1969 1945 669 1621 430 820 18 958 308 94 1785 1006 435 1386 1249 1741 1214 121 1765 1207 163 124 532 1263 756 1887 834 1378 659 1742 955 1759 335 1116 989 1573 1654 1015 1076 183 468 1794 1793 903 1880 85 995 1157 674 1755 1634 1899 1380 1262 944 1572 61 1680 207 1120 126 90 1841 124 1157 1783 455 623 1194 1167 391 15 1273 118 1876 1911 610 1066 1647 1873 1817 1662 167 852 1957 445 1356 1521 1510 1781 1400 891 902 1381 944 36 740 952 1566 637 398 527 1275 1021 1863 236 656 1997 1095 1510 1741 853 99 1543 32 728 1067 33 368 1471 399 1576 1647 241 1869 396 1152 857 1282 1403 1738 626 1008 1326 566 1631 541 1167 1322 1868 1328 1399 1086 799 1159 1020 187 1425 955 474 1177 1655 1431 131 1283 1532 83 831 311 217 1974 785 16 992 952 1708 403 557 898 844 1264 564 1242 630 1717 1334 879 742 406 1568 1294 267 1198 1645 1623 78 1316 847 1204 122 30 174 1070 1063 1151 445 488 1325 1633 1619 976 42 1392 181 573 1931 1624 1632 558 1315 464 1881 415 630 79 1267 133 1535 1554 839 360 380 791 573 68 1442 1535 869 904 1046 839 1718 1014 1034 1680 614 1267 595 1344 746 198 1711 92 1174 863 1140 1838 247 1164 1770 515 1106 1478 1743 1788 1954 589 482 971 1870 818 1870 1964 1611 208 1936 1682 114 966 1936 1833 218 1071 136 1864 903 1849 1571 600 1410 1006 144 688 36 1960 603 1634 778 1929 1295 492 1305 671 1110 1907 545 1933 172
