2000 2000
312 1 2
1877 1 6
37 1 4
1399 1 1
36 2 3 10
1143 1 4
1638 1 9
622 1 7
1074 1 10
211 1 3
368 1 10
76 1 1
61 2 1 4
549 1 10
962 1 1
232 1 7
1954 1 6
921 1 7
1090 1 1
534 1 5
357 1 7
878 1 10
428 1 7
1288 1 0
520 1 4
1962 1 10
527 1 9
394 1 4
1540 1 9
1476 1 10
589 1 1
1842 1 3
436 2 1 2
485 1 6
4 1 4
477 1 9
276 1 6
1555 1 9
718 1 0
1951 1 10
1448 1 10
1003 1 2
195 1 3
1260 1 7
1190 1 5
1542 1 2
490 1 4
1646 1 2
891 2 3 7
1071 2 4 5
460 1 0
947 1 3
1656 1 7
1645 1 9
1064 1 9
63 1 9
806 1 4
1089 1 2
1419 1 8
134 1 6
376 1 7
1943 1 8
1461 1 10
759 2 3 5
604 1 4
798 1 5
1291 1 2
1678 1 4
616 1 2
1276 1 10
1679 1 1
614 1 4
1521 1 4
617 1 4
1421 1 4
1281 1 8
1799 1 2
1731 1 9
1777 1 3
574 1 0
1947 1 4
1739 2 3 4
499 1 8
1790 1 3
1288 1 5
356 1 7
672 1 1
952 1 1
788 1 5
1324 1 9
1353 1 1
965 1 5
1886 1 9
1529 1 4
1094 1 8
438 1 6
1711 1 5
94 1 6
1366 1 5
97 1 10
1941 1 3
1866 1 5
640 1 6
1827 1 5
1086 2 3 6
1832 1 3
1690 1 6
1260 1 5
232 1 2
1587 1 8
1634 1 7
171 1 3
1149 1 0
685 1 8
943 1 6
724 1 8
359 1 6
1682 1 10
1444 2 1 5
234 1 9
735 1 5
1651 1 3
805 1 1
794 1 2
895 1 8
1624 1 8
321 2 7 9
1055 1 9
532 1 0
1103 1 9
1401 1 0
684 1 10
1599 2 1 5
1183 1 5
573 1 0
1767 1 2
1898 1 0
1266 1 10
1075 1 10
610 1 10
933 1 5
871 1 6
715 1 0
609 1 2
1794 1 2
169 2 5 9
359 1 3
682 1 0
198 1 4
359 1 3
462 1 5
301 1 1
181 1 1
989 1 4
373 1 3
1580 1 2
1226 1 5
301 1 7
1162 1 10
505 1 6
5 1 3
265 1 0
1541 1 1
1137 1 9
1353 1 4
495 1 2
524 1 5
1594 1 1
933 1 4
1840 1 1
1982 1 1
1152 1 7
393 2 4 5
1218 1 7
1944 1 5
1614 1 2
1311 1 1
1271 1 7
1770 1 1
92 1 10
1128 1 9
1590 1 3
1919 1 8
738 1 2
8 1 3
1878 1 6
1403 1 3
361 1 3
211 2 5 6
1413 1 2
724 2 1 3
933 1 10
218 1 5
1579 1 9
242 1 2
1636 1 8
620 1 8
1303 1 0
1259 1 4
1084 1 3
1600 2 1 9
1911 1 4
135 1 7
90 1 8
875 1 8
305 1 7
328 1 9
1813 2 2 9
822 1 1
1276 1 8
795 1 9
1532 1 5
167 1 7
1824 1 4
1699 1 9
1778 1 4
1319 1 6
1552 1 8
253 1 7
5 1 10
407 1 5
769 1 8
19 1 5
301 1 7
121 1 3
640 2 1 8
1703 1 9
1357 1 6
1352 1 5
552 1 5
1166 1 10
1420 1 2
909 1 0
1459 2 3 4
467 1 3
19 1 8
1221 1 0
874 1 10
1688 1 2
1871 1 10
1283 1 8
180 1 2
929 1 3
1134 1 4
786 1 1
511 1 2
688 1 8
267 1 9
1205 1 4
1737 1 4
1653 1 2
966 1 5
30 1 8
97 1 1
158 1 7
1377 1 3
763 1 7
733 1 4
1569 1 9
1253 1 3
1837 1 6
771 1 6
1908 1 5
895 1 2
14 1 9
1757 1 3
717 1 9
7 1 6
847 1 0
147 1 1
1769 1 8
676 1 10
868 1 4
1826 1 2
1078 1 2
43 1 10
1568 1 5
480 1 4
666 1 4
248 1 6
276 1 4
1453 1 8
1284 1 5
1485 1 5
1202 1 10
1413 1 9
807 1 1
59 1 5
1066 1 5
199 1 2
1821 1 8
1947 1 7
1835 1 8
1310 1 1
1597 1 9
576 1 9
1041 1 3
3 1 4
1910 1 10
1245 1 3
575 1 5
776 1 4
1661 1 7
1708 1 6
829 1 3
345 1 4
763 1 4
1299 1 4
566 1 2
382 1 3
1625 1 2
1864 1 7
427 1 2
706 1 7
398 1 10
1708 1 4
1927 1 9
282 1 0
491 1 8
1149 1 2
1978 1 0
724 1 4
788 1 0
1876 1 0
1784 1 9
355 1 5
1719 1 1
1179 1 1
891 1 5
1839 1 5
1936 1 6
1429 1 7
1783 1 3
1522 1 5
1550 1 5
966 1 3
382 1 6
246 1 5
1885 1 4
946 1 4
1401 1 0
1309 2 1 6
2000 1 6
1273 1 8
531 1 4
516 1 1
818 1 2
147 1 10
1273 1 1
1231 1 5
476 1 4
297 1 7
997 1 7
874 1 5
1073 1 1
1631 1 8
1796 1 5
356 1 0
586 1 9
1771 1 4
444 1 1
1657 1 1
126 1 3
440 1 7
792 1 4
1923 1 5
1628 1 1
1957 1 2
1072 1 10
984 1 2
741 1 8
319 1 7
115 1 1
1435 1 6
409 1 8
775 1 7
1503 1 1
357 1 1
663 1 2
139 1 4
1955 1 7
277 1 5
308 1 8
1104 1 6
156 1 2
454 1 7
1149 1 4
130 1 7
10 1 4
1247 1 1
1979 1 5
883 1 2
1927 1 3
247 1 0
5 1 1
1039 1 5
1162 1 3
1385 1 2
90 1 6
585 1 9
765 1 8
529 1 6
73 1 6
307 1 0
1803 1 7
290 1 4
821 1 5
176 1 7
98 2 2 5
776 1 3
1534 1 10
1222 1 3
1482 1 7
1094 1 2
1091 1 6
1332 1 1
1004 1 0
978 1 7
1704 1 9
1896 1 9
1041 1 3
518 1 3
1785 1 6
1632 1 6
997 1 5
1802 1 2
852 1 0
56 1 5
1669 1 3
387 1 5
187 1 3
1790 1 6
1295 1 2
1683 1 6
148 1 8
1111 1 10
1152 1 7
1708 1 6
807 1 2
1661 1 5
1082 1 3
1291 1 1
1585 1 0
1988 1 1
1917 1 3
312 1 5
679 1 9
66 1 5
534 1 5
637 1 0
1943 1 6
853 1 10
1202 1 0
639 1 0
47 1 0
1813 1 3
414 1 3
1302 1 10
1031 2 0 2
1229 2 5 6
1571 1 6
840 1 9
1721 1 3
250 1 3
1158 1 7
308 1 0
401 1 4
1031 1 1
1323 1 4
1789 1 10
1497 1 6
1491 1 1
123 1 1
952 1 1
476 1 5
365 1 7
849 1 9
798 1 5
124 1 8
1284 1 2
1364 1 9
1668 1 10
1931 1 2
835 1 7
843 1 9
46 1 5
527 1 9
715 1 9
1590 1 8
1201 1 8
1830 1 3
854 1 4
862 1 1
1053 1 0
1356 1 7
238 1 6
1668 1 0
1058 1 6
704 1 8
322 1 2
1201 1 2
1150 1 10
1813 2 3 8
625 1 8
287 1 0
857 1 8
508 2 0 8
734 2 0 6
1690 1 8
385 1 7
1433 1 2
1963 1 1
987 1 7
88 1 3
1097 1 10
297 1 0
22 1 10
654 1 0
797 1 3
1667 2 0 3
1838 1 5
1395 1 7
647 1 4
1161 1 0
1989 1 9
1833 1 1
844 2 2 7
1356 1 8
1707 1 0
253 1 2
1703 1 9
1209 1 7
1685 1 5
1417 1 8
336 1 6
8 1 8
1514 1 9
1893 1 7
181 1 10
80 1 6
324 1 2
310 1 8
37 1 3
332 1 4
460 1 0
284 1 9
410 1 1
223 1 9
1589 1 7
619 1 9
85 1 10
1532 1 0
1698 1 6
1403 1 9
1966 1 5
1434 1 3
268 1 1
526 2 4 9
1300 1 0
877 1 2
471 1 5
1881 1 9
1621 1 9
1574 1 9
41 1 3
1501 1 7
598 1 0
817 1 6
1478 1 2
1707 1 3
161 1 9
1679 1 8
1451 1 9
69 1 10
1688 1 2
111 1 1
363 1 10
228 1 1
18 1 0
259 1 10
1912 1 7
961 1 5
1076 1 0
1300 2 4 5
324 1 0
1057 1 7
1657 1 3
756 2 2 8
1677 1 0
594 1 9
1553 1 1
273 1 1
1062 1 7
1951 1 2
158 1 3
1128 1 7
1159 1 3
750 1 9
1099 1 2
1226 1 2
1130 1 10
1327 1 7
762 1 6
772 1 2
626 1 6
864 1 6
16 1 6
382 1 3
34 1 6
557 1 6
1335 1 3
1259 1 2
1382 1 5
1853 1 0
232 1 9
1922 2 0 6
387 1 0
768 1 0
471 1 10
12 1 6
1911 1 10
464 1 4
1050 1 10
731 1 9
977 1 1
1450 1 4
1977 1 4
563 1 0
174 1 1
610 1 4
732 1 2
1949 1 0
1197 1 6
240 1 7
1993 1 4
642 1 1
1034 1 9
957 1 9
1541 1 6
1228 1 5
388 1 0
537 1 8
909 1 9
947 1 4
1912 1 1
1842 1 2
1902 1 9
744 1 5
1944 1 3
1244 1 10
10 1 8
1875 1 7
789 1 1
1222 1 6
746 1 5
1729 2 3 4
629 1 7
1894 1 9
524 1 1
1686 1 8
1070 1 6
490 1 3
671 1 3
209 1 8
807 1 7
1812 1 7
345 2 5 8
137 1 5
355 1 10
51 1 2
1074 1 3
1493 1 2
1873 1 3
132 1 3
1274 1 0
1925 1 3
869 1 10
504 1 6
1430 1 4
1684 1 7
901 1 7
883 2 3 10
119 1 2
988 1 8
604 1 3
546 1 0
1039 1 4
448 1 0
989 1 8
1170 1 1
1023 1 8
1810 1 1
1541 1 7
1113 1 1
650 1 3
625 1 0
350 1 4
1555 1 6
1161 1 3
1835 1 9
450 1 0
468 1 8
1601 1 9
263 1 9
149 1 2
33 1 9
918 1 7
1781 1 10
1095 1 4
350 1 9
1952 1 10
1544 1 2
177 1 2
1937 1 1
1791 1 2
1386 1 4
845 1 10
1724 1 7
1248 1 2
1937 1 8
395 1 8
325 1 9
168 1 3
1868 1 8
1333 1 4
1495 1 2
764 1 5
1066 1 4
1535 1 2
1007 1 10
1654 1 0
913 1 3
1986 2 3 10
1255 1 4
1345 1 2
56 1 1
614 1 10
1266 1 0
14 1 3
1412 1 9
1632 1 3
1069 1 5
744 1 5
52 1 10
1809 1 7
1024 1 7
1143 1 10
1607 1 0
746 1 0
981 1 3
444 1 5
1954 1 3
508 1 10
414 1 3
1887 1 2
82 1 1
1574 1 2
1410 1 0
1895 1 9
1923 1 8
770 1 8
1547 1 7
1786 1 8
1955 1 0
1457 1 4
212 1 4
469 1 3
205 1 6
1820 1 9
1678 1 2
256 1 10
968 1 7
1523 1 2
876 1 9
1784 1 8
226 1 0
724 1 5
1906 1 5
1875 2 1 4
1987 1 5
1643 1 4
1221 1 7
982 1 1
929 2 4 9
413 1 8
957 1 8
677 1 1
886 1 6
546 1 8
619 1 6
305 1 0
1626 1 9
211 1 4
1243 1 9
1427 1 0
351 1 1
1154 1 6
452 1 4
1767 1 4
1094 1 8
133 1 8
1105 1 3
409 1 3
1603 1 0
230 1 8
1302 1 2
731 1 6
1482 1 1
107 1 0
995 1 9
1671 1 0
330 1 0
1742 1 7
365 1 3
135 1 6
1781 1 8
655 1 4
1811 1 8
1431 1 1
1470 1 6
1214 1 2
1421 1 1
293 1 3
599 1 6
1274 1 2
1229 1 2
802 1 1
174 1 3
1510 1 8
970 1 9
1598 1 6
155 1 3
1983 2 5 9
916 1 5
1025 1 9
1604 1 3
407 1 4
1582 1 5
1001 1 5
1096 1 2
712 1 1
190 1 7
183 1 9
918 1 9
346 1 3
1943 1 3
719 1 0
842 1 10
1107 1 2
1357 1 3
368 1 5
1226 2 6 10
1045 1 2
1989 1 8
1973 1 5
712 1 5
114 1 4
1829 1 7
1916 1 5
1554 1 9
1996 1 1
603 1 2
577 1 4
1151 1 2
1411 1 10
34 1 9
487 1 3
611 1 1
392 1 10
396 1 1
1445 1 2
1272 1 4
774 1 10
1195 1 5
1072 1 3
1252 1 8
782 1 3
20 1 10
711 1 6
272 1 4
184 1 2
1984 1 7
1773 1 1
894 1 2
594 1 9
59 1 1
938 1 4
1361 1 10
1981 1 4
941 1 3
85 1 6
217 1 2
1136 1 1
1393 1 1
375 1 6
1633 1 7
1242 1 5
833 1 0
149 1 9
184 1 7
1529 1 1
494 1 2
1179 1 5
974 1 8
230 1 3
875 1 1
1429 1 9
292 1 1
104 1 4
1860 1 8
609 1 7
1614 1 1
1271 1 0
472 1 7
441 1 7
1445 1 2
1047 1 8
503 1 4
1130 1 1
1400 1 4
1297 1 3
197 1 10
1318 1 3
1737 1 7
1260 1 2
855 1 8
1780 1 0
1128 1 2
73 1 7
1034 1 3
601 1 5
458 1 9
890 1 10
415 1 9
1255 1 1
577 1 5
1763 1 8
812 1 0
1121 1 1
1287 1 1
1083 1 1
1434 1 5
831 1 6
1220 1 3
909 1 8
1135 1 4
1158 1 1
884 1 8
1142 1 3
1670 1 2
1600 1 5
93 1 7
1226 1 2
1181 1 2
1511 1 0
1781 1 10
370 1 5
1305 1 10
196 1 1
920 1 4
869 1 5
830 1 8
125 1 9
1326 1 9
371 1 4
235 1 4
1000 1 4
1321 1 9
475 1 2
1401 1 2
190 1 2
1644 1 1
1156 1 6
123 1 9
1802 1 9
789 1 8
992 1 0
1334 1 3
1552 1 4
452 1 10
296 1 3
1254 1 7
1847 1 10
454 1 1
1976 1 2
52 1 0
1466 2 8 9
1683 2 7 10
1870 1 6
5 1 8
1812 1 3
1441 1 6
1609 1 10
69 1 8
193 1 1
1929 1 4
908 1 5
51 1 1
887 1 3
319 1 7
675 2 2 6
683 1 0
1432 1 0
1687 1 0
1314 1 2
457 1 5
770 1 7
126 1 9
396 1 3
453 1 6
1320 1 5
1748 1 6
154 1 10
779 1 6
1342 1 2
710 1 4
59 1 6
29 1 1
1641 1 4
1101 1 6
530 1 2
1365 1 7
1959 1 4
1307 1 6
823 1 6
1233 1 8
603 1 7
98 1 5
819 1 5
256 1 6
1322 1 6
243 1 6
572 1 0
137 1 5
423 1 3
1359 1 1
463 1 2
210 1 8
1623 1 7
1185 1 9
940 1 4
1170 1 9
723 1 9
1194 1 7
1896 1 8
893 1 7
413 1 9
585 1 0
1668 1 0
1722 1 7
1810 1 9
785 1 2
1609 1 10
339 2 5 7
1453 2 1 3
1454 1 6
1804 2 1 7
760 1 4
548 1 7
108 1 9
1013 1 5
913 2 0 8
277 1 0
562 1 8
258 1 5
1242 1 10
65 1 9
18 1 3
1419 1 6
1490 1 3
666 1 2
969 1 0
1013 1 1
910 1 7
1132 1 6
1848 1 7
285 1 3
1640 1 5
1737 1 3
1335 1 4
936 1 7
314 1 3
1380 1 3
1907 1 8
1637 1 0
835 1 9
705 1 9
1084 2 2 9
1020 1 5
594 1 1
312 1 0
597 1 0
1849 1 1
1118 1 10
273 1 9
1977 1 9
583 1 5
1935 1 1
1635 1 7
1296 1 5
83 1 4
889 1 8
261 1 4
884 1 2
876 1 7
1770 1 10
134 1 6
1768 1 2
265 1 5
1159 1 2
1600 1 7
1016 1 4
1715 1 5
1156 1 4
1758 1 5
1577 1 0
1719 1 9
1669 2 2 7
1644 1 10
536 1 1
1888 1 9
1900 1 8
1145 1 3
129 1 3
1736 1 2
1339 1 0
1103 1 10
678 1 1
1145 1 9
343 1 2
773 2 3 9
592 1 0
1208 1 2
811 1 9
1200 1 5
274 1 1
1064 1 0
1681 1 4
906 1 9
1470 1 5
778 1 4
1429 1 2
1370 1 0
1403 1 0
166 1 4
1158 1 3
606 1 6
1047 1 1
1112 1 8
659 1 10
1718 1 2
1884 1 7
794 1 5
937 1 4
1621 1 6
1472 1 6
540 1 1
1178 1 8
1398 1 7
226 1 1
89 1 10
447 1 1
622 1 10
670 1 1
1568 1 6
1500 1 2
836 1 9
1846 1 1
1268 1 8
74 1 4
1666 1 3
1704 1 3
453 1 2
1467 1 2
1071 1 0
164 1 6
1043 1 10
1382 1 6
1817 1 7
1445 1 2
240 1 8
1465 1 9
1011 1 5
91 1 2
1314 1 2
955 1 10
1028 1 6
1930 1 5
564 1 10
1196 1 7
1628 1 9
1656 2 5 7
161 1 1
385 2 5 10
251 1 4
982 1 0
1956 1 6
1930 1 5
304 1 6
851 1 9
112 1 4
1660 1 4
227 1 0
822 1 3
1309 1 1
293 1 10
1354 1 10
673 1 1
1364 1 7
1885 1 9
1109 1 4
357 1 0
679 1 8
1780 1 1
1465 1 2
401 1 10
851 1 6
605 1 10
1614 1 0
345 1 9
1783 2 2 9
1993 1 4
1377 1 3
153 1 5
1826 1 10
1478 1 7
1817 1 7
1124 1 2
975 1 2
438 2 0 1
1599 1 6
1518 1 1
179 1 7
657 1 1
980 1 5
685 1 1
200 1 2
293 1 2
1234 1 8
1766 1 6
758 1 3
107 1 5
1473 1 8
278 1 6
200 1 6
1495 1 3
1855 1 2
1642 1 5
1754 1 6
2 1 0
762 1 7
164 1 10
1265 1 9
42 1 2
1394 1 0
1834 1 5
331 1 7
233 1 5
1591 1 7
1051 1 10
1837 1 4
1811 1 6
1132 1 7
1518 1 10
1702 1 6
87 1 7
816 1 0
1344 1 8
1942 1 1
1486 1 2
1506 1 9
340 1 2
500 1 7
1098 1 5
1772 1 4
1879 1 5
1082 1 10
1234 1 10
137 1 8
1291 1 2
1085 1 7
1030 1 5
427 1 1
917 1 5
933 1 0
503 1 10
79 2 7 10
1516 1 6
504 1 5
836 1 2
1113 2 4 6
559 1 10
437 1 10
1212 1 2
1416 1 10
1048 1 0
1239 1 2
895 1 7
824 1 1
952 1 7
1698 1 7
595 1 4
1941 1 7
983 1 3
734 1 2
1908 1 7
737 1 5
677 1 10
1510 1 4
1035 1 2
1714 1 7
1228 1 0
648 1 3
145 1 2
1791 1 8
1268 1 7
32 1 2
1194 1 9
203 1 9
1253 1 4
28 1 7
1927 1 7
13 1 7
912 1 0
1175 1 0
810 1 0
1492 1 7
663 1 9
670 1 3
1162 1 2
752 1 2
711 1 10
772 1 6
48 1 7
676 1 7
532 1 8
200 1 4
1825 1 7
1986 1 4
1398 1 7
607 1 3
1399 1 4
292 1 8
104 1 9
362 1 9
1238 1 10
310 1 0
1707 1 10
503 1 2
1570 1 3
1342 1 8
1769 1 8
794 1 7
139 1 10
723 1 10
669 1 0
1093 1 5
470 1 5
1756 1 2
1140 1 0
328 1 8
9 1 6
1538 1 9
1969 1 7
1611 1 4
1535 1 5
912 2 3 6
1720 1 10
1939 1 4
1880 1 5
1186 1 10
1116 1 1
1661 1 7
1930 1 3
1811 1 7
1174 1 9
1087 1 3
1784 1 2
1480 1 3
353 1 5
1668 1 1
884 1 8
977 1 0
1152 1 8
248 1 3
952 1 3
1829 1 1
134 1 6
1965 1 9
940 2 4 10
1378 1 1
1814 1 6
1851 1 1
1799 1 6
177 1 5
5 1 5
870 1 5
463 1 7
30 1 7
130 1 8
489 1 4
1777 1 7
645 1 9
1264 1 9
69 1 2
1907 1 3
167 1 1
705 1 2
875 1 8
539 1 8
1839 1 4
146 1 7
1453 1 3
1538 1 7
665 1 4
521 1 0
468 1 10
1654 1 7
1995 1 2
922 1 1
313 1 8
1604 1 9
797 1 3
310 1 1
876 1 7
692 1 3
842 1 10
1209 1 3
228 1 4
550 1 5
1050 1 0
396 1 4
1613 1 1
122 1 0
727 1 7
965 1 8
1809 1 4
967 1 3
1294 1 7
418 1 1
1185 1 8
987 1 0
151 1 9
53 1 8
196 1 10
554 1 10
1770 1 10
84 1 0
66 1 6
1814 1 9
329 1 5
961 1 10
31 1 6
1125 1 2
664 1 6
1467 1 1
41 1 1
1758 1 0
223 1 2
324 1 3
1999 1 3
1635 1 1
1002 1 10
944 1 6
1220 1 8
311 1 4
1328 1 5
1788 1 5
315 1 5
847 1 3
1113 2 1 2
1567 1 1
125 1 7
1249 1 4
309 1 1
807 1 2
831 1 8
130 1 2
465 1 3
1499 1 5
595 1 9
295 1 10
418 1 0
1310 1 2
859 1 0
1412 1 7
1366 1 4
870 1 6
1110 1 10
987 1 9
204 1 6
773 1 3
1301 1 4
1263 1 3
1207 1 4
1454 1 2
1027 1 8
752 1 8
234 1 10
811 1 8
813 1 5
1454 1 5
186 1 5
182 1 7
946 1 0
564 1 9
1035 1 10
1680 1 1
1913 1 5
1029 1 2
1310 1 4
1727 1 10
758 1 10
846 1 1
547 1 7
1371 1 6
212 1 10
1909 1 6
1122 1 1
269 1 4
768 1 3
87 1 7
1697 1 6
1218 1 5
434 1 8
1941 1 6
1637 2 1 7
1490 1 2
315 1 8
744 1 7
1000 2 6 10
1503 1 7
819 1 8
655 1 5
1569 2 1 7
14 1 4
1443 1 0
127 1 0
1472 1 1
911 1 0
1330 1 1
642 1 1
1668 1 4
1489 1 7
560 1 0
1593 1 5
1272 1 4
888 1 0
1564 1 3
277 1 1
1158 1 4
1693 1 4
1170 1 10
748 1 6
932 1 1
740 1 1
1575 1 5
27 1 5
943 2 4 10
120 1 1
768 1 10
992 1 1
1229 1 5
1963 1 8
248 1 4
1265 1 0
1119 1 6
1944 1 8
1893 1 0
1138 1 5
1355 1 5
720 1 8
1739 1 8
1086 1 2
1964 1 1
1326 1 0
328 1 8
1461 1 7
1704 1 7
1166 1 1
14 1 8
1756 1 6
926 1 10
997 1 7
1627 1 5
172 1 10
1576 1 1
913 1 7
1645 1 3
1678 1 4
914 1 10
246 1 6
1483 1 8
655 1 3
406 1 3
1585 1 2
37 1 5
758 1 5
1291 1 6
1596 1 10
269 1 8
185 1 0
1852 1 2
1946 1 6
1925 1 4
190 1 10
544 1 10
704 1 6
680 1 3
159 1 8
111 1 8
1630 1 7
1188 1 0
91 1 10
1129 1 10
230 1 1
1692 1 8
962 1 5
887 1 1
1101 1 8
1864 1 3
597 1 1
1659 1 9
1884 1 6
1974 1 0
1904 1 8
1070 1 4
1174 1 8
345 1 6
171 1 10
1208 1 4
38 1 3
1516 1 8
1181 1 6
290 1 7
1267 1 3
245 1 6
1842 1 3
554 1 8
934 1 10
1809 1 1
1975 1 4
1576 1 3
1376 1 9
1030 1 10
1125 1 4
1233 1 10
1947 1 10
1843 1 5
1244 1 4
1692 1 7
1666 1 6
1366 1 2
238 1 7
1232 1 0
1295 1 3
1575 1 1
495 1 3
189 1 7
778 1 1
1100 1 6
516 1 0
539 1 7
1922 1 4
1900 1 9
891 1 3
1938 1 4
791 1 6
1841 1 10
1375 1 3
1788 1 9
719 1 3
427 1 9
802 1 0
1680 1 4
47 1 2
1724 1 5
566 1 9
118 1 3
1240 1 9
996 1 3
1304 1 6
348 1 1
122 1 6
1980 1 3
887 1 4
1077 1 4
523 1 5
208 2 1 8
674 1 3
1508 1 6
331 1 8
1033 1 5
420 2 0 9
424 1 1
373 1 4
1054 1 9
97 1 4
202 1 9
642 1 1
1037 1 4
974 2 1 7
1109 1 4
1066 1 9
1300 1 3
1583 1 3
750 1 1
1318 1 0
243 1 2
1621 2 4 10
483 1 8
678 1 9
1668 1 5
1883 1 5
1572 2 7 9
235 1 6
1115 1 0
854 1 5
656 1 3
1382 1 5
1609 1 6
1942 1 1
1032 1 1
1843 1 3
966 1 0
694 1 10
116 1 6
1766 1 0
804 1 9
93 1 6
1618 1 4
1770 1 9
1829 1 6
650 1 0
1904 1 10
1114 1 0
1768 1 6
1575 1 5
1128 1 2
1341 1 1
1315 1 1
275 1 0
1423 1 3
1098 1 8
222 1 0
216 2 5 6
299 1 7
1723 1 5
1974 1 8
1748 1 1
409 1 3
683 1 0
983 1 1
1797 2 0 5
675 1 10
1250 1 1
815 1 2
599 1 2
1749 1 7
480 1 7
1435 1 8
1245 1 0
308 1 2
596 1 0
1721 1 10
22 1 6
1306 1 4
1564 1 0
1387 1 4
691 1 10
70 1 1
1180 1 1
1358 1 3
1501 1 6
46 1 9
363 1 0
1486 1 5
1225 1 4
914 1 4
1940 1 1
1750 1 5
1407 1 1
1369 1 0
45 1 8
1558 1 1
1157 1 6
1851 1 2
637 1 0
51 1 7
1772 1 0
1699 1 0
1516 1 8
735 1 5
1455 1 4
920 1 4
860 1 4
1351 1 5
989 1 1
6 1 5
963 1 4
987 2 1 9
557 1 1
1579 1 2
1256 1 2
985 1 9
829 1 2
595 1 8
1826 1 10
1965 1 6
558 1 6
356 1 10
46 1 8
405 1 9
1761 1 1
1451 1 7
1980 1 0
108 1 10
1807 1 0
87 1 2
1615 1 1
577 1 1
1516 1 7
1618 1 1
840 1 3
1107 1 3
225 1 6
1483 1 10
1523 1 9
1888 1 0
1707 1 2
526 1 0
390 1 1
533 1 1
25 1 0
440 1 8
1877 1 7
488 1 4
1245 1 3
1439 1 8
1055 1 0
1081 1 0
898 3 1 6 9
1089 1 10
457 1 0
1884 1 4
669 1 2
217 1 10
1917 1 4
732 1 3
646 1 5
579 1 10
1965 1 9
1147 1 8
1816 1 8
1423 1 10
1450 1 4
1557 1 7
265 1 5
1251 1 9
1452 1 8
1359 2 2 6
1504 1 10
687 1 3
47 1 6
121 1 4
1883 1 8
1700 1 8
327 1 7
1418 1 3
559 1 10
1233 1 8
331 1 4
751 1 5
1860 1 1
907 1 0
1674 1 8
229 1 6
417 1 4
1545 3 1 5 9
752 1 4
893 1 6
152 1 10
763 1 7
602 1 4
1985 1 0
1424 1 2
1686 1 9
1655 1 6
1915 1 4
337 1 1
1569 1 2
498 1 4
422 1 8
1353 1 3
349 1 7
836 1 9
523 1 4
414 2 3 10
49 2 4 10
410 1 4
1644 1 4
1887 1 2
624 1 2
1537 1 2
1188 1 2
1001 1 6
738 1 5
713 1 4
789 1 9
591 1 8
1811 1 7
1560 1 10
875 1 8
1985 1 7
1637 1 1
338 1 2
888 1 4
4 1 7
781 1 9
1825 1 0
1177 1 6
1998 1 7
469 1 1
1169 1 4
1639 1 2
1354 1 4
222 1 4
924 1 1
1341 1 5
29 1 3
1082 2 5 6
305 1 7
1754 1 2
485 1 10
498 1 5
743 1 8
1583 1 8
650 1 4
1520 1 6
155 1 1
482 1 9
1249 1 9
1363 1 1
1725 1 2
743 1 3
944 1 10
299 1 2
366 1 10
1267 1 0
1671 1 4
1895 1 0
910 1 9
1497 1 5
1138 1 3
343 1 3
1655 1 6
515 1 4
1989 1 3
213 1 9
780 1 1
172 2 5 6
1946 1 6
1495 1 3
1002 2 6 9
1691 1 4
276 1 8
124 1 7
1640 1 5
945 1 0
1768 1 5
1232 1 6
246 1 3
1305 1 1
220 1 9
1981 1 1
34 1 6
428 1 2
1438 1 5
1111 1 2
1900 1 1
221 1 7
1120 1 5
316 2 4 10
772 1 1
733 1 2
1036 1 8
1028 1 8
857 1 7
360 1 1
611 1 6
1954 1 10
1247 1 1
841 1 1
907 1 2
1731 1 3
148 1 8
1342 1 3
1571 1 5
106 1 6
666 1 6
5 5 0 8 3 7 9 6 4 6 4 1 5 9 2 1 6 0 4 0 2 3 2 6 10 2 0 8 3 2 7 10 4 7 3 10 3 0 7 6 7 2 8 10 7 5 2 4 8 8 9 0 6 1 3 7 2 8 6 2 4 1 4 8 9 10 0 2 6 8 5 2 8 1 1 7 5 8 5 1 5 5 3 10 1 8 0 2 7 1 7 1 7 8 4 6 0 1 2 6 3 4 5 3 10 9 9 9 4 2 9 1 8 2 9 4 10 0 8 2 8 4 2 2 6 4 3 0 9 7 1 1 4 6 3 7 2 10 2 10 7 9 9 6 8 1 4 0 6 0 7 2 7 3 0 10 6 0 9 3 1 9 7 5 8 0 1 4 8 5 4 3 5 10 1 3 1 5 1 4 3 7 0 8 2 3 6 5 8 4 8 5 6 10 5 2 0 0 4 6 10 3 7 6 4 6 2 6 6 0 5 2 6 7 8 1 3 0 4 10 8 8 1 4 10 7 7 4 7 10 10 7 3 2 1 8 4 2 6 3 8 9 6 6 2 5 0 10 7 6 5 8 9 2 8 5 4 5 7 7 5 7 0 0 3 9 7 7 0 2 2 8 2 9 9 10 6 2 0 10 6 3 1 9 1 1 4 1 9 9 7 5 7 0 6 4 2 7 8 10 10 8 9 2 10 10 2 3 8 5 6 9 0 9 5 4 9 2 4 8 10 2 4 4 1 9 1 4 9 4 1 8 4 1 3 0 8 8 1 6 9 6 1 4 4 1 5 6 6 1 8 6 5 2 4 7 6 0 10 4 10 4 1 5 3 2 7 4 8 2 2 4 8 3 8 3 6 3 2 9 2 8 7 9 5 5 6 4 8 7 3 3 10 6 0 8 3 2 10 4 7 3 5 7 5 1 3 4 5 7 5 7 6 3 6 4 2 8 8 4 0 8 1 4 5 6 10 9 10 6 8 2 1 4 8 0 7 7 1 4 1 7 10 1 9 4 9 6 7 5 10 2 7 8 10 3 1 7 7 7 10 0 10 2 8 3 5 9 8 2 4 3 4 6 6 1 6 3 8 6 9 9 2 2 9 10 0 7 0 0 1 1 9 1 3 3 0 6 4 7 2 7 3 6 4 8 5 5 9 0 9 8 0 0 6 1 0 5 3 6 0 8 2 7 9 6 2 3 1 0 2 1 5 4 7 5 4 5 9 3 7 10 7 4 3 9 1 6 10 5 5 4 5 0 9 1 5 3 10 8 2 4 6 1 0 9 0 3 0 10 8 2 10 8 1 9 10 7 10 3 5 7 1 0 4 3 7 7 0 3 2 5 8 0 9 8 3 10 5 6 1 4 10 10 5 5 5 4 7 4 9 1 3 4 6 5 8 7 1 0 4 0 7 7 2 0 2 1 0 7 8 2 6 2 6 9 9 10 10 4 8 4 1 2 1 10 1 6 5 0 9 7 9 8 4 5 3 4 4 8 1 9 1 10 7 8 2 2 4 7 4 1 3 10 10 3 8 3 1 3 10 7 5 7 2 0 5 2 6 0 0 7 8 6 2 10 6 8 6 9 4 1 9 3 7 7 6 1 7 3 3 3 7 5 6 8 0 8 3 8 8 2 9 10 1 1 8 3 8 7 6 5 7 9 5 4 2 9 3 9 5 8 9 4 3 6 8 6 1 5 1 6 8 1 9 5 5 10 4 4 0 4 2 2 4 10 10 7 6 7 3 3 5 6 2 2 4 7 5 2 8 0 2 3 9 3 7 6 2 2 0 3 5 10 8 0 4 2 6 6 2 4 9 10 10 7 6 4 10 4 3 1 4 3 8 2 5 2 5 4 2 1 7 6 7 5 10 5 6 1 10 10 9 3 0 6 5 3 1 7 6 1 10 10 10 6 1 8 5 3 7 2 0 4 10 1 8 10 9 0 0 1 7 5 6 2 2 10 0 8 1 7 1 0 2 10 1 3 0 10 0 5 9 7 4 4 0 4 7 7 5 9 2 1 7 3 3 2 6 7 8 3 9 5 9 10 6 4 6 8 9 2 4 8 9 5 4 0 5 5 2 5 4 7 6 4 4 8 0 2 3 4 10 1 3 8 2 0 3 0 3 8 1 4 9 6 9 4 1 2 3 10 1 3 4 6 6 2 2 8 0 1 2 3 10 9 8 1 3 10 9 8 2 8 2 9 3 2 5 5 0 2 6 1 6 4 10 9 5 3 7 7 1 9 6 8 7 5 10 6 1 3 10 2 2 1 2 1 4 7 7 4 6 4 5 6 3 3 2 4 3 3 9 3 7 9 3 10 3 1 2 1 5 3 10 2 7 6 3 4 7 7 1 2 8 5 3 7 5 7 0 10 4 10 9 1 8 7 3 6 8 2 7 0 10 5 3 9 1 6 0 6 4 1 1 7 10 10 6 8 3 0 7 10 2 2 6 0 1 4 4 3 10 4 5 1 6 1 0 7 4 1 5 9 0 1 6 2 9 6 2 1 5 9 0 9 5 4 5 0 10 9 6 6 8 3 5 4 1 4 7 8 8 5 4 1 4 10 7 0 10 1 3 5 5 10 8 2 0 9 2 6 5 8 7 7 4 0 4 5 9 3 1 4 2 6 4 0 10 1 10 9 1 10 3 8 0 9 1 0 8 4 8 7 8 6 8 3 2 8 7 3 0 2 9 0 5 5 0 1 3 9 0 10 6 3 3 6 4 8 9 1 5 9 8 3 9 0 0 2 7 8 5 7 1 9 6 5 2 5 3 5 4 7 2 5 1 10 8 0 3 6 8 5 3 0 9 1 5 2 6 9 9 3 7 7 8 1 5 2 9 4 10 8 4 5 2 1 0 2 5 8 4 1 1 4 3 8 2 3 10 10 6 2 10 0 8 2 5 9 5 4 2 8 1 2 1 5 6 10 6 10 9 3 6 10 7 10 2 5 5 0 7 8 5 4 7 3 5 0 7 8 4 10 6 7 6 3 3 4 2 10 6 8 9 1 5 10 5 8 5 1 5 9 4 8 8 0 10 7 3 4 9 4 9 9 3 6 7 4 4 3 7 10 1 4 10 4 0 1 2 0 3 9 3 3 2 10 5 3 7 5 6 4 4 3 6 4 6 8 3 2 2 0 6 4 0 1 10 1 2 0 7 3 1 10 0 9 2 1 5 10 2 0 3 1 7 5 7 0 7 3 5 8 10 3 2 1 0 9 2 7 2 1 3 6 3 2 5 4 1 7 5 5 6 1 3 1 9 8 7 6 9 1 2 7 6 1 4 8 5 7 10 7 1 7 9 9 2 4 0 1 5 2 7 7 0 9 1 6 4 7 3 5 3 4 1 6 10 5 5 2 10 5 5 0 8 8 0 5 10 8 4 9 3 6 5 4 9 2 6 3 9 4 10 2 8 6 7 1 5 9 2 5 8 0 4 4 1 9 6 2 0 6 3 0 1 9 9 7 10 1 2 6 4 2 1 1 6 1 3 1 7 7 6 5 1 0 2 6 1 9 3 1 2 0 1 10 3 1 0 7 10 9 9 3 4 4 8 5 0 9 4 2 8 0 8 1 5 0 7 7 5 8 7 0 0 1 1 1 0 1 3 1 1 8 5 0 3 3 3 8 2 9 2 8 3 8 2 0 10 10 5 2 10 5 9 3 2 4 2 6 3 3 4 7 1 4 4 1 8 9 0 4 5 7 3 9 10 4 5 5 3 1 3 0 6 4 4 5 1 4 3 1 6 9 9 9 5 8 2 9 0 7 1 10 0 5 9 7 4 9 2 2 3 2 0 8 6 2 2 2 0 4 9 4 10 5 9 1 7 5 6 1 2 0 9 4 3 10 10 7 7 6 8 4 3 9 4 8 2 2 7 0 9 6 1 5 7 4 4 1 8 9 6 3 6 2 4 0 3 5 4 3 8 10 5 5 9 8 5 7 0 3 5 0 0 2 0 9 5 10 10 9 7 4 1 5 3 4 4 10 5 10 4 3 1 6 8 1 1 0 10 6 6 4 1 7 4 1 6 4 10 8 1 8 5 0 2 1 8 1 2 10 0 9 6 0 5 10 5 4 9 6 7 0 3 5 9 6 7 7 6 9 1 5 1 7 2 3 1 0 10 9 10 10 7 10 3 10 10 9 6 7 8 9 9 8 2 7 8 3 6 3 3 2 0 10 2 8 9 7 2 7 0 4 0 6 2 0 0 4 6 0 1 1 0 1 0 1 3 6 7 7 5 1 8 7 10 2 8 10 8 7 7 9 5 1 1 9 10 9 4 1 1 8 0 4 4 7 10 0 5 3 4 10 8 8 0 7 5 8 3 7 3 7 4 4 10 6 4 7 5 3 7 8 2 0 9 3 5 10 9 2 10 4 0 3 6 6 3 10 6 9 0 9 9 9 7 3 5 0 5 0 8 3 9 6 6 10 1 3 1 1 2 6 2 8 9 10 2 9 2 0 2 5 6 5 6 4 5 9 0 2 3 7 10 5 4 4
