130 1538
412 46
1110 1336
263 1556
909 1329
690 1539
1787 743
464 808
713 100
1525 1210
918 640
67 1915
1737 924
64 1691
716 425
957 1181
752 1107
556 573
138 1897
605 261
1061 73
837 1276
589 1628
468 555
46 1909
1198 1740
1239 1447
368 1405
152 652
244 1079
969 119
184 574
697 1113
450 1519
1250 1399
1253 999
1394 1465
216 114
1101 737
645 851
1302 322
403 964
1299 1016
735 1278
197 858
1161 842
1663 1598
180 555
205 1844
490 1906
1109 444
88 1447
1016 1655
643 518
411 64
1137 977
390 1701
901 124
663 786
561 1456
335 1470
603 1342
512 217
148 1167
1709 578
760 1074
1534 1320
1098 565
362 1246
696 1795
202 1267
1301 593
1420 517
233 188
449 303
1468 1809
181 276
1786 1813
76 808
494 1175
295 677
709 707
506 1214
175 890
17 1472
82 310
350 511
111 605
0 0
1684 896
1123 251
1775 1275
117 813
553 578
1703 1695
424 1401
720 755
1788 1715
1522 667
1261 1450
496 263
79 1750
898 908
1264 247
1545 828
106 21
68 97
1916 435
236 1224
1910 252
667 1815
563 605
61 566
164 631
408 1271
846 333
397 281
178 1714
824 1421
1077 780
27 1737
477 1121
103 509
1470 1885
756 1510
830 663
495 1623
131 1485
665 351
429 487
994 216
966 644
1658 1592
267 1085
822 130
1427 1071
1812 1452
1821 483
1761 1659
776 794
879 129
266 412
728 1723
992 1789
53 980
907 1741
31 1440
457 1760
930 645
784 69
1046 1639
1391 1459
469 848
364 770
700 33
923 1191
1451 1039
793 1051
683 1178
383 1297
296 953
1171 1227
808 1907
1465 344
498 96
1040 363
1071 798
292 598
705 183
370 11
1141 304
431 1176
1350 1118
1351 1693
185 175
1913 1284
598 1311
765 635
567 1237
1224 956
440 1365
0 0
1219 1356
269 345
1595 968
28 854
1310 17
1000 1754
1167 725
1088 1644
1616 516
878 1627
1165 1458
692 541
16 163
1103 782
767 23
1524 1893
708 1248
1005 194
1696 365
674 1787
1275 993
1030 156
1050 626
564 550
1430 343
398 1077
65 1780
447 9
641 127
1002 650
1057 1096
790 268
681 1604
93 1041
1252 327
354 1213
677 476
1355 1131
1620 1130
912 538
592 1103
223 1007
228 949
762 93
1235 815
268 1390
85 1491
1028 1475
323 631
445 1332
436 1584
1202 101
577 686
1878 723
596 857
356 382
410 586
982 1486
1489 991
1366 1055
629 1021
146 1564
620 1931
680 416
45 1645
251 1748
568 1177
115 1423
1229 1124
289 1470
843 332
736 793
0 0
1178 131
1175 1886
48 1901
1159 557
872 1898
1314 1869
894 53
136 1726
875 776
0 0
387 1223
800 1375
903 1058
1157 1242
533 13
1395 1544
414 1230
619 678
462 1146
694 1555
19 638
1731 168
229 1426
1352 420
908 624
691 7
1311 185
1514 839
1738 456
1140 1089
1838 1036
787 756
372 175
277 505
120 508
1428 847
1227 950
1396 1318
1128 707
529 1568
902 947
1462 161
1136 13
199 1020
1656 1328
456 255
222 888
1925 807
610 1302
871 1627
569 128
769 16
758 1185
0 0
616 235
816 1835
1049 265
206 923
648 1528
128 1242
1730 1903
792 399
587 1094
1388 187
650 200
1726 1186
126 1739
1702 1851
0 0
962 865
140 1610
0 0
35 357
801 923
676 1551
789 535
113 1000
1555 256
1383 229
518 1330
1675 1645
1661 431
931 697
644 1124
1268 1889
438 1051
712 498
416 1626
230 775
1356 641
1285 714
839 1057
640 1159
1378 1106
204 1726
160 1497
342 87
36 1487
841 68
1108 1200
366 956
613 1816
737 1392
142 786
169 1705
1414 462
94 32
211 693
820 309
1890 488
382 1891
1399 616
1066 1770
275 1749
1331 916
1064 1716
963 1743
428 1013
1441 1807
1553 492
1425 228
1413 1336
96 470
384 626
585 1569
545 1203
884 1301
183 230
1307 1723
777 284
910 1426
1336 279
340 459
1385 222
3 1731
437 171
532 191
818 1248
504 1120
52 266
747 1863
465 1069
1764 1354
153 1178
179 1848
321 544
1640 1237
1190 205
682 1425
625 242
109 1383
466 40
539 861
459 1066
611 464
274 61
1501 836
944 503
1550 11
1931 301
255 269
576 1733
1831 786
516 807
939 680
42 281
66 1847
95 1078
417 341
1497 1738
264 961
415 840
44 1591
1899 404
1588 779
285 137
166 1894
327 68
1349 133
381 1743
1456 1023
1344 1391
1034 569
893 223
395 1604
882 1439
1287 1784
768 858
1169 1048
54 1911
1091 755
15 350
701 519
973 145
129 887
176 1035
24 1524
975 1002
999 72
1881 621
1508 1432
1720 714
1404 2
122 794
1742 1689
344 1054
422 90
1443 1696
671 1595
936 1746
1512 1431
56 1808
1358 1681
715 1168
1660 674
25 267
1774 291
425 303
147 705
1426 1322
1513 934
862 1846
1393 1000
1808 862
1125 1665
1118 747
1609 434
29 1144
308 763
361 56
749 864
557 196
578 856
1822 106
1797 953
58 1482
453 1592
446 1106
1297 1283
867 1371
157 1917
1085 1478
314 411
77 585
127 529
402 1660
313 212
1671 79
940 82
37 181
633 1689
1613 1268
1654 1046
38 1425
646 368
1436 699
242 473
1504 715
225 218
40 313
1260 751
1360 1071
1201 161
1266 633
927 1414
956 1120
1147 599
788 603
1193 703
203 287
1274 1075
795 189
873 1215
946 1349
358 1924
1048 1782
1511 536
722 70
1026 708
1518 550
11 272
353 1230
1236 1813
1397 1376
1324 1184
420 556
1257 396
726 60
744 213
1076 626
1932 786
0 0
400 231
515 569
1145 272
651 945
112 14
1248 1674
1611 385
60 458
942 561
1751 1805
250 893
1117 475
1565 1375
1484 460
1907 1215
631 1348
627 1799
1582 352
105 887
125 1374
710 549
920 1812
208 1872
1170 441
143 1472
967 832
1174 188
1148 1260
173 1606
191 1515
5 424
541 1234
1834 1571
1240 1400
565 985
1364 1192
1317 409
1796 1132
1705 1239
1278 1361
653 388
983 236
309 1713
1445 284
554 1889
836 1867
1132 1605
256 1047
318 1884
123 1380
145 1675
489 397
212 1095
200 1250
915 1900
238 217
299 699
1013 630
1639 1492
782 1323
1556 1714
1603 1193
1784 1866
245 171
746 156
486 219
172 527
581 306
1384 1670
1245 943
470 316
363 132
1292 899
535 719
253 1367
303 805
615 545
803 1339
409 312
423 1198
1060 836
246 700
144 926
1305 1194
1298 1551
99 903
1581 1148
1379 713
652 731
634 78
1635 73
526 589
772 1728
659 1371
1615 771
1765 484
367 54
1558 466
326 1813
1920 1001
685 853
501 1566
950 1439
187 1150
1576 494
1836 233
1059 1402
1882 686
1482 1453
1042 1693
1022 1303
8 214
730 825
1247 1826
1062 199
1319 1796
351 1696
964 1257
0 0
1625 319
546 706
947 1724
507 1661
104 1479
1627 8
1217 1377
1284 340
0 0
922 1613
688 182
1719 1910
452 653
1495 362
91 1541
1021 1702
1478 403
698 232
1279 863
1023 58
1768 982
1283 1849
670 1378
1353 1064
662 896
51 24
953 1594
198 468
725 787
729 510
235 817
938 1321
608 1427
817 1502
328 842
1554 444
284 60
0 0
379 19
1532 1072
22 1676
260 581
1254 794
0 0
1903 336
116 673
861 1303
1579 1448
1676 837
958 163
209 1521
853 389
1153 1556
279 141
71 1576
1053 913
1806 879
217 109
1777 1385
1215 872
475 527
433 746
1783 1358
1127 1265
547 1429
1601 1016
0 0
479 1335
59 846
970 677
1594 1266
1069 827
1116 1588
566 893
695 210
590 298
721 658
132 1864
1289 1722
1623 854
1666 1747
919 1646
480 1496
794 439
491 1192
337 570
281 1658
1591 1117
1173 1313
885 95
1793 138
435 1480
0 0
1865 1675
1113 1388
1316 1143
1448 1466
1272 992
1359 1757
540 1432
630 41
348 1614
1418 1295
1191 618
1368 625
1670 1018
1124 147
1338 1733
317 908
831 1611
997 594
977 546
943 1322
599 1412
1583 1155
750 1211
1018 957
1340 1844
369 1769
1657 10
1605 1346
352 329
1824 409
1852 962
339 764
607 1008
845 1389
810 93
1642 983
706 1531
1785 383
889 628
1348 1823
1074 490
156 495
1078 1319
69 410
1376 824
1782 1721
528 651
319 1615
90 596
1033 829
508 772
373 736
1477 777
941 926
916 679
961 430
935 767
1306 1118
1296 360
380 662
1665 1870
1230 162
1045 1384
49 1596
1523 965
1160 883
325 876
673 962
1935 152
481 1477
509 1306
1813 718
1829 485
1860 1788
0 0
1133 1524
632 411
579 660
1010 121
1884 1408
815 761
849 548
50 1206
1604 1212
312 1536
305 1751
1130 1651
1546 1842
1494 1751
1226 1892
877 369
1685 702
796 634
1690 1726
1626 1043
1802 821
1054 1061
41 400
844 1012
851 792
1883 1182
270 150
1417 1345
262 72
294 1745
1142 1575
622 636
14 86
896 267
552 1666
1800 868
451 1361
1208 1598
1461 1776
159 1569
407 1510
151 390
1454 327
33 1642
1216 1083
798 1173
1713 1824
733 1473
666 416
1228 1207
880 1092
1794 83
1832 875
678 246
171 1031
10 873
1398 1913
258 1542
1922 1586
1575 1778
1877 378
825 429
1164 665
1282 999
1911 1119
917 85
0 0
1569 1874
766 1872
1424 823
924 1076
1744 1850
933 574
1304 1293
493 1749
455 788
536 364
0 0
1392 818
741 413
322 1444
805 49
687 274
1460 581
679 1309
92 678
392 575
1014 1206
472 581
1653 492
523 477
1262 1396
170 1730
1038 41
538 1585
1467 1511
1649 120
881 358
1327 1367
1401 1258
1593 1189
278 512
188 748
1706 974
951 787
597 1048
484 1933
1012 1616
310 1228
582 1498
1444 1720
1400 125
1637 885
1904 1126
806 370
771 1338
1559 623
338 1699
570 533
135 926
195 1625
1539 1312
231 442
1474 1755
1251 278
121 278
1528 973
1933 51
1811 136
1377 1351
829 1793
832 202
293 528
499 249
55 1928
887 1210
1086 907
461 1341
524 1209
905 1574
1700 194
1697 979
259 1398
1695 1477
864 729
1242 337
1577 602
562 307
1585 1307
1155 1442
1036 1164
612 1096
0 0
1727 1000
70 656
473 1349
1500 1377
1827 1305
1901 1035
240 479
1536 1825
1767 785
482 1883
714 648
1682 417
0 0
13 1195
860 75
1318 1888
1584 471
207 1111
1004 371
1770 1459
1087 617
586 1045
168 584
30 1300
571 881
324 41
779 543
987 1129
1473 194
1367 1812
1557 711
1803 894
391 427
1566 1163
932 106
689 1586
0 0
1471 1376
900 1014
282 346
1701 1134
23 424
1568 1072
1509 784
1047 151
855 1398
375 1385
988 1406
492 1926
1674 810
371 546
929 939
215 1121
1183 1168
543 1190
331 735
0 0
1725 280
345 687
840 170
0 0
20 1181
301 285
1515 1818
1119 1375
848 1364
0 0
1342 22
1334 1439
1606 1416
1434 1110
791 393
911 1167
626 765
304 541
786 526
1854 897
1510 1535
124 1343
1548 23
1189 422
835 1721
1689 1115
7 1226
220 1589
1206 1142
336 338
748 682
534 408
1619 206
357 660
572 1361
807 258
224 1080
1412 830
684 1859
226 939
0 0
1464 545
1442 1802
1867 855
1652 471
809 1649
227 198
1573 1705
1313 1368
1143 1495
73 868
739 715
1659 1298
1769 984
1835 165
1492 691
1105 147
210 839
288 332
139 301
1828 1202
1746 765
1233 966
1570 166
1869 1401
863 452
1732 1713
1632 758
154 583
895 1366
1154 506
1687 511
811 748
237 1118
232 1759
717 1790
606 1686
87 81
1753 1500
827 1156
1664 462
628 432
1017 1601
635 1484
439 539
1058 154
1172 1935
1185 982
1082 594
1766 131
1231 511
525 1877
899 1719
18 1541
1323 960
1207 1612
1195 791
1563 233
1714 1464
1628 1513
0 0
517 330
770 1927
575 549
1560 1017
1686 1165
574 866
78 1002
668 1688
1891 716
550 244
658 1779
1369 1194
913 1253
1772 1394
1321 1834
377 552
1849 1204
1715 111
149 1182
1600 1829
374 1648
474 1347
1096 1533
0 0
1363 196
1499 1707
847 537
742 1442
1597 1098
110 1203
1530 222
1181 1835
1651 540
1294 1475
1820 1618
1084 1894
948 1071
1567 1017
1288 700
513 1376
617 1663
1258 940
1810 1166
291 1461
487 192
1758 1038
1163 643
897 1457
1826 1534
101 1088
1699 1329
1747 447
488 774
1791 494
0 0
80 1427
1362 1520
857 320
287 113
647 507
1457 1581
1472 562
74 139
573 1424
26 918
1320 899
1387 833
1755 1679
460 627
1093 688
1273 1743
1905 1240
503 1103
1019 859
1876 29
265 1686
537 1289
866 113
406 1227
1455 482
1433 194
102 1747
1055 1301
426 1185
783 296
219 1255
1574 1244
502 803
1485 465
1853 1856
1357 948
298 863
1717 633
1896 1128
1225 1609
1072 342
1097 1008
1107 1382
530 1562
283 717
1921 1093
441 1216
949 292
0 0
914 129
0 0
1205 1772
249 585
1722 1199
485 474
1458 722
693 1070
542 1620
0 0
1003 1581
1543 1406
1918 468
1447 601
584 1630
0 0
1934 1918
510 961
743 207
842 1184
196 1577
399 636
954 871
998 564
703 1677
1419 226
1043 916
926 1101
906 367
1610 1617
273 441
413 1179
333 247
1186 736
802 698
300 429
1926 649
1622 235
365 535
1122 1138
1587 740
1870 693
1614 1428
1106 869
194 741
1223 1765
1880 1311
150 809
43 42
478 1228
1915 1256
1483 174
1370 24
137 590
514 1337
1572 212
4 1487
1213 479
1255 37
1885 57
1850 623
0 0
883 912
119 270
421 1494
1259 1195
1453 1908
978 397
1095 696
1371 31
1031 958
141 356
1192 1166
1007 1436
1244 1827
1044 1423
427 851
1421 1449
0 0
378 1302
870 1455
522 1345
1678 1767
1819 1092
107 1627
1733 1403
614 292
1382 315
186 1740
660 1882
1667 1661
1009 94
1386 793
521 511
0 0
234 197
745 376
192 104
623 1683
595 642
1647 745
1851 1936
1263 294
778 1781
1056 1921
1329 323
177 990
971 295
1750 694
1502 804
1214 1761
1898 318
1073 1221
1089 990
1209 444
1162 822
1409 1837
12 295
1607 1108
826 1511
343 1159
1099 417
0 0
974 26
702 140
1450 1305
1406 1326
602 670
47 588
1517 806
1286 1738
1041 1446
75 387
1688 682
1315 639
1487 355
1698 1220
704 1405
0 0
1065 1294
675 1788
1631 1581
604 228
290 57
1804 1599
280 351
1683 234
773 1014
1158 1529
1894 18
1267 363
755 907
985 155
1842 1923
1187 681
1612 56
32 1034
1486 904
1326 335
639 1861
1431 1560
1724 225
341 1027
1438 1551
1914 1274
444 1252
1166 996
1547 597
1807 1112
1858 1090
1008 1451
600 1473
1365 1107
1646 479
1823 369
1887 512
193 1864
1629 9
960 1833
394 844
1490 864
1759 795
738 1531
1669 1308
990 241
2 1489
979 860
669 659
1818 1422
859 392
190 1428
1291 303
1389 809
213 522
0 0
886 1613
389 116
1814 1634
711 1801
218 1680
214 1564
1830 1807
1895 4
1734 195
1234 1243
621 1521
655 327
241 282
239 1120
965 1160
559 1296
401 1818
1855 865
1422 534
527 1073
1079 1816
1580 721
1459 1287
1745 95
0 0
1936 522
1374 1694
0 0
347 802
1188 1624
1373 646
0 0
355 1372
1874 1125
1840 406
1415 813
723 1047
1440 898
1590 910
1037 868
1126 690
1673 1164
476 314
118 1890
1780 942
1194 1104
405 773
1692 501
544 312
1691 1695
1479 1170
734 1121
549 931
1347 939
1408 608
1839 551
1083 1094
1039 1850
1410 1404
360 380
1617 1506
1739 1284
642 379
1068 1323
1277 1009
1503 13
580 1123
727 1922
1131 405
1875 1365
764 179
1630 1497
454 585
1552 500
601 895
1469 1187
1521 669
618 1205
1741 937
302 1616
937 1511
1505 1217
834 8
812 315
925 911
1825 1638
1541 79
869 1053
1837 347
799 1900
1928 766
1906 1557
21 1664
928 901
1857 1382
904 414
1020 759
1923 121
114 394
97 1773
315 1004
1718 1220
654 1552
821 820
1295 1089
1333 90
404 1840
1339 432
753 1709
1531 1359
39 617
1763 206
511 986
393 1718
1375 94
1121 1476
1241 510
443 522
0 0
0 0
359 1396
0 0
548 1905
1930 1685
1728 1025
1052 1408
1519 876
330 967
182 1858
1645 423
1662 567
1380 1547
636 489
732 261
307 112
1868 831
775 548
1644 1853
1269 1621
252 547
972 55
1496 619
740 814
286 1291
1694 1654
316 1904
664 610
385 1407
1308 1290
1480 730
1115 1455
976 1355
1197 1211
718 428
418 1295
890 271
1602 1861
1015 913
624 176
1723 1597
1067 1404
1506 150
1180 1401
934 701
1549 1460
1218 1558
505 1663
1862 508
1533 1080
1491 988
1094 1685
1212 1342
1300 1049
0 0
1776 1606
1779 675
1672 305
1710 1300
1888 935
1736 1134
57 532
1864 1380
1809 831
1139 1662
1211 1819
1403 1647
349 903
991 220
1466 391
0 0
1729 1927
699 1332
1144 1238
686 987
774 135
1237 1573
0 0
1668 1079
1270 1225
9 1138
1290 695
221 944
1463 737
174 1687
1873 1059
1280 1821
162 551
1762 1516
649 1219
1092 997
165 124
396 486
1493 1777
161 921
1792 616
1578 460
1711 345
759 894
463 666
0 0
1538 846
1293 1460
430 1752
458 1753
0 0
1592 1600
1856 525
1179 1232
1845 1815
0 0
1112 790
0 0
1708 157
108 765
995 963
1859 311
1346 1706
1815 158
483 853
959 298
134 1423
1648 1913
1542 819
945 559
980 1162
1035 1735
0 0
1889 54
531 1915
1650 399
1544 1519
163 637
1789 1099
0 0
1927 1570
1526 982
828 1109
1778 1632
754 705
1716 1692
989 433
1680 1785
868 1315
1841 1313
638 815
432 493
1848 254
306 1826
376 1580
874 447
555 1912
1120 1244
0 0
1773 972
86 1498
1805 1272
1520 1919
1138 47
0 0
1679 1172
83 838
672 782
1535 1890
1872 1774
1150 293
813 739
332 1281
1024 128
751 1097
1598 712
1423 1931
594 1546
858 1678
1276 1501
1817 248
1416 35
1309 667
1011 861
1902 92
500 1847
1633 1199
1102 292
819 580
1924 778
1027 1116
1354 235
1551 1587
1843 180
1636 1693
1405 1512
1246 595
1090 1899
334 1262
1437 595
757 1177
1184 440
856 1641
1909 1087
1908 1448
1624 629
1562 283
248 1269
1634 1351
785 1669
1104 564
1677 971
1748 1916
1897 1582
1781 98
1328 1280
434 1187
467 469
1681 67
72 523
1917 1415
560 712
1449 227
1345 757
1929 1697
588 796
1341 484
1146 1929
1325 331
1168 749
100 1762
84 598
1204 420
1361 1275
261 1496
1080 1583
1222 448
243 305
497 833
1638 684
520 1329
891 753
329 450
1893 1274
1863 1707
1641 671
1475 1362
1743 654
781 41
89 1511
1411 564
81 925
1571 1077
1176 574
1754 1353
1151 971
1149 1141
1529 972
1608 101
892 1830
1032 322
1599 1661
34 1910
1847 65
1203 1236
0 0
1879 525
189 1804
1452 892
981 1391
1721 1806
0 0
1432 348
1435 135
558 1483
1481 290
297 1591
1756 1057
719 1413
609 1592
6 1257
448 660
1 1444
1621 1895
155 1517
888 1922
1129 1509
1232 253
1220 115
272 1091
1861 1794
519 1653
0 0
1439 402
968 952
1846 1468
1833 1019
0 0
1135 1075
1256 1710
1760 1769
1564 558
1243 1656
1596 954
984 509
731 421
62 610
1801 1410
1335 963
1618 767
158 52
854 1755
591 1729
1156 1838
583 1876
763 875
346 1214
1330 1920
724 331
1200 842
1221 1603
657 1305
133 1397
1249 161
0 0
1912 497
1134 1817
1337 1160
1446 216
1390 1523
1816 1836
254 76
833 1201
823 1065
1312 1197
1303 1379
761 354
1740 245
276 1418
1332 1373
1799 1074
955 220
952 415
1586 1270
1795 1662
1196 248
1900 530
865 1493
257 665
1757 1265
1177 902
838 803
0 0
1712 234
1643 1904
1919 891
1589 349
1507 1898
1265 1304
1892 953
876 469
1498 1708
1070 1149
1111 976
1886 542
1322 294
471 1892
98 168
1561 743
1476 71
0 0
656 1704
0 0
1752 917
1488 1531
63 1146
1063 55
1527 1659
311 1828
1210 886
1051 1100
1006 799
1001 1473
797 1104
707 27
1704 1006
593 1033
1381 175
271 1607
1866 1147
1152 1614
167 61
814 1318
1693 724
1540 1494
0 0
388 1811
247 989
1871 605
1238 1143
1100 1619
1114 1236
201 1410
780 1062
1281 1420
1771 1813
1271 1593
1516 944
1372 1081
1749 131
1655 1783
1081 897
1402 501
637 263
921 707
996 1822
852 1542
1798 743
0 0
0 0
1075 1056
1790 297
442 1233
320 1837
661 1437
551 499
1025 938
386 1869
1735 1188
804 1558
1407 843
1537 1354
993 1310
1182 339
1429 621
1343 1734
1844 444
986 571
1029 1464
419 337
1707 308
850 1534
