2000 2000
30 5 79 126 704 951 1848
342 3 54 712 1647
980 5 133 1130 1291 1385 1523
842 6 94 111 161 258 607 814
969 7 189 463 932 1271 1312 1865 1941
69 3 312 374 720
679 2 74 536
1158 3 273 1206 1852
570 4 458 615 1434 1864
47 6 74 920 1224 1265 1365 1394
412 3 738 1107 1421
1994 3 95 230 272
1286 2 97 1507
755 4 81 420 1330 1354
1368 5 91 790 896 1187 1762
1080 3 553 1084 1701
1553 2 502 1211
1575 5 368 663 1153 1343 1549
647 2 752 758
1661 2 484 1758
326 5 141 331 1129 1148 1937
945 2 1820 1996
358 1 232
358 2 1620 1827
1831 4 2 240 1542 1785
1692 2 37 1958
1345 8 289 313 456 502 981 1766 1840 1850
576 2 694 1030
864 1 1774
1074 3 100 606 1514
281 5 639 883 1136 1276 1871
948 6 404 975 1103 1477 1625 1641
1215 6 138 983 998 1157 1303 1357
1622 4 426 546 1399 1817
765 6 544 779 905 1578 1628 1802
1061 5 217 852 861 1731 1948
576 3 410 573 614
1587 3 667 1058 1488
827 3 320 713 1649
1981 2 208 734
991 1 1899
1215 2 1838 1860
344 2 187 571
1703 1 714
261 6 362 1001 1133 1732 1740 1783
375 3 38 239 1655
408 3 209 713 1915
1517 2 1573 1899
28 2 406 871
1890 3 721 1124 1448
360 4 447 554 1089 1908
311 1 1304
561 3 494 904 1954
867 5 237 313 344 1020 1694
530 2 348 1632
988 2 220 1298
1339 3 22 1605 1871
1708 1 1320
482 5 834 878 1039 1047 1489
1000 4 439 631 1068 1685
1288 3 1030 1103 1460
849 3 901 1488 1620
1554 2 1261 1525
1659 4 558 993 1231 1624
352 6 104 221 455 975 1190 1926
353 4 183 607 1748 1979
1061 2 843 1185
979 1 1141
10 3 301 911 1911
1587 5 138 1077 1287 1558 1722
39 3 215 591 792
32 3 330 908 1195
1822 4 680 848 1849 1979
1635 4 902 939 1332 1490
880 5 289 471 1072 1622 1646
148 4 427 636 937 1620
387 2 259 1692
1403 4 366 731 840 1673
58 3 84 839 1402
1694 3 29 438 500
580 2 770 986
1986 2 150 386
1046 4 496 762 1780 1790
1116 4 24 1349 1517 1646
1839 3 251 887 1355
1765 3 128 1493 1638
132 1 1735
526 4 953 979 1330 1432
1052 4 563 604 1114 1583
78 3 41 513 836
1950 5 358 386 480 879 1471
281 3 209 539 1390
757 3 66 756 805
279 3 77 806 995
1186 3 306 893 1980
779 6 25 569 728 1556 1890 1907
864 1 932
708 4 594 974 1370 1823
527 4 103 414 1268 1715
146 3 563 1505 1850
1113 1 105
956 2 59 520
888 4 194 614 1369 1822
193 3 978 1550 1777
1618 3 184 512 991
1584 7 22 171 440 864 1406 1575 1731
1324 4 495 1707 1918 1972
1882 2 1306 1916
1925 2 1419 1433
886 3 1103 1799 1969
1489 4 64 457 716 839
266 5 298 428 767 985 1420
1514 2 605 1673
1329 1 446
1682 5 107 633 732 811 1731
482 3 250 511 1356
1538 3 87 984 1209
665 3 983 1503 1801
78 5 521 688 1549 1764 1846
1968 1 1201
1670 3 763 1786 1902
1208 5 207 285 905 1083 1239
192 2 1718 1792
1365 6 306 587 732 1909 1942 1973
1552 5 282 346 875 1370 1841
1970 1 1453
18 6 180 526 758 1364 1421 1943
1903 2 1027 1446
899 1 1140
333 3 373 824 925
404 2 933 1487
1041 6 190 214 266 872 1385 1725
302 3 688 1257 1418
287 3 426 687 1535
1815 1 506
1271 2 153 1776
492 3 1199 1397 1726
1803 4 647 765 1026 1077
1905 5 257 656 970 1675 1777
1779 6 690 856 941 1188 1711 1755
348 3 135 415 1158
1734 1 121
1943 4 395 525 1060 1571
1637 3 1148 1356 1853
777 2 139 719
617 2 1028 1103
43 4 237 1140 1645 1888
1365 4 551 1023 1306 1728
880 4 147 297 323 334
613 6 337 756 770 1454 1750 1920
868 5 437 599 880 1945 1950
765 1 1660
1541 3 735 1488 1866
264 3 704 970 1632
1083 1 526
868 2 1493 1587
280 4 931 1121 1225 1961
751 3 327 1103 1869
1698 2 333 1974
24 4 231 829 990 1117
20 8 51 318 786 940 1461 1474 1516 1861
1515 2 839 1253
1528 3 907 1689 1790
2 2 78 1488
1497 2 480 891
507 5 744 907 983 1123 1630
93 2 1053 1378
356 2 233 1297
676 8 268 506 695 1009 1447 1529 1768 1822
1387 1 1295
959 4 42 201 691 1290
1914 2 1050 1325
625 3 35 951 1948
1436 1 373
369 1 1366
30 3 104 654 963
1804 1 881
1998 1 1338
1870 6 419 431 495 812 1112 1837
1506 2 1762 1771
787 3 822 1144 1591
885 2 89 836
373 1 1844
1653 1 514
1106 2 273 1704
788 4 365 1366 1418 1871
1301 2 1669 1809
895 4 81 214 1152 1337
1990 4 737 1288 1556 1757
1181 3 220 573 1706
602 2 336 1850
205 4 484 793 1771 1957
693 1 969
680 2 116 813
264 3 587 967 1613
360 6 257 730 1021 1148 1503 1694
34 3 623 1153 1777
1953 7 338 735 749 978 1026 1229 1909
1424 2 818 1474
1791 4 741 887 930 1254
985 5 31 190 785 1555 1577
213 3 548 802 1092
1835 4 451 455 671 1054
536 3 329 492 1639
1499 2 361 584
1251 5 328 840 1050 1158 1985
1933 1 1729
1497 4 568 695 1783 1800
977 3 15 1173 1344
1033 3 759 1200 1301
903 4 320 557 644 1597
1639 5 161 352 918 1405 1692
300 2 392 1612
1094 3 811 1587 1997
224 4 204 1180 1362 1627
1662 1 1445
1093 5 76 914 978 1237 1592
1603 1 1066
1587 4 230 664 770 1831
833 1 467
1546 4 883 1348 1484 1560
1710 3 945 1038 1205
857 2 122 1838
1136 2 1185 1603
1201 1 445
1078 2 940 1756
413 1 1930
79 2 226 412
293 1 1798
587 3 1492 1534 1738
238 5 368 426 510 1281 1816
231 2 173 1339
1593 3 610 957 1802
615 7 46 64 815 823 1504 1839 1968
1414 6 285 344 1302 1353 1456 1977
1235 3 31 1499 1765
1603 2 731 733
1964 4 222 385 1143 1523
1384 4 94 904 1824 1917
661 2 1003 1142
1847 3 28 1510 1911
436 2 1299 1324
1674 5 43 366 417 974 1042
268 1 545
396 7 700 872 891 904 1043 1308 1457
1953 2 915 1097
1997 3 1025 1062 1067
793 1 760
1398 3 625 1681 1897
526 1 1188
1250 5 86 184 263 1396 1491
1411 8 237 287 624 1013 1063 1264 1457 1613
1001 1 1541
650 4 11 1059 1737 1956
61 1 1920
1195 2 303 395
1644 3 136 692 1807
812 5 145 254 850 1179 1428
415 5 777 798 1031 1451 1990
1758 4 420 543 1048 1418
632 4 319 1126 1405 1677
613 3 454 1721 1776
283 6 65 69 1215 1495 1812 1869
1869 3 1625 1765 1912
1659 4 1 307 1016 1373
327 3 423 695 1761
1982 6 44 323 455 836 1491 1800
851 2 1421 1500
1604 3 1279 1683 1984
748 4 628 732 1077 1222
1090 2 1057 1940
866 1 957
1843 4 715 1132 1443 1515
839 4 26 438 1096 1576
107 5 1035 1448 1468 1605 1696
1225 3 216 1250 1374
578 7 5 388 595 744 1079 1614 1652
1251 4 732 1663 1730 1755
1671 4 801 814 946 1281
1340 2 729 1724
1781 3 1462 1472 1823
175 2 1227 1359
1531 3 1111 1376 1533
1316 2 464 970
1759 4 148 258 504 615
1855 6 123 286 293 1056 1414 1893
1778 1 319
797 4 1192 1652 1742 1889
1698 2 1341 1650
1377 3 445 686 732
511 3 1060 1503 1968
1953 2 894 901
102 2 175 181
1644 4 236 772 935 1409
367 2 164 912
1254 5 333 526 899 1264 1928
928 2 123 371
354 6 84 1009 1110 1636 1686 1831
1125 1 240
595 2 355 1063
96 4 21 613 630 1873
1953 2 618 741
1603 1 1696
1039 2 1028 1138
706 4 44 1066 1472 1939
226 3 12 419 1164
1434 2 40 1834
1017 2 501 1917
727 4 13 192 712 1992
1044 3 387 1498 1818
1817 4 28 543 702 1871
849 4 167 290 441 927
286 2 186 396
154 5 495 877 1167 1386 1930
495 4 588 746 1350 1406
742 4 462 895 1733 1817
238 1 1128
1979 3 1507 1585 1593
844 3 664 750 1859
1363 6 89 1055 1369 1390 1469 1651
543 3 155 640 1703
1274 4 374 1002 1219 1353
1205 5 67 125 147 395 417
228 5 409 528 690 1074 1611
1536 1 1481
1254 2 0 285
1180 1 550
1871 1 1152
1604 2 711 1718
1171 2 621 1290
317 2 232 1963
1907 3 79 966 1340
479 5 168 498 825 1248 1928
1773 5 11 328 1188 1451 1550
467 4 36 132 683 931
1555 5 287 763 928 1076 1789
1878 3 117 434 1863
1251 4 483 906 1132 1656
830 3 835 1526 1805
423 4 91 127 436 938
365 3 488 1250 1311
881 1 564
1026 4 684 747 1148 1898
138 9 362 409 620 676 1095 1298 1360 1381 1801
813 1 1402
1851 1 1642
447 2 783 813
1572 3 268 941 1311
1974 2 656 1262
1313 1 1849
297 3 655 1246 1523
1718 6 111 193 336 695 1380 1942
741 2 402 578
165 3 495 1653 1794
467 4 929 1093 1210 1323
1172 4 38 139 1101 1846
1021 3 161 715 1843
579 3 790 1923 1935
1391 5 1055 1141 1195 1242 1513
1723 5 29 121 575 855 1225
1176 5 664 1167 1581 1700 1825
1450 3 229 751 826
1491 8 72 176 859 1151 1334 1478 1614 1853
441 5 20 391 916 1373 1675
866 4 365 1015 1136 1522
589 5 70 493 1217 1242 1408
164 3 76 1282 1755
237 3 589 822 1895
53 6 263 960 1322 1380 1465 1603
950 2 1803 1829
293 4 339 976 1908 1968
1495 2 391 1659
85 4 465 701 821 971
1512 5 360 829 1081 1360 1696
1410 5 615 1240 1375 1574 1902
1136 1 1575
748 7 313 349 579 712 1045 1646 1664
1578 6 419 596 696 966 1474 1532
1142 5 377 619 620 1117 1705
579 2 322 1625
1417 3 359 889 1773
1998 3 134 534 1931
1416 3 409 806 1479
300 3 739 795 1559
90 1 930
1562 4 142 922 1561 1597
476 5 120 539 976 1599 1886
543 3 0 18 1179
1578 4 206 438 1052 1327
653 5 162 211 913 1625 1666
1598 4 461 507 928 1793
1598 5 505 747 1153 1189 1825
20 6 139 637 899 1062 1530 1549
1860 5 94 584 1113 1313 1951
1725 2 942 1199
870 5 38 205 1192 1685 1954
415 4 165 281 1004 1210
899 2 1624 1887
460 5 686 1131 1186 1568 1854
1318 2 1603 1918
571 1 395
1940 4 85 160 621 1460
79 7 316 430 444 562 583 1807 1863
229 7 92 216 282 323 848 899 1404
866 4 613 932 1377 1640
1057 3 71 1627 1865
693 5 64 1199 1264 1451 1948
123 1 42
214 2 648 1061
911 3 677 1352 1936
509 3 793 842 1152
281 3 680 751 1345
1040 2 439 716
483 3 931 1371 1593
465 3 222 439 1622
199 6 12 70 239 968 1194 1361
768 6 385 535 1613 1665 1949 1969
1938 4 86 409 1593 1813
1003 4 178 290 647 1327
447 2 1567 1610
1702 2 438 1999
180 1 974
1747 3 35 241 1888
1660 4 969 1077 1621 1761
291 2 484 1185
883 4 459 705 1212 1681
1904 5 523 766 904 1311 1560
891 3 934 1313 1748
1997 4 659 860 1234 1263
1266 4 1149 1276 1325 1924
1964 4 430 474 784 1002
65 3 730 1252 1954
799 3 741 908 1935
1404 5 52 526 634 966 1054
163 2 219 1013
501 3 1180 1191 1686
252 5 173 367 1174 1288 1345
628 3 35 626 1228
585 4 374 1617 1926 1955
884 3 387 1287 1854
1642 2 549 1021
1174 5 82 272 533 877 1835
220 3 526 1022 1159
1330 2 663 1231
1054 4 337 1452 1570 1771
31 5 134 418 578 1222 1336
1555 3 679 853 1426
44 6 330 352 600 1439 1633 1759
1339 2 1081 1357
1491 2 1217 1405
503 2 790 1901
1983 5 43 127 217 1389 1542
1487 3 217 794 1605
314 3 414 1490 1963
653 4 297 438 979 1785
827 5 234 1113 1478 1499 1919
586 4 381 485 1380 1794
1829 1 1995
1336 5 722 812 829 842 1909
658 2 1521 1727
694 4 286 434 541 1552
1770 2 180 584
996 6 40 338 614 780 997 1127
868 5 180 219 509 1466 1852
1096 2 1130 1195
344 3 560 1580 1862
1134 3 161 1441 1898
289 3 217 407 1122
28 1 1143
1822 3 106 302 613
1179 5 143 625 1219 1248 1503
1639 4 931 1023 1750 1905
722 2 454 1426
42 3 1375 1673 1954
1821 6 375 1335 1347 1411 1467 1851
855 2 423 1085
1358 2 428 1726
1971 5 91 634 654 958 1783
1841 2 916 1210
85 3 56 215 625
319 4 279 934 1004 1006
885 6 130 253 295 537 816 1907
1490 2 1605 1607
966 4 652 761 843 960
751 3 769 1505 1707
1778 2 1486 1916
1496 7 101 221 398 565 597 1471 1749
1217 6 181 936 1058 1064 1224 1916
1436 3 59 615 1221
225 3 43 555 1023
1952 3 454 1220 1664
1271 1 1184
662 2 1033 1450
903 1 188
1373 1 1690
1660 2 1301 1785
1877 3 107 1379 1544
1942 2 204 236
1370 5 340 479 510 1470 1628
234 7 170 559 613 736 1001 1720 1989
315 3 261 1743 1981
1461 4 458 473 1042 1260
1486 4 286 941 1288 1295
1561 1 1601
1208 4 320 617 909 1931
1569 3 108 1146 1504
993 3 116 396 1616
1448 2 1685 1725
1137 2 345 1582
1915 2 310 1071
578 4 61 674 990 1030
1296 3 365 405 1145
947 2 139 537
1324 4 979 1225 1379 1779
871 5 737 1210 1367 1693 1754
908 4 346 702 1256 1288
618 2 428 1338
1918 4 400 424 1205 1536
1903 2 791 1378
335 3 899 1369 1651
774 6 32 593 1029 1462 1801 1921
1763 4 521 1050 1112 1309
1640 6 105 449 1307 1312 1650 1860
824 2 849 1878
413 2 1331 1830
1336 3 251 868 1869
186 1 1956
251 4 387 812 1257 1738
618 2 111 482
851 3 691 1389 1973
1621 2 209 681
1894 6 528 726 1000 1418 1456 1867
1703 2 1551 1694
823 5 311 402 515 1349 1422
1994 4 147 1580 1603 1651
1361 3 1702 1764 1898
1052 5 17 361 603 1126 1229
292 3 581 699 1093
1101 2 412 772
68 3 460 587 1227
1974 6 420 677 986 1019 1425 1790
801 3 689 937 1102
1188 6 588 950 989 1140 1793 1879
565 3 621 1161 1860
264 3 595 1423 1480
783 4 256 815 1669 1976
1046 3 388 1455 1491
1341 5 109 292 469 749 1465
843 5 151 225 616 1249 1387
48 4 41 114 743 1194
1138 2 375 901
668 1 642
1455 3 1020 1065 1331
103 3 31 48 1196
1755 2 1174 1805
890 3 443 706 1759
1241 1 314
821 4 130 960 1309 1445
1333 2 336 1682
260 7 163 555 609 618 1307 1402 1450
763 1 1710
471 3 184 400 1603
1145 3 141 407 1260
1323 5 399 570 1133 1171 1877
1486 4 351 968 1179 1610
1584 3 145 315 721
107 2 194 566
1471 2 540 611
1118 4 151 193 964 1952
1414 3 203 1781 1908
295 2 1563 1816
744 5 305 368 653 1133 1198
1431 2 123 1766
507 3 473 954 1977
310 4 214 1072 1289 1826
25 5 503 516 816 1041 1933
1736 6 1026 1284 1416 1640 1821 1834
1345 1 508
100 3 585 606 1864
384 3 1253 1571 1794
1748 4 527 1092 1334 1981
928 4 33 91 112 1475
699 3 972 1602 1608
499 3 372 899 1869
1205 3 288 620 710
508 3 624 651 1840
1822 4 59 65 1582 1903
183 5 307 395 728 1256 1503
955 2 18 1236
354 3 179 1233 1946
1165 3 644 867 1690
546 6 46 262 967 1275 1545 1650
746 4 399 411 556 1116
1706 3 7 29 1734
98 3 695 1141 1190
1191 3 103 1195 1470
1293 5 127 1422 1504 1582 1855
864 3 828 1118 1794
1029 3 471 801 1600
720 7 739 905 1432 1510 1514 1587 1716
1556 4 896 1398 1464 1577
10 2 1058 1682
1548 3 373 972 1107
1666 3 140 340 711
1748 3 12 478 1929
1695 3 644 808 974
826 3 527 658 1745
495 2 192 1268
1877 5 314 386 978 1187 1527
1648 3 708 820 1296
499 6 195 413 696 820 965 1921
183 3 1158 1294 1558
1681 5 33 147 594 786 1314
1859 2 192 1885
481 3 1049 1363 1864
1818 1 1232
979 3 595 999 1128
1776 1 1173
1332 5 446 716 1065 1165 1231
1080 4 254 760 1160 1431
1525 3 121 862 870
1006 4 173 1029 1496 1966
750 6 389 1024 1242 1271 1389 1932
29 3 316 843 1874
1169 3 755 837 1725
799 3 421 563 1211
511 5 768 977 1221 1375 1664
831 3 127 656 1186
1036 2 122 838
1349 2 708 1027
1915 4 98 1067 1391 1903
1070 3 423 537 1759
209 1 38
1860 3 832 913 1724
528 4 197 568 893 1722
834 4 865 1189 1339 1704
1759 2 1089 1691
1135 1 1970
880 3 296 906 1254
1067 2 283 496
598 3 68 373 483
1905 1 547
1236 7 205 550 733 769 1005 1059 1980
1596 5 401 578 1401 1869 1974
834 6 344 463 1425 1482 1520 1591
1839 6 110 131 816 970 1502 1831
1462 3 572 615 1716
103 5 104 454 1348 1596 1841
467 5 10 322 844 1719 1777
462 3 986 1084 1273
1183 3 347 1058 1650
464 8 67 171 1180 1581 1613 1743 1985 1999
1944 4 153 675 1187 1830
125 5 491 567 650 795 1529
866 5 765 845 913 1084 1805
1244 4 907 1189 1336 1659
192 1 277
1647 3 343 957 1088
1734 2 174 615
720 4 546 776 1310 1757
162 3 416 942 1601
1519 4 257 324 485 1740
584 3 1416 1548 1560
1890 2 538 1408
314 2 559 1003
746 2 1100 1403
1357 2 67 1570
1886 4 617 1055 1392 1751
644 4 88 865 988 1658
935 4 432 524 1335 1738
510 6 212 275 800 964 1216 1830
1727 2 219 1010
769 4 18 578 602 1266
1855 3 921 1463 1508
965 2 119 129
1084 3 827 1272 1524
772 1 1016
1654 2 1341 1381
769 3 29 998 1700
673 4 336 743 843 1132
1890 3 88 1146 1751
1268 3 1459 1470 1676
115 3 652 802 1673
283 1 779
1879 5 424 1105 1362 1429 1904
1763 4 82 141 459 1278
1741 5 52 366 544 862 1892
274 6 176 224 1143 1539 1791 1952
1287 5 109 664 803 887 1714
1361 4 585 1052 1061 1679
848 3 53 1102 1211
38 2 753 1620
1067 3 331 1155 1556
366 1 1694
626 3 204 571 1470
1564 4 25 246 1030 1523
1714 2 1584 1648
1111 7 407 428 513 798 930 989 1805
265 2 89 1498
644 6 133 148 452 517 1060 1423
964 3 535 1413 1787
221 3 144 758 1553
461 4 332 404 936 1956
227 4 170 983 1005 1469
1272 2 1250 1974
994 4 483 1084 1334 1475
1466 3 486 1458 1991
609 6 267 283 561 1173 1243 1592
1860 7 62 461 1354 1362 1609 1621 1902
1858 3 355 398 1296
1459 5 48 491 826 1418 1455
1953 8 358 440 570 889 895 1121 1278 1841
979 3 284 699 1485
97 4 615 712 721 1867
1203 4 389 841 1023 1144
1893 5 128 613 896 1333 1781
603 3 376 802 1599
487 3 1051 1509 1989
637 1 304
335 4 75 484 1069 1891
1821 2 82 1885
156 4 157 1126 1144 1456
1431 3 305 626 857
335 4 20 876 908 1129
796 2 739 1314
58 5 67 353 691 1665 1930
360 4 169 237 243 1547
50 1 998
955 5 139 256 803 1463 1745
1590 3 494 622 1676
891 2 13 731
1158 3 561 887 1032
137 4 159 1018 1286 1854
1388 2 445 448
483 8 254 393 914 1229 1578 1635 1742 1974
71 3 1430 1513 1710
1584 6 27 148 170 945 974 1446
1632 4 72 154 951 1848
1137 8 617 710 854 1164 1568 1655 1691 1957
1401 2 1500 1551
1362 7 356 357 366 942 1009 1931 1951
925 7 83 94 567 746 851 1149 1992
372 3 460 512 827
1168 1 1501
771 2 439 1045
1583 4 168 1263 1451 1722
1914 5 80 175 503 814 1680
1578 2 1446 1691
609 2 1421 1925
1548 5 443 779 986 1255 1683
169 4 106 1392 1480 1813
514 5 885 1014 1029 1509 1710
1667 3 268 943 1716
1753 2 1121 1132
37 2 1353 1395
562 4 1 1075 1141 1942
1337 4 786 1258 1579 1837
1209 7 175 177 212 342 730 906 1496
1208 2 1022 1044
466 1 603
436 6 1276 1484 1583 1592 1679 1883
1695 4 769 945 1092 1617
672 2 1104 1395
1013 3 280 931 1535
77 5 164 230 1171 1671 1857
1579 2 1140 1881
1747 1 1877
709 3 1021 1179 1724
250 3 349 484 1696
1067 5 107 217 438 572 1995
375 5 129 299 1238 1441 1707
1163 1 1614
1017 6 89 147 164 579 1326 1913
734 1 85
991 4 70 366 1338 1801
380 1 1308
1381 6 769 805 840 1629 1834 1985
1714 2 212 548
866 4 110 883 987 1005
131 4 308 527 622 1034
1869 7 223 763 1084 1281 1386 1474 1962
1780 5 768 1017 1106 1125 1433
138 5 198 270 758 1573 1920
265 5 653 751 837 1453 1694
1802 1 372
549 4 61 575 641 1875
268 2 1090 1920
417 4 78 618 1385 1752
1216 6 174 833 1409 1797 1891 1919
630 2 337 1405
1060 3 287 625 1171
614 4 409 535 935 1481
1035 2 623 1040
265 1 75
982 3 23 1208 1518
1932 3 316 439 893
108 4 332 361 626 1484
684 2 948 1019
1533 2 278 366
708 4 161 773 978 1856
1983 3 187 1128 1739
844 5 273 323 628 793 1407
1942 2 274 1328
127 5 156 348 566 1222 1990
1507 2 1694 1783
367 4 1035 1039 1194 1695
1450 2 1268 1920
80 3 841 1232 1861
593 5 116 153 179 237 846
842 3 21 1134 1372
584 5 34 51 557 994 1401
489 3 156 804 1370
837 6 731 820 867 1232 1674 1989
1789 4 439 849 1384 1867
1854 4 986 1116 1288 1451
1562 5 774 875 1381 1472 1843
827 4 1262 1373 1421 1979
28 2 670 822
671 7 718 1083 1449 1498 1503 1859 1888
926 5 617 1497 1828 1869 1876
305 6 75 153 344 631 793 834
1846 1 1377
766 2 382 942
1886 3 68 1248 1295
1419 3 977 1575 1916
207 3 323 563 1755
1657 1 679
1675 1 1936
1265 3 271 907 1195
575 1 746
1662 4 120 122 1697 1973
489 4 183 798 1541 1648
1235 3 341 409 1814
886 3 88 935 1129
1418 8 174 176 605 1040 1087 1362 1581 1832
690 3 202 477 1618
294 5 247 792 1533 1796 1917
689 3 291 1223 1641
1554 2 1081 1142
376 5 197 415 420 1033 1940
1762 3 51 522 1773
1244 5 744 908 1245 1733 1947
823 6 40 251 395 1240 1936 1965
830 1 791
1305 3 597 1076 1295
1771 3 266 843 1562
719 6 945 961 1046 1175 1284 1334
1064 3 245 365 714
1871 2 272 1556
1385 3 375 1184 1830
1218 7 139 330 586 634 720 751 1043
1674 2 1036 1075
619 2 1105 1108
727 2 733 1655
1544 3 71 604 1035
665 2 429 1390
229 1 799
1234 5 972 1001 1158 1733 1849
1867 5 337 509 661 920 1134
884 6 178 1058 1229 1256 1588 1943
1471 1 853
176 4 504 1220 1639 1770
827 2 14 202
876 3 890 1064 1167
718 1 1715
1215 6 682 772 776 897 1767 1822
1584 3 312 1251 1542
211 2 707 1541
1858 3 785 1112 1771
1236 2 717 1801
195 2 977 1641
16 3 304 770 1368
1313 1 1898
1489 3 1453 1755 1935
1258 4 29 187 1076 1362
1594 3 693 702 1776
287 2 1331 1581
1514 3 88 1046 1991
1127 6 106 675 851 854 986 1722
1116 2 442 1754
866 4 201 353 677 1267
1934 5 242 587 1188 1298 1787
908 4 124 685 1178 1479
1478 3 258 962 1797
1883 2 431 795
1633 3 135 1172 1271
1474 5 494 803 935 1232 1950
1512 4 957 989 1100 1705
65 2 117 1692
288 7 134 157 396 899 1535 1934 1973
660 6 297 404 700 723 822 1318
808 4 456 552 1799 1961
184 3 148 1165 1770
966 3 1029 1200 1467
1736 2 161 1797
60 6 412 505 601 1118 1225 1382
881 4 413 857 1222 1669
702 2 254 1196
391 2 101 662
164 3 490 687 1444
1147 3 1334 1341 1731
801 4 440 539 1778 1934
1391 1 1582
1940 2 1359 1689
1960 4 8 658 1526 1824
472 4 761 874 1168 1468
328 4 336 542 660 853
1599 4 68 1204 1493 1530
864 5 345 369 1409 1478 1787
1558 4 136 341 792 1297
1829 6 141 174 586 715 1567 1715
15 2 272 896
501 9 5 343 429 670 956 986 1011 1206 1503
1700 4 299 333 850 1773
813 2 438 1836
175 3 138 375 1172
911 5 284 830 1197 1607 1945
787 3 168 176 1273
1802 3 617 1493 1508
1347 7 302 811 1097 1699 1896 1898 1996
578 6 450 459 537 895 896 1980
822 3 452 1063 1877
559 6 430 566 1251 1386 1435 1735
1525 2 334 1253
383 1 1222
1125 3 907 1229 1340
38 2 433 1339
950 3 1206 1761 1999
1833 2 709 1917
1096 3 640 1538 1711
843 3 462 548 1451
276 5 425 431 467 1453 1926
1960 5 122 686 922 1368 1788
744 2 783 830
1332 2 153 1068
1721 5 84 326 348 1244 1789
632 3 24 763 1294
186 2 105 242
1362 3 631 1704 1764
1396 8 129 273 294 295 557 778 883 956
1273 2 536 1049
1303 2 1409 1492
390 1 1596
17 6 221 363 581 1165 1302 1672
720 6 810 927 979 1467 1580 1888
1868 1 1025
1466 5 788 1346 1564 1741 1874
1983 4 218 500 1538 1903
543 2 1485 1855
1573 4 23 942 1054 1797
298 3 137 1106 1332
1645 6 278 826 911 1103 1392 1702
1095 5 254 306 582 1450 1895
924 4 109 460 792 1073
567 7 60 730 1355 1357 1376 1569 1918
1506 2 170 1115
646 8 212 388 1066 1297 1411 1496 1828 1872
661 4 196 211 919 1283
129 6 51 85 439 1565 1728 1924
387 3 525 744 837
372 5 317 998 1117 1565 1986
1285 3 1139 1143 1759
682 1 1924
995 1 390
1192 3 552 1724 1729
1419 6 59 376 956 1251 1738 1943
1916 3 437 1173 1600
1275 1 1502
1001 5 272 758 899 937 1930
1397 1 857
666 2 119 1549
1074 2 129 1689
72 2 246 873
378 5 650 737 785 1301 1470
1338 4 13 225 264 1810
15 4 588 761 838 989
376 2 1349 1546
1416 3 1815 1854 1898
260 5 468 769 1055 1286 1619
1176 2 582 938
115 7 321 523 1050 1051 1585 1865 1929
146 4 326 644 979 1031
1624 4 100 525 1688 1888
617 5 659 1454 1758 1843 1874
1687 4 300 503 736 1066
1001 4 669 841 1016 1389
470 3 243 1259 1854
1019 2 459 1401
1174 5 433 711 1476 1647 1714
1235 3 308 457 1582
718 2 530 1535
1963 1 1463
1919 3 417 1025 1498
504 3 985 1004 1537
591 4 177 609 1047 1632
500 5 47 212 1211 1362 1498
1002 4 1122 1536 1574 1627
789 2 402 777
809 2 674 1912
684 3 562 1783 1920
91 4 23 967 1295 1864
1706 3 147 612 1087
934 1 1055
42 2 885 1582
1416 2 1007 1828
1274 3 68 920 1706
614 4 469 808 1734 1797
260 3 340 607 1991
839 2 154 858
1033 3 221 451 1739
964 5 334 473 573 976 1396
626 3 173 847 1386
1861 3 115 463 1890
77 5 865 925 1224 1743 1944
1323 2 9 693
809 2 59 547
1410 3 500 1484 1924
1272 4 798 1014 1463 1530
1390 2 1090 1921
184 2 1 1607
1407 2 698 1642
1113 2 217 1054
265 1 1010
980 2 779 881
1850 4 140 1065 1205 1484
320 3 767 1074 1154
1425 2 1065 1104
1295 2 600 1236
1553 4 63 536 586 1843
1617 1 921
699 1 353
304 4 701 812 1040 1975
1218 7 261 824 1132 1388 1411 1628 1676
415 5 177 182 545 1911 1979
1132 5 206 846 1152 1290 1843
1601 3 949 1854 1993
1749 1 1179
245 4 630 1101 1315 1952
607 3 108 705 754
1754 5 148 891 1659 1705 1726
1162 4 284 722 791 984
378 2 924 1631
1401 5 170 397 835 1293 1529
1491 2 1066 1315
1485 2 1295 1972
676 5 293 1267 1393 1615 1885
134 6 489 646 703 1026 1167 1188
626 1 370
861 2 69 935
1670 2 994 1244
1945 2 1368 1921
584 6 400 619 845 1761 1880 1908
461 1 1748
443 2 255 894
1391 4 359 645 1191 1397
614 2 148 973
483 4 464 508 1760 1919
1400 4 133 278 920 1064
1013 3 313 1014 1761
943 5 14 38 220 705 917
1962 4 368 1162 1442 1604
1 1 1428
25 4 70 180 279 1910
1408 7 601 677 1048 1090 1712 1780 1904
1238 8 180 366 408 426 844 934 1394 1462
1580 1 892
340 4 511 1026 1178 1331
401 4 248 335 446 749
57 3 334 922 953
1670 3 58 135 1240
1101 4 687 807 1615 1872
1743 7 351 544 725 804 1372 1488 1927
1874 2 1290 1965
771 3 33 1392 1779
499 4 417 538 847 1039
66 6 317 322 728 1141 1610 1625
618 6 137 256 488 1000 1816 1928
1748 4 144 1304 1473 1904
1546 2 323 544
1739 3 988 1079 1110
16 4 412 992 1845 1860
1128 2 394 1458
898 5 496 1523 1763 1936 1951
1325 7 106 319 695 755 805 1207 1831
1282 3 595 882 1758
647 2 1667 1827
681 4 181 202 1609 1960
842 2 1155 1961
177 3 338 483 613
1916 4 682 976 1119 1819
1429 4 120 139 591 1656
1503 2 1433 1501
745 2 1376 1462
1232 4 478 1280 1467 1665
734 5 188 1301 1555 1799 1831
1038 2 639 905
128 2 104 212
366 2 1399 1508
653 4 934 1089 1908 1936
1846 2 172 1492
1800 2 408 1899
838 4 43 46 1160 1779
1807 3 872 1347 1849
402 1 1912
1653 5 196 482 818 1414 1720
1109 3 184 705 834
1237 1 1843
1899 4 4 355 638 1784
367 4 928 952 1079 1959
470 4 8 1012 1734 1984
1480 5 181 268 437 926 1267
1403 5 4 375 869 871 1509
1716 4 647 923 1024 1268
733 4 262 296 499 1293
12 4 991 1511 1852 1929
1985 4 183 233 1223 1678
315 4 369 569 796 1117
1009 2 655 710
481 2 1337 1794
873 6 29 667 1010 1728 1783 1928
1411 4 390 1472 1638 1771
1861 2 813 1325
137 3 44 849 1175
1486 1 1963
479 1 1864
1839 3 948 1279 1286
794 6 29 42 380 406 1022 1889
209 3 159 227 615
1993 2 257 1897
1551 2 693 1948
1413 5 223 856 1386 1609 1989
539 2 1176 1393
673 4 155 1003 1104 1369
1972 5 475 749 1587 1673 1977
562 2 484 1655
1537 3 1385 1462 1601
611 6 34 120 251 974 1106 1137
1313 3 675 1281 1928
1384 4 1180 1279 1342 1642
132 3 66 976 1368
1270 4 87 394 510 1470
32 4 45 112 1196 1486
1997 3 1085 1291 1341
1915 8 696 741 876 1364 1419 1716 1846 1998
1759 5 411 737 820 1255 1975
1726 5 289 402 1354 1483 1817
1858 4 239 341 389 1442
40 1 652
1610 1 663
1474 3 53 1119 1655
167 3 150 1189 1376
1237 6 643 1164 1174 1188 1425 1652
1788 2 442 693
592 3 561 1593 1937
865 5 473 1235 1615 1676 1821
1785 3 782 911 1928
979 3 543 1057 1174
824 3 644 1395 1884
809 4 1215 1496 1604 1873
1001 2 351 1934
734 3 1180 1730 1940
1025 3 290 1174 1758
1765 4 535 550 1483 1697
398 4 706 1201 1842 1918
918 2 100 753
1511 3 230 482 692
1293 3 432 1877 1973
1070 3 238 1125 1784
430 4 207 313 1122 1251
1754 5 373 495 840 1132 1588
769 3 660 984 1259
1671 6 30 1010 1111 1164 1687 1870
430 1 498
203 6 1011 1219 1449 1600 1667 1703
1346 5 623 754 1581 1635 1822
961 2 178 1842
1620 2 872 1280
729 4 256 351 592 1750
730 2 1102 1230
351 7 85 596 994 1066 1326 1396 1775
867 2 90 744
805 1 977
1376 3 1258 1389 1945
1851 2 645 1286
715 3 845 1366 1377
1042 1 1940
1404 4 136 1033 1282 1312
131 1 483
1798 5 129 257 378 770 1937
1069 3 784 1523 1887
1489 5 287 892 1637 1864 1974
124 5 81 88 456 1250 1364
1814 2 623 789
262 2 411 518
1278 3 409 1354 1745
312 1 1319
1366 3 1254 1461 1815
1955 2 1111 1208
1941 3 585 1407 1412
1674 3 720 1104 1659
1528 3 620 1674 1792
849 1 596
889 2 289 649
1687 1 371
691 2 457 521
458 2 979 1161
1400 2 978 1799
988 2 617 1078
587 4 166 667 1194 1990
1748 2 158 798
1181 2 56 1128
1387 5 29 163 681 1484 1613
1672 3 200 865 948
548 5 146 828 1358 1821 1946
1941 4 207 340 1015 1249
630 5 151 1494 1517 1949 1989
1526 3 86 1758 1985
554 3 379 381 1350
1035 4 176 596 829 1681
396 5 552 581 1007 1604 1902
899 6 269 358 541 924 967 1622
1848 4 418 690 1068 1926
1277 2 989 1877
1700 3 402 791 1197
1882 3 462 1321 1776
218 5 409 903 999 1289 1876
402 1 1993
353 2 1012 1814
1266 3 892 1308 1488
270 3 177 1007 1290
1006 6 21 147 496 825 1371 1379
1621 5 726 813 1371 1800 1951
1963 4 12 622 1227 1924
1088 2 648 1449
740 3 1867 1884 1908
69 1 1239
284 2 182 753
1517 2 28 555
888 6 676 1208 1245 1569 1613 1984
342 1 313
1251 1 600
1635 4 147 228 1370 1561
1781 3 175 436 1242
1503 3 87 234 1215
1666 3 112 577 893
1168 4 165 1060 1538 1769
1598 3 324 505 600
1858 5 60 235 472 1263 1342
42 4 418 529 1263 1973
38 7 52 542 585 1077 1402 1817 1982
640 3 31 415 576
1635 4 1 144 651 1135
1189 1 1460
1628 4 262 983 1793 1898
1822 3 638 1229 1721
147 4 300 389 904 1896
288 4 704 1276 1839 1894
1623 2 268 1815
1885 3 873 1569 1953
842 3 550 1409 1733
1164 3 1181 1227 1414
1027 3 126 1743 1757
1802 2 708 1961
1453 7 20 346 437 1212 1292 1698 1949
1086 1 1742
1432 2 552 1500
383 4 343 890 1530 1984
1501 4 824 1046 1484 1781
523 1 181
280 3 23 859 1346
253 3 458 852 1101
1052 5 13 950 1113 1315 1575
611 1 1152
22 4 1303 1376 1748 1959
1890 2 524 1166
414 4 29 628 1054 1112
1564 3 540 604 988
1182 1 574
685 5 142 215 270 795 1796
421 2 1149 1539
1686 1 714
1450 5 361 480 1471 1667 1791
806 2 1300 1469
444 1 1706
500 2 582 813
855 3 163 745 1841
120 2 298 1510
1854 3 129 1311 1605
793 3 704 1582 1641
1653 4 1432 1517 1621 1833
115 1 1678
947 3 383 1205 1260
1313 4 67 332 558 1911
1750 2 1142 1183
945 3 163 703 1963
1940 3 767 1175 1791
689 3 362 727 1539
1803 4 404 1059 1583 1830
384 2 657 1450
1382 4 298 421 423 1137
1539 4 422 811 1090 1933
1168 3 237 845 1909
1921 3 385 418 999
195 3 410 1368 1516
508 5 60 208 826 1044 1864
1718 1 303
1088 4 338 1085 1256 1963
1878 3 42 209 387
386 4 532 1224 1411 1717
1835 2 993 1022
985 4 581 1118 1186 1450
662 4 410 1239 1362 1812
1350 5 41 236 509 576 1446
1389 4 47 150 360 1630
733 2 68 75
30 7 292 382 1083 1200 1473 1882 1889
1107 2 1273 1753
1297 4 375 1058 1611 1784
650 2 468 1535
733 2 487 1258
1401 3 979 1383 1415
1277 3 158 840 1238
1258 2 292 1182
440 7 96 167 382 673 1469 1741 1809
1589 3 700 701 888
761 5 799 1021 1313 1837 1872
1433 3 230 291 1460
422 4 630 639 1503 1592
320 2 169 324
626 6 426 526 1247 1474 1820 1871
1361 3 1309 1702 1875
940 3 682 1509 1866
149 2 201 747
1224 1 1126
1343 1 1383
1557 2 449 1078
402 3 276 1161 1879
803 3 32 1648 1889
665 3 4 760 1295
1118 3 32 1171 1227
1428 4 163 559 1559 1909
982 4 462 792 924 1565
341 3 421 1176 1499
1299 6 105 446 658 704 977 1797
178 1 1577
173 4 719 1190 1653 1944
885 4 660 979 1615 1617
76 2 1191 1978
1143 3 53 142 1044
252 2 680 711
1071 3 205 636 782
560 3 1017 1576 1635
1496 6 263 458 630 1278 1511 1708
72 3 405 1015 1865
482 2 276 1550
251 3 411 949 1729
161 5 670 1203 1446 1707 1797
1974 4 79 898 1345 1963
1481 2 1850 1953
1492 3 887 1233 1980
871 6 167 253 302 1130 1455 1476
1032 5 204 211 1094 1771 1804
415 4 233 290 1357 1479
720 5 51 250 1683 1743 1762
989 5 101 1023 1222 1792 1973
10 3 861 1535 1827
1329 2 442 1645
1371 6 244 672 942 1166 1836 1986
1692 1 42
1326 1 941
1090 2 1079 1681
1739 1 69
1007 4 632 867 1922 1981
111 1 1266
1706 4 104 842 898 1448
1385 5 84 422 1190 1407 1873
618 2 43 1891
1994 2 527 1775
1242 3 1161 1314 1751
612 4 123 1633 1650 1816
490 5 8 1253 1528 1556 1999
1081 3 1088 1294 1822
294 3 480 1054 1430
78 9 45 68 299 566 636 776 991 1036 1956
66 4 350 575 1203 1215
57 4 466 1777 1819 1952
1277 4 236 813 1873 1916
1595 6 9 289 644 889 1629 1642
1671 2 399 1890
1459 4 320 339 341 492
1949 4 278 772 886 1175
646 5 1520 1532 1739 1773 1910
569 2 746 1495
1095 3 46 86 1121
559 2 179 255
1299 3 839 1706 1856
1536 4 176 344 391 1909
1716 2 1101 1794
1754 3 1341 1403 1948
820 5 29 375 1177 1257 1981
390 4 471 861 1592 1762
37 3 874 1149 1488
1397 2 116 1854
446 5 66 262 328 849 1367
1340 1 982
340 4 12 788 1388 1598
1693 2 144 513
610 2 865 1946
1060 4 824 1038 1634 1948
237 2 1348 1420
1471 4 454 667 1407 1444
1068 6 87 357 400 1043 1069 1201
722 1 376
1165 3 487 545 997
1019 4 26 1007 1072 1723
631 3 459 1189 1543
748 3 144 247 900
665 5 11 752 907 1796 1922
1119 4 1097 1128 1542 1561
623 1 1603
1039 3 1723 1904 1913
1897 4 1693 1748 1960 1978
1129 3 1173 1551 1691
596 5 315 737 975 1525 1598
1758 2 788 1226
287 5 318 319 582 1755 1784
324 2 85 1201
292 3 203 224 970
1972 4 293 975 1635 1936
422 1 656
1731 2 1454 1467
1917 2 253 1068
1412 2 990 1849
402 6 11 736 1030 1717 1734 1839
1252 6 149 287 526 869 1295 1780
1054 2 823 1111
898 7 10 449 517 849 1056 1506 1576
1171 5 101 759 805 841 1255
384 5 536 586 668 1468 1671
846 3 39 1365 1780
1794 5 423 1066 1276 1667 1815
1019 3 279 1739 1929
271 5 259 412 1042 1645 1709
1880 1 174
1431 3 68 969 1113
878 3 865 1049 1474
1823 2 561 1841
1802 3 455 1121 1370
793 2 583 1885
170 3 550 871 1795
900 4 296 624 707 1646
1429 3 39 1599 1826
1097 2 1064 1709
701 3 914 1603 1977
1155 4 437 557 743 1863
233 2 190 863
1847 3 352 382 1129
1271 6 123 143 347 401 1323 1553
793 6 164 337 1115 1200 1216 1436
1484 6 87 492 535 1287 1509 1510
1790 2 193 1619
1596 4 412 578 899 1498
80 2 1205 1887
1175 3 508 1291 1630
824 3 104 237 1760
249 3 802 881 1027
267 4 549 876 886 1035
353 1 1999
1567 3 921 1502 1757
1044 3 651 673 1596
1905 2 921 1304
1912 5 146 284 938 1787 1882
934 5 431 536 1248 1911 1997
1485 5 50 86 388 1693 1697
360 4 240 510 776 1506
1735 2 126 1639
1377 2 313 591
1440 2 410 906
848 4 88 503 1291 1961
93 2 1842 1931
1780 3 6 1138 1566
465 2 766 959
1495 1 914
1849 3 222 325 931
772 4 44 801 833 1900
1542 5 125 264 511 1001 1663
60 6 311 561 800 1423 1505 1590
1640 3 1419 1435 1500
14 4 171 1027 1205 1969
1052 3 359 863 1520
654 5 439 450 665 869 1522
15 4 1009 1058 1338 1792
201 3 277 853 1122
650 4 234 669 1194 1738
184 3 240 876 1123
1593 1 1205
460 3 105 1036 1055
984 4 954 1227 1554 1596
410 2 430 663
549 2 1333 1984
1664 1 1342
184 3 548 1020 1561
1209 6 56 158 710 1173 1521 1702
1301 2 134 1380
110 2 365 1747
1909 3 415 595 1274
1469 2 857 1133
432 3 1079 1134 1703
1606 1 1104
1953 2 1037 1837
426 4 823 1126 1218 1474
1674 4 920 1204 1615 1938
1581 3 308 1005 1222
17 4 203 680 1931 1969
1635 4 185 357 1627 1702
966 6 342 722 963 1361 1362 1527
585 3 71 558 1535
578 2 430 1371
1140 6 370 499 947 1118 1297 1887
826 5 542 692 789 895 1138
887 3 375 686 1506
120 4 321 634 944 1378
1885 1 92
1515 4 629 654 879 1546
1477 4 243 1149 1493 1762
1694 3 937 1463 1902
1188 3 379 463 1309
675 3 847 1014 1319
1396 4 100 1411 1442 1764
546 5 550 923 1448 1571 1650
895 2 74 1025
1575 7 652 684 723 1107 1780 1852 1898
1551 5 62 722 838 920 1261
1143 4 801 978 1338 1672
170 2 880 899
964 5 608 927 973 1381 1989
1878 2 416 1196
833 3 169 555 1600
689 4 222 463 740 797
1653 1 1097
263 2 580 840
157 2 1040 1644
1372 5 522 546 1261 1869 1908
877 4 150 411 746 1524
1950 5 60 109 1130 1249 1539
197 5 250 425 1099 1502 1725
1953 2 817 1231
1596 9 180 801 852 1024 1223 1590 1657 1670 1829
1149 1 354
165 5 1203 1680 1725 1798 1884
1494 3 116 1302 1812
227 3 588 990 1763
1046 1 802
898 2 262 533
513 2 336 1081
1168 5 45 732 1107 1295 1475
1619 3 196 983 1356
1468 1 1309
341 2 564 703
750 6 17 157 240 627 749 1435
1382 5 312 1309 1547 1777 1964
1868 10 283 484 627 759 918 1365 1488 1633 1675 1973
1970 4 164 480 1638 1896
1233 1 1240
1551 1 1018
880 5 73 278 840 1214 1708
1180 2 345 1154
238 3 351 728 1079
1815 2 1319 1444
344 2 1023 1714
1477 4 278 797 859 1273
128 2 370 553
1257 1 1725
761 3 774 1221 1615
997 2 1398 1948
186 4 100 272 1217 1971
125 5 445 840 1025 1201 1996
172 4 636 910 1219 1859
753 2 1600 1674
286 3 1318 1644 1707
673 5 133 403 550 590 876
79 5 232 574 589 749 1474
622 2 4 1355
1376 4 95 154 1292 1957
827 5 29 69 253 714 1041
675 2 1309 1606
1012 3 772 944 1322
567 6 373 475 584 1417 1534 1916
924 6 45 439 633 1378 1503 1664
1995 2 134 609
1354 5 82 200 242 1225 1341
1598 2 1287 1972
1149 4 256 1127 1201 1611
727 2 413 453
1814 1 1998
1217 6 185 782 1372 1541 1812 1861
1446 8 443 765 900 1108 1276 1452 1928 1939
338 2 254 1824
1893 3 895 1469 1565
1529 5 273 338 715 897 1707
467 5 969 1385 1446 1505 1968
276 5 422 722 890 1032 1768
324 4 68 856 1383 1415
1995 4 31 949 952 1299
25 2 1293 1866
1514 4 554 672 1447 1934
723 3 392 548 1609
1990 2 1341 1797
430 3 921 1278 1598
661 2 759 829
1907 2 869 1359
1243 4 607 1140 1352 1456
1142 2 1349 1382
1858 4 14 617 875 1064
276 4 277 1373 1759 1947
1735 2 331 398
1013 4 603 1210 1736 1909
1891 3 280 336 474
24 3 366 1561 1588
1930 2 1414 1682
1855 3 747 776 1504
1575 6 78 224 230 752 1671 1990
1138 2 162 785
578 5 101 177 741 1179 1343
147 3 754 1580 1601
1117 1 867
1950 3 624 936 1839
1238 1 189
386 5 246 730 1665 1905 1970
1551 2 621 688
1949 5 218 843 916 1438 1602
1218 3 776 1727 1765
605 4 1013 1156 1689 1951
353 3 1254 1348 1374
1753 3 37 539 809
1768 3 1329 1687 1876
1208 3 52 434 1415
1162 4 501 908 1149 1187
79 4 920 1279 1332 1894
1739 4 462 1612 1682 1864
827 4 608 667 833 1630
1434 1 894
250 5 405 1145 1349 1596 1847
699 1 791
1137 6 125 167 670 1189 1412 1699
878 3 982 1107 1352
853 2 194 988
996 5 526 558 591 998 1268
1301 4 553 659 1397 1563
766 4 1452 1528 1620 1932
1480 4 1003 1381 1392 1580
1336 7 105 240 327 489 1361 1825 1898
1413 4 462 576 1241 1354
1576 4 33 466 1290 1803
1708 4 1127 1146 1225 1522
1934 4 132 326 1614 1859
1486 4 445 552 700 1228
162 2 555 1312
1714 3 61 455 1749
1107 2 221 449
1188 5 110 171 251 692 958
1181 1 1999
1193 2 434 1771
1628 3 433 772 1391
1501 5 336 1264 1349 1409 1663
831 5 121 390 410 1409 1636
1934 7 167 190 468 558 1244 1578 1609
255 4 154 770 1060 1375
262 4 258 1023 1581 1585
420 4 730 1438 1882 1949
736 3 694 1038 1231
506 3 252 527 1086
1923 5 99 280 798 1954 1969
959 5 238 611 750 813 1645
316 2 1529 1890
1750 4 98 403 1518 1607
414 3 379 883 1063
1744 5 387 704 755 1102 1810
1511 3 1235 1536 1691
1963 4 582 691 1966 1999
1341 3 542 1322 1686
152 3 685 891 1177
51 2 1094 1311
1127 2 995 1037
596 1 1374
251 4 405 782 931 1145
289 5 369 1090 1311 1787 1935
192 2 702 1697
202 3 321 896 1734
917 4 487 619 866 1207
1855 3 1284 1545 1700
1923 3 678 933 1149
678 4 32 93 100 325
1854 3 544 595 1504
1395 3 205 1088 1726
1412 4 780 796 1356 1504
404 3 1241 1893 1974
67 7 175 707 746 1033 1065 1868 1937
429 1 884
980 3 602 1150 1473
326 4 963 1621 1769 1908
460 5 4 334 928 1434 1867
1858 1 909
827 4 135 491 652 1824
82 3 67 214 1955
1789 5 301 427 1019 1341 1792
125 1 921
1213 2 678 1972
176 3 176 688 890
978 4 721 924 1079 1304
1359 2 1335 1913
154 4 559 632 1483 1634
1417 3 900 1125 1473
1617 5 183 296 510 1128 1194
29 5 164 1052 1448 1499 1991
1519 5 65 265 620 631 1637
1675 2 94 1442
356 3 802 889 1501
435 3 1274 1330 1673
1824 2 257 1649
1930 6 806 931 1035 1058 1182 1641
355 2 69 1709
627 2 504 1673
1560 6 415 1072 1106 1111 1248 1997
496 4 879 1255 1272 1804
830 3 592 630 924
1636 4 112 314 410 1495
1257 3 291 614 713
1001 4 418 843 1176 1336
1235 3 610 611 1777
1677 4 68 127 551 992
433 1 851
815 3 1608 1675 1854
826 2 1006 1228
1232 1 553
549 5 68 453 772 1535 1538
1720 1 109
377 3 161 466 1585
1928 6 432 565 938 1574 1908 1995
863 4 961 1143 1398 1674
1824 3 122 230 1469
1089 4 174 331 783 1268
180 2 1500 1637
1471 4 287 304 531 744
300 3 335 444 1390
48 4 37 385 1047 1265
201 3 219 722 1822
1513 2 576 640
1390 3 626 653 1408
391 3 385 843 1204
324 1 1102
662 2 1441 1949
1620 3 343 994 1252
209 4 646 1283 1383 1474
1175 4 32 646 989 1468
587 4 595 737 1275 1702
1782 4 109 880 1022 1251
841 4 10 324 812 1652
1511 1 280
1698 1 1676
1371 2 329 629
1380 3 383 704 1268
175 7 67 121 533 897 1069 1213 1685
690 3 919 1202 1875
1955 2 415 1906
1818 2 1535 1621
1950 2 93 363
789 2 958 1468
997 4 405 783 1453 1864
1791 5 115 135 831 947 1016
1786 6 107 826 1168 1217 1352 1502
244 4 300 672 1414 1466
79 4 1252 1702 1834 1892
635 2 89 1994
793 3 260 1900 1904
60 3 1428 1565 1738
1425 2 140 363
645 2 1696 1894
1915 3 530 1089 1486
838 1 860
152 4 616 1508 1890 1936
1054 3 1083 1648 1745
131 8 71 483 501 578 1153 1514 1693 1706
1446 2 713 791
718 2 281 987
122 5 555 594 848 1549 1606
265 2 117 878
1303 5 286 381 722 1100 1969
1755 3 228 231 342
1192 4 100 260 589 1615
858 6 554 834 869 1391 1698 1995
224 3 439 1133 1661
128 5 352 1423 1482 1869 1977
1472 4 329 387 451 713
1278 5 78 457 485 853 1071
1016 2 361 1669
429 2 303 1138
1446 4 697 1028 1807 1816
411 4 109 1019 1180 1838
1977 4 120 162 203 225
1008 4 13 871 1011 1203
571 4 321 1059 1207 1518
1003 3 1180 1215 1743
1552 1 1311
1996 4 126 1267 1782 1964
1812 3 360 1188 1882
15 3 305 668 805
1648 2 515 1574
1083 2 829 1803
1650 5 878 1667 1678 1683 1945
294 3 1037 1331 1905
799 4 990 1291 1903 1905
525 7 173 201 213 338 578 614 1791
241 1 1909
968 3 262 633 778
265 2 95 664
1741 4 1149 1404 1496 1599
1677 3 448 1558 1768
552 8 455 820 834 1092 1094 1175 1310 1543
672 2 618 1610
1254 3 1239 1528 1788
1111 3 20 1443 1842
839 4 473 691 1126 1745
1139 3 66 1117 1905
957 4 242 568 1352 1436
1313 4 13 225 865 898
218 3 282 558 1839
21 3 1184 1223 1485
471 4 185 705 1319 1785
1624 3 1178 1289 1875
1879 2 167 885
627 2 611 1649
996 1 1829
794 5 1084 1500 1503 1726 1848
262 1 283
1234 4 199 381 433 1818
1515 3 332 588 1217
555 6 242 1312 1496 1498 1541 1978
1715 3 356 540 1648
723 1 742
1053 3 420 1899 1905
404 6 336 698 1142 1478 1669 1748
647 5 240 639 834 934 1481
1918 3 77 116 902
1754 3 1388 1431 1722
298 4 491 922 1101 1653
130 5 66 742 1365 1483 1816
915 4 248 386 794 1280
943 3 846 1677 1920
343 3 48 597 1978
757 4 160 1622 1666 1906
1211 2 1338 1976
771 4 80 631 1609 1916
189 3 665 745 1247
553 2 309 1494
18 1 558
1138 2 607 1199
1913 4 646 747 1450 1776
719 3 346 552 1358
1738 3 62 226 879
922 2 616 1247
877 2 831 1413
1390 5 21 52 349 465 751
1323 3 1451 1604 1803
803 5 334 603 655 829 1315
1934 2 99 756
1001 2 215 1944
258 4 14 130 470 1883
147 2 1005 1050
1369 5 403 681 782 1436 1918
1189 1 1309
1413 3 1156 1159 1403
22 4 253 1354 1560 1605
900 1 753
1343 6 174 225 738 1136 1798 1855
1960 2 183 829
1703 2 260 509
1347 3 895 1523 1631
1607 2 791 1641
617 3 194 680 1273
1278 5 69 583 1405 1792 1839
446 2 307 997
1245 4 109 375 780 1856
799 1 1279
1622 4 66 777 1134 1725
205 1 925
723 8 86 136 208 311 312 1171 1390 1617
1244 5 985 1333 1419 1715 1931
561 4 228 1229 1316 1367
1918 3 125 871 1173
1281 6 552 688 860 1157 1327 1538
623 4 62 447 598 963
1357 2 1773 1951
1657 5 299 325 453 753 1816
730 3 372 673 1453
712 3 254 1874 1928
64 3 166 613 1582
1412 3 24 248 1559
1478 1 35
1594 4 119 487 1342 1384
1893 4 924 962 1404 1415
1316 1 73
1114 1 1854
794 2 295 1455
1870 3 762 863 1888
341 2 849 1411
252 3 479 1025 1305
1564 6 580 879 1043 1049 1360 1794
1094 3 541 740 1490
1802 4 287 979 1508 1735
420 2 611 1177
581 5 458 821 934 1335 1967
816 3 259 801 1099
1182 2 1152 1724
141 2 768 779
1675 2 1278 1417
522 2 836 1868
1450 5 451 512 669 1086 1820
410 3 517 1693 1798
8 3 410 783 1798
1016 2 1535 1747
93 2 394 1480
623 2 97 1779
1213 2 298 1181
1481 3 881 1854 1936
496 1 1655
1840 1 1753
1891 2 362 679
658 3 1109 1789 1986
15 2 940 1493
806 4 299 577 1299 1871
1723 2 1008 1383
914 7 375 430 719 752 842 1108 1423
889 4 525 811 1500 1974
1344 4 806 845 1542 1844
762 4 663 1213 1505 1856
978 4 308 843 1686 1944
1245 4 797 1784 1858 1975
546 3 1292 1732 1842
1015 2 517 1187
1591 5 538 591 910 1394 1716
1381 5 350 1129 1288 1398 1580
165 5 169 310 473 1322 1429
975 3 43 232 335
169 2 1364 1379
504 4 24 615 801 1486
1918 2 971 1127
1886 3 1006 1782 1929
232 6 282 1604 1686 1725 1888 1976
821 3 38 377 1503
1882 5 853 981 1240 1321 1415
1627 7 49 72 471 502 793 1340 1780
1395 3 5 398 711
639 5 132 244 493 934 1577
109 5 68 315 1174 1333 1936
466 2 1267 1433
1982 4 84 214 514 1546
771 2 339 1491
1897 4 528 720 1454 1612
1052 3 371 1485 1881
1985 1 1697
416 4 158 311 1136 1822
682 2 679 1100
126 2 439 577
1836 4 30 685 1434 1722
561 2 36 74
1121 4 209 1048 1130 1995
395 4 504 1238 1504 1757
429 5 76 231 608 644 1290
1386 2 5 1564
381 4 1392 1600 1863 1874
357 5 264 631 689 1200 1440
1790 3 44 944 1095
1854 6 60 617 898 949 1679 1886
794 4 628 947 1035 1328
288 2 219 279
1150 6 656 824 1353 1362 1663 1782
1408 3 276 851 1131
129 3 90 291 700
706 2 1133 1412
1116 3 65 570 1694
628 1 668
82 4 380 638 1572 1988
1803 4 51 432 989 1620
1327 3 681 1598 1854
1817 4 171 1201 1332 1930
1296 2 281 1972
870 1 555
1117 3 268 1245 1272
1788 2 273 411
713 1 279
1397 4 106 370 480 1437
602 5 544 824 1151 1155 1439
324 6 55 935 1176 1605 1722 1785
1848 3 334 1040 1983
1534 4 358 756 1913 1920
774 4 319 756 1464 1614
328 5 34 157 851 1169 1354
108 5 102 392 406 1553 1899
1501 3 218 1000 1270
719 1655 941 292 1341 67 1362 954 1276 1023 1521 1816 423 889 1454 1189 1837 579 1159 1405 387 205 1828 1480 1102 1636 736 29 929 670 326 596 211 86 1920 690 640 1774 1844 1535 1803 1338 413 2 1723 1771 658 1605 1603 325 511 1412 112 119 1682 304 1300 1638 1468 222 34 1790 1648 85 1920 1755 1303 1646 373 287 1543 875 608 575 1585 1255 227 731 366 1134 944 1516 413 713 247 1059 181 1322 1335 1734 353 457 1419 85 178 550 565 298 1776 1997 682 1415 975 722 1916 1205 527 1273 1488 262 733 1676 194 1016 798 1805 1647 1716 1536 171 1071 1790 1174 753 1867 1550 1428 979 382 1835 1551 1178 1446 1240 419 203 279 851 998 768 186 969 31 1453 1138 1707 426 1210 161 1501 1921 1458 737 904 1934 1376 1829 1037 508 334 1780 1112 693 69 1423 1061 1365 1539 1149 751 1086 514 1132 783 1748 1145 353 1871 924 1637 883 795 1791 410 1496 942 1330 1803 1229 1172 544 1382 1152 1249 1535 374 976 173 1856 813 1223 381 1018 1022 849 583 43 1377 1776 468 320 1111 1308 1383 1311 1238 1177 1222 332 591 1698 1598 1733 287 1032 1040 428 1117 971 1485 676 370 1426 872 1467 1081 445 1378 1737 1503 260 568 295 333 1706 615 117 1861 1942 1027 299 130 876 611 1104 1644 160 774 1731 1758 630 1481 689 1525 281 1283 536 859 273 482 972 829 1319 316 1488 192 501 1251 1325 1263 84 1319 204 1753 1526 669 843 650 1842 430 93 219 1311 439 1755 1291 1279 7 284 161 659 1161 1030 736 1173 902 1129 488 1748 65 822 1762 793 1173 442 1707 230 1769 304 827 536 1409 1242 656 1068 1632 701 1802 1484 1925 226 88 911 1416 746 376 1058 730 162 1686 75 558 901 747 747 231 1179 664 1333 273 179 1870 1696 361 1886 756 1691 397 202 1943 1012 272 262 799 1013 1583 308 174 1012 214 675 695 377 1948 920 842 79 1760 29 745 121 35 1749 566 759 1134 212 230 759 320 97 1714 51 1381 889 952 1097 1659 314 1009 591 838 89 921 1649 140 989 1766 1463 914 1539 1912 1054 421 798 1949 1255 390 1601 668 1058 405 559 1413 1890 1506 1021 1421 992 1757 509 1765 1495 1963 985 742 702 656 947 993 906 199 183 1541 1462 703 589 1953 1025 1815 1348 423 43 463 295 668 688 262 1182 680 82 52 1609 1106 1610 768 1430 1765 24 1001 358 1222 1985 1467 788 508 1792 1899 1585 1644 402 935 1631 1940 1291 1889 1933 896 1576 1001 86 1865 1817 773 852 331 866 779 1838 1838 1003 38 626 1121 276 485 1869 411 411 170 1578 1153 20 100 776 631 119 1967 1784 1117 283 298 1341 104 1509 1460 121 1784 1184 1954 1229 105 656 1999 101 599 251 539 1849 355 40 1338 602 851 263 166 1798 189 614 404 1592 1556 1385 1153 1040 1390 689 120 1250 1143 524 1726 1160 925 747 1789 974 1985 1104 538 1617 203 1599 853 483 1756 1239 1245 737 0 273 648 1920 1999 521 1256 387 1038 1874 1103 1642 380 134 1374 1600 254 1921 1836 286 1066 109 1015 765 1931 511 882 496 1981 1402 722 1442 1268 334 890 582 640 448 908 44 600 1747 801 1386 1725 574 1908 941 706 552 741 1451 1840 445 695 594 1887 1610 134 969 138 1502 1551 1325 624 1039 129 1547 1439 187 1225 289 375 593 1834 1524 366 896 274 710 283 1609 1500 860 1140 328 711 1298 1523 1474 307 617 1338 1295 499 828 365 1508 1210 445 1736 37 1940 316 482 38 869 1521 1211 1475 1076 1292 1484 354 392 513 1672 1389 235 660 978 233 417 1542 1346 136 1630 150 878 687 804 857 999 733 1215 1710 1139 1203 1237 324 886 1094 1690 465 714 442 1320 1905 332 805 66 680 1509 652 1722 1324 68 1866 973 1009 1103 892 1405 1146 1276 545 303 1797 154 1352 1502 797 348 1729 1393 1447 920 232 1490 1015 1915 312 1267 615 1309 412 615 1718 881 1003 1309 932 1702 1850 1649 322 1463 1614 1030 982 1450 460 494 1194 1724 480 853 934 1304 1482 313 1632 1355 1027 1832 1582 371 429 66 981 1501 1952 1849 1077 1003 375 623 760 415 36 1875 1687 1798 257 1376 126 202 1083 296 1777 1152 1658 753 1077 1180 148 690 1479 8 401 1930 1260 1380 672 1609 1305 615 236 1019 324 1599 935 573 1648 977 737 883 1121 1996 1873 180 1937 1363 13 394 1645 547 949 1339 330 1122 1141 1622 595 1912 1171 1165 922 319 801 1342 970 1841 1634 144 292 1751 1663 365 449 422 1365 576 1379 498 1007 783 116 931 1575 1279 1268 1108 1970 13 1298 35 1627 1033 1777 240 132 1961 1295 1617 391 1453 1520 1230 1550 184 1273 1555 406 922 1650 1844 995 1498 1691 940 283 1709 1281 65 360 1523 526 1841 639 1409 1596 5 1062 1641 1823 1239 1085 851 877 1726 1350 1378 663 372 447 221 1333 1042 126 1963 1580 587 588 721 728 867 383 462 289 644 506 1232 105 4 595 1610 205 1061 1026 750 1396 1175 1081 109 783 1775 253 415 909 1948 848 766 615 1418 1258 1132 500 1259 158 840 1608 530 865 369 287 1842 89 1211 46 1972 560 1270 163 504 1330 1582 1273 1807 88 1829 580 770 1231 921 1602 1796 615 1773 438 500 64 1341 1770 790 911 1946 644 1898 1036 1794 69 1057 1856 1005 69 1290 44 1614 1582 1484 280 1738 672 1309 272 1141 1435 744 1502 746 1265 243 761 1433 439 1935 388 1724 717 1899 336 1181 1060 219 241 715 1994 402 1918 1794 73 1635 754 606 1797 625 1356 20 29 430 1373 1436 652 1469 1800 1054 1094 1993 1980 1574 1150 1709 68 1308 97 1846 1494 868 1999 1877 749 451 667 1960 1947 1620 398 1936 1852 442 1690 1244 139 1527 483 482 841 1180 634 600 1510 776 164 1828 484 662 1676 1175 1568 92 1843 957 550 999 1414 255 687 175 1508 622 1014 1800 880 1392 963 1033 193 100 36 1529 722 290 1798 1894 146 997 1763 1309 22 1559 126 995 459 480 1331 1426 1573 673 1485 1133 323 31 46 779 836 760 400 1257 279 1117 237 1161 951 473 1118 1415 1128 1904 1403 814 242 1205 336 1383 772 154 1404 52 1640 1441 1201 147 846 843 75 1378 1852 417 1154 1436 31 596 1748 42 1483 1486 319 1819 254 782 1385 1195 770 167 1121 874 410 1262 556 1912 279 891 303 1204 8 1963 411 167 372 1518 355 351 1220 1054 642 1843 1289 977 313 1900 371 1010 1417 989 26 1847 1493 1114 879 288 745 664 1887 138 1973 1852 772 573 973 14 891 176 1155 1180 1700 1661 1688 409 906 211 1224 1089 67 1535 1699 1441 898 209 322 1251 214 1600 1995 708 349 1669 130 1466 1718 432 582 1035 557 103 1785 1924 1360 167 687 1545 865 237 1194 938 1989 1916 558 1854 244 597 1849 756 1006 816 1125 688 1647 704 1986 487 1111 496 1079 1279 1266 997 1412 173 1794 939 121 116 1558 751 657 224 373 356 1093 1546 867 1651 504 1669 910 759 1159 1869 80 62 1797 498 471 1670 1753 61 1228 884 1911 280 345 1177 1584 1479 795 1021 890 167 1660 769 1039 851 1315 1265 1128 221 1681 1132 1309 693 1683 802 1877 1894 0 120 1135 1179 899 1494 783 284 1724 1748 1733 1149 277 446 907 1903 1448 1974 139 806 343 32 1498 1694 1345 256 256 664 1055 415 1138 734 1776 193 1702 410 1191 117 1138 553 679 1249 863 406 1864 315 18 1627 1865 1027 1534 989 594 753 340 505 901 171 1956 358 1724 525 1366 861 551 1509 1100 1331 1902 799 1667 74 1409 1185 1468 1587 1336 331 1340 1725 1745 1991 1143 119 914 555 1354 1127 1853 604 595 1508 1293 668 1954 791 1113 517 1241 204 336 1146 395 1953 17 1191 507 1442 13 1795 1755 200 941 1867 255 171 1758 11 56 1010 978 338 1020 521 860 1493 609 663 1304 934 285 707 1520 802 1854 1972 1460 1129 1963 1195 1464 1814 1932 583 1294 989 190 603 1899 1981 1322 1503 174 1776 1442 1184 893 663 983 462 212 1084 43 1615 1783 1797 1314 927 1231 1924 1764 464 1020 1133 1223 375 1995 1140 1161 367 1052 1864 48 1984 1002 240 1641 1936 1253 266 505 254 634 1608 478 891 1665 744 865 94 1233 1288 836 1560 1334 627 1434 1817 1142 182 1621 587 1003 1899 1103 1478 1100 1252 758 1296 268 691 1374 65 1458 894 1715 1248 176 256 542 616 931 42 1613 546 153 1503 171 483 252 918 1422 1706 833 1974 1287 1782 1188 1934 1077 1697 175 1294 1890 1050 1577 1281 1755 1607 254 1561 1166 148 1816 1110 1776 1212 1891 1611 43 1663 396 458 1558 284 1742 359 346 1097 1286 340 246 1976 289 1725 1011 1831 1502 375 217 1252 899 287 370 1056 1233 607 663 1558 628 125 1854 555 1451 395 1598 922 588 1322 181 1572 1290 580 1187 722 1187 1103 1902 1908 713 467 1650 1420 183 75 1824 1759 373 1011 1355 1126 192 1240 291 1535 1249 492 1379 850 1295 1928 1218 1455 215 752 1935 641 746 979 1156 933 1582 704 1456 513 1615 1336 1474 1678 1431 782 1399 1104 987 1604 1859 1977 439 1290 1571 1254 1787 564 1783 1833 607 1488 1302 1081 172 1603 761 253 194 45 1215 1669 127 849 1503 1535 414 856 534 1596 305 1474 1655 618 1161 217 460 1785 1107 1407 1491 942 1452 856 921 204 1797 595 1704 81 494 623 688 1445 452 463 1026 1692 1998 311 842 1353 456 1411 1516 122 1665 1312 209 1505 991 1176 1585 1471 1866 105 1460 127 1219 744 1624 605 947 1604 1916 383 1697 105 1390 147 1869 791 1995 389 698 1341 1627 107 163 1290 869 622 1333 388 741 561 1735 1535 1777 611 824 522 344 133 1864 1676 1104 705 822 1463 117 1359 1944 1755 1909 53 596 1888 791 1969 1055 714 1619 462 1473 824 1570 1771 1038 82 434 1391 95 1729 161 334 1873 1331 314 577 811 1196 387 845 931 1791 719 214 1290 1770 679 329 33 176 1680 1535 431 1597 1827 254 164 847 930 1286 105 1524 1027 1805 794 1607 1137 936 89 101 925 59 1173 302 705 650 741 1035 87 628 1620 1414 1502 1510 617 1392 555 829 1952 789 1901 1694 1171 1227 536 591 1280 1917 248 1877 1731 652 215 826 304 1229 1771 1106 13 1398 464 1725 1991 1228 53 1450 1468 1467 188 889 1199 1421 1102 59 625 190
