0 0
0 0
145 8
6 228
0 0
203 234
0 0
0 0
0 0
1 213
0 0
0 0
0 0
2 159
31 207
0 0
0 0
0 0
7 218
0 0
13 121
251 156
17 4
0 0
162 177
0 0
3 206
0 0
0 0
4 73
0 0
0 0
59 194
0 0
0 0
0 0
157 215
0 0
0 0
0 0
165 12
0 0
0 0
0 0
15 236
0 0
0 0
0 0
5 56
0 0
8 170
19 167
9 179
0 0
0 0
0 0
207 13
0 0
0 0
239 70
189 16
0 0
0 0
10 148
0 0
0 0
240 201
197 217
0 0
24 222
0 0
0 0
69 48
11 17
0 0
84 253
216 33
242 96
0 0
88 234
12 54
0 0
0 0
0 0
0 0
0 0
0 0
0 0
243 213
0 0
14 27
0 0
0 0
0 0
0 0
0 0
0 0
248 229
0 0
0 0
0 0
0 0
0 0
0 0
0 0
0 0
0 0
16 226
0 0
0 0
0 0
249 119
0 0
0 0
105 67
0 0
0 0
0 0
106 235
18 107
0 0
0 0
0 0
0 0
20 237
0 0
0 0
0 0
0 0
0 0
250 174
21 121
109 201
0 0
0 0
0 0
0 0
110 226
0 0
0 0
0 0
0 0
0 0
22 226
0 0
0 0
23 126
0 0
0 0
0 0
0 0
0 0
111 50
0 0
0 0
0 0
0 0
0 0
117 210
0 0
0 0
0 0
0 0
0 0
0 0
0 0
25 230
0 0
0 0
0 0
0 0
0 0
0 0
0 0
0 0
118 251
0 0
0 0
0 0
0 0
0 0
136 48
0 0
0 0
0 0
0 0
0 0
0 0
0 0
0 0
0 0
0 0
0 0
0 0
0 0
0 0
0 0
0 0
26 125
0 0
0 0
27 246
0 0
0 0
0 0
0 0
0 0
0 0
0 0
28 42
29 153
0 0
0 0
0 0
0 0
0 0
0 0
30 111
0 0
149 200
0 0
0 0
0 0
0 0
0 0
0 0
153 84
0 0
0 0
159 208
32 190
0 0
0 0
0 0
33 200
0 0
0 0
0 0
34 108
0 0
0 0
0 0
35 110
0 0
0 0
0 0
171 73
0 0
0 0
0 0
0 0
0 0
36 241
37 191
0 0
0 0
0 0
0 0
0 0
38 121
0 0
0 0
0 0
39 42
0 0
0 0
40 3
41 66
0 0
42 203
0 0
0 0
0 0
43 121
0 0
0 0
0 0
0 0
0 0
0 0
44 169
0 0
180 6
0 0
0 0
0 0
0 0
0 0
45 178
0 0
0 0
0 0
0 0
0 0
0 0
181 17
0 0
0 0
0 0
0 0
194 153
0 0
0 0
0 0
198 156
0 0
0 0
0 0
0 0
0 0
202 32
46 216
0 0
0 0
47 179
0 0
0 0
0 0
0 0
0 0
0 0
48 83
49 42
0 0
0 0
0 0
0 0
0 0
204 189
0 0
0 0
0 0
0 0
0 0
0 0
50 96
0 0
51 147
0 0
52 234
0 0
0 0
0 0
0 0
0 0
0 0
0 0
0 0
0 0
0 0
0 0
0 0
0 0
206 217
0 0
209 196
0 0
0 0
0 0
0 0
0 0
221 40
0 0
0 0
0 0
0 0
0 0
0 0
0 0
0 0
0 0
0 0
0 0
0 0
0 0
0 0
0 0
0 0
0 0
53 131
54 253
0 0
0 0
0 0
0 0
0 0
0 0
55 120
0 0
0 0
0 0
0 0
0 0
0 0
0 0
0 0
0 0
0 0
56 242
0 0
0 0
228 59
0 0
0 0
0 0
57 126
0 0
0 0
58 108
0 0
0 0
0 0
0 0
0 0
0 0
0 0
60 159
0 0
61 63
0 0
0 0
0 0
0 0
0 0
0 0
229 167
0 0
0 0
0 0
0 0
233 67
0 0
0 0
0 0
0 0
0 0
0 0
234 180
0 0
0 0
235 200
0 0
0 0
62 9
0 0
236 253
63 40
0 0
64 83
0 0
0 0
0 0
0 0
65 21
0 0
0 0
0 0
0 0
0 0
0 0
0 0
0 0
0 0
0 0
0 0
0 0
0 0
0 0
0 0
0 0
0 0
0 0
0 0
0 0
66 159
0 0
0 0
0 0
0 0
0 0
0 0
0 0
67 182
0 0
0 0
0 0
0 0
0 0
0 0
0 0
0 0
0 0
0 0
0 0
0 0
0 0
0 0
0 0
0 0
0 0
237 73
68 210
0 0
70 135
0 0
0 0
0 0
0 0
0 0
0 0
0 0
0 0
0 0
0 0
0 0
0 0
0 0
0 0
0 0
238 141
0 0
241 206
0 0
0 0
0 0
0 0
0 0
0 0
0 0
0 0
0 0
0 0
0 0
0 0
0 0
0 0
0 0
0 0
244 193
0 0
0 0
0 0
0 0
0 0
0 0
0 0
0 0
0 0
0 0
0 0
0 0
0 0
71 158
0 0
245 121
0 0
0 0
0 0
0 0
0 0
0 0
0 0
0 0
0 0
0 0
0 0
0 0
0 0
0 0
246 212
0 0
0 0
0 0
0 0
0 0
0 0
0 0
0 0
0 0
0 0
72 22
247 60
252 7
0 0
254 197
0 0
0 0
0 0
73 107
74 215
255 209
256 98
0 0
0 0
0 0
0 0
0 0
0 0
0 0
0 0
0 0
0 0
0 0
0 0
0 0
0 0
0 0
0 0
0 0
75 236
0 0
0 0
0 0
0 0
0 0
0 0
0 0
0 0
0 0
0 0
0 0
0 0
0 0
76 177
0 0
0 0
0 0
0 0
0 0
77 63
0 0
0 0
0 0
0 0
0 0
0 0
0 0
0 0
0 0
78 83
0 0
0 0
0 0
0 0
0 0
0 0
0 0
79 19
0 0
0 0
0 0
0 0
0 0
0 0
0 0
0 0
0 0
0 0
0 0
80 160
0 0
0 0
0 0
0 0
0 0
0 0
0 0
0 0
0 0
0 0
0 0
0 0
0 0
0 0
0 0
0 0
0 0
0 0
0 0
0 0
0 0
0 0
0 0
0 0
0 0
0 0
81 144
82 105
0 0
0 0
0 0
0 0
0 0
0 0
0 0
0 0
0 0
83 66
85 204
0 0
0 0
0 0
0 0
86 36
0 0
0 0
87 236
0 0
0 0
0 0
0 0
0 0
0 0
0 0
89 22
0 0
0 0
0 0
0 0
90 223
0 0
0 0
91 167
0 0
92 208
0 0
0 0
0 0
0 0
0 0
0 0
0 0
0 0
0 0
0 0
0 0
0 0
0 0
0 0
0 0
93 196
0 0
0 0
94 223
0 0
0 0
0 0
0 0
0 0
0 0
0 0
0 0
0 0
0 0
0 0
0 0
0 0
0 0
95 208
0 0
0 0
0 0
0 0
0 0
0 0
0 0
0 0
0 0
0 0
0 0
0 0
0 0
0 0
0 0
0 0
0 0
0 0
0 0
96 26
97 156
0 0
0 0
0 0
0 0
98 16
0 0
0 0
0 0
0 0
99 10
0 0
0 0
0 0
0 0
0 0
0 0
0 0
0 0
0 0
0 0
100 156
0 0
0 0
0 0
0 0
0 0
0 0
0 0
0 0
0 0
0 0
0 0
0 0
0 0
0 0
0 0
0 0
0 0
0 0
0 0
0 0
0 0
0 0
0 0
0 0
0 0
0 0
0 0
0 0
0 0
0 0
0 0
0 0
0 0
0 0
0 0
0 0
0 0
0 0
0 0
0 0
0 0
0 0
0 0
0 0
0 0
0 0
0 0
0 0
0 0
101 152
0 0
0 0
0 0
0 0
0 0
0 0
0 0
0 0
0 0
0 0
0 0
0 0
0 0
0 0
0 0
0 0
0 0
0 0
102 34
0 0
0 0
0 0
0 0
0 0
0 0
0 0
0 0
103 4
0 0
0 0
104 73
0 0
107 217
0 0
0 0
0 0
0 0
0 0
0 0
0 0
0 0
0 0
0 0
0 0
108 3
0 0
0 0
0 0
112 222
0 0
0 0
0 0
0 0
0 0
0 0
0 0
113 193
0 0
0 0
0 0
0 0
0 0
0 0
0 0
0 0
0 0
0 0
0 0
0 0
0 0
0 0
0 0
0 0
0 0
0 0
0 0
114 224
0 0
0 0
0 0
115 107
0 0
0 0
0 0
0 0
116 136
0 0
119 194
0 0
0 0
0 0
0 0
0 0
0 0
0 0
120 75
0 0
0 0
0 0
0 0
0 0
0 0
0 0
0 0
0 0
0 0
0 0
0 0
0 0
0 0
0 0
0 0
121 203
0 0
0 0
0 0
0 0
0 0
0 0
122 248
0 0
0 0
0 0
0 0
0 0
0 0
0 0
0 0
0 0
0 0
0 0
0 0
0 0
123 219
0 0
0 0
0 0
124 131
0 0
0 0
125 25
0 0
0 0
0 0
0 0
0 0
0 0
0 0
0 0
126 42
0 0
127 224
0 0
0 0
0 0
0 0
0 0
0 0
128 208
0 0
129 238
0 0
0 0
0 0
0 0
0 0
0 0
0 0
0 0
0 0
0 0
0 0
0 0
0 0
0 0
0 0
0 0
0 0
0 0
0 0
0 0
0 0
0 0
0 0
0 0
0 0
0 0
0 0
0 0
0 0
0 0
0 0
0 0
130 136
0 0
0 0
0 0
0 0
0 0
0 0
131 119
0 0
0 0
0 0
0 0
132 210
0 0
0 0
0 0
0 0
0 0
0 0
0 0
0 0
0 0
0 0
0 0
0 0
0 0
0 0
0 0
0 0
0 0
0 0
0 0
0 0
0 0
0 0
0 0
133 149
134 230
0 0
0 0
0 0
0 0
0 0
0 0
0 0
0 0
0 0
0 0
0 0
0 0
0 0
0 0
0 0
135 10
0 0
0 0
0 0
0 0
0 0
0 0
0 0
0 0
0 0
0 0
0 0
0 0
0 0
0 0
0 0
0 0
0 0
0 0
137 150
0 0
0 0
0 0
0 0
0 0
0 0
0 0
0 0
0 0
0 0
0 0
0 0
0 0
0 0
0 0
0 0
0 0
0 0
0 0
0 0
0 0
0 0
0 0
138 130
0 0
0 0
0 0
0 0
0 0
0 0
0 0
0 0
0 0
0 0
0 0
139 253
0 0
0 0
0 0
0 0
0 0
0 0
0 0
0 0
0 0
0 0
0 0
140 157
0 0
0 0
0 0
0 0
0 0
0 0
0 0
0 0
0 0
0 0
0 0
141 180
0 0
0 0
0 0
0 0
0 0
0 0
0 0
0 0
0 0
0 0
0 0
0 0
0 0
0 0
0 0
142 121
0 0
0 0
143 173
0 0
0 0
0 0
0 0
0 0
0 0
0 0
0 0
0 0
0 0
0 0
0 0
0 0
0 0
0 0
0 0
0 0
0 0
0 0
0 0
0 0
0 0
0 0
0 0
0 0
0 0
0 0
0 0
0 0
0 0
0 0
0 0
0 0
144 87
0 0
0 0
0 0
0 0
0 0
0 0
0 0
0 0
0 0
146 159
0 0
0 0
147 225
0 0
0 0
0 0
0 0
0 0
0 0
0 0
0 0
0 0
0 0
0 0
0 0
0 0
0 0
0 0
0 0
0 0
0 0
0 0
0 0
0 0
0 0
0 0
148 210
150 100
0 0
0 0
151 226
0 0
0 0
152 26
0 0
0 0
0 0
0 0
0 0
0 0
0 0
0 0
0 0
154 141
0 0
0 0
0 0
0 0
0 0
0 0
0 0
0 0
0 0
0 0
0 0
0 0
0 0
155 193
0 0
0 0
156 141
0 0
0 0
0 0
158 3
0 0
0 0
0 0
0 0
160 253
0 0
0 0
0 0
0 0
0 0
0 0
0 0
0 0
161 159
163 144
0 0
0 0
0 0
0 0
0 0
0 0
0 0
0 0
0 0
0 0
0 0
0 0
0 0
0 0
0 0
0 0
0 0
0 0
0 0
164 208
0 0
0 0
0 0
0 0
0 0
166 40
0 0
0 0
0 0
0 0
167 234
0 0
0 0
0 0
0 0
0 0
0 0
0 0
0 0
0 0
0 0
0 0
0 0
0 0
0 0
0 0
0 0
0 0
168 212
169 144
0 0
0 0
0 0
0 0
0 0
0 0
0 0
0 0
0 0
170 125
0 0
0 0
0 0
0 0
0 0
0 0
0 0
0 0
0 0
0 0
0 0
0 0
0 0
0 0
172 179
0 0
0 0
0 0
0 0
0 0
0 0
0 0
0 0
0 0
0 0
0 0
0 0
0 0
0 0
0 0
0 0
0 0
0 0
0 0
0 0
0 0
0 0
0 0
0 0
0 0
0 0
0 0
0 0
0 0
0 0
0 0
0 0
0 0
0 0
0 0
0 0
0 0
0 0
0 0
0 0
0 0
173 230
0 0
0 0
0 0
0 0
0 0
0 0
0 0
0 0
0 0
0 0
0 0
0 0
0 0
0 0
0 0
0 0
0 0
174 73
0 0
0 0
0 0
0 0
0 0
0 0
0 0
0 0
0 0
0 0
0 0
0 0
0 0
0 0
0 0
0 0
0 0
0 0
0 0
0 0
0 0
0 0
0 0
0 0
0 0
0 0
0 0
0 0
0 0
175 19
0 0
176 66
0 0
0 0
0 0
0 0
0 0
0 0
0 0
0 0
0 0
0 0
0 0
0 0
0 0
0 0
0 0
0 0
0 0
0 0
0 0
177 251
0 0
0 0
0 0
0 0
0 0
0 0
0 0
0 0
178 42
0 0
0 0
0 0
0 0
0 0
0 0
0 0
0 0
179 205
0 0
0 0
0 0
0 0
0 0
0 0
0 0
0 0
0 0
0 0
182 208
0 0
0 0
0 0
0 0
0 0
183 10
0 0
0 0
0 0
0 0
0 0
0 0
0 0
0 0
0 0
0 0
0 0
0 0
0 0
0 0
0 0
0 0
0 0
0 0
0 0
0 0
0 0
0 0
184 205
185 63
0 0
0 0
0 0
0 0
186 126
0 0
0 0
0 0
0 0
0 0
0 0
187 108
0 0
0 0
0 0
0 0
0 0
0 0
0 0
0 0
0 0
0 0
0 0
0 0
188 95
190 180
0 0
0 0
0 0
0 0
0 0
0 0
0 0
0 0
0 0
0 0
0 0
0 0
0 0
0 0
0 0
0 0
0 0
0 0
0 0
0 0
0 0
0 0
0 0
0 0
0 0
0 0
0 0
0 0
191 203
0 0
0 0
0 0
0 0
0 0
0 0
0 0
0 0
0 0
0 0
192 217
0 0
0 0
0 0
0 0
0 0
0 0
0 0
0 0
0 0
0 0
0 0
0 0
0 0
0 0
0 0
0 0
0 0
0 0
0 0
0 0
0 0
0 0
0 0
0 0
0 0
0 0
0 0
0 0
0 0
0 0
0 0
0 0
0 0
0 0
0 0
0 0
0 0
0 0
0 0
0 0
0 0
0 0
193 205
0 0
0 0
0 0
0 0
0 0
0 0
0 0
195 203
0 0
0 0
0 0
0 0
196 167
0 0
0 0
0 0
0 0
0 0
0 0
0 0
0 0
0 0
0 0
0 0
0 0
0 0
0 0
0 0
0 0
0 0
0 0
0 0
0 0
0 0
0 0
0 0
0 0
0 0
0 0
0 0
0 0
199 156
0 0
0 0
200 84
201 167
0 0
0 0
205 150
0 0
0 0
0 0
0 0
0 0
208 141
0 0
0 0
0 0
0 0
0 0
0 0
0 0
0 0
0 0
0 0
0 0
210 208
0 0
0 0
0 0
0 0
211 22
0 0
0 0
0 0
212 91
0 0
0 0
0 0
0 0
0 0
0 0
0 0
213 128
0 0
214 125
0 0
0 0
0 0
0 0
0 0
215 117
0 0
0 0
0 0
217 180
0 0
0 0
0 0
0 0
0 0
0 0
0 0
0 0
0 0
0 0
0 0
0 0
0 0
0 0
218 160
0 0
0 0
0 0
0 0
0 0
0 0
0 0
0 0
0 0
219 100
0 0
220 184
0 0
0 0
0 0
0 0
0 0
0 0
0 0
0 0
222 160
0 0
0 0
0 0
0 0
0 0
0 0
0 0
0 0
0 0
0 0
0 0
0 0
0 0
223 26
0 0
0 0
0 0
0 0
0 0
0 0
0 0
0 0
0 0
0 0
0 0
0 0
0 0
0 0
0 0
0 0
0 0
0 0
0 0
0 0
0 0
0 0
0 0
0 0
224 104
0 0
0 0
0 0
0 0
0 0
0 0
0 0
0 0
0 0
0 0
0 0
0 0
0 0
0 0
0 0
0 0
0 0
0 0
0 0
0 0
0 0
0 0
0 0
0 0
0 0
0 0
0 0
0 0
0 0
0 0
0 0
0 0
0 0
0 0
0 0
0 0
0 0
0 0
0 0
0 0
0 0
0 0
0 0
0 0
0 0
0 0
0 0
0 0
0 0
0 0
0 0
225 120
0 0
0 0
0 0
0 0
0 0
226 198
0 0
227 180
230 210
0 0
0 0
0 0
0 0
0 0
0 0
0 0
231 213
0 0
0 0
0 0
0 0
0 0
0 0
0 0
0 0
0 0
0 0
0 0
0 0
0 0
0 0
0 0
232 144
0 0
0 0
0 0
0 0
0 0
0 0
0 0
