334 991
796 1274
22 1346
1136 410
1436 919
472 1002
249 968
1051 1889
363 1047
1138 359
215 1323
0 0
641 912
265 1172
190 1118
572 1054
233 315
518 1838
908 1148
441 570
274 1736
629 1649
0 0
468 615
1067 417
1785 429
1656 1681
1382 294
1234 872
21 798
72 1075
139 1870
494 224
8 1316
546 1432
208 1198
125 1180
1802 1577
1860 180
1189 731
219 404
1874 1490
686 748
14 1233
567 1472
1188 1350
114 1448
10 402
401 1686
1774 1482
6 883
1755 1043
331 556
1181 1123
1226 778
819 1533
121 623
163 208
1223 1352
1700 1100
1337 349
1045 915
728 672
148 1461
554 1149
1247 906
1128 92
259 1522
766 670
668 1398
474 1024
864 430
206 1892
1186 117
1499 1418
972 828
1287 433
698 706
56 647
1889 745
1640 424
1145 1682
333 489
532 356
432 26
73 1773
907 1702
1815 1216
461 1278
761 1348
416 513
1204 1196
630 1067
1361 857
847 1657
1631 1541
1363 1164
365 36
853 806
1151 1644
1155 1640
1206 1885
353 495
1522 34
1482 1273
625 1535
807 967
1709 1013
321 1547
594 1420
584 1302
1256 1018
1035 1400
478 1652
372 516
1470 1365
256 1349
123 154
78 981
1 896
282 683
165 1797
1049 464
26 51
445 650
1491 1269
1020 472
144 900
510 385
690 684
451 82
242 720
74 295
556 579
1346 1468
313 87
900 1202
981 933
404 775
1132 1597
1184 441
377 870
1483 84
784 1562
475 1590
1652 501
1355 1394
615 30
90 274
322 115
182 532
858 1709
307 705
1122 1766
1084 892
260 1195
1414 8
883 1496
901 242
1496 1429
318 1137
35 599
1137 1731
1578 726
1574 1684
569 328
1591 264
940 1086
565 237
1583 823
782 1272
1142 1395
2 1755
132 287
338 1032
697 1913
1449 973
612 1737
709 769
922 1279
550 1570
1221 1689
417 392
672 572
326 1523
1015 1039
317 440
1335 858
166 1117
292 45
821 882
328 1182
558 22
982 132
1331 255
47 1087
723 1089
1866 1646
350 643
154 750
1284 1015
1310 504
122 1360
343 1733
1012 1575
700 1268
423 1770
657 139
211 1026
1055 1868
538 827
792 955
176 1229
620 93
726 1237
495 961
1605 1174
913 1197
603 853
1083 484
1411 594
846 1385
1725 1245
1360 553
415 1744
1781 1364
30 619
272 361
1369 1061
1456 536
1236 2
1816 41
1203 67
1143 1270
1255 1030
0 0
995 1891
250 96
1163 1124
1187 1283
124 1549
1161 182
1126 1304
576 1546
735 1593
965 1383
537 1697
140 1843
973 482
980 398
836 1260
239 655
916 686
1240 795
578 1633
143 1224
533 1329
178 966
1740 1617
237 679
845 494
725 187
0 0
0 0
479 406
649 1481
1699 904
886 1591
1170 1724
349 1751
177 1872
585 177
252 1379
1734 372
1644 1450
1016 1759
287 958
1545 1521
181 1125
798 1194
1694 544
696 344
1060 1901
775 1207
439 1573
1719 99
1305 1132
348 1696
1274 351
106 1858
315 669
324 409
1270 1757
85 1232
437 1668
1391 303
1526 1710
852 1016
411 1289
996 918
1104 1388
1685 1819
1366 1572
299 1598
658 519
760 236
747 1426
601 834
1711 1311
376 1414
367 86
1264 935
1901 1176
185 1215
1165 76
1261 1059
863 695
3 893
240 930
45 980
1179 232
399 258
1869 1551
987 1442
1460 1330
111 1345
1421 465
1329 239
773 852
1822 1511
16 44
770 47
1219 1114
885 567
1706 1542
955 940
1377 1380
335 1800
58 1566
1295 1799
42 947
990 1704
412 577
871 252
492 1077
455 762
1225 179
1061 710
869 1020
230 946
950 610
267 866
1134 1692
715 654
48 586
1914 1169
1903 1837
310 124
462 1228
1244 1453
1272 1291
540 1655
559 863
389 1320
392 932
705 1609
29 1213
553 1563
872 506
1193 1334
76 1079
515 1806
827 1519
1248 194
524 375
430 91
115 809
442 1842
46 528
464 325
1065 397
345 1783
1093 693
1508 38
547 193
1529 1824
543 1822
778 1754
654 206
903 1769
196 1078
909 510
1062 167
1721 1774
899 1552
1356 793
0 0
266 1265
1542 927
1653 1637
1558 169
342 95
487 454
337 985
1479 1262
1672 1615
520 1544
505 151
1435 1688
917 1812
714 39
722 1351
902 102
28 1381
938 23
648 434
1019 1287
593 682
1553 992
895 1028
238 61
151 168
1149 546
1461 371
1381 1244
1328 1430
309 1355
719 920
522 507
95 1246
225 636
471 1116
755 1170
186 1256
1121 1312
925 1095
1028 860
1752 1223
1538 1805
314 1818
1902 512
1402 1700
491 55
1307 1690
485 66
634 730
910 407
192 304
539 608
560 837
1885 752
294 802
323 416
1716 298
1690 107
557 1135
91 230
732 1746
149 1506
663 341
1053 1109
103 1285
1666 330
671 890
652 1517
1349 1559
994 727
105 1424
1639 1455
147 324
986 1023
160 390
351 831
1220 1369
1108 542
1463 293
38 1863
1099 1484
234 987
394 220
433 149
1776 276
1489 1357
876 352
748 1672
1547 185
52 257
285 71
710 217
1589 1474
1200 1146
687 764
164 1
1153 1441
64 1477
1904 1120
1878 1565
0 0
1010 1248
162 557
1385 1342
1620 1230
1841 1902
1290 1585
236 580
354 136
1503 1745
804 88
656 1764
941 246
1254 1181
694 1911
1748 925
488 1886
1771 849
1211 716
1376 861
1850 490
136 1437
850 673
1610 1492
646 1699
1238 1267
1899 839
842 1368
1024 1685
1162 418
1830 1508
749 1300
286 1527
280 1377
0 0
1313 526
1208 1167
942 1386
934 1060
1227 470
1341 297
270 31
517 152
497 603
857 910
168 855
197 1743
0 0
1296 640
621 1220
421 877
456 110
1034 448
316 1105
608 49
1014 1550
0 0
707 1359
180 578
1750 627
1834 1776
598 1317
1297 1758
843 1516
130 1098
1300 1683
1626 164
1890 1479
639 982
1212 1264
1759 785
1500 1092
975 772
94 575
712 1884
380 1367
638 1723
1524 758
610 1850
691 1557
379 212
1437 1217
542 595
75 547
650 1721
1872 109
826 1619
1175 680
946 439
890 1896
1011 1740
1299 74
1427 631
13 1538
81 845
1253 560
477 1790
207 1694
1678 1530
1823 812
9 1210
375 1916
146 537
1275 763
939 1621
158 1687
1237 335
502 1151
300 1436
743 1226
602 1353
306 1044
189 1807
802 451
41 620
693 862
1534 415
932 782
220 1875
284 1219
142 389
1641 766
145 1676
362 1427
301 698
834 1718
977 840
1125 1081
476 147
231 1122
1675 1742
1618 116
156 1510
511 172
703 1065
1001 1052
516 1909
729 1130
222 334
655 1653
1502 207
1420 1392
781 585
724 1779
296 1058
444 1528
359 527
1354 339
1063 525
371 234
298 127
482 548
848 1505
704 1802
1405 373
645 994
844 964
1347 842
989 497
541 1611
1303 292
591 1714
109 81
666 1111
651 799
787 975
825 270
1029 1178
1052 186
448 488
1715 459
1845 499
1724 1498
1087 222
1537 624
1283 453
896 1159
169 135
257 1412
212 259
966 63
1403 889
243 1438
1880 1423
1316 521
555 878
640 1558
419 1840
964 761
0 0
410 386
831 843
0 0
1735 735
1702 1422
1454 699
438 1831
1843 362
923 590
794 18
0 0
889 272
87 327
1881 1608
1415 771
1844 540
1434 1561
952 1136
1130 1734
978 394
141 1775
891 1104
956 589
327 1022
1160 1499
366 291
959 80
1232 747
1095 1339
195 307
906 1397
170 319
235 728
1745 867
1068 1786
866 1014
1481 1308
1722 822
549 128
1235 173
0 0
57 94
1091 355
453 326
167 1376
840 1099
1441 364
1555 1063
828 1847
428 869
25 1250
226 1908
1147 204
859 322
1424 1864
1106 1222
113 986
0 0
224 545
935 1186
1252 1193
395 1097
800 197
1614 1463
1608 1664
1812 332
1487 479
1054 1537
926 993
1649 444
155 1663
1864 1665
1086 1200
1870 265
312 1485
398 329
1563 1157
1586 948
175 1497
893 1115
1293 1318
489 1487
36 64
1198 984
976 754
1169 262
118 921
1018 541
1265 621
1406 387
525 596
1789 953
281 1627
1185 1613
1031 1730
1312 1836
611 1817
1663 1784
627 810
295 1375
1074 209
1379 1594
605 846
1344 469
107 1031
924 1641
1269 702
77 922
467 1650
737 1534
1792 126
1629 90
523 959
293 1407
383 574
34 903
665 1121
0 0
1733 645
1218 1446
0 0
514 770
1266 56
513 348
1410 105
1693 382
1006 723
1057 1041
617 817
1442 1735
357 1606
1217 142
1100 974
1764 1415
193 983
801 1761
1911 1586
1394 1421
622 743
102 358
1246 288
1008 366
253 318
1887 1443
200 481
736 1727
805 1251
590 505
730 1796
1606 427
1676 738
564 1488
739 253
596 841
571 313
681 1034
0 0
325 145
1633 518
1579 1756
695 6
688 931
355 1071
232 1905
1245 1076
1353 1707
1486 146
1154 865
1097 1057
0 0
530 1199
1782 1839
1096 1777
0 0
1521 962
221 245
59 1486
330 1393
1814 1341
1439 178
262 282
498 437
1623 977
1520 1579
1334 944
1110 1277
1448 302
963 700
643 360
119 970
551 1509
69 374
1103 238
851 1454
251 1741
1340 660
400 1410
1401 1540
1846 250
1564 284
1438 963
785 1378
483 773
1651 1903
157 24
1396 1607
60 1416
217 1142
0 0
361 979
1056 1680
303 475
1891 228
597 864
1625 1406
279 824
127 1326
699 609
0 0
1628 641
618 1873
116 1716
1380 227
600 1007
713 664
1117 1596
701 196
1467 1887
486 7
370 829
209 1188
92 1138
742 675
609 1467
604 1729
669 1315
1856 1526
849 1293
191 1460
1374 231
447 633
388 1711
66 1466
1023 380
0 0
667 1782
5 191
921 1094
172 1129
0 0
1222 1532
1359 1825
1871 1310
1848 1239
1042 712
1098 606
70 1670
246 1083
1592 412
635 1816
1229 957
561 346
99 1513
1302 1161
786 1478
1178 157
684 181
1201 345
1140 569
110 1520
1875 1417
1455 370
0 0
1552 1810
797 1241
1627 395
1022 308
915 192
1664 443
218 571
1371 1171
1517 854
865 1823
529 363
1107 1489
892 1845
957 1004
1588 268
1388 696
1584 75
636 183
1357 1325
1250 1371
1506 201
988 1500
1590 1363
1720 744
0 0
1327 597
422 218
1504 340
673 978
1674 1869
101 746
1865 1669
27 486
1561 285
1407 1221
463 622
664 1813
344 916
1037 1471
50 1894
1811 1218
1767 1555
1546 1206
381 1493
799 552
1760 1545
1837 1841
1857 1475
188 275
11 1051
920 1029
854 1189
1737 638
93 471
443 1038
1231 1667
382 901
912 57
1338 929
336 1235
1632 1036
1457 320
837 534
677 662
1281 725
1708 576
1397 170
1094 1525
633 646
1152 629
531 225
1088 990
644 1603
0 0
1597 261
632 442
1861 408
391 1639
1191 1155
435 1750
993 1225
403 611
40 383
1039 1212
1417 1771
1419 768
1451 676
0 0
1665 634
936 917
1324 796
1731 118
0 0
1873 657
263 1328
1322 1701
861 1240
1739 1848
1488 425
397 781
1691 1045
887 801
1595 1826
24 1261
1413 1021
1696 198
332 1331
1790 753
1392 514
204 1113
880 1789
96 637
1089 1356
0 0
1358 1401
1278 902
17 1307
1660 1852
1440 562
1593 535
1893 50
945 1402
198 780
856 317
1304 1614
1214 150
676 838
1090 1524
1657 269
7 582
413 584
1205 956
855 1056
1915 711
1798 1623
581 1564
1707 1391
765 1762
1199 1179
626 203
152 1110
352 1144
897 808
368 777
1075 314
1393 558
86 549
1819 357
79 874
888 1037
32 1209
1368 449
582 1025
1567 111
1432 765
1607 305
84 1288
1498 16
527 1049
1258 1856
1032 321
757 1811
1916 1601
953 1190
120 628
937 457
1480 813
104 1338
229 260
991 1284
385 1483
450 561
967 1140
1025 642
469 934
783 1163
1453 1396
305 1280
1587 550
1294 311
1119 871
616 876
1557 1584
898 1732
1544 343
1462 1514
1048 1147
1387 98
1469 1703
1172 1877
1323 1748
390 1444
613 1629
1566 719
1647 1693
1157 1556
308 70
63 1434
1670 15
958 1231
409 1234
311 1286
1769 1162
98 805
269 814
0 0
1689 1008
434 1846
138 1628
1505 1752
150 3
1398 1893
1309 1017
1364 337
1176 1093
1518 976
1679 1252
199 1861
405 885
1050 690
1036 825
1464 522
894 1106
241 1898
961 1679
49 1829
1642 884
290 249
1005 493
1554 741
1259 476
1041 491
0 0
0 0
37 1820
1384 68
1389 1048
264 1739
1784 1677
874 659
1532 1476
592 1635
1829 1319
1372 665
1207 894
1013 588
384 816
631 1548
214 791
1549 1204
1543 25
1148 1634
1085 233
254 1878
128 400
247 639
268 354
985 776
1855 1899
1123 868
65 1208
183 221
161 69
526 1631
1079 1298
386 130
1030 1257
1286 199
1174 1827
1124 1809
1458 530
1714 1358
369 62
1643 461
1114 85
1105 1673
1348 573
171 1900
1603 783
1723 508
969 189
1378 1321
0 0
1375 1419
1535 148
407 52
1404 818
19 381
806 1785
841 1322
396 492
1308 27
727 377
1166 35
1064 1620
1317 487
624 1595
18 888
135 1347
1839 678
1213 1000
1066 1798
860 299
1746 1040
814 709
1851 1616
273 333
1698 141
927 446
0 0
53 214
216 1404
1412 14
1474 651
1570 1808
1559 1336
583 1582
870 1659
436 480
108 1543
100 1763
187 396
1159 1708
1805 323
1194 1035
1273 1780
12 1247
288 779
1080 1069
706 466
1431 176
577 789
586 1006
493 347
507 630
0 0
131 1895
1548 1765
1228 1101
61 804
1196 1335
275 502
414 1554
1692 928
393 1865
1352 1804
877 368
1007 1915
1224 1072
402 401
1408 656
1473 1131
0 0
1268 880
716 1674
809 78
283 1408
1894 316
867 1046
506 592
1026 1881
776 1452
1765 697
1684 1666
1736 436
1820 498
1409 428
1444 1303
1713 300
202 1141
811 1445
304 1625
1077 1370
1551 600
1156 129
528 1343
702 1053
1779 121
1000 43
816 1583
579 1447
501 844
429 1160
0 0
741 879
278 563
1116 1494
1741 531
1112 938
1326 1719
685 1592
0 0
503 138
1465 137
1430 1055
1560 1660
905 1867
1428 905
830 583
1658 1722
88 155
0 0
1102 17
1072 539
1443 1645
1370 908
31 774
1251 1501
356 1005
1047 1904
1339 112
504 1571
1565 652
0 0
425 411
637 1387
911 1720
1288 851
0 0
1611 420
948 551
0 0
587 732
490 1531
878 500
1171 1297
1793 1529
1599 1126
1301 971
0 0
227 605
607 159
364 336
829 1747
1634 119
734 565
126 120
0 0
1459 1433
1280 445
512 1587
1168 832
1807 509
933 1275
777 1604
1562 309
1858 1768
1351 1568
521 667
184 338
0 0
1795 1184
1673 28
465 997
449 1859
1540 1658
1081 733
1613 520
0 0
614 1173
808 1581
1576 423
1617 241
159 1605
803 1459
0 0
1446 5
0 0
51 1567
452 1855
1113 1143
750 566
1209 1470
944 1242
954 1177
683 281
928 1832
1806 200
1233 688
360 1236
1821 821
1630 554
999 29
1533 945
1662 899
679 1914
1744 1578
1111 601
1751 123
1262 1626
717 1361
974 312
1418 1632
628 1259
302 1612
1797 788
457 1512
1129 1715
1913 1108
426 1168
1241 1671
23 1857
129 1344
205 1156
291 803
746 886
815 240
1609 1753
0 0
962 1255
1817 1726
708 1883
951 1654
1753 887
458 1599
1511 1405
1515 273
1813 722
1291 456
1892 1462
1726 353
0 0
71 1574
1835 1282
134 153
62 1907
1192 144
881 969
772 704
1868 247
1667 1456
774 614
0 0
1732 564
1497 618
201 714
39 1205
374 1624
595 1185
1906 106
1282 1661
623 378
1215 503
545 815
1530 850
574 474
1197 1266
1826 195
1616 1073
1710 235
1756 267
0 0
1044 1439
788 1622
1882 1192
320 1833
1796 1871
1596 1588
1277 1399
473 1749
245 1290
1477 467
1604 923
568 1906
0 0
771 1088
979 1651
1131 89
1183 907
992 1781
1799 1090
675 53
0 0
1476 1409
1569 419
1655 936
1897 431
1624 405
1556 1305
1314 215
566 1201
548 1610
1210 1457
1791 1128
1801 717
544 820
277 1064
0 0
255 161
406 184
1311 701
0 0
1701 1070
454 1801
481 1464
0 0
1677 384
1577 42
1886 708
692 1309
947 767
1216 988
1787 612
1833 65
1854 1630
1445 833
882 1062
1786 538
466 1536
223 460
0 0
904 1738
1475 496
117 1647
1318 202
1572 999
1661 819
1043 243
751 10
55 1539
1433 379
1306 1027
1513 694
795 350
875 1698
1400 1080
1399 807
0 0
1621 1390
1271 134
873 131
418 616
0 0
1600 830
340 954
1516 897
1896 1880
1471 266
1729 478
440 1012
1164 666
1202 310
1758 438
1009 113
1571 1011
519 223
1120 163
791 602
1867 1107
174 13
1783 33
1150 1299
1525 11
580 1258
1688 19
879 587
983 626
15 393
731 1009
575 989
674 740
0 0
862 996
930 342
1818 1187
1828 296
1466 463
509 1292
599 1313
1447 1495
1386 211
1849 914
408 1085
133 1849
387 1803
1717 1243
427 515
1109 283
346 1281
1888 617
1493 1413
89 881
931 661
0 0
1158 1602
0 0
1101 1792
0 0
1073 1033
1763 1643
1528 1294
762 1795
745 1042
1069 949
0 0
662 100
970 1263
1260 911
1058 1139
606 581
1472 174
1809 559
1484 1295
1127 1504
80 760
789 104
97 1332
484 485
1788 1760
1182 797
1257 913
297 713
347 721
1803 1362
914 625
1862 1675
1298 271
1772 421
1879 1306
839 517
563 1576
420 591
0 0
1695 1876
1705 21
1468 205
1173 483
480 1183
1637 391
1478 1154
884 898
289 755
1395 58
818 1449
1780 1767
1292 1074
720 1019
1425 951
536 687
1742 1411
1757 1301
642 1084
1040 1503
660 59
1754 422
1573 219
678 1374
1118 736
824 216
1144 1254
319 301
210 244
1512 277
1761 718
738 653
1580 1238
1762 786
1907 83
1167 663
20 403
137 1165
689 1327
1422 413
971 739
1831 1787
589 1003
1092 279
1842 644
1510 960
82 703
763 1382
812 462
44 1145
919 1249
1836 32
793 995
194 800
1770 289
1267 108
968 926
756 859
817 140
1671 1337
1059 511
1825 1814
1582 1793
1492 1569
43 1384
460 924
1452 943
1697 388
1895 399
1730 1638
998 256
1523 1373
1133 794
1636 1431
1383 1296
1239 1166
424 691
1766 1860
768 1389
1777 1134
1078 873
1333 190
0 0
271 450
1003 306
740 1888
0 0
1450 447
0 0
1046 20
810 1851
4 369
822 60
1594 455
329 751
1853 226
1320 1502
1321 73
588 671
752 965
1263 278
1912 280
1876 376
534 632
1585 742
1808 1636
173 1912
0 0
1668 1691
0 0
1330 1354
753 635
1135 166
258 473
1824 972
339 568
1485 1828
0 0
179 649
997 1712
1319 543
1718 593
1180 1066
1230 707
1622 1879
446 4
733 1821
500 1844
769 1102
1727 114
1804 1112
1139 1068
1531 175
1343 759
1279 1600
67 1717
373 523
470 756
721 1276
1581 1862
552 1451
779 458
1568 909
1683 1082
1669 1648
758 685
1541 12
459 1010
1507 555
1905 1153
1686 229
1336 1713
790 79
1859 1706
1877 1642
378 101
1832 729
1536 734
1645 1778
1509 125
813 1333
1002 1435
1141 468
1800 103
261 648
203 97
1601 787
0 0
1365 426
984 1473
1681 331
1612 836
1177 477
1838 1366
832 1866
647 1175
661 715
1071 1553
1650 1515
1285 1853
1884 188
1519 1425
1615 1560
1190 604
1004 1830
1390 432
1703 749
960 1890
653 72
1033 1695
1654 1656
1495 658
508 1618
1038 1469
276 1403
1429 162
1490 254
949 435
1146 1091
496 37
1195 1834
1768 598
1680 210
0 0
619 1882
248 1253
1345 757
1514 674
835 792
573 1227
820 9
1082 952
1704 1191
1847 367
0 0
929 1678
659 251
0 0
0 0
1648 856
1659 1854
670 692
0 0
1575 290
1775 171
244 1728
1598 1214
767 133
341 826
1840 1440
744 452
1426 46
754 1050
1289 1152
918 1815
1342 875
1362 1662
0 0
1898 524
570 122
562 1458
1638 1001
1027 1314
1883 365
1550 950
1852 937
1243 40
153 681
1021 1491
1747 1428
718 941
1115 1835
1416 1465
54 1211
1909 1324
711 1791
764 1271
33 1203
83 939
0 0
1527 1150
868 998
1501 54
112 248
0 0
1350 1372
0 0
1325 784
1539 811
1863 1158
1276 737
680 668
431 1127
1017 607
1749 847
1423 1788
780 158
1070 1518
823 1897
1635 1133
943 160
499 613
228 263
1602 689
759 1910
1728 677
1367 156
1908 1589
838 895
1743 1103
1794 165
1242 942
1773 1507
1315 529
1778 1725
1332 1705
1249 1480
1619 77
1687 414
1900 848
1494 286
535 1580
682 533
1738 835
213 143
1827 790
0 0
1682 48
68 213
1373 1772
1910 891
1712 1119
1810 1874
1646 724
0 0
358 1794
833 1340
