256 1938
78 4 0 3 5 8
117 3 3 7 10
251 3 5 8 10
176 3 7 9 10
60 2 2 3
254 5 1 2 3 5 7
170 6 1 2 3 7 8 10
11 2 0 5
239 3 4 8 9
115 2 1 10
19 3 2 6 9
45 5 0 1 4 6 8
31 6 1 4 5 6 7 8
155 2 0 8
8 1 10
199 3 0 3 10
237 3 2 7 8
123 4 0 5 7 9
106 4 1 4 6 7
24 4 1 2 6 10
219 6 2 3 4 5 8 9
47 3 0 1 4
21 4 0 8 9 10
84 3 3 6 10
205 3 5 6 10
194 4 2 4 6 9
23 2 7 10
91 1 5
104 2 6 8
106 2 5 6
123 3 4 5 10
28 4 0 4 7 9
201 5 0 4 6 7 8
12 4 1 2 9 10
14 6 1 2 3 5 9 10
202 2 0 2
78 1 2
117 6 0 2 3 5 7 8
168 3 0 1 4
163 4 0 1 6 10
104 4 1 5 8 9
165 4 1 2 6 10
46 2 6 10
15 3 2 3 5
123 2 4 10
41 4 2 4 9 10
202 2 1 7
29 3 0 8 10
21 3 4 6 7
11 2 0 3
245 1 10
113 3 1 4 7
29 5 3 5 6 7 10
50 4 0 2 3 10
79 4 2 8 9 10
154 4 4 5 7 9
131 3 0 8 10
195 2 4 6
16 3 0 4 9
102 5 1 3 4 8 10
96 5 1 4 6 7 9
56 3 4 8 9
176 4 1 3 6 7
217 1 10
207 1 7
81 2 4 9
71 6 0 2 3 6 8 9
62 3 2 7 8
199 4 5 6 7 8
241 4 1 3 8 10
223 3 3 9 10
196 1 5
243 5 0 2 3 7 8
155 2 2 3
7 5 1 5 7 9 10
3 3 4 7 10
191 3 2 3 6
102 8 0 1 3 5 7 8 9 10
198 4 0 4 8 9
5 7 1 2 3 4 6 9 10
230 3 3 4 7
246 5 2 4 5 9 10
135 4 0 1 7 10
4 3 2 4 5
238 4 1 2 3 9
8 2 1 2
250 3 0 4 8
28 6 1 2 6 7 8 10
11 7 0 1 2 4 7 8 10
170 2 4 9
181 1 4
223 2 1 4
54 3 2 4 9
69 3 1 5 6
159 3 0 3 9
78 3 1 3 6
231 4 0 7 8 10
204 5 0 3 5 7 10
143 5 4 5 8 9 10
125 2 9 10
220 4 0 1 6 9
167 2 1 2
153 6 0 4 5 6 7 9
123 5 0 1 5 8 10
108 2 0 4
41 2 4 10
8 4 3 5 8 9
223 5 1 2 3 7 9
227 5 0 5 6 8 9
1 3 8 9 10
109 7 0 2 3 4 5 6 8
181 5 0 5 6 9 10
23 3 1 2 7
34 4 0 3 5 6
161 4 5 6 7 9
215 2 0 2
153 2 8 10
62 6 1 2 3 7 8 9
234 3 1 8 10
228 3 7 8 9
106 7 0 1 2 3 5 8 9
154 4 2 3 5 10
167 3 0 1 4
63 1 2
106 5 0 2 6 7 9
15 5 0 2 3 7 9
221 6 0 1 3 4 5 10
249 5 2 7 8 9 10
26 3 2 3 5
57 3 3 4 7
78 2 0 1
248 3 0 3 4
228 5 3 5 7 8 9
4 9 0 1 2 3 4 5 7 9 10
1 4 0 5 6 7
245 4 0 2 4 5
24 9 0 2 3 4 6 7 8 9 10
123 4 1 2 4 8
45 2 1 6
194 2 4 8
31 4 1 3 7 10
52 4 1 7 8 10
121 3 0 9 10
67 5 1 2 3 5 10
137 3 0 6 9
123 5 0 2 6 7 8
31 4 0 1 7 10
50 4 1 2 8 9
228 3 3 4 9
60 3 2 6 10
201 5 2 3 5 9 10
39 7 0 1 3 4 5 6 10
102 2 1 8
130 3 0 6 8
245 9 0 1 3 4 5 7 8 9 10
139 3 0 2 4
90 5 1 2 6 7 9
198 6 0 4 6 7 8 10
130 3 2 5 7
81 4 0 1 5 10
171 2 1 8
108 3 1 3 8
219 7 0 1 2 6 7 8 9
78 5 1 4 5 8 9
31 1 4
195 3 0 1 8
153 3 3 8 10
187 1 0
4 3 0 2 4
117 3 0 3 5
28 6 0 2 4 5 6 10
114 2 7 10
187 2 1 10
230 3 3 6 7
123 2 1 4
155 2 6 10
208 3 1 6 7
243 5 1 6 7 8 10
197 3 3 8 10
84 2 0 9
45 4 2 3 6 7
145 5 4 6 7 8 10
18 3 0 7 9
96 2 0 5
61 1 2
112 2 1 7
78 2 4 6
161 1 3
201 3 3 5 8
184 4 2 3 4 9
48 6 0 4 6 7 8 9
121 1 1
106 2 2 7
167 2 3 6
200 5 0 1 7 8 9
86 2 1 3
203 5 3 5 7 8 9
202 3 4 6 10
245 3 3 4 7
130 3 2 4 5
16 2 4 10
41 2 6 8
200 5 0 4 5 6 10
226 3 0 5 6
103 6 0 1 5 6 7 10
19 4 1 4 6 8
181 7 1 4 5 6 7 8 10
187 3 1 3 7
116 6 1 3 4 7 8 10
23 8 0 1 2 3 6 7 8 10
60 2 0 8
138 3 0 3 6
208 3 1 4 7
23 5 0 3 4 7 9
187 4 4 6 9 10
120 2 5 7
34 8 0 1 2 4 5 7 9 10
199 12 0 90663968 227572673 305794543 352493512 373931705 449378355 530509581 647965940 795293628 937037654 959888582
123 2 4 9
189 4 1 3 4 7
108 5 0 2 6 7 10
155 4 0 5 8 10
104 5 4 7 8 9 10
91 3 0 5 10
23 6 0 2 3 7 8 9
102 1 5
131 4 0 5 9 10
116 3 6 7 10
181 3 4 5 8
96 4 0 1 6 8
113 2 4 7
18 5 1 5 6 7 9
90 3 3 5 8
199 2 2 4
42 3 0 3 9
53 1 5
243 3 4 9 10
201 1 4
67 2 0 1
63 2 1 2
228 6 3 5 6 7 8 9
128 6 0 1 2 4 9 10
188 4 0 3 6 8
61 3 5 8 9
102 2 0 4
234 1 9
159 6 0 1 2 4 5 10
183 1 1
153 5 2 4 6 9 10
18 3 3 4 6
103 5 0 1 6 7 10
198 2 2 9
168 6 2 5 6 8 9 10
138 4 2 4 5 8
102 1 10
165 5 0 5 8 9 10
9 9 4 7 10 5 3 0 2 9 1 1 10 3 10 3 1 10 10 2 1 8 4 7 10 9 2 6 8 2 8 6 4 0 2 4 2 10 10 5 6 4 4 1 4 2 4 8 6 3 3 6 2 8 3 10 6 5 10 0 1 5 9 8 9 4 10 5 7 0 2 6 6 2 5 7 5 1 3 1 10 3 1 0 1 3 2 2 8 8 5 8 3 1 9 5 9 1 5 1 7 10 8 4 4 3 4 7 2 0 2 8 1 9 5 3 10 0 8 10 7 0 1 2 10 9 10 10 7 9 2 3 8 9 5 2 5 2 2 9 8 5 1 4 2 4 4 10 2 5 0 3 8 7 2 7 4 9 7 6 8 2 1 4 1 4 6 5 3 9 7 3 0 0 9 1 6 8 6 4 5 8 1 5 0 5 3 7 8 6 6 8 8 2 6 4 2 3 5 1 9 1 8 1 3 7 6 3 2 0 4 1 5 5 4 3 2 9 8 9 5 5 1 6 7 0 3 0 5 6 3 9 9 9 8 6 5 7 2 1 10 7 0 1 4 4 5 9 6 7 10 6 10 3 5 1 9 3 5 9 4 8 7 1 4 9 3 6 5 7 2 3 10 8 1 10 8 0 1 3 9 10 10 3 0 9 10 1 0 5 0 8 2 6 0 3 7 2 0 10 0 10 1 6 0 1 3 4 1 4 4 7 8 10 3 1 0 4 7 0 10 6 7 4 7 10 1 3 6 9 8 3 7 0 6 9 3 0 1 10 9 4 0 8 8 6 0 3 2 10 5 2 4 2 6 6 6 2 9 2 6 8 9 5 9 8 1 8 4 9 9 8 4 2 6 9 0 3 1 2 10 7 1 10 7 8 6 9 10 5 9 1 7 2 6 8 6 10 9 3 6 6 3 10 0 5 5 10 5 0 7 5 10 10 4 5 1 9 0 9 1 4 2 0 0 1 8 0 6 5 7 0 5 0 1 3 8 1 5 9 9 5 3 2 1 9 2 5 2 1 2 10 0 5 8 4 6 6 3 10 2 2 7 4 4 0 0 0 0 6 5 6 8 3 9 7 7 10 7 2 5 10 7 8 2 3 2 6 9 2 5 8 10 7 4 2 4 0 3 0 6 8 6 8 9 2 6 3 2 9 8 1 2 9 10 5 4 9 1 2 9 7 6 7 6 3 8 5 3 7 2 0 1 5 6 7 9 4 6 1 2 3 5 1 6 4 8 8 7 9 5 4 2 5 5 6 8 7 7 4 1 6 5 0 7 7 5 6 1 9 0 1 9 2 5 9 7 0 3 0 0 9 5 6 7 4 7 4 9 1 0 9 8 10 7 3 2 9 4 8 0 9 7 3 1 8 3 7 4 9 2 10 6 9 5 6 7 8 6 9 2 2 2 8 9 3 2 3 8 7 8 5 7 1 7 3 1 9 4 2 3 3 6 3 2 2 9 6 10 4 5 2 10 7 10 6 7 3 9 4 8 1 0 6 9 6 10 1 10 2 3 4 2 4 7 6 6 9 4 0 2 3 1 1 8 10 10 0 7 10 1 8 1 9 10 6 3 2 4 10 4 3 9 8 7 9 7 5 1 0 5 5 1 8 1 6 0 8 5 4 9 3 3 3 3 0 3 9 5 6 7 9 9 1 9 2 9 7 1 5 1 7 3 2 7 1 2 1 9 10 4 9 2 5 10 7 6 7 4 5 1 1 6 1 8 0 1 6 3 7 10 2 0 10 4 10 0 8 4 10 10 7 5 5 5 6 0 4 0 0 5 8 1 1 0 2 3 9 6 7 5 10 9 10 1 8 8 7 8 6 6 5 3 8 4 0 7 7 4 8 3 5 7 6 2 4 7 10 10 4 5 7 0 9 1 2 4 3 7 1 10 9 3 3 1 5 3 6 1 6 10 1 1 4 1 9 0 10 2 3 3 0 0 0 2 5 6 0 10 2 9 7 2 4 0 6 1 1 8 6 7 9 7 3 7 1 10 5 10 10 8 4 9 2 7 2 0 1 3 8 8 1 3 4 5 10 2 7 6 1 9 6 8 9 0 4 8 3 7 2 1 1 2 3 9 10 5 8 6 5 5 1 1 3 6 9 0 7 8 6 5 4 9 2 10 6 7 6 10 0 10 0 6 4 3 2 5 1 6 4 7 6 0 4 7 9 6 7 4 9 5 2 9 4 10 0 4 3 10 8 1 7 2 6 1 0 1 0 3 1 2 0 1 3 3 6 9 4 8 6 1 5 7 10 4 0 5 8 10 6 6 1 2 4 7 6 6 8 2 5 3 4 1 10 6 4 8 7 6 7 6 10 5 1 9 1 0 7 7 10 4 8 8 7 9 3 5 10 2 8 4 6 10 4 8 10 3 4 5 9 10 1 10 5 6 9 9 0 8 1 5 8 0 3 0 10 3 4 10 3 7 4 9 0 3 9 5 6 8 5 3 5 6 0 3 0 7 10 7 0 5 1 6 3 6 2 10 7 3 4 2 6 4 8 6 8 0 9 10 5 6 10 10 5 7 5 1 6 8 2 5 2 1 2 10 5 10 4 8 8 4 3 6 10 0 7 9 5 5 2 7 2 7 10 2 4 10 0 2 0 9 1 6 2 7 0 5 2 6 10 0 2 4 4 0 1 0 5 0 2 10 2 0 2 10 9 0 7 4 0 3 8 9 2 8 0 8 0 0 1 10 4 4 1 5 3 6 2 8 4 1 6 9 6 5 6 1 6 10 5 10 0 9 1 10 3 5 1 6 6 8 0 8 2 0 9 3 4 0 9 0 9 6 10 5 8 0 7 4 4 5 6 5 9 0 4 7 8 4 7 3 2 9 6 5 6 0 0 2 10 0 3 9 8 4 10 10 7 5 1 0 3 0 8 3 5 4 8 8 9 3 2 0 5 8 9 0 3 4 7 3 3 9 9 10 3 3 7 6 2 0 7 9 2 7 1 3 6 2 5 2 5 2 9 7 3 9 9 2 0 10 5 10 4 0 10 8 0 10 10 0 8 1 4 8 0 9 3 8 9 7 8 2 7 7 3 8 8 7 4 7 4 10 8 5 0 8 2 10 6 8 7 1 4 4 5 10 4 3 6 1 4 5 2 0 10 4 9 7 2 5 6 8 2 2 4 1 6 6 8 1 9 1 3 8 2 0 3 7 3 4 9 7 10 7 9 2 0 8 2 7 6 4 9 7 7 1 1 4 10 0 4 3 2 0 7 5 9 10 2 9 5 9 0 1 4 5 10 8 2 4 0 10 2 3 6 7 6 7 9 6 1 0 9 5 10 0 7 8 8 1 6 9 6 4 10 2 0 7 10 7 1 7 0 9 7 4 2 7 7 3 6 7 7 3 7 5 0 3 7 0 8 8 4 10 2 7 0 9 5 2 2 9 3 2 8 7 5 5 2 7 4 0 0 7 6 3 0 1 10 6 3 2 9 2 1 7 2 9 0 0 9 1 3 9 5 7 3 5 2 5 6 4 2 5 8 10 9 9 10 9 1 4 1 2 5 6 1 6 1 6 3 5 2 3 4 10 4 8 1 9 10 4 5 3 3 3 6 9 2 2 6 2 4 1 6 3 3 10 4 3 9 8 2 5 5 3 10 9 10 8 10 6 1 8 3 7 10 5 5 3 4 6 10 9 5 9 3 7 10 4 4 5 9 1 0 4 3 7 2 7 2 10 8 3 9 2 8 6 4 2 10 9 10 10 1 1 3 0 3 8 1 4 8 2 2 0 7 8 4 9 5 6 1 6 8 4 0 8 2 4 3 2 4 9 6 5 3 9 0 10 2 10 6 1 10 2 8 7 8 2 6 4 3 0 6 6 2 4 1 10 8 10 9 7 10 6 1 10 4 10 10 2 5 9 6 1 3 10 4 3 5 0 6 1 8 9 5 4 4 2 4 4 4 0 10 2 10 8 0 2 6 3 10 1 8 1 0 8 4 3 3 5 0 3 2 3 1 10 3 1 8 1 10 3 10 8 6 0 4 3 6 0 8 9 7 4 8 4 10 10 1 6 3 2 4 3 0 0 7 7 4 6 5 5 9 6 7 10 0 10 10 7 7 9 5 10 1 8 4 1 1 6 8 8 0 3 6 3 4 5 6 4 8 3 10 4 1 0 9 2 2 9 5 3 10 4 7 3 7 10 8 1 8 4 6 8 10 4 6 1 7 6 8 7 6 10 6 2 0 9 0 0 3 9 2 7 2 0 8 1 10 10 1 6 0 10 7 4 8 8 3 0 1 0 5 2 4 2 7 4 8 7 4 3 7 5 5 5 7 6 10 4 9 2 6 1 2 7 3 4 10 10 9 6 2 10 6 7 6 8 6 2 1 6 10 10 8
