2000 1999
1082 4 1 3 4 6
570 3 0 5 6
636 5 0 1 2 5 7
161 6 0 1 2 5 6 9
1993 3 3 5 8
102 3 5 8 10
850 7 0 2 5 6 7 8 9
1478 3 1 2 9
1857 5 0 2 3 5 9
486 6 1 2 3 4 7 8
713 2 0 4
1423 3 4 8 9
423 4 1 2 4 9
1785 4 1 3 6 10
566 2 6 9
1836 5 3 4 6 7 8
579 5 4 5 6 7 9
1537 5 1 3 6 8 10
227 7 0 1 3 4 6 9 10
1733 4 5 7 9 10
1240 2 4 5
794 2 0 5
1213 4 2 3 7 9
1061 5 3 4 7 9 10
1980 4 1 2 3 5
58 3 0 4 10
634 3 5 6 9
1157 7 1 2 3 4 5 7 8
232 8 1 3 4 5 7 8 9 10
481 4 0 1 3 10
1642 5 0 1 2 3 8
1731 6 1 2 3 5 6 7
845 3 5 7 10
1241 4 1 6 7 9
1785 3 7 9 10
314 2 6 7
661 4 5 7 8 10
551 3 1 6 8
552 3 1 3 4
87 5 2 3 4 5 8
79 6 2 3 4 5 8 10
1980 3 0 2 6
1825 3 0 3 9
1252 2 0 4
1911 4 2 4 5 10
489 4 2 6 7 9
703 3 2 6 9
1524 4 3 4 8 10
10 7 1 4 6 7 8 9 10
1692 3 0 2 4
590 5 2 5 6 7 10
986 3 2 4 7
1865 4 1 4 9 10
540 2 0 3
371 3 4 6 8
442 6 0 1 3 7 9 10
135 3 0 3 10
909 4 1 2 7 10
1269 4 1 2 3 8
1773 4 2 3 5 7
1090 4 4 8 9 10
456 1 9
1609 2 1 3
473 2 2 3
73 2 4 6
631 5 2 3 7 8 10
422 4 0 2 6 8
752 2 4 7
805 6 1 2 6 7 9 10
398 6 2 3 6 7 8 10
836 2 7 8
1940 2 2 4
672 3 4 5 10
1877 2 3 9
1148 3 3 5 10
1131 3 1 3 10
1269 7 0 1 2 5 6 9 10
1096 1 9
1875 4 1 5 7 9
1270 3 7 8 9
1078 9 0 1 2 3 4 6 7 9 10
159 2 4 7
975 3 1 5 8
1886 8 0 2 3 5 6 7 8 9
1493 3 3 6 9
1561 3 0 5 10
1130 6 2 4 5 8 9 10
942 2 0 10
1790 6 2 3 4 5 6 9
799 4 1 2 4 7
1707 4 0 2 3 7
58 7 1 2 3 4 6 7 9
196 6 1 2 3 4 5 8
1150 3 3 9 10
909 5 2 5 6 8 9
951 1 0
415 3 1 2 5
503 4 1 5 7 9
1350 5 0 2 3 5 9
269 5 4 6 7 8 9
1345 1 3
1628 3 3 4 5
1797 5 3 4 6 8 10
261 5 0 2 3 9 10
192 1 1
1 4 0 5 7 10
543 5 1 3 5 8 10
1974 4 0 1 2 8
1302 9 0 2 3 4 5 6 8 9 10
365 4 0 2 4 9
1620 6 0 4 6 7 9 10
433 3 3 8 9
1724 4 2 5 9 10
993 2 6 9
1934 5 0 2 3 8 10
349 3 3 6 7
1980 5 0 2 4 8 10
1128 5 0 2 4 5 10
590 4 2 4 6 10
1086 3 4 7 10
1828 9 1 2 3 5 6 7 8 9 10
708 4 0 4 8 9
156 5 2 4 6 8 10
738 8 0 1 2 4 6 7 8 9
1016 2 0 1
258 5 0 1 7 8 10
708 4 0 3 7 10
297 4 4 6 7 10
1646 1 6
392 4 2 8 9 10
1765 9 0 2 3 4 5 6 8 9 10
656 4 0 2 7 9
1240 1 10
520 4 1 2 6 8
127 5 0 1 2 8 10
612 5 0 1 5 7 9
804 6 0 1 3 4 8 9
648 2 6 9
32 2 4 9
1002 5 1 6 7 8 9
762 6 3 4 6 7 8 9
1886 3 5 9 10
1360 3 2 5 7
652 5 0 1 2 4 9
814 5 2 3 7 8 9
1110 3 6 8 10
1986 5 0 2 6 8 9
1412 1 9
1301 5 0 1 7 8 9
1793 2 7 9
1775 6 0 3 4 5 8 9
1079 7 2 3 4 5 7 9 10
1670 5 0 2 3 9 10
501 5 1 4 5 6 9
1338 5 2 3 4 5 7
33 4 1 2 3 9
130 1 7
156 4 0 3 4 7
1980 4 5 6 8 10
530 9 0 1 2 3 5 6 7 8 9
1403 4 0 1 7 10
848 8 0 1 3 4 5 7 9 10
431 1 4
210 3 1 3 10
1981 4 3 6 8 9
796 4 2 7 9 10
1780 2 0 6
881 5 1 3 4 5 9
202 4 0 1 3 7
881 5 3 5 7 8 9
883 4 0 3 7 8
890 4 2 3 5 7
702 2 4 8
1 4 2 3 5 8
910 3 0 4 7
1965 5 1 2 8 9 10
1864 4 1 6 8 10
159 4 1 3 5 7
430 4 1 4 8 9
1469 4 0 3 5 10
1333 4 7 8 9 10
753 1 6
1555 8 1 2 3 5 6 7 8 10
1351 5 0 1 5 6 10
1590 6 0 1 6 7 8 10
33 3 1 3 4
1465 2 0 2
905 4 0 1 5 7
205 3 1 7 9
1974 4 0 4 6 10
1966 2 4 10
1770 3 4 7 9
968 3 0 3 8
1891 6 2 3 5 7 9 10
1635 6 0 1 2 6 7 9
1724 3 0 2 10
848 5 1 2 6 7 9
501 2 3 10
1565 4 0 1 3 5
1397 5 0 3 4 5 6
1173 2 5 6
841 2 2 5
732 7 2 3 5 6 7 9 10
983 4 1 2 3 4
1083 2 7 8
392 3 4 5 10
1329 6 3 5 6 7 8 10
1797 7 0 1 2 5 6 9 10
1981 1 1
1653 4 3 6 7 9
911 2 2 10
984 2 0 3
1979 4 2 3 5 8
12 2 0 3
1547 5 0 2 3 5 9
404 5 1 4 6 7 8
245 4 1 6 7 10
1338 2 7 9
229 6 0 2 5 6 7 10
1539 4 1 2 3 8
1785 6 0 3 4 6 9 10
1760 2 5 8
1355 6 0 1 2 4 5 8
1878 4 0 3 6 10
703 8 0 2 3 4 5 7 9 10
552 6 1 4 5 7 8 10
25 4 2 6 7 10
704 5 3 4 5 6 9
1666 6 0 1 2 3 4 8
1161 4 2 4 6 8
1972 4 2 7 9 10
829 6 2 3 5 6 7 10
159 3 1 5 6
396 3 1 5 6
586 3 1 2 4
249 1 0
1697 4 1 5 8 9
1342 2 0 4
828 2 0 4
53 4 2 4 7 8
110 1 4
452 3 0 8 9
1756 2 1 9
1663 2 0 3
861 4 0 1 2 8
1168 5 0 3 5 9 10
1827 3 3 6 10
1881 5 0 1 4 5 8
1971 5 3 6 7 8 9
1891 4 0 1 4 9
1929 6 1 3 4 5 9 10
436 1 9
883 4 0 3 5 7
83 5 1 2 5 6 9
1287 2 4 8
581 2 0 2
405 2 4 9
186 5 1 2 7 9 10
995 2 0 3
787 4 2 3 9 10
33 5 0 6 7 8 10
1547 4 0 5 6 9
127 5 1 3 6 8 10
1293 4 6 7 9 10
1805 5 0 4 5 7 8
537 5 1 3 6 7 8
311 4 0 1 3 4
1963 7 0 1 3 4 6 7 8
387 4 3 6 7 8
202 3 2 5 8
519 1 6
1462 4 1 2 3 10
1083 6 0 1 2 3 9 10
1311 4 0 2 6 8
1635 3 5 7 9
1503 4 1 2 9 10
117 5 1 3 4 5 9
1942 2 1 6
330 8 1 2 3 5 6 7 9 10
1896 4 0 2 6 7
1701 3 1 8 10
898 3 1 7 10
126 2 1 8
1327 5 2 4 6 8 9
369 2 0 8
196 4 1 2 6 9
1590 3 0 3 7
473 4 2 3 5 10
1745 6 0 1 6 7 8 9
1705 2 0 1
1040 5 0 3 5 7 9
1142 2 4 8
1379 2 5 9
626 4 1 5 6 10
194 3 1 2 8
1625 8 1 2 3 4 5 7 8 9
1506 5 1 3 5 7 10
230 5 2 3 4 8 9
333 6 1 4 5 7 9 10
1485 6 0 3 4 5 6 8
1082 4 2 7 8 10
1267 3 5 8 9
828 3 1 3 9
687 4 1 4 7 8
1635 5 0 1 6 7 10
1907 6 1 2 3 4 5 6
1516 8 0 2 4 5 6 7 8 9
1900 2 3 8
1128 2 0 8
1366 2 0 3
1663 5 2 3 6 7 10
1140 2 7 10
275 5 0 3 5 6 8
163 9 0 1 2 3 4 6 8 9 10
657 6 0 1 2 3 7 8
1890 2 7 10
755 5 0 1 3 5 10
500 5 2 3 6 9 10
744 4 4 6 8 9
314 8 1 2 3 5 7 8 9 10
968 4 0 1 3 8
1224 3 6 9 10
1726 5 1 2 4 6 8
140 2 3 8
103 5 2 3 4 7 10
1852 5 0 3 4 7 9
1625 3 1 8 9
4 5 0 1 3 7 10
1139 5 0 3 6 9 10
1435 3 2 3 9
1507 3 0 5 10
984 4 3 7 8 10
1838 1 10
1262 3 0 5 9
1563 2 1 5
553 5 1 5 6 8 10
148 11 0 1 2 3 4 5 6 7 8 9 10
935 5 2 5 7 9 10
851 4 0 3 4 7
687 3 5 6 10
753 6 0 1 4 6 7 10
989 9 0 1 2 3 4 6 7 9 10
463 5 4 5 6 7 10
594 4 1 7 8 10
1686 3 4 6 9
1093 5 1 2 3 5 7
102 4 1 3 5 10
10 2 0 3
269 3 1 5 7
98 7 0 1 2 6 7 9 10
916 9 0 1 2 3 4 5 6 9 10
906 1 4
488 2 5 7
1066 3 2 9 10
1987 6 1 2 4 7 8 9
158 3 0 1 6
1865 4 5 6 8 9
98 6 0 1 2 5 9 10
33 4 0 4 6 10
457 3 0 1 10
31 6 1 2 4 5 7 8
1195 5 1 2 7 9 10
123 6 0 1 4 7 9 10
1560 2 6 10
601 3 4 5 6
125 4 2 6 7 10
111 5 0 4 5 7 8
1864 5 1 2 3 7 9
249 3 0 9 10
1290 3 1 7 8
235 8 1 2 3 4 5 6 7 8
276 2 7 8
470 4 1 4 5 8
1625 3 6 9 10
1443 5 1 3 5 6 10
190 2 3 9
909 5 2 7 8 9 10
1789 6 1 2 3 4 9 10
739 3 2 5 8
1774 4 3 5 7 10
1058 2 1 9
513 4 0 5 6 8
1175 4 1 3 4 10
847 5 1 3 4 6 8
1338 5 0 1 4 6 9
1117 10 0 1 2 3 4 5 6 7 8 10
1016 3 6 7 9
1906 2 0 5
413 5 0 1 5 6 7
55 2 0 4
1513 2 3 4
957 2 3 4
486 7 0 1 2 3 5 6 9
275 1 0
401 2 2 9
703 3 6 8 10
1943 8 1 2 3 4 5 6 7 10
739 2 3 6
403 4 1 3 7 9
1632 5 0 1 5 6 10
1632 5 0 2 4 6 9
187 2 2 7
1924 2 2 6
1656 2 0 6
79 3 3 4 10
1471 5 1 3 7 8 9
1456 5 4 5 6 8 10
1203 4 0 4 6 8
1176 3 6 8 9
11 4 4 5 7 10
763 1 0
1904 2 2 3
142 2 3 7
1636 5 0 2 4 7 8
1221 4 1 2 4 9
1161 6 0 2 4 5 7 9
845 6 1 4 5 6 7 9
1313 5 0 1 6 7 10
109 5 2 4 8 9 10
615 6 4 5 6 7 8 9
1991 3 0 4 10
1782 6 0 5 6 8 9 10
391 3 0 1 7
1889 2 6 8
1986 3 0 2 5
1093 3 1 8 9
1153 3 0 2 6
703 6 0 1 3 4 5 7
753 1 2
97 4 4 6 7 10
556 3 1 3 9
1242 2 3 9
1896 2 8 10
799 8 0 2 3 4 5 6 9 10
1759 4 2 5 7 10
606 3 3 5 7
602 4 1 5 6 9
1070 2 0 3
598 5 0 5 8 9 10
1866 3 1 4 9
845 8 0 1 2 3 6 8 9 10
269 8 0 1 4 5 6 8 9 10
624 2 6 8
1350 4 0 4 6 8
1513 3 4 7 10
1748 6 2 4 5 6 9 10
698 3 5 6 9
142 4 5 6 8 10
835 2 5 10
1932 1 6
135 5 3 4 5 6 8
813 4 1 2 4 10
556 4 1 3 9 10
787 4 2 3 6 8
306 6 3 4 5 6 7 10
493 3 0 1 4
476 4 1 3 6 8
1690 3 2 5 10
1966 3 1 3 6
999 7 0 3 4 7 8 9 10
845 4 0 1 4 7
1384 4 0 5 8 10
1646 3 0 5 8
1074 2 1 10
992 7 0 1 2 3 4 5 6
135 4 5 7 8 9
776 5 0 2 5 8 10
520 5 0 1 7 8 10
1374 6 0 1 2 5 7 9
1778 5 1 6 7 9 10
1430 4 0 2 4 7
1853 2 2 6
486 6 0 1 2 5 8 9
1687 3 0 4 5
1692 4 4 5 6 10
466 7 0 1 2 4 5 6 8
957 2 9 10
186 2 1 6
228 5 0 1 2 8 10
589 4 1 2 9 10
1168 4 1 5 7 8
1835 4 0 5 7 8
1420 2 3 5
760 4 0 3 4 8
1700 3 5 6 10
1168 5 0 1 6 7 8
1638 3 2 3 8
827 4 0 1 2 5
478 4 2 4 5 7
782 3 6 8 10
1875 1 5
1307 5 0 1 3 4 5
1724 4 0 3 4 7
126 5 2 4 6 8 10
1244 7 0 1 2 4 8 9 10
1127 5 1 5 6 7 8
796 2 7 10
369 4 0 1 7 8
521 3 3 4 5
54 3 1 5 6
552 3 1 3 10
1117 3 2 3 9
1812 4 2 4 6 8
113 4 3 5 9 10
1790 6 0 3 4 5 7 8
405 4 4 6 8 9
388 6 2 4 5 6 7 9
1154 4 1 4 6 9
123 3 5 7 8
952 6 0 3 4 6 8 9
1767 4 2 4 6 7
654 4 3 4 8 9
1082 4 0 3 6 7
1504 6 0 1 6 7 8 10
528 3 1 2 3
1952 2 0 9
1809 2 9 10
894 7 0 2 4 5 6 9 10
249 4 3 4 7 9
1173 5 2 3 5 6 8
207 5 0 2 3 4 8
1930 3 2 9 10
1513 2 1 6
488 3 3 4 6
223 3 1 4 6
1221 4 1 6 7 8
1630 3 5 6 7
1324 2 0 7
1137 6 4 5 7 8 9 10
272 4 1 2 5 7
310 3 1 7 9
1063 3 1 4 10
1230 6 0 1 2 3 5 7
1416 3 0 6 8
657 4 1 3 4 7
1243 4 5 6 8 9
173 3 3 8 9
1651 2 4 9
1749 5 3 6 7 8 9
860 5 2 3 5 6 8
1586 5 1 2 6 9 10
1420 3 3 7 10
1777 2 5 10
1746 4 3 5 8 9
1033 2 4 9
953 3 2 9 10
105 6 1 2 5 8 9 10
201 8 0 1 3 6 7 8 9 10
1204 4 0 1 6 7
1909 8 0 2 5 6 7 8 9 10
1016 3 0 3 6
1674 2 0 6
1353 6 0 2 7 8 9 10
1565 2 1 9
325 4 1 6 9 10
911 4 3 5 6 10
157 7 0 2 3 5 6 7 9
1662 5 3 4 6 8 9
1702 4 0 2 6 8
1475 2 1 5
142 2 0 1
692 8 1 2 3 4 7 8 9 10
1116 8 0 1 3 4 5 8 9 10
1166 4 1 4 7 8
908 6 0 4 5 7 9 10
668 5 2 3 7 8 10
219 4 0 5 8 10
1815 4 2 3 6 10
581 7 0 2 3 4 5 8 9
779 5 0 1 7 8 9
1289 3 2 6 9
420 3 2 3 5
1600 8 0 1 3 4 5 6 8 10
879 4 1 2 4 6
924 3 1 6 10
1054 2 3 9
1504 8 2 3 4 6 7 8 9 10
1627 1 6
484 6 0 3 5 7 9 10
662 3 0 6 8
1002 5 0 1 2 3 10
1504 7 0 2 3 6 7 9 10
962 6 0 1 4 5 7 8
1975 5 0 2 4 6 8
1597 7 1 3 4 6 7 8 10
1237 1 10
413 4 2 4 5 7
1705 3 0 4 10
219 4 1 4 8 10
845 3 0 2 9
881 5 1 2 3 6 10
137 3 2 4 7
1618 4 1 3 8 10
876 4 3 4 7 9
501 2 5 10
1996 4 4 6 7 8
235 3 4 5 9
1988 7 0 4 5 7 8 9 10
791 5 3 6 7 9 10
703 3 0 4 8
1838 3 2 3 7
1748 7 1 3 6 7 8 9 10
411 2 6 9
1899 2 6 9
710 2 4 8
1628 3 1 6 7
1217 2 0 6
701 3 3 4 9
1568 2 6 10
223 3 0 2 9
1968 2 4 6
985 7 0 1 2 5 6 7 10
1980 6 0 1 7 8 9 10
1586 6 0 1 5 6 9 10
387 6 1 2 3 4 5 9
473 4 2 4 9 10
218 2 1 10
1018 4 1 4 5 8
1188 5 1 5 6 7 10
1252 6 0 1 5 7 8 9
1778 2 0 5
1547 2 0 8
590 2 2 10
951 1 4
708 4 0 1 6 8
100 5 2 3 5 7 9
552 3 3 6 7
1587 7 0 1 2 3 6 7 9
316 3 1 6 8
1665 1 9
1911 7 0 1 2 3 4 8 9
193 5 0 1 2 7 8
910 4 3 5 6 7
1790 4 1 2 7 9
1690 3 0 2 10
778 6 0 1 5 6 7 9
943 5 0 1 3 7 9
1934 3 0 2 7
1733 4 0 1 8 10
117 4 2 6 9 10
343 2 1 7
1255 8 0 2 3 5 6 7 9 10
426 8 0 1 2 4 7 8 9 10
561 2 6 7
1597 5 3 4 7 8 10
1796 6 1 2 5 6 7 10
1786 3 5 7 10
303 5 0 1 2 4 7
1368 6 0 2 4 7 9 10
1295 5 1 2 8 9 10
1240 3 1 4 7
720 2 0 4
1872 8 0 1 2 4 6 7 8 10
1980 4 1 2 4 7
1641 4 5 7 9 10
1117 5 5 6 7 9 10
1641 2 5 10
1191 6 0 1 2 6 8 10
456 4 2 4 7 10
433 5 0 2 4 7 8
528 3 2 4 9
119 9 0 1 3 4 5 6 7 8 10
269 8 0 1 3 4 5 8 9 10
1338 2 3 5
786 2 1 4
865 5 0 1 2 8 9
12 4 4 6 7 9
119 3 3 4 10
1700 2 2 6
46 5 2 3 5 7 9
208 4 4 6 7 10
422 4 0 1 2 3
495 3 0 5 8
324 7 0 1 2 3 4 5 7
1928 7 1 2 3 4 7 8 9
1502 3 1 3 10
1670 3 2 5 6
110 2 3 8
1886 3 2 8 10
1773 4 0 2 9 10
845 6 0 1 4 5 6 8
754 3 1 3 5
673 9 0 1 3 5 6 7 8 9 10
603 6 1 2 3 4 9 10
576 6 1 4 5 6 7 10
1483 3 0 5 10
1204 7 0 3 4 5 6 8 9
3 4 1 7 9 10
1709 5 0 1 2 5 8
1778 7 0 1 3 4 5 6 10
636 3 3 4 5
1291 3 2 3 7
1777 4 0 2 8 10
1423 4 5 7 9 10
1815 4 5 6 8 9
910 5 0 1 3 4 5
556 3 2 8 9
1836 5 1 3 4 5 7
757 3 5 9 10
990 4 0 1 6 9
560 4 2 5 6 7
1786 3 0 6 8
1016 5 0 2 4 8 9
1986 3 1 3 7
58 1 6
373 5 0 4 5 6 9
780 7 0 1 2 3 5 7 8
1237 3 2 3 9
1640 3 1 6 9
765 4 0 1 3 5
829 1 0
1649 7 2 3 5 6 7 8 9
1315 2 4 8
1622 5 1 2 4 9 10
1386 3 1 3 7
11 1 8
1614 5 0 1 2 6 8
1066 4 2 4 5 6
1290 6 0 4 5 7 8 10
1674 3 1 7 9
1838 5 3 5 6 9 10
191 2 5 8
867 3 5 6 10
1949 5 1 4 6 7 9
1049 3 1 6 9
1433 5 1 4 8 9 10
324 2 1 2
63 2 4 6
1111 6 0 1 2 5 6 9
1302 8 0 1 2 3 4 5 7 8
575 2 5 7
1451 5 1 3 5 6 9
1461 5 0 3 6 8 10
1379 5 0 2 5 6 9
1017 4 1 2 3 7
1125 5 0 3 7 8 9
364 1 8
196 7 0 4 5 7 8 9 10
1537 9 0 1 3 4 5 7 8 9 10
1606 2 0 6
1901 4 4 5 7 9
1884 4 3 5 7 9
1317 3 0 5 7
602 4 0 2 3 4
445 3 6 7 9
266 4 0 3 4 7
1750 2 2 8
1519 4 0 1 4 8
1550 2 1 7
1369 5 1 4 7 8 9
226 8 0 1 2 3 5 8 9 10
494 4 3 5 6 7
1076 2 3 6
208 4 2 5 7 10
1692 6 1 2 6 7 9 10
235 5 0 1 2 3 6
1955 2 4 9
1200 8 0 2 3 4 7 8 9 10
1763 6 0 1 4 6 8 9
1221 5 0 2 4 6 10
664 8 0 2 3 5 6 7 8 10
1297 4 5 6 7 10
702 5 0 3 5 8 10
521 3 1 6 7
1587 5 2 3 5 8 10
113 8 0 1 2 3 5 6 7 10
185 5 0 2 5 8 10
1868 4 1 2 7 8
1863 6 0 2 4 6 8 9
854 2 0 9
122 5 0 4 5 7 8
1956 5 1 6 7 8 10
1122 2 1 8
1631 2 8 9
71 1 6
1617 2 5 7
89 8 1 2 4 5 6 7 8 9
1140 3 0 5 10
1614 7 0 1 2 3 5 7 10
489 6 0 2 5 6 7 9
114 5 1 5 6 7 9
456 4 0 2 4 9
303 3 0 7 9
1338 4 2 3 6 10
996 2 0 10
450 8 0 1 2 3 4 5 6 8
1878 7 0 2 4 6 7 9 10
424 5 0 5 6 9 10
1669 5 1 6 8 9 10
352 7 0 1 2 3 4 7 8
666 2 3 6
1635 2 1 4
137 5 1 2 5 8 10
953 2 3 6
542 5 0 3 6 7 8
51 6 0 1 4 5 7 9
371 2 1 4
778 5 0 3 4 5 8
861 3 3 4 8
672 5 3 5 6 8 9
477 3 5 6 7
1276 3 3 4 5
1179 5 2 4 5 8 10
161 2 0 7
99 3 1 6 7
817 1 9
1426 3 3 6 9
500 9 0 1 2 3 5 6 8 9 10
1602 5 1 4 5 6 9
758 5 4 6 7 9 10
1926 3 0 7 9
671 2 0 1
985 3 2 6 8
998 5 0 3 4 5 7
222 4 1 3 5 9
316 6 2 5 6 7 9 10
1744 4 1 2 7 10
47 5 2 5 6 7 9
1905 1 3
1755 5 0 1 4 6 7
1872 2 7 10
1594 3 0 4 9
1688 5 1 6 7 8 9
1337 1 4
863 2 6 9
401 2 5 8
106 3 4 6 7
1262 3 4 5 7
996 5 0 1 2 3 10
19 3 1 2 10
1710 4 3 6 8 9
845 6 1 2 3 4 9 10
1068 3 1 4 8
1335 4 2 6 8 9
1701 5 1 4 7 8 9
200 6 3 4 5 7 8 9
830 4 2 6 7 8
718 4 3 5 7 10
1836 4 1 2 3 10
1541 1 10
493 6 3 5 6 7 8 10
203 3 4 8 9
69 3 0 4 10
1040 6 0 1 4 8 9 10
613 5 1 5 7 9 10
1539 4 0 2 6 7
1 2 2 10
1884 2 2 5
941 2 1 2
478 5 0 1 3 5 6
446 5 2 6 7 9 10
902 4 1 6 7 8
142 2 3 9
493 3 2 6 7
76 4 1 2 5 7
1423 4 2 5 6 8
1797 7 0 2 3 4 5 6 7
1678 4 3 8 9 10
1715 2 0 4
1971 3 1 5 6
1 4 4 6 9 10
657 4 4 5 7 10
1040 2 4 5
636 3 2 7 8
1986 2 5 10
720 2 2 9
1788 3 3 4 9
1595 5 0 1 3 7 9
829 4 6 7 8 10
1327 5 1 2 5 7 10
542 3 4 6 8
1939 3 0 5 10
403 4 3 5 6 10
786 3 1 2 7
1379 5 0 1 6 7 10
827 2 3 10
111 3 1 2 8
634 6 0 2 3 6 7 8
1076 3 1 2 9
1352 3 1 4 7
1581 1 9
1106 5 0 2 6 7 8
78 5 2 3 5 6 9
1797 3 2 5 9
1929 5 0 3 6 7 9
1449 5 3 5 7 9 10
430 3 0 1 8
911 3 1 2 7
1156 5 1 4 7 8 9
1194 2 6 9
359 6 0 2 3 4 9 10
1294 5 1 5 6 7 9
533 3 1 3 9
212 3 7 8 10
1852 6 3 4 5 6 9 10
1442 8 0 1 2 3 4 5 6 7
1053 5 4 7 8 9 10
103 4 4 7 8 10
1318 3 5 6 9
1338 5 0 1 2 7 9
1017 2 3 10
909 4 0 2 3 7
672 6 2 3 4 5 8 10
283 3 2 7 9
1689 7 0 2 3 4 5 6 8
1597 1 8
57 3 0 3 8
1709 5 0 1 3 5 6
1857 2 1 8
288 3 3 4 8
196 5 0 1 2 7 9
1850 4 4 6 7 8
1454 3 0 1 6
1211 2 6 7
325 1 1
911 2 6 10
401 5 0 1 7 8 10
417 3 0 4 6
1878 1 3
953 6 0 1 2 4 5 6
140 8 0 2 5 6 7 8 9 10
1663 5 0 2 4 5 6
1454 5 0 2 6 8 10
1125 5 0 4 5 7 10
1872 3 2 5 9
1782 2 3 4
1252 6 1 4 5 6 9 10
1998 2 2 6
833 5 0 1 3 4 9
1416 7 0 1 4 6 7 8 10
1167 6 0 1 2 3 4 5
295 2 4 10
1817 3 0 4 10
1989 6 0 2 5 8 9 10
586 3 2 8 9
1506 3 2 6 7
1010 5 1 4 5 6 10
523 5 0 2 5 7 10
1860 3 3 5 10
1089 5 1 2 3 4 9
1464 4 0 6 8 10
1230 2 7 10
1214 4 0 4 5 8
822 2 1 5
910 5 0 2 4 6 10
1020 4 2 3 5 10
1949 5 0 2 3 7 9
1146 4 4 5 7 10
1903 7 1 2 4 7 8 9 10
1838 5 3 5 6 9 10
1875 4 0 6 7 9
1809 2 3 7
99 6 0 2 7 8 9 10
732 6 1 2 3 4 6 7
1125 1 3
861 4 4 6 8 9
1786 3 1 2 6
1352 5 0 2 6 8 10
981 4 2 7 8 10
1114 5 0 2 4 8 10
1456 4 0 3 4 7
617 2 3 6
778 4 0 3 5 7
1156 4 3 4 5 8
850 4 0 3 6 7
1757 5 1 3 4 7 9
404 4 0 1 4 8
1082 4 0 1 5 7
99 5 1 2 3 7 10
876 6 0 1 4 6 7 10
919 4 3 5 7 8
502 7 2 3 4 7 8 9 10
764 5 0 3 7 8 10
1188 5 0 1 5 8 9
1445 4 3 4 6 9
223 3 0 6 9
1445 5 0 6 8 9 10
495 4 2 6 7 8
1681 4 2 4 5 9
1475 4 2 3 4 7
385 1 2
1096 8 0 1 2 4 5 6 8 9
778 4 1 2 4 10
1209 7 0 2 3 4 5 6 9
25 3 3 6 9
1281 3 1 6 9
1633 3 2 4 5
1059 3 1 2 8
957 4 0 7 8 9
76 5 0 2 4 8 9
799 3 2 5 8
304 6 0 1 3 5 9 10
1791 4 1 4 6 9
864 3 2 4 5
1103 5 1 5 6 8 10
1882 4 4 5 8 10
525 4 0 2 3 4
1237 6 0 4 5 6 8 9
1109 4 1 3 4 5
229 6 1 2 4 5 7 10
1770 3 2 4 6
207 2 1 6
923 6 2 3 5 6 8 10
1000 4 2 3 6 7
1770 2 2 3
369 5 1 3 4 6 10
1435 8 0 1 2 4 6 7 8 10
1262 1 5
1371 3 2 9 10
1703 3 2 5 8
517 2 5 9
1917 1 2
205 7 1 2 3 4 6 8 9
1697 11 0 1 2 3 4 5 6 7 8 9 10
1975 5 0 2 4 8 10
200 6 0 1 4 6 7 10
1262 4 5 6 8 10
1209 8 1 2 3 4 6 8 9 10
103 8 0 1 2 3 4 6 7 9
786 5 2 3 6 8 9
718 3 0 3 7
777 2 4 9
1408 3 4 6 7
1886 3 2 4 10
258 6 0 1 5 6 7 9
129 4 1 4 5 10
1002 5 0 2 3 6 10
1008 4 2 5 8 9
321 6 0 2 4 5 8 10
367 3 2 8 10
727 5 0 2 5 7 8
1638 6 0 1 4 5 7 10
208 7 2 3 4 5 7 9 10
1623 5 0 1 5 6 7
1641 3 0 2 5
613 5 0 2 7 8 9
1638 8 1 2 5 6 7 8 9 10
196 7 0 1 3 4 5 8 10
606 1 0
488 5 1 2 5 7 9
435 4 2 7 8 9
66 6 0 1 4 5 6 7
1716 1 4
647 6 0 1 4 5 6 10
240 1 3
1674 5 1 2 3 5 7
1889 4 1 3 7 9
1419 3 3 5 8
173 4 2 4 8 9
1217 3 6 9 10
258 5 3 4 6 8 9
813 3 0 7 10
627 2 6 9
780 6 0 1 3 4 5 8
1179 5 0 3 5 8 9
67 5 0 2 3 4 10
1976 4 0 3 6 8
1749 2 0 1
1269 4 1 7 9 10
1651 4 0 3 6 10
661 3 2 8 10
805 6 0 6 7 8 9 10
1355 2 6 7
1161 2 0 5
463 2 3 4
25 3 0 3 9
375 5 0 4 6 8 10
1409 2 0 5
832 4 0 6 9 10
1967 3 2 4 6
734 3 5 6 8
1140 3 0 7 10
1755 4 3 4 6 10
368 3 5 6 8
127 7 0 2 4 5 6 9 10
273 5 0 3 4 5 9
995 3 2 3 7
1924 4 1 7 9 10
95 3 0 7 8
1068 6 0 1 3 4 5 8
1806 5 1 2 4 9 10
481 3 8 9 10
1980 4 1 3 4 9
1768 3 1 2 6
735 7 0 1 3 5 6 9 10
1172 6 0 2 6 7 8 10
978 7 1 2 3 4 6 8 10
952 2 0 2
1008 1 0
801 3 2 4 9
1623 4 5 6 7 8
1386 3 2 5 8
1618 5 1 4 6 9 10
818 3 1 6 9
106 8 0 1 2 3 4 5 7 10
672 2 1 3
816 3 4 5 8
1168 4 2 4 6 8
1738 5 2 5 6 8 10
1066 8 0 2 3 4 5 6 7 10
620 7 0 2 3 4 5 6 10
725 3 2 8 10
87 4 5 7 8 10
721 5 1 2 4 5 6
733 6 0 1 5 6 8 9
1884 7 0 1 4 5 8 9 10
1331 2 2 9
266 3 7 8 9
836 4 1 3 5 10
938 4 2 3 5 7
919 5 1 3 4 7 9
1907 4 1 2 3 6
383 5 2 4 6 7 8
1565 5 0 1 5 8 10
172 3 0 4 6
444 5 0 1 5 7 9
401 4 1 2 7 9
1715 2 0 3
75 7 0 2 3 5 6 8 9
1656 4 1 2 4 5
488 3 4 5 6
551 5 1 2 3 6 7
1088 7 1 2 4 5 7 9 10
249 4 0 1 4 8
79 5 0 4 6 8 10
1890 4 3 4 9 10
1027 3 0 2 8
911 1 1
773 2 1 5
1217 5 0 2 7 8 10
1865 5 1 3 6 9 10
718 5 2 3 4 5 8
122 5 0 6 7 8 10
1082 5 1 2 3 8 10
1315 5 0 1 2 9 10
1632 5 0 1 4 7 10
775 6 1 2 4 8 9 10
909 4 1 4 6 10
1219 6 2 5 7 8 9 10
25 5 3 4 5 7 8
503 4 0 1 3 9
1815 4 4 6 7 10
1480 2 1 6
227 7 0 3 5 6 7 8 9
203 4 0 2 3 6
950 4 1 6 7 10
604 3 4 6 8
173 3 1 5 7
1275 3 5 7 10
67 4 0 4 8 10
1527 3 6 7 10
728 6 0 2 3 6 7 8
1233 4 0 1 2 10
102 4 0 2 5 7
1735 1 0
38 5 0 1 4 8 9
1241 11 0 1 2 3 4 5 6 7 8 9 10
697 6 0 1 2 5 7 9
1168 2 1 5
387 3 5 6 8
1087 3 0 7 10
636 2 0 10
1228 4 2 3 5 9
814 5 0 1 3 5 9
979 3 2 5 8
1911 3 0 8 9
1833 3 2 6 9
1980 1 1
368 4 1 2 5 7
1087 3 6 7 8
481 6 1 2 4 5 6 10
1836 4 3 4 5 9
219 3 3 4 5
1088 3 4 8 10
1948 4 2 3 4 10
1065 3 1 4 10
701 6 0 2 5 6 9 10
227 3 1 5 10
159 9 0 1 3 4 5 7 8 9 10
1224 7 1 2 5 6 8 9 10
1902 3 0 6 9
1173 2 1 4
702 4 0 1 5 7
77 3 3 4 6
1679 4 4 5 9 10
21 2 2 6
600 5 2 6 7 9 10
152 1 5
1794 1 9
571 6 2 4 5 7 8 9
1274 2 3 8
517 3 8 9 10
601 2 6 7
117 5 0 1 3 8 10
152 6 0 1 2 7 8 10
561 5 3 4 5 8 10
1943 2 3 10
556 4 0 1 6 7
867 3 3 4 10
93 6 1 2 6 8 9 10
152 5 0 2 7 8 9
1594 3 4 5 10
708 7 1 2 4 6 7 8 9
556 4 0 1 8 9
494 5 3 4 7 9 10
226 4 1 3 5 7
1192 2 0 8
1710 2 0 9
473 3 1 2 3
392 4 1 2 3 10
1661 4 0 2 5 9
1147 3 0 7 10
886 5 2 4 5 6 7
124 5 0 1 2 3 8
1614 3 1 3 10
51 5 2 3 5 6 8
127 4 3 4 6 8
1674 4 2 4 5 8
1058 7 0 1 3 5 7 8 10
1117 4 4 5 7 8
957 4 1 3 5 9
431 4 2 3 5 9
577 4 2 3 4 9
1416 6 1 4 5 7 9 10
60 6 0 2 6 7 8 9
1419 3 1 6 8
695 3 0 7 8
891 6 1 2 3 4 6 10
1397 2 2 8
1929 10 0 1 2 3 5 6 7 8 9 10
1332 1 2
744 3 7 9 10
1198 7 1 4 5 6 7 9 10
301 5 0 2 5 6 8
299 5 2 3 4 8 9
1074 4 0 4 7 9
227 5 0 2 6 7 10
223 3 1 8 9
703 3 0 7 9
634 3 5 6 10
1638 5 1 2 3 5 8
1741 3 1 3 10
950 5 0 1 5 6 8
1117 6 1 3 6 7 8 10
1824 4 3 5 6 8
487 3 4 5 8
100 4 0 6 7 8
142 3 8 9 10
1749 4 6 7 8 9
1027 5 0 1 3 5 6
997 3 5 7 8
481 9 0 1 2 4 5 6 7 9 10
1208 3 2 5 9
1442 6 2 5 6 7 8 10
817 6 1 3 5 7 9 10
1357 2 8 9
1982 3 5 7 9
1760 6 4 6 7 8 9 10
216 10 0 1 2 3 4 5 6 7 9 10
758 4 1 2 6 10
312 5 0 4 5 6 8
1790 2 0 1
1896 2 0 10
615 2 8 9
1980 5 2 5 7 8 10
545 4 0 4 6 8
249 3 4 6 10
917 4 2 4 6 8
1329 5 0 1 8 9 10
1486 6 1 2 3 4 9 10
1809 6 0 1 2 3 5 9
1311 4 1 5 6 8
200 2 7 10
1739 3 3 6 9
387 2 9 10
1666 3 0 5 7
436 5 1 3 5 7 9
1183 6 0 1 2 7 8 10
1993 3 0 6 10
67 5 0 1 4 6 10
1814 6 0 1 4 6 8 10
1159 3 4 8 9
1596 4 5 6 8 10
1234 7 1 2 3 6 8 9 10
367 6 1 4 5 6 7 8
1053 10 0 2 3 4 5 6 7 8 9 10
738 1 8
772 7 1 2 3 4 7 8 10
225 6 1 2 3 7 8 9
929 9 0 1 2 3 5 7 8 9 10
1724 3 0 2 3
520 5 0 1 2 7 8
1420 6 0 2 3 6 8 9
476 6 1 3 4 5 6 8
388 6 0 6 7 8 9 10
1868 4 1 3 8 10
1122 6 0 4 5 7 8 9
1977 5 2 5 7 9 10
884 4 0 4 6 9
1687 5 1 2 7 8 10
146 4 1 3 4 8
227 5 2 3 4 5 6
631 7 0 1 2 3 4 6 9
461 2 0 6
1279 3 4 5 8
1796 2 2 7
1144 2 1 2
1200 4 2 3 9 10
1705 6 0 1 3 4 6 7
1002 5 2 3 6 9 10
814 3 3 6 9
1494 6 1 2 3 6 9 10
934 5 4 5 8 9 10
1879 1 1
1128 6 0 2 5 8 9 10
1355 1 1
1661 2 4 9
1090 6 0 3 4 5 9 10
817 3 0 1 7
1545 3 0 2 5
845 2 2 8
1934 7 0 4 5 6 8 9 10
1360 5 0 2 8 9 10
1692 3 4 5 7
1455 4 0 2 3 4
63 3 1 3 10
702 2 0 7
401 2 6 10
1140 4 0 4 7 8
199 1 7
909 4 3 5 7 8
1614 4 0 1 6 8
316 4 5 6 8 9
622 5 1 3 6 9 10
1108 7 0 2 5 6 7 9 10
1715 6 2 3 5 6 7 8
1867 6 1 3 4 8 9 10
985 6 0 4 5 8 9 10
245 4 0 3 5 9
801 7 0 2 3 6 7 8 9
1828 4 3 4 5 10
53 3 2 3 8
1704 5 1 3 4 8 9
1246 5 2 4 5 6 10
792 3 1 2 6
1941 3 0 8 9
1292 5 0 1 6 8 9
1828 7 0 1 2 5 8 9 10
541 1 1
42 5 2 4 6 8 9
1443 8 1 3 5 6 7 8 9 10
536 3 3 7 8
1244 1 0
1745 6 0 1 2 7 9 10
1329 8 0 1 2 3 4 6 7 9
1674 2 5 7
1085 7 1 4 5 6 7 9 10
1564 2 4 6
388 4 3 6 8 9
856 4 0 1 5 6
440 5 0 1 3 4 9
396 4 0 4 5 7
120 4 5 6 9 10
147 4 5 7 9 10
1347 5 0 1 4 6 8
713 3 0 6 10
149 3 3 7 8
1316 3 1 4 10
340 2 6 8
713 6 1 3 6 7 8 10
692 2 0 8
76 4 5 8 9 10
1833 7 1 2 3 6 7 8 10
1864 6 1 2 3 4 7 9
977 6 2 3 5 7 8 10
1872 4 1 3 7 10
673 3 0 1 8
190 3 2 8 9
786 4 1 2 6 8
776 5 0 1 4 9 10
81 5 1 3 6 7 10
703 4 1 4 5 8
95 4 1 2 6 7
696 4 1 5 9 10
484 5 1 3 6 7 9
240 5 0 1 4 5 10
1136 6 1 2 5 8 9 10
10 5 1 3 6 9 10
1984 3 1 4 7
1063 5 2 3 5 7 8
794 3 0 5 8
1912 3 0 9 10
1338 3 2 9 10
1187 5 0 1 2 3 9
1740 2 2 5
843 4 0 1 3 4
1168 4 0 1 3 10
778 5 1 2 5 8 9
847 5 2 5 6 7 9
1327 1 5
1081 3 1 3 10
1010 2 4 5
359 4 2 4 6 10
799 4 0 4 7 9
1782 4 0 2 4 6
1627 4 2 4 5 9
991 4 5 7 8 10
1733 3 2 3 10
1416 4 2 5 9 10
656 3 2 6 9
1718 5 0 3 4 6 9
1626 2 6 10
601 4 0 1 6 9
804 2 9 10
1806 4 2 6 9 10
1838 2 7 9
1866 4 1 3 8 10
100 2 0 2
654 4 2 5 6 8
744 3 0 2 3
957 4 2 3 8 10
1248 6 2 3 7 8 9 10
703 2 4 5
1213 4 4 7 9 10
1172 4 1 3 4 8
1981 3 1 2 4
1056 3 5 6 9
1032 5 0 7 8 9 10
1773 5 0 6 7 8 9
1744 2 2 10
709 2 6 8
207 2 0 2
1327 3 3 6 9
1840 6 1 2 4 6 9 10
1455 7 2 3 4 5 7 8 9
954 3 4 6 10
1930 1 9
697 3 1 4 10
152 3 2 7 9
1026 6 1 2 4 7 8 10
957 6 3 4 5 6 7 10
1178 4 3 6 9 10
1066 4 1 2 5 8
1221 4 0 2 6 8
273 3 2 5 8
94 4 4 7 8 10
886 4 4 7 9 10
1147 3 0 1 2
1597 7 1 2 3 4 5 6 9
1749 2 3 8
359 5 2 4 7 9 10
1265 3 8 9 10
1426 6 0 1 5 6 9 10
672 6 0 2 3 5 6 8
456 5 1 3 4 5 6
1178 5 2 3 5 6 10
1516 3 1 4 7
1942 7 0 1 2 3 4 6 7
1804 4 3 5 7 8
10 4 2 6 7 10
1966 6 0 3 4 6 7 10
799 5 0 5 8 9 10
1920 4 3 4 6 8
119 6 1 2 5 6 7 8
681 5 5 6 7 9 10
423 3 1 3 10
1845 5 0 1 3 6 9
848 7 0 1 2 3 5 8 9
227 5 3 4 6 9 10
1581 6 0 1 5 6 8 10
1140 4 1 2 3 10
1722 3 0 1 4
493 3 1 4 8
703 3 1 2 9
941 3 2 3 9
701 4 0 2 4 5
1301 2 8 10
585 4 0 2 4 9
1513 2 0 4
207 2 1 2
32 1 5
968 4 1 4 8 9
1608 7 0 3 4 6 7 9 10
524 2 8 10
1224 4 1 3 4 10
1944 3 0 3 9
880 2 3 6
870 4 0 4 6 10
461 8 1 2 4 5 6 7 9 10
507 2 0 1
1562 4 0 4 5 8
1934 2 3 9
44 3 2 4 7
1024 4 4 5 6 7
759 3 0 1 10
1565 3 3 7 9
98 3 4 7 10
1316 3 2 4 6
1058 3 0 3 10
1577 10 0 1 2 3 4 5 7 8 9 10
936 4 4 6 9 10
25 2 7 10
949 7 0 3 4 5 7 8 10
1627 6 0 3 4 5 6 9
1128 2 5 6
1849 2 0 6
965 8 0 1 2 3 5 7 9 10
493 2 0 9
117 3 2 6 9
1506 3 6 7 8
1048 4 0 3 6 10
866 4 3 4 5 9
738 4 2 4 8 9
1356 2 2 3
178 1 3
1763 2 0 5
1327 8 0 1 3 4 5 6 8 10
1033 4 0 3 9 10
1017 4 1 3 5 6
1218 4 0 2 5 6
734 4 4 5 6 9
656 4 1 2 4 5
594 4 3 4 7 9
1749 9 0 1 2 3 4 5 8 9 10
14 4 4 5 7 9
1901 5 0 3 5 6 10
404 1 1
1156 5 1 3 7 8 9
1878 7 0 4 5 6 7 8 9
1213 4 1 2 8 9
23 3 6 8 9
534 7 0 1 2 3 5 7 9
156 4 3 7 8 9
1329 5 0 2 3 7 8
828 5 0 4 8 9 10
1464 5 0 1 6 8 10
635 5 1 2 5 7 10
804 8 0 1 4 5 6 7 8 10
1787 9 0 1 2 3 4 5 6 7 8
1771 2 7 8
1210 5 0 2 4 6 10
806 3 0 5 8
1211 3 2 5 10
1278 3 2 6 7
1333 5 0 3 4 9 10
1609 2 1 3
1833 5 0 1 7 8 9
476 6 2 4 5 7 9 10
334 2 4 5
373 9 0 1 2 3 4 5 6 8 10
1890 4 1 2 3 4
1256 5 1 3 6 7 8
1220 5 1 2 5 8 10
1240 2 1 9
1063 4 0 5 6 9
1572 1 0
1565 3 2 7 8
828 5 0 4 6 9 10
113 6 1 2 4 5 9 10
765 6 1 2 3 4 6 9
1971 3 1 3 9
1662 5 0 1 4 6 8
891 6 0 1 6 7 8 10
738 9 0 1 2 4 5 7 8 9 10
1460 5 0 1 2 3 6
1968 3 5 6 7
1924 4 1 3 4 6
1681 2 1 7
1800 3 0 5 7
617 4 1 3 4 10
626 4 3 8 9 10
1336 5 0 1 2 6 7
1563 5 0 1 2 3 8
64 6 1 4 5 6 9 10
1327 8 0 2 3 4 5 6 8 9
1759 2 7 9
786 4 0 1 2 5
1609 3 0 6 8
126 3 2 4 5
1756 6 2 6 7 8 9 10
1642 3 1 3 10
1604 3 2 3 9
1668 2 0 7
669 4 3 5 7 9
1127 3 1 2 10
1386 3 5 9 10
1130 5 0 1 2 3 5
1593 3 2 3 6
733 4 0 7 8 10
1403 2 0 6
393 3 4 5 6
949 10 0 1 2 3 4 5 6 7 9 10
1071 7 0 1 2 3 5 6 10
655 5 3 5 7 8 9
334 4 2 3 5 9
1443 4 1 3 4 5
200 2 3 7
1382 3 2 6 8
921 4 3 4 5 7
79 4 6 7 8 10
725 3 0 3 10
1351 4 0 6 7 9
1269 4 2 5 6 7
74 3 5 9 10
394 7 3 5 6 7 8 9 10
891 8 2 3 4 5 6 8 9 10
908 5 0 5 6 8 10
486 5 1 5 7 8 9
898 4 2 7 8 9
1561 4 0 5 7 9
610 7 2 3 4 5 7 8 10
1901 4 0 2 3 10
1902 3 1 2 4
526 7 0 3 4 7 8 9 10
1635 4 5 6 7 10
270 2 8 10
848 3 1 7 10
1872 4 2 3 4 10
77 2 8 10
1122 3 4 6 8
1658 5 0 2 3 4 8
436 4 0 1 3 5
342 1 3
1262 2 1 8
1809 6 0 2 5 6 7 10
1628 2 1 5
1067 4 0 2 7 8
1130 2 1 9
1016 10 0 1 2 4 5 6 7 8 9 10
1168 2 0 9
1925 3 0 3 10
1809 4 0 4 7 8
1527 5 0 3 5 7 10
1759 2 3 10
1140 3 1 5 10
1348 2 4 5
720 6 0 2 3 4 8 10
1075 3 1 3 6
255 2 5 7
1082 5 2 4 5 6 9
1443 6 2 4 5 7 9 10
1893 4 2 3 4 10
146 5 0 3 4 6 8
1322 5 1 3 4 6 7
1651 5 0 3 5 9 10
613 2 6 10
1101 3 0 1 2
1867 4 0 3 5 8
142 2 2 6
764 1 10
155 3 0 3 8
1329 6 0 2 4 6 8 10
385 4 2 3 6 10
1182 1 8
1813 5 0 3 4 5 8
1980 2 1 7
1872 2 0 7
1534 4 1 3 7 8
1965 4 3 4 5 6
720 7 0 2 4 5 7 8 9
1046 4 0 3 4 5
255 3 2 3 10
917 4 0 1 7 10
430 3 0 2 3
1055 4 2 7 8 10
1903 4 4 6 9 10
1416 7 2 3 4 5 7 8 10
1917 7 0 1 2 3 4 5 8
1818 4 0 5 7 10
828 2 9 10
1853 2 6 8
539 6 0 2 5 7 9 10
1563 6 0 1 4 5 6 10
200 5 3 6 8 9 10
828 4 1 2 3 4
634 6 0 1 3 5 8 10
282 4 1 3 5 9
1628 4 0 2 3 4
1528 5 0 4 6 7 8
1922 7 0 2 3 4 6 8 9
1983 3 1 2 3
1162 2 8 10
1690 6 0 1 2 5 6 9
1278 2 5 9
866 4 2 3 6 9
1768 2 3 8
1103 2 1 4
1966 2 1 5
1923 5 2 4 5 8 9
19 5 1 5 7 8 9
1158 4 0 1 3 5
861 5 1 6 7 8 9
1191 4 0 3 4 8
748 3 0 4 5
828 2 3 4
1218 6 0 5 6 7 8 10
830 3 1 6 8
1408 4 0 1 3 10
117 3 7 8 10
959 5 2 3 4 8 10
1244 5 1 2 3 4 6
1610 5 1 2 5 7 8
1814 3 3 6 9
681 4 0 2 5 6
1956 2 1 2
1245 3 2 7 10
1748 1 3
98 2 0 10
324 3 0 4 9
1966 3 4 8 10
1425 4 5 7 9 10
1999 3 0 7 10
617 5 0 4 6 7 8
240 4 3 6 7 8
67 4 2 3 5 10
930 2 7 9
1722 7 0 1 2 4 5 6 7
113 2 2 10
806 4 2 7 8 10
425 4 1 5 6 10
41 5 1 2 6 7 10
909 3 7 8 10
161 7 0 1 2 3 4 6 9
1980 2 5 7
1903 4 1 5 7 10
1140 3 1 5 9
1350 2 0 6
822 3 4 9 10
1355 4 2 4 5 8
312 5 2 3 6 9 10
969 6 0 3 4 5 7 9
894 2 5 8
79 6 2 4 5 7 8 10
1480 8 0 1 3 4 6 7 8 9
126 8 0 1 2 5 6 8 9 10
777 3 5 6 9
659 4 2 3 8 10
243 5 1 5 6 7 9
1131 2 6 10
786 7 0 1 2 4 7 8 10
1483 2 2 7
500 5 1 2 3 5 6
283 4 1 2 9 10
1000 2 6 10
1460 3 2 5 9
1849 5 0 3 7 8 10
1291 3 0 3 9
1956 2 3 10
1075 2 2 9
1513 4 2 3 4 7
1392 2 2 5
1619 5 1 4 5 8 9
1880 9 0 1 2 3 4 6 7 8 10
119 3 0 7 9
111 2 1 4
51 3 4 5 6
1438 3 3 5 6
730 2 5 6
1252 5 1 2 5 6 8
25 2 3 8
100 7 0 1 3 5 6 9 10
1823 5 2 3 5 6 9
1336 3 0 1 3
9 3 0 2 6
1670 4 1 3 9 10
763 3 4 5 8
1980 4 5 6 7 8
755 2 1 6
1136 2 2 7
1914 3 1 3 7
1783 6 0 2 3 4 5 8
1501 3 1 5 10
371 6 0 2 3 7 8 10
1684 2 0 1
551 5 0 1 5 6 10
325 4 0 2 3 8
1503 4 0 2 3 6
504 5 0 1 4 5 7
284 2 3 5
1590 5 2 3 4 5 6
938 3 1 8 10
1980 5 1 2 3 8 9
1465 3 0 3 4
390 4 0 2 5 8
635 4 0 2 6 10
1809 6 0 1 2 3 6 7
1237 5 1 5 6 8 10
1373 2 0 6
1158 7 1 2 4 5 7 8 10
612 3 3 7 8
354 6 1 2 3 6 7 9
1311 9 0 2 3 5 6 7 8 9 10
1405 5 2 4 5 8 9
117 5 1 3 7 9 10
698 7 0 2 5 6 8 9 10
1610 5 1 3 6 9 10
1016 2 1 2
1917 4 0 3 4 9
1891 3 5 8 10
1214 5 1 2 6 9 10
1000 7 0 1 3 4 6 7 9
1872 6 0 2 3 5 7 8
1456 3 8 9 10
1872 5 4 6 8 9 10
1703 3 0 7 8
1237 6 0 1 5 6 8 9
1758 3 2 4 5
1513 5 0 2 6 8 10
227 3 2 8 10
1243 5 2 3 6 7 8
968 6 1 2 4 7 8 10
1465 2 3 6
10 3 1 6 9
657 9 1 3 4 5 6 7 8 9 10
1656 6 0 3 4 6 8 9
276 5 0 1 3 5 8
744 7 0 1 2 3 7 9 10
1844 5 0 4 5 8 10
79 5 0 1 3 4 9
1782 4 2 3 5 10
409 3 0 3 7
1366 7 1 2 3 4 8 9 10
1067 3 5 6 7
568 2 1 8
1405 5 0 6 7 8 10
866 4 3 4 6 9
1860 5 0 1 4 5 10
1217 1 2
1942 4 1 2 4 7
401 4 0 3 9 10
1108 3 1 7 10
199 1 7
718 4 0 5 7 8
1565 1 5
1311 5 0 3 5 7 8
401 4 2 7 9 10
1190 4 3 7 9 10
1278 4 0 3 7 9
1419 4 0 2 3 10
690 1 0
930 2 0 9
264 5 3 4 6 8 10
1413 4 0 3 6 9
314 7 1 2 3 4 8 9 10
1083 4 3 5 6 10
952 2 5 10
550 4 6 7 9 10
1687 3 2 3 6
159 6 0 3 4 6 7 8
512 4 0 2 4 10
832 10 0 1 3 4 5 6 7 8 9 10
486 3 4 6 7
1849 2 0 3
100 5 0 2 6 7 10
1095 3 0 3 7
222 4 2 4 5 6
1630 2 1 5
1059 5 1 3 5 6 9
1694 5 2 3 5 7 8
155 2 5 10
1067 3 1 2 9
1710 2 0 4
792 4 2 7 8 9
1483 3 5 6 10
835 5 0 1 2 3 10
1248 6 0 1 2 4 5 7
1306 2 4 7
1387 2 6 7
54 4 0 4 6 10
1378 6 2 3 4 7 8 9
1204 2 1 4
401 3 1 2 6
1598 1 2
1726 6 0 1 2 4 6 7
832 2 0 3
1275 7 0 2 3 4 7 9 10
1639 3 3 8 10
1018 3 1 8 10
1655 4 4 5 6 7
1203 3 4 9 10
1209 6 0 2 3 4 8 9
135 5 2 3 5 6 9
984 4 1 2 3 10
985 2 3 6
861 4 0 1 5 10
200 3 1 7 10
733 4 0 2 4 10
1646 7 0 1 3 5 7 8 10
187 4 2 3 8 9
1684 5 1 4 6 7 10
159 4 1 3 4 6
251 4 2 3 7 9
1547 4 2 3 5 8
512 3 2 7 10
1160 6 0 1 2 5 9 10
1397 3 2 7 8
726 8 0 2 4 5 6 7 9 10
935 2 6 9
1759 4 1 3 5 8
1397 3 0 4 5
985 4 1 2 3 9
1271 6 1 5 6 7 8 10
1397 3 3 6 10
645 4 1 3 4 9
715 2 2 7
448 3 2 7 8
1801 3 8 9 10
1768 3 2 6 8
408 3 1 8 9
1773 4 1 2 7 9
1787 5 1 4 5 7 9
1066 9 0 1 3 5 6 7 8 9 10
106 5 1 2 3 6 9
644 6 0 4 5 8 9 10
245 4 0 1 4 8
1169 3 1 3 8
87 3 2 4 5
1979 6 1 2 3 5 6 9
774 6 2 3 4 5 7 9
902 5 1 3 7 9 10
416 6 0 1 4 5 6 7
813 6 2 3 5 6 7 9
1121 5 3 5 7 8 10
476 5 0 1 8 9 10
1931 6 0 4 5 6 8 9
269 4 2 4 6 9
718 6 1 5 6 7 8 9
125 2 3 9
196 5 1 4 5 9 10
738 4 3 4 9 10
1403 4 1 4 7 9
200 3 2 3 10
327 3 0 3 9
348 4 5 8 9 10
1438 5 1 3 6 7 8
313 3 2 3 9
38 7 3 4 5 6 7 9 10
778 5 1 2 4 5 6
39 4 3 4 7 9
1007 4 4 6 9 10
1944 5 1 5 6 8 9
870 6 0 3 5 6 7 8
1597 4 0 2 7 8
556 3 5 6 7
1244 6 0 1 3 6 7 9
1910 5 3 7 8 9 10
281 3 1 4 9
1749 4 1 2 3 9
1878 3 2 9 10
487 4 0 3 4 10
1976 5 2 3 4 7 9
683 2 2 5
1167 6 1 2 3 5 8 10
1786 5 3 4 5 7 9
1172 7 0 1 3 6 7 8 10
1615 2 3 6
471 5 1 3 8 9 10
263 3 0 7 8
159 2 6 8
1820 7 0 1 4 5 6 8 10
817 3 3 5 8
82 5 0 1 3 5 9
112 6 0 1 3 4 5 7
1389 5 0 1 2 5 10
1218 6 2 4 5 6 7 10
1628 9 0 1 3 4 6 7 8 9 10
1037 7 0 1 2 5 6 7 8
561 5 0 1 4 8 9
209 2 8 9
1800 5 1 5 7 8 9
1786 3 0 3 6
813 4 0 4 6 9
1791 4 2 4 5 6
1608 5 1 2 7 8 9
1715 4 2 3 7 10
109 3 1 4 6
1008 2 4 7
992 1 8
312 5 1 2 4 6 7
196 5 0 2 4 8 9
1087 3 0 6 10
1240 4 0 5 6 10
613 2 2 3
200 3 0 1 2
609 3 2 7 9
1944 4 0 2 6 8
1265 4 2 3 6 8
1801 4 2 3 4 10
607 3 0 1 10
1831 5 0 1 5 7 8
702 1 6
1190 6 1 2 4 5 6 7
488 3 0 1 3
1793 3 2 8 10
1780 1 7
1494 8 0 1 3 4 5 7 8 9
672 5 1 3 4 7 8
1860 3 7 9 10
1988 5 0 1 3 5 7
526 10 0 1 2 3 4 5 6 8 9 10
9 0 5 5 0 1 8 1 6 3 7 3 5 8 0 7 7 5 1 7 8 4 2 6 8 10 7 5 0 9 7 7 6 6 0 4 0 2 2 10 7 1 4 8 7 5 5 6 6 3 3 2 0 7 1 8 4 10 5 4 3 3 6 8 0 1 4 8 1 8 7 8 3 1 10 8 4 10 6 2 5 1 3 6 4 2 6 0 3 0 4 4 5 5 5 0 5 5 5 9 6 10 3 7 2 9 1 2 1 9 5 1 6 5 9 7 8 4 4 1 6 5 1 0 9 7 2 3 10 7 5 0 9 8 6 1 5 2 2 6 2 4 4 5 8 6 6 3 6 5 2 6 6 5 2 9 7 8 3 3 3 9 7 6 5 4 0 0 7 2 1 0 8 4 3 7 6 7 4 5 1 5 1 9 9 7 1 4 2 6 1 10 10 6 8 1 7 4 7 9 5 9 10 3 9 2 0 8 1 6 2 10 6 5 7 10 9 3 5 7 3 1 8 5 1 9 10 5 6 7 7 6 3 9 6 4 3 10 0 6 3 8 4 3 0 7 9 9 7 1 4 3 3 7 2 8 4 3 9 2 0 7 1 2 10 1 5 3 8 0 5 7 0 5 8 10 5 10 4 3 7 9 7 10 3 5 5 1 1 10 7 7 0 1 6 3 5 6 8 5 7 0 10 6 8 10 9 8 0 5 7 1 3 5 0 3 9 0 10 2 6 2 0 6 4 8 10 8 8 9 3 9 5 9 6 9 8 0 2 0 6 2 9 10 7 9 3 6 8 1 6 2 4 1 5 1 0 6 5 1 4 5 4 4 2 0 10 7 0 9 2 7 4 7 0 9 7 8 6 1 8 3 0 0 9 5 6 0 4 2 1 7 6 3 6 5 2 0 6 10 7 2 9 8 1 8 5 2 1 8 4 9 7 3 6 7 3 5 6 5 7 2 4 0 6 5 10 6 3 1 7 2 10 9 10 3 2 5 4 10 5 8 10 6 3 7 4 9 6 0 2 4 5 10 6 3 3 0 10 8 4 4 10 10 7 5 3 0 4 4 0 7 1 7 10 8 6 10 7 5 6 4 5 4 6 2 3 0 2 2 4 2 8 10 10 4 8 1 3 1 5 7 4 0 7 1 7 2 3 6 9 9 0 4 5 9 10 10 1 1 5 2 10 10 3 4 8 0 0 8 7 0 0 2 8 6 1 2 5 4 4 7 7 10 1 5 8 6 9 8 2 4 10 0 10 8 7 7 2 2 7 1 6 3 8 3 3 3 0 6 7 9 2 4 5 4 3 0 3 2 8 3 7 9 1 6 2 8 5 10 5 1 1 4 2 9 6 3 6 0 6 1 10 5 9 6 2 1 0 2 2 7 2 4 8 9 8 3 3 5 7 0 5 9 0 4 2 4 5 8 2 6 9 2 6 1 0 9 5 8 6 8 2 5 1 0 0 8 0 10 6 10 3 3 7 6 4 9 9 0 3 8 8 3 0 5 1 1 0 3 7 10 0 3 0 8 9 7 10 1 1 4 1 3 2 9 10 8 5 4 5 1 5 8 8 8 10 5 3 6 3 5 7 5 1 7 3 3 0 6 10 2 3 10 1 0 9 9 5 6 3 1 3 4 7 10 10 6 3 10 10 5 1 10 3 10 7 3 5 5 8 3 8 3 3 3 1 9 1 8 7 1 9 1 9 2 6 2 0 9 3 10 3 0 5 7 5 5 5 6 8 3 0 1 4 7 3 7 1 5 2 3 10 4 3 8 1 5 8 1 9 3 2 6 8 10 6 9 0 8 6 0 4 2 10 4 10 4 0 8 5 9 1 10 4 8 2 4 4 7 6 4 2 4 1 0 0 4 5 6 3 9 10 8 4 6 0 4 3 4 9 9 10 1 2 4 0 1 3 0 8 8 2 6 1 10 3 8 2 0 0 7 9 4 4 1 2 8 3 3 0 5 7 10 7 10 8 9 1 8 4 1 8 9 6 1 7 2 9 10 9 5 5 7 8 5 0 6 4 5 4 8 6 2 2 10 4 8 6 0 10 9 4 3 5 5 0 10 8 3 2 5 7 0 4 5 9 0 4 10 10 10 5 0 3 10 8 8 4 6 9 0 4 1 1 6 7 4 8 10 10 3 2 9 8 4 6 8 2 8 6 10 9 2 1 6 3 6 5 1 4 4 0 1 7 10 3 5 7 0 9 9 3 3 1 10 4 2 2 3 6 3 0 5 0 5 2 4 4 1 6 9 8 4 5 7 9 7 10 10 9 0 2 2 10 2 10 1 3 4 9 7 9 5 8 0 9 4 2 3 10 6 6 5 6 7 5 9 6 0 1 10 1 2 6 1 10 7 2 2 7 10 8 7 2 5 3 2 2 0 2 1 1 9 0 1 2 7 5 9 2 4 10 1 10 3 3 0 9 8 7 7 6 2 8 9 7 10 10 8 4 8 3 2 5 8 3 6 1 2 10 0 10 3 4 10 10 3 9 5 9 3 10 1 8 7 4 5 8 10 10 1 7 9 0 7 0 7 6 6 1 6 10 4 9 1 0 7 7 8 7 7 8 7 6 8 6 7 10 5 1 8 1 2 7 3 2 0 5 3 10 0 4 3 5 9 8 7 4 8 1 10 4 10 8 4 10 9 9 2 1 7 9 2 7 9 0 3 4 9 2 4 5 2 0 8 7 3 1 6 2 1 2 3 8 10 10 9 6 6 9 7 4 10 10 5 6 9 3 6 2 5 10 3 8 5 10 8 6 5 8 3 7 2 4 5 3 9 8 4 2 10 0 0 3 9 0 4 2 3 9 2 6 9 7 0 5 2 7 2 2 10 7 7 10 0 9 8 7 2 7 7 6 0 7 0 7 7 9 5 2 3 4 1 1 7 8 2 5 4 0 10 0 5 9 7 6 10 2 0 1 3 3 3 7 5 7 10 0 9 1 8 6 8 8 0 9 7 1 8 6 5 0 8 4 3 1 10 8 4 6 5 1 2 8 9 6 5 9 2 10 2 7 2 7 1 3 2 2 3 10 5 6 9 8 9 7 3 3 6 7 6 7 9 1 8 7 10 6 1 2 3 9 5 8 4 6 10 10 5 0 3 8 3 0 8 1 9 7 9 10 0 6 9 2 8 3 0 1 6 0 8 10 4 1 10 4 9 7 3 4 6 4 1 5 9 9 1 2 6 2 9 10 0 7 10 4 5 9 8 8 4 4 10 2 6 10 8 8 1 10 8 10 4 9 5 2 2 3 8 4 10 5 2 9 7 4 1 8 2 1 5 3 9 4 9 0 3 7 1 1 9 7 0 1 4 2 9 7 2 6 8 9 7 5 6 10 5 2 2 7 2 0 1 8 2 4 10 9 1 2 6 7 9 9 4 5 4 3 5 2 8 7 1 10 2 1 6 1 0 0 2 6 7 0 0 7 9 10 7 1 7 6 2 10 5 7 6 7 6 7 8 7 8 2 4 1 3 2 0 7 9 3 8 10 10 2 5 4 8 0 2 10 4 8 8 9 0 0 10 9 5 10 10 3 4 10 3 0 9 6 7 3 0 3 7 7 10 9 5 5 4 3 0 7 2 5 2 2 10 1 6 10 0 2 3 8 0 7 4 8 1 10 8 5 8 8 0 2 10 9 3 2 7 10 1 0 3 1 9 2 0 4 7 4 9 6 10 4 10 0 5 9 0 4 7 4 6 9 0 3 7 9 7 6 1 3 9 4 10 3 6 0 6 9 7 9 6 10 7 4 4 1 0 10 8 10 9 8 4 6 0 7 6 6 4 7 8 7 4 7 0 6 4 2 5 9 7 10 6 9 10 2 6 2 8 4 2 1 8 0 9 2 2 5 1 9 6 9 3 7 6 1 9 10 4 2 7 10 4 10 1 6 2 8 7 7 7 1 5 5 5 7 8 6 4 3 7 2 10 0 0 6 3 2 4 7 9 1 7 6 0 1 3 6 0 2 7 3 9 7 4 8 9 5 3 10 8 3 3 3 2 5 9 7 3 5 7 10 10 6 3 9 7 5 10 9 6 6 7 9 5 3 5 2 1 4 7 1 5 8 1 5 10 9 10 6 0 4 5 5 3 9 5 8 3 8 0 7 8 5 6 4 10 2 4 3 3 5 10 10 6 6 4 7 5 1 6 2 8 8 8 2 3 5 3 5 5 10 5 3 9 7 7 9 8 3 4 0 4 7 4 10 10 3 10 5 5 3 1 10 4 9 4 4 1 2 4 3 4 0 10 0 1 4 2 9 9 2 6 6 0 7 8 9 5 1 0 3 7 5 7 0 7 0 1 5 1 2 4 8 7 3 10 8 10 5 2 2 6 6 8 7 5 6 0 9 6 0 5 4 3 6 4 9 2 5 0 7 2 8 3 2 9 6 0 0 7 0 1 2 2 6 1 2 3 2 8 6 3 5 0 7 7 6 6 6 2 7 10 8 7 9 5 2 2 6 5 1 8 5 5 3 1 9 5 4 0 7
