2000 2000
1740 4 932 934 1716 1960
1912 3 465 661 1523
475 3 311 449 725
1423 1 1212
168 4 588 937 1128 1482
1075 3 1528 1773 1837
1940 2 1477 1634
1230 3 294 755 1439
690 2 510 1241
568 4 100 238 443 1095
407 2 1455 1837
1420 6 8 180 388 1033 1236 1982
867 7 97 329 393 764 976 1351 1510
107 2 72 220
1339 2 1661 1993
1850 3 941 1245 1461
1651 2 144 1698
1037 2 558 1103
1999 3 1421 1826 1983
1854 3 181 1504 1877
718 2 836 1751
453 2 574 836
134 3 859 1540 1672
465 4 88 189 632 1716
1321 3 287 692 727
1436 6 490 892 1434 1443 1451 1761
551 3 167 642 1377
216 7 614 655 864 1123 1236 1430 1624
730 3 762 1039 1096
172 2 1039 1835
52 6 384 463 895 1500 1534 1696
1469 2 886 1400
848 2 1253 1303
1454 5 421 542 1627 1841 1984
1858 3 722 929 1035
494 2 239 1084
1479 4 643 689 868 958
1115 3 67 208 1025
826 3 335 336 751
1602 5 614 744 1010 1321 1358
877 3 794 1594 1921
1339 1 1165
1820 2 845 1946
1754 6 534 655 802 884 1736 1910
1421 4 364 657 1132 1184
886 3 111 1772 1821
1259 6 132 251 320 452 472 692
1357 5 117 554 772 1113 1981
447 3 654 959 1333
1771 4 208 1055 1266 1421
1998 4 423 902 1201 1319
591 4 78 142 376 738
1528 5 484 612 1157 1592 1932
12 3 1144 1390 1908
237 3 1012 1036 1809
745 2 590 1259
1652 5 221 299 366 694 1886
488 3 538 853 1237
1493 2 132 502
66 4 442 890 1489 1673
88 5 659 711 1251 1367 1410
20 2 1064 1773
86 3 94 380 605
999 4 383 830 1257 1351
919 3 619 884 1818
1673 2 286 1396
143 4 168 498 737 1179
161 3 315 428 966
899 4 612 995 1399 1522
1873 3 626 1478 1759
1830 3 386 1247 1670
1355 2 166 601
1286 4 8 94 978 1462
1528 4 1005 1042 1224 1805
839 2 632 1173
914 1 1
1111 6 388 531 588 1106 1245 1984
1860 4 736 749 1188 1218
370 6 717 867 952 984 1603 1778
845 5 97 390 597 830 1804
731 2 1810 1877
1100 1 353
1280 3 1095 1503 1896
407 2 626 869
501 3 748 829 838
154 2 242 389
1100 8 226 372 466 615 1212 1398 1516 1789
1356 2 69 1459
985 4 18 1108 1841 1900
610 4 1 459 1509 1782
384 3 649 1017 1337
909 5 211 539 603 635 1875
1920 1 1950
1365 3 448 459 1245
803 5 238 1205 1327 1545 1945
1357 1 1398
1073 4 1287 1368 1593 1727
1503 7 360 857 1128 1272 1444 1709 1959
174 1 1751
1985 3 14 652 1810
995 4 1 320 481 1709
1757 3 25 126 1459
299 4 75 275 1137 1359
1031 3 1793 1893 1990
1312 4 4 240 297 1673
20 2 366 1512
669 4 1261 1340 1345 1595
1706 3 285 541 1111
1347 3 1439 1713 1783
1874 3 411 1614 1764
1922 5 676 862 1055 1299 1398
1145 6 675 1127 1158 1161 1217 1685
1045 4 387 706 1135 1477
180 2 287 1208
1589 3 251 335 927
107 5 632 783 1068 1699 1965
1876 4 354 703 858 899
1942 5 380 387 415 644 1072
1623 2 64 1861
1321 1 215
221 4 1056 1173 1582 1865
525 4 699 1149 1828 1864
435 4 592 1472 1594 1801
1673 5 338 448 711 1112 1178
1926 2 497 1816
1639 3 778 1549 1567
1896 2 1325 1408
70 4 786 1719 1848 1964
861 4 960 1311 1533 1732
1135 7 153 378 593 1392 1464 1479 1484
1843 3 35 676 1472
1206 3 606 1253 1273
1555 4 147 758 1259 1378
1998 2 738 1683
575 2 38 977
1233 3 257 1231 1977
948 4 82 115 1086 1608
567 1 1904
72 3 1192 1406 1672
1577 2 1681 1708
859 3 388 433 1006
607 1 57
787 3 544 907 1244
1829 5 193 367 1382 1865 1899
1783 2 927 1192
1663 4 561 569 590 1365
607 7 38 284 471 778 818 1766 1802
591 1 587
1382 4 1195 1215 1261 1683
1433 3 398 1042 1682
384 1 1732
1103 4 521 552 1756 1766
1093 4 582 696 723 1952
1783 5 1210 1297 1670 1920 1977
284 5 486 528 1276 1352 1987
948 4 1309 1564 1580 1607
1803 3 352 680 1500
1454 6 68 218 525 671 867 1624
1960 2 57 1793
563 3 812 1414 1848
372 4 197 575 871 990
208 3 47 867 1364
609 3 14 53 1554
1547 2 264 448
335 2 860 1918
521 2 106 1167
1044 3 620 986 1071
1365 3 551 820 887
1453 2 856 1819
1618 6 774 1119 1353 1375 1491 1834
1735 3 423 1085 1165
573 3 739 1151 1548
1881 5 116 490 1137 1458 1549
630 1 1648
1299 3 78 511 1611
492 2 1182 1752
1245 2 1047 1114
560 5 402 621 790 866 1894
1128 1 939
938 2 23 1340
696 2 809 1740
370 2 472 898
1698 4 330 803 1446 1806
1601 2 1312 1745
115 3 166 868 1733
1917 2 1479 1751
497 1 445
1943 5 112 640 1041 1200 1909
382 3 1421 1524 1599
298 3 169 725 752
374 5 741 1010 1332 1929 1998
1694 3 1132 1647 1825
1076 6 64 536 966 973 1037 1302
1171 7 47 328 781 1190 1365 1492 1865
242 4 101 1709 1812 1970
1273 5 768 1122 1139 1250 1421
1661 3 153 462 1100
1187 2 895 1865
1080 4 157 521 1452 1877
319 2 145 932
963 2 524 737
1219 3 1378 1742 1973
747 3 917 1369 1628
940 3 112 1228 1972
1479 4 752 1116 1318 1793
644 4 67 660 748 1233
768 6 857 881 1030 1346 1437 1620
1280 3 267 991 1924
134 4 1244 1257 1748 1813
1271 3 1187 1761 1968
225 2 313 701
1813 3 158 1922 1976
686 5 95 273 339 828 1279
253 3 258 900 1446
49 1 1917
874 3 454 1796 1824
1443 2 1654 1789
891 3 561 1611 1889
1247 5 146 234 330 409 1781
1577 2 1558 1969
312 3 94 332 624
1608 5 312 809 1147 1392 1647
1522 3 692 1620 1860
1822 3 460 987 1341
72 3 86 372 1510
250 3 854 1334 1742
894 2 975 1660
241 3 733 1542 1660
1497 4 1068 1088 1860 1999
142 3 396 704 1886
484 2 837 984
1003 6 5 524 1239 1491 1640 1661
660 2 46 1463
731 2 551 1731
324 5 122 549 971 1316 1639
1853 2 1337 1488
1262 4 141 422 1879 1947
431 1 1399
731 1 1188
973 3 394 533 750
1420 4 861 1113 1412 1852
1000 2 747 1935
417 2 199 930
1695 5 225 291 740 1064 1513
223 4 252 801 1211 1851
1832 3 1112 1622 1815
871 3 146 153 1881
1932 5 531 881 1125 1815 1918
1097 4 800 817 1080 1795
1073 3 55 662 1573
1751 3 621 1238 1564
1146 3 925 1605 1839
1695 2 58 1871
187 5 364 587 732 781 1493
283 2 641 1970
1300 3 771 1280 1867
1629 4 372 424 1095 1951
1486 3 1107 1528 1812
427 3 1441 1527 1624
12 2 166 374
263 2 391 1569
612 2 154 163
1033 5 309 357 933 1300 1960
27 3 753 918 1221
1889 4 448 897 1420 1871
288 6 143 1062 1170 1305 1608 1766
1465 4 43 516 752 905
803 4 1176 1321 1688 1782
1754 2 194 1841
772 2 1212 1899
995 4 391 1126 1403 1781
1972 3 116 1369 1591
1080 2 349 1795
1250 2 129 933
1452 3 58 800 1313
363 2 1060 1898
1335 2 314 804
693 2 92 1111
255 4 341 419 1476 1874
1215 4 82 1149 1364 1746
1261 4 287 496 1601 1683
174 3 611 985 1260
1563 2 1427 1468
1768 2 499 1356
1831 4 62 195 1516 1968
1752 4 104 493 840 1242
1336 2 324 768
578 2 1714 1914
85 2 1436 1967
23 3 316 1269 1710
1235 2 1462 1482
1702 4 670 1499 1614 1672
1339 3 233 1246 1517
480 4 165 323 1023 1346
1443 1 434
352 6 330 360 958 1097 1593 1740
553 5 390 825 898 1818 1861
1968 1 153
803 4 405 852 1434 1658
1026 2 1451 1495
350 4 206 456 1476 1527
808 5 299 312 856 911 1610
767 4 1169 1345 1669 1876
1881 4 999 1037 1648 1764
1347 1 709
367 3 198 258 1374
89 5 416 693 735 884 1224
1602 2 277 333
1016 3 208 728 1289
1400 2 295 1277
803 4 371 898 1251 1823
1390 1 1661
1942 6 402 578 929 1414 1612 1707
852 3 159 174 1532
851 2 187 481
1398 2 744 1637
1823 3 307 1292 1327
83 4 401 1055 1226 1951
826 4 269 457 1329 1897
1199 2 556 1366
651 1 1773
1508 1 1125
44 3 1374 1611 1770
1743 5 2 181 330 626 1642
349 2 911 977
1888 4 58 203 536 1954
1900 4 709 1007 1271 1529
902 3 862 1224 1965
1325 5 433 766 1252 1277 1824
311 3 138 996 1441
1479 2 912 1969
1586 3 0 4 962
497 3 407 1069 1247
872 3 646 1265 1405
1171 3 391 794 1404
253 4 1030 1191 1371 1875
1919 5 580 1203 1266 1754 1762
1709 2 369 1673
179 3 687 1360 1766
1028 5 272 807 854 965 1701
664 2 1197 1966
651 2 194 469
210 4 717 969 1017 1516
1241 5 192 576 819 1025 1048
1960 2 736 1126
24 2 830 1208
1676 4 1155 1569 1577 1881
449 3 549 1243 1902
1754 1 258
954 3 183 190 1529
1811 3 958 1514 1536
324 6 260 520 1284 1416 1527 1928
1337 3 889 1264 1558
1627 3 1244 1515 1764
1829 2 183 1785
1343 3 8 1479 1876
1301 7 137 200 625 1080 1115 1282 1848
1844 3 783 1476 1862
611 5 392 751 879 1286 1962
834 2 11 1876
225 3 316 377 1996
1809 1 287
1754 5 588 641 808 895 1612
1114 6 799 981 1006 1170 1776 1913
1895 2 1289 1904
1701 1 404
360 2 1126 1428
1068 3 517 1016 1135
1337 6 136 335 943 1240 1785 1826
1987 2 192 478
1844 5 400 803 1114 1515 1787
52 1 1734
803 2 1459 1560
1262 3 858 964 1975
581 3 926 1099 1689
1436 5 66 335 400 1321 1763
421 2 154 1907
1567 3 758 762 1734
1420 1 1711
810 4 918 988 1107 1475
453 2 595 1297
1300 4 722 1016 1265 1951
1954 4 730 804 868 1253
1183 5 441 1037 1109 1139 1566
1701 4 700 1027 1170 1489
311 6 228 546 890 1236 1412 1482
373 5 679 766 1048 1291 1573
475 4 241 1391 1537 1786
1579 3 971 1133 1949
683 2 718 1286
1150 1 1337
1024 2 690 1158
255 1 194
641 2 852 1487
1685 6 34 170 660 738 778 1371
4 2 286 367
340 3 1413 1453 1709
1033 2 1226 1683
930 4 684 1064 1426 1888
384 7 99 150 303 852 1265 1348 1578
1191 3 609 740 982
1149 4 140 199 228 774
930 7 24 205 841 1370 1639 1943 1969
1268 3 858 1005 1923
917 4 370 460 1817 1884
929 1 254
817 2 451 1795
707 3 192 1301 1321
241 2 799 1216
263 4 115 214 1324 1527
1434 4 126 144 460 957
120 3 555 1230 1464
559 3 270 1440 1658
1953 2 361 1043
253 1 1323
1360 4 521 536 726 1950
134 7 149 863 1087 1357 1656 1786 1906
1791 3 306 325 1772
1864 4 185 1059 1126 1434
1040 2 1036 1041
492 2 630 1272
1421 1 675
1663 3 1197 1309 1682
944 4 155 653 683 1733
1029 4 206 469 539 1400
1594 6 29 37 1052 1499 1883 1936
735 7 44 239 242 534 600 1593 1975
714 4 233 498 1266 1517
1284 3 48 558 860
838 3 325 456 655
1887 2 305 309
1830 5 200 243 1104 1131 1996
373 3 308 799 1276
900 6 291 377 718 908 1816 1959
1487 8 55 207 309 383 453 848 1113 1798
686 5 199 854 1008 1541 1747
497 2 263 1514
208 4 986 1362 1398 1709
302 7 349 811 872 926 1219 1257 1617
889 5 348 439 671 696 752
15 5 23 167 662 1759 1789
950 5 351 465 1553 1771 1817
827 3 47 1238 1981
1305 2 1308 1715
1983 4 296 728 1458 1962
1070 4 628 1074 1931 1963
988 3 14 1284 1754
390 2 418 1606
1105 9 470 593 710 786 967 987 1178 1546 1566
1854 3 259 567 1039
353 4 60 490 514 1421
563 2 1447 1587
707 3 135 1107 1788
657 1 340
1518 3 745 778 910
1504 2 1096 1540
1733 5 197 345 977 1384 1500
1975 5 780 887 1336 1376 1782
1047 3 1563 1629 1922
894 2 132 627
752 3 574 844 943
1126 4 563 1766 1796 1996
718 3 517 1647 1715
1885 2 352 1678
985 2 81 1117
917 6 98 769 795 828 1143 1732
1546 2 1065 1262
113 6 46 475 649 837 1174 1597
1621 5 829 836 973 1590 1903
608 2 1077 1312
761 3 713 1169 1474
541 3 752 1012 1089
1379 3 611 612 1044
1699 6 283 688 910 1131 1176 1783
967 2 311 935
110 3 573 645 1029
148 4 404 446 1152 1674
1695 4 74 421 1346 1391
1118 2 20 1728
580 3 79 1692 1901
878 1 846
1082 5 4 210 592 773 834
1663 4 414 416 550 1095
1694 2 89 901
981 5 197 424 764 1528 1563
756 3 264 343 1817
919 6 338 516 625 1066 1314 1721
664 1 1858
807 5 289 1016 1107 1626 1836
1264 6 298 319 453 684 1131 1534
847 4 275 703 990 1395
1128 2 791 1244
1000 3 97 520 1342
563 2 513 1533
1342 3 618 1127 1330
363 3 657 860 1005
707 1 1682
1343 3 341 478 1246
268 4 910 1422 1671 1828
111 4 92 1040 1492 1915
1998 3 483 1117 1325
1357 4 605 809 970 1776
1999 2 478 1189
1280 5 317 348 584 602 1251
444 3 420 715 1018
1 3 173 228 1355
1857 3 937 1101 1137
1398 1 359
475 4 336 1059 1308 1684
787 3 721 1846 1935
1904 6 68 870 1262 1629 1649 1918
281 5 603 1146 1458 1816 1937
872 4 44 144 438 1940
146 4 413 619 1770 1970
187 2 145 1658
1616 4 752 1441 1799 1805
1651 3 63 836 1462
11 1 1055
373 3 32 1092 1503
1793 2 758 947
761 3 304 1149 1731
497 4 857 1267 1382 1699
607 4 62 546 676 1810
603 5 119 157 472 1389 1820
623 3 141 1003 1885
1422 4 706 1186 1636 1880
1486 2 278 1353
96 3 499 960 1646
993 3 309 509 1860
844 4 67 317 736 1491
580 3 685 812 1777
817 6 228 552 710 919 945 1763
299 4 127 830 1011 1262
543 1 1152
1221 4 327 419 981 1835
266 3 334 1033 1317
1400 4 273 445 1025 1832
519 2 1064 1206
1945 1 1929
146 3 201 258 824
958 5 946 1099 1231 1312 1418
633 2 198 1999
900 4 52 1031 1058 1315
1794 3 903 1505 1710
1829 1 630
872 2 485 1602
339 2 125 1765
640 1 55
1452 2 1111 1245
268 2 1116 1337
1247 1 767
688 2 1291 1333
133 2 888 1994
1365 3 1051 1947 1986
1207 4 866 1107 1757 1849
1202 1 1364
1719 4 321 793 953 1251
263 2 237 851
56 2 1630 1790
174 3 410 666 675
1788 3 632 1224 1770
345 1 1282
179 2 983 1762
1161 3 80 420 1701
1862 6 495 535 1080 1151 1460 1493
311 1 843
1816 2 787 1515
435 3 27 1459 1789
1663 3 9 645 1617
734 2 1311 1949
1836 5 401 722 799 1610 1905
777 4 1143 1370 1638 1708
358 4 1264 1531 1746 1894
117 4 117 281 1266 1728
1070 2 877 1409
1629 5 12 115 667 690 1447
1415 5 51 596 627 817 1623
948 1 790
1247 4 100 145 318 1694
1000 2 914 1398
1250 2 287 1576
241 2 691 1963
1289 5 253 836 1526 1552 1616
194 2 1237 1870
1259 4 677 1926 1983 1984
1372 2 1001 1850
134 5 212 480 996 1378 1521
951 6 688 741 933 1058 1408 1890
859 3 741 885 1611
1500 4 1026 1034 1849 1874
1000 5 628 629 658 824 1081
252 5 269 286 1497 1896 1923
11 2 1490 1532
1324 3 367 1697 1847
493 1 1201
834 2 713 1150
195 2 1693 1891
824 5 8 62 290 353 1221
566 6 102 211 969 1490 1762 1800
239 7 58 183 351 641 1306 1644 1994
1466 4 33 723 849 1179
687 5 603 1082 1211 1796 1928
967 4 13 243 448 905
1645 1 1390
1434 5 25 140 247 372 999
1975 1 156
1848 4 449 836 1170 1198
668 3 569 1619 1913
1058 2 177 1818
1423 3 381 411 1415
433 6 505 731 948 1220 1242 1429
1896 3 199 751 1731
1674 3 939 944 1156
999 6 199 589 611 735 1276 1425
495 2 1059 1861
1920 1 1247
1273 2 567 1861
1915 2 902 1517
1339 2 189 1535
265 2 1070 1745
894 5 130 600 696 1705 1881
1849 4 753 927 1016 1875
93 3 890 1197 1949
381 3 1656 1812 1979
495 2 698 1210
627 3 444 1165 1910
606 2 896 1244
1179 2 704 1504
1212 1 1706
317 1 1240
726 1 1725
996 3 499 810 1361
644 4 248 611 1386 1564
260 3 243 386 1776
1486 4 160 434 828 1618
644 3 447 948 1756
920 4 488 1050 1471 1786
1516 1 135
235 5 561 611 702 1497 1870
1452 3 276 1107 1763
806 1 528
1802 3 178 1050 1473
1953 3 55 881 1069
72 4 94 116 229 1755
1162 2 1455 1718
1271 6 127 294 401 1663 1673 1945
1559 4 598 1226 1337 1560
599 5 98 528 1047 1491 1821
1178 2 1365 1658
235 3 449 854 1940
1754 2 660 1048
611 3 48 1551 1971
1157 4 215 338 1095 1143
322 4 723 725 1364 1559
1354 4 318 478 1787 1881
1731 5 917 936 1118 1862 1983
1104 4 214 513 1271 1825
1897 4 239 1224 1353 1515
1876 2 119 1909
734 4 468 932 959 1957
1085 4 33 685 941 1540
514 1 1988
1280 4 206 363 1563 1919
257 2 213 1814
1974 5 140 380 545 836 1339
446 5 100 147 1038 1142 1828
625 3 147 157 1263
1420 5 88 385 606 852 1952
817 5 62 353 1161 1228 1376
1436 2 390 665
1768 4 226 338 547 1248
1466 1 1450
1896 1 1614
697 6 145 531 800 940 1040 1992
1850 4 672 725 932 1558
611 4 19 226 423 1722
1551 3 1229 1401 1439
208 2 850 976
1185 5 48 87 162 871 1362
1178 3 402 822 1256
1077 5 102 248 1135 1284 1397
1930 4 10 1287 1569 1777
421 3 853 1007 1321
1764 5 61 293 760 894 1975
1461 3 174 1155 1888
455 4 77 83 816 1667
511 4 435 619 1536 1886
1919 3 1339 1576 1627
519 3 353 428 862
784 7 149 306 320 353 1714 1770 1878
256 4 369 1155 1864 1991
730 2 149 1984
1365 6 380 591 730 966 1077 1867
273 2 123 1599
1761 3 879 1421 1906
1177 5 7 277 310 518 1479
742 3 541 719 795
564 9 141 454 889 1068 1296 1332 1382 1455 1489
81 3 191 782 1205
1600 4 77 597 867 1688
499 1 291
650 6 73 106 126 416 1350 1391
1918 4 432 709 1616 1710
1378 3 180 354 1658
341 2 1070 1898
1056 4 743 1106 1277 1982
1663 3 949 1046 1459
147 2 187 553
1031 3 386 1321 1527
311 4 614 917 1239 1676
183 4 286 500 1071 1482
1115 3 4 775 907
176 3 1040 1671 1785
889 3 321 691 707
1559 3 106 1691 1896
839 2 438 1090
884 8 103 176 377 808 809 1306 1421 1431
1731 3 447 738 1637
17 5 1010 1331 1382 1783 1818
301 2 1667 1919
1925 4 191 543 947 1333
1937 1 1579
1616 1 1153
255 2 547 855
1490 4 213 907 1189 1483
268 2 63 813
508 5 18 149 426 1548 1944
1854 4 587 1325 1761 1907
335 3 242 831 1964
358 1 771
806 4 843 1620 1965 1969
452 5 213 1152 1412 1480 1986
1524 4 821 1065 1510 1776
111 4 529 575 744 790
1731 4 293 618 729 1527
1148 2 336 1029
1531 5 466 634 914 1180 1854
1299 3 109 144 1029
663 2 251 1511
1254 2 588 869
1563 5 160 1197 1274 1523 1865
892 3 72 1389 1679
242 3 32 224 504
1490 4 124 516 1232 1795
1116 3 1206 1297 1316
633 2 549 687
1719 6 61 279 423 1025 1487 1968
1961 3 943 1333 1904
582 3 467 506 1267
210 6 492 699 932 1144 1648 1787
915 1 959
1358 4 186 739 1287 1934
93 1 1425
1765 3 716 1382 1582
270 1 1675
235 3 9 720 1618
1919 6 327 929 1024 1416 1447 1898
405 3 25 973 1142
787 3 1213 1250 1732
939 4 537 1638 1658 1971
1033 3 63 884 1877
409 4 62 180 192 1182
123 4 258 262 780 1044
1887 3 990 1574 1680
1429 2 407 627
1060 3 15 1035 1253
1844 3 141 175 1495
252 4 122 683 1010 1073
1437 4 145 1387 1468 1552
71 3 19 216 1611
967 5 44 582 671 843 1849
253 6 382 680 907 1030 1884 1961
1122 3 283 654 1948
270 1 1628
1752 3 514 816 1424
336 5 580 614 824 1293 1391
433 3 501 1308 1316
128 2 748 1584
1536 2 139 161
54 1 281
1355 2 248 1238
511 4 714 1412 1459 1616
1975 4 25 98 543 720
299 2 64 618
1033 2 332 404
1617 2 238 1082
1701 1 1665
1335 1 1719
1872 3 402 1256 1785
101 2 856 1222
349 7 606 1046 1215 1490 1504 1863 1999
897 4 253 542 559 1411
988 3 318 928 1559
702 3 410 560 1495
16 1 1004
1688 2 1471 1647
774 3 129 781 997
994 2 171 1294
1757 1 1961
1655 5 71 452 974 1833 1939
865 6 79 400 921 1524 1644 1931
1054 5 65 683 825 1110 1818
1754 2 266 584
1234 5 341 492 700 916 1544
839 1 1112
865 3 663 1391 1451
715 5 517 658 717 937 954
1280 3 974 1167 1245
1299 2 277 1492
356 4 707 966 1064 1268
1920 5 503 739 842 1191 1338
1199 3 635 1401 1473
1757 3 254 817 1103
1796 3 322 1167 1170
1783 3 349 540 1965
1981 4 238 904 1189 1578
256 4 204 356 1280 1303
1211 4 471 618 1564 1617
1702 2 464 1411
1655 2 75 1698
1247 5 828 978 1229 1270 1946
37 2 994 1750
66 4 22 195 726 1483
775 3 460 1197 1905
1508 4 1375 1414 1814 1943
611 5 259 294 318 361 944
1968 1 961
134 4 261 567 691 1359
1668 4 209 570 823 1394
630 3 170 487 1029
176 2 149 1504
143 3 103 332 1984
526 2 557 1050
1701 4 332 836 1102 1388
1197 4 936 973 1247 1990
168 4 688 931 1337 1615
1736 5 29 1123 1315 1402 1967
179 2 1191 1524
1931 5 127 203 651 807 1389
1070 4 705 859 993 1778
1882 3 113 1168 1171
1373 4 1021 1149 1300 1624
266 1 779
763 3 361 1536 1659
1107 3 1072 1865 1903
781 4 585 704 909 1700
1771 6 31 238 557 696 875 1447
489 2 681 1844
1079 5 547 605 658 1143 1270
65 2 1164 1567
1888 3 323 836 1533
162 5 660 1052 1597 1757 1792
1401 1 142
1054 3 399 1872 1955
625 4 31 127 367 694
669 6 21 452 472 604 1119 1392
306 2 1397 1890
1118 2 257 673
1883 3 180 730 875
1482 4 203 620 1488 1655
522 3 1200 1237 1782
1777 5 354 941 1238 1901 1905
571 6 300 462 820 1456 1829 1916
826 8 178 199 953 1116 1332 1664 1725 1760
1058 1 1568
1858 6 156 1028 1367 1522 1703 1911
887 8 655 723 902 1107 1335 1371 1609 1750
938 1 611
72 1 848
673 5 28 62 818 1083 1572
526 2 239 1888
1829 3 391 1587 1748
1648 4 182 589 1111 1913
1655 2 846 1884
1873 2 799 1626
1679 2 665 1916
1395 4 225 314 1125 1198
731 2 1484 1775
1225 7 258 473 525 1177 1282 1599 1696
973 6 245 466 628 1513 1705 1992
710 4 248 320 1406 1898
1963 5 338 401 456 962 1326
1397 4 296 571 766 889
1992 3 152 365 1083
1136 3 340 1282 1858
1610 3 115 489 1975
492 2 1440 1705
615 4 961 1318 1623 1899
1095 3 36 395 1847
166 2 1055 1404
371 2 1117 1899
1843 1 1241
1973 1 847
943 1 1697
288 5 678 824 1268 1503 1841
499 6 564 1279 1865 1885 1927 1984
366 6 181 205 1013 1052 1616 1719
127 5 133 362 1591 1642 1995
467 3 11 1274 1718
382 3 311 745 1108
1111 7 216 218 241 288 318 595 1792
775 4 582 1274 1541 1663
320 6 88 364 388 513 1271 1900
1861 1 1626
802 1 802
800 6 215 612 711 833 1219 1942
1462 1 1854
1708 4 151 413 1084 1145
753 8 340 577 1119 1267 1301 1416 1938 1983
459 2 1630 1687
761 7 76 79 207 260 393 690 1882
63 5 265 604 642 840 1652
1432 3 208 1085 1928
1522 4 509 1129 1414 1583
1955 4 202 427 790 1666
15 4 201 656 757 883
219 4 179 330 665 1480
1813 4 156 192 224 1204
1365 2 196 1906
1216 4 177 287 1096 1347
661 2 1143 1285
1534 3 387 1089 1558
1657 4 90 658 829 1292
27 4 55 936 1489 1808
738 1 1254
374 3 552 699 887
1594 5 137 570 977 1157 1971
1136 1 1819
246 3 183 1503 1948
973 4 1019 1317 1344 1750
808 5 74 514 705 1388 1989
298 4 686 790 799 1757
1611 2 1103 1304
252 6 434 942 1242 1396 1413 1682
1729 1 503
365 3 95 1581 1900
1398 2 520 1941
1663 6 262 278 497 550 1715 1818
252 4 1316 1643 1704 1766
822 3 32 338 484
19 5 323 587 921 1160 1163
1645 2 832 1999
1663 6 28 461 779 1096 1394 1568
1216 4 95 280 1605 1777
1513 2 1213 1655
1116 3 13 1462 1980
1522 4 245 546 774 1272
1765 3 1165 1686 1906
1947 3 970 1058 1436
1479 1 1239
334 1 125
3 7 312 805 1160 1295 1409 1896 1919
1539 5 1380 1677 1707 1786 1859
1184 4 243 445 1128 1386
580 3 564 784 928
447 1 279
1558 3 673 873 1805
18 3 81 126 698
1033 3 746 1047 1663
1054 3 1265 1866 1925
1334 2 222 247
1648 2 1121 1766
283 2 321 329
1211 4 15 450 911 1956
1755 5 233 708 1339 1626 1709
394 5 248 868 959 1155 1609
605 7 161 598 650 678 930 994 1274
1275 4 1063 1141 1527 1691
562 4 71 956 1487 1661
1583 3 313 427 1515
1242 1 1596
747 2 802 1907
453 2 1575 1854
1157 2 422 1907
619 3 214 1643 1888
1396 6 51 205 791 813 889 1066
101 5 265 681 941 1581 1723
1798 4 287 374 508 1428
761 2 748 1102
81 4 213 471 966 1469
1663 3 135 388 990
913 4 259 649 1012 1184
848 3 477 1393 1867
115 4 210 463 623 718
747 6 5 85 404 811 1004 1099
288 2 668 1185
367 5 582 1133 1290 1465 1474
123 1 137
1325 3 504 514 523
1081 3 169 953 1794
1803 4 157 1231 1598 1691
385 2 217 535
417 4 9 389 1432 1562
1077 3 3 1687 1924
219 2 205 888
1436 2 587 1078
1715 5 186 709 932 1240 1885
1405 6 310 313 368 1138 1233 1385
1685 2 737 1817
1854 3 628 1543 1641
733 5 375 1007 1211 1345 1514
1262 2 1652 1989
3 4 101 169 1675 1842
1205 5 249 880 999 1476 1521
1390 5 26 215 666 1556 1596
603 4 719 1524 1542 1667
869 1 117
1920 5 217 675 913 1298 1977
75 7 164 297 494 962 1048 1176 1555
1358 5 17 238 607 632 1884
1652 4 499 561 793 1213
359 3 169 403 1405
39 3 644 914 988
871 4 60 879 1141 1810
740 4 166 428 1240 1428
1816 3 54 496 1335
276 3 377 1442 1768
1866 6 250 427 606 1452 1553 1679
756 8 76 178 183 191 265 1497 1573 1744
398 6 101 640 757 1105 1494 1861
12 4 1682 1693 1736 1907
179 2 597 1874
256 1 632
790 4 926 996 1053 1834
1722 5 51 1118 1253 1356 1780
689 1 1678
1617 3 73 610 1042
1546 2 304 557
1224 2 877 1511
1389 1 1928
1054 4 584 1290 1380 1906
868 1 1019
497 4 15 703 1859 1871
1966 4 182 806 1100 1865
1343 2 1910 1933
764 3 301 1517 1945
611 6 20 264 371 1500 1805 1831
1825 4 1553 1671 1903 1944
154 5 73 220 887 1384 1661
1945 6 304 710 1247 1330 1664 1829
1583 4 53 1272 1412 1916
726 1 798
395 3 727 794 1077
1617 4 1251 1335 1495 1615
1754 6 603 787 814 1401 1462 1555
12 1 368
1063 5 222 641 801 1332 1593
718 7 191 370 435 1041 1358 1397 1545
1889 2 2 591
1454 4 427 723 1106 1284
350 3 1051 1183 1738
1251 7 83 415 417 510 515 552 1632
595 3 552 1306 1509
630 2 746 1261
251 2 138 327
1493 4 93 1164 1441 1862
1230 2 245 1931
373 1 1264
1100 7 84 485 615 1491 1810 1827 1967
458 5 620 861 1152 1488 1850
1898 3 35 1455 1588
319 1 1700
1663 2 438 724
1694 1 1822
357 2 4 322
1434 5 545 791 1002 1304 1982
255 3 14 108 1266
1200 4 43 317 473 1530
1491 4 486 848 1333 1957
1487 4 118 591 1421 1904
255 5 306 368 1162 1507 1959
1216 5 55 428 620 995 1514
1922 1 649
1748 3 343 581 1810
1857 4 150 336 1033 1038
256 2 376 1271
1434 5 337 1440 1607 1653 1678
733 1 1543
1742 2 789 1652
1857 1 468
1603 3 122 551 820
127 3 702 1354 1386
616 3 672 956 1563
1207 1 840
88 4 35 112 951 1055
840 4 392 748 1088 1534
453 4 125 149 570 947
1649 3 107 1174 1463
1594 3 304 1881 1985
1791 1 159
246 4 366 635 1153 1759
924 3 1128 1440 1668
71 1 248
1400 6 304 334 842 987 1453 1736
458 4 89 130 987 1515
1672 3 920 1454 1661
1355 3 231 1172 1490
1993 2 844 1563
599 2 960 1397
1359 5 122 211 337 686 891
1992 2 364 1260
1101 2 1055 1590
577 2 1329 1389
1422 3 229 776 788
1719 4 500 1609 1886 1966
349 5 215 478 719 1435 1719
159 1 1040
139 1 1837
558 2 236 1083
84 4 852 1525 1550 1816
1912 3 1436 1479 1978
1541 7 414 570 1070 1267 1665 1790 1979
560 1 1973
497 3 620 940 1821
851 5 360 1050 1417 1474 1622
1005 4 63 159 827 1795
1051 6 716 834 899 1142 1453 1726
1324 2 623 1457
268 4 397 526 1570 1633
551 3 1319 1351 1434
729 3 110 818 908
578 2 1614 1660
1960 4 60 751 1200 1423
27 1 711
586 2 45 1290
1672 4 82 238 437 660
1981 9 271 486 1388 1393 1405 1415 1454 1538 1999
1719 1 1935
881 3 621 996 1083
991 2 1387 1660
483 2 296 305
767 5 171 517 1027 1064 1463
115 3 683 1035 1384
1662 3 105 452 1626
358 4 72 544 1821 1843
1768 3 482 1636 1746
859 3 173 612 1285
915 2 438 615
1051 4 1476 1599 1845 1905
649 2 256 1190
508 3 200 360 718
830 4 4 505 1543 1753
1629 3 436 637 869
1048 3 375 533 1287
912 3 363 987 1208
605 4 42 1337 1434 1895
1100 2 1696 1884
1062 3 1157 1823 1852
213 6 454 540 640 1629 1924 1968
80 2 705 821
1337 3 707 1172 1512
1902 2 645 1475
1033 5 401 1139 1506 1805 1870
942 3 208 1564 1580
1572 3 745 967 1436
830 3 722 1081 1806
1214 2 567 968
1333 2 1343 1408
88 4 299 338 754 891
1300 2 325 1287
1955 3 204 463 1449
1046 1 203
739 3 412 1132 1877
144 3 206 1130 1253
1765 4 15 1269 1814 1987
1343 7 224 376 584 650 1063 1635 1983
365 2 6 1488
1245 2 1416 1904
1088 2 566 1341
1701 1 1911
1998 3 1066 1658 1920
772 1 585
1183 4 5 1013 1470 1706
894 4 690 753 1141 1399
1546 7 149 385 552 925 1039 1514 1975
1270 3 260 410 1583
1224 3 573 1324 1711
1702 3 90 400 630
599 2 166 1016
250 2 1143 1218
895 1 735
358 3 769 824 1411
353 2 126 326
349 5 38 92 505 762 1390
798 3 180 1282 1584
519 6 44 963 1072 1292 1759 1893
1802 3 570 1369 1971
597 6 273 524 526 548 704 1869
750 5 192 735 946 1549 1850
1406 5 323 1188 1367 1695 1975
260 1 1026
1655 4 304 806 960 1166
1977 2 286 975
1430 1 1873
122 2 1328 1833
1425 2 299 481
915 3 27 482 1332
222 2 1459 1998
861 3 11 346 1973
1854 3 530 841 1932
1268 5 461 629 890 1602 1731
299 4 1707 1857 1919 1956
608 7 214 267 371 889 1158 1237 1475
1975 1 192
121 2 852 1412
134 6 96 528 585 648 726 1676
1114 5 3 1067 1629 1837 1852
1116 2 317 457
1508 2 949 1628
76 4 892 1286 1301 1873
1262 5 203 1531 1619 1781 1964
1701 5 359 405 1123 1516 1791
1430 2 1369 1818
612 2 903 973
407 3 883 1353 1362
433 3 41 603 1386
345 3 16 83 1108
1621 5 133 1219 1671 1796 1977
371 1 1940
425 4 184 585 962 1205
1408 1 1306
1854 2 1190 1495
1673 2 1371 1586
1881 4 64 291 1688 1761
1854 6 585 1139 1335 1415 1793 1818
1864 4 1067 1130 1633 1781
1398 4 1552 1700 1755 1893
568 2 1687 1975
1434 5 658 814 848 1389 1810
1743 2 221 687
1937 3 1138 1463 1996
847 4 305 325 890 1383
1080 1 1374
219 2 447 1532
815 4 407 540 974 1284
101 3 1447 1605 1716
1638 3 202 715 1089
239 7 392 758 881 1076 1136 1279 1284
1465 4 18 143 676 1374
501 3 1349 1734 1958
330 5 2 480 1493 1784 1964
1870 3 79 520 1832
1234 5 260 274 1202 1316 1615
705 4 486 1270 1703 1798
372 1 1770
1524 3 433 951 1427
1033 4 158 503 1381 1636
551 3 35 1800 1938
1510 3 156 190 1779
803 4 223 893 1606 1920
1209 4 137 210 1116 1229
929 3 833 1091 1952
739 2 1921 1952
1300 2 1313 1388
1953 3 410 447 1951
1365 6 25 168 968 1258 1369 1563
1823 2 41 1004
168 3 177 254 265
1407 2 524 883
65 4 1334 1581 1758 1782
1870 4 67 652 1140 1273
1854 4 747 1519 1669 1944
589 3 468 1204 1486
1073 2 1239 1761
1773 4 410 507 759 769
991 4 229 892 1310 1976
651 7 597 1209 1271 1399 1503 1545 1968
358 3 622 731 1272
740 5 807 1188 1266 1295 1300
1117 9 103 106 252 420 495 670 1255 1329 1348
1931 2 1320 1756
444 3 27 658 930
1023 2 608 1890
1757 5 28 120 161 868 942
972 4 166 1076 1494 1824
1903 5 29 157 593 819 1400
1757 1 1593
1953 2 806 1885
1693 3 668 1847 1864
373 3 346 372 864
244 5 22 230 413 1170 1990
1280 3 17 1150 1693
988 2 543 1194
943 4 36 906 1367 1752
1753 2 468 1285
988 5 211 348 557 1439 1459
991 3 549 1303 1481
1262 5 225 711 793 857 1455
556 4 89 411 423 1155
889 1 1724
1809 4 10 930 1267 1444
901 3 954 1448 1466
528 3 1268 1467 1983
208 4 435 683 1273 1701
1983 3 374 1136 1873
1217 3 993 1677 1735
1935 2 580 656
309 4 1439 1455 1594 1817
981 2 694 783
1874 3 13 80 1510
1589 2 304 627
451 3 631 709 1176
1596 7 417 470 811 1176 1316 1429 1828
1243 4 132 315 516 1293
1000 3 645 1217 1456
77 5 43 261 1059 1186 1249
1983 2 301 1853
1896 3 173 1218 1562
1120 3 302 881 1809
1347 3 1085 1654 1740
326 5 239 421 1263 1333 1697
1247 3 53 1162 1456
1254 2 1127 1128
1600 6 7 889 1077 1093 1237 1470
1279 4 44 173 1096 1168
181 4 636 886 1531 1867
1618 6 596 606 882 1078 1856 1867
566 1 1457
1697 8 545 553 688 870 1046 1643 1736 1829
1483 4 431 674 1154 1752
596 2 135 155
715 3 178 489 682
1399 3 84 508 553
274 3 186 754 1697
768 2 277 746
1673 3 1365 1887 1900
1000 5 43 167 325 1348 1527
1401 3 235 984 1216
671 4 141 298 576 785
128 4 169 299 462 857
1819 2 470 819
1337 2 617 1485
1177 4 240 884 1072 1433
475 2 15 1570
1603 2 626 1038
1289 1 886
1420 3 508 725 1646
257 6 217 370 559 1290 1639 1868
496 3 1224 1294 1327
1838 1 1711
95 4 1162 1597 1663 1857
1870 2 1199 1781
994 1 1072
1094 2 44 202
1980 3 290 322 1353
656 3 1031 1512 1757
748 3 582 1042 1512
1183 2 787 793
166 3 1017 1064 1190
1961 2 617 1799
1228 3 720 796 1318
834 4 683 708 1209 1653
1552 2 461 1843
762 7 365 604 616 775 1141 1415 1488
1912 4 255 1283 1381 1812
1390 2 596 870
208 1 1858
767 1 845
872 3 604 1396 1957
522 4 1067 1453 1899 1995
1224 3 61 201 721
1268 1 1701
1554 4 387 714 1105 1530
803 4 379 404 1761 1927
252 5 1078 1166 1325 1691 1974
943 6 167 477 493 1188 1850 1875
428 2 1089 1454
23 3 635 1134 1660
1689 2 363 827
1970 2 946 1811
1216 4 100 297 345 1485
1183 4 1405 1693 1831 1938
963 4 410 472 1060 1938
1279 2 207 1119
63 1 283
1362 3 190 965 1226
501 3 546 1273 1808
263 6 402 769 891 1239 1440 1640
1579 5 288 503 1066 1097 1921
749 2 721 1530
844 1 473
1436 1 493
133 1 1291
1146 3 774 1338 1845
740 3 68 1716 1791
495 5 342 473 484 1072 1287
1935 3 657 781 1062
1991 4 269 357 417 1800
1461 4 112 709 1846 1924
1161 3 1108 1446 1729
1980 5 110 250 918 1446 1698
1336 2 508 1503
896 2 1552 1852
1962 3 165 842 1442
141 1 152
557 2 389 1886
491 6 1080 1298 1329 1332 1577 1987
1754 2 1277 1762
718 3 16 1207 1692
492 2 58 1260
943 5 395 509 803 1541 1794
1626 4 1052 1177 1237 1328
563 3 317 781 1531
137 2 401 1826
1881 2 316 1814
1454 2 368 883
1912 3 1683 1978 1989
930 3 144 1661 1928
240 4 385 576 584 1164
1742 5 117 127 156 762 1472
981 2 1425 1695
612 2 97 254
1725 5 71 150 359 581 1053
444 3 729 1276 1364
551 3 421 691 838
205 3 46 393 1611
1822 1 595
1373 1 1781
1124 2 112 1832
1836 3 294 533 1424
1278 2 880 1601
298 3 927 1112 1269
1968 4 904 1208 1726 1907
1544 4 740 1468 1843 1957
1895 4 1044 1067 1287 1903
1240 3 45 1366 1368
1572 5 579 1095 1192 1271 1596
291 6 340 421 507 1555 1659 1999
1347 3 647 1484 1635
671 4 465 978 1431 1810
1902 3 214 906 1251
938 1 1050
1432 3 1354 1714 1779
1663 3 235 280 846
1236 3 47 1010 1116
671 2 1210 1719
889 1 242
1366 1 1583
1570 2 9 1667
519 3 117 1542 1978
1418 2 320 379
11 2 664 1844
1873 3 141 1332 1619
1792 1 1238
349 3 422 1285 1559
959 4 527 908 1943 1994
852 3 181 315 1098
1434 4 424 1279 1289 1418
814 3 874 1125 1546
1812 2 1129 1290
1980 3 1 863 1252
1146 5 66 1006 1355 1483 1920
1005 2 88 1323
943 3 833 1756 1844
1819 3 116 1115 1693
762 3 233 1001 1667
536 6 184 619 682 945 1058 1176
148 2 1649 1696
408 3 394 560 1835
1649 4 27 698 1454 1703
915 2 799 1299
168 3 835 1182 1887
707 5 67 264 723 1071 1568
492 4 975 1251 1786 1922
815 2 1193 1859
566 2 624 1333
444 2 45 228
1810 4 400 628 1511 1958
1603 3 490 1145 1810
564 1 1897
1857 5 313 388 1681 1772 1989
480 3 433 539 1728
317 2 338 1558
944 3 133 233 1790
403 5 91 1049 1732 1766 1798
1217 4 26 1008 1558 1612
1687 4 951 1252 1606 1904
1761 1 6
519 2 217 1960
1414 3 347 965 1343
1420 2 283 1367
871 4 52 502 1543 1817
1258 2 374 547
117 1 1618
1452 5 829 1115 1334 1456 1709
1823 6 688 694 992 1024 1257 1548
208 1 1830
1631 4 335 726 1344 1875
1333 4 69 141 758 820
1454 2 469 1275
441 5 49 460 1266 1283 1800
358 3 636 912 1339
1199 3 163 785 1728
854 1 298
497 4 346 410 702 1913
220 3 147 233 675
392 1 1287
974 3 27 115 1853
1143 3 1176 1571 1938
492 5 15 319 737 1231 1894
603 6 828 1168 1172 1425 1527 1656
620 5 58 137 386 1123 1806
1063 4 931 1153 1406 1413
1557 3 1343 1520 1594
253 4 315 518 1323 1923
168 6 33 591 1048 1156 1530 1750
1998 3 192 1388 1467
140 1 910
1835 5 243 310 1007 1705 1821
455 5 103 220 635 1150 1545
810 2 54 325
446 4 608 992 1598 1885
1398 3 122 1437 1994
1280 4 367 969 1616 1913
1375 3 111 338 1029
145 6 827 1195 1533 1620 1754 1815
842 3 1241 1562 1681
806 2 703 1187
1398 4 218 1348 1429 1502
598 2 1098 1645
1487 3 236 803 1032
158 3 369 729 1212
1963 6 315 342 543 898 1909 1992
1183 3 316 1366 1529
1333 4 428 466 973 1689
374 5 221 1140 1236 1502 1609
1941 5 468 685 714 835 1621
1161 3 514 1160 1257
1153 4 359 414 676 1970
1752 1 776
1832 4 1098 1247 1517 1967
1673 5 39 1040 1643 1705 1764
1273 3 159 676 1209
832 3 409 1158 1411
735 1 1803
1224 1 1129
149 1 82
564 2 1 1756
579 1 1981
912 5 273 563 994 1436 1706
656 2 136 748
1998 4 218 398 712 1732
924 3 1247 1793 1828
691 3 718 1331 1394
1776 4 44 283 394 604
1077 5 20 172 1230 1641 1677
425 3 84 1072 1983
324 2 222 494
483 1 1628
707 3 249 685 977
1521 5 528 1176 1245 1369 1459
1924 4 223 383 949 1440
1280 2 59 747
522 4 4 645 804 1512
556 5 91 305 990 1211 1969
1864 4 208 559 964 1762
1111 3 1375 1390 1630
868 3 692 1640 1886
1577 1 1502
718 2 607 1753
1254 1 1559
476 1 1662
1881 6 825 1025 1111 1439 1574 1618
1031 3 418 752 1465
1935 2 446 1221
1614 5 120 912 1426 1543 1852
1300 6 587 647 1089 1125 1501 1547
283 4 93 755 1097 1131
1943 2 44 1997
1230 6 229 650 756 1124 1202 1691
938 2 885 1654
589 4 30 1064 1074 1695
1986 4 110 461 811 1049
1895 8 147 210 258 416 519 1072 1348 1967
27 3 535 1033 1740
928 5 561 754 1341 1643 1812
1420 3 271 761 916
1736 3 1119 1123 1256
533 3 259 1483 1653
1177 6 215 429 587 864 1874 1880
912 2 115 178
1803 4 581 652 1139 1419
605 2 1124 1727
1230 5 508 560 835 1651 1815
1571 5 13 60 445 716 1809
1850 3 1073 1143 1568
1465 3 85 571 1631
190 3 979 1210 1773
1305 5 143 322 1021 1680 1745
1150 4 115 550 905 1458
837 2 593 1107
777 4 11 1216 1672 1687
1932 3 773 1238 1450
1888 2 338 1425
70 4 636 656 793 1945
1864 1 597
1906 2 26 610
828 2 590 977
887 3 206 1741 1988
1421 2 1586 1835
693 3 1338 1368 1413
601 2 832 1786
1184 3 345 776 1722
886 3 186 629 1023
1037 2 1045 1506
257 1 1393
1005 4 56 190 1864 1910
1940 6 245 1309 1578 1743 1891 1913
501 5 213 594 1343 1392 1671
596 4 198 276 1642 1989
1893 3 117 788 1470
1454 4 91 491 1397 1402
1953 4 174 211 699 1446
237 7 167 270 464 594 1408 1440 1695
305 6 225 1001 1201 1570 1712 1898
1216 5 959 1015 1265 1576 1684
263 6 366 472 551 1092 1519 1883
1663 5 27 808 1231 1860 1961
992 2 181 1540
771 3 484 523 1456
485 5 299 1038 1182 1316 1828
927 5 77 222 907 1509 1809
1483 5 584 632 760 922 981
72 11 138 261 594 739 953 1133 1180 1316 1318 1920 1985
558 5 952 1002 1182 1644 1845
1823 2 853 870
1021 4 255 1387 1750 1771
1505 6 36 662 1027 1906 1953 1992
1854 3 453 549 1821
1325 4 242 784 928 1840
1216 3 534 934 1013
1751 3 143 179 688
1819 3 399 931 1125
1057 2 84 1037
1190 3 654 910 1147
868 7 97 143 194 306 1092 1689 1968
388 6 55 963 1300 1499 1603 1795
1473 3 251 715 1686
1486 3 153 779 1968
1126 3 621 1323 1545
282 5 16 97 232 668 1929
606 1 391
336 8 185 196 386 749 932 1260 1365 1774
944 2 1494 1562
948 6 617 861 1016 1472 1657 1998
1416 3 628 1123 1413
86 2 48 1314
213 3 36 632 1701
1684 5 163 477 548 555 787
898 6 227 662 792 1355 1402 1410
371 2 281 948
483 3 576 898 1560
1550 4 376 593 794 1968
1887 4 71 878 883 1080
269 1 1724
961 5 135 726 917 1741 1776
917 5 241 609 1170 1430 1826
634 3 364 1530 1678
1407 3 50 133 1393
1512 2 607 722
187 7 114 149 911 1082 1372 1565 1969
1932 1 1728
1854 3 80 190 503
1430 3 174 860 1608
1005 2 982 1348
1375 3 184 732 1817
182 3 222 628 1523
111 3 883 1104 1836
1616 2 149 1916
803 2 1112 1416
1945 4 451 673 778 1447
255 2 459 479
1033 1 1779
1058 4 644 1093 1267 1638
1563 3 653 717 1607
242 3 382 1271 1680
227 1 1053
18 1 1603
505 4 516 1410 1456 1680
1436 8 173 310 580 848 1342 1353 1378 1950
282 2 352 1543
1197 4 181 689 702 1320
621 3 789 1541 1974
1178 1 449
775 3 385 487 887
1365 4 578 1051 1674 1717
219 6 19 328 708 928 1849 1870
17 8 342 883 1114 1191 1271 1382 1678 1976
1610 6 304 1279 1587 1645 1947 1961
1698 4 1084 1345 1368 1529
131 2 1232 1471
1224 3 639 887 1256
1116 6 21 502 1137 1623 1734 1964
481 2 841 981
1407 8 141 162 581 620 814 1623 1836 1843
808 2 1654 1863
324 3 37 1355 1496
944 2 61 123
1610 4 224 420 604 1173
607 3 307 855 1025
1854 3 1630 1844 1922
1783 2 1475 1526
1095 3 1529 1646 1763
2 1 827
1570 5 568 626 1317 1622 1769
1856 2 97 1511
1442 3 79 1002 1259
1 3 452 739 909
1145 4 751 798 1042 1992
1288 3 89 244 1356
1872 4 377 1167 1319 1587
298 4 143 908 1509 1991
1410 6 267 293 987 1397 1402 1482
1919 7 21 53 62 127 225 317 1782
1904 6 206 295 1004 1063 1091 1652
22 2 1323 1724
580 2 1098 1804
1021 4 654 819 1759 1889
1854 1 45
1176 7 617 783 924 1496 1603 1693 1886
1231 5 232 1050 1276 1483 1868
1636 4 334 1037 1119 1930
197 2 657 1654
677 2 1571 1884
1559 2 289 446
844 3 1371 1392 1959
358 5 360 457 1758 1827 1908
1788 3 647 734 1180
1202 4 433 1045 1485 1811
1607 2 49 551
630 2 914 1985
137 5 49 853 899 946 1205
1080 3 538 804 985
942 2 866 1569
1007 4 479 555 559 803
911 6 53 261 400 719 807 1973
936 1 1070
12 6 304 401 538 634 1145 1444
281 4 1036 1199 1416 1539
824 5 603 658 885 928 1689
147 2 1569 1793
263 2 873 1959
1518 4 846 1200 1520 1560
1407 3 220 305 1042
365 5 228 233 258 1607 1698
72 2 351 1009
1922 4 89 741 785 1507
141 2 1682 1994
902 3 142 976 1570
1748 3 940 1012 1896
815 4 92 125 1129 1334
1146 1 176
1211 2 791 1307
1434 3 1195 1422 1848
252 2 704 906
668 4 1471 1489 1585 1942
349 3 644 680 1739
71 3 249 650 1078
1382 2 161 1146
1755 2 93 241
1549 5 211 543 722 1074 1683
576 4 109 563 566 957
1827 3 535 1541 1898
194 1 114
1033 5 91 770 1046 1212 1719
1696 3 509 1505 1548
1754 4 672 780 807 1330
1701 4 287 1514 1942 1976
780 4 432 746 898 934
972 3 806 1378 1646
1000 1 1468
15 3 61 305 887
675 1 214
808 8 27 217 358 558 578 947 1348 1993
1145 4 183 529 1671 1986
1694 3 1037 1397 1478
1927 1 226
1532 6 95 163 188 628 1173 1290
792 3 202 739 1470
1033 4 744 1749 1844 1928
458 4 6 100 341 844
339 2 1411 1997
1881 3 50 1303 1567
1445 1 1619
1248 4 224 620 988 1437
932 3 336 1715 1780
1407 2 1001 1631
1423 4 450 1036 1303 1842
151 4 719 832 1091 1731
1858 4 190 839 1884 1963
557 2 242 264
936 3 6 743 1646
1434 3 1298 1899 1956
1257 2 1378 1650
1547 2 276 923
938 5 962 1296 1382 1570 1745
1866 3 469 1122 1751
1328 2 1614 1842
1985 3 479 880 1137
860 6 156 281 615 928 1056 1984
731 1 1125
1986 4 1093 1237 1285 1775
256 3 500 1141 1941
1888 3 173 891 983
1904 5 74 730 946 965 1881
1649 5 88 221 1031 1451 1960
550 2 213 1774
1080 4 957 1279 1799 1976
47 4 648 717 1449 1610
1107 7 465 1106 1170 1461 1786 1790 1798
1757 1 203
651 6 74 358 439 1545 1781 1905
241 3 279 754 1988
1477 2 176 1288
531 3 1010 1370 1951
194 5 16 156 510 1142 1845
1409 1 1951
242 2 888 1346
1000 3 136 1151 1917
1830 1 1560
483 3 411 579 1811
1505 6 232 364 1395 1463 1549 1681
1563 5 428 699 1038 1053 1201
817 4 624 961 1134 1928
650 5 212 355 1022 1366 1382
1940 5 1202 1219 1626 1785 1976
1247 1 1943
1277 6 482 556 932 1175 1188 1691
815 5 487 754 916 1704 1769
939 2 467 1487
1187 4 260 341 468 1194
1565 3 669 1390 1798
522 4 47 1040 1130 1307
1063 4 663 1224 1265 1919
1883 6 1041 1252 1408 1684 1711 1825
1033 2 934 974
1085 3 1678 1762 1839
1744 4 646 777 1333 1444
1295 2 227 1601
1697 2 1379 1396
1292 7 29 342 504 1406 1567 1688 1941
1711 2 154 1505
1436 3 759 955 1989
1752 3 201 1071 1431
848 2 597 1516
1529 3 112 521 1172
267 1 1344
1522 4 495 990 1035 1731
527 3 632 704 741
330 3 883 976 1050
1219 3 159 292 938
508 3 241 928 1029
573 3 304 367 1723
1742 4 204 1191 1554 1915
61 2 1029 1147
1563 3 1108 1543 1915
651 2 78 1201
179 3 812 1039 1889
24 3 958 1049 1925
1701 5 800 1340 1652 1837 1856
102 4 288 289 1601 1877
1149 3 343 510 1350
1161 2 624 1310
842 4 570 1718 1874 1952
207 1 256
1357 2 1092 1626
1920 3 766 1240 1850
458 4 320 970 971 1850
1887 5 446 709 714 1097 1281
311 2 1430 1856
205 3 366 1229 1933
915 3 129 1311 1750
973 4 136 329 331 1390
179 2 320 1303
1458 3 1489 1771 1929
1742 3 1074 1317 1486
820 2 954 1834
1397 3 1175 1367 1437
1373 3 118 226 1451
1257 2 294 1570
1663 6 62 425 471 898 1430 1821
1768 3 1782 1838 1859
1171 3 717 1441 1850
1911 7 62 434 457 858 1375 1414 1449
807 3 498 1173 1300
1473 3 342 495 1475
834 4 112 195 1218 1359
1300 2 635 1805
1742 4 667 688 1018 1394
756 2 655 1259
1065 7 102 153 277 473 845 1558 1636
821 3 451 667 1432
223 3 726 862 1687
719 1 1175
350 3 689 1106 1945
911 4 220 691 925 1042
255 4 410 554 612 1261
1399 1 84
1710 4 556 1689 1767 1833
1510 2 243 631
1563 3 515 626 1504
1182 3 167 1522 1783
1702 2 705 781
1046 4 40 934 1010 1783
947 2 1355 1611
462 2 820 1919
1025 4 137 631 1410 1852
208 2 1663 1707
1339 3 37 331 568
810 3 266 659 813
802 5 219 258 908 1418 1969
1434 3 176 254 558
136 1 285
926 4 77 387 888 972
928 3 107 671 840
1857 4 174 1350 1787 1818
207 3 1091 1096 1553
252 5 382 1511 1770 1962 1983
1888 2 249 1053
566 5 271 737 773 869 1440
77 6 313 616 952 995 1160 1312
887 3 250 1290 1725
87 2 949 1352
630 5 462 1266 1582 1861 1968
269 3 331 1726 1776
1655 3 1053 1667 1744
1811 2 589 1313
560 3 34 48 1530
1307 1 435
1937 6 632 821 1147 1169 1217 1714
1673 5 365 1670 1765 1808 1857
1548 3 119 508 1922
1235 3 83 110 1594
1085 1 74
455 2 203 304
307 2 833 1486
1829 4 64 768 785 1400
1122 4 705 833 1407 1606
276 3 945 1422 1663
99 3 967 1548 1998
1746 1 889
1174 3 544 727 1846
959 2 217 1731
445 6 352 435 1151 1562 1630 1669
1743 2 892 975
77 2 691 1927
1178 3 438 1892 1960
415 6 154 392 444 1092 1438 1650
85 4 36 509 862 1692
1566 4 917 1320 1398 1785
1071 1 721
1305 3 1190 1260 1673
838 2 1663 1758
458 5 540 997 1069 1459 1914
1874 2 449 488
244 4 891 996 1143 1529
826 6 873 1062 1135 1205 1252 1662
338 4 476 637 953 1038
981 3 673 986 1517
1178 4 145 298 1441 1568
803 1 1418
382 2 138 363
569 4 909 1035 1108 1130
1719 3 1239 1467 1788
16 5 1011 1151 1234 1731 1860
1986 3 211 1075 1925
763 3 48 771 1437
299 3 92 1414 1645
735 4 408 654 778 823
1408 3 622 1388 1622
1648 7 324 457 708 928 1029 1090 1221
417 3 694 1052 1396
579 4 298 1037 1103 1636
219 4 79 686 862 1918
939 2 313 1339
1529 3 874 1092 1124
1073 2 860 1344
1257 3 727 1192 1913
1721 4 112 592 1336 1889
168 3 163 1156 1493
377 2 1672 1936
1273 4 23 386 426 827
1757 4 7 57 235 942
1701 3 39 1094 1936
537 1 1686
934 5 276 801 939 1464 1873
1422 4 36 38 517 661
27 2 696 1294
1860 4 29 1110 1572 1669
994 3 132 282 342
1238 5 140 382 541 758 1853
1577 1 161
1488 1 43
1574 1 1136
1833 4 607 686 744 1053
1479 3 291 594 1558
405 6 226 842 846 1408 1754 1770
1305 3 892 1599 1804
981 4 668 716 1187 1481
1442 3 114 1310 1687
679 1761 638 711 1352 1777 592 41 428 1276 906 888 1345 1675 1198 793 1951 826 732 1850 1841 1613 161 28 1518 1183 1182 197 1898 1849 621 1491 1799 97 1980 1051 1532 1823 926 1374 1624 1878 1138 98 1955 798 926 1613 1366 729 958 930 1231 493 321 1021 1791 975 659 1783 573 1197 1299 1794 1728 1935 163 164 276 686 1357 1121 1403 1819 889 1339 794 775 709 1615 23 556 241 1450 446 1872 814 1892 1250 1880 403 1132 1717 1190 800 782 49 966 1819 691 607 613 1804 1601 1529 517 68 1805 1632 477 729 722 1003 999 341 881 1446 1240 1631 1673 16 1477 854 1109 55 102 1366 1286 761 920 752 1903 569 1915 457 1640 1778 1114 565 1896 764 550 25 1922 1435 1621 1868 1763 258 304 223 148 1109 391 791 1778 64 1010 1041 1953 1409 1895 1245 528 132 254 860 1401 246 948 904 1037 1288 1034 1007 1952 1381 767 1923 1145 714 728 1217 25 965 1464 220 1278 1153 193 1249 1854 1361 509 173 148 288 1132 962 1853 880 1140 1165 460 349 260 1135 297 1270 947 1376 1315 702 543 1656 1846 785 254 64 1888 1006 1449 179 437 694 1332 551 218 1693 327 45 1390 536 1811 598 1948 850 1872 52 493 1526 1728 962 906 1479 101 525 676 1559 1886 748 1083 1850 1327 1966 768 151 857 1813 6 1097 898 1815 1500 28 1446 640 212 763 352 1286 1008 1956 355 752 203 1141 621 1568 600 1572 788 1641 1103 994 1038 168 689 1393 1878 1473 1397 1395 1030 411 1277 1798 726 1522 1683 1018 864 411 1300 1717 543 392 1318 1903 1579 754 334 1066 761 1193 716 146 1133 1193 1442 141 1994 1367 1939 192 90 1705 579 1083 1297 1717 566 1241 592 1313 1813 424 546 583 957 316 496 1258 990 1130 29 1390 99 783 242 1897 1066 479 946 516 672 275 1710 1124 1427 1727 466 1818 897 389 940 1322 862 507 1173 1192 813 254 1111 218 698 1063 528 130 1414 81 1089 598 432 395 1556 136 1494 1981 1945 1246 421 412 667 1143 1971 1094 1473 1100 379 1334 1504 1679 1921 771 1402 937 1179 1721 605 536 124 1264 991 764 878 264 1142 964 688 1162 245 707 549 1157 1163 1346 1660 1683 1934 1228 42 1843 324 1928 535 440 252 187 1887 1019 907 317 1597 500 27 1072 892 675 664 316 1688 215 1195 1626 644 1393 1335 962 1280 205 1531 949 704 1101 461 1548 130 11 343 1351 907 804 1296 1582 1113 1128 1875 7 1308 358 597 1420 450 278 1199 342 1927 1142 1223 777 193 112 790 1905 119 1786 885 690 1139 1907 1642 1041 71 726 1154 1589 1333 117 274 804 1665 214 1065 1292 213 831 1345 1764 1672 1620 1089 116 448 1987 1946 1900 1038 169 879 576 612 1560 1562 39 1308 1528 488 1069 746 1719 1026 1020 1599 256 592 880 203 1164 641 1707 414 1156 1610 592 1639 1434 1321 231 1760 120 102 1982 639 858 365 461 685 171 969 770 1321 732 1098 631 439 855 1471 820 896 730 365 1468 243 1721 209 777 1070 1868 1558 157 427 1004 79 73 569 658 452 120 687 694 1829 1991 1811 1708 160 1761 783 1288 1375 1993 674 971 717 855 1591 626 1481 39 535 282 1889 1494 1658 1706 642 1658 1668 1019 492 1616 1454 1584 325 671 176 95 1946 776 630 1754 802 503 131 383 1612 1546 1060 691 182 1242 1738 661 1428 1066 618 670 1251 1327 1147 1793 918 1364 1594 344 754 1524 924 1283 838 1785 1017 1427 1740 70 1249 1303 317 743 1882 1792 526 240 1659 1581 274 1349 1416 1216 1196 49 822 427 486 1645 1397 445 988 1236 483 445 1391 1339 457 783 334 1794 438 357 1952 1295 569 182 748 197 15 1503 670 1981 1156 1645 459 1663 1978 507 1387 555 1856 1351 1609 414 4 1128 145 352 990 317 1330 528 29 8 24 667 411 672 25 492 1632 10 1349 1813 377 1403 986 1146 1698 1058 1086 692 473 978 9 1193 250 693 1707 646 1413 683 1156 813 1202 1728 1734 1581 173 360 404 1496 1118 1827 518 1987 1335 1692 646 1105 527 396 1455 1377 74 1402 474 990 598 97 420 986 1504 856 173 536 1124 1624 1588 450 63 1981 1930 1357 1080 645 1875 935 348 709 656 780 1870 689 955 1089 643 1353 653 419 791 1825 599 117 1795 891 1865 742 139 879 1643 1495 1017 682 270 915 366 622 1357 1144 1412 611 1516 1238 1060 1350 1329 1406 903 761 387 1525 737 768 79 1512 984 1986 830 29 711 1864 718 416 676 938 1896 589 755 1200 977 1837 528 1451 1183 1587 1983 735 1674 1716 882 942 398 282 913 130 132 1038 917 1168 79 1089 206 796 793 173 1664 1686 996 1486 1787 88 1926 1560 1264 958 984 335 1588 346 1994 793 220 1952 626 536 1485 1660 68 813 150 1259 1000 111 812 206 1698 815 646 1994 648 737 1932 1905 812 902 48 174 1522 895 775 48 68 1279 1573 606 1118 1772 193 1112 1101 1333 1973 423 1963 1867 1156 1028 1950 1317 301 1172 1954 1893 1731 227 1085 282 1154 1227 1658 930 744 651 486 1201 1827 1115 750 228 987 263 1495 1551 543 1462 1776 1174 592 1171 493 1032 311 575 46 1055 171 1504 651 688 318 494 178 1936 1337 301 1439 63 1631 450 1676 16 739 1742 815 229 745 931 1091 1573 1865 1847 1112 1075 1268 424 991 1924 718 1880 834 1410 456 1279 495 901 1 1418 116 423 280 157 1884 1141 362 1227 1980 785 1800 1228 1743 707 1212 403 1683 234 1708 818 1703 1808 1307 215 1884 980 1697 703 766 204 648 1351 1684 1354 1538 840 245 663 1509 560 136 150 1717 650 1516 287 1823 516 1004 1466 1777 1042 1056 1868 1025 1274 579 586 1169 1180 1846 393 341 1772 1483 148 776 1232 1992 1192 1857 82 523 1631 1401 354 199 613 725 1863 1546 515 1998 272 1166 312 978 1364 1343 1795 1853 1845 1416 715 797 440 1447 4 1857 763 116 1115 84 1376 1026 1122 1798 446 1528 987 1089 786 1563 1132 1274 1113 1452 1158 312 594 655 749 159 596 1746 625 571 1210 1357 113 478 856 1577 621 592 389 408 1985 1438 111 1281 471 1081 811 733 705 47 94 1486 92 805 1486 409 548 1430 1467 132 1457 420 970 1318 1279 444 783 622 1977 1956 967 1906 789 1846 1551 1658 606 1701 601 548 1906 1309 1670 911 1106 312 831 126 457 1528 710 204 1466 195 1202 491 3 290 1479 1617 1134 212 1261 653 1760 623 1093 861 64 309 1486 1582 1580 145 1421 621 419 95 1620 765 1149 1774 1687 206 965 1654 1784 321 1088 872 694 458 764 410 378 1913 1511 221 1828 1800 1279 1378 112 1576 246 186 1284 743 1195 1631 732 1016 305 1033 1845 371 735 901 1296 998 1728 635 1148 1311 491 1046 1218 1583 124 761 861 1862 1514 1207 666 1764 792 1062 1158 1274 715 1220 1248 864 827 823 992 670 1286 1416 398 574 1432 1119 1477 1836 629 1505 1720 1438 1516 9 1132 532 1607 389 1571 1846 1858 1089 758 1484 918 1345 271 953 1496 545 336 1961 1899 93 704 493 1776 836 663 1750 1533 183 1220 1202 768 1782 968 1590 1173 1353 1604 528 1640 737 1412 932 1620 1817 1667 1533 1431 226 308 1460 315 636 277 140 475 1854 808 424 1530 6 1681 1673 1799 273 1960 232 644 1809 1590 998 90 22 826 491 1725 468 1578 812 1699 38 592 860 390 210 639 1687 113 504 375 0 1975 1653 1863 1818 1860 1732 604 1716 1533 1137 1027 1899 1868 1922 155 1670 1405 557 1321 788 22 1303 1553 844 1839 728 918 70 1595 321 315 850 1373 1856 1977 177 403 966 1585 602 118 944 1289 1271 1051 1615 1087 476 1023 966 1308 1741 1043 456 1330 1909 657 808 437 715 126 1214 314 1452 32 1950 711 914 715 1348 1603 790 1887 1163 1232 730 733 1881 458 272 655 937 1005 1913 1502 1740 719 1146 218 1584 1371 160 1293 662 1028 1539 1798 695 1632 1084 908 1218 331 832 579 980 1303 1632 171 1864 370 963 1304 726 1462 1259 1907 748 487 1908 33 1120 885 859 1766 782 191 443 820 228 1307 1000 703 1021 911 1404 1792 1276 646 1720 721 496 784 118 1007 642 1377 1293 137 1785 661 51 1579 811 773 1722 840 1766 1850 1995 914 739 1008 1949 565 1027 1481 829 1349 1423 1230 1827 1315 1527 1940 70 1401 393 956 701 1959 1449 1351 1388 1132 947 1221 660 479 1401 528 1773 1290 1617 278 171 216 1183 1292 1507 1324 297 216 1833 1636 798 937 1515 770 1889 106 505 354 568 557 1096 184 1714 1053 162 591 1310 1867 878 1981 1515 1424 1325 119 810 846 468 61 1205 309 1457 312 1367 1424 1556 322 1985 497 1088 128 1122 410 1748 605 797 1868 1622 444 1554 582 1520 1706 365 964 705 662 1115 252 453 1711 1645 1435 1061 1447 1160 1115 1912 1792 820 908 193 1295 1191 89 108 1818 1163 1312 568 1690 1163 1340 606 1193 1206 38 551 1294 877 1474 572 1663 1674 548 1341 993 534 1282 316 1819 753 431 1163 1926 235 1640 1001 249 837 694 369 1204 1620 1038 199 1103 892 571 986 491 419 926 1407 883 479 132 447 381 512 647 882 1572 1193 1008 19 152 1732 428 1531 813 886 1373 999 1714 1653 47 755 1178 75 5 300 1260 1607 1285 171 1573 1172 1827 997 61 1982 1989 531 778 1343 1761 557 1222 767 440 1370 1608 1014 426 139 307 1761 1935 231 827 760 1264 1158 636 1322 458 812 1158 1868 1507 127 825 1873 499 1141 632 328 327 560 1257 724 702 974 1258 852 1012 1500 739 1187 1070 1129 1795 743 654 385 1490 1817 1391 1626 151 1132 1247 1380 1386 395 890 1048 1615 576 454 1462 852 714 92 731 33 1037 1295 1163 1433 372 155 1430 1802 1506 1609 950 382 1047 1723 1634 942 1250 1666 1760 1579 977 1529 161 1916 1898 1512 1694 1651 1678 1866 1666 381 870 1872 1859 741 1901 368 817 1663 1446 925 1680 458 489 588 1641 659 459 1737 390 1656 1256 1313 1457 986 1331 1410 364 662 505 128 1416 1398 261 1256 794 607 1741 1853 4 685 684 1476 1710 1539 240 944 321 980 1820 48 253 197 147 456 1601 590 1232 1334 595 1590 1129 1759 90 162 1143 1072 1083 94 388 1006 287 1296 3 912 494 621 1306 1006 576 1339 1085 583 477 394 1952 1075 1673 673 1636 1983 1156 1584 594
