1916 2000
1458 1 1772
63 1 1276
826 1 1457
1064 1 1506
904 1 391
518 2 159 191
1288 1 197
680 1 1866
804 1 1789
1335 1 1787
438 1 413
613 1 86
1451 1 1838
594 1 1458
518 1 1077
658 1 762
1788 1 875
1451 1 234
456 2 993 1826
6 1 1325
265 2 104 764
403 1 69
831 1 986
438 1 1444
597 1 353
67 1 1107
875 3 164 333 1536
192 1 1831
1504 1 666
1701 1 1002
703 1 424
161 1 1983
765 3 21 122 1967
765 1 1077
1220 1 1523
1556 1 321
976 1 1360
692 1 436
511 1 313
1498 1 656
1229 1 532
538 1 77
384 1 1155
88 1 1229
1835 1 51
857 2 756 1077
54 1 314
1670 2 891 1838
1219 1 735
1118 1 1719
1835 1 986
542 1 533
644 1 1902
881 1 1083
1856 2 1462 1767
826 1 1497
389 1 1845
1667 1 1067
750 1 1485
1744 2 1431 1576
1349 1 906
869 1 805
1019 2 1196 1993
456 1 976
630 1 786
1437 1 1682
518 1 91
638 2 481 554
599 1 56
889 3 248 388 574
1087 1 1832
813 1 117
1213 1 206
1650 1 1290
1454 1 1448
1215 1 980
48 1 652
1435 1 1978
1863 1 1888
1788 2 1151 1996
1865 1 276
1108 1 1258
541 1 822
1108 1 1366
88 2 744 1475
1839 1 665
1824 2 418 1923
1103 1 1161
898 2 404 1823
694 1 1514
1073 1 153
940 1 1739
603 1 1201
1243 2 1145 1170
1076 1 652
877 1 164
1253 1 1918
1101 1 334
1606 1 978
1881 1 861
1877 1 295
118 1 611
1216 1 1233
1208 1 1370
115 1 1907
1595 1 345
619 1 673
452 3 153 1563 1942
702 2 537 1066
464 1 200
810 1 1518
1073 1 396
1826 1 1803
1599 1 784
1073 1 1445
887 1 831
937 2 392 1135
1661 1 1244
874 1 390
1722 1 843
625 1 1283
802 1 1910
1001 2 97 914
521 1 1014
912 1 993
292 1 136
1865 1 1547
1467 1 670
994 1 352
1737 1 1579
486 1 1109
1912 1 1732
232 1 53
554 1 132
8 1 1238
1199 1 481
1347 1 1414
1399 2 1016 1150
1684 1 114
1346 1 313
652 1 1949
676 1 5
352 1 388
491 1 1741
1124 1 1471
466 1 280
611 1 1697
1777 1 25
972 2 1462 1836
1611 1 6
367 1 1899
758 2 1518 1871
203 1 1823
1241 1 85
1245 1 969
686 1 1414
480 1 1744
868 1 1848
386 1 145
541 1 928
96 1 199
1724 1 285
1693 1 683
908 1 1771
1024 1 1388
460 1 197
1393 2 1162 1451
831 2 848 1160
1395 1 771
1626 1 1780
103 1 334
680 1 1640
51 1 1414
1398 2 287 1257
1667 2 221 480
1196 1 1877
1579 2 1098 1487
1135 1 444
544 1 1864
85 1 528
1808 1 1497
1667 2 318 616
1113 3 599 983 1693
756 2 650 1403
174 1 1267
1406 1 666
1335 1 1793
873 1 963
55 1 1594
474 1 471
1336 1 1619
760 1 1806
85 1 668
722 1 304
1532 1 1293
118 1 567
1621 1 1267
1201 1 1388
1591 1 1636
1756 2 365 1159
1912 1 1391
1081 1 1526
1346 2 390 585
858 1 137
1230 1 492
1258 1 1203
397 1 16
386 1 404
1816 1 1881
1348 1 1538
226 2 1553 1748
384 1 1423
1579 1 669
915 1 410
108 1 1690
940 1 944
326 1 1472
1024 1 1904
132 2 1042 1393
513 1 1540
234 1 1377
1611 1 25
1873 1 1547
1632 2 257 1271
13 1 1708
889 2 141 1943
647 1 849
326 1 589
1556 1 1112
904 1 1221
1879 2 117 1412
1258 1 123
1228 2 1705 1831
613 1 965
638 2 93 1614
638 1 1417
431 1 683
1432 1 391
1411 1 388
179 1 843
607 1 1644
963 1 532
740 1 55
473 1 1394
1835 1 566
798 2 250 1094
1814 1 5
1476 2 833 1364
176 1 1785
67 1 1244
1713 1 1154
128 1 1980
1717 1 1925
929 2 698 1951
922 1 1526
471 1 337
761 1 264
1205 1 546
1836 1 1827
1883 1 69
514 1 492
811 2 1384 1851
1211 1 1556
332 1 1750
1281 2 1339 1987
455 1 1084
1388 1 1760
1019 1 1384
1139 1 722
1693 1 1917
1346 1 1723
879 1 1884
1028 1 1069
1006 1 568
796 2 45 1850
1474 2 491 1837
1083 1 1327
1488 1 315
1061 1 45
1081 1 869
1218 1 86
1673 1 119
539 1 954
634 1 384
1516 1 1897
815 1 533
1064 1 1636
753 1 1993
158 1 1727
1467 1 591
85 1 949
883 1 1190
1846 1 752
1111 1 106
699 1 315
1620 1 1029
594 1 1672
1112 1 881
1311 1 727
846 1 90
1048 1 189
918 1 1242
510 1 36
1244 1 808
675 1 1659
636 1 840
1773 4 592 729 1568 1836
969 1 1803
491 1 278
1461 1 54
1880 1 1476
1223 1 1528
523 1 1870
1611 1 808
1437 1 1031
756 1 1509
334 1 1977
1283 1 1372
1006 3 491 723 1520
1778 1 950
1678 2 176 1933
1120 2 914 1764
1650 2 507 1747
1107 2 59 1655
1284 1 529
49 2 563 1793
1487 1 1078
383 1 1284
672 2 156 1951
1690 1 804
1045 1 1995
1815 1 1871
1827 1 1391
1335 2 888 1423
474 1 1098
546 1 1172
1276 1 36
1180 2 71 111
475 1 724
785 1 21
1343 1 1732
758 1 1698
544 1 697
1698 1 1062
508 1 825
1518 1 1734
859 2 121 1840
1188 1 701
471 1 1520
1574 1 320
604 1 1842
999 2 1622 1799
1326 1 850
1384 1 1769
451 1 1881
590 1 1899
455 3 54 1075 1877
931 2 690 1655
349 2 104 1635
1461 1 976
813 2 566 698
272 1 1677
582 2 1384 1796
555 1 1078
1695 2 911 1522
1126 1 1174
452 2 322 636
253 2 684 1708
1620 2 229 290
868 1 199
740 1 287
543 1 1257
1510 1 1175
647 1 56
298 1 1673
1349 1 1922
1628 1 978
1180 1 334
406 1 1082
818 1 447
121 1 1154
426 2 444 1286
1331 1 1666
1826 1 1689
1894 1 1015
1449 2 670 849
208 1 1293
1574 2 257 1389
1835 2 436 1945
842 1 695
668 2 1330 1911
291 2 716 1506
1042 1 1532
551 1 1981
252 1 1222
1053 1 1491
1458 1 1621
1442 1 1853
1834 1 784
1233 1 229
287 1 1995
994 1 1780
1741 1 1741
1430 1 1229
1078 1 1657
1146 1 1971
1845 2 500 1980
436 1 1198
1355 2 988 1622
1331 1 1968
49 1 379
1326 1 768
493 2 327 750
1834 1 1744
1548 2 1016 1986
167 1 873
79 1 1939
471 1 1381
485 2 123 337
968 1 982
419 1 325
1316 1 360
1291 1 521
1196 1 786
1770 1 1284
488 1 565
842 1 1488
425 1 482
635 2 941 1210
1282 1 1479
698 1 752
1111 1 1915
1578 1 1244
688 1 846
406 1 1315
1461 1 1511
1467 2 419 1393
594 2 1056 1863
28 1 163
553 1 1542
1310 1 429
1121 1 806
1647 1 315
456 2 1607 1882
674 1 1535
407 2 63 1821
1395 1 1694
556 2 157 1124
684 1 1171
1549 1 683
419 1 280
1765 1 1989
1873 1 1363
629 3 613 1201 1633
1012 1 158
1073 1 253
879 1 1821
1314 1 970
1568 1 1647
698 1 1296
1016 2 167 533
1620 1 1159
734 1 519
1311 1 1395
1170 1 1431
1456 1 199
1138 1 1826
1398 1 970
1592 1 871
85 2 126 492
113 1 760
1670 1 538
1529 1 369
438 1 1613
1766 1 102
894 1 976
1665 1 1928
886 2 921 1958
758 1 357
852 1 634
1912 1 173
1367 1 880
1535 1 949
303 1 1036
49 1 515
928 1 693
731 1 1907
1749 1 547
1228 1 1919
1498 1 583
731 2 684 1563
1779 3 429 1077 1732
239 1 941
1732 1 1258
215 1 591
711 1 648
1118 1 964
91 1 96
462 1 677
1407 2 1059 1116
1595 1 1945
580 1 513
1881 1 1590
1352 1 132
1549 1 1013
436 1 1352
133 1 70
1830 1 650
1759 1 1514
873 1 1592
1679 1 917
546 1 112
794 1 1999
1146 1 1021
1023 1 392
62 1 1029
865 1 298
1856 2 962 1344
397 1 928
635 1 210
617 1 5
835 1 1659
415 1 689
1042 1 1959
446 1 1313
681 1 1735
1111 1 1295
787 2 102 899
1545 1 213
1048 1 1468
672 1 1600
1449 1 794
491 1 1324
819 2 1528 1854
867 2 633 1093
645 1 1619
49 1 241
810 1 244
90 1 1709
1045 1 968
1188 1 1708
1664 1 1662
112 1 752
1856 1 840
593 1 1230
432 1 849
1904 1 209
1108 1 1112
456 1 1201
15 1 605
432 1 235
1115 2 634 1541
192 1 1619
1879 1 318
853 1 941
1461 1 616
983 1 448
835 1 1598
468 1 1058
931 1 89
392 1 743
1023 2 377 1076
1770 1 1765
634 2 722 1191
1511 2 1112 1364
1888 1 157
243 2 296 494
783 2 15 1653
973 1 649
237 1 487
91 1 416
487 1 960
752 2 1135 1238
788 1 1486
511 1 1562
389 1 182
1748 1 188
1029 1 429
30 1 750
1017 1 1959
38 1 672
937 1 595
464 1 699
1470 1 1546
11 1 366
1544 3 238 388 1151
1481 1 1545
1392 2 173 287
976 1 406
513 2 1049 1682
1247 1 939
474 2 643 1327
167 1 1471
456 1 143
1108 1 189
1702 1 666
1634 2 97 491
813 1 403
1845 2 280 1907
521 1 593
134 1 145
940 1 379
709 1 88
644 1 325
632 1 1591
727 2 348 954
1336 1 1799
494 1 174
1813 1 278
2 3 954 1482 1634
904 1 253
1370 1 1985
1858 1 567
608 2 646 874
236 1 1619
1595 1 478
968 1 93
1505 2 574 1476
1019 1 1461
998 1 1577
59 1 616
1083 1 299
959 1 1357
363 1 814
447 1 15
837 1 404
418 1 486
73 1 1935
1187 2 469 1728
1737 1 147
1137 1 440
234 1 319
1326 1 493
594 1 528
1737 1 1099
716 2 773 826
292 1 1747
1411 1 1100
129 1 836
1498 1 1898
627 1 881
1585 2 658 1023
1887 1 70
1593 1 93
1548 1 1929
1392 2 941 1728
297 1 944
1874 1 1288
1809 1 424
528 1 1483
727 1 228
634 1 357
1103 1 574
98 1 1300
518 1 699
1200 1 205
894 2 170 954
959 1 1169
386 1 1902
1320 2 121 723
1617 1 1175
785 1 409
651 1 1677
1721 1 440
1614 1 1618
1017 1 859
826 1 665
1021 1 954
491 1 1220
732 1 98
1216 1 1173
724 2 1309 1548
968 1 1343
696 1 486
619 1 1634
1729 1 982
99 1 1293
158 1 1707
1033 1 831
644 1 899
538 1 500
81 1 410
1398 1 1372
846 2 579 1921
994 1 1461
117 1 1397
1660 1 1764
1327 1 936
1420 1 1826
123 2 145 1727
1439 1 812
817 1 1795
1896 1 249
1398 1 510
887 1 1643
263 1 33
1679 1 437
297 1 1503
1096 1 904
1118 1 891
401 1 532
510 1 25
1398 1 253
786 2 579 937
130 1 1464
23 2 996 1543
1697 1 1968
1372 1 461
1358 1 1340
565 1 1958
1584 1 1853
1291 1 195
896 1 1898
1757 1 163
1063 2 1696 1870
1157 2 859 1186
1220 1 583
830 1 1172
562 1 1482
1421 1 983
542 1 440
299 1 765
494 1 1665
113 1 167
1616 1 1751
1438 1 1876
1679 1 801
1724 1 1196
297 2 177 431
867 1 556
1830 1 1347
1636 1 112
1397 1 1436
1915 1 416
541 1 245
735 1 677
1002 1 482
1253 2 892 952
818 1 1418
1670 2 420 569
85 1 1688
495 2 902 1664
1600 1 153
883 1 1210
1344 1 509
1343 1 208
96 2 543 873
583 1 156
917 1 1624
216 2 73 768
1755 1 413
44 1 592
431 2 1013 1929
24 1 191
1825 1 424
23 1 534
247 1 1022
1863 2 871 1689
1367 1 1851
190 1 1752
232 1 1444
437 1 547
1769 1 128
392 1 1910
344 1 1302
452 1 1675
727 1 826
1548 1 745
392 1 1181
528 1 1097
1778 1 1833
1517 1 1324
1679 2 518 1167
1573 1 1190
1200 2 570 1816
885 1 1387
1131 1 950
236 1 962
251 1 1598
678 1 969
1423 1 750
103 2 1280 1987
587 1 1622
1721 1 547
1001 1 1099
1201 4 95 223 1143 1735
1661 1 948
1537 1 917
1732 1 744
852 1 260
402 1 13
1206 1 1404
1045 2 1296 1592
1073 1 1543
1390 1 1928
1217 1 227
360 1 1112
694 1 1708
1912 1 1804
879 1 149
1094 3 1088 1290 1607
720 1 533
1853 2 21 401
790 1 1903
511 1 404
1768 2 470 519
895 2 456 1400
1523 1 524
1611 1 127
937 1 509
1599 1 1949
1472 1 855
673 1 286
354 2 1175 1532
1567 1 94
1167 1 1568
1715 1 1756
735 1 1741
1576 1 688
67 1 538
650 2 1462 1464
1142 2 279 683
1347 1 1087
415 1 745
868 1 634
1661 1 315
29 1 760
1604 1 1944
543 1 1121
179 1 295
634 1 1337
1610 2 242 1017
1888 1 891
1429 1 574
1679 1 840
866 1 1985
1100 1 1899
565 1 421
1742 1 924
51 1 1867
231 1 1486
510 1 1077
360 1 808
1457 1 814
675 1 913
1085 1 1968
447 1 1238
641 2 92 159
1674 1 1864
438 1 95
1413 1 1299
90 1 336
1578 1 1768
1583 1 1693
835 3 71 186 1117
1432 2 957 1785
1555 2 318 1126
1103 1 1827
1690 2 271 1755
1028 1 1690
1650 1 209
1778 1 1990
988 1 291
1348 1 1329
1527 1 252
1173 1 1471
1488 1 1553
1834 1 677
1189 1 1357
115 1 814
1189 1 334
1050 1 1863
1319 1 1093
850 1 1353
1606 1 148
587 1 1383
1865 1 400
220 1 1985
1103 1 1698
1421 1 10
494 1 279
1467 1 616
1136 1 320
865 2 54 629
1012 1 402
1333 2 113 611
1838 2 235 246
1685 2 991 1866
741 1 1378
889 1 1175
1100 1 69
1854 1 84
1825 1 1695
959 1 1468
438 1 349
634 3 95 653 1230
1534 1 801
531 1 810
1046 1 33
754 1 286
1212 1 1117
648 1 151
908 1 1
1388 1 420
1650 1 89
587 1 120
78 1 789
49 1 1865
709 1 1209
1023 1 1347
1260 1 811
1235 1 1698
485 1 388
831 1 416
683 1 622
997 1 309
1579 1 238
1220 1 786
479 1 327
1504 1 773
750 1 464
645 1 1030
1157 1 1299
360 1 1017
578 1 1884
180 3 395 833 1363
716 1 1613
1891 1 1501
1333 1 227
787 1 1712
1748 2 1122 1780
1156 1 1836
667 2 834 1242
1352 2 811 1247
1752 1 1503
1192 1 86
1215 2 206 1758
1697 1 1214
1104 1 1771
326 1 388
1092 1 1747
1555 1 112
1576 1 421
1663 1 433
215 1 1298
1572 1 1942
1167 1 524
1755 1 89
889 1 325
97 1 1840
957 3 114 636 1198
1812 1 366
1241 1 1152
763 2 1198 1378
1881 2 788 1907
882 1 1257
128 1 1203
1829 1 706
963 1 1915
1060 1 89
62 1 1290
1467 1 1816
1745 1 1798
1591 1 1087
347 1 1288
873 1 122
1277 1 1189
594 1 1353
1765 1 480
43 1 1655
506 1 434
431 1 402
64 2 570 902
290 1 944
131 2 271 952
20 1 1579
1047 1 394
204 1 353
597 1 589
981 1 1623
1355 1 1521
697 1 38
397 1 208
852 1 394
1078 1 1817
1858 1 547
724 1 1826
28 1 482
1457 1 1826
562 1 957
1510 2 13 228
1421 2 230 1842
734 1 880
1879 1 419
1734 1 239
1077 1 280
1048 1 197
1824 1 141
625 1 810
528 2 177 484
1319 2 7 534
488 1 240
747 1 1244
1334 1 1804
1452 2 1022 1923
1796 1 1376
1223 1 1129
1411 1 583
204 2 1397 1707
802 1 1698
136 2 167 638
1856 1 1014
802 1 947
1465 1 53
1808 1 242
242 2 524 1024
896 1 1097
136 2 1214 1769
1748 1 1393
1717 1 1196
1599 2 1 1160
1018 1 838
594 1 1124
208 1 491
509 1 1808
1591 1 1771
1698 1 140
1210 1 1666
766 1 1577
1567 1 298
865 1 201
1823 1 672
608 1 323
1599 1 297
473 1 662
387 1 585
1460 1 1965
664 1 1500
739 2 659 1674
87 1 1197
1215 1 1707
1319 1 1536
858 2 421 1710
1503 1 1656
233 1 1907
1073 1 37
191 1 1068
24 2 174 1022
128 1 807
1591 1 1335
230 1 1758
1258 1 1874
1446 1 1576
475 1 56
1748 2 281 1198
720 1 1808
1241 1 830
180 1 1038
625 1 599
1745 1 1930
187 1 1734
1136 1 1741
1580 1 186
1856 2 1161 1731
569 2 213 434
148 1 304
1670 1 170
1329 1 1838
1573 1 1575
456 1 1412
766 2 406 1938
1858 1 1951
1103 1 175
1687 1 649
556 1 1897
756 1 885
683 1 1156
1291 1 89
553 1 834
683 1 1024
1411 2 752 1340
1513 1 773
879 1 106
1189 1 1656
494 1 117
776 1 1382
1060 1 560
1664 1 1864
1417 1 1849
420 1 1023
785 1 910
148 1 559
1734 1 753
1373 1 1741
1227 1 1391
1392 1 1566
487 1 1127
1529 1 92
182 1 1272
1858 2 1058 1624
539 1 1170
904 1 806
456 2 33 82
679 1 461
186 1 631
1698 1 229
679 1 1065
1423 1 243
523 1 1728
1730 2 1464 1482
1487 1 1662
1558 2 354 394
1358 1 1186
1634 1 532
1437 1 446
134 1 503
1102 1 650
1311 1 149
15 1 500
1221 1 1667
97 1 1235
425 2 961 1088
789 1 1567
1865 1 279
1189 1 1728
1047 1 786
263 1 1621
701 1 638
1782 1 128
1233 1 1174
904 1 1259
602 1 994
813 1 1840
370 1 984
519 1 1968
1001 1 792
1388 1 980
1196 1 1798
915 1 102
929 1 1021
1766 1 648
794 1 1281
344 2 418 773
982 1 928
1561 1 889
1072 1 59
1073 3 111 965 1074
1347 1 1544
451 1 1077
1088 1 1999
290 1 400
1511 1 556
1271 1 904
831 1 613
622 1 726
677 1 200
242 2 334 1084
634 1 467
731 2 912 1387
1350 1 849
1080 1 1463
63 1 1175
1294 1 156
913 1 493
1555 1 297
906 1 400
191 1 1521
1257 1 870
50 1 1745
1096 2 510 1871
1776 1 330
157 1 246
1584 1 486
1497 1 1888
647 1 487
1693 1 605
617 2 166 1866
1229 2 709 1031
747 1 538
959 1 1844
362 1 889
523 1 1033
1436 1 24
1011 1 1372
1113 1 242
1343 1 1208
1152 1 1903
447 1 1162
1100 1 1502
694 1 721
555 1 872
563 1 1926
537 1 1689
1188 1 1076
201 1 214
297 1 69
976 1 443
201 1 950
968 1 285
456 1 1594
1080 1 1921
539 1 1083
730 1 465
866 2 1174 1525
85 1 1667
1766 1 514
63 1 538
667 1 167
667 2 451 1482
1023 2 290 603
1590 1 1497
415 1 964
1405 1 914
1046 1 133
1083 1 299
831 2 686 1959
826 1 1511
885 1 512
1001 1 684
831 1 1547
1510 1 1391
10 3 176 213 1491
291 2 514 1999
957 1 745
590 1 810
1763 1 986
1217 1 234
1319 1 1542
1824 1 861
1348 2 861 1501
793 1 991
438 1 1038
1200 1 1672
577 2 802 1486
592 1 1279
93 1 38
1290 1 1211
338 1 188
878 1 1969
673 2 299 1787
852 1 484
523 2 914 1169
1606 1 1335
1155 1 137
24 1 1000
418 1 1371
735 1 709
1322 1 55
1392 1 1255
1351 2 319 1010
697 1 156
793 1 390
539 1 1624
1367 1 620
267 1 646
423 1 233
1748 2 961 1768
825 1 1247
1209 2 323 1314
1081 1 512
1707 1 177
291 1 1153
619 1 436
717 1 132
1475 1 1329
65 1 1476
1353 1 1453
449 1 1583
1061 1 1015
1283 1 340
1901 1 1692
397 2 574 1903
1333 1 470
1472 1 1247
1708 1 1118
373 1 1877
441 1 1423
468 1 380
1607 1 1148
715 1 1042
476 2 178 360
1033 1 1897
1021 1 1382
1117 1 56
521 2 463 1344
1467 1 1470
902 1 91
208 1 1453
794 1 1962
634 1 1264
1310 2 1261 1680
19 1 1442
392 1 132
169 1 1486
207 1 1785
17 2 595 1412
645 2 429 805
634 1 1022
1811 2 352 1343
571 1 892
1913 1 1644
1815 1 1908
1026 1 354
677 1 450
1908 1 195
1001 1 1074
1565 1 464
1488 1 261
1388 2 1058 1542
1516 1 1441
1148 1 509
885 1 719
1836 1 1393
1313 1 1324
1362 1 507
826 1 1502
1546 1 786
239 1 156
88 1 512
821 1 413
931 2 1748 1970
818 2 117 692
1778 2 880 1404
1196 2 1562 1838
1705 1 1716
1061 1 245
770 1 105
1713 1 1153
447 2 819 1414
1897 1 1834
1685 1 1083
1023 2 341 1725
879 1 1230
1908 1 1680
1771 1 1452
617 1 535
1835 1 223
1184 2 914 939
1050 2 987 1834
1111 2 1 1731
1333 1 1709
65 1 1601
326 1 1038
897 1 460
1392 1 180
672 2 806 1545
1516 1 1
766 2 296 1417
471 1 227
1451 1 1725
1477 1 247
962 1 1448
1777 1 105
99 1 990
113 1 297
913 1 887
908 1 534
1830 1 195
1606 1 630
816 1 827
717 1 1209
1446 1 882
821 1 1173
1407 1 739
1606 1 1212
1599 1 849
243 1 197
367 1 827
666 2 1397 1864
497 1 420
544 1 1189
1825 2 783 1049
556 1 1204
1797 1 1388
510 1 1189
311 2 1226 1766
1685 1 524
1448 1 912
1764 1 1283
1283 1 979
840 1 1898
1794 1 429
1444 1 1620
1894 1 65
664 1 1029
709 1 297
658 1 495
1333 2 150 276
1492 1 1156
972 2 657 1230
1536 1 1325
115 2 137 1851
187 1 112
1017 1 1492
88 2 337 971
894 1 336
1510 1 488
1679 1 1798
1661 1 1890
1498 1 187
887 1 1143
1536 1 470
431 1 1767
548 1 1778
432 1 484
1578 1 1948
456 1 695
1606 1 102
1812 1 822
1232 1 586
1158 1 1000
714 2 1114 1936
48 1 270
1674 1 1916
798 1 1870
234 1 1258
662 1 1822
1553 1 94
1821 1 801
673 1 1122
1103 1 1810
544 1 987
1634 1 794
1901 1 853
1326 1 236
1862 2 193 963
694 1 806
1896 1 1803
469 1 670
311 1 568
1802 1 1148
971 1 1854
1362 2 409 1657
848 1 1002
469 2 334 1938
77 1 36
1388 1 1350
208 1 888
384 1 930
1392 2 1409 1780
156 2 349 1862
1592 1 1121
455 1 340
1694 1 355
1856 1 127
539 1 826
600 2 1591 1837
1070 1 566
634 1 1795
1852 1 831
190 1 1639
608 1 348
1842 1 513
769 1 1290
1699 1 611
1078 1 1605
559 1 1429
1398 1 123
1744 1 121
94 1 1078
1388 1 185
1065 2 1383 1579
1584 1 1242
438 1 117
243 1 1279
1010 2 983 1259
1599 2 255 1381
479 1 1964
720 2 36 1881
1235 2 503 1613
1916 1 1049
853 1 656
999 1 1110
1291 1 1787
65 1 1850
1324 2 762 1177
1018 2 853 1070
1610 1 221
1006 1 1320
468 2 1220 1965
1148 3 769 1362 1521
833 1 756
1877 1 1601
371 1 408
853 2 611 1614
918 1 1850
638 2 450 1100
613 2 510 1257
1137 1 1902
292 1 1925
1582 1 1970
617 1 24
744 1 1560
997 1 734
1545 1 1505
1715 1 646
1834 1 1749
1064 1 1575
176 1 750
1279 1 1991
452 2 622 1157
1020 1 1095
1458 1 860
1117 1 1684
305 1 1076
665 1 646
272 1 1153
159 1 1845
1669 1 534
1118 1 313
1880 1 1681
518 1 175
1584 1 801
668 2 1123 1833
362 1 353
1548 1 234
844 1 910
1334 1 974
1106 1 157
568 1 1576
188 1 859
793 1 1854
242 3 974 1286 1956
963 2 1642 1728
121 1 1589
1789 1 412
1001 1 646
900 1 976
316 1 1844
77 1 1099
383 1 1220
1449 1 899
1273 1 840
1042 1 1893
1369 2 40 121
794 1 1778
436 1 1649
1237 1 354
486 1 762
553 1 246
1009 1 1635
1021 1 225
103 1 1211
930 1 1928
1592 1 1171
980 2 1752 1926
6 1 467
1670 1 1028
491 2 1342 1344
1 2 157 177
254 1 1233
159 1 1344
1713 1 1243
494 1 1353
647 1 158
846 1 841
1867 1 239
474 1 189
921 1 740
705 1 1247
1606 1 804
36 1 1142
49 1 73
657 2 467 1113
744 1 346
376 1 1022
515 1 1522
752 1 990
647 1 750
1355 1 560
1446 1 1763
452 1 1739
766 1 92
1437 1 1840
287 1 262
1136 1 377
407 1 1161
968 1 852
1757 1 860
1718 1 428
1085 1 1899
1186 1 668
1762 1 1540
1148 1 547
1461 1 1682
1542 1 1226
1901 1 980
1464 1 1659
1013 1 1986
1283 1 1664
706 1 247
267 1 1623
297 1 0
1587 3 104 323 1424
879 2 1169 1973
830 1 1738
1220 1 413
561 1 1633
1661 1 1366
676 1 1689
297 1 1422
518 2 432 566
686 1 209
1553 1 546
1263 1 304
1599 1 1848
468 1 699
471 1 27
24 1 1066
1029 1 688
291 1 333
896 1 1858
113 1 1280
1439 2 1414 1522
1573 1 148
973 1 944
409 2 692 1813
1417 1 839
271 1 428
1772 1 950
461 1 633
716 1 585
109 1 890
35 1 1644
614 2 198 514
1853 2 162 846
243 2 1037 1608
446 1 1792
143 1 1816
648 1 986
846 1 1284
491 1 848
36 1 43
1874 1 641
1367 1 1804
883 1 1280
950 1 1907
1007 1 1357
1863 1 132
1423 1 1939
1816 1 174
1033 1 1567
293 1 756
1403 2 639 1831
295 1 162
1017 1 1628
607 1 729
634 2 13 1461
497 3 402 834 1694
456 1 169
548 1 1474
1173 1 1517
270 1 990
252 1 745
611 1 886
401 1 16
1340 1 1422
1207 1 337
19 1 1168
310 1 1362
741 1 461
1152 1 150
1173 1 149
113 1 1884
1684 1 1031
716 1 1232
1158 1 583
303 1 1429
706 1 1930
697 1 90
1740 1 355
267 1 440
1609 1 291
1606 1 1000
356 1 673
1678 1 1667
1908 1 1674
592 1 1971
456 2 1135 1760
1182 1 1739
1332 1 413
698 2 162 902
1834 2 876 1863
1838 1 1448
1007 1 59
1283 1 1584
1555 1 1457
362 2 996 1151
967 1 1538
474 1 515
1422 1 1750
830 1 1551
1744 1 692
1157 1 976
1219 2 502 1152
982 2 665 858
110 1 841
384 1 1648
1627 1 1145
1572 1 88
679 2 836 1734
1286 1 313
931 1 244
1377 1 1693
1698 1 1875
141 1 568
592 1 1200
709 1 1719
881 1 1211
1439 1 60
1234 1 368
1492 1 276
1347 1 217
424 1 1568
1327 2 819 1002
361 1 1305
943 1 340
1650 1 1768
599 1 1382
1664 1 482
697 2 213 281
1669 1 1107
929 1 213
896 1 1680
1253 1 1911
1085 1 82
1812 1 1259
645 1 1981
819 1 187
1335 1 568
918 1 1356
647 1 1803
1403 1 35
847 1 167
730 1 1074
726 1 1790
797 2 1727 1939
982 1 1353
85 2 348 418
1684 1 1942
1901 1 336
1865 1 1467
6 1 510
647 1 1177
1388 1 1391
1208 1 394
613 1 912
1721 1 1870
1553 1 904
1192 1 117
23 1 1624
1279 1 113
59 1 1628
438 1 1506
976 1 1911
352 1 277
528 1 1808
1108 1 1397
1860 1 337
1124 1 344
1644 2 570 1146
1131 1 1582
1847 1 1667
1399 1 1395
1599 1 365
534 1 1176
852 1 11
1461 1 814
1879 2 33 123
760 1 141
787 1 1634
1064 1 1342
161 1 641
192 2 428 543
1297 1 1686
828 1 891
799 2 451 1079
1852 1 1990
431 1 158
64 2 840 1321
1664 1 965
169 1 845
956 2 280 337
131 1 416
1259 2 638 914
1352 2 1238 1598
401 1 1536
1648 1 1929
189 1 104
498 1 1343
259 1 824
147 1 330
929 2 117 1750
739 1 838
627 1 870
1219 1 686
1324 1 506
557 2 45 64
392 1 585
1724 1 1135
687 2 63 1606
714 1 1151
1835 1 1851
929 1 186
1614 1 70
1723 1 94
741 3 410 1452 1738
1640 1 939
716 1 1002
330 2 755 1281
828 1 447
67 1 996
819 1 1935
672 1 1112
1699 1 1393
1349 1 609
625 1 1662
393 1 139
1555 1 1360
292 1 1271
1601 1 1463
1337 1 438
1714 1 875
1001 2 991 1928
1879 1 284
456 1 1884
971 1 230
731 1 1924
176 2 860 1708
1228 2 264 802
1772 1 866
1464 1 1550
1717 1 1929
585 1 566
1077 1 1823
917 1 1656
1221 1 1734
904 2 745 1969
201 1 1689
1683 1 583
99 2 243 1170
92 1 744
1492 1 267
968 1 319
590 1 1485
850 2 1211 1365
556 1 753
676 1 532
26 2 524 1877
300 1 638
1217 2 1383 1451
649 1 456
1346 1 1083
1626 2 634 1578
1744 1 1214
513 1 1286
928 1 239
474 1 291
1790 2 1165 1486
1253 1 773
1006 1 239
620 1 1794
393 1 683
747 1 1397
1679 2 1427 1512
1899 1 1458
355 1 1618
1000 1 755
308 1 157
1811 1 323
638 1 595
931 2 510 1261
1407 1 395
1398 1 25
92 1 1533
1746 2 1149 1551
1070 1 406
866 1 200
1220 1 1915
1395 2 650 1568
1648 2 434 488
1444 1 1122
1536 1 279
494 1 1973
1173 1 826
118 1 21
26 1 409
90 1 200
456 1 1482
877 2 329 1929
756 1 314
1809 1 1358
1461 1 1806
904 1 1763
433 2 339 1441
687 1 1117
228 1 1680
291 1 875
77 1 1608
415 1 515
77 1 353
1446 2 150 281
997 1 762
480 2 752 888
785 1 336
1437 1 1871
1636 1 1136
683 1 1436
1660 1 1171
879 1 762
309 1 1414
1336 1 1518
1108 2 81 906
1043 1 605
982 1 176
1853 1 869
923 1819 1012 46 1893 85 1209 1070 1576 1381 444 170 872 530 1537 315 1902 845 173 936 629 1769 1966 272 1875 874 1448 804 1379 88 1799 250 1692 1562 1651 560 826 1156 1588 1579 1731 1871 390 1361 1707 77 456 1467 1233 1376 941 1665 1229 1765 1402 715 469 668 297 859 1640 1056 352 371 1114 1727 1794 379 432 1948 1458 239 662 468 913 952 1792 1697 509 1340 649 1525 1793 1650 221 500 1275 812 1474 1272 1977 1705 151 298 295 337 546 1476 1740 841 954 1884 1735 1290 1594 291 1384 1842 724 1315 1643 467 722 1907 1387 834 658 566 729 1169 1923 1650 1789 1077 504 917 745 1569 1682 1780 848 361 116 1393 1854 1566 1949 141 994 686 1578 438 1367 1566 419 84 613 140 1526 1068 437 553 1124 1 815 1834 1159 535 1130 822 1143 1581 213 937 1118 1066 1924 1340 1545 1172 534 1966 1874 681 181 1482 1593 743 265 1090 460 718 0 245 187 1412 790 1193 491 1111 1146 881 1081 357 174 1651 1064 519 311 1692 1990 1499 866 1898 1400 408 1741 873 1222 228 1481 1548 348 1981 1790 570 1785 648 1575 1564 1592 622 974 924 1522 15 1732 1321 1066 1293 1810 255 481 521 1094 1010 1209 1390 369 1931 127 1608 1238 536 605 961 1911 1845 928 1097 1634 1542 1722 322 114 260 694 276 471 37 164 1695 1723 1537 210 1694 1655 807 1622 520 1111 547 412 416 648 1659 1492 76 579 461 1150 666 94 963 1694 961 1939 7 317 792 543 150 1377 1665 1831 453 1161 1203 323 673 1210 1138 1274 1591 727 1342 211 944 1971 221 188 1945 102 409 568 172 936 1908 670 1866 100 1382 1501 424 1967 1400 1299 669 987 1474 595 163 448 296 650 1422 280 1528 1680 191 716 1698 991 1196 402 1488 1372 151 1214 1922 1149 1305 111 1444 834 1944 831 1337 630 1990 187 1395 1881 677 1413 721 898 325 1806 1105 1799 1461 990 620 167 944 104 1832 1483 1675 1121 910 227 911 1309 898 1509 1497 1088 1810 1847 162 1537 1116 906 98 1487 440 512 1533 1098 1226 433 1818 1420 51 247 464 1881 1033 1806 933 877 1752 1747 337 1923 1378 420 1733 1684 1276 1240 420 1782 1646 723 993 739 849 598 1031 510 1645 1949 1471 1978 121 456 1755 1782 6 475 21 1286 1505 484 528 980 461 402 404 1445 1088 75 1590 1313 1296 1840 38 996 201 753 512 1951 1880 1862 1601 205 488 1921 446 704 1853 1083 353 1382 519 1780 512 176 1948 1977 1518 1821 1388 652 986 1521 278 657 873 261 412 1417 965 506 988 1763 1573 36 370 63 1538 156 1084 154 1012 1568 126 1649 1173 281 1174 1764 436 1719 221 5 27 1486 775 1520 1326 1110 869 169 423 1520 538 836 984 1903 1873 762 1453 242 1544 1536 287 968 1906 1300 1688 1024 1093 1964 707 1540 760 773 476 666 259 902 1686 159 97 1582 930 716 1389 1431 1727 1771 970 1511 117 1364 1980 1152 1162 1985 116 1567 1537 853 1913 1182 968 1211 503 877 249 1768 10 1191 178 1379 291 808 1823 1100 794 357 912 145 1281 545 401 1176 824 148 471 1244 1840 683 266 1816 1259 1056 507 1722 323 1079 1390 274 1810 1560 419 91 633 1174 1965 1516 410 1844 1181 1016 1713 1321 395 199 1650 277 1532 1685 1713 484 1732 1267 225 802 421 1286 969 71 1675 1225 1918 1918 1398 257 569 1175 1112 1015 1309 59 223 302 60 1129 1242 1330 1789 1610 1362 1783 401 1880 694 69 1787 191 515 132 1897 1260 447 213 507 1153 699 1922 976 248 1666 726 1833 495 554 1450 1021 1862 1864 764 1675 15 1235 1477 1479 1499 1015 1515 448 262 236 1653 189 246 693 1933 143 1907 1667 721 265 1951 592 1664 1999 1983 1617 1600 834 340 1427 1673 253 692 584 773 1589 159 1029 452 238 750 1151 1077 1540 1062 1436 1589 1842 247 756 672 1871 1838 1647 1512 806 1378 1211 1436 1766 284 1203 1909 1000 417 1873 243 154 240 911 812 979 926 828 297 780 1618 40 194 225 1690 285 279 341 1442 1208 1123 1122 489 1413 1260 443 928 198 1177 1320 354 1926 533 869 1222 1118 252 1154 1851 983 1662 1310 1745 384 1555 1155 357 1037 1517 1243 96 152 458 237 1958 1583 512 197 1758 699 744 697 1659 1424 1540 1863 1451 299 235 377 1111 1763 1854 1867 543 1967 105 1259 1317 1744 1767 768 519 1823 431 1645 1924 136 252 25 104 565 917 8 366 236 1078 745 800 1985 1418 344 319 1556 1607 697 113 1821 870 1686 227 111 1732 813 502 1069 1703 1486 54 1764 982 433 874 185 1970 537 518 1160 333 1835 1858 252 1969 1790 1230 802 613 415 1803 979 822 1261 242 413 664 589 853 1083 621 1352 652 839 586 913 1190 1391 1350 1313 360 1312 269 1907 513 198 90 810 1081 1709 149 1279 102 293 1485 1209 38 1436 813 634 1853 1882 1711 1817 1324 646 1798 1913 550 1148 1694 831 1543 729 1618 137 583 652 846 765 290 1095 1302 1855 1713 1950 274 1700 209 1982 1506 1657 633 121 1899 1084 1712 701 1317 1284 1796 1898 286 762 1930 790 1070 1700 88 218 1744 574 339 638 1622 952 1374 1739 605 1335 426 1728 21 1389 1113 1656 877 1696 116 1584 1825 1148 515 890 114 1785 81 1274 584 76 904 73 316 1638 1512 651 902 1734 313 180 1984 468 689 1884 1288 1272 550 690 1325 120 1643 1168 1991 384 116 639 1646 1314 194 1499 1100 1808 1763 65 281 330 1571 1503 865 1126 822 463 1698 1258 1485 811 368 112 1693 1366 1049 1458 516 1771 1067 1363 1577 1452 92 849 771 293 1644 65 49 1222 1754 1374 921 1364 1582 35 1170 1442 1790 345 89 1734 378 969 840 1358 1576 162 263 418 346 563 519 1319 1475 13 1067 1574 1947 1566 85 830 1370 1933 1866 957 567 947 244 1399 769 1844 105 166 1165 396 1175 994 1623 1512 465 665 496 410 443 1971 430 1353 1276 1130 96 1365 1357 1257 475 1017 1916 1362 752 1922 1630 1716 1005 1970 1463 670 171 33 1076 109 1835 1624 630 430 1403 139 1337 1855 128 889 865 648 708 739 629 698 933 81 1636 646 838 122 840 1743 195 852 1890 392 802 1523 643 780 314 1760 521 532 814 1743 0 1353 926 164 1826 818 1898 438 939 842 843 806 819 1904 334 1298 1378 1444 941 1731 450 1848 1682 415 1833 1785 1638 1518 205 1959 532 1822 1583 1117 1547 1756 1010 553 1748 1628 1809 950 1849 119 805 495 123 609 500 871 659 662 1679 1808 1397 378 228 471 54 1766 1884 1423 521 514 610 1713 1827 516 585 1849 1247 1738 1021 1656 186 1922 540 690 1014 1198 1703 1509 233 1655 1897 1943 891 1381 234 1376 1056 1925 70 59 1366 1391 1553 789 1750 296 1685 354 1804 1084 1721 1548 950 1933 484 200 688 1097 1344 1404 1973 1450 1099 400 1738 661 60 320 1201 860 1469 56 1836 335 948 452 634 1959 1662 1129 214 1842 1013 264 355 193 1962 605 1379 476 1082 1457 1543 297 706 49 1047 656 592 904 84 1752 487 1535 1062 1938 1697 1697 1605 752 1888 478 1723 343 1087 327 1772 1871 1339 593 1211 53 1402 1468 96 1156 1606 1929 1038 964 687 1065 1487 974 1967 49 1136 460 974 243 463 238 794 1327 175 25 428 158 1940 773 1235 1818 984 147 1137 59 1135 1780 1778 1285 451 217 1727 122 321 267 662 1971 1708 1837 1186 876 1951 858 546 83 1890 106 1993 1722 697 1873 1547 234 1614 1217 163 686 45 1514 1765 1918 651 1845 750 1690 1563 38 309 1636 1062 1024 1198 556 734 707 1620 1151 1178 394 55 885 641 1865 439 1701 990 1550 25 978 1472 888 1962 1606 352 1464 1025 472 1574 559 1428 211 280 902 1233 1030 1873 337 1075 1778 1167 1448 97 1734 737 1391 1204 589 1220 1621 786 141 1329 246 887 1243 1610 1126 975 344 591 825 570 436 64 648 1281 899 1491 910 37 1904 274 402 266 0 295 252 880 1973 788 1956 93 206 1953 563 801 684 1636 914 92 898 145 333 401 82 1485 540 660 875 1295 961 122 341 0 421 426 1787 361 1171 486 1442 809 1182 1986 876 1949 1107 380 740 912 43 1189 24 1477 1990 1356 93 1696 755 1672 1813 1174 930 1537 1827 1889 603 1074 762 1711 616 176 278 1245 49 133 1258 223 273 1870 1476 684 1491 529 482 1949 1150 337 329 636 0 1577 143 154 842 1378 1832 1876 456 1508 596 1697 1089 833 260 599 1870 123 1454 513 1907 951 493 424 630 1577 1371 329 735 246 1470 1400 304 1541 886 156 467 1769 302 1361 269 1462 1445 1238 1763 1145 516 1881 241 815 1877 538 1980 16 1059 1011 1271 945 1000 1919 1546 48 1639 237 611 225 390 403 1612 1288 1918 417 984 121 1620 978 470 1928 593 1024 1022 520 1655 1568 745 246 434 1442 719 855 784 1298 1606 1283 182 1248 84 762 35 390 253 1255 1915 251 388 355 1870 536 1232 447 205 1854 1667 1708 238 1598 272 1028 1021 1710 1038 1665 429 1537 584 1436 1826 1564 1293 687 240 1182 1470 336 388 1642 1635 906 695 1403 1822 221 723 653 255 827 81 93 341 1660 464 1470 1864 631 154 494 891 1655 964 271 1942 158 229 1343 365 1888 1574 882 1200 210 1617 406 337 1810 744 1089 1036 1441 1589 1723 1968 794 1409 1028 208 962 1502 971 1496 1431 1633 1910 1648 524 1170 56 684 892 391 555 546 1685 1264 996 1751 1681 1244 1996 1117 1000 1795 1058 270 543 1587 1689 694 1356 1936 1936 1284 492 1748 701 843 1067 727 1533 1646 1713 1849 952 153 1212 1850 1897 1733 971 944 1610 892 15 764 185 349 91 1042 1813 910 1750 177 193 543 1862 655 1500 346 752 1397 1360 1414 1939 177 356 1157 170 1989 11 633 1584 722 1377 1707 491 1142 156 1429 1913 1520 409 1027 1522 1569 1674 1760 709 1083 1197 861 1962 480 1906 1553 1987 100 1613 1150 1002 891 1842 949 339 1916 1280 1995 1934 1790 1769 634 133 1394 850 530 1271 928 783 1127 1168 1023 176 1677 960 1029 1824 468 1935 693 465 1917 1347 240 1056 1087 987 423 1749 521 86 1725 1838 1076 409 33 1551 428 1397 1024 1221 1847 1945 1721 1791 1109 463 1804 1038 1965 135 52 1413 157 670 1293 947 1619 1970 1383 815 230 1412 1363 1567 1472 1178 609 1943 318 95 1033
