1936 2000
344 3 830 906 1938
618 2 80 1397
1561 2 855 1144
1378 2 1045 1155
94 1 279
1376 3 340 1123 1782
1158 2 320 813
329 1 1675
1653 3 61 880 1935
1048 1 631
1135 3 88 577 762
1934 2 234 822
79 3 843 1565 1873
365 1 361
1067 4 814 1147 1250 1985
1848 2 1323 1573
621 4 355 496 898 1175
1908 2 331 1303
904 2 1052 1892
675 3 163 1515 1740
574 4 460 740 1445 1590
153 2 131 153
945 2 54 1965
1139 2 1159 1981
1285 2 1270 1948
1809 4 134 649 855 863
1213 5 301 544 1401 1449 1578
703 1 537
377 3 435 1174 1449
1453 2 832 1698
891 2 32 475
1380 3 192 1190 1933
116 4 282 548 1400 1880
1105 3 304 657 1064
882 4 140 387 1073 1974
1905 3 561 974 1516
650 2 91 1045
737 3 397 1202 1487
1907 2 1903 1974
1002 3 37 611 1295
690 2 283 1578
1557 3 368 756 1855
1067 2 1503 1949
1757 1 907
1880 2 11 1685
422 2 1251 1984
472 2 1501 1642
907 1 523
1377 3 345 526 1195
1338 4 73 1053 1198 1742
1489 2 633 1251
749 5 564 640 1105 1485 1900
641 2 19 1050
447 2 951 1050
1177 3 491 1963 1982
410 3 221 947 1928
602 3 442 955 1452
1297 2 195 1378
315 4 728 1084 1217 1446
855 1 351
1452 2 1564 1757
508 4 337 401 857 1424
43 6 497 607 953 1169 1560 1799
195 1 125
1002 3 256 886 1893
1522 2 1685 1825
1870 1 647
1570 2 1321 1804
931 5 922 1149 1171 1286 1630
607 3 665 1037 1638
1195 2 1348 1881
1121 1 993
227 4 344 1667 1815 1886
60 1 1792
701 4 129 689 1139 1322
1135 3 326 374 1976
1108 3 587 625 1732
628 1 1683
1760 3 486 854 1701
102 2 969 1989
125 3 856 1293 1324
1115 2 37 399
1788 2 81 1962
1154 2 1106 1467
185 1 133
588 3 447 569 1773
82 3 99 155 1166
799 2 207 1867
1507 1 1559
1141 4 1044 1434 1567 1831
685 2 351 469
694 2 645 925
446 2 282 1715
303 1 902
1437 2 1638 1853
1518 2 808 1172
1528 4 548 590 856 1856
1264 1 1861
144 3 531 985 1267
328 4 128 327 567 910
1041 2 792 1090
713 5 93 155 193 479 1917
1495 3 672 1331 1700
897 4 423 666 835 1082
1509 2 433 1241
54 1 108
1724 4 1374 1384 1471 1641
822 3 235 327 1243
443 4 586 881 965 1101
757 3 615 742 1712
1402 2 1196 1285
1749 2 1117 1196
102 3 307 1171 1462
96 4 1516 1695 1852 1992
1395 3 377 397 831
1155 2 815 1766
150 2 1250 1443
1674 3 506 667 1188
665 3 200 370 1270
1889 4 16 834 1221 1479
1915 1 1276
1563 2 391 1095
1883 3 145 318 722
726 2 992 1743
1182 4 328 584 1058 1340
926 2 772 865
113 1 1931
1637 6 784 906 1225 1578 1688 1971
889 3 264 893 1226
1209 3 1257 1326 1869
1104 1 1022
184 2 230 587
1194 4 320 446 1850 1969
1672 2 874 1314
891 3 370 528 538
842 1 676
488 3 507 977 1439
1730 2 22 1469
966 2 1038 1294
1672 4 58 116 1018 1063
32 4 24 159 1148 1278
172 2 528 1656
760 1 226
1422 1 869
1815 3 813 1151 1241
1696 4 300 329 1339 1820
1448 3 127 567 1009
296 1 617
921 4 480 1550 1644 1874
876 4 634 970 1454 1464
1264 3 135 1073 1774
681 5 694 875 1037 1093 1970
574 4 59 583 1089 1762
1915 2 615 640
546 1 33
1372 3 580 697 1845
649 2 1597 1900
377 2 972 1175
1769 7 204 774 781 873 1203 1474 1858
975 3 367 530 1419
395 3 540 852 921
354 2 418 1388
249 3 570 957 1521
565 4 411 787 1918 1986
301 2 165 486
269 2 276 1304
1233 3 1169 1549 1724
1097 3 330 938 1719
1177 3 561 846 1179
774 1 248
1825 5 98 302 646 1081 1762
246 6 559 826 908 992 1382 1630
1749 2 389 1870
730 2 170 1662
1107 3 946 1061 1146
172 2 220 452
604 4 311 350 816 1554
233 2 863 1568
283 5 1186 1741 1753 1899 1970
1466 3 431 1306 1605
75 4 586 679 829 1321
629 2 714 1104
1372 2 852 1817
1370 2 268 1035
222 5 359 638 921 1331 1993
110 2 431 1145
1079 4 158 674 856 1517
150 2 1128 1915
510 1 828
183 2 863 1447
1295 2 331 1490
1440 3 743 1447 1605
1278 3 264 864 1495
1457 4 110 504 671 1885
1136 4 7 515 517 1002
1320 4 176 435 633 1036
1618 2 1535 1614
450 3 1236 1420 1654
1452 3 432 1314 1369
1140 4 120 586 624 994
1039 3 522 754 872
381 5 153 213 304 1426 1889
982 3 237 695 1736
569 7 175 192 904 1199 1656 1826 1842
1297 1 392
1334 5 275 698 1101 1443 1996
1512 2 1154 1824
98 3 651 803 1106
254 4 952 977 1237 1488
991 3 8 227 1985
1219 3 146 1386 1548
42 5 2 271 622 974 1031
674 2 153 1508
799 1 416
96 2 1101 1596
1120 3 400 1695 1892
1101 7 294 494 668 697 995 1018 1516
1673 2 1526 1997
1466 6 333 361 866 1078 1384 1741
1752 2 537 1173
1009 2 705 863
702 5 281 635 998 1850 1940
1508 5 477 873 933 1137 1917
254 3 32 578 995
246 2 416 1785
1191 2 1295 1818
641 3 118 1008 1327
312 4 230 476 788 1083
1936 2 1121 1417
12 1 264
1025 2 567 1393
1935 2 740 1481
1309 2 446 1818
482 2 372 633
662 2 686 1917
1819 3 367 686 1827
67 6 309 629 688 1202 1371 1889
1571 2 428 1589
1745 2 220 700
621 4 1151 1416 1431 1784
682 4 231 1206 1686 1954
637 2 125 1407
582 4 19 1186 1377 1712
508 5 548 1038 1469 1484 1598
1434 2 416 1184
641 2 633 831
1386 1 1231
967 3 282 1159 1984
782 2 777 936
735 5 34 197 1519 1673 1851
172 3 748 978 1786
1032 3 109 1418 1807
1931 4 940 1046 1216 1743
757 4 1064 1148 1704 1772
1175 2 287 1653
1697 2 1022 1583
1337 4 435 1100 1127 1987
118 1 1527
1778 3 969 1758 1899
505 2 1187 1600
406 3 86 715 1947
225 2 47 312
544 1 4
729 3 1543 1645 1859
147 4 199 719 904 1017
1372 2 685 1238
1627 3 50 211 1772
1931 2 1144 1661
1260 2 899 1729
925 7 23 30 497 935 1089 1366 1731
520 6 155 783 1055 1200 1486 1507
908 1 1525
1256 2 1637 1876
1383 3 291 796 1871
231 2 623 1631
1017 4 273 429 1394 1957
1090 2 87 1348
146 3 32 403 1828
1651 3 399 771 1100
128 1 512
209 3 204 934 1895
1559 3 99 658 1716
97 3 638 1202 1230
658 2 486 565
962 3 324 925 1428
1805 3 532 1435 1675
1077 2 492 1647
1634 2 1133 1588
876 3 523 554 1549
1384 3 146 1583 1723
709 1 103
693 2 1228 1983
1038 5 1168 1456 1496 1808 1813
692 3 1421 1627 1817
67 5 51 87 273 1286 1750
1879 1 1816
1931 2 150 885
1678 1 310
1184 3 1631 1870 1909
336 1 1621
1566 1 1230
1926 2 1082 1567
1067 2 1037 1238
86 3 249 412 1049
690 2 216 281
1639 3 162 187 555
1787 1 1049
1163 3 177 966 1728
508 2 392 1178
425 3 69 863 1199
648 3 1303 1807 1845
565 2 811 1605
437 1 1648
1387 4 481 493 656 906
1908 3 3 605 1149
1726 2 189 444
1531 3 541 1511 1712
113 3 768 1199 1417
552 2 1526 1958
806 1 193
1907 2 811 865
1244 2 972 1949
681 3 616 1436 1470
1774 1 651
218 2 779 1396
1889 3 863 1160 1518
456 3 791 797 1013
82 3 376 1043 1670
244 2 1080 1387
660 4 175 1594 1817 1964
1103 3 65 740 1031
90 2 175 882
1327 2 704 1735
1403 2 356 1270
461 1 910
1638 2 998 1841
74 4 1454 1487 1808 1846
539 1 156
572 1 367
1532 5 281 583 607 1479 1506
1470 2 415 826
285 1 1250
1273 1 986
1104 2 373 1919
1530 3 185 1531 1980
1537 4 611 810 1048 1641
796 2 394 1311
565 4 133 763 1294 1569
786 2 1300 1489
435 4 52 369 1034 1092
913 5 268 460 800 859 1061
1637 2 76 694
1605 4 215 937 1467 1793
114 2 54 1529
1266 3 1846 1885 1982
1313 1 282
875 4 431 443 828 1865
545 2 185 447
1908 5 51 642 666 1221 1711
463 1 1485
1492 2 111 1982
1835 3 690 1682 1817
996 2 56 349
897 2 413 1196
880 2 1203 1606
519 2 915 1002
1473 2 645 915
520 1 162
1653 2 359 1952
1230 4 154 181 1658 1969
1737 2 1026 1958
1512 3 213 530 869
1067 2 1054 1095
1719 3 101 1350 1799
1383 4 380 947 1349 1768
1785 3 1419 1815 1977
410 2 795 1442
1863 1 1442
254 2 237 313
102 2 137 146
1370 1 641
721 2 17 1221
1722 1 731
1825 3 285 623 1449
491 5 440 664 770 824 1727
1847 2 1692 1726
1404 5 24 588 1481 1754 1822
350 2 422 619
796 5 760 1250 1300 1584 1607
455 2 205 1175
1090 2 77 382
599 4 691 741 1226 1889
1163 4 306 975 1315 1929
1934 3 114 232 618
135 3 729 1263 1352
1784 2 1549 1768
236 3 467 1199 1702
983 6 96 238 977 1211 1327 1376
618 2 1906 1994
1074 3 345 1084 1819
797 2 15 1202
1315 1 390
1885 3 413 595 1128
508 3 1179 1712 1847
259 3 857 874 1525
1688 2 1203 1434
1733 2 1256 1690
1591 2 707 1147
417 2 827 1108
1678 4 141 525 1489 1919
137 3 944 1532 1938
1866 4 609 782 1012 1401
966 3 623 1237 1680
1613 3 219 539 1594
1112 5 213 303 409 805 1599
1439 1 1057
1663 1 322
485 1 1366
1440 1 1589
1320 2 617 1843
916 2 89 1249
662 2 1426 1578
1053 4 651 1079 1787 1828
1247 4 74 195 657 1542
305 2 141 360
1552 2 591 774
1127 5 161 874 1192 1201 1370
520 2 365 436
1533 3 16 1475 1615
1892 2 313 1957
1527 1 34
1672 3 210 1004 1392
1936 1 1867
1565 2 684 1325
572 3 623 1182 1287
796 4 587 953 1677 1833
1643 3 184 496 978
186 3 716 1377 1483
41 5 771 1549 1732 1832 1955
456 3 367 1150 1378
1128 1 1134
1795 8 56 206 341 841 1005 1253 1531 1780
856 3 661 1556 1777
206 2 1562 1847
660 4 63 143 680 1163
140 4 278 439 1316 1583
1671 4 523 537 585 1640
902 4 148 548 724 1782
134 3 377 464 996
305 2 55 1888
173 4 234 1110 1273 1718
370 3 1125 1161 1545
734 4 609 666 1249 1809
1835 2 310 1117
1317 1 1480
1531 3 832 1064 1746
456 3 965 1786 1963
789 1 624
1828 5 134 245 267 416 1817
76 1 1617
1935 3 708 965 1715
1453 3 19 569 756
1438 4 32 597 844 1343
1033 1 1132
947 2 224 1496
931 3 92 1356 1979
1066 1 1257
1130 1 1123
1239 4 330 491 1352 1902
360 2 1301 1713
1341 3 170 1020 1383
353 4 71 697 1352 1712
1481 2 870 1981
1778 3 186 506 1098
1705 5 218 825 1630 1848 1890
391 4 496 715 888 1930
1370 2 698 1010
955 3 402 723 1688
1253 1 1322
569 4 289 614 1271 1798
448 5 13 191 913 915 1605
1760 4 1596 1752 1777 1959
1107 2 1341 1789
1142 2 94 483
1490 3 167 372 1443
158 3 1090 1556 1665
217 4 15 119 172 1939
624 2 836 1954
1430 5 107 1067 1295 1836 1933
372 4 491 1268 1480 1482
335 2 628 1015
391 4 236 844 1646 1949
1622 3 17 916 1976
799 3 86 387 1218
2 4 604 1006 1394 1549
1317 1 1940
1720 5 360 491 1069 1100 1107
496 1 867
1667 2 730 1551
577 3 422 491 1295
841 4 122 1338 1481 1873
388 3 501 807 1705
1484 4 689 807 1296 1932
1483 3 65 404 1001
1931 2 1108 1318
1658 2 399 855
841 5 474 728 907 1648 1870
172 3 223 400 440
632 3 598 1073 1295
1261 1 1516
426 2 909 1250
653 2 138 1761
1581 2 76 1508
1660 6 63 186 283 445 1025 1231
1707 4 42 179 241 533
128 2 89 1715
95 3 451 1321 1917
432 2 472 698
978 4 233 515 1145 1894
855 3 25 1004 1034
1217 1 1099
1116 3 489 1435 1855
1907 3 68 361 1930
430 3 75 933 1422
1796 1 113
1671 1 489
40 1 516
410 4 827 1505 1634 1790
94 3 597 823 994
1251 5 141 949 1146 1835 1881
514 2 256 1221
902 3 1041 1284 1478
1647 4 904 1568 1686 1706
1271 1 1584
1094 3 221 641 1835
1522 2 350 805
1672 3 6 562 1236
485 3 477 1645 1710
1646 2 238 1976
1059 3 7 1048 1593
900 4 220 295 653 1702
212 3 426 1729 1983
18 5 173 237 659 1065 1277
230 1 128
538 4 298 1536 1667 1684
511 1 1167
1825 3 263 320 1110
1136 2 620 1581
1182 4 164 439 1364 1930
1259 2 519 772
144 2 264 582
1090 1 1075
948 4 698 916 1573 1782
641 3 1579 1649 1940
426 4 23 170 1007 1472
1491 4 592 1033 1246 1595
18 4 219 385 644 1491
1732 4 732 1246 1847 1900
1564 2 578 940
1698 2 803 1343
13 3 429 774 1833
1156 4 431 1040 1849 1999
1795 2 71 990
1721 2 429 611
1141 4 436 743 920 1210
1884 4 580 1029 1241 1254
1175 5 756 1014 1172 1776 1795
1389 4 245 526 758 1826
286 2 306 787
254 2 96 437
128 1 1251
713 5 494 760 887 1260 1849
1880 1 542
1067 3 696 1336 1345
1807 3 7 1304 1502
785 2 800 1753
1162 6 451 696 1148 1465 1685 1845
555 3 1078 1530 1837
1115 3 1361 1678 1800
372 2 24 1626
1291 2 611 1496
455 2 211 1321
173 2 1552 1993
95 1 1575
1416 3 612 1117 1266
1673 2 43 1923
658 4 883 1122 1314 1362
1072 2 599 988
1247 4 1276 1282 1548 1730
285 3 482 1284 1402
1326 2 1257 1514
1782 3 617 1402 1454
979 1 126
1518 3 203 733 867
1417 3 473 529 1033
1294 2 195 1139
635 2 644 1054
472 4 831 934 953 1495
1800 1 208
1550 3 1428 1690 1865
791 3 849 1154 1224
164 3 1012 1557 1936
1205 1 753
1617 2 789 1234
880 2 537 1838
86 3 12 470 898
1540 3 1086 1531 1582
1164 6 31 38 77 1080 1597 1856
897 4 238 1174 1212 1945
826 5 45 89 316 574 1691
723 2 300 1503
545 6 119 418 691 1301 1806 1869
1680 2 184 394
1338 2 186 664
67 1 214
277 1 1040
108 1 1536
1439 1 1812
1187 1 778
1629 3 541 1912 1947
1867 3 539 811 1556
235 4 298 742 892 1233
618 1 557
214 6 19 68 475 1069 1616 1992
183 1 1065
327 4 342 512 730 975
1515 3 570 754 1661
1072 4 704 755 1759 1995
1092 3 800 1076 1713
1586 1 51
1826 1 1662
624 3 6 541 945
883 1 897
1780 3 413 1168 1256
461 1 1219
860 3 417 1663 1679
463 1 1546
185 3 325 1557 1645
1247 4 331 810 876 1631
1789 5 83 627 909 1030 1739
903 3 242 787 1543
910 6 93 304 310 440 612 938
1160 4 402 966 1278 1801
1425 3 85 1164 1750
1841 2 1098 1490
942 3 359 564 1385
1204 2 367 891
908 3 67 423 636
140 1 69
1528 2 568 974
1513 6 295 574 1094 1216 1358 1853
1383 7 39 569 572 624 844 915 1662
230 2 411 1931
1035 3 1388 1463 1568
75 3 592 822 1849
1852 1 1741
421 1 809
563 4 119 200 1131 1782
1677 1 1997
1404 6 10 883 971 1382 1561 1987
1918 1 19
1518 2 623 1244
1000 4 191 393 773 1600
439 3 92 576 904
799 3 940 1589 1614
1166 2 371 1478
1128 2 434 992
1192 3 794 946 956
1195 4 106 726 777 1539
1789 1 266
737 2 227 1767
942 4 11 95 366 1476
1355 3 317 390 1150
496 4 582 943 1436 1499
1498 5 412 793 903 1290 1718
36 5 429 584 1186 1441 1550
713 2 123 553
1567 1 666
817 1 1459
548 5 265 673 719 733 1181
1531 1 773
552 3 53 355 1984
90 2 107 824
1836 3 365 1575 1768
75 3 92 1351 1938
902 1 188
438 3 471 728 1987
1735 3 605 1438 1558
1782 3 500 725 995
1294 6 254 727 774 1371 1899 1917
344 3 651 1260 1733
451 2 798 1604
855 4 470 1030 1032 1143
799 2 1555 1865
514 3 80 1215 1872
1319 1 1293
426 2 347 1016
1101 2 164 1586
100 1 1001
1298 2 57 567
1104 2 784 1572
172 2 180 1463
1435 2 843 1968
435 3 165 1162 1752
281 4 1585 1692 1795 1820
1090 6 264 471 860 888 1566 1577
1317 1 1895
1201 2 486 990
1571 2 24 476
41 3 1386 1702 1783
989 3 815 1629 1891
916 7 364 451 455 501 567 1300 1920
702 4 613 638 1205 1611
1104 2 663 814
1094 2 62 278
1595 5 42 302 685 1876 1981
793 2 331 847
1485 2 295 1818
902 1 666
566 1 1593
1566 1 1589
1204 6 95 498 708 1020 1767 1815
1490 2 353 595
771 5 31 175 339 1010 1041
397 1 194
989 2 220 810
682 1 986
1063 3 187 1000 1927
950 3 109 268 1789
125 1 1145
1229 3 292 1266 1971
1897 3 491 1204 1263
702 4 252 545 1450 1870
752 2 1421 1654
1171 1 1848
340 2 366 589
1678 5 565 891 907 1794 1954
32 2 34 1699
784 3 606 818 1299
1875 2 244 1231
1012 1 859
150 3 978 1018 1073
80 3 26 382 851
1824 1 545
733 3 111 142 746
662 1 900
609 4 496 609 1334 1714
566 1 939
1426 4 399 558 1168 1901
347 3 360 564 1600
698 2 284 895
1334 4 474 546 572 586
1297 3 813 1433 1996
1382 6 66 589 600 820 1009 1594
1494 2 893 1640
1688 4 94 1002 1452 1974
701 2 1012 1114
538 3 11 716 1419
1119 3 840 903 1641
791 2 616 1265
523 4 85 132 755 1581
895 1 308
156 5 209 496 707 1072 1541
713 2 1176 1277
835 3 287 504 1676
443 2 660 1732
1559 2 864 1555
1672 2 369 1960
158 1 165
432 2 233 1336
764 3 260 1034 1122
373 2 916 1010
1835 1 1342
1540 3 726 1235 1869
432 1 1905
324 1 1498
913 3 826 1647 1775
697 4 6 1187 1471 1699
1031 2 495 1988
894 2 274 348
574 2 1446 1933
702 3 162 298 854
222 2 1196 1565
849 3 1320 1529 1741
706 3 297 817 928
373 2 350 1386
282 1 620
298 3 869 1517 1863
543 3 575 1545 1663
182 2 1468 1995
1512 2 645 897
1913 2 1487 1572
1663 2 1040 1236
1080 1 1824
1349 4 186 735 762 1161
1457 2 162 283
1400 1 1198
1288 2 110 1316
73 4 584 771 1453 1566
1218 3 26 554 1052
909 7 32 284 723 987 1297 1474 1604
566 3 242 824 834
1922 4 606 887 1045 1846
102 3 393 1450 1770
1860 1 154
1688 1 828
907 3 206 1661 1795
1606 4 444 575 1818 1904
320 2 1329 1555
1672 3 1179 1708 1876
1508 2 375 1174
1474 2 1450 1682
102 5 478 523 800 979 1935
1673 2 562 1938
638 3 565 1154 1538
479 1 669
448 2 213 1106
1801 3 239 402 1841
1358 3 93 580 945
1448 2 1361 1384
1875 4 537 600 1275 1550
73 2 33 1869
1107 1 742
1707 4 385 1357 1610 1924
876 3 210 1077 1446
88 3 1710 1913 1966
1510 5 476 789 900 910 1804
1624 3 137 250 704
1667 3 700 1220 1333
1043 1 1187
1233 5 595 902 1055 1717 1776
1648 3 82 838 1950
234 4 50 187 1622 1928
235 4 1069 1688 1728 1945
381 2 1178 1181
929 2 1142 1201
1571 3 44 413 554
1272 2 1097 1167
945 2 140 558
1886 2 625 932
135 1 1701
1 3 50 135 221
577 1 792
1351 4 521 932 1073 1752
439 1 1481
955 4 207 707 1113 1332
496 3 612 1052 1994
124 3 683 693 1307
834 3 197 1387 1696
1711 3 82 424 1190
1498 1 300
1292 2 61 1778
290 2 598 1175
192 3 237 280 1607
989 4 74 741 924 1692
186 1 849
1246 2 140 1904
56 4 38 115 881 1680
1810 2 855 1017
1337 1 506
1019 2 25 324
91 4 318 446 964 1709
1453 2 204 1932
249 2 233 244
286 2 90 1156
1777 2 76 790
235 2 374 1789
1732 3 481 1104 1164
1127 3 1075 1716 1947
629 3 296 303 1061
373 2 945 1233
570 1 150
646 2 176 943
1854 2 954 1217
453 2 911 1117
1352 1 905
600 3 127 1375 1996
269 1 1560
1732 2 1026 1269
1912 1 839
828 2 946 1600
637 2 1105 1721
1219 3 1461 1596 1962
369 1 909
1035 2 374 748
419 4 27 277 381 1261
128 2 780 1904
938 5 12 482 787 1451 1969
782 1 923
354 2 832 1706
390 1 1377
1899 2 32 1741
1483 2 3 500
1257 1 389
227 2 246 1132
899 3 561 722 793
702 4 30 117 193 909
1362 3 89 1723 1815
1336 2 3 1268
453 3 13 34 1494
1556 3 650 1620 1802
1067 4 125 663 839 1162
246 3 64 1687 1874
1934 6 105 122 1105 1211 1247 1375
222 2 230 1699
82 2 1556 1558
1054 4 0 476 594 1052
1530 4 401 1217 1332 1481
492 3 540 583 613
390 2 1517 1641
855 3 343 824 1390
41 2 12 457
373 3 123 931 1365
1912 3 205 824 1747
1532 2 1121 1447
555 5 106 516 672 946 1054
895 4 471 564 1693 1712
225 2 732 1459
1137 1 1907
57 2 1706 1715
987 4 325 1083 1462 1485
721 4 85 255 282 1213
1477 2 161 1693
1850 2 24 1547
391 2 408 788
1326 2 42 914
852 6 379 659 1030 1459 1498 1854
348 4 158 830 1129 1150
1242 1 1261
1723 4 57 371 920 1594
1681 3 881 1211 1542
285 5 61 133 678 744 939
299 4 253 389 1208 1987
613 3 90 321 443
561 1 169
987 2 740 1078
1670 3 382 590 1686
677 2 439 1588
685 4 114 138 412 837
1410 1 1135
130 3 688 1164 1869
102 4 300 477 1305 1818
1675 4 77 535 680 1513
1097 2 547 1102
628 1 1679
211 4 138 650 918 1568
1805 1 1982
572 3 186 1211 1372
1040 4 257 384 647 1564
117 2 103 823
928 3 243 1085 1756
1534 4 1125 1267 1414 1670
369 3 491 669 1214
456 1 119
73 3 1060 1351 1893
1462 6 339 494 758 909 1207 1623
1240 4 192 249 341 1558
1244 2 1452 1778
633 2 579 1811
1611 4 650 763 1493 1945
594 1 21
903 5 373 859 1435 1737 1867
1155 1 780
85 2 254 787
1525 2 73 508
580 5 1194 1258 1521 1622 1698
1217 3 113 287 1937
130 2 1107 1500
835 2 1443 1579
1703 5 557 888 934 1617 1956
478 4 49 410 627 1324
681 5 622 1052 1078 1719 1859
686 5 592 758 878 995 1650
234 1 1327
1733 3 1473 1758 1907
1120 3 133 1688 1854
1315 7 24 165 179 362 863 1197 1922
1880 2 1458 1512
1383 3 55 684 725
590 2 721 1959
102 3 134 843 878
1377 2 210 1737
514 1 968
1483 4 192 464 1227 1588
752 3 901 1045 1566
551 2 1637 1879
1454 2 322 1201
825 4 382 608 803 930
641 4 31 370 871 1469
1276 2 1627 1701
1423 2 887 1859
1569 3 439 457 1981
1204 2 29 1816
511 3 102 870 1777
1172 2 684 1852
1634 1 292
1271 2 982 1387
1120 1 619
1048 2 625 718
1933 4 10 566 823 1969
675 3 782 1086 1601
1280 2 283 680
1000 2 309 810
717 1 1176
1148 2 568 619
1703 1 1469
181 4 321 587 1309 1763
1926 2 470 907
1241 2 800 1715
939 4 278 978 1480 1799
176 4 436 449 1167 1929
1841 3 101 991 1263
1000 3 955 1063 1597
1910 7 435 464 570 881 1104 1212 1682
1617 3 568 583 1189
80 4 680 1150 1234 1496
1696 3 341 647 969
1686 3 637 1388 1785
1660 2 664 1799
1188 3 506 960 983
1130 2 70 1949
1846 4 819 1710 1915 1931
96 3 316 377 1143
959 3 226 1049 1701
178 3 99 1059 1451
1095 2 932 1871
799 1 149
223 3 509 951 1103
497 6 166 167 246 1802 1805 1870
508 4 321 929 1050 1091
296 2 963 1208
197 3 1499 1705 1904
1680 2 875 1133
235 4 939 1159 1620 1883
1892 3 400 1099 1328
1492 6 447 740 793 1277 1618 1684
1748 3 643 732 1856
79 2 351 454
1924 3 519 1332 1471
117 2 168 369
380 3 980 1443 1506
1331 3 1255 1372 1901
856 5 78 321 656 1070 1409
1492 1 701
1856 1 231
186 3 1088 1134 1937
116 1 1707
1254 3 853 1258 1643
114 1 210
1105 2 349 1128
1434 1 627
444 3 615 1396 1503
591 6 161 453 532 1068 1172 1746
1458 7 149 204 875 912 1004 1452 1458
1702 1 1622
1813 3 796 835 1198
76 2 430 1272
1667 4 228 1720 1726 1736
1292 3 790 891 1026
1401 2 83 886
1739 3 460 601 772
630 3 213 624 1974
1744 2 151 938
132 2 193 977
84 3 750 1313 1792
857 3 706 1164 1280
1090 6 555 788 797 813 1440 1540
183 4 220 671 830 1574
1187 3 1472 1673 1953
968 1 772
1709 3 170 486 524
1882 6 735 753 1069 1145 1170 1891
1225 3 175 1814 1959
518 2 1088 1287
795 2 311 1654
649 4 221 431 967 1533
1882 2 1761 1935
787 3 794 1390 1663
713 1 550
1862 4 751 1277 1677 1813
1927 2 953 1574
1637 2 279 1233
1314 2 44 780
1135 2 49 707
1667 4 667 676 1818 1898
857 4 668 998 1280 1809
1815 4 56 1260 1347 1823
662 3 763 772 805
1160 4 119 344 524 1555
903 1 1456
962 3 1182 1511 1908
609 3 809 923 958
1512 3 90 512 1292
508 3 178 263 1321
590 4 8 205 515 570
988 3 252 1263 1634
1 1 154
1790 1 570
1448 3 226 317 1186
435 5 849 1146 1294 1523 1703
903 3 387 455 1268
1212 3 459 756 1798
1199 3 1 858 925
391 2 406 458
1381 4 98 759 1014 1939
18 3 35 650 1074
1847 2 1889 1921
1349 2 602 1066
1696 3 9 188 1386
244 2 270 553
1829 3 1031 1180 1535
305 1 347
1201 3 716 1173 1288
1150 3 397 1280 1502
962 1 1990
572 3 881 1512 1755
1066 5 477 705 994 1099 1551
1611 2 1679 1916
222 3 351 1304 1371
22 4 116 196 1621 1844
538 2 675 1525
496 3 324 763 1304
1646 3 1263 1465 1776
726 1 153
646 5 458 767 1143 1678 1719
147 4 250 725 926 1647
981 4 559 1628 1707 1751
793 1 1419
1838 1 487
637 2 105 1957
1828 3 1306 1308 1556
613 2 230 946
1837 2 39 90
1703 4 76 217 551 1176
1561 3 59 360 746
1090 3 16 494 691
1067 3 231 1082 1975
914 1 421
1072 1 1320
904 2 1433 1915
1115 1 752
514 3 1399 1407 1856
1402 1 6
184 3 1285 1397 1606
393 1 1865
907 3 784 1000 1250
1195 3 159 388 1623
227 2 595 1861
1358 1 1705
926 3 640 1807 1814
298 4 543 840 908 1042
760 1 32
833 1 1117
1803 2 937 1057
909 4 709 979 1253 1378
1561 2 115 1839
877 4 657 921 960 1337
1760 4 53 351 923 1715
269 1 1598
855 1 1805
434 1 1608
1122 4 212 361 454 479
925 2 1140 1218
565 2 743 1076
1726 4 64 437 1091 1684
1555 3 1255 1546 1759
53 3 367 463 1869
1294 4 641 665 760 1423
1789 3 590 1303 1435
1548 4 835 974 985 1997
227 1 95
875 5 630 882 1594 1790 1949
347 3 133 1224 1433
1083 4 795 1277 1319 1846
192 2 481 1446
95 2 1128 1973
94 2 142 156
130 4 540 587 1000 1209
631 3 298 907 1380
618 4 489 555 1662 1902
1405 4 241 871 1010 1454
702 3 1722 1753 1801
1902 4 686 1004 1767 1910
246 3 547 1010 1167
652 2 1331 1828
285 3 159 536 1694
1435 1 316
1000 3 526 1093 1757
227 1 1071
1206 3 67 1243 1489
1630 2 813 1826
381 3 413 944 1184
891 8 73 676 1203 1499 1846 1852 1890 1899
490 3 90 319 1482
496 2 1084 1330
1271 2 507 1660
1306 2 726 977
1282 6 133 173 399 756 962 989
1482 2 251 1673
1137 5 957 1595 1598 1717 1774
1527 2 467 1486
1562 5 784 1088 1359 1471 1984
255 2 1399 1644
1875 2 28 982
1862 1 1447
1177 4 656 841 1793 1965
562 3 125 562 698
1892 3 138 800 1866
364 3 245 468 1369
1477 2 137 1484
380 2 784 1416
455 1 545
517 3 943 1267 1938
1358 6 262 956 1020 1326 1363 1920
1077 2 48 748
190 2 20 1505
1421 2 264 1089
1377 4 19 930 1195 1661
164 1 237
1530 3 1100 1392 1751
1308 4 313 897 1244 1645
1813 3 285 1828 1859
466 3 519 625 946
180 5 579 1407 1551 1586 1737
1514 1 973
480 4 724 994 1202 1246
1656 3 203 1422 1910
835 2 1118 1221
1591 1 14
1401 4 84 546 1089 1416
1531 2 1032 1290
1443 2 387 460
1028 1 1452
862 3 115 1145 1769
561 1 978
526 4 209 920 936 1809
1416 4 223 466 705 844
1150 4 685 688 1357 1477
1753 1 932
821 1 48
1780 2 257 902
713 3 308 740 1807
97 1 589
1350 1 53
847 3 335 1709 1887
1254 8 222 408 468 892 926 999 1314 1392
1169 4 1009 1312 1489 1884
994 3 1051 1546 1936
1214 4 571 1184 1691 1888
640 1 342
1352 6 157 389 980 1503 1752 1973
1489 3 197 225 507
96 1 982
641 4 753 814 958 1257
303 1 1241
643 5 296 1161 1273 1765 1821
553 2 1339 1965
339 3 229 992 1146
390 3 770 1174 1466
674 4 119 1018 1472 1746
794 1 1065
75 4 84 306 718 1090
1719 5 326 542 552 1284 1948
524 2 623 1272
1122 4 430 898 1463 1739
852 2 14 1631
1866 2 47 662
361 5 647 1097 1516 1826 1897
278 2 69 1963
610 1 281
104 2 719 1525
1760 4 710 1601 1796 1949
1104 3 267 597 1683
296 4 198 230 1048 1705
37 4 786 796 1303 1426
485 2 567 1924
859 1 1522
1177 2 401 1670
1882 3 638 894 1890
362 2 470 1517
297 3 453 1190 1430
1709 3 12 886 1998
682 4 640 693 837 1772
880 1 1288
760 3 363 1323 1517
1598 3 124 274 617
1875 6 527 928 1353 1414 1438 1495
1122 1 1855
1831 2 107 1528
799 5 453 531 752 1411 1558
713 2 383 1607
485 2 725 1365
496 2 238 860
1931 5 343 515 1001 1036 1501
339 1 891
771 3 967 1109 1865
1108 1 1930
453 3 613 765 1062
172 4 262 1309 1387 1618
1720 6 25 858 1365 1795 1896 1979
225 3 162 170 820
629 1 690
566 2 640 1140
1166 3 130 1519 1789
799 3 553 1647 1913
1336 4 156 869 1132 1976
1272 4 61 687 1822 1926
217 3 101 1192 1243
164 4 1084 1529 1572 1993
1591 4 393 915 1632 1637
285 1 1069
492 4 25 258 898 1206
1037 1 1473
1732 1 1830
1389 2 57 1227
477 3 893 1416 1600
641 5 227 257 780 846 1141
756 4 617 780 900 1489
1778 1 1978
1559 5 1201 1477 1772 1931 1999
1639 4 93 134 1272 1767
1026 3 950 1646 1997
825 1 1147
801 3 576 1191 1808
584 2 707 815
1182 2 1389 1418
908 6 143 207 1285 1554 1641 1922
752 2 1656 1805
880 1 932
1456 4 90 116 279 1612
641 2 350 1845
1212 3 500 992 1262
579 6 100 346 432 770 1573 1719
455 2 321 1080
1240 2 507 1182
1782 4 118 500 1281 1674
553 1 825
652 2 741 963
1033 2 1171 1513
809 3 59 198 1964
1613 4 47 62 907 1557
1489 1 892
1842 3 203 483 811
113 4 28 178 617 1631
910 1 1722
428 2 1322 1627
1744 4 224 357 1317 1522
1181 2 560 1612
1518 2 40 1883
364 6 312 342 510 545 1052 1654
124 4 601 692 964 1979
1929 2 1686 1731
419 1 929
1140 2 683 896
1257 5 125 595 1454 1624 1885
110 3 132 1103 1579
1813 3 702 1382 1968
1551 5 635 1003 1156 1294 1519
93 5 853 1083 1490 1864 1885
834 6 614 672 690 899 1656 1773
849 3 438 569 1628
1467 2 487 1330
709 7 635 665 666 900 934 942 1715
1176 4 682 1724 1820 1942
67 5 2 195 341 886 963
1701 3 652 1601 1660
1507 2 1021 1172
1166 6 57 102 989 1298 1373 1746
492 3 736 909 1625
1182 4 81 520 1848 1849
569 3 49 745 1197
217 4 527 854 929 1659
1754 3 215 1013 1722
751 3 106 1621 1736
1098 4 620 853 1157 1676
488 1 30
1559 2 1760 1892
435 1 722
1677 1 91
954 4 63 434 956 1995
1531 4 362 407 464 640
1854 4 309 921 1119 1914
641 4 844 857 1695 1979
1168 2 894 1581
353 3 137 144 1317
757 1 400
1918 2 231 337
1566 2 1637 1710
1150 4 530 772 1292 1837
1240 3 0 645 933
49 1 1860
1740 1 300
821 1 949
1605 3 165 284 1411
1184 1 1795
524 3 299 719 1884
506 3 106 1056 1515
573 3 230 1690 1896
222 4 56 497 1070 1722
1907 5 333 597 933 1581 1776
1349 2 1588 1756
223 2 31 1972
1104 3 528 1689 1695
855 2 639 1812
432 3 126 789 957
277 2 418 832
662 5 644 1385 1447 1619 1676
1538 2 901 1648
1230 2 1202 1695
461 3 1548 1668 1712
1606 3 159 1330 1983
880 3 27 1101 1530
1605 4 33 108 346 1163
130 1 960
421 3 674 753 947
447 2 399 1014
1467 3 296 451 1344
1782 1 793
1439 1 1585
1740 4 681 826 1397 1697
1760 4 650 668 993 1408
227 2 1211 1915
214 3 168 217 1815
1892 6 248 354 403 998 1375 1893
1591 2 436 1316
1312 1 747
1123 2 135 1457
787 4 160 260 1261 1652
792 1 1257
416 2 137 733
1741 4 1348 1686 1750 1869
809 3 94 882 1395
621 4 891 1028 1146 1989
1421 1 1012
1720 4 836 887 1358 1670
37 3 1070 1159 1252
1805 2 425 841
876 2 843 1953
492 2 395 1019
222 1 1029
667 1 787
686 3 707 813 1965
1851 1 258
211 3 1250 1563 1677
555 3 548 1322 1771
372 2 59 1864
1072 2 1107 1742
1653 2 664 797
665 2 21 597
499 6 604 816 1003 1064 1231 1883
1401 3 459 660 1526
693 3 318 481 1296
465 3 276 730 1761
855 2 1153 1793
378 2 954 957
1162 4 218 1055 1362 1650
1931 4 66 91 1362 1462
1230 4 54 1381 1552 1832
1878 4 549 811 1340 1484
938 1 1875
1458 3 540 697 1325
217 3 546 1846 1967
1382 3 900 1247 1280
922 3 62 1559 1968
29 3 945 1462 1641
876 1 1874
15 3 410 730 1087
246 4 266 575 1560 1756
227 4 973 1083 1516 1626
942 4 84 420 757 1500
683 1 1136
725 3 327 811 1105
1518 4 541 1013 1161 1874
702 2 59 1758
795 4 190 752 1502 1562
144 1 1757
186 4 373 634 801 1560
71 1 27
9 4 211 475 721 1411
520 3 862 1366 1967
1510 5 206 599 804 1243 1744
1141 4 726 763 930 1546
1841 4 390 775 1128 1996
1466 3 738 1114 1940
456 2 1099 1587
926 5 1050 1075 1528 1740 1804
1460 2 1667 1878
61 1 1994
438 2 477 1255
903 3 1624 1827 1896
419 5 109 445 627 680 1003
450 1 1839
1881 2 1130 1208
565 2 927 1887
1413 1 1461
683 2 343 1946
1880 3 274 1559 1838
1115 2 469 694
303 4 785 862 1535 1698
1011 7 156 218 674 977 1234 1484 1576
1527 1 1934
1228 7 353 409 503 679 744 815 847
893 4 177 729 1381 1430
42 3 568 1177 1440
1796 3 549 933 1176
380 2 1081 1961
1840 2 1304 1457
1846 1 945
327 1 640
410 3 456 946 1254
305 2 624 1777
1688 3 497 522 1241
1475 6 936 1164 1444 1544 1817 1937
643 3 414 1031 1088
793 6 99 248 319 1383 1578 1770
1214 3 688 1722 1856
859 2 772 1414
1870 4 43 892 895 1947
1160 2 780 1792
1542 3 539 1470 1813
1436 6 117 325 566 569 1062 1135
897 2 726 1635
276 3 399 887 994
1862 3 160 1286 1949
530 2 115 343
1097 1 1050
572 4 231 907 1150 1647
235 2 1277 1967
1333 3 181 855 1819
909 2 731 1620
1678 1 1471
1660 3 462 607 1628
129 3 1300 1770 1839
1723 1 403
1004 1 768
681 2 616 1803
1077 1 960
1297 3 99 650 1805
450 5 429 475 768 912 1748
42 2 282 1801
1606 4 902 1039 1541 1861
1457 2 377 491
1466 3 25 274 1625
795 2 1529 1835
332 2 1063 1085
1310 2 1202 1565
1664 2 839 1374
347 5 544 851 1011 1194 1807
849 2 1087 1861
9 2 987 1217
1317 3 829 1334 1824
574 2 929 1310
425 7 214 376 472 1074 1177 1204 1442
1379 3 213 868 1035
802 2 684 1465
1490 3 1402 1530 1680
1407 2 468 1020
820 2 1404 1930
1709 2 1494 1515
793 3 81 1246 1580
1542 4 93 230 602 1693
945 2 1572 1823
622 3 633 794 1929
1077 3 1062 1355 1602
1490 4 854 984 995 1341
804 2 231 358
1688 4 512 550 626 1274
764 1 396
795 4 34 687 854 1129
1254 2 759 1877
1647 4 310 472 723 744
264 1 531
1448 2 179 900
822 4 14 610 675 1665
876 2 489 1659
193 3 210 800 843
1735 4 745 832 1290 1848
485 3 958 991 1054
866 1 1501
590 6 177 514 568 654 778 1591
1482 5 716 1076 1334 1798 1845
40 2 1260 1499
488 4 436 598 733 782
710 2 186 757
1850 2 117 948
496 3 206 266 1093
979 5 64 130 632 833 1479
1595 3 417 449 1782
1061 4 297 940 1007 1612
1851 3 580 654 1658
594 3 88 1402 1575
976 2 385 768
1878 5 349 361 559 1098 1484
1208 2 1174 1573
1760 1 1059
1717 2 388 1921
1668 2 204 1075
204 1 1271
418 3 1225 1986 1987
1020 7 137 417 709 1198 1628 1655 1966
1405 3 1360 1689 1819
726 3 379 1551 1826
1538 3 145 901 1646
704 5 366 592 726 1383 1448
1349 4 186 707 1397 1758
1879 3 9 894 1424
1544 1 1621
595 3 1095 1710 1947
351 5 243 289 478 771 1281
574 1 942
1156 1 120
130 3 798 1273 1335
1403 3 931 988 1191
1014 4 397 596 967 1949
1163 3 1034 1847 1873
555 1 105
1628 2 435 1000
674 2 199 1419
235 3 283 677 1439
1126 5 450 857 1147 1454 1580
1105 4 166 436 825 1831
1525 4 169 784 888 1142
110 2 830 1146
895 3 426 610 952
1813 2 1808 1880
1482 3 471 611 1520
1092 2 632 1578
474 2 520 1546
914 2 1142 1173
530 4 638 891 951 1718
32 2 447 546
131 2 1516 1749
819 1 402
1851 4 1335 1579 1867 1944
1380 2 453 1010
1349 2 1320 1508
1688 5 82 178 1087 1351 1488
1144 3 66 915 1521
1323 3 308 713 853
305 4 1186 1295 1859 1925
505 4 212 381 797 841
1236 3 113 238 1389
664 2 917 1094
1775 3 633 1702 1752
1449 2 659 697
34 3 770 1101 1890
285 1 527
1156 2 190 677
1285 5 126 565 665 922 1319
1570 3 171 1206 1507
548 1 693
1307 4 310 385 450 466
1349 2 1126 1379
887 3 39 147 1248
1814 2 605 636
380 4 385 831 1196 1820
1056 3 1 421 1673
1136 2 892 1871
10 4 292 723 973 1631
373 2 388 1735
1754 4 291 878 1577 1901
1101 1 1609
1230 1 1341
554 5 350 546 819 1255 1471
1752 2 660 1074
1912 2 272 1855
1163 3 298 931 1137
910 2 1075 1695
1299 3 606 891 1538
118 1 656
508 3 475 1355 1654
373 2 802 1679
1090 3 337 917 1686
1559 5 484 708 1381 1667 1788
1351 4 112 151 394 1414
255 2 310 441
339 3 232 1190 1865
641 1 1127
1752 3 109 235 1596
1326 3 72 340 1870
500 5 489 812 1538 1650 1720
457 2 1164 1256
95 4 361 708 984 1459
176 6 563 746 1020 1735 1740 1892
343 2 22 1433
1140 3 56 409 1288
1496 4 208 259 347 1583
903 2 314 1951
1814 3 875 1175 1345
146 2 1110 1764
1104 4 304 995 1154 1397
1172 3 13 236 1834
1334 2 1216 1667
217 1 354
1059 3 19 680 1966
1663 2 281 1387
628 1 1294
1338 3 1120 1576 1685
1582 4 59 1021 1123 1403
1315 2 1313 1757
216 4 101 245 925 945
1474 3 1732 1805 1961
1671 2 1052 1708
111 2 734 1870
1262 1 1282
315 3 211 222 291
362 3 259 819 929
799 2 282 1856
1141 2 528 1724
1810 5 218 315 798 1414 1763
1138 2 1419 1940
1360 2 505 1087
373 3 390 1611 1719
1634 3 825 1348 1650
470 2 829 1333
597 4 403 957 1074 1643
1156 4 593 706 768 1354
201 3 470 1022 1123
1775 3 92 263 1810
436 3 72 343 1230
1615 3 263 567 1951
196 3 318 806 1705
1182 3 64 125 155
1111 2 287 764
1467 2 274 1204
1490 2 1725 1749
2 1 1606
849 6 181 228 704 1423 1759 1966
1209 2 561 1953
1786 3 670 1864 1997
544 1 1172
531 4 400 1048 1204 1276
1434 2 382 1338
1364 3 453 582 708
373 2 546 872
242 6 161 518 622 773 1081 1554
681 4 322 1082 1757 1762
787 3 152 962 1702
1646 1 1930
1815 4 922 996 1440 1752
1615 3 725 1624 1878
481 2 33 681
1735 1 1889
1090 2 188 1291
164 4 273 297 1100 1853
1630 7 451 692 719 741 965 987 1012
1610 2 303 1100
1518 2 1532 1865
1163 3 222 894 1513
669 3 53 136 638
1746 4 167 868 934 1373
1637 2 1363 1397
1093 2 9 1797
685 1 546
1874 3 639 1279 1638
773 2 638 1008
1462 2 491 956
1662 1 48
939 1 1154
713 3 1073 1112 1625
1155 3 136 693 1381
836 3 537 675 1792
642 6 110 448 1078 1103 1897 1906
631 2 84 1884
1330 3 1290 1791 1914
1674 3 432 529 1440
591 3 863 1184 1887
1253 2 1193 1306
795 4 59 613 1621 1777
71 1 1253
809 2 335 891
479 2 1829 1958
436 5 291 1076 1354 1538 1872
694 3 921 1442 1726
1512 2 602 1973
577 2 433 1706
146 6 625 692 958 1152 1285 1902
1139 2 682 1542
1358 3 562 775 1467
584 3 195 1005 1160
1663 1 129
455 1 1523
413 3 353 581 1797
1516 1 216
416 6 11 583 993 1507 1605 1628
858 2 1796 1855
1637 2 832 1076
1875 2 28 1312
1688 2 142 1373
1236 4 622 941 1545 1860
950 1 1862
631 2 709 1880
982 4 35 135 1493 1507
1810 4 224 1087 1533 1737
695 1 635
1559 3 862 939 1129
1209 4 566 965 1006 1386
631 2 1298 1970
1424 4 60 61 1024 1969
1187 6 402 924 1134 1231 1397 1408
298 2 441 1880
302 3 1103 1453 1628
364 2 167 716
1167 4 417 817 1303 1604
1141 1 1956
254 1 713
743 3 617 899 1867
1662 2 493 1272
813 4 786 1015 1381 1714
796 1 1731
1681 1 1512
938 2 306 997
1929 5 662 932 1226 1713 1907
713 3 843 862 1305
1635 2 1444 1454
1136 3 1057 1302 1544
1045 5 957 1168 1491 1722 1763
1378 3 256 521 1373
1401 2 701 1630
1602 3 1637 1694 1872
1439 5 355 434 707 833 1328
1122 1 1135
416 1 1694
1531 5 307 440 1202 1268 1784
1137 5 171 1352 1517 1827 1871
1262 1 1444
1125 1 1387
1439 5 509 682 777 1539 1973
1760 3 167 602 1190
992 4 1209 1541 1594 1851
1673 3 80 721 1394
1878 3 1049 1138 1263
1104 4 1 105 137 1669
1099 1 520
1829 3 995 1397 1544
899 3 304 1069 1768
825 1 480
1377 4 54 249 1206 1954
1282 2 52 284
849 4 130 675 1642 1823
1273 2 262 1249
746 2 166 502
1120 2 510 1333
1732 2 328 658
588 4 169 939 1335 1382
508 4 831 1228 1725 1773
462 4 326 1263 1265 1551
1544 3 384 674 1829
1295 4 300 707 805 1016
364 4 21 800 1067 1785
1490 2 44 1607
1394 3 168 185 1642
2 2 41 177
15 1 471
911 2 1613 1660
32 3 207 1370 1748
801 3 60 122 1581
1456 4 810 972 1038 1268
1334 4 780 1707 1800 1997
447 2 1648 1868
1884 4 1315 1446 1762 1937
1160 1 102
1069 2 671 705
1345 4 316 1394 1609 1722
1475 2 1002 1991
463 2 95 1530
1317 2 54 1237
1358 3 531 657 1180
550 2 1363 1632
702 2 1278 1947
1629 3 719 862 1538
1172 3 12 544 774
964 2 928 1969
1466 1 763
802 5 115 269 385 1388 1562
590 4 990 1041 1193 1270
1191 4 618 1029 1073 1849
1884 1 1508
962 1 1392
791 3 200 216 416
588 1 1823
1067 2 656 878
1103 4 1162 1397 1407 1823
757 3 1653 1836 1978
281 2 21 41
1171 2 295 1173
737 3 1409 1637 1644
1298 3 159 445 1454
1851 3 780 1488 1775
1437 3 1303 1405 1616
1000 3 11 62 837
348 3 242 478 712
1585 4 389 946 1087 1690
408 2 482 1210
622 3 1035 1112 1819
1010 3 765 1275 1323
1403 3 1304 1389 1606
262 1 562
1035 2 247 817
677 1 324
1295 1 1969
944 3 165 360 1780
821 3 42 480 1728
821 2 1006 1775
1570 5 137 581 1103 1459 1785
768 2 366 743
285 2 194 1738
1561 3 330 1256 1872
802 2 794 1863
1061 2 725 1458
1627 3 535 1221 1886
1879 5 727 1224 1457 1476 1713
572 2 1431 1608
1448 3 1293 1297 1621
1236 5 667 677 1333 1515 1804
1008 3 699 796 1583
1376 3 1100 1110 1486
422 3 257 389 1402
493 2 1027 1529
428 3 826 1066 1158
1748 4 1048 1061 1658 1887
384 3 692 1171 1240
194 1 317
435 2 1373 1831
492 1 473
1372 3 243 674 1321
1383 2 875 1339
135 3 1192 1799 1954
989 2 1375 1958
1393 5 333 528 1129 1763 1796
1104 1 1505
723 5 0 182 490 580 762
1454 5 848 980 1074 1483 1844
1349 3 954 1185 1459
1422 3 627 875 1925
1079 3 549 928 962
442 277 1292 1321 262 1397 1906 1620 834 300 1160 966 1471 809 1804 894 1314 559 1336 1776 452 52 1065 1860 822 1579 1117 773 715 521 457 147 141 410 707 719 1187 1931 57 546 216 165 210 789 113 1209 1198 1705 1099 68 1641 1176 1688 1559 539 1917 1906 103 1558 310 1735 849 43 203 224 743 904 651 607 1575 1257 640 190 1384 1059 316 960 1208 669 1848 1847 353 1065 843 998 1672 559 270 1196 1623 1742 41 623 418 663 318 1389 610 1424 1176 677 1190 995 458 388 343 1045 1614 1293 828 1892 51 1982 361 1583 900 568 878 300 1819 629 740 1084 1743 929 1655 1625 1624 475 1702 800 657 567 396 1568 1823 1958 34 856 1020 482 532 263 238 546 1816 1528 528 1589 1969 1031 9 471 449 931 507 1447 779 429 896 978 422 1125 1583 1869 1503 1220 489 1296 6 108 285 916 947 292 815 839 1761 49 1942 481 1414 25 715 1049 847 770 1968 1084 1546 162 1296 537 596 389 1698 780 1750 1380 1859 1649 1151 1678 1847 892 367 281 220 1978 1443 1163 1855 611 1866 1419 1508 1143 67 11 1227 1133 1176 1331 1231 1121 851 287 1117 738 1795 849 980 1596 1256 1742 1145 1787 1208 1465 1818 135 1825 1392 939 165 631 1736 266 389 203 1473 1327 1989 1306 48 678 893 1443 212 83 1174 237 1269 54 463 231 543 1205 1461 813 1625 1339 1409 735 1041 390 570 1555 1595 156 28 730 554 999 811 1538 813 628 1210 92 1082 1323 127 936 1583 1863 1335 1659 284 617 836 1342 528 470 1815 248 647 732 193 1364 1373 413 453 1883 746 0 1479 1493 245 790 1133 1573 1581 936 1692 1596 1013 1812 342 780 891 1178 247 1505 1934 1716 722 159 1129 1328 153 1930 1073 1792 832 450 1761 1446 1405 1110 1089 1171 191 1563 133 784 99 966 1226 324 1897 223 526 1238 972 943 790 1835 1054 218 347 625 1159 1291 1606 988 689 1839 206 1294 188 282 194 1494 1806 1136 644 854 824 93 636 825 772 1121 433 1221 686 617 1710 1613 1829 137 348 1301 1243 1275 1662 538 1485 101 1705 1150 1988 1428 1066 91 614 1763 1463 1241 130 519 640 1228 1420 932 1991 1123 1870 1095 1736 793 1113 1893 552 502 775 175 1117 753 609 1251 447 1851 1861 1438 54 622 680 118 782 1940 1046 940 195 470 1268 119 1090 712 1850 1969 99 1895 1656 548 768 430 1627 1321 968 6 1776 891 1035 178 1531 1828 805 612 1679 1844 1785 90 1193 1374 356 759 52 1100 1567 666 690 339 1499 403 1440 708 1846 547 1175 647 1575 230 1799 1581 844 1993 1363 535 1675 1665 421 1433 1484 1577 102 207 1141 1167 1161 355 38 59 1185 1732 1686 1731 168 316 1616 863 1849 480 1490 727 1699 1029 181 154 868 510 1691 194 1617 169 864 531 1256 944 230 778 905 307 1211 1172 172 1662 1531 831 685 404 283 42 1889 605 512 374 693 1827 1280 1693 1256 1536 59 1257 1607 1715 1690 500 84 1807 230 92 164 56 1736 1481 1990 894 548 1050 723 1679 828 1722 1712 1253 16 1762 1861 400 933 1426 1073 1069 1093 1930 1953 152 367 946 671 1976 1348 666 54 1829 899 1202 110 1669 94 137 1811 256 527 655 1275 1453 491 1137 1154 1454 977 186 130 1316 1095 947 816 990 1123 1313 852 310 606 1365 1772 1855 1867 1814 1433 1741 313 946 1202 1507 916 993 460 496 351 741 471 1600 80 1731 370 945 370 1441 660 231 1341 213 544 1030 1612 1931 278 1936 1462 684 1551 1154 464 1321 1584 1715 1091 359 161 88 1608 1022 774 728 763 902 1527 743 1333 1467 1168 905 1874 1081 522 864 1083 774 1865 1805 1010 1753 1052 951 929 317 143 1444 120 1255 1305 938 800 444 708 416 726 1244 1965 1535 756 1587 1201 772 949 471 354 1516 942 53 1523 515 1180 466 1158 39 351 688 713 1378 1168 1750 564 1605 399 208 849 891 173 476 612 47 756 1958 1004 1706 402 1263 836 771 59 1187 264 1732 725 479 798 28 1683 1663 1947 45 1938 30 498 1027 898 1285 1837 978 1597 1740 298 1525 135 1830 1796 451 25 1241 907 439 806 279 516 762 624 876 1466 422 617 1843 1059 441 1712 1463 1290 444 1583 1519 1899 317 768 714 1112 1800 745 1433 1442 25 451 1199 1231 1831 320 1585 125 1833 1554 1976 162 179 1419 1075 1341 1392 1564 1946 1213 1862 313 486 704 335 992 393 725 256 1378 99 748 34 990 995 264 1807 1904 1870 1538 39 1153 322 1312 1195 836 1760 1294 481 188 1953 1573 1313 727 1423 1287 920 1889 570 1447 1969 415 1076 1708 268 434 1852 232 1707 1861 1219 1088 73 922 663 1546 997 977 1914 664 90 808 796 392 1159 1901 1951 1848 1446 1204 1314 1653 1271 561 1785 863 1526 1965 1757 1859 545 375 1514 1326 1987 539 13 1442 53 1419 1287 228 1839 379 1513 1045 109 296 1821 1821 632 754 630 254 300 901 1643 1196 1162 179 883 343 1147 935 126 932 1522 805 387 787 1249 683 1508 1530 1265 1236 61 1752 267 835 102 1366 1298 32 645 1844 1295 1502 794 64 105 1106 1685 387 940 456 475 1444 1481 602 708 928 929 382 1835 1481 1732 1949 875 1015 214 1663 1517 1168 574 1549 1856 122 1098 1402 27 982 318 1598 473 231 1272 1456 1031 220 50 1722 153 1217 620 1352 430 1867 1654 1607 1676 869 114 1436 957 1710 1033 722 1577 1094 1145 1841 337 1600 1199 702 197 47 505 1419 1407 1973 366 1512 1261 127 1888 789 1695 1459 329 1075 480 1635 1040 1060 1997 1308 1315 507 1480 1855 1322 615 1793 468 1452 1399 1452 1758 269 1629 436 1101 1384 1622 537 1948 1929 1076 1297 170 1982 925 19 1073 740 1148 616 266 1823 1605 569 1782 733 881 77 1856 648 498 116 1729 296 756 1431 37 487 1348 470 923 1848 796 1100 870 1132 930 960 1481 1904 80 1179 1747 92 428 186 1812 491 1502 669 1871 891 600 186 1845 1667 900 1472 1702 1726 260 1337 500 1310 983 872 1870 597 1792 1861 1679 1261 1526 474 921 479 814 798 1931 1387 1029 1807 1203 701 1304 797 1357 149 1050 1020 1515 632 1817 128 1402 1819 1148 1050 481 854 1824 1191 541 1200 589 601 1412 1132 1978 849 1730 1293 321 641 287 863 1150 66 946 609 900 1545 1648 863 506 403 1352 698 645 211 855 1361 193 937 1516 1230 627 301 1268 81 725 309 566 226 694 1936 1185 1478 1286 731 1117 1511 1026 1167 1724 865 1631 1512 1045 606 1875 362 1100 1884 22 1077 892 391 1108 1126 369 771 952 624 624 1972 456 957 1101 257 315 1856 1147 506 1930 469 709 1895 772 623 1872 144 704 597 1797 1190 1350 1461 1329 1548 264 95 1715 21 1018 953 910 136 1701 295 565 1517 625 1438 101 613 907 1597 1725 1489 972 550 1128 865 1469 1101 282 578 1547 400 1067 525 580 145 1876 1546 1409 1447 1763 298 482 1807 1859 932 90 1203 192 441 583 1722 1647 753 725 1741 1752 1146 1057 251 937 278 220 1173 923 1040 1483 335 1146 1996 80 1606 453 1853 1204 670 649 1265 1012 27 1190 965 1285 1146 1609 838 1173 1979 1588 61 376 1135 213 205 1542 56 304 1087 698 1276 1960 1982 1617 1726 545 562 1505 1250 1355 742 967 957 216 283 1673 1725 607 289 1983 1533 895 1277 1589 1869 1457 308 262 1593 1501 550 73 210 1330 1584 14 1040 675 49 859 1661 418 1054 123 1670 1000 1335 475 1050 258 1022 615 1327 658 667 867 945 982 1464 1295 862 311 306 31 731 233 939 1905 1006 1996 1508 1621 1532 1560 382 1931 707 238 1279 1320 86 1885 619 1659 309 1129 1093 7 13 813 1685 519 1049 1303 1282 1203 539 17 42 1128 1525 1127 592 1969 635 1769 863 1008 1581 1168 402 1478 1933 1818 494 1902 986 705 29 274 784 1974 701 784 374 1450 719 540 150 558 1088 566 563 1731 245 1964 76 1203 1831 909 1189 747 137 1516 1620 1764 784 1419 1662 1881 1839 1805 933 399 109 520 1646 1267 619 1001 432 344 973 541 1197 1511 48 72 1932 1414 90 1915 576 1865 1440 1345 763 1782 784 910 366 133 1663 304 30 656 460 1574 1325 1387 1348 1156 1363 178 729 1216 1140 4 885 1196 900 1401 32 235 1907 1105 357 978 1 1369 1071 1516 1641 567 478 1634 1735 897 1202 1250 947 1557 752 529 1130 1775 719 294 1010 1631 1002 160 1192 1154 41 400 230 611 1526 187 85 1864 1600 1487 155 665 719 1856 393 227 567 1459 1746 1311 1297 898 1772 1159 855 193 470 697 1442 421 1642 586 392 1186 450 1814 1498 1004 0 194 623 1069 170 768 1997 497 1539 1100 44 691 1660 1052 342 826 1593 545 1963 1010 1377 546 828 99 1541 1302 1695 686 1114 659 1885 146 1645 1386 17 1085 1927 1621 810 837 304 226 1794 51 1682 1135 126 1677 1856 477 1321 1556 198 50 523 457 1343 83 1701 1661 990 292 763 1231 1201 33 1468 1559 1556 1250 1452 389 351 1641 958 1757 928 656 482 829 650 1815 1618 597 105 537 1198 1672 103 1887 627 1447 1576 530 1516 1956 548 1720 651 1795 595 1217 1628 1784 33 350 1128 1780 566 132 1230 1211 562 871 777 1387 142 1775 1055 1241 451 1512 1202 349 1190 279 1713 129 620 19 597 1924 716 1288 933 1280 1823 882 310 1938 817 788 1855 1139 855 1815 1602 993 1376 1486 1833 788 54 1964 1387 1520 1871 1533 1336 1362 221 153 1648 1142 977 748 721 291 725 1021 1565 1767 1049 1375 154 12 395 193 90 886 1100 1750 676 1847 1776 969 1002 1103 1967 831 195 84 1706 1321 69 623 8 1290 787 1729 1607 282 350 491 1053 117 1370 1134 792 945 585 1926 1435 420 1251 1626 974 801 1513 425 1314 355 1449 409 1979 546 938 177 281 156 1873 1494 1808 115 1385 1238 1549 341 1140 903 1984 1001 1987 300 542 1074 1867 1304 327 1184 347 1500 915 96 390 207 1631 1334 607 1375 1163 647 741 397 1036 832 557 847 740 1186 373 1782 140 531 287 940 1164 185 1580 1184 162 374 548 633 1565 537 1160 853 1436 1913 1402 932 360 487 765 1994 1552 1939 1715 1085 1604 900 1108 1769 554 328 674 440 622 617 1634 855 276 741 173 1263 623 1487 362 809 927 1637 934 1694 986 394 1098 1954 1187
