519 1611
1066 87
224 1992
964 1144
266 1868
641 1099
296 1627
1883 1072
550 1673
907 551
713 1792
162 1150
260 987
315 1345
1019 293
791 1125
20 125
627 785
468 497
395 1686
1521 1725
324 249
259 1484
218 986
975 1596
1488 300
12 442
288 1071
633 830
146 1593
1475 1449
1729 1647
240 995
1201 593
1452 1725
598 1460
1356 1357
1000 204
1546 1621
328 678
825 631
83 1003
1870 1520
1408 1608
453 1373
1660 1755
877 12
1219 353
369 442
440 1884
1378 889
565 1123
1227 1278
79 560
221 279
1239 803
651 228
749 1070
426 1658
781 324
537 1104
2 1182
634 1292
531 1260
790 374
264 1460
48 83
715 1513
1313 1962
308 1927
1133 353
782 1157
46 1588
988 656
52 707
639 413
1770 1620
485 295
318 328
578 721
663 753
434 85
1490 111
697 1892
1584 1695
772 1920
7 554
1396 667
1684 68
1695 47
189 53
1838 647
1862 975
775 1577
913 1182
629 1597
903 1954
84 1900
584 207
662 335
255 1555
652 1126
69 218
70 181
690 1332
114 707
464 514
1468 1596
693 440
1001 626
319 1351
1004 1327
1136 1857
35 1760
680 1155
143 1665
204 1990
1806 1899
33 281
1572 1927
120 1710
250 778
1128 640
306 264
1245 18
613 866
82 504
71 1849
92 1610
1285 256
1595 1292
230 1984
1161 1962
725 415
1464 519
278 1711
472 1761
793 345
291 177
1325 751
270 483
1146 608
1040 711
1228 1571
358 1014
1080 1277
910 140
796 1136
322 47
275 1384
151 1101
594 1573
993 855
815 960
1536 1157
1667 359
778 1215
213 1209
1692 667
262 602
1055 666
1035 1980
241 87
1445 1984
1007 1415
272 125
836 1879
1891 1342
220 1685
635 1876
850 1913
167 1526
889 344
462 1836
473 671
455 328
68 1170
727 1464
1010 1750
1031 1835
1179 1201
295 1691
368 1248
1271 861
342 716
285 623
520 1481
106 1500
1733 899
1401 1980
18 165
206 1489
271 257
1869 142
729 1968
507 822
31 1448
466 1170
451 1574
127 557
414 1417
630 270
454 814
745 1184
284 1191
1373 1920
126 1620
1257 706
1528 1469
60 1234
349 1458
991 1894
886 259
1132 937
1481 1418
362 1070
293 1014
1372 833
563 1811
607 1830
394 703
29 1400
1009 1374
1012 557
1387 1014
807 1968
674 350
1966 1748
795 1954
579 1375
1359 828
1121 843
1745 1812
1233 1520
1547 1030
1589 1850
343 306
1122 1235
532 87
1602 814
124 127
1535 1293
854 385
161 1743
762 1670
523 975
110 1021
1689 1883
5 1813
1180 1140
399 1389
407 1632
104 322
1281 719
208 1306
39 1327
1524 1553
951 1468
1895 519
933 322
1028 406
53 706
876 317
1205 1554
824 1092
592 298
823 999
1854 1349
172 1861
1254 734
1311 1998
1329 1109
388 1368
298 951
1491 520
97 1306
1997 1683
1093 53
716 1367
1365 87
1186 1783
700 854
1117 1733
311 765
24 1797
175 1554
303 1696
481 1723
346 1374
1060 1979
1817 747
1234 272
345 1072
201 1858
392 955
484 1379
383 413
1471 826
1996 171
128 806
1802 517
885 1691
1855 1807
861 1303
1566 1573
1587 1635
603 1978
1112 281
1781 52
1548 1310
57 539
1764 475
1393 159
1561 113
47 1460
154 901
457 1231
49 1090
1597 141
339 228
113 1521
938 359
1665 1510
736 420
474 233
477 328
157 1970
1103 14
648 306
223 572
1389 1015
458 1498
433 1791
540 1631
377 1389
1592 1251
145 937
144 1329
1355 885
1965 598
389 1100
252 830
187 1978
215 1386
478 466
50 1257
946 640
774 145
245 770
376 1907
1200 1618
1657 1725
1370 1443
1340 1329
65 263
1644 9
533 1133
1791 1515
1011 1222
1751 392
153 127
1882 1578
1020 270
557 1035
1416 751
1053 808
432 65
367 507
54 702
1421 1352
553 1158
305 1028
631 1548
1768 1044
1157 10
992 1455
526 669
192 1274
1509 323
85 1182
1906 1059
1544 1861
501 1797
1226 1220
1032 1871
1917 913
619 711
350 1302
1064 397
1798 1330
323 506
1633 423
193 1087
1466 1468
1155 267
487 502
138 1665
1118 1979
580 1487
235 360
1511 1938
599 1051
1063 184
332 1103
1628 1726
1341 195
758 1318
228 193
1682 871
1446 337
15 1530
246 279
1369 158
499 1560
1404 1085
1413 181
686 175
798 867
925 1413
1217 1453
1990 1673
984 1036
1352 186
614 101
1857 773
870 1658
173 276
779 799
136 1682
147 1001
1543 1217
1949 1608
704 648
574 165
1113 1170
830 295
766 1465
109 1560
718 165
928 1597
156 1243
1328 1829
94 1201
180 972
1816 538
494 1740
424 767
1037 244
1126 1884
419 1661
283 572
425 1611
1220 595
1789 1922
137 514
176 792
755 1989
163 866
1250 1479
441 418
675 1938
428 1626
1848 433
1591 1083
1935 1964
731 665
438 257
1605 242
576 1553
238 344
166 1071
884 537
516 1496
190 507
539 1372
152 1157
380 404
497 249
1078 787
205 1456
1296 583
1183 386
182 653
1457 149
354 882
935 1477
386 1141
740 1528
1835 1504
788 353
733 1005
1197 1552
1144 1749
1812 773
335 1259
845 1572
1749 1647
838 1101
1508 519
879 1876
119 1194
534 582
1383 560
1607 1112
141 12
1910 1310
1244 899
1095 325
1282 350
1358 973
1280 1521
853 442
906 1129
330 1996
1230 1449
810 919
1956 1340
364 1215
281 1104
381 289
1158 1239
1214 1631
1767 1237
313 1737
1137 1891
1123 218
352 1823
658 1235
730 918
1192 1815
842 385
236 181
1022 901
1621 181
589 1219
14 462
1274 1686
74 1677
1097 1984
632 1560
1786 1622
1033 1454
575 1314
390 1859
233 1340
1044 861
30 1619
1094 535
1581 730
81 865
1236 1648
1763 86
719 832
1618 1459
1333 1954
427 325
566 101
1172 592
560 1109
608 1486
312 85
197 14
669 1248
857 1583
1687 1674
502 1572
445 971
670 67
183 21
1076 1737
212 593
55 1186
1526 463
1641 1056
999 257
1756 1371
1826 362
1913 599
883 1857
1927 1829
448 1754
1082 1727
954 163
1357 647
194 1748
300 233
1758 1818
726 919
1212 1078
720 244
1600 1054
802 789
1005 1797
1188 488
326 1567
17 1771
222 711
437 200
95 1822
1027 1850
664 494
561 1385
159 1506
644 1290
1995 1381
904 115
609 233
355 702
959 53
604 862
660 1377
1203 1201
1988 337
456 1532
841 553
1877 1655
239 43
851 694
1052 1368
56 1280
1734 1670
13 1849
1829 1900
998 1520
509 1091
969 780
622 1330
626 1006
610 1005
734 814
770 1489
1514 104
1554 1900
185 1349
1847 1913
581 1489
618 369
806 537
1050 1737
40 1299
1345 1595
203 821
1486 1726
150 1829
1884 1726
1319 1553
273 1661
115 378
897 263
231 1596
538 865
909 1397
1090 1669
117 488
378 1496
1924 1294
764 1304
6 1596
1846 780
696 551
256 1717
105 1777
1810 195
515 1861
199 1980
1258 1969
1150 378
1061 181
1108 457
555 257
1070 1140
1104 131
1074 1021
665 656
1624 725
66 595
767 1401
1911 271
130 1554
833 181
510 986
606 1066
122 970
471 152
242 1053
874 972
1135 737
1922 970
232 1216
914 1728
1295 1355
344 199
80 976
1510 1260
826 1143
545 1811
1057 11
1316 1329
962 84
202 1566
217 177
1946 445
942 1572
1899 118
338 460
449 74
712 746
19 866
430 1459
677 290
1151 1459
816 881
1944 634
862 295
1598 1492
1166 386
387 1204
1013 1932
1493 1481
200 1969
1556 1147
895 201
1065 263
254 679
912 130
1527 379
265 505
107 482
694 1400
856 613
469 175
1269 1965
1354 1729
76 892
549 1231
661 1042
1723 1691
423 1174
316 1330
1631 328
247 1173
1374 1920
45 1865
408 880
1888 1028
1766 1300
421 1243
1518 1486
1923 524
898 614
42 951
1145 57
1539 742
817 947
21 1905
1569 1004
1499 579
1268 976
544 1439
325 1980
1950 487
1512 1322
1349 678
797 308
1405 1271
753 573
1302 608
1441 1778
393 1679
1551 1014
1507 1163
784 1719
177 693
135 1612
593 1330
411 912
989 495
1663 1262
142 85
1273 1132
258 337
1278 1112
1089 1277
1223 213
1639 440
496 1821
121 1597
751 1840
1492 1984
1198 556
1732 386
529 1542
1937 1737
1298 324
1436 1076
443 932
229 1708
1041 687
1085 530
0 0
251 814
573 920
1743 885
415 1054
28 21
351 1715
214 761
1742 511
780 582
568 537
1335 772
379 199
1030 1587
1932 282
51 1046
1670 538
257 1829
929 1164
1710 968
1215 1294
1673 593
422 638
9 1475
1284 1137
684 1028
640 627
1099 1881
728 114
672 910
75 913
1530 310
643 677
963 1116
905 1397
1159 679
1045 528
184 491
1162 1725
1353 69
148 1841
234 189
517 1778
131 833
1177 1179
268 761
1760 32
118 706
249 1465
1616 1368
277 378
1542 513
348 1892
1427 1075
799 1413
1540 1289
1914 364
1777 1071
934 992
570 1319
1194 1384
1164 317
744 1772
1939 1071
1419 1303
418 892
1331 1109
1418 814
1360 79
317 833
741 1732
1553 452
1014 1400
1081 1300
1578 261
1039 1396
337 1526
1314 1849
1515 861
1752 1861
1843 735
1264 878
1342 132
887 620
1941 311
1395 720
1658 517
1138 1094
178 348
945 1442
385 1575
38 1269
168 742
1140 1104
1722 1185
134 535
1552 317
918 514
590 1653
1391 1507
789 1610
536 145
1636 1554
829 1059
10 951
237 556
1056 1606
737 807
1808 1329
1062 836
1178 731
847 1541
707 1496
860 1610
1379 163
528 1035
1541 1881
1487 1477
400 1317
1718 995
320 803
1711 1611
1049 1839
353 1725
1960 746
508 257
1100 1044
801 750
442 1554
588 1732
1780 1468
1737 1104
374 1920
771 1353
169 789
1887 1017
679 1340
132 1574
77 1723
435 560
881 1596
1654 1523
1678 33
978 1135
1101 1898
657 1231
1204 838
625 924
1453 637
125 1635
489 983
1834 1030
1650 1740
1277 1401
915 1244
1334 167
1249 1032
1814 456
1599 1465
129 894
1261 1554
1746 404
1925 1475
1156 1477
756 889
956 677
805 1862
302 1177
1154 1723
892 1900
1350 1614
880 811
280 1978
776 828
1021 1186
480 1335
1568 184
227 1567
1747 1807
747 532
1620 397
279 131
1303 165
1844 1004
855 1824
742 1044
483 1898
754 1732
1347 1231
372 957
504 836
1570 1642
91 1823
1142 353
1425 952
1259 379
1202 1064
1152 764
1275 1349
777 678
878 1303
1837 27
1187 1612
1431 498
638 231
475 1373
1143 532
927 1696
1977 1990
1038 1228
787 438
1779 1524
1948 1817
901 33
709 1818
602 1855
436 160
1498 52
1549 219
1793 783
668 1262
261 1180
1671 1374
191 1607
1513 104
1531 642
1189 177
882 53
814 573
1459 718
522 263
1842 1133
621 248
858 170
548 919
1839 1231
1981 1065
849 1682
1724 1847
1252 1481
297 1222
683 684
195 397
1106 1591
1800 353
595 866
429 1566
1874 1016
655 589
1130 600
99 1372
340 881
61 1575
840 1418
1426 878
1320 1138
1973 692
1153 679
692 862
968 491
1084 704
1580 1660
902 820
1348 1075
1248 1358
1484 666
1721 659
1980 181
986 972
852 311
695 149
1885 1098
329 1913
645 1876
140 462
1647 955
953 1976
479 1857
739 1214
164 340
16 742
848 659
1407 746
1243 416
611 524
596 718
518 480
859 1006
687 925
763 1681
717 1757
363 873
738 73
1849 760
846 593
642 1565
1534 1239
333 233
1755 734
1235 543
112 1227
1964 1051
1362 1622
361 1044
1820 1884
1648 1329
1394 1611
1308 1770
1596 150
1262 1112
585 1417
1575 560
1961 1368
34 263
467 211
1290 1216
158 1167
1700 1970
412 1816
808 199
583 348
495 930
1435 1636
90 1857
207 350
1026 914
559 669
1717 1627
1759 496
1642 181
1738 165
1864 1255
1765 186
893 959
827 766
1207 1849
1632 1980
541 961
571 645
1985 522
1920 822
1199 1990
1059 1732
488 1447
562 823
1251 1917
286 1718
1799 193
970 1836
211 1299
1127 1462
843 742
601 105
792 623
1483 702
941 788
699 440
1141 656
1107 1924
950 1207
1559 71
1685 495
1974 1317
1363 516
1222 322
1174 483
916 1850
1994 556
800 1139
873 1453
1880 690
88 682
4 1720
461 1879
1307 1067
865 1294
1903 1237
1664 1763
543 1136
1029 454
59 1650
653 1548
974 134
263 131
410 61
628 772
43 1690
983 1974
1336 574
1955 1114
149 764
62 89
949 1127
1448 1555
1704 1070
982 1881
1674 538
446 1041
556 925
1367 463
735 692
216 1968
1086 974
1813 228
1477 1596
530 1133
1713 631
615 666
813 151
1931 1593
597 416
1428 1586
1728 692
1343 596
1893 32
44 1857
667 551
1397 1185
98 833
1079 862
1191 595
1845 1070
463 608
1403 1009
558 1155
1460 1898
671 1074
1338 1836
1912 1730
1629 187
486 941
1388 105
965 742
1776 1734
336 1830
1458 603
1576 865
1322 1222
961 244
1560 67
444 264
867 1216
1069 1862
198 1663
1489 1418
932 814
370 1969
890 1129
1473 1872
482 742
1485 64
1562 1299
244 1367
1730 1087
1432 453
1087 1621
612 1377
723 822
1634 559
309 1081
1811 1641
835 356
899 919
1467 102
818 549
1954 234
1604 799
382 734
403 506
752 2
682 295
1762 621
1731 1057
711 573
1323 1147
786 1608
1784 971
1 1826
347 1862
871 1182
1318 1758
1034 1225
1023 1158
1522 1595
1255 1329
282 1472
1229 964
404 1424
994 1035
654 1514
896 1282
490 554
1216 1248
722 1280
1725 181
1266 459
1795 465
1480 1090
1260 1567
1945 1330
917 10
1232 1041
226 1948
1698 734
1889 1045
321 1551
243 15
765 833
1796 1573
1479 613
1326 179
63 914
819 131
1859 483
1175 696
1294 236
1651 708
1897 1653
1315 1167
1594 234
1976 1218
748 1655
1242 823
616 1710
1538 1158
1209 925
503 1045
1482 1695
8 217
431 66
1016 1132
922 1006
101 633
86 1762
170 1170
1873 1197
1109 1740
1169 941
514 626
623 1443
357 959
1105 1681
116 1482
301 799
1364 954
269 1159
103 574
757 608
1999 1314
304 476
1828 559
1411 1182
708 600
447 436
920 1748
1797 1892
1071 1690
1398 364
1042 593
287 354
1750 1753
940 1351
1555 1573
1868 84
1116 1990
1625 427
572 1893
691 1916
1410 1891
1619 164
196 1801
1898 131
1176 1916
1640 1411
1582 1165
1213 1140
1241 861
1681 901
617 1326
439 144
1533 572
1824 10
714 1839
1707 1240
1392 504
360 944
1726 1830
921 1121
698 1302
1637 647
1608 975
1283 2
1610 150
923 1235
981 759
947 1691
1504 346
1096 1104
314 1033
1478 1271
1603 327
1440 1822
1381 1413
656 892
1703 803
864 889
1444 311
926 1126
703 1524
1783 819
1073 447
274 301
1659 33
972 932
1753 711
1185 175
174 1513
577 236
375 1715
837 868
1324 16
1694 1597
973 1836
506 53
943 758
1462 1739
179 821
1472 443
460 1239
1567 901
1615 627
1500 244
1494 18
248 1101
290 1924
1402 920
450 687
1067 849
1002 65
292 1534
1860 65
1301 141
952 556
1163 431
1563 584
413 1477
73 65
1008 803
371 1727
1579 1351
1300 298
1092 1310
1167 1768
1110 311
1969 1336
1537 1260
1288 488
1672 765
966 248
1934 836
1399 683
1833 987
688 1807
1879 659
276 454
1761 1840
930 177
420 1750
500 679
1267 1460
1790 1336
822 1104
1469 1920
831 244
1557 1528
1827 555
1653 241
398 1772
1206 1768
341 1843
1532 466
1875 1837
1564 1915
1003 1070
676 1384
96 1747
1442 1865
294 483
908 621
710 945
37 371
1782 1202
1626 229
1804 1805
1429 713
804 53
1686 1468
1018 1238
1617 794
1748 1400
809 1090
513 936
396 1332
746 965
1272 422
1523 897
1385 327
1238 1328
1098 454
600 1792
957 1477
685 1354
977 88
1384 281
554 77
1645 67
72 423
1292 971
1876 885
803 295
209 288
1470 560
402 970
1586 1094
155 1402
937 1857
1437 301
1836 181
64 1748
1872 362
1622 912
1947 1992
1772 1757
1287 136
1317 941
384 397
1754 114
1819 1780
23 1835
1865 150
1769 249
1218 320
1503 1012
1773 1217
1719 1532
1991 832
1984 522
1679 1588
1982 506
307 1789
1304 1349
1571 1836
493 1397
637 757
1649 239
924 812
1210 1938
1270 551
331 1658
416 455
1975 1594
1774 687
1047 894
971 263
409 96
768 925
1422 1204
1583 791
1450 213
1046 731
521 728
1850 125
1337 289
1736 1940
620 277
919 537
1890 651
948 1552
32 328
1892 1621
1832 535
186 613
1131 873
1043 1053
911 323
646 1563
1025 1219
505 1950
100 1168
1312 166
1915 952
1182 833
1193 519
564 1900
666 1917
1455 1938
1574 1621
761 942
1380 1510
111 1998
785 1807
1656 515
888 1112
1978 1131
1139 430
869 603
25 596
511 193
1263 181
1972 619
1714 1222
821 28
1406 1046
1225 1411
1926 681
1505 1298
1635 621
1443 1140
1386 67
1661 704
470 1628
996 1135
108 1727
1739 603
1691 87
1863 25
1963 209
1606 1571
1886 760
225 1536
334 648
359 1725
87 236
931 1041
868 1520
650 213
310 1340
1794 864
1952 1835
1705 375
356 247
567 75
1668 618
979 1748
299 604
1083 140
587 327
1697 1076
527 1370
960 1373
985 1612
1987 132
1662 1384
1815 257
1706 420
1611 1678
783 1384
1461 1185
1715 1691
1867 1971
844 687
219 1884
1841 561
1368 389
1613 1537
1787 975
406 1726
624 1623
1075 595
1196 693
67 1573
1377 1449
1496 181
512 747
1593 1247
397 912
3 930
1680 853
1577 1762
866 1748
1998 613
1456 1907
1852 160
1744 1036
465 171
659 753
1778 668
41 1511
1211 1400
327 1726
27 1861
1390 1546
1666 1454
123 406
1339 1897
1208 1109
1077 1870
1909 1469
26 955
1792 1205
1447 1367
1951 103
1683 1512
1297 50
1905 822
750 573
1054 1554
1585 194
373 1682
995 1496
1091 1185
492 1354
647 1413
1588 914
1775 913
1321 1491
1908 33
1630 244
417 1807
1727 622
1434 1609
1129 1070
834 159
812 1521
586 471
689 1502
1438 1519
1866 1222
1612 263
1256 605
1529 1108
11 982
1351 321
1830 236
1463 787
1120 1143
551 1829
1919 1737
1942 1179
1160 382
1525 1819
1688 814
1986 972
1124 1990
1375 391
811 1730
1409 1657
1693 1459
1979 555
891 1131
1858 454
760 678
1590 1611
1454 279
188 1821
1957 728
171 1248
459 682
22 910
1720 892
552 830
1072 1367
1825 1046
1565 773
872 1104
102 1926
1036 878
1165 1611
78 1797
1286 726
769 1812
1771 369
1702 33
839 982
1506 416
1279 581
1676 553
1853 1719
1376 1574
1382 814
976 1912
1414 994
1519 354
1246 1787
210 835
1168 1117
405 613
1306 1967
1916 1107
673 1357
1735 263
1332 1143
1148 107
542 582
1240 1349
1344 1777
535 1748
1420 1955
794 1182
1424 47
1237 1907
1190 117
1412 1554
1366 1479
900 229
1907 942
1821 1709
1299 1496
1114 483
732 867
591 1893
1638 924
1953 418
1712 173
1740 1725
569 1205
1400 181
391 814
1415 1245
702 901
1708 757
1809 651
267 1865
678 1140
546 1820
1015 1881
89 342
1361 264
1423 418
1516 964
139 909
828 783
1970 1787
1823 1865
724 423
1967 1303
2000 780
1614 768
582 1920
452 236
1024 115
1805 645
1933 614
636 469
1741 1072
743 1273
1989 1417
476 1257
289 497
1929 841
1921 1185
1346 306
1439 204
93 1714
820 1255
1677 742
1928 885
401 1249
1058 832
1289 1674
36 1314
1716 1225
1936 231
955 1054
894 757
1601 101
1803 1307
1495 1709
1265 356
605 653
1878 142
1433 995
1195 1299
1088 1137
1831 1238
133 732
1652 94
987 264
773 1884
1173 169
1655 479
1881 84
1959 1611
365 1506
1699 599
1451 538
1709 1303
1894 878
980 1235
1517 996
525 1347
1310 706
875 1400
1918 1091
1609 1282
58 1349
1247 951
1417 442
1785 378
1627 445
1856 990
1983 1049
1115 1435
253 29
160 463
1327 678
1545 567
1573 657
1962 682
1006 1112
936 1054
1871 1690
681 1851
1958 1928
1669 1448
958 1411
1558 1469
759 666
1231 264
1371 279
1801 1285
863 1322
1757 1294
1943 1849
1134 1103
967 604
1111 1110
1221 1186
1822 386
1788 1620
1643 947
1048 1300
1993 709
1901 104
1293 121
366 313
1646 252
1184 944
1430 1381
498 317
1102 734
1623 1964
706 328
1904 1334
1181 1678
1930 47
705 806
1902 757
1291 1133
1476 294
990 231
524 1677
1497 314
1502 657
1276 1479
1171 1348
1305 182
1861 734
1971 1839
1051 231
1170 1836
1330 1133
1896 897
1149 812
701 675
1818 1571
1696 938
832 879
939 1755
1675 1526
1501 690
944 757
1253 1906
1968 33
1224 1829
1992 826
1147 1938
491 1319
1940 42
1690 236
1465 1905
1520 702
721 707
1851 87
997 1239
1840 1417
649 713
1474 604
1701 26
1938 973
1449 1182
165 1726
1550 1327
1068 181
1125 914
1017 1851
547 440
1309 892
1119 649
1807 1419
1900 236
