6 104
4 816
3 331
2 1069
13 135
16 1046
48 1067
30 1945
20 246
17 626
8 593
40 1627
14 600
32 850
19 706
86 1618
99 1412
54 679
9 1765
33 1259
34 1090
47 812
125 33
71 1522
10 1823
21 1046
1 1952
130 1865
23 857
27 1544
25 1613
58 164
70 336
18 986
37 256
175 927
91 869
94 1573
22 1655
72 654
24 1494
243 1720
28 401
5 1285
29 1344
114 1681
69 395
109 1484
7 668
11 746
49 1743
138 370
76 1673
12 369
36 1018
55 933
61 218
124 875
15 237
142 1677
158 1720
73 1309
26 1214
162 1945
38 1461
78 664
80 1162
31 488
128 1714
140 1811
42 1218
35 701
43 439
44 1344
41 1526
46 1448
39 395
88 513
116 1765
59 1908
151 1395
81 431
56 1402
164 245
52 127
60 1755
179 1501
287 808
285 1707
45 996
50 1173
308 1521
51 1456
170 384
316 1456
146 645
53 1076
127 1945
347 955
144 301
161 639
200 1851
174 740
187 1660
154 293
65 957
67 1938
79 949
235 637
103 706
260 1736
157 1770
111 191
288 1094
191 1285
309 875
57 1140
184 733
186 1983
193 1675
62 1721
197 1637
355 721
64 299
145 1391
68 1972
75 746
77 1053
63 1715
66 557
148 1073
120 299
74 1832
84 1016
218 1227
310 255
195 1453
221 127
196 58
206 1032
96 1691
112 1990
207 270
223 1721
291 1788
121 24
318 1549
365 1412
100 438
374 234
82 278
119 1873
117 403
123 1504
156 375
372 1809
83 1800
85 1556
159 1237
296 1111
209 609
136 1405
169 1467
380 1907
436 1824
172 1160
173 1067
202 68
87 191
189 1597
463 1365
335 1646
139 264
382 1
198 1178
373 1796
199 651
141 356
441 55
388 933
215 483
92 1517
183 757
89 331
234 1140
487 932
526 458
554 1562
313 1968
204 503
220 1208
102 1127
595 1555
236 1896
143 916
90 757
567 1152
229 430
399 762
346 1142
237 1233
238 835
153 732
231 1897
244 886
359 664
655 1344
242 1075
408 1937
253 570
427 229
570 745
104 1033
663 1720
438 1227
93 1945
444 336
248 756
254 1
107 929
468 255
222 1678
95 1033
232 780
240 1727
571 95
163 455
670 1178
97 359
98 1471
255 1315
256 47
259 750
203 750
627 1061
580 179
263 637
262 1239
113 1443
653 1374
246 1064
266 1786
252 1825
115 1727
590 1607
667 1448
602 1490
226 1233
267 914
476 1738
122 1118
129 294
776 714
675 904
269 633
278 1596
510 1259
245 553
275 1291
249 1832
619 1066
279 1075
799 1897
696 1853
702 505
509 96
277 388
813 620
257 1876
301 103
307 716
280 848
620 1802
264 445
283 1688
636 1438
282 1770
854 868
879 1244
101 1360
596 1372
339 514
609 1829
350 1758
732 1596
547 1187
289 387
271 858
292 359
284 1293
764 904
565 669
132 1198
298 405
610 1229
611 1287
928 913
613 1255
299 664
134 157
954 935
765 32
618 909
360 497
789 1031
687 692
295 1890
366 1794
640 1400
302 1176
273 239
306 1557
315 620
320 301
694 1111
274 1945
368 1233
791 380
726 709
821 1695
281 1893
304 1010
661 1652
1000 1720
105 218
376 1596
783 1385
135 1285
680 432
1007 1721
321 296
312 1425
147 1426
832 788
838 1469
323 671
848 1000
862 1904
165 447
328 1348
106 1786
884 1098
322 645
887 232
330 1304
392 1396
331 127
336 631
108 271
617 1824
337 439
344 222
345 1459
1020 732
628 1340
166 513
689 750
397 1048
332 1978
364 349
333 405
634 1094
720 182
168 1344
349 336
367 539
171 1968
357 214
381 150
361 1360
389 464
733 1614
110 881
118 1893
126 42
131 1722
369 219
133 274
785 833
1027 828
176 442
177 1758
387 1341
393 401
784 435
352 1383
786 1224
398 838
810 735
793 932
353 506
356 1897
181 1415
403 1855
390 1427
190 388
903 821
907 1868
648 75
358 1247
816 601
137 855
914 1516
149 1763
416 1254
210 1435
363 1229
1039 445
395 507
370 1084
659 746
409 1085
974 261
678 1316
820 1597
211 1254
1051 522
423 748
1062 675
833 1794
835 528
1070 920
378 1765
216 1031
400 1525
679 572
417 439
844 655
411 1495
228 280
429 146
233 143
247 1578
683 1419
150 1189
385 1260
1131 947
975 905
435 1802
433 6
828 643
250 514
450 1350
845 119
251 1372
829 534
466 365
469 513
386 1055
1136 1501
708 671
261 9
1171 1480
268 229
831 1158
1175 570
270 609
849 1272
740 1563
742 1142
413 1113
391 1021
850 52
406 1787
419 1287
856 205
479 641
484 1504
152 445
437 997
414 1159
1218 1031
1246 968
421 1262
993 331
155 458
160 708
167 848
488 359
491 1046
428 1177
872 299
909 1657
420 1419
920 1466
178 753
859 68
925 1094
774 173
180 313
272 1982
442 218
1001 673
494 216
446 408
422 1239
1257 1632
790 287
499 1037
798 1420
1021 1504
448 1328
449 1562
1036 748
430 1368
455 318
863 1646
943 1776
1046 1606
513 1287
276 495
182 1706
1262 1727
948 1410
188 1081
952 948
1272 304
1273 1412
817 1356
864 1883
520 437
439 951
962 603
1068 1165
457 1984
440 972
470 343
452 1031
964 104
424 873
965 1042
978 1669
425 442
286 356
825 908
882 1749
454 1339
826 662
1076 1707
885 976
522 1416
523 577
982 433
456 1754
462 88
524 307
830 384
530 539
290 1504
293 1223
531 1508
192 1312
464 1597
294 1618
467 1469
431 1804
300 501
1102 641
536 1443
481 398
303 1494
473 1544
495 1287
983 756
1292 992
836 873
1110 1072
1119 643
194 1566
1298 439
1139 916
1009 1419
888 1650
841 1165
445 1031
201 890
475 631
480 1582
1157 1135
502 505
1010 185
503 1517
1017 188
305 1284
842 1205
544 1372
447 335
892 469
551 898
311 1187
558 1517
894 908
512 271
1307 1132
1314 1321
1333 1598
899 1770
847 314
314 168
482 178
1166 513
205 1419
516 1538
1213 908
908 611
451 539
860 987
489 1630
1337 648
453 651
490 1341
208 848
915 1917
496 1826
212 1763
1031 185
213 1072
1219 764
861 601
936 1556
573 1312
1223 1706
319 439
970 388
1241 1324
325 373
1038 1453
214 17
326 1278
577 1715
985 1001
329 1687
1265 1409
521 1965
500 1285
527 1046
995 601
588 901
217 1176
334 525
1377 808
537 13
1269 52
604 400
504 1536
458 1132
1270 681
607 1054
643 1832
1382 587
1385 1259
1276 764
219 1585
224 1824
225 1794
505 1882
1279 101
999 408
459 1808
508 1685
1018 1609
511 550
338 1387
227 88
514 918
1048 501
340 1688
543 1227
1055 400
646 1328
866 1171
230 430
552 675
1056 544
515 367
1281 168
239 1028
1410 651
1414 1877
870 170
241 1065
525 617
341 1586
1028 280
560 493
342 850
1288 583
533 574
460 369
1302 854
461 1161
534 895
1435 96
1440 1923
258 1646
1041 1403
343 376
538 568
647 1014
1441 1573
568 1396
471 983
1443 182
574 221
545 1368
265 1288
1053 538
297 872
1309 1897
317 399
1073 1081
1468 1745
1476 123
324 825
474 1311
1078 1765
584 1016
477 1618
597 811
874 1635
649 887
556 1151
1081 222
348 997
351 1621
327 153
1083 118
354 895
379 793
601 1000
1088 1010
362 1447
371 846
615 857
561 1563
632 1257
375 1604
1489 354
377 1354
1490 1159
1506 242
418 1992
562 1945
383 1016
657 1279
483 1158
662 1084
1058 557
517 1386
384 1614
651 1516
1508 373
1315 809
1326 1032
668 185
690 299
394 1342
1092 88
877 719
1520 1078
669 1602
396 1641
564 618
711 1142
1061 750
880 785
1103 39
734 833
1331 1563
535 969
745 1720
881 1731
895 182
1107 1904
1526 1287
1111 780
401 1227
673 270
569 282
1115 4
402 1154
755 301
896 107
1067 969
1334 157
773 702
486 875
572 530
578 847
581 486
1531 1033
777 183
1096 1536
1534 1303
779 127
559 513
902 706
1098 1260
780 70
575 1312
576 397
623 157
1335 56
492 1259
1100 1374
1336 1924
493 1176
904 183
1106 947
404 780
1342 1657
664 185
1345 165
781 1992
405 1142
674 280
676 1743
905 931
782 1835
1346 1221
583 1707
718 1935
1122 1088
1348 654
788 520
407 1305
585 1152
797 1024
410 1022
1123 1914
722 824
681 1043
1538 455
688 846
412 809
814 1839
497 99
1355 1752
415 423
803 292
1128 1557
818 17
586 1754
1121 205
1358 1172
692 1142
426 467
432 532
1361 1889
498 1637
1370 1898
697 598
1126 1226
1129 486
819 1210
698 1512
507 1719
886 664
705 1754
1541 17
728 1801
939 355
1133 1342
1376 1010
918 1007
921 1053
1140 1774
518 924
922 815
519 573
589 343
956 714
1379 367
1143 1350
529 343
822 1398
532 1818
591 1309
1014 376
1387 995
923 1592
1144 1476
1151 33
592 925
1160 745
736 152
927 1952
1165 1459
434 336
593 158
1544 545
540 1585
942 231
1172 290
739 1093
594 1108
443 422
465 1459
546 911
1557 299
599 1652
749 173
1063 1535
750 1829
603 1728
1148 550
1558 182
1183 1466
752 827
944 1329
472 343
1390 1809
1150 1001
834 1917
478 545
1395 1920
837 1224
1080 312
953 466
1125 1674
548 522
1409 694
1152 1132
1571 1206
485 1058
1185 276
606 1403
855 1111
612 86
1411 1237
1412 1142
960 372
1181 710
1422 1369
1184 1517
1155 1807
1198 1968
857 1821
967 734
1581 973
1156 659
614 324
1586 26
1186 303
549 913
1429 318
1431 55
1438 1515
858 626
1202 1075
867 1907
1445 1210
868 1152
873 733
972 757
976 400
1587 722
876 162
1208 916
1446 1260
550 1154
878 1441
756 1459
1209 1747
1216 322
1591 509
758 1967
1253 1046
616 601
501 1882
553 1739
557 1078
883 325
1595 1873
563 992
1607 914
1255 495
1256 1606
1162 1410
891 1658
566 1864
1609 702
1267 183
1458 1860
897 1740
579 560
506 1331
901 1723
622 744
624 878
1230 994
582 1882
1328 1118
1329 1287
1462 855
629 304
980 1010
1167 1581
630 496
906 1535
761 1419
631 626
910 1653
587 790
912 315
1174 376
598 853
600 1476
1470 662
605 1757
770 1329
1615 655
772 1224
633 1966
1638 1837
1349 925
528 1405
635 763
913 163
1177 1521
1639 620
1187 1396
1472 731
1373 1267
1473 1142
1248 1732
1383 875
1254 848
1260 1459
639 244
1261 1874
1396 886
1645 430
1492 314
1494 1754
998 1245
1408 376
1646 123
1006 1333
665 744
539 1521
1647 637
1008 765
608 1229
778 1526
787 1057
924 1405
1651 372
933 1585
1413 950
1188 1324
794 756
666 486
541 683
672 33
542 1431
1654 1410
1664 1041
1518 1661
555 53
1521 513
1012 925
1189 2
1015 1707
795 1866
796 1199
1418 656
1263 55
805 655
1199 299
638 513
621 369
1226 224
625 140
806 332
677 911
1523 1840
1447 1719
700 1448
1529 707
1532 843
1268 530
1016 821
1669 1084
812 627
1286 1207
934 1330
1455 661
947 173
1535 617
1460 663
713 1278
1469 720
815 969
1540 1402
1495 1954
950 1829
955 1160
1290 1630
957 571
682 895
1672 1793
958 397
626 559
684 530
769 30
1501 568
941 854
637 264
823 1935
827 952
839 1156
963 979
641 1895
642 1855
1236 958
1513 1072
840 928
1239 895
971 1290
1022 346
1674 1218
1679 1363
966 1084
644 1546
645 1849
1517 1675
1683 1765
1082 282
973 746
1291 740
977 793
984 1637
843 1967
986 152
1259 182
1542 150
685 52
1688 1504
1295 573
1299 1669
1695 492
987 1964
1004 1914
1104 80
686 1723
1300 223
1696 1784
1011 1259
1301 591
1550 1504
1013 1792
1546 1165
846 663
851 878
1025 1183
1551 744
1552 784
1560 222
695 388
1555 745
650 1123
1158 227
652 492
852 919
1030 318
1034 1934
1019 1617
1303 607
1569 688
1304 1230
1037 1935
853 1516
1266 668
865 143
1228 1339
1697 648
869 496
1271 1482
1229 617
1040 1850
1274 119
871 370
1043 1706
1275 542
1277 1243
1582 1624
1278 1123
654 1829
1044 1670
656 643
1305 1801
1306 246
1308 1327
1698 466
1023 498
1556 1331
658 987
1606 908
875 1411
1045 146
889 98
1310 964
1700 1770
1024 185
1050 1064
1026 793
1313 448
699 318
1701 55
704 1962
1321 816
1561 1983
660 1815
1057 1769
1032 306
1612 1262
1564 1410
1710 762
1033 1021
1325 532
671 378
1322 1818
1065 1964
1566 1945
890 147
1280 1778
1035 1738
1724 1889
1324 1391
1330 1636
1613 1053
893 783
1568 1851
1282 1822
1576 462
1042 1084
898 99
1577 637
1047 185
1578 1271
706 343
1590 1704
1344 1754
1727 568
1338 475
707 194
1049 1954
691 1907
1341 408
710 1480
1596 299
693 898
1347 113
1052 1705
1066 353
712 136
1054 1156
1351 245
1059 286
1597 1376
1393 960
1283 1470
1060 1558
1064 30
1402 1024
714 75
900 1516
701 639
1426 17
1439 634
1069 288
1623 527
715 1171
911 585
1085 77
1627 867
717 31
1730 552
1353 1014
1444 1719
703 1014
1629 1657
1630 916
1599 1044
1071 1504
1448 1453
1072 1287
1089 985
709 1073
1632 343
916 1754
1354 155
1459 568
1356 1897
1074 744
1461 1765
1738 1461
1743 42
1474 497
919 494
1359 1166
1091 1810
1744 701
723 1933
1095 1451
1284 1285
1635 194
716 1061
1369 568
1097 1620
926 1868
1641 847
929 872
719 1163
1605 1482
724 200
1285 158
1099 893
1374 1376
725 1087
1614 264
1486 852
930 1723
931 367
1075 986
935 340
1101 96
937 1435
1658 631
1378 559
721 1882
1617 904
938 1061
1077 208
1487 33
1381 745
1105 370
1751 1467
729 691
1079 846
1502 973
1084 400
1516 1094
1384 1946
1086 520
1287 886
1386 1515
1759 977
1760 405
1663 608
1573 1461
730 304
1665 1969
1090 1596
727 1360
940 1934
1620 1165
946 1969
1108 900
731 24
1109 1779
1575 529
1112 1355
1113 863
1289 879
1621 1232
1114 1086
735 1000
1702 996
1703 663
1293 651
738 1243
741 706
1634 632
1093 968
1762 1981
1636 1142
1706 664
746 980
1392 1842
1116 469
1117 1030
1712 19
1715 1614
1296 208
748 1478
1297 1135
1403 655
737 1732
1766 885
1404 918
1583 553
1721 1707
949 681
951 1832
959 1331
1406 1526
754 1819
757 1765
1722 1796
1130 1069
1416 70
1637 809
743 1134
1589 1026
1138 568
744 1727
1655 218
961 262
1118 70
1603 1695
1771 655
1723 34
1657 336
747 1721
1141 1902
1604 1106
760 467
1417 1733
1726 1585
1660 410
1120 30
1311 1770
1729 1966
1420 1192
1775 279
1124 1262
1733 821
1619 1836
1648 644
1132 185
763 1740
1652 1784
1424 1804
751 1673
1780 357
1786 1128
753 24
1427 1829
1661 1671
968 1442
766 203
759 766
771 121
1667 676
969 185
1670 241
1787 234
1433 1182
762 996
1434 1752
1449 163
1739 1396
1741 1484
979 534
767 1471
1797 1197
1316 147
981 179
768 1771
1146 81
1317 1121
1745 570
775 939
1798 1171
1451 1607
1318 1975
1149 99
1653 1182
1319 1972
1805 1992
792 1585
1808 1113
1320 510
1666 472
1169 914
1677 208
1134 422
1686 1699
1135 1088
1705 1499
800 1562
1746 752
1752 7
1457 48
1811 1658
1754 1396
994 1941
1756 1108
1680 699
801 552
802 1490
1681 1185
1464 170
1819 1977
1711 699
1682 585
1768 1745
1142 809
1029 938
804 1021
807 10
1323 93
808 1466
1773 43
988 1147
809 1132
1327 260
1690 1540
1466 1031
811 828
1692 390
1821 1033
1833 689
1339 620
1777 1381
1693 1886
1839 1413
1840 189
1467 810
1170 567
1477 586
1340 914
1479 1829
1789 344
1791 615
989 1869
1481 1345
1176 757
1357 1411
1360 391
1694 1165
1094 1596
1717 1349
1814 892
1719 611
1483 1719
1842 280
1178 1695
824 95
990 434
1179 419
1725 946
1728 375
917 1695
1127 32
1699 1212
1137 1015
1180 1232
1817 92
1182 827
1145 1240
1844 1663
1196 634
1191 1009
1147 105
1851 762
1823 304
1707 1064
1192 1070
1193 1822
1488 1125
1362 111
1154 1033
991 508
1853 1922
1857 1598
1491 216
1363 559
1244 369
1159 1560
1858 288
1251 331
1352 1713
1500 611
992 663
1364 1061
1825 48
1365 1031
1708 1069
1394 975
1510 779
1367 306
996 938
932 634
997 895
1195 1584
1511 1360
1200 678
1828 346
1368 182
1400 467
1512 1187
1829 664
1709 854
1515 1720
1832 244
1860 606
1861 746
1161 1369
1401 165
1519 960
1863 639
1865 1045
1163 1749
1757 1043
1203 1014
1204 172
1372 655
1838 397
1713 1757
1758 1754
1522 1907
1714 1525
1206 1526
1207 1094
1720 1132
945 1925
1375 282
1764 1430
1866 1247
1164 1780
1849 809
1873 88
1423 10
1210 88
1002 1699
1380 1061
1524 1240
1867 1893
1388 689
1212 1329
1003 492
1732 139
1391 731
1087 1494
1220 955
1398 262
1453 1239
1399 964
1222 1494
1005 1118
1769 227
1168 1115
1514 172
1173 143
1525 155
1221 1614
1405 1480
1871 300
1885 1348
1415 135
1527 920
1224 1613
1250 1914
1153 1495
1886 1380
1197 1225
1536 721
1225 833
1735 1258
1740 1551
1539 970
1227 1829
1528 255
1874 1170
1190 505
1875 739
1530 308
1774 983
1742 16
1878 262
1194 1448
1785 509
1371 301
1533 1411
1419 462
1201 1826
1205 218
1545 1143
1421 1111
1211 164
1889 1757
1574 456
1214 534
1425 1367
1407 1735
1252 1247
1543 177
1497 516
1579 363
1879 1978
1748 75
1884 455
1585 525
1231 583
1498 742
1428 1678
1592 1456
1430 540
1887 914
1611 695
1750 47
1610 489
1642 1964
1437 1515
1888 1421
1547 1238
1215 1562
1893 1253
1626 1128
1753 2000
1896 801
1900 732
1442 952
1232 419
1761 571
1548 933
1765 1720
1233 1906
1649 1227
1794 1671
1549 753
1553 1337
1795 1288
1217 553
1890 300
1659 1385
1294 1456
1450 1928
1343 511
1662 435
1366 1492
1810 593
1902 853
1906 731
1389 206
1673 1084
1258 255
1891 413
1899 1270
1452 204
1668 1420
1684 1639
1767 1688
1820 105
1687 1835
1822 1069
1770 1461
1911 1526
1554 601
1234 702
1397 147
1905 1918
1235 818
1845 610
1908 30
1917 283
1436 1682
1671 825
1562 471
1537 583
1678 478
1559 48
1264 1062
1625 1824
1675 746
1718 1325
1237 430
1454 1515
1456 634
1593 1674
1749 627
1855 161
1776 534
1856 824
1913 1054
1778 532
1918 1086
1676 1623
1463 360
1238 1774
1763 570
1782 756
1240 538
1594 492
1931 1554
1919 868
1689 1961
1755 810
1923 899
1927 1453
1772 914
1731 244
1747 1447
1788 582
1933 1749
1563 580
1242 989
1779 795
1243 458
1781 695
1465 1533
1859 1233
1942 430
1245 41
1800 479
1826 1287
1809 1549
1565 274
1572 1000
1471 33
1929 1640
1881 842
1883 1605
1784 1719
1834 1344
1790 139
1247 1376
1944 869
1475 720
1792 842
1478 1839
1480 376
1482 1658
1249 94
1580 1537
1312 1731
1946 1483
1631 1630
1818 663
1484 1425
1894 1091
1830 371
1930 575
1847 1550
1949 1342
1588 168
1793 1757
1485 1954
1493 1426
1951 9
1598 1739
1640 1094
1600 931
1835 1838
1496 1152
1932 1767
1796 127
1799 1480
1952 827
1602 165
1332 935
1843 1296
1608 1466
1499 695
1850 1556
1685 539
1616 1021
1955 1016
1956 1156
1716 246
1862 1829
1804 1403
1618 7
1350 1979
1432 349
1872 803
1734 318
1570 1079
1877 1287
1934 620
1960 1834
1601 1905
1852 7
1903 834
1806 218
1870 1792
1912 532
1907 651
1864 1261
1807 65
1622 681
1737 343
1656 901
1962 1206
1624 725
1503 100
1915 1580
1922 1675
1691 462
1924 939
1926 1123
1892 452
1628 1770
1812 653
1854 1002
1504 1596
1505 216
1935 1142
1964 1696
1882 1132
1507 143
1633 1037
1968 734
1868 850
1971 1344
1815 419
1975 1403
1816 1737
1943 583
1509 898
1936 59
1901 643
1938 414
1783 996
1643 1112
1567 1907
1824 1515
1644 287
1897 809
1801 745
1584 1410
1921 1978
1940 1696
1910 1463
1941 1033
1802 400
1827 1694
1959 1525
1813 1101
1909 74
1650 1861
1831 442
1914 1160
1928 1844
1836 1024
1937 1282
1704 1476
1985 1066
1965 1718
1966 1160
1869 1309
1945 1024
1920 1871
1947 232
1954 1492
1876 245
1925 861
1988 120
1995 1042
1958 1442
1736 1585
1997 1374
1939 1007
1916 182
1970 1218
1948 1609
1972 1765
1837 557
1978 973
1953 973
1980 1620
1961 659
1803 1972
1973 1441
1974 1555
1969 651
1967 735
1841 1142
1984 1
1998 287
1981 1526
1880 1480
1950 1460
1895 1339
1976 899
1992 1376
1986 1033
1977 1043
1898 26
1990 914
1979 829
1957 1943
1904 121
1963 525
1983 989
1999 164
1987 747
1982 1551
2000 458
1993 305
1996 1416
1991 1260
1846 372
1994 147
0 0
1848 771
1989 86
