2000 2000
407 1 1000000000
258 1 1000000000
619 1 1000000000
1167 1 1000000000
1831 1 1000000000
328 1 1000000000
1155 1 1000000000
1233 1 1000000000
408 1 1000000000
1785 1 1000000000
1848 1 1000000000
1418 1 1000000000
73 1 1000000000
1060 1 1000000000
369 1 1000000000
1903 1 1000000000
1384 1 1000000000
1266 1 1000000000
1412 1 1000000000
785 1 1000000000
591 1 1000000000
1196 1 1000000000
1622 1 1000000000
1570 1 1000000000
1504 1 1000000000
478 1 1000000000
246 1 1000000000
342 1 1000000000
313 1 1000000000
1942 1 1000000000
1769 1 1000000000
63 1 1000000000
501 1 1000000000
1637 1 1000000000
1942 1 1000000000
1533 1 1000000000
486 1 1000000000
860 1 1000000000
1090 1 1000000000
625 1 1000000000
1314 1 1000000000
408 1 1000000000
1731 1 1000000000
1392 1 1000000000
429 1 1000000000
1943 1 1000000000
961 1 1000000000
714 1 1000000000
1624 1 1000000000
1800 1 1000000000
1993 1 1000000000
141 1 1000000000
1770 1 1000000000
961 1 1000000000
1283 1 1000000000
51 1 1000000000
792 1 1000000000
337 1 1000000000
1346 1 1000000000
1385 1 1000000000
42 1 1000000000
388 1 1000000000
1628 1 1000000000
1504 1 1000000000
127 1 1000000000
1405 1 1000000000
1916 1 1000000000
1933 1 1000000000
571 1 1000000000
763 1 1000000000
1967 1 1000000000
1221 1 1000000000
1532 1 1000000000
1911 1 1000000000
40 1 1000000000
1384 1 1000000000
872 1 1000000000
1428 1 1000000000
396 1 1000000000
389 1 1000000000
1141 1 1000000000
1036 1 1000000000
788 1 1000000000
991 1 1000000000
1651 1 1000000000
1408 1 1000000000
825 1 1000000000
911 1 1000000000
1143 1 1000000000
420 1 1000000000
605 1 1000000000
1461 1 1000000000
1861 1 1000000000
953 1 1000000000
1186 1 1000000000
376 1 1000000000
1170 1 1000000000
995 1 1000000000
1930 1 1000000000
1285 1 1000000000
1986 1 1000000000
1892 1 1000000000
1622 1 1000000000
539 1 1000000000
54 1 1000000000
542 1 1000000000
1735 1 1000000000
1944 1 1000000000
1118 1 1000000000
1703 1 1000000000
775 1 1000000000
534 1 1000000000
1002 1 1000000000
842 1 1000000000
242 1 1000000000
1352 1 1000000000
1486 1 1000000000
562 1 1000000000
1405 1 1000000000
42 1 1000000000
216 1 1000000000
1831 1 1000000000
933 1 1000000000
1565 1 1000000000
20 1 1000000000
1702 1 1000000000
1680 1 1000000000
1750 1 1000000000
234 1 1000000000
856 1 1000000000
994 1 1000000000
10 1 1000000000
1567 1 1000000000
1583 1 1000000000
445 1 1000000000
1796 1 1000000000
1006 1 1000000000
1217 1 1000000000
1981 1 1000000000
892 1 1000000000
1469 1 1000000000
1253 1 1000000000
1946 1 1000000000
1611 1 1000000000
1373 1 1000000000
1866 1 1000000000
1929 1 1000000000
1036 1 1000000000
1552 1 1000000000
1107 1 1000000000
777 1 1000000000
1801 1 1000000000
1377 1 1000000000
962 1 1000000000
429 1 1000000000
146 1 1000000000
1981 1 1000000000
1142 1 1000000000
1510 1 1000000000
1949 1 1000000000
1906 1 1000000000
150 1 1000000000
659 1 1000000000
496 1 1000000000
894 1 1000000000
468 1 1000000000
668 1 1000000000
775 1 1000000000
1578 1 1000000000
573 1 1000000000
1070 1 1000000000
1149 1 1000000000
1593 1 1000000000
319 1 1000000000
1538 1 1000000000
365 1 1000000000
1082 1 1000000000
136 1 1000000000
1031 1 1000000000
746 1 1000000000
90 1 1000000000
1314 1 1000000000
1053 1 1000000000
115 1 1000000000
1331 1 1000000000
1217 1 1000000000
823 1 1000000000
508 1 1000000000
812 1 1000000000
1592 1 1000000000
754 1 1000000000
841 1 1000000000
1040 1 1000000000
1752 1 1000000000
605 1 1000000000
5 1 1000000000
262 1 1000000000
1405 1 1000000000
1958 1 1000000000
1692 1 1000000000
1066 1 1000000000
534 1 1000000000
1834 1 1000000000
496 1 1000000000
978 1 1000000000
1439 1 1000000000
1981 1 1000000000
157 1 1000000000
1441 1 1000000000
757 1 1000000000
1343 1 1000000000
501 1 1000000000
1921 1 1000000000
469 1 1000000000
1532 1 1000000000
1692 1 1000000000
1153 1 1000000000
149 1 1000000000
1688 1 1000000000
315 1 1000000000
536 1 1000000000
966 1 1000000000
869 1 1000000000
519 1 1000000000
638 1 1000000000
330 1 1000000000
1861 1 1000000000
692 1 1000000000
1838 1 1000000000
1981 1 1000000000
1735 1 1000000000
1515 1 1000000000
653 1 1000000000
328 1 1000000000
48 1 1000000000
122 1 1000000000
898 1 1000000000
235 1 1000000000
541 1 1000000000
1609 1 1000000000
978 1 1000000000
1568 1 1000000000
785 1 1000000000
1110 1 1000000000
1571 1 1000000000
727 1 1000000000
1287 1 1000000000
445 1 1000000000
1483 1 1000000000
804 1 1000000000
1762 1 1000000000
1109 1 1000000000
1349 1 1000000000
581 1 1000000000
1154 1 1000000000
981 1 1000000000
1770 1 1000000000
515 1 1000000000
1070 1 1000000000
73 1 1000000000
1787 1 1000000000
8 1 1000000000
1082 1 1000000000
916 1 1000000000
1785 1 1000000000
1255 1 1000000000
499 1 1000000000
28 1 1000000000
313 1 1000000000
1808 1 1000000000
508 1 1000000000
774 1 1000000000
650 1 1000000000
1619 1 1000000000
1578 1 1000000000
854 1 1000000000
41 1 1000000000
1254 1 1000000000
304 1 1000000000
164 1 1000000000
911 1 1000000000
1634 1 1000000000
1719 1 1000000000
122 1 1000000000
1160 1 1000000000
753 1 1000000000
225 1 1000000000
954 1 1000000000
1491 1 1000000000
1745 1 1000000000
930 1 1000000000
666 1 1000000000
1860 1 1000000000
164 1 1000000000
784 1 1000000000
1897 1 1000000000
1616 1 1000000000
294 1 1000000000
775 1 1000000000
204 1 1000000000
1165 1 1000000000
1428 1 1000000000
1331 1 1000000000
859 1 1000000000
1354 1 1000000000
1566 1 1000000000
1757 1 1000000000
1001 1 1000000000
75 1 1000000000
378 1 1000000000
784 1 1000000000
634 1 1000000000
1241 1 1000000000
139 1 1000000000
1942 1 1000000000
1156 1 1000000000
1117 1 1000000000
1175 1 1000000000
1036 1 1000000000
334 1 1000000000
1919 1 1000000000
424 1 1000000000
1932 1 1000000000
470 1 1000000000
1691 1 1000000000
1090 1 1000000000
720 1 1000000000
1314 1 1000000000
137 1 1000000000
174 1 1000000000
874 1 1000000000
1240 1 1000000000
464 1 1000000000
851 1 1000000000
1989 1 1000000000
1048 1 1000000000
51 1 1000000000
1999 1 1000000000
314 1 1000000000
1296 1 1000000000
1917 1 1000000000
1986 1 1000000000
534 1 1000000000
1779 1 1000000000
1689 1 1000000000
1217 1 1000000000
631 1 1000000000
1660 1 1000000000
1539 1 1000000000
1910 1 1000000000
1307 1 1000000000
1016 1 1000000000
242 1 1000000000
285 1 1000000000
855 1 1000000000
697 1 1000000000
105 1 1000000000
1488 1 1000000000
704 1 1000000000
1745 1 1000000000
1789 1 1000000000
178 1 1000000000
698 1 1000000000
388 1 1000000000
994 1 1000000000
1293 1 1000000000
1394 1 1000000000
695 1 1000000000
66 1 1000000000
1267 1 1000000000
1866 1 1000000000
1729 1 1000000000
1051 1 1000000000
445 1 1000000000
1063 1 1000000000
960 1 1000000000
1694 1 1000000000
1054 1 1000000000
609 1 1000000000
994 1 1000000000
1697 1 1000000000
1044 1 1000000000
884 1 1000000000
1751 1 1000000000
1367 1 1000000000
855 1 1000000000
1088 1 1000000000
496 1 1000000000
496 1 1000000000
248 1 1000000000
320 1 1000000000
1629 1 1000000000
989 1 1000000000
44 1 1000000000
841 1 1000000000
1781 1 1000000000
894 1 1000000000
1309 1 1000000000
1687 1 1000000000
1653 1 1000000000
1464 1 1000000000
460 1 1000000000
753 1 1000000000
1437 1 1000000000
1883 1 1000000000
516 1 1000000000
996 1 1000000000
1843 1 1000000000
1581 1 1000000000
527 1 1000000000
1709 1 1000000000
580 1 1000000000
1807 1 1000000000
7 1 1000000000
56 1 1000000000
1100 1 1000000000
1783 1 1000000000
771 1 1000000000
120 1 1000000000
1859 1 1000000000
1001 1 1000000000
1981 1 1000000000
557 1 1000000000
1643 1 1000000000
1457 1 1000000000
1156 1 1000000000
638 1 1000000000
1688 1 1000000000
1778 1 1000000000
1367 1 1000000000
523 1 1000000000
1880 1 1000000000
215 1 1000000000
881 1 1000000000
1931 1 1000000000
1017 1 1000000000
389 1 1000000000
1378 1 1000000000
465 1 1000000000
659 1 1000000000
670 1 1000000000
399 1 1000000000
1149 1 1000000000
1956 1 1000000000
1251 1 1000000000
180 1 1000000000
720 1 1000000000
1066 1 1000000000
211 1 1000000000
519 1 1000000000
97 1 1000000000
1991 1 1000000000
676 1 1000000000
1471 1 1000000000
1747 1 1000000000
353 1 1000000000
1754 1 1000000000
1018 1 1000000000
41 1 1000000000
1302 1 1000000000
1342 1 1000000000
1696 1 1000000000
872 1 1000000000
1876 1 1000000000
1917 1 1000000000
961 1 1000000000
909 1 1000000000
1735 1 1000000000
1427 1 1000000000
1127 1 1000000000
1341 1 1000000000
1147 1 1000000000
1249 1 1000000000
266 1 1000000000
1156 1 1000000000
1318 1 1000000000
1753 1 1000000000
1639 1 1000000000
1883 1 1000000000
83 1 1000000000
217 1 1000000000
866 1 1000000000
365 1 1000000000
1654 1 1000000000
326 1 1000000000
1610 1 1000000000
1093 1 1000000000
837 1 1000000000
448 1 1000000000
1905 1 1000000000
1828 1 1000000000
1528 1 1000000000
1094 1 1000000000
1117 1 1000000000
849 1 1000000000
1843 1 1000000000
1714 1 1000000000
1143 1 1000000000
1568 1 1000000000
591 1 1000000000
1729 1 1000000000
1807 1 1000000000
894 1 1000000000
909 1 1000000000
372 1 1000000000
1765 1 1000000000
1802 1 1000000000
1807 1 1000000000
1371 1 1000000000
342 1 1000000000
942 1 1000000000
610 1 1000000000
1692 1 1000000000
1150 1 1000000000
1874 1 1000000000
1109 1 1000000000
471 1 1000000000
1251 1 1000000000
845 1 1000000000
816 1 1000000000
262 1 1000000000
1102 1 1000000000
1657 1 1000000000
623 1 1000000000
1127 1 1000000000
822 1 1000000000
435 1 1000000000
1173 1 1000000000
1018 1 1000000000
827 1 1000000000
1972 1 1000000000
621 1 1000000000
1388 1 1000000000
1173 1 1000000000
1775 1 1000000000
58 1 1000000000
849 1 1000000000
990 1 1000000000
1372 1 1000000000
105 1 1000000000
1931 1 1000000000
207 1 1000000000
1496 1 1000000000
1976 1 1000000000
799 1 1000000000
1476 1 1000000000
979 1 1000000000
40 1 1000000000
1448 1 1000000000
973 1 1000000000
1625 1 1000000000
1842 1 1000000000
131 1 1000000000
355 1 1000000000
1804 1 1000000000
1763 1 1000000000
1578 1 1000000000
1680 1 1000000000
728 1 1000000000
435 1 1000000000
626 1 1000000000
485 1 1000000000
905 1 1000000000
1521 1 1000000000
461 1 1000000000
1918 1 1000000000
1217 1 1000000000
1887 1 1000000000
1985 1 1000000000
186 1 1000000000
1900 1 1000000000
58 1 1000000000
1710 1 1000000000
164 1 1000000000
599 1 1000000000
1385 1 1000000000
53 1 1000000000
906 1 1000000000
1281 1 1000000000
364 1 1000000000
538 1 1000000000
769 1 1000000000
367 1 1000000000
335 1 1000000000
1135 1 1000000000
1201 1 1000000000
1183 1 1000000000
1643 1 1000000000
1510 1 1000000000
1821 1 1000000000
1723 1 1000000000
393 1 1000000000
1314 1 1000000000
867 1 1000000000
1365 1 1000000000
422 1 1000000000
307 1 1000000000
332 1 1000000000
1476 1 1000000000
1623 1 1000000000
1568 1 1000000000
1500 1 1000000000
1510 1 1000000000
991 1 1000000000
1241 1 1000000000
1407 1 1000000000
1392 1 1000000000
1848 1 1000000000
1241 1 1000000000
165 1 1000000000
1700 1 1000000000
822 1 1000000000
139 1 1000000000
1893 1 1000000000
1302 1 1000000000
1807 1 1000000000
894 1 1000000000
275 1 1000000000
1831 1 1000000000
97 1 1000000000
1459 1 1000000000
702 1 1000000000
496 1 1000000000
1778 1 1000000000
1119 1 1000000000
986 1 1000000000
1037 1 1000000000
242 1 1000000000
429 1 1000000000
841 1 1000000000
918 1 1000000000
1359 1 1000000000
97 1 1000000000
216 1 1000000000
1898 1 1000000000
918 1 1000000000
1297 1 1000000000
311 1 1000000000
927 1 1000000000
1967 1 1000000000
1999 1 1000000000
1286 1 1000000000
1800 1 1000000000
1332 1 1000000000
1578 1 1000000000
954 1 1000000000
1306 1 1000000000
267 1 1000000000
1454 1 1000000000
772 1 1000000000
1904 1 1000000000
1302 1 1000000000
895 1 1000000000
894 1 1000000000
348 1 1000000000
518 1 1000000000
761 1 1000000000
1751 1 1000000000
285 1 1000000000
1413 1 1000000000
629 1 1000000000
958 1 1000000000
1016 1 1000000000
1152 1 1000000000
1283 1 1000000000
895 1 1000000000
827 1 1000000000
527 1 1000000000
308 1 1000000000
76 1 1000000000
1573 1 1000000000
1412 1 1000000000
1729 1 1000000000
1377 1 1000000000
615 1 1000000000
1288 1 1000000000
1099 1 1000000000
1172 1 1000000000
1287 1 1000000000
1700 1 1000000000
496 1 1000000000
1850 1 1000000000
1607 1 1000000000
1911 1 1000000000
350 1 1000000000
1779 1 1000000000
1239 1 1000000000
1590 1 1000000000
294 1 1000000000
11 1 1000000000
313 1 1000000000
137 1 1000000000
563 1 1000000000
1052 1 1000000000
1293 1 1000000000
918 1 1000000000
215 1 1000000000
1730 1 1000000000
119 1 1000000000
324 1 1000000000
1110 1 1000000000
784 1 1000000000
1599 1 1000000000
996 1 1000000000
243 1 1000000000
1392 1 1000000000
1765 1 1000000000
51 1 1000000000
678 1 1000000000
1036 1 1000000000
138 1 1000000000
1751 1 1000000000
1421 1 1000000000
1276 1 1000000000
199 1 1000000000
1645 1 1000000000
1483 1 1000000000
1054 1 1000000000
1883 1 1000000000
1172 1 1000000000
1064 1 1000000000
1478 1 1000000000
162 1 1000000000
1349 1 1000000000
1234 1 1000000000
1221 1 1000000000
1993 1 1000000000
1719 1 1000000000
1747 1 1000000000
1066 1 1000000000
1711 1 1000000000
1002 1 1000000000
763 1 1000000000
785 1 1000000000
309 1 1000000000
927 1 1000000000
671 1 1000000000
1778 1 1000000000
1372 1 1000000000
188 1 1000000000
812 1 1000000000
412 1 1000000000
941 1 1000000000
1692 1 1000000000
1956 1 1000000000
827 1 1000000000
789 1 1000000000
96 1 1000000000
1307 1 1000000000
127 1 1000000000
1723 1 1000000000
1104 1 1000000000
1462 1 1000000000
1487 1 1000000000
1400 1 1000000000
588 1 1000000000
1554 1 1000000000
1981 1 1000000000
127 1 1000000000
496 1 1000000000
1657 1 1000000000
144 1 1000000000
1949 1 1000000000
981 1 1000000000
1036 1 1000000000
1299 1 1000000000
1505 1 1000000000
461 1 1000000000
753 1 1000000000
1887 1 1000000000
1537 1 1000000000
711 1 1000000000
1155 1 1000000000
1437 1 1000000000
765 1 1000000000
1189 1 1000000000
812 1 1000000000
1303 1 1000000000
516 1 1000000000
1468 1 1000000000
1903 1 1000000000
288 1 1000000000
1267 1 1000000000
230 1 1000000000
981 1 1000000000
1652 1 1000000000
822 1 1000000000
1510 1 1000000000
1140 1 1000000000
596 1 1000000000
338 1 1000000000
1133 1 1000000000
1100 1 1000000000
1623 1 1000000000
1017 1 1000000000
118 1 1000000000
73 1 1000000000
1460 1 1000000000
502 1 1000000000
875 1 1000000000
934 1 1000000000
488 1 1000000000
1502 1 1000000000
623 1 1000000000
121 1 1000000000
94 1 1000000000
1093 1 1000000000
1193 1 1000000000
1952 1 1000000000
1585 1 1000000000
786 1 1000000000
1107 1 1000000000
612 1 1000000000
340 1 1000000000
1187 1 1000000000
496 1 1000000000
294 1 1000000000
1691 1 1000000000
1454 1 1000000000
1763 1 1000000000
353 1 1000000000
1981 1 1000000000
527 1 1000000000
592 1 1000000000
167 1 1000000000
1516 1 1000000000
496 1 1000000000
605 1 1000000000
1352 1 1000000000
821 1 1000000000
1599 1 1000000000
376 1 1000000000
77 1 1000000000
1632 1 1000000000
857 1 1000000000
1926 1 1000000000
1753 1 1000000000
269 1 1000000000
428 1 1000000000
420 1 1000000000
1486 1 1000000000
1099 1 1000000000
325 1 1000000000
1077 1 1000000000
311 1 1000000000
1367 1 1000000000
865 1 1000000000
330 1 1000000000
1688 1 1000000000
66 1 1000000000
1766 1 1000000000
703 1 1000000000
1036 1 1000000000
1779 1 1000000000
1462 1 1000000000
720 1 1000000000
1135 1 1000000000
1921 1 1000000000
1368 1 1000000000
1557 1 1000000000
986 1 1000000000
1797 1 1000000000
918 1 1000000000
269 1 1000000000
1306 1 1000000000
1787 1 1000000000
312 1 1000000000
1581 1 1000000000
1883 1 1000000000
503 1 1000000000
1871 1 1000000000
996 1 1000000000
1953 1 1000000000
619 1 1000000000
403 1 1000000000
1972 1 1000000000
876 1 1000000000
1358 1 1000000000
960 1 1000000000
980 1 1000000000
1884 1 1000000000
1055 1 1000000000
632 1 1000000000
369 1 1000000000
502 1 1000000000
1453 1 1000000000
1850 1 1000000000
610 1 1000000000
1142 1 1000000000
843 1 1000000000
770 1 1000000000
1496 1 1000000000
533 1 1000000000
328 1 1000000000
1346 1 1000000000
1887 1 1000000000
1002 1 1000000000
1036 1 1000000000
451 1 1000000000
779 1 1000000000
788 1 1000000000
294 1 1000000000
1457 1 1000000000
1924 1 1000000000
1616 1 1000000000
1719 1 1000000000
893 1 1000000000
576 1 1000000000
1102 1 1000000000
1739 1 1000000000
1533 1 1000000000
857 1 1000000000
956 1 1000000000
1593 1 1000000000
77 1 1000000000
1972 1 1000000000
557 1 1000000000
1995 1 1000000000
298 1 1000000000
1110 1 1000000000
244 1 1000000000
1039 1 1000000000
1109 1 1000000000
668 1 1000000000
296 1 1000000000
1057 1 1000000000
1573 1 1000000000
243 1 1000000000
937 1 1000000000
1660 1 1000000000
573 1 1000000000
697 1 1000000000
1331 1 1000000000
732 1 1000000000
1226 1 1000000000
697 1 1000000000
54 1 1000000000
138 1 1000000000
909 1 1000000000
47 1 1000000000
1272 1 1000000000
51 1 1000000000
518 1 1000000000
1779 1 1000000000
1290 1 1000000000
1278 1 1000000000
244 1 1000000000
411 1 1000000000
29 1 1000000000
216 1 1000000000
217 1 1000000000
1336 1 1000000000
286 1 1000000000
1692 1 1000000000
1307 1 1000000000
481 1 1000000000
1254 1 1000000000
327 1 1000000000
1068 1 1000000000
1281 1 1000000000
1710 1 1000000000
633 1 1000000000
1195 1 1000000000
335 1 1000000000
1385 1 1000000000
1794 1 1000000000
48 1 1000000000
1031 1 1000000000
1195 1 1000000000
524 1 1000000000
1653 1 1000000000
1946 1 1000000000
843 1 1000000000
1003 1 1000000000
291 1 1000000000
1747 1 1000000000
593 1 1000000000
1066 1 1000000000
781 1 1000000000
1719 1 1000000000
727 1 1000000000
1040 1 1000000000
898 1 1000000000
51 1 1000000000
667 1 1000000000
557 1 1000000000
1042 1 1000000000
1346 1 1000000000
1577 1 1000000000
605 1 1000000000
1981 1 1000000000
1554 1 1000000000
1734 1 1000000000
1090 1 1000000000
153 1 1000000000
898 1 1000000000
1729 1 1000000000
352 1 1000000000
668 1 1000000000
1706 1 1000000000
1023 1 1000000000
798 1 1000000000
1756 1 1000000000
264 1 1000000000
31 1 1000000000
234 1 1000000000
638 1 1000000000
791 1 1000000000
5 1 1000000000
1616 1 1000000000
1144 1 1000000000
6 1 1000000000
1119 1 1000000000
729 1 1000000000
298 1 1000000000
1036 1 1000000000
1398 1 1000000000
1319 1 1000000000
1578 1 1000000000
1710 1 1000000000
300 1 1000000000
533 1 1000000000
1593 1 1000000000
1938 1 1000000000
1656 1 1000000000
116 1 1000000000
1159 1 1000000000
412 1 1000000000
98 1 1000000000
1287 1 1000000000
1575 1 1000000000
1060 1 1000000000
610 1 1000000000
1439 1 1000000000
1486 1 1000000000
1710 1 1000000000
729 1 1000000000
712 1 1000000000
1264 1 1000000000
719 1 1000000000
739 1 1000000000
1835 1 1000000000
326 1 1000000000
1980 1 1000000000
1457 1 1000000000
120 1 1000000000
1866 1 1000000000
962 1 1000000000
369 1 1000000000
10 1 1000000000
779 1 1000000000
822 1 1000000000
1305 1 1000000000
1554 1 1000000000
866 1 1000000000
1363 1 1000000000
1838 1 1000000000
169 1 1000000000
29 1 1000000000
1249 1 1000000000
821 1 1000000000
1509 1 1000000000
615 1 1000000000
1463 1 1000000000
1745 1 1000000000
1916 1 1000000000
1230 1 1000000000
1170 1 1000000000
40 1 1000000000
787 1 1000000000
764 1 1000000000
1418 1 1000000000
965 1 1000000000
1866 1 1000000000
1066 1 1000000000
618 1 1000000000
309 1 1000000000
1660 1 1000000000
296 1 1000000000
246 1 1000000000
1071 1 1000000000
788 1 1000000000
482 1 1000000000
914 1 1000000000
337 1 1000000000
911 1 1000000000
1055 1 1000000000
779 1 1000000000
1502 1 1000000000
1119 1 1000000000
371 1 1000000000
746 1 1000000000
149 1 1000000000
1796 1 1000000000
1763 1 1000000000
1972 1 1000000000
1821 1 1000000000
1462 1 1000000000
207 1 1000000000
1276 1 1000000000
1043 1 1000000000
1818 1 1000000000
1981 1 1000000000
1201 1 1000000000
40 1 1000000000
1869 1 1000000000
482 1 1000000000
860 1 1000000000
1883 1 1000000000
1488 1 1000000000
105 1 1000000000
163 1 1000000000
964 1 1000000000
1926 1 1000000000
1286 1 1000000000
1372 1 1000000000
1147 1 1000000000
195 1 1000000000
1981 1 1000000000
189 1 1000000000
1691 1 1000000000
639 1 1000000000
219 1 1000000000
1939 1 1000000000
569 1 1000000000
1997 1 1000000000
516 1 1000000000
983 1 1000000000
692 1 1000000000
283 1 1000000000
1172 1 1000000000
1228 1 1000000000
1286 1 1000000000
1658 1 1000000000
1314 1 1000000000
1751 1 1000000000
1454 1 1000000000
1890 1 1000000000
625 1 1000000000
1869 1 1000000000
768 1 1000000000
976 1 1000000000
1993 1 1000000000
1723 1 1000000000
1482 1 1000000000
1876 1 1000000000
1251 1 1000000000
1327 1 1000000000
967 1 1000000000
1390 1 1000000000
943 1 1000000000
543 1 1000000000
605 1 1000000000
1625 1 1000000000
313 1 1000000000
1066 1 1000000000
1905 1 1000000000
1064 1 1000000000
246 1 1000000000
242 1 1000000000
1034 1 1000000000
13 1 1000000000
1078 1 1000000000
1455 1 1000000000
1612 1 1000000000
865 1 1000000000
1100 1 1000000000
1732 1 1000000000
186 1 1000000000
1377 1 1000000000
288 1 1000000000
1119 1 1000000000
51 1 1000000000
562 1 1000000000
216 1 1000000000
1994 1 1000000000
326 1 1000000000
992 1 1000000000
1367 1 1000000000
1293 1 1000000000
949 1 1000000000
607 1 1000000000
734 1 1000000000
1255 1 1000000000
1873 1 1000000000
1027 1 1000000000
258 1 1000000000
892 1 1000000000
1931 1 1000000000
1405 1 1000000000
608 1 1000000000
812 1 1000000000
20 1 1000000000
928 1 1000000000
389 1 1000000000
325 1 1000000000
1043 1 1000000000
1680 1 1000000000
364 1 1000000000
851 1 1000000000
1813 1 1000000000
1592 1 1000000000
1256 1 1000000000
1184 1 1000000000
1529 1 1000000000
623 1 1000000000
563 1 1000000000
97 1 1000000000
139 1 1000000000
1967 1 1000000000
591 1 1000000000
957 1 1000000000
77 1 1000000000
473 1 1000000000
898 1 1000000000
1131 1 1000000000
1497 1 1000000000
1424 1 1000000000
1144 1 1000000000
705 1 1000000000
341 1 1000000000
1725 1 1000000000
1778 1 1000000000
1369 1 1000000000
1786 1 1000000000
1267 1 1000000000
1614 1 1000000000
777 1 1000000000
877 1 1000000000
1411 1 1000000000
1318 1 1000000000
1979 1 1000000000
894 1 1000000000
1385 1 1000000000
819 1 1000000000
1818 1 1000000000
460 1 1000000000
1027 1 1000000000
1488 1 1000000000
1318 1 1000000000
1173 1 1000000000
930 1 1000000000
601 1 1000000000
1873 1 1000000000
243 1 1000000000
976 1 1000000000
991 1 1000000000
233 1 1000000000
866 1 1000000000
873 1 1000000000
1119 1 1000000000
1223 1 1000000000
319 1 1000000000
994 1 1000000000
207 1 1000000000
573 1 1000000000
607 1 1000000000
1176 1 1000000000
1850 1 1000000000
708 1 1000000000
516 1 1000000000
1421 1 1000000000
1968 1 1000000000
1509 1 1000000000
1669 1 1000000000
287 1 1000000000
1197 1 1000000000
1988 1 1000000000
899 1 1000000000
1197 1 1000000000
1475 1 1000000000
1834 1 1000000000
1644 1 1000000000
1294 1 1000000000
61 1 1000000000
1993 1 1000000000
62 1 1000000000
1711 1 1000000000
1255 1 1000000000
314 1 1000000000
641 1 1000000000
104 1 1000000000
1163 1 1000000000
1693 1 1000000000
58 1 1000000000
1709 1 1000000000
1268 1 1000000000
1460 1 1000000000
423 1 1000000000
1372 1 1000000000
1324 1 1000000000
1470 1 1000000000
894 1 1000000000
1330 1 1000000000
1619 1 1000000000
1066 1 1000000000
1036 1 1000000000
1812 1 1000000000
1783 1 1000000000
1928 1 1000000000
1228 1 1000000000
1729 1 1000000000
331 1 1000000000
1239 1 1000000000
673 1 1000000000
1184 1 1000000000
1885 1 1000000000
1981 1 1000000000
1237 1 1000000000
710 1 1000000000
1874 1 1000000000
1676 1 1000000000
1966 1 1000000000
1276 1 1000000000
1282 1 1000000000
1986 1 1000000000
1013 1 1000000000
528 1 1000000000
757 1 1000000000
684 1 1000000000
1359 1 1000000000
671 1 1000000000
1369 1 1000000000
1036 1 1000000000
49 1 1000000000
609 1 1000000000
1309 1 1000000000
1458 1 1000000000
207 1 1000000000
1995 1 1000000000
784 1 1000000000
1542 1 1000000000
139 1 1000000000
229 1 1000000000
339 1 1000000000
1544 1 1000000000
45 1 1000000000
1691 1 1000000000
511 1 1000000000
417 1 1000000000
215 1 1000000000
1078 1 1000000000
563 1 1000000000
512 1 1000000000
310 1 1000000000
1766 1 1000000000
1100 1 1000000000
423 1 1000000000
846 1 1000000000
1492 1 1000000000
1975 1 1000000000
283 1 1000000000
996 1 1000000000
1306 1 1000000000
388 1 1000000000
1707 1 1000000000
1860 1 1000000000
1658 1 1000000000
1976 1 1000000000
360 1 1000000000
1128 1 1000000000
224 1 1000000000
1714 1 1000000000
503 1 1000000000
1427 1 1000000000
496 1 1000000000
1324 1 1000000000
40 1 1000000000
765 1 1000000000
139 1 1000000000
625 1 1000000000
1319 1 1000000000
215 1 1000000000
1253 1 1000000000
192 1 1000000000
1509 1 1000000000
625 1 1000000000
1140 1 1000000000
1692 1 1000000000
64 1 1000000000
455 1 1000000000
1613 1 1000000000
1125 1 1000000000
755 1 1000000000
1739 1 1000000000
1024 1 1000000000
1659 1 1000000000
519 1 1000000000
1830 1 1000000000
1322 1 1000000000
1921 1 1000000000
1509 1 1000000000
765 1 1000000000
1987 1 1000000000
1456 1 1000000000
1590 1 1000000000
1709 1 1000000000
1401 1 1000000000
1628 1 1000000000
1324 1 1000000000
812 1 1000000000
1335 1 1000000000
1519 1 1000000000
1237 1 1000000000
51 1 1000000000
1936 1 1000000000
634 1 1000000000
229 1 1000000000
1722 1 1000000000
1266 1 1000000000
1554 1 1000000000
340 1 1000000000
1217 1 1000000000
165 1 1000000000
12 1 1000000000
23 1 1000000000
850 1 1000000000
121 1 1000000000
1470 1 1000000000
930 1 1000000000
1309 1 1000000000
1184 1 1000000000
344 1 1000000000
1160 1 1000000000
557 1 1000000000
498 1 1000000000
1898 1 1000000000
1918 1 1000000000
612 1 1000000000
604 1 1000000000
892 1 1000000000
619 1 1000000000
1002 1 1000000000
1502 1 1000000000
1713 1 1000000000
1939 1 1000000000
1362 1 1000000000
931 1 1000000000
1607 1 1000000000
166 1 1000000000
775 1 1000000000
1087 1 1000000000
1733 1 1000000000
1114 1 1000000000
542 1 1000000000
473 1 1000000000
348 1 1000000000
1249 1 1000000000
131 1 1000000000
242 1 1000000000
1355 1 1000000000
1916 1 1000000000
843 1 1000000000
73 1 1000000000
314 1 1000000000
1066 1 1000000000
84 1 1000000000
943 1 1000000000
641 1 1000000000
1155 1 1000000000
983 1 1000000000
1897 1 1000000000
1372 1 1000000000
1068 1 1000000000
119 1 1000000000
1858 1 1000000000
1405 1 1000000000
1095 1 1000000000
841 1 1000000000
1931 1 1000000000
349 1 1000000000
101 1 1000000000
863 1 1000000000
1316 1 1000000000
1301 1 1000000000
1119 1 1000000000
678 1 1000000000
835 1 1000000000
68 1 1000000000
497 1 1000000000
1176 1 1000000000
1280 1 1000000000
659 1 1000000000
1838 1 1000000000
1498 1 1000000000
1883 1 1000000000
1098 1 1000000000
207 1 1000000000
20 1 1000000000
335 1 1000000000
596 1 1000000000
1903 1 1000000000
1497 1 1000000000
714 1 1000000000
1062 1 1000000000
501 1 1000000000
51 1 1000000000
1510 1 1000000000
933 1 1000000000
525 1 1000000000
259 1 1000000000
557 1 1000000000
1314 1 1000000000
1272 1 1000000000
570 1 1000000000
1244 1 1000000000
267 1 1000000000
1532 1 1000000000
1036 1 1000000000
1883 1 1000000000
1911 1 1000000000
960 1 1000000000
122 1 1000000000
1242 1 1000000000
580 1 1000000000
954 1 1000000000
1198 1 1000000000
1893 1 1000000000
1697 1 1000000000
1412 1 1000000000
1318 1 1000000000
576 1 1000000000
207 1 1000000000
1450 1 1000000000
216 1 1000000000
519 1 1000000000
1792 1 1000000000
1798 1 1000000000
827 1 1000000000
595 1 1000000000
1167 1 1000000000
894 1 1000000000
1999 1 1000000000
833 1 1000000000
1128 1 1000000000
261 1 1000000000
720 1 1000000000
1931 1 1000000000
1153 1 1000000000
562 1 1000000000
480 1 1000000000
983 1 1000000000
242 1 1000000000
1638 1 1000000000
1670 1 1000000000
1861 1 1000000000
1644 1 1000000000
1427 1 1000000000
1359 1 1000000000
1143 1 1000000000
1160 1 1000000000
277 1 1000000000
319 1 1000000000
1787 1 1000000000
728 1 1000000000
84 1 1000000000
213 1 1000000000
1665 1 1000000000
466 1 1000000000
845 1 1000000000
955 1 1000000000
341 1 1000000000
1151 1 1000000000
985 1 1000000000
1747 1 1000000000
389 1 1000000000
827 1 1000000000
1314 1 1000000000
1723 1 1000000000
1373 1 1000000000
1872 1 1000000000
30 1 1000000000
1090 1 1000000000
420 1 1000000000
1554 1 1000000000
1197 1 1000000000
937 1 1000000000
1781 1 1000000000
201 1 1000000000
1284 1 1000000000
1293 1 1000000000
1871 1 1000000000
676 1 1000000000
33 1 1000000000
1045 1 1000000000
564 1 1000000000
1977 1 1000000000
563 1 1000000000
1458 1 1000000000
763 1 1000000000
257 1 1000000000
625 1 1000000000
1769 1 1000000000
605 1 1000000000
1054 1 1000000000
1769 1 1000000000
1100 1 1000000000
1302 1 1000000000
1240 1 1000000000
988 1 1000000000
460 1 1000000000
1159 1 1000000000
1278 1 1000000000
1788 1 1000000000
1622 1 1000000000
1747 1 1000000000
1953 1 1000000000
332 1 1000000000
1783 1 1000000000
1387 1 1000000000
1070 1 1000000000
54 1 1000000000
980 1 1000000000
1797 1 1000000000
409 1 1000000000
1532 1 1000000000
1456 1 1000000000
780 1 1000000000
1843 1 1000000000
1355 1 1000000000
910 1 1000000000
296 1 1000000000
1986 1 1000000000
408 1 1000000000
1278 1 1000000000
1874 1 1000000000
1694 1 1000000000
1170 1 1000000000
84 1 1000000000
976 1 1000000000
499 1 1000000000
1523 1 1000000000
856 1 1000000000
335 1 1000000000
216 1 1000000000
450 1 1000000000
1237 1 1000000000
164 1 1000000000
964 1 1000000000
1503 1 1000000000
1663 1 1000000000
1885 1 1000000000
1036 1 1000000000
1523 1 1000000000
1859 1 1000000000
411 1 1000000000
841 1 1000000000
822 1 1000000000
975 1 1000000000
804 1 1000000000
1002 1 1000000000
1986 1 1000000000
1272 1 1000000000
502 1 1000000000
837 1 1000000000
499 1 1000000000
828 1 1000000000
1367 1 1000000000
996 1 1000000000
501 1 1000000000
531 1 1000000000
75 1 1000000000
892 1 1000000000
1022 1 1000000000
744 1 1000000000
1645 1 1000000000
574 1 1000000000
953 1 1000000000
1268 1 1000000000
978 1 1000000000
1669 1 1000000000
1333 1 1000000000
734 1 1000000000
1137 1 1000000000
1057 1 1000000000
1352 1 1000000000
408 1 1000000000
1660 1 1000000000
1327 1 1000000000
439 1 1000000000
1870 1 1000000000
894 1 1000000000
1461 1 1000000000
1703 1 1000000000
330 1 1000000000
1002 1 1000000000
705 1 1000000000
1066 1 1000000000
1595 1 1000000000
1404 1 1000000000
994 1 1000000000
1988 1 1000000000
1167 1 1000000000
1307 1 1000000000
41 1 1000000000
270 1 1000000000
256 1 1000000000
1808 1 1000000000
1205 1 1000000000
1917 1 1000000000
1847 1 1000000000
1848 1 1000000000
311 1 1000000000
1802 1 1000000000
1956 1 1000000000
706 1 1000000000
1547 1 1000000000
1867 1 1000000000
207 1 1000000000
207 1 1000000000
29 1 1000000000
127 1 1000000000
1869 1 1000000000
1751 1 1000000000
776 1 1000000000
1817 1 1000000000
965 1 1000000000
1308 1 1000000000
1249 1 1000000000
64 1 1000000000
918 1 1000000000
29 1 1000000000
457 1 1000000000
1335 1 1000000000
97 1 1000000000
1610 1 1000000000
342 1 1000000000
533 1 1000000000
1405 1 1000000000
1255 1 1000000000
1486 1 1000000000
968 1 1000000000
1692 1 1000000000
482 1 1000000000
1747 1 1000000000
832 1 1000000000
1986 1 1000000000
1014 1 1000000000
1331 1 1000000000
1373 1 1000000000
233 1 1000000000
344 1 1000000000
1895 1 1000000000
239 1 1000000000
898 1 1000000000
1278 1 1000000000
1503 1 1000000000
1228 1 1000000000
1509 1 1000000000
628 1 1000000000
1883 1 1000000000
1760 1 1000000000
165 1 1000000000
1066 1 1000000000
337 1 1000000000
1704 1 1000000000
822 1 1000000000
122 1 1000000000
960 1 1000000000
1848 1 1000000000
1054 1 1000000000
914 1 1000000000
981 1 1000000000
761 1 1000000000
625 1 1000000000
1692 1 1000000000
504 1 1000000000
1568 1 1000000000
496 1 1000000000
625 1 1000000000
1296 1 1000000000
1283 1 1000000000
1765 1 1000000000
1388 1 1000000000
1823 1 1000000000
492 1 1000000000
736 1 1000000000
997 1 1000000000
1593 1 1000000000
1703 1 1000000000
56 1 1000000000
1004 1 1000000000
51 1 1000000000
174 1 1000000000
1241 1 1000000000
1730 1 1000000000
1568 1 1000000000
676 1 1000000000
1143 1 1000000000
1175 1 1000000000
583 1 1000000000
413 1 1000000000
387 1 1000000000
914 1 1000000000
153 1 1000000000
54 1 1000000000
1729 1 1000000000
720 1 1000000000
238 1 1000000000
307 1 1000000000
1170 1 1000000000
1215 1 1000000000
630 1 1000000000
1215 1 1000000000
216 1 1000000000
1887 1 1000000000
1831 1 1000000000
182 1 1000000000
1856 1 1000000000
1140 1 1000000000
1912 1 1000000000
364 1 1000000000
612 1 1000000000
409 1 1000000000
1509 1 1000000000
781 1 1000000000
1355 1 1000000000
1241 1 1000000000
195 1 1000000000
841 1 1000000000
1110 1 1000000000
1043 1 1000000000
169 1 1000000000
914 1 1000000000
468 1 1000000000
599 1 1000000000
127 1 1000000000
1422 1 1000000000
1139 1 1000000000
296 1 1000000000
313 1 1000000000
961 1 1000000000
1465 1 1000000000
73 1 1000000000
447 1 1000000000
1887 1 1000000000
260 1 1000000000
49 1 1000000000
1091 1 1000000000
1307 1 1000000000
846 1 1000000000
990 1 1000000000
1173 1 1000000000
580 1 1000000000
1302 1 1000000000
1386 1 1000000000
1135 1 1000000000
609 1 1000000000
499 1 1000000000
647 1 1000000000
1842 1 1000000000
1469 1 1000000000
1962 1 1000000000
714 1 1000000000
716 1 1000000000
39 1 1000000000
43 1 1000000000
1213 1 1000000000
898 1 1000000000
874 1 1000000000
35 1 1000000000
1135 1 1000000000
162 1 1000000000
869 1 1000000000
844 1 1000000000
727 1 1000000000
1043 1 1000000000
1626 1 1000000000
1069 1 1000000000
264 1 1000000000
1731 1 1000000000
1552 1 1000000000
215 1 1000000000
485 1 1000000000
1412 1 1000000000
1818 1 1000000000
296 1 1000000000
1764 1 1000000000
167 1 1000000000
1676 1 1000000000
82 1 1000000000
641 1 1000000000
230 1 1000000000
1390 1 1000000000
1781 1 1000000000
384 1 1000000000
541 1 1000000000
440 1 1000000000
719 1 1000000000
1503 1 1000000000
1298 1 1000000000
1120 1 1000000000
1958 1 1000000000
210 1 1000000000
930 1 1000000000
408 1 1000000000
496 1 1000000000
1314 1 1000000000
1599 1 1000000000
512 1 1000000000
1922 1 1000000000
76 1 1000000000
822 1 1000000000
1193 1 1000000000
92 1 1000000000
1242 1 1000000000
1505 1 1000000000
310 1 1000000000
716 1 1000000000
1471 1 1000000000
961 1 1000000000
1765 1 1000000000
354 1 1000000000
538 1 1000000000
1796 1 1000000000
1981 1 1000000000
1739 1 1000000000
1745 1 1000000000
1870 1 1000000000
1583 1 1000000000
1693 1 1000000000
1228 1 1000000000
1992 1 1000000000
176 1 1000000000
1551 1 1000000000
389 1 1000000000
5 1 1000000000
1765 1 1000000000
97 1 1000000000
802 1 1000000000
1172 1 1000000000
1324 1 1000000000
765 1 1000000000
1198 1 1000000000
894 1 1000000000
1834 1 1000000000
149 1 1000000000
344 1 1000000000
1127 1 1000000000
1964 1 1000000000
1197 1 1000000000
1785 1 1000000000
107 1 1000000000
1800 1 1000000000
771 1 1000000000
1087 1 1000000000
841 1 1000000000
1264 1 1000000000
1916 1 1000000000
1911 1 1000000000
551 1 1000000000
1751 1 1000000000
619 1 1000000000
784 1 1000000000
122 1 1000000000
483 1 1000000000
177 1 1000000000
992 1 1000000000
169 1 1000000000
1346 1 1000000000
332 1 1000000000
1775 1 1000000000
909 1 1000000000
1950 1 1000000000
956 1 1000000000
230 1 1000000000
1233 1 1000000000
658 1 1000000000
139 1 1000000000
997 1 1000000000
1110 1 1000000000
1329 1 1000000000
892 1 1000000000
1293 1 1000000000
39 1 1000000000
1405 1 1000000000
1385 1 1000000000
643 1 1000000000
1782 1 1000000000
1876 1 1000000000
1644 1 1000000000
1986 1 1000000000
1052 1 1000000000
1240 1 1000000000
1164 1 1000000000
51 1 1000000000
874 1 1000000000
1818 1 1000000000
1729 1 1000000000
1416 1 1000000000
1016 1 1000000000
1419 1 1000000000
230 1 1000000000
77 1 1000000000
40 1 1000000000
1449 1 1000000000
235 1 1000000000
597 1 1000000000
994 1 1000000000
1376 1 1000000000
1000000000 1000000000 1000000000 1000000000 1000000000 1000000000 1000000000 1000000000 1000000000 1000000000 1000000000 1000000000 1000000000 1000000000 1000000000 1000000000 1000000000 1000000000 1000000000 1000000000 1000000000 1000000000 1000000000 1000000000 1000000000 1000000000 1000000000 1000000000 1000000000 1000000000 1000000000 1000000000 1000000000 1000000000 1000000000 1000000000 1000000000 1000000000 1000000000 1000000000 1000000000 1000000000 1000000000 1000000000 1000000000 1000000000 1000000000 1000000000 1000000000 1000000000 1000000000 1000000000 1000000000 1000000000 1000000000 1000000000 1000000000 1000000000 1000000000 1000000000 1000000000 1000000000 1000000000 1000000000 1000000000 1000000000 1000000000 1000000000 1000000000 1000000000 1000000000 1000000000 1000000000 1000000000 1000000000 1000000000 1000000000 1000000000 1000000000 1000000000 1000000000 1000000000 1000000000 1000000000 1000000000 1000000000 1000000000 1000000000 1000000000 1000000000 1000000000 1000000000 1000000000 1000000000 1000000000 1000000000 1000000000 1000000000 1000000000 1000000000 1000000000 1000000000 1000000000 1000000000 1000000000 1000000000 1000000000 1000000000 1000000000 1000000000 1000000000 1000000000 1000000000 1000000000 1000000000 1000000000 1000000000 1000000000 1000000000 1000000000 1000000000 1000000000 1000000000 1000000000 1000000000 1000000000 1000000000 1000000000 1000000000 1000000000 1000000000 1000000000 1000000000 1000000000 1000000000 1000000000 1000000000 1000000000 1000000000 1000000000 1000000000 1000000000 1000000000 1000000000 1000000000 1000000000 1000000000 1000000000 1000000000 1000000000 1000000000 1000000000 1000000000 1000000000 1000000000 1000000000 1000000000 1000000000 1000000000 1000000000 1000000000 1000000000 1000000000 1000000000 1000000000 1000000000 1000000000 1000000000 1000000000 1000000000 1000000000 1000000000 1000000000 1000000000 1000000000 1000000000 1000000000 1000000000 1000000000 1000000000 1000000000 1000000000 1000000000 1000000000 1000000000 1000000000 1000000000 1000000000 1000000000 1000000000 1000000000 1000000000 1000000000 1000000000 1000000000 1000000000 1000000000 1000000000 1000000000 1000000000 1000000000 1000000000 1000000000 1000000000 1000000000 1000000000 1000000000 1000000000 1000000000 1000000000 1000000000 1000000000 1000000000 1000000000 1000000000 1000000000 1000000000 1000000000 1000000000 1000000000 1000000000 1000000000 1000000000 1000000000 1000000000 1000000000 1000000000 1000000000 1000000000 1000000000 1000000000 1000000000 1000000000 1000000000 1000000000 1000000000 1000000000 1000000000 1000000000 1000000000 1000000000 1000000000 1000000000 1000000000 1000000000 1000000000 1000000000 1000000000 1000000000 1000000000 1000000000 1000000000 1000000000 1000000000 1000000000 1000000000 1000000000 1000000000 1000000000 1000000000 1000000000 1000000000 1000000000 1000000000 1000000000 1000000000 1000000000 1000000000 1000000000 1000000000 1000000000 1000000000 1000000000 1000000000 1000000000 1000000000 1000000000 1000000000 1000000000 1000000000 1000000000 1000000000 1000000000 1000000000 1000000000 1000000000 1000000000 1000000000 1000000000 1000000000 1000000000 1000000000 1000000000 1000000000 1000000000 1000000000 1000000000 1000000000 1000000000 1000000000 1000000000 1000000000 1000000000 1000000000 1000000000 1000000000 1000000000 1000000000 1000000000 1000000000 1000000000 1000000000 1000000000 1000000000 1000000000 1000000000 1000000000 1000000000 1000000000 1000000000 1000000000 1000000000 1000000000 1000000000 1000000000 1000000000 1000000000 1000000000 1000000000 1000000000 1000000000 1000000000 1000000000 1000000000 1000000000 1000000000 1000000000 1000000000 1000000000 1000000000 1000000000 1000000000 1000000000 1000000000 1000000000 1000000000 1000000000 1000000000 1000000000 1000000000 1000000000 1000000000 1000000000 1000000000 1000000000 1000000000 1000000000 1000000000 1000000000 1000000000 1000000000 1000000000 1000000000 1000000000 1000000000 1000000000 1000000000 1000000000 1000000000 1000000000 1000000000 1000000000 1000000000 1000000000 1000000000 1000000000 1000000000 1000000000 1000000000 1000000000 1000000000 1000000000 1000000000 1000000000 1000000000 1000000000 1000000000 1000000000 1000000000 1000000000 1000000000 1000000000 1000000000 1000000000 1000000000 1000000000 1000000000 1000000000 1000000000 1000000000 1000000000 1000000000 1000000000 1000000000 1000000000 1000000000 1000000000 1000000000 1000000000 1000000000 1000000000 1000000000 1000000000 1000000000 1000000000 1000000000 1000000000 1000000000 1000000000 1000000000 1000000000 1000000000 1000000000 1000000000 1000000000 1000000000 1000000000 1000000000 1000000000 1000000000 1000000000 1000000000 1000000000 1000000000 1000000000 1000000000 1000000000 1000000000 1000000000 1000000000 1000000000 1000000000 1000000000 1000000000 1000000000 1000000000 1000000000 1000000000 1000000000 1000000000 1000000000 1000000000 1000000000 1000000000 1000000000 1000000000 1000000000 1000000000 1000000000 1000000000 1000000000 1000000000 1000000000 1000000000 1000000000 1000000000 1000000000 1000000000 1000000000 1000000000 1000000000 1000000000 1000000000 1000000000 1000000000 1000000000 1000000000 1000000000 1000000000 1000000000 1000000000 1000000000 1000000000 1000000000 1000000000 1000000000 1000000000 1000000000 1000000000 1000000000 1000000000 1000000000 1000000000 1000000000 1000000000 1000000000 1000000000 1000000000 1000000000 1000000000 1000000000 1000000000 1000000000 1000000000 1000000000 1000000000 1000000000 1000000000 1000000000 1000000000 1000000000 1000000000 1000000000 1000000000 1000000000 1000000000 1000000000 1000000000 1000000000 1000000000 1000000000 1000000000 1000000000 1000000000 1000000000 1000000000 1000000000 1000000000 1000000000 1000000000 1000000000 1000000000 1000000000 1000000000 1000000000 1000000000 1000000000 1000000000 1000000000 1000000000 1000000000 1000000000 1000000000 1000000000 1000000000 1000000000 1000000000 1000000000 1000000000 1000000000 1000000000 1000000000 1000000000 1000000000 1000000000 1000000000 1000000000 1000000000 1000000000 1000000000 1000000000 1000000000 1000000000 1000000000 1000000000 1000000000 1000000000 1000000000 1000000000 1000000000 1000000000 1000000000 1000000000 1000000000 1000000000 1000000000 1000000000 1000000000 1000000000 1000000000 1000000000 1000000000 1000000000 1000000000 1000000000 1000000000 1000000000 1000000000 1000000000 1000000000 1000000000 1000000000 1000000000 1000000000 1000000000 1000000000 1000000000 1000000000 1000000000 1000000000 1000000000 1000000000 1000000000 1000000000 1000000000 1000000000 1000000000 1000000000 1000000000 1000000000 1000000000 1000000000 1000000000 1000000000 1000000000 1000000000 1000000000 1000000000 1000000000 1000000000 1000000000 1000000000 1000000000 1000000000 1000000000 1000000000 1000000000 1000000000 1000000000 1000000000 1000000000 1000000000 1000000000 1000000000 1000000000 1000000000 1000000000 1000000000 1000000000 1000000000 1000000000 1000000000 1000000000 1000000000 1000000000 1000000000 1000000000 1000000000 1000000000 1000000000 1000000000 1000000000 1000000000 1000000000 1000000000 1000000000 1000000000 1000000000 1000000000 1000000000 1000000000 1000000000 1000000000 1000000000 1000000000 1000000000 1000000000 1000000000 1000000000 1000000000 1000000000 1000000000 1000000000 1000000000 1000000000 1000000000 1000000000 1000000000 1000000000 1000000000 1000000000 1000000000 1000000000 1000000000 1000000000 1000000000 1000000000 1000000000 1000000000 1000000000 1000000000 1000000000 1000000000 1000000000 1000000000 1000000000 1000000000 1000000000 1000000000 1000000000 1000000000 1000000000 1000000000 1000000000 1000000000 1000000000 1000000000 1000000000 1000000000 1000000000 1000000000 1000000000 1000000000 1000000000 1000000000 1000000000 1000000000 1000000000 1000000000 1000000000 1000000000 1000000000 1000000000 1000000000 1000000000 1000000000 1000000000 1000000000 1000000000 1000000000 1000000000 1000000000 1000000000 1000000000 1000000000 1000000000 1000000000 1000000000 1000000000 1000000000 1000000000 1000000000 1000000000 1000000000 1000000000 1000000000 1000000000 1000000000 1000000000 1000000000 1000000000 1000000000 1000000000 1000000000 1000000000 1000000000 1000000000 1000000000 1000000000 1000000000 1000000000 1000000000 1000000000 1000000000 1000000000 1000000000 1000000000 1000000000 1000000000 1000000000 1000000000 1000000000 1000000000 1000000000 1000000000 1000000000 1000000000 1000000000 1000000000 1000000000 1000000000 1000000000 1000000000 1000000000 1000000000 1000000000 1000000000 1000000000 1000000000 1000000000 1000000000 1000000000 1000000000 1000000000 1000000000 1000000000 1000000000 1000000000 1000000000 1000000000 1000000000 1000000000 1000000000 1000000000 1000000000 1000000000 1000000000 1000000000 1000000000 1000000000 1000000000 1000000000 1000000000 1000000000 1000000000 1000000000 1000000000 1000000000 1000000000 1000000000 1000000000 1000000000 1000000000 1000000000 1000000000 1000000000 1000000000 1000000000 1000000000 1000000000 1000000000 1000000000 1000000000 1000000000 1000000000 1000000000 1000000000 1000000000 1000000000 1000000000 1000000000 1000000000 1000000000 1000000000 1000000000 1000000000 1000000000 1000000000 1000000000 1000000000 1000000000 1000000000 1000000000 1000000000 1000000000 1000000000 1000000000 1000000000 1000000000 1000000000 1000000000 1000000000 1000000000 1000000000 1000000000 1000000000 1000000000 1000000000 1000000000 1000000000 1000000000 1000000000 1000000000 1000000000 1000000000 1000000000 1000000000 1000000000 1000000000 1000000000 1000000000 1000000000 1000000000 1000000000 1000000000 1000000000 1000000000 1000000000 1000000000 1000000000 1000000000 1000000000 1000000000 1000000000 1000000000 1000000000 1000000000 1000000000 1000000000 1000000000 1000000000 1000000000 1000000000 1000000000 1000000000 1000000000 1000000000 1000000000 1000000000 1000000000 1000000000 1000000000 1000000000 1000000000 1000000000 1000000000 1000000000 1000000000 1000000000 1000000000 1000000000 1000000000 1000000000 1000000000 1000000000 1000000000 1000000000 1000000000 1000000000 1000000000 1000000000 1000000000 1000000000 1000000000 1000000000 1000000000 1000000000 1000000000 1000000000 1000000000 1000000000 1000000000 1000000000 1000000000 1000000000 1000000000 1000000000 1000000000 1000000000 1000000000 1000000000 1000000000 1000000000 1000000000 1000000000 1000000000 1000000000 1000000000 1000000000 1000000000 1000000000 1000000000 1000000000 1000000000 1000000000 1000000000 1000000000 1000000000 1000000000 1000000000 1000000000 1000000000 1000000000 1000000000 1000000000 1000000000 1000000000 1000000000 1000000000 1000000000 1000000000 1000000000 1000000000 1000000000 1000000000 1000000000 1000000000 1000000000 1000000000 1000000000 1000000000 1000000000 1000000000 1000000000 1000000000 1000000000 1000000000 1000000000 1000000000 1000000000 1000000000 1000000000 1000000000 1000000000 1000000000 1000000000 1000000000 1000000000 1000000000 1000000000 1000000000 1000000000 1000000000 1000000000 1000000000 1000000000 1000000000 1000000000 1000000000 1000000000 1000000000 1000000000 1000000000 1000000000 1000000000 1000000000 1000000000 1000000000 1000000000 1000000000 1000000000 1000000000 1000000000 1000000000 1000000000 1000000000 1000000000 1000000000 1000000000 1000000000 1000000000 1000000000 1000000000 1000000000 1000000000 1000000000 1000000000 1000000000 1000000000 1000000000 1000000000 1000000000 1000000000 1000000000 1000000000 1000000000 1000000000 1000000000 1000000000 1000000000 1000000000 1000000000 1000000000 1000000000 1000000000 1000000000 1000000000 1000000000 1000000000 1000000000 1000000000 1000000000 1000000000 1000000000 1000000000 1000000000 1000000000 1000000000 1000000000 1000000000 1000000000 1000000000 1000000000 1000000000 1000000000 1000000000 1000000000 1000000000 1000000000 1000000000 1000000000 1000000000 1000000000 1000000000 1000000000 1000000000 1000000000 1000000000 1000000000 1000000000 1000000000 1000000000 1000000000 1000000000 1000000000 1000000000 1000000000 1000000000 1000000000 1000000000 1000000000 1000000000 1000000000 1000000000 1000000000 1000000000 1000000000 1000000000 1000000000 1000000000 1000000000 1000000000 1000000000 1000000000 1000000000 1000000000 1000000000 1000000000 1000000000 1000000000 1000000000 1000000000 1000000000 1000000000 1000000000 1000000000 1000000000 1000000000 1000000000 1000000000 1000000000 1000000000 1000000000 1000000000 1000000000 1000000000 1000000000 1000000000 1000000000 1000000000 1000000000 1000000000 1000000000 1000000000 1000000000 1000000000 1000000000 1000000000 1000000000 1000000000 1000000000 1000000000 1000000000 1000000000 1000000000 1000000000 1000000000 1000000000 1000000000 1000000000 1000000000 1000000000 1000000000 1000000000 1000000000 1000000000 1000000000 1000000000 1000000000 1000000000 1000000000 1000000000 1000000000 1000000000 1000000000 1000000000 1000000000 1000000000 1000000000 1000000000 1000000000 1000000000 1000000000 1000000000 1000000000 1000000000 1000000000 1000000000 1000000000 1000000000 1000000000 1000000000 1000000000 1000000000 1000000000 1000000000 1000000000 1000000000 1000000000 1000000000 1000000000 1000000000 1000000000 1000000000 1000000000 1000000000 1000000000 1000000000 1000000000 1000000000 1000000000 1000000000 1000000000 1000000000 1000000000 1000000000 1000000000 1000000000 1000000000 1000000000 1000000000 1000000000 1000000000 1000000000 1000000000 1000000000 1000000000 1000000000 1000000000 1000000000 1000000000 1000000000 1000000000 1000000000 1000000000 1000000000 1000000000 1000000000 1000000000 1000000000 1000000000 1000000000 1000000000 1000000000 1000000000 1000000000 1000000000 1000000000 1000000000 1000000000 1000000000 1000000000 1000000000 1000000000 1000000000 1000000000 1000000000 1000000000 1000000000 1000000000 1000000000 1000000000 1000000000 1000000000 1000000000 1000000000 1000000000 1000000000 1000000000 1000000000 1000000000 1000000000 1000000000 1000000000 1000000000 1000000000 1000000000 1000000000 1000000000 1000000000 1000000000 1000000000 1000000000 1000000000 1000000000 1000000000 1000000000 1000000000 1000000000 1000000000 1000000000 1000000000 1000000000 1000000000 1000000000 1000000000 1000000000 1000000000 1000000000 1000000000 1000000000 1000000000 1000000000 1000000000 1000000000 1000000000 1000000000 1000000000 1000000000 1000000000 1000000000 1000000000 1000000000 1000000000 1000000000 1000000000 1000000000 1000000000 1000000000 1000000000 1000000000 1000000000 1000000000 1000000000 1000000000 1000000000 1000000000 1000000000 1000000000 1000000000 1000000000 1000000000 1000000000 1000000000 1000000000 1000000000 1000000000 1000000000 1000000000 1000000000 1000000000 1000000000 1000000000 1000000000 1000000000 1000000000 1000000000 1000000000 1000000000 1000000000 1000000000 1000000000 1000000000 1000000000 1000000000 1000000000 1000000000 1000000000 1000000000 1000000000 1000000000 1000000000 1000000000 1000000000 1000000000 1000000000 1000000000 1000000000 1000000000 1000000000 1000000000 1000000000 1000000000 1000000000 1000000000 1000000000 1000000000 1000000000 1000000000 1000000000 1000000000 1000000000 1000000000 1000000000 1000000000 1000000000 1000000000 1000000000 1000000000 1000000000 1000000000 1000000000 1000000000 1000000000 1000000000 1000000000 1000000000 1000000000 1000000000 1000000000 1000000000 1000000000 1000000000 1000000000 1000000000 1000000000 1000000000 1000000000 1000000000 1000000000 1000000000 1000000000 1000000000 1000000000 1000000000 1000000000 1000000000 1000000000 1000000000 1000000000 1000000000 1000000000 1000000000 1000000000 1000000000 1000000000 1000000000 1000000000 1000000000 1000000000 1000000000 1000000000 1000000000 1000000000 1000000000 1000000000 1000000000 1000000000 1000000000 1000000000 1000000000 1000000000 1000000000 1000000000 1000000000 1000000000 1000000000 1000000000 1000000000 1000000000 1000000000 1000000000 1000000000 1000000000 1000000000 1000000000 1000000000 1000000000 1000000000 1000000000 1000000000 1000000000 1000000000 1000000000 1000000000 1000000000 1000000000 1000000000 1000000000 1000000000 1000000000 1000000000 1000000000 1000000000 1000000000 1000000000 1000000000 1000000000 1000000000 1000000000 1000000000 1000000000 1000000000 1000000000 1000000000 1000000000 1000000000 1000000000 1000000000 1000000000 1000000000 1000000000 1000000000 1000000000 1000000000 1000000000 1000000000 1000000000 1000000000 1000000000 1000000000 1000000000 1000000000 1000000000 1000000000 1000000000 1000000000 1000000000 1000000000 1000000000 1000000000 1000000000 1000000000 1000000000 1000000000 1000000000 1000000000 1000000000 1000000000 1000000000 1000000000 1000000000 1000000000 1000000000 1000000000 1000000000 1000000000 1000000000 1000000000 1000000000 1000000000 1000000000 1000000000 1000000000 1000000000 1000000000 1000000000 1000000000 1000000000 1000000000 1000000000 1000000000 1000000000 1000000000 1000000000 1000000000 1000000000 1000000000 1000000000 1000000000 1000000000 1000000000 1000000000 1000000000 1000000000 1000000000 1000000000 1000000000 1000000000 1000000000 1000000000 1000000000 1000000000 1000000000 1000000000 1000000000 1000000000 1000000000 1000000000 1000000000 1000000000 1000000000 1000000000 1000000000 1000000000 1000000000 1000000000 1000000000 1000000000 1000000000 1000000000 1000000000 1000000000 1000000000 1000000000 1000000000 1000000000 1000000000 1000000000 1000000000 1000000000 1000000000 1000000000 1000000000 1000000000 1000000000 1000000000 1000000000 1000000000 1000000000 1000000000 1000000000 1000000000 1000000000 1000000000 1000000000 1000000000 1000000000 1000000000 1000000000 1000000000 1000000000 1000000000 1000000000 1000000000 1000000000 1000000000 1000000000 1000000000 1000000000 1000000000 1000000000 1000000000 1000000000 1000000000 1000000000 1000000000 1000000000 1000000000 1000000000 1000000000 1000000000 1000000000 1000000000 1000000000 1000000000 1000000000 1000000000 1000000000 1000000000 1000000000 1000000000 1000000000 1000000000 1000000000 1000000000 1000000000 1000000000 1000000000 1000000000 1000000000 1000000000 1000000000 1000000000 1000000000 1000000000 1000000000 1000000000 1000000000 1000000000 1000000000 1000000000 1000000000 1000000000 1000000000 1000000000 1000000000 1000000000 1000000000 1000000000 1000000000 1000000000 1000000000 1000000000 1000000000 1000000000 1000000000 1000000000 1000000000 1000000000 1000000000 1000000000 1000000000 1000000000 1000000000 1000000000 1000000000 1000000000 1000000000 1000000000 1000000000 1000000000 1000000000 1000000000 1000000000 1000000000 1000000000 1000000000 1000000000 1000000000 1000000000 1000000000 1000000000 1000000000 1000000000 1000000000 1000000000 1000000000 1000000000 1000000000 1000000000 1000000000 1000000000 1000000000 1000000000 1000000000 1000000000 1000000000 1000000000 1000000000 1000000000 1000000000 1000000000 1000000000 1000000000 1000000000 1000000000 1000000000 1000000000 1000000000 1000000000 1000000000 1000000000 1000000000 1000000000 1000000000 1000000000 1000000000 1000000000 1000000000 1000000000 1000000000 1000000000 1000000000 1000000000 1000000000 1000000000 1000000000 1000000000 1000000000 1000000000 1000000000 1000000000 1000000000 1000000000 1000000000 1000000000 1000000000 1000000000 1000000000 1000000000 1000000000 1000000000 1000000000 1000000000 1000000000 1000000000 1000000000 1000000000 1000000000 1000000000 1000000000 1000000000 1000000000 1000000000 1000000000 1000000000 1000000000 1000000000 1000000000 1000000000 1000000000 1000000000 1000000000 1000000000 1000000000 1000000000 1000000000 1000000000 1000000000 1000000000 1000000000 1000000000 1000000000 1000000000 1000000000 1000000000 1000000000 1000000000 1000000000 1000000000 1000000000 1000000000 1000000000 1000000000 1000000000 1000000000 1000000000 1000000000 1000000000 1000000000 1000000000 1000000000 1000000000 1000000000 1000000000 1000000000 1000000000 1000000000 1000000000 1000000000 1000000000 1000000000 1000000000 1000000000 1000000000 1000000000 1000000000 1000000000 1000000000 1000000000 1000000000 1000000000 1000000000 1000000000 1000000000 1000000000 1000000000 1000000000 1000000000 1000000000 1000000000 1000000000 1000000000 1000000000 1000000000 1000000000 1000000000 1000000000 1000000000 1000000000 1000000000 1000000000 1000000000 1000000000 1000000000 1000000000 1000000000 1000000000 1000000000 1000000000 1000000000 1000000000 1000000000 1000000000 1000000000 1000000000 1000000000 1000000000 1000000000 1000000000 1000000000 1000000000 1000000000 1000000000 1000000000 1000000000 1000000000 1000000000 1000000000 1000000000 1000000000 1000000000 1000000000 1000000000 1000000000 1000000000 1000000000 1000000000 1000000000 1000000000 1000000000 1000000000 1000000000 1000000000 1000000000 1000000000 1000000000 1000000000 1000000000 1000000000 1000000000 1000000000 1000000000 1000000000 1000000000 1000000000 1000000000 1000000000 1000000000 1000000000 1000000000 1000000000 1000000000 1000000000 1000000000 1000000000 1000000000 1000000000 1000000000 1000000000 1000000000 1000000000 1000000000 1000000000 1000000000 1000000000 1000000000 1000000000 1000000000 1000000000 1000000000 1000000000 1000000000 1000000000 1000000000 1000000000 1000000000 1000000000 1000000000 1000000000 1000000000 1000000000 1000000000 1000000000 1000000000 1000000000 1000000000 1000000000 1000000000 1000000000 1000000000 1000000000 1000000000 1000000000 1000000000 1000000000 1000000000 1000000000 1000000000 1000000000 1000000000 1000000000 1000000000 1000000000 1000000000 1000000000 1000000000 1000000000 1000000000 1000000000 1000000000 1000000000 1000000000 1000000000 1000000000 1000000000 1000000000 1000000000 1000000000 1000000000 1000000000 1000000000 1000000000 1000000000 1000000000 1000000000 1000000000 1000000000 1000000000
