1 1968
2 1979
3 533
4 363
5 283
6 1900
7 223
8 1587
9 745
10 1453
11 1981
12 953
13 1253
14 533
15 1443
16 365
17 1419
18 487
19 542
20 202
21 1757
22 110
23 1927
24 998
25 1331
26 348
27 1219
28 548
29 698
30 1021
31 1146
32 476
33 908
34 629
35 447
36 453
37 1569
38 232
39 812
40 956
41 1815
42 851
43 1270
44 1310
45 469
46 990
47 1090
48 1710
49 247
50 1217
51 424
52 308
53 1435
54 1241
55 1846
56 1751
57 989
58 385
59 432
60 1997
61 1284
62 168
63 1127
64 1944
65 129
66 491
67 3
68 632
69 561
70 1345
71 1988
72 1355
73 593
74 469
75 45
76 1226
77 1752
78 250
79 1531
80 1837
81 1475
82 1074
83 1008
84 427
85 1009
86 1822
87 1688
88 83
89 201
90 437
91 1683
92 1272
93 844
94 105
95 1802
96 675
97 53
98 1951
99 1383
100 1856
101 688
102 1783
103 1394
104 196
105 1042
106 1367
107 662
108 1373
109 1956
110 259
111 170
112 1548
113 1315
114 41
115 1020
116 1369
117 1842
118 1930
119 1309
120 8
121 52
122 1272
123 1801
124 1202
125 593
126 1378
127 1580
128 478
129 1207
130 1137
131 244
132 1344
133 1745
134 1439
135 219
136 305
137 1611
138 1606
139 1593
140 1690
141 400
142 509
143 440
144 302
145 1841
146 712
147 1309
148 910
149 1561
150 1036
151 953
152 1699
153 282
154 101
155 1878
156 1699
157 1734
158 1329
159 53
160 282
161 231
162 1361
163 1402
164 1235
165 1058
166 254
167 259
168 969
169 250
170 261
171 573
172 1357
173 737
174 1281
175 44
176 1075
177 413
178 805
179 1558
180 839
181 1527
182 493
183 1469
184 1107
185 1930
186 1878
187 1721
188 1788
189 419
190 1431
191 766
192 1462
193 1444
194 805
195 227
196 1821
197 74
198 693
199 1246
200 1478
201 401
202 1676
203 625
204 512
205 316
206 1135
207 138
208 305
209 1696
210 526
211 489
212 1608
213 906
214 740
215 1613
216 1472
217 849
218 890
219 672
220 632
221 990
222 1016
223 400
224 327
225 569
226 347
227 1750
228 1845
229 585
230 1155
231 1914
232 1439
233 790
234 1208
235 498
236 925
237 1659
238 1061
239 429
240 134
241 59
242 1936
243 1731
244 283
245 1318
246 598
247 571
248 123
249 1856
250 1836
251 1252
252 1448
253 737
254 1318
255 1044
256 153
257 1692
258 520
259 755
260 1882
261 156
262 233
263 1933
264 990
265 1011
266 384
267 1983
268 1256
269 1654
270 280
271 638
272 542
273 1385
274 1515
275 399
276 18
277 712
278 1447
279 1105
280 288
281 946
282 1138
283 1752
284 180
285 1872
286 1706
287 1216
288 74
289 1348
290 1919
291 156
292 28
293 1856
294 1207
295 1222
296 1406
297 1439
298 350
299 1341
300 790
301 1074
302 1236
303 859
304 1926
305 1351
306 890
307 1099
308 278
309 1147
310 1853
311 1071
312 1493
313 935
314 184
315 1394
316 693
317 1087
318 1823
319 41
320 5
321 1988
322 1579
323 1512
324 220
325 1912
326 469
327 964
328 1635
329 1842
330 897
331 1654
332 779
333 1851
334 1497
335 1959
336 693
337 965
338 734
339 1302
340 51
341 838
342 1331
343 1039
344 1974
345 114
346 1908
347 1815
348 1897
349 1538
350 758
351 41
352 1382
353 1922
354 1135
355 531
356 488
357 1383
358 1191
359 1801
360 1945
361 1228
362 173
363 1146
364 1175
365 787
366 531
367 783
368 1682
369 859
370 590
371 252
372 5
373 223
374 372
375 1130
376 792
377 261
378 1905
379 41
380 1882
381 1271
382 864
383 629
384 1686
385 887
386 150
387 414
388 531
389 384
390 1348
391 652
392 129
393 1247
394 496
395 1882
396 906
397 319
398 505
399 1358
400 1453
401 1017
402 1420
403 1752
404 654
405 274
406 1579
407 146
408 1481
409 346
410 1285
411 1264
412 1498
413 801
414 1817
415 958
416 1527
417 860
418 327
419 1882
420 129
421 1343
422 793
423 1098
424 141
425 1061
426 990
427 1442
428 716
429 811
430 1170
431 151
432 1000
433 896
434 406
435 616
436 1655
437 351
438 1114
439 1270
440 1946
441 815
442 173
443 1272
444 336
445 1008
446 218
447 1512
448 1334
449 1985
450 300
451 542
452 1458
453 526
454 1713
455 1310
456 568
457 1830
458 1608
459 1965
460 1710
461 758
462 293
463 1545
464 494
465 262
466 475
467 1886
468 347
469 408
470 1604
471 559
472 789
473 1859
474 1868
475 1836
476 101
477 1941
478 1651
479 627
480 542
481 81
482 1423
483 1866
484 492
485 469
486 1059
487 408
488 1018
489 300
490 1517
491 1441
492 802
493 1505
494 1328
495 1764
496 1679
497 1396
498 346
499 489
500 1175
501 57
502 475
503 384
504 1396
505 764
506 1021
507 224
508 468
509 1427
510 1930
511 1439
512 1840
513 948
514 632
515 664
516 1138
517 785
518 39
519 1358
520 1498
521 1284
522 366
523 1318
524 1449
525 1179
526 485
527 1198
528 1403
529 965
530 616
531 684
532 205
533 890
534 1755
535 12
536 1004
537 469
538 750
539 1749
540 911
541 447
542 1621
543 216
544 1797
545 531
546 397
547 837
548 632
549 679
550 1045
551 1335
552 1538
553 1886
554 244
555 788
556 106
557 1821
558 279
559 1936
560 1598
561 1953
562 1004
563 1105
564 854
565 293
566 122
567 1922
568 520
569 270
570 172
571 25
572 156
573 1276
574 478
575 35
576 580
577 481
578 1038
579 1623
580 451
581 1952
582 1426
583 1687
584 1394
585 351
586 1564
587 839
588 737
589 1975
590 1999
591 1059
592 443
593 557
594 1898
595 585
596 870
597 1390
598 1610
599 1983
600 297
601 1452
602 5
603 1076
604 1969
605 426
606 1933
607 1988
608 1783
609 180
610 920
611 247
612 1435
613 1983
614 1534
615 1100
616 1280
617 1352
618 1492
619 297
620 1634
621 1783
622 768
623 1676
624 12
625 1461
626 327
627 1254
628 573
629 125
630 1000
631 941
632 1752
633 961
634 1277
635 1299
636 25
637 328
638 443
639 1752
640 1034
641 1475
642 1840
643 1200
644 1127
645 1981
646 502
647 1999
648 1168
649 416
650 802
651 1175
652 1351
653 331
654 1254
655 211
656 1222
657 521
658 321
659 36
660 323
661 764
662 283
663 559
664 1299
665 1195
666 890
667 666
668 1037
669 743
670 416
671 1522
672 1715
673 1235
674 193
675 92
676 270
677 306
678 1401
679 590
680 638
681 198
682 1693
683 1317
684 764
685 824
686 590
687 933
688 81
689 625
690 399
691 366
692 1015
693 404
694 1488
695 489
696 266
697 789
698 1484
699 1180
700 238
701 582
702 1628
703 46
704 6
705 373
706 380
707 370
708 1470
709 1405
710 306
711 1234
712 1008
713 750
714 1717
715 1637
716 1003
717 1452
718 443
719 948
720 1190
721 305
722 913
723 1114
724 753
725 301
726 1313
727 1158
728 940
729 1631
730 303
731 679
732 933
733 1819
734 693
735 839
736 276
737 1893
738 785
739 737
740 1886
741 1281
742 827
743 159
744 1836
745 202
746 528
747 12
748 101
749 844
750 1752
751 816
752 838
753 1296
754 1422
755 1443
756 259
757 517
758 755
759 1489
760 972
761 876
762 1761
763 1568
764 1480
765 1889
766 1240
767 1384
768 548
769 844
770 870
771 1192
772 1966
773 967
774 1207
775 626
776 567
777 489
778 1452
779 933
780 807
781 220
782 276
783 1394
784 657
785 1042
786 1221
787 1397
788 1269
789 114
790 1208
791 1821
792 1399
793 961
794 990
795 1427
796 1118
797 1350
798 1604
799 1731
800 1357
801 1382
802 1804
803 1539
804 508
805 836
806 261
807 538
808 1413
809 615
810 1254
811 314
812 1503
813 1452
814 1997
815 684
816 1219
817 1810
818 1866
819 1445
820 341
821 358
822 293
823 1766
824 890
825 230
826 641
827 261
828 1688
829 1382
830 1543
831 1568
832 96
833 1193
834 1672
835 859
836 485
837 1508
838 665
839 1480
840 1696
841 1185
842 1444
843 321
844 1452
845 542
846 1886
847 1270
848 1301
849 154
850 534
851 114
852 1498
853 949
854 1024
855 642
856 1936
857 424
858 68
859 1318
860 1959
861 1133
862 970
863 101
864 1579
865 912
866 253
867 1537
868 1699
869 791
870 794
871 1469
872 1542
873 1475
874 45
875 666
876 953
877 979
878 1244
879 1226
880 918
881 1394
882 259
883 1427
884 1264
885 110
886 1753
887 1579
888 1606
889 1164
890 1085
891 911
892 423
893 230
894 758
895 731
896 234
897 557
898 1683
899 135
900 1889
901 1767
902 887
903 1960
904 1573
905 818
906 231
907 149
908 1232
909 1952
910 400
911 427
912 706
913 1004
914 811
915 1175
916 1990
917 929
918 1306
919 1903
920 1226
921 221
922 1371
923 1626
924 1868
925 1462
926 1014
927 885
928 1808
929 1151
930 554
931 836
932 1872
933 401
934 725
935 985
936 1289
937 1503
938 26
939 1708
940 452
941 1437
942 1037
943 783
944 1536
945 1706
946 1975
947 1378
948 631
949 424
950 1127
951 1134
952 1653
953 1254
954 1272
955 322
956 1034
957 1073
958 641
959 106
960 526
961 487
962 1431
963 84
964 1703
965 1417
966 1526
967 599
968 768
969 1804
970 989
971 1398
972 53
973 1157
974 321
975 92
976 1979
977 1924
978 463
979 351
980 1759
981 571
982 1253
983 1366
984 493
985 474
986 963
987 463
988 1233
989 737
990 1439
991 755
992 1610
993 754
994 790
995 425
996 1517
997 1502
998 1613
999 1159
1000 1209
1001 1661
1002 731
1003 1437
1004 233
1005 1088
1006 823
1007 1824
1008 1817
1009 1420
1010 758
1011 257
1012 1103
1013 890
1014 1331
1015 1524
1016 768
1017 1208
1018 1917
1019 293
1020 1486
1021 1478
1022 259
1023 1430
1024 1208
1025 1133
1026 793
1027 482
1028 1281
1029 197
1030 686
1031 1314
1032 531
1033 1048
1034 46
1035 1250
1036 844
1037 426
1038 97
1039 977
1040 1167
1041 1057
1042 1443
1043 1669
1044 380
1045 1126
1046 203
1047 613
1048 855
1049 141
1050 1922
1051 1666
1052 1363
1053 1314
1054 783
1055 596
1056 326
1057 599
1058 909
1059 975
1060 18
1061 1466
1062 533
1063 845
1064 1746
1065 360
1066 110
1067 1849
1068 1938
1069 1957
1070 1079
1071 601
1072 414
1073 1252
1074 380
1075 1316
1076 1604
1077 1936
1078 1097
1079 462
1080 1335
1081 1141
1082 266
1083 687
1084 196
1085 1692
1086 781
1087 994
1088 1449
1089 542
1090 1109
1091 22
1092 486
1093 1162
1094 693
1095 638
1096 1876
1097 980
1098 1908
1099 1218
1100 1659
1101 707
1102 1137
1103 887
1104 503
1105 1175
1106 835
1107 1883
1108 1089
1109 272
1110 1484
1111 1228
1112 200
1113 1231
1114 514
1115 1336
1116 1752
1117 34
1118 264
1119 1331
1120 1060
1121 1195
1122 74
1123 767
1124 751
1125 120
1126 750
1127 1855
1128 620
1129 1946
1130 1979
1131 1134
1132 246
1133 1729
1134 1473
1135 737
1136 221
1137 1179
1138 1556
1139 1442
1140 759
1141 1363
1142 521
1143 1580
1144 355
1145 1050
1146 1287
1147 1022
1148 1913
1149 1681
1150 445
1151 101
1152 1042
1153 1423
1154 1314
1155 322
1156 1960
1157 114
1158 221
1159 841
1160 267
1161 1894
1162 244
1163 1691
1164 1479
1165 795
1166 1592
1167 1415
1168 1452
1169 1003
1170 1948
1171 1036
1172 986
1173 453
1174 1478
1175 261
1176 30
1177 353
1178 1584
1179 1744
1180 1481
1181 462
1182 293
1183 1118
1184 401
1185 81
1186 1575
1187 224
1188 632
1189 783
1190 201
1191 283
1192 1787
1193 1692
1194 1879
1195 1452
1196 1898
1197 1787
1198 370
1199 145
1200 990
1201 1667
1202 1943
1203 1959
1204 1953
1205 1826
1206 1910
1207 1598
1208 990
1209 408
1210 342
1211 1846
1212 961
1213 1277
1214 643
1215 53
1216 1961
1217 1913
1218 426
1219 980
1220 1877
1221 911
1222 1200
1223 1022
1224 844
1225 390
1226 964
1227 307
1228 260
1229 975
1230 300
1231 1661
1232 1750
1233 605
1234 1750
1235 979
1236 469
1237 50
1238 336
1239 184
1240 1999
1241 1558
1242 523
1243 355
1244 1306
1245 335
1246 948
1247 1207
1248 557
1249 438
1250 1692
1251 1273
1252 758
1253 1835
1254 638
1255 48
1256 1458
1257 453
1258 504
1259 424
1260 766
1261 1166
1262 1460
1263 1662
1264 1621
1265 1037
1266 1365
1267 1234
1268 260
1269 1817
1270 852
1271 1158
1272 184
1273 202
1274 1659
1275 750
1276 1323
1277 1458
1278 1768
1279 1165
1280 1228
1281 1856
1282 1821
1283 641
1284 1169
1285 430
1286 1182
1287 632
1288 143
1289 1558
1290 1626
1291 802
1292 960
1293 590
1294 1121
1295 969
1296 989
1297 1246
1298 671
1299 297
1300 608
1301 802
1302 825
1303 327
1304 293
1305 1010
1306 955
1307 1775
1308 1313
1309 260
1310 1304
1311 1402
1312 1674
1313 923
1314 1190
1315 297
1316 549
1317 848
1318 319
1319 1970
1320 6
1321 864
1322 980
1323 989
1324 1687
1325 1512
1326 186
1327 685
1328 77
1329 967
1330 746
1331 184
1332 16
1333 1024
1334 684
1335 1688
1336 1611
1337 1140
1338 883
1339 1420
1340 1114
1341 215
1342 1088
1343 180
1344 1417
1345 1162
1346 1217
1347 28
1348 360
1349 1744
1350 1306
1351 1863
1352 632
1353 1301
1354 640
1355 249
1356 1814
1357 1289
1358 1633
1359 186
1360 1493
1361 18
1362 654
1363 293
1364 1642
1365 347
1366 557
1367 1272
1368 631
1369 1275
1370 221
1371 1731
1372 5
1373 276
1374 953
1375 1935
1376 1182
1377 897
1378 679
1379 45
1380 1499
1381 848
1382 1422
1383 664
1384 464
1385 1052
1386 170
1387 1224
1388 1920
1389 587
1390 1615
1391 1084
1392 153
1393 887
1394 1439
1395 1343
1396 564
1397 1999
1398 1677
1399 990
1400 946
1401 198
1402 815
1403 802
1404 486
1405 817
1406 1282
1407 1693
1408 1757
1409 806
1410 1680
1411 240
1412 402
1413 1734
1414 1610
1415 1927
1416 373
1417 590
1418 1587
1419 1868
1420 1817
1421 1531
1422 1304
1423 1448
1424 1254
1425 347
1426 1232
1427 750
1428 1415
1429 1454
1430 1429
1431 1367
1432 1105
1433 1851
1434 691
1435 1219
1436 1790
1437 1268
1438 1018
1439 1752
1440 1999
1441 1419
1442 1059
1443 990
1444 83
1445 70
1446 733
1447 1817
1448 1232
1449 266
1450 1228
1451 1821
1452 1801
1453 1752
1454 485
1455 1801
1456 634
1457 1060
1458 1927
1459 1236
1460 41
1461 5
1462 1975
1463 452
1464 1423
1465 1152
1466 1310
1467 1051
1468 1162
1469 1882
1470 1633
1471 278
1472 5
1473 1604
1474 1351
1475 679
1476 1243
1477 1544
1478 1590
1479 529
1480 1821
1481 1752
1482 401
1483 1633
1484 1759
1485 844
1486 868
1487 1892
1488 1481
1489 316
1490 941
1491 1340
1492 844
1493 1268
1494 1853
1495 1129
1496 141
1497 854
1498 968
1499 774
1500 1493
1501 1184
1502 922
1503 1749
1504 1896
1505 1531
1506 57
1507 825
1508 906
1509 154
1510 673
1511 1250
1512 1475
1513 1011
1514 1853
1515 1692
1516 1472
1517 1244
1518 330
1519 1531
1520 1441
1521 857
1522 1347
1523 759
1524 796
1525 1076
1526 1318
1527 184
1528 1787
1529 1764
1530 1730
1531 990
1532 395
1533 210
1534 1821
1535 608
1536 1817
1537 1648
1538 1993
1539 1981
1540 1686
1541 1478
1542 1553
1543 1879
1544 1671
1545 1659
1546 1915
1547 418
1548 1170
1549 441
1550 1447
1551 831
1552 1514
1553 1997
1554 1482
1555 1605
1556 1042
1557 837
1558 125
1559 990
1560 201
1561 1486
1562 449
1563 1155
1564 1987
1565 599
1566 34
1567 666
1568 1708
1569 707
1570 1453
1571 1881
1572 1129
1573 873
1574 186
1575 745
1576 1093
1577 1357
1578 312
1579 750
1580 1699
1581 1460
1582 19
1583 1454
1584 92
1585 1601
1586 708
1587 1842
1588 743
1589 445
1590 184
1591 1775
1592 1050
1593 1119
1594 1211
1595 501
1596 969
1597 1938
1598 1365
1599 1598
1600 205
1601 1099
1602 1839
1603 595
1604 487
1605 1200
1606 1556
1607 1611
1608 101
1609 172
1610 787
1611 1085
1612 1238
1613 1213
1614 478
1615 1189
1616 1651
1617 960
1618 1744
1619 879
1620 1240
1621 1367
1622 451
1623 1366
1624 53
1625 1209
1626 1531
1627 787
1628 349
1629 1522
1630 195
1631 1767
1632 474
1633 1568
1634 1084
1635 1480
1636 1567
1637 1578
1638 755
1639 1970
1640 1284
1641 988
1642 261
1643 1722
1644 1277
1645 1993
1646 679
1647 1914
1648 737
1649 736
1650 1872
1651 1365
1652 1854
1653 859
1654 1604
1655 102
1656 733
1657 944
1658 79
1659 557
1660 655
1661 724
1662 1590
1663 1821
1664 201
1665 764
1666 1974
1667 172
1668 294
1669 1751
1670 340
1671 330
1672 970
1673 111
1674 1270
1675 1435
1676 805
1677 706
1678 842
1679 251
1680 688
1681 707
1682 70
1683 878
1684 1330
1685 1732
1686 1646
1687 1606
1688 414
1689 1356
1690 1108
1691 1369
1692 408
1693 210
1694 1500
1695 240
1696 765
1697 569
1698 107
1699 1983
1700 159
1701 1008
1702 1230
1703 297
1704 1045
1705 614
1706 1179
1707 1968
1708 184
1709 1750
1710 175
1711 144
1712 1217
1713 1951
1714 931
1715 1331
1716 129
1717 390
1718 1788
1719 977
1720 1498
1721 785
1722 1215
1723 1891
1724 1494
1725 1917
1726 1420
1727 85
1728 1621
1729 557
1730 1802
1731 1344
1732 1236
1733 376
1734 1608
1735 1179
1736 1200
1737 1659
1738 1649
1739 992
1740 1729
1741 748
1742 1394
1743 1269
1744 1569
1745 92
1746 1708
1747 1442
1748 1253
1749 408
1750 638
1751 1458
1752 184
1753 1778
1754 622
1755 1180
1756 1609
1757 671
1758 1417
1759 485
1760 1729
1761 1049
1762 1247
1763 1991
1764 960
1765 20
1766 196
1767 796
1768 1146
1769 522
1770 777
1771 351
1772 1268
1773 785
1774 1983
1775 336
1776 809
1777 1566
1778 1447
1779 561
1780 838
1781 1471
1782 844
1783 1856
1784 154
1785 908
1786 1233
1787 414
1788 550
1789 1003
1790 1659
1791 288
1792 184
1793 198
1794 1764
1795 1209
1796 599
1797 790
1798 554
1799 364
1800 1646
1801 1272
1802 1486
1803 1704
1804 184
1805 1151
1806 1628
1807 612
1808 123
1809 336
1810 753
1811 870
1812 74
1813 1198
1814 426
1815 1440
1816 226
1817 548
1818 955
1819 1804
1820 1493
1821 1481
1822 150
1823 1473
1824 1547
1825 795
1826 1701
1827 1935
1828 751
1829 1115
1830 1093
1831 1545
1832 857
1833 447
1834 923
1835 755
1836 233
1837 824
1838 1742
1839 177
1840 814
1841 335
1842 132
1843 1962
1844 1695
1845 740
1846 706
1847 1017
1848 1036
1849 1692
1850 1234
1851 200
1852 1914
1853 73
1854 45
1855 728
1856 306
1857 1299
1858 732
1859 1752
1860 1014
1861 897
1862 313
1863 638
1864 1886
1865 269
1866 1752
1867 1569
1868 487
1869 680
1870 1203
1871 688
1872 1906
1873 1159
1874 41
1875 6
1876 980
1877 1482
1878 1446
1879 559
1880 1808
1881 1218
1882 1269
1884 274
1885 585
1886 1692
1887 322
1888 1916
1889 1268
1890 1309
1891 1132
1892 684
1893 408
1894 221
1895 1235
1896 250
1897 689
1898 492
1899 759
1900 1744
1901 219
1902 195
1903 261
1904 813
1905 1195
1906 1011
1907 289
1908 242
1909 599
1910 400
1911 194
1912 1194
1913 1851
1914 1367
1915 505
1916 216
1917 514
1918 1190
1919 1544
1920 114
1921 689
1922 1547
1923 261
1924 1254
1925 688
1926 557
1927 68
1928 845
1929 1211
1930 531
1931 269
1932 1315
1933 401
1934 365
1935 1208
1936 1910
1937 1724
1938 1049
1939 838
1940 155
1941 1420
1942 322
1943 132
1944 1078
1945 679
1946 53
1947 155
1948 366
1949 731
1950 1968
1951 257
1952 536
1953 1815
1954 428
1955 764
1956 1672
1957 1265
1958 45
1959 1581
1960 1791
1961 1791
1962 961
1963 275
1964 1548
1965 1751
1966 523
1967 787
1968 1859
1969 538
1970 1823
1971 1340
1972 974
1973 1996
1974 1296
1975 1475
1976 561
1977 1740
1978 883
1979 125
1980 262
1981 196
1982 1978
1983 750
1984 1230
1985 857
1986 948
1987 1010
1988 851
1989 891
1990 208
1991 1376
1992 1816
1993 868
1994 931
1995 283
1996 1301
1997 184
1998 252
1999 990
2000 856
