2000 1999
1441 5 79 583 765 1466 1624
1468 4 162 470 1151 1163
661 2 1445 1984
997 2 238 261
314 2 580 765
497 1 376
132 2 902 1324
741 1 1725
493 1 39
1903 1 706
164 1 600
1071 3 164 843 848
42 2 838 879
1903 1 1585
1597 2 1223 1561
150 5 165 247 420 1733 1936
107 3 695 839 1362
755 2 350 1897
901 3 581 1067 1660
1244 1 1642
1353 6 1063 1129 1603 1647 1785 1816
336 4 497 560 1017 1367
1884 1 360
318 3 102 1342 1899
455 2 1555 1951
1801 1 1202
1968 1 1650
1384 1 313
415 4 1299 1324 1584 1835
1926 3 939 988 1354
1881 2 96 1452
1625 4 910 999 1808 1850
771 2 681 1585
245 4 104 1245 1269 1915
440 1 1483
1556 4 28 243 305 1237
1798 2 347 1382
1829 1 680
596 4 106 961 1783 1791
52 2 84 1979
960 2 851 1028
1346 1 1180
1536 4 388 663 1248 1465
441 1 1521
687 2 631 1650
1474 3 533 1079 1636
771 2 465 680
441 1 1879
477 3 973 1106 1656
1866 3 214 895 922
516 1 668
1720 4 805 1006 1142 1647
1461 2 1381 1685
1336 2 237 840
40 2 40 1947
777 3 40 183 1416
806 1 1361
1334 1 1007
502 2 334 1073
736 2 45 1601
113 2 446 1074
818 3 755 1428 1610
1064 5 614 700 744 1367 1995
1854 3 770 1079 1219
1936 1 770
911 2 972 1281
428 3 300 913 1514
1162 1 703
1268 1 839
1463 1 841
463 1 1642
1132 3 26 1100 1934
595 2 1313 1716
1731 2 843 1561
1661 3 821 1949 1997
1262 1 778
1640 4 876 1008 1271 1850
628 3 56 398 1936
1590 2 300 1038
401 2 491 1816
784 2 1447 1983
629 3 10 265 874
320 4 627 1219 1248 1866
64 3 931 1265 1936
1223 3 6 1121 1205
79 1 231
1878 3 446 836 1182
1208 3 338 655 1197
295 1 630
1220 2 405 1496
1891 2 866 1239
1286 1 164
412 2 14 1581
482 4 21 642 921 1616
1226 6 218 224 244 363 913 1417
424 1 801
310 3 784 857 1800
317 1 1107
646 3 751 1332 1964
1431 3 647 1066 1703
1786 3 124 889 1521
1041 2 797 1875
333 1 1040
422 3 777 865 924
728 3 1332 1573 1647
981 1 1227
1349 2 1237 1280
146 1 1055
1938 1 1131
109 4 1010 1048 1897 1957
753 1 1775
784 1 1739
1132 3 244 1202 1799
457 2 1126 1144
674 3 860 1021 1954
1025 1 1620
1586 2 791 1574
1479 1 1785
38 1 1554
1344 4 95 304 524 544
444 2 885 1347
719 4 1203 1344 1884 1916
1079 1 734
238 2 311 1229
496 3 1514 1541 1555
1938 4 348 440 603 718
474 3 287 492 1774
1265 3 717 843 1696
1059 4 5 390 627 673
1165 1 307
1401 2 211 1602
1447 3 600 745 784
40 2 453 1678
1571 2 741 1216
1029 2 1126 1898
47 2 389 994
1444 2 908 1081
1521 2 1316 1807
285 2 492 1077
1057 2 45 1269
1139 1 1410
249 5 129 191 856 1984 1987
1514 5 282 666 1511 1760 1856
1726 2 621 839
1677 3 1694 1728 1903
1584 2 1775 1816
1659 4 520 756 1150 1804
660 4 511 896 942 997
777 3 473 1207 1750
1564 2 959 1292
1968 2 464 1084
554 2 1526 1694
1149 3 75 1325 1595
784 5 355 692 963 1330 1458
85 3 825 1313 1556
484 2 766 1631
897 3 197 1503 1917
1659 4 96 693 1490 1585
1348 2 995 1875
1460 2 353 1811
383 1 82
1326 2 119 1823
1438 1 1048
499 4 182 686 988 1440
1290 3 303 999 1044
32 3 993 1354 1427
1335 2 424 1412
1866 3 586 891 1452
1692 3 221 1375 1917
1064 4 58 1131 1154 1477
42 1 112
1839 2 541 1849
190 2 550 930
1951 2 477 897
117 2 1472 1694
398 1 1315
900 1 988
1163 2 484 1716
771 1 935
472 1 921
301 3 418 981 1925
1148 4 39 124 420 1469
1154 3 435 1481 1951
9 4 96 721 1257 1840
1309 3 734 973 1102
143 2 541 1363
1654 4 238 692 837 1392
724 1 1709
1147 1 866
13 2 1583 1980
411 2 132 1143
47 2 639 1991
1731 1 1610
1833 2 567 613
962 3 191 659 929
572 2 1244 1245
170 1 1067
1180 2 8 331
1408 5 1043 1178 1278 1631 1667
1366 1 838
180 2 700 984
1678 4 235 1016 1508 1898
1162 4 210 453 611 1825
869 1 1804
802 2 466 1597
797 4 884 988 1748 1846
183 2 466 1390
1634 3 626 876 892
1586 1 1980
1725 2 742 1791
160 2 486 680
357 4 48 177 1071 1809
987 2 172 1299
974 1 40
1024 1 871
779 1 189
1805 1 1138
1689 2 659 696
358 4 1030 1116 1562 1685
451 2 950 1561
1559 2 686 1812
505 2 759 918
1428 3 178 822 1126
1350 2 380 887
1272 3 432 856 993
459 3 931 1279 1529
1032 1 1286
491 1 571
915 3 234 302 1072
1906 2 222 1299
256 3 95 1239 1737
863 1 178
1952 1 48
647 2 155 750
5 3 962 1248 1415
1961 1 235
643 2 984 1256
154 1 1640
920 2 76 273
703 5 562 994 1077 1878 1928
1517 1 980
1955 1 1401
1420 1 1307
1973 1 1431
477 3 209 1010 1964
1537 4 279 717 904 1822
797 2 446 650
492 3 338 341 623
800 6 87 980 1289 1340 1644 1970
1083 2 383 1017
643 3 47 1430 1486
1830 7 436 486 702 999 1199 1672 1715
1801 1 1682
648 2 981 1406
1160 3 668 1562 1703
406 3 155 876 1889
423 3 497 1192 1979
1807 2 841 1278
1866 2 289 627
132 3 680 1021 1982
1060 1 355
364 2 1009 1165
1584 3 101 1129 1326
697 2 132 1364
1325 4 868 1347 1545 1636
22 1 1565
116 3 196 345 1288
1891 2 559 653
43 2 711 1703
1879 4 56 472 522 1970
1784 2 217 1584
746 2 565 1747
1534 3 707 867 1246
1701 2 848 1138
1138 2 1390 1923
204 2 305 617
814 4 567 761 1257 1852
596 4 59 174 307 1478
1020 2 796 904
1065 2 388 603
10 4 235 1074 1436 1632
1750 5 135 576 1247 1479 1925
1064 2 1367 1412
1854 2 1380 1498
1407 2 925 1227
552 3 265 764 1046
146 5 594 799 1265 1807 1838
369 4 945 1072 1631 1688
655 3 141 1406 1819
1810 4 26 156 852 989
639 3 182 939 972
488 4 225 1313 1667 1724
637 3 594 647 689
198 2 1273 1803
1184 1 358
221 1 1650
1284 3 701 876 980
202 1 622
1911 2 40 446
492 1 725
1404 3 140 717 887
49 5 334 954 1355 1389 1980
950 1 1732
310 2 1542 1987
1718 3 1078 1476 1779
1004 1 1476
1807 2 1504 1856
683 2 1044 1391
1299 2 349 1770
289 1 1029
759 1 1447
1770 3 394 698 1272
16 4 202 416 417 963
1934 3 268 1082 1345
1414 3 212 224 1546
617 4 477 695 1648 1940
1424 2 348 1632
1891 2 998 1059
1106 2 380 1107
1402 3 900 929 1006
289 3 341 844 1340
1012 3 429 1776 1862
395 6 110 973 1443 1466 1485 1554
1602 2 390 972
1743 1 1839
955 2 150 1183
1542 2 1043 1417
390 1 942
1646 2 724 879
1172 2 356 1352
1791 1 1185
156 2 25 1080
80 3 1084 1197 1954
120 2 1279 1763
717 2 21 848
771 1 799
690 2 133 1610
528 1 224
1181 2 1 1347
690 1 1104
1856 2 1280 1779
1058 2 945 1894
648 4 1006 1355 1498 1909
1817 1 1668
1689 4 140 416 894 1512
867 3 345 1266 1843
1943 3 108 896 933
1769 4 28 1148 1168 1929
1689 3 255 1008 1697
862 1 367
1849 3 749 814 1241
14 1 1
164 3 132 565 1502
1056 3 282 1631 1737
196 2 194 1959
326 2 1290 1865
71 4 584 950 1073 1621
29 2 570 1183
309 3 671 860 984
633 3 1139 1511 1648
35 2 871 1754
459 3 440 918 952
710 1 1345
572 5 140 600 1012 1144 1371
1898 2 1141 1686
428 3 218 324 1178
570 2 91 575
1603 3 53 175 922
1055 6 297 590 764 786 838 1116
1816 1 1607
804 1 235
1782 4 791 1331 1367 1921
997 1 290
1738 2 2 452
126 2 511 551
1237 3 295 1140 1942
1271 3 490 825 1835
665 4 1025 1381 1824 1937
1833 2 134 506
496 1 1076
1939 2 778 1064
1055 2 832 1317
1309 1 819
1523 1 1521
1321 2 185 1417
1425 1 931
1782 2 720 1880
554 1 1006
510 1 1399
14 2 1610 1982
1725 5 174 251 893 1064 1429
14 2 708 1041
1726 2 1362 1657
266 4 404 665 1323 1656
1132 2 83 651
1387 2 998 1951
1868 1 465
244 4 534 992 1227 1416
1699 3 1396 1725 1811
1815 2 431 907
1346 2 497 748
829 3 142 481 1697
88 4 299 563 1514 1886
1387 3 843 925 1636
1825 5 231 412 822 1583 1930
1289 3 61 982 1898
163 3 1739 1793 1946
829 3 121 1436 1763
1038 2 706 1381
1578 4 111 795 1134 1824
1060 1 1396
943 5 332 338 772 1077 1190
493 2 1307 1425
983 3 560 1650 1933
516 3 1253 1449 1507
489 1 1709
1397 4 210 1101 1571 1979
1549 2 34 1709
1902 3 56 237 541
1452 2 41 560
752 2 1667 1839
1607 3 532 1063 1390
522 1 262
1598 1 1693
1148 1 669
2000 3 579 1095 1260
1845 2 178 1908
1507 2 1743 1790
1398 4 413 745 1074 1412
628 2 267 1315
965 3 261 404 1595
1997 1 1358
1161 4 964 1081 1129 1401
282 6 49 150 845 966 1254 1355
1662 2 1108 1216
1155 2 6 123
1408 4 15 863 1242 1427
1059 3 183 881 1399
508 2 691 1983
136 3 223 502 1522
1661 4 832 970 1471 1615
413 4 843 1112 1542 1955
465 3 680 791 1235
1557 1 823
509 1 584
1865 1 654
724 1 424
1999 1 494
1732 1 1293
1241 3 922 982 1739
102 3 558 1162 1715
32 2 78 860
97 3 581 717 1774
1298 2 342 1529
881 2 599 1466
1755 3 1165 1902 1915
792 3 30 1551 1877
1260 4 230 907 1466 1725
946 3 309 650 1079
484 4 751 914 1290 1770
1450 3 366 799 1938
1464 3 324 634 1914
1223 1 707
1063 1 1223
151 4 384 623 1139 1968
234 3 1058 1154 1602
950 1 805
134 3 870 1350 1648
331 3 185 708 1150
156 1 615
409 4 421 984 1126 1859
919 5 726 849 1178 1615 1679
476 1 1800
1746 2 1017 1849
751 5 206 692 819 1306 1585
622 4 17 1204 1750 1761
647 1 1938
488 1 1067
465 2 247 1324
1951 6 580 718 866 1434 1457 1929
410 3 194 1076 1256
795 3 404 1272 1342
682 1 73
881 4 671 822 1028 1038
747 2 225 968
893 3 494 869 1413
1300 1 717
670 4 177 970 1064 1490
1416 2 428 1982
501 1 486
667 2 665 1643
1738 1 1139
647 1 1090
641 2 506 1427
1011 3 631 717 986
43 4 996 1271 1538 1777
1132 4 380 698 1180 1707
1964 2 702 1053
528 1 1794
1197 2 1448 1751
932 2 1223 1413
60 1 913
685 1 1554
1046 2 912 1179
655 2 1753 1871
655 3 111 786 1244
1212 5 428 745 793 873 1330
1941 3 990 1472 1708
109 2 611 1264
401 1 1292
1967 3 340 413 841
1860 3 243 711 1262
287 1 785
1597 3 1078 1463 1554
1528 2 642 1923
1903 2 716 1364
1252 3 756 925 1104
796 6 1029 1427 1459 1586 1592 1884
1203 1 662
1614 2 1183 1783
759 2 1347 1959
1562 3 1058 1453 1823
325 2 507 989
1123 2 1363 1981
1641 1 1615
994 1 332
159 1 19
516 2 61 292
488 1 1995
1771 1 1679
1336 1 1365
1495 2 1215 1272
394 4 72 87 398 1313
1487 1 1270
1062 1 1452
649 1 1649
137 2 891 1215
425 1 1199
882 3 22 24 637
1450 3 194 511 1199
260 2 292 1607
465 2 212 453
909 5 305 546 896 997 1298
329 2 1680 1683
862 2 460 1247
413 4 2 735 1839 1905
1973 2 491 659
1957 3 209 860 1687
1634 2 14 1387
1903 1 693
1183 2 406 1943
684 2 741 1472
979 3 448 515 1540
1429 1 1682
1851 2 562 1514
1252 3 269 295 930
1399 1 1954
1623 3 1104 1244 1338
833 1 925
158 2 730 1983
691 1 1203
1652 3 472 1325 1852
1539 2 720 1219
864 1 1762
1751 1 1714
1803 1 701
104 2 134 1483
1704 4 21 175 793 1696
921 2 753 951
1967 3 621 884 1427
1812 6 225 626 647 904 925 983
1921 4 392 1375 1930 1957
834 2 490 1167
1233 2 746 1791
1330 2 38 1510
997 2 750 1580
97 3 368 590 1832
1917 3 178 594 1137
1584 2 91 295
1855 2 22 1203
1650 3 1522 1733 1753
1438 3 613 1597 1709
781 1 84
9 2 519 1443
1945 1 1319
802 1 134
354 3 501 538 1273
1797 1 1579
791 4 238 972 1030 1584
786 3 786 1504 1739
1071 3 189 486 1071
256 3 613 1027 1480
1667 4 533 825 1006 1452
1212 3 976 1254 1754
1853 3 217 538 887
1718 3 538 1392 1707
219 4 432 551 1199 1206
1847 4 1239 1368 1391 1751
1228 2 903 1714
1371 4 324 741 1027 1201
84 1 1387
381 3 897 1417 1870
787 2 462 1843
1455 3 614 1697 1822
719 2 795 1273
225 1 870
1394 2 998 1290
159 3 286 1242 1625
36 1 913
1607 1 202
1149 4 34 83 638 1934
1481 2 99 1723
690 4 527 851 977 1287
536 1 310
1860 2 925 1865
1791 1 1751
663 3 753 1364 1369
21 2 267 1480
1474 1 1687
304 2 1254 1915
522 2 57 1907
1978 3 111 1144 1445
1907 3 45 431 1875
325 3 121 573 1084
943 1 563
78 4 544 1580 1952 1980
247 2 813 1538
1746 4 147 1111 1894 1936
337 2 90 1255
404 4 622 777 1074 1706
1733 3 718 1394 1499
1126 5 38 83 421 924 1330
1424 1 619
1791 1 1308
1919 1 451
1854 4 78 1073 1433 1819
1408 1 1934
1982 2 347 1784
1371 1 1459
1997 2 704 1101
1178 2 1413 1440
1071 1 514
873 2 493 1942
1316 4 746 946 1256 1486
508 1 860
1967 2 1620 1625
401 2 463 490
1429 3 133 922 1477
1228 3 1538 1697 1907
1458 3 394 531 1887
983 2 48 1382
733 1 1017
1652 1 949
477 3 910 1006 1465
401 4 952 1080 1554 1638
1262 3 870 1310 1683
22 3 55 246 1116
1194 1 1951
1966 1 1603
477 2 429 1331
1049 2 2 1299
1244 1 1259
1138 5 335 877 1183 1194 1843
1750 4 524 819 1148 1363
430 2 39 805
771 2 211 1817
1720 3 338 841 891
688 1 431
113 4 1044 1112 1326 1602
1659 3 210 1259 1417
554 4 261 358 836 1481
63 2 627 1671
132 2 852 1758
1574 3 255 1394 1843
1203 1 527
1163 4 62 756 1367 1567
1256 4 133 160 1197 1511
1108 1 1991
1149 4 116 442 630 1777
1524 3 843 1349 1440
2 3 1235 1514 1685
764 6 273 670 693 1047 1071 1447
1147 3 183 1163 1194
536 3 531 1413 1975
1322 2 848 1465
1319 4 646 746 1791 1980
1971 1 1181
440 2 703 1562
900 3 101 253 558
1659 4 693 870 879 925
1266 2 857 1181
1967 3 75 745 1653
1326 5 446 494 1080 1488 1748
1057 6 629 708 1417 1565 1615 1981
457 3 89 805 1826
932 4 674 1010 1237 1488
619 3 111 893 1131
688 2 1210 1521
392 1 1499
1876 4 2 576 1512 1686
997 2 129 1459
1330 2 213 946
1129 3 31 647 906
1162 3 825 900 1528
1236 2 749 1158
613 4 128 594 714 1554
516 2 412 1363
120 1 1396
1880 2 1239 1643
1967 1 1799
412 1 988
1603 2 1400 1827
1884 1 985
266 2 1699 1920
409 2 56 235
901 3 813 1064 1458
8 4 356 1115 1933 1991
783 4 394 1012 1150 1507
26 1 1151
430 2 784 1472
1371 3 311 1278 1799
980 2 1467 1974
81 6 120 821 1053 1059 1067 1438
1866 3 544 966 1993
1387 2 642 1954
733 2 341 1255
1116 2 332 1514
791 2 651 1095
243 1 981
1879 1 1724
638 4 247 1180 1353 1976
1864 2 1648 1774
10 3 1362 1682 1888
1885 5 55 1502 1592 1876 1934
22 3 72 494 1657
29 1 1353
1406 2 696 1986
968 2 196 734
55 2 855 1183
1065 2 25 805
786 3 856 1152 1719
807 5 1 79 498 822 1365
1309 2 155 1219
1757 6 182 887 984 988 1543 1855
1293 3 38 468 737
8 4 62 744 870 1485
688 2 473 1715
442 4 675 952 1513 1715
1797 3 57 952 1703
64 2 622 1586
547 3 1286 1922 1972
430 1 1399
1476 4 769 813 1223 1615
1206 4 710 822 1691 1986
1424 2 222 1358
1474 2 970 1376
633 2 306 1206
1190 4 442 468 1538 1684
14 2 276 1006
771 7 361 583 1040 1307 1498 1886 1967
911 2 75 1125
933 1 470
276 5 177 213 881 1779 1832
474 3 611 640 1401
1915 1 1538
340 1 405
10 2 142 1510
1471 3 519 866 1984
749 4 290 353 824 1694
177 2 56 1367
401 2 268 849
1952 4 182 1027 1067 1916
1687 4 467 681 755 1325
333 3 277 742 955
1142 1 801
382 2 189 930
1336 4 914 1246 1667 1742
1587 2 785 1882
247 2 1141 1775
786 1 1812
425 3 111 728 1368
647 2 1162 1982
1325 1 1976
881 2 541 1678
1263 1 1672
907 2 616 1703
1562 1 1488
477 2 611 821
1262 3 870 1178 1183
905 1 1163
1957 1 542
1625 4 1257 1761 1831 1957
1010 1 1183
1068 3 1340 1368 1606
1161 2 515 1055
1064 4 56 801 1494 1602
1346 4 1020 1078 1264 1467
1849 4 429 770 921 1276
647 1 345
616 3 863 938 1099
1815 1 1889
183 2 550 1635
1908 3 869 1202 1691
1478 2 950 1763
1021 1 119
1868 2 2 1875
544 2 221 1389
49 4 28 1299 1451 1642
675 4 49 446 1452 1929
1854 1 845
497 2 1061 1522
1425 4 662 703 1044 1115
1146 2 442 722
516 2 1362 1476
1725 3 21 1306 1580
909 1 107
1965 2 80 866
1850 1 98
241 2 871 1794
115 5 650 969 1579 1733 1826
305 2 98 241
342 3 884 990 1390
1745 2 1492 1733
588 2 542 759
1981 2 141 583
1346 2 1201 1587
440 2 870 1381
1986 4 554 735 1610 1779
1791 2 508 1475
554 3 910 982 1656
1417 2 200 1540
1138 2 884 885
71 1 47
369 2 994 1003
1997 1 1342
1433 3 631 1602 1650
1712 2 72 335
713 4 587 607 1671 1974
474 3 463 1140 1289
759 1 950
1146 2 516 1237
1450 2 1480 1936
82 3 102 865 1190
99 1 286
1566 2 276 714
1056 1 685
892 3 642 1015 1595
32 1 674
1056 3 852 931 1930
1691 2 1215 1511
964 4 340 1496 1715 1876
752 2 1428 1930
168 1 1521
739 2 8 918
990 2 62 562
1894 1 935
829 2 769 1028
814 2 185 594
891 2 247 1926
1775 4 627 876 1164 1235
171 4 383 396 902 1763
1706 2 57 737
466 2 333 904
1281 3 4 534 1204
993 2 295 1993
309 1 19
1008 1 1846
1320 1 1486
1813 1 1878
1781 3 421 1310 1612
920 2 141 493
486 4 355 1349 1456 1521
1202 2 1030 1207
1391 1 911
1464 3 352 961 1326
493 3 286 676 1078
600 2 626 681
741 4 135 366 755 979
445 2 844 1908
1547 2 267 1027
647 2 120 939
662 3 1194 1286 1485
1353 2 961 1293
1374 1 536
397 6 202 373 848 1212 1387 1443
333 3 398 406 1635
883 6 464 655 769 1453 1516 1955
1496 2 1108 1317
1925 4 71 571 1071 1703
643 3 600 771 1436
136 2 778 785
804 4 1192 1248 1888 1951
1434 1 1733
1748 1 1827
1896 4 331 417 619 970
1562 2 1609 1845
687 2 655 1905
822 2 1081 1790
960 2 961 1631
1012 4 417 1336 1434 1703
556 2 1344 1574
531 1 305
941 2 837 1477
1847 2 1479 1563
1474 2 96 1588
403 2 665 1362
1064 6 794 887 901 1471 1574 1827
534 3 734 830 1694
534 3 271 1400 1799
905 2 182 1944
1310 2 251 848
1897 1 629
1983 1 184
439 1 1336
1151 3 361 1467 1936
759 3 453 812 1142
1017 1 78
1341 1 856
1049 3 930 1440 1516
639 1 788
1890 2 1371 1914
97 1 8
804 6 273 615 619 856 877 931
977 1 1952
799 4 33 73 630 1038
788 4 234 373 696 1882
1784 1 381
64 1 918
638 1 1043
1517 3 101 525 1066
826 1 930
1918 4 231 302 348 1516
584 2 1040 1418
767 2 40 1908
730 2 129 866
1801 3 71 239 1632
281 3 873 1095 1210
666 3 275 544 616
349 1 1142
158 2 1554 1823
367 2 584 893
995 1 1838
463 3 123 299 1314
1574 2 1445 1691
1089 2 792 1180
733 3 277 892 1675
1575 4 353 692 1839 1845
1431 2 599 1017
1190 2 47 1584
1810 3 642 1183 1635
1973 2 191 1053
572 2 1260 1324
1066 3 31 310 363
610 2 929 1631
1428 3 830 1254 1380
475 1 68
202 2 22 1857
1558 4 373 623 674 1339
1847 2 615 1459
814 2 255 1924
801 2 1040 1212
1013 2 1736 1741
1916 3 238 757 1164
1726 1 25
391 2 1725 1975
979 2 89 1216
814 2 700 1733
507 3 282 1433 1554
1577 1 1503
446 4 614 1336 1551 1944
1421 4 83 174 332 1671
1727 4 84 367 491 1937
440 3 528 613 621
171 3 332 865 869
1773 2 770 1982
383 3 13 183 262
1371 3 172 894 1417
1021 2 371 1446
422 2 410 1276
1795 4 286 440 638 839
1847 5 361 935 1217 1433 1682
992 1 1666
245 2 1374 1521
1564 4 389 696 1316 1936
1536 3 251 1131 1478
1436 2 664 1210
154 1 1412
907 2 1107 1653
187 2 949 1257
281 2 849 1100
217 3 102 1216 1819
1237 3 271 869 1995
563 3 265 874 1567
1233 2 885 1538
637 3 8 472 1836
1791 1 384
339 3 557 863 1683
784 1 311
1376 2 1237 1410
1191 3 777 868 1640
679 2 446 1929
154 2 607 1136
478 1 1452
1185 3 692 1565 1888
1448 1 96
1880 4 223 428 646 999
358 2 1384 1949
531 3 96 550 737
2000 2 627 1165
528 3 244 575 758
1699 2 924 1545
9 2 563 879
276 3 746 1774 1779
501 2 792 1326
1782 5 268 373 533 857 1783
566 4 360 1025 1027 1852
1146 4 57 268 1776 1903
666 4 725 821 1563 1690
648 1 1649
1890 2 1181 1182
1613 2 78 1682
830 2 261 1082
454 2 120 708
1597 6 10 156 728 1667 1907 1986
413 5 501 787 1072 1281 1856
1933 3 404 1180 1622
584 2 929 1443
371 2 434 1948
1803 2 309 335
616 1 1762
1019 1 502
281 4 879 1490 1524 1567
1026 1 771
168 3 237 472 637
1025 2 1539 1819
1814 2 1154 1494
1847 1 973
1138 2 613 1400
907 2 613 1102
806 2 600 860
1738 4 178 310 1525 1976
785 4 510 1190 1445 1656
1867 1 665
1370 2 300 1525
1041 2 887 1466
1702 1 1805
395 2 514 840
528 2 376 857
1860 1 1232
1625 1 638
782 2 1869 1903
1847 5 33 251 962 1691 1783
1891 1 1049
553 3 247 1078 1539
401 1 1876
1791 4 302 737 1066 1835
654 4 87 175 648 1741
1064 2 758 1027
1316 1 1833
1597 4 279 1136 1223 1387
209 1 1703
1918 1 1066
1914 3 498 1013 1606
1407 2 442 1015
1593 1 1612
24 1 1264
1977 3 772 1401 1502
1781 3 242 1058 1874
1828 3 340 587 899
20 3 332 1725 1976
1285 4 156 450 1361 1541
1769 2 121 1791
1901 1 880
1816 4 143 263 1376 1785
129 1 58
754 4 615 982 1330 1761
1890 2 803 1929
1315 3 128 613 1930
1217 2 102 788
444 1 1137
1997 1 665
393 1 1968
1256 3 714 988 1905
1321 2 698 1264
1691 2 896 1384
1999 3 1319 1376 1743
527 3 717 1345 1448
651 3 838 1116 1368
517 3 642 1490 1862
1762 2 692 1866
935 3 424 1003 1897
1463 3 542 1014 1531
671 1 1024
1357 1 1716
216 3 501 1067 1266
832 5 48 310 772 870 1758
14 2 96 1888
1330 2 1293 1981
505 2 1201 1817
120 3 239 420 1043
630 3 214 750 1850
1140 1 19
891 1 1538
1207 1 1041
168 4 78 908 1016 1080
1994 4 891 1137 1636 1984
49 2 26 292
1784 1 1293
768 2 1219 1293
932 2 1272 1793
1311 2 718 742
1597 2 986 1197
1424 3 416 871 899
1875 1 654
1918 3 510 1115 1782
1740 2 480 1246
647 3 1391 1777 1929
645 1 178
1179 3 1660 1791 1917
912 3 1134 1194 1476
1074 4 527 841 1149 1452
1782 4 175 221 1355 1401
457 4 44 294 765 1472
360 2 486 1719
1855 1 1498
554 2 237 1671
685 4 432 1349 1636 1914
1056 6 223 491 691 927 1081 1926
442 3 1783 1914 1982
1203 2 246 1753
80 2 575 1139
784 3 576 581 1986
158 1 1364
736 1 1330
1600 3 111 519 1185
1879 5 290 1288 1316 1587 1860
1773 1 405
1149 5 1048 1138 1486 1521 1690
1204 3 182 843 889
432 3 432 906 1648
1270 3 128 1833 1843
670 1 537
812 3 59 600 1814
819 4 302 551 1313 1790
907 3 177 1465 1979
1399 3 89 961 1134
675 2 894 1047
1845 3 380 451 1064
784 3 76 1139 1510
1256 1 1306
383 3 295 860 1339
490 1 366
1783 1 1115
848 1 406
1807 2 640 876
1624 2 502 1080
809 2 239 989
345 2 1656 1680
1977 3 604 1600 1782
1762 2 1232 1957
1884 1 1374
741 4 473 736 899 911
445 2 101 1239
1470 3 275 1149 1508
1558 2 544 1845
1355 5 515 744 1391 1596 1861
493 1 292
485 2 262 1779
432 2 653 662
457 1 76
642 1 1392
209 3 855 1222 1908
1557 2 997 1431
1785 3 989 1760 1882
149 3 184 1845 1942
787 1 44
339 2 79 1107
1978 1 1736
404 5 177 398 1143 1202 1522
1339 2 223 938
815 2 333 951
1417 1 96
983 2 453 942
1995 1 297
492 1 737
1989 2 1052 1281
266 2 1137 1206
102 3 340 371 373
1170 3 211 507 1592
1884 2 860 1453
1355 1 1791
1630 2 32 324
673 3 586 904 1275
1336 2 347 1441
1083 2 1189 1477
234 1 1648
815 3 390 493 1280
171 5 197 939 1009 1017 1892
37 3 164 668 918
199 2 26 720
915 1 440
782 2 246 1269
1720 3 244 707 1567
413 1 970
1776 3 689 989 1866
647 2 1101 1156
1620 2 904 1272
1114 3 1012 1231 1728
1689 1 1449
279 1 1898
182 2 388 1457
343 1 1643
619 3 260 1407 1488
1393 3 988 1239 1839
184 1 959
8 2 856 1988
156 3 371 901 1081
1640 2 510 966
670 1 1219
285 4 726 1280 1799 1955
1402 5 290 578 786 951 1464
395 1 877
1884 2 287 671
882 1 141
1795 2 758 1620
613 1 1355
1404 1 21
29 2 1440 1741
1994 2 881 1799
855 3 1242 1362 1416
1149 2 748 1650
1317 4 710 808 1223 1237
1618 3 348 432 1875
501 1 1107
171 2 1314 1540
1613 1 1352
1424 3 57 510 1353
1417 1 1055
1399 1 578
1547 3 8 223 1202
1571 1 347
51 2 525 1991
1562 1 660
1845 1 177
1994 2 640 898
1378 1 1754
1371 4 517 532 1434 1508
1850 1 1743
1190 3 61 244 1697
155 3 13 855 929
292 2 577 1380
1997 2 234 1181
1271 1 1067
492 4 1024 1546 1672 1899
1705 3 160 698 1554
401 2 563 716
1049 4 143 889 1644 1879
1883 1 1431
1514 1 1716
814 2 874 1685
1072 2 868 1798
800 1 1126
1845 4 899 1622 1803 1922
840 2 594 793
1064 1 1094
1071 1 907
952 3 514 1714 1816
1149 3 21 111 124
1921 1 247
112 1 617
567 3 31 571 1818
289 2 668 1179
295 1 813
900 3 647 1073 1287
9 3 110 1235 1242
1439 3 467 553 908
829 3 969 1280 1447
1622 2 992 1590
1450 2 251 1946
144 1 1794
96 1 887
1890 2 234 1733
858 2 810 1876
415 1 73
1161 1 1979
170 2 970 1358
1906 1 1044
979 1 1879
1956 3 1111 1330 1486
1071 3 30 659 1512
1103 3 613 623 901
1166 3 1152 1201 1273
354 4 165 494 550 1968
750 2 373 1015
2000 3 31 1101 1710
960 2 563 1811
690 2 297 1548
937 3 268 501 1517
1762 2 1217 1774
1415 2 1554 1974
943 1 448
1275 1 1803
1315 2 1393 1960
701 1 1089
916 1 286
648 2 1227 1635
337 2 1204 1937
1591 2 693 1178
1289 2 1647 1650
1237 2 751 1835
1341 3 272 764 1880
810 2 1181 1951
1618 4 596 1485 1627 1914
1542 3 629 1529 1799
1203 3 710 980 1600
10 4 647 1506 1617 1936
171 3 777 1062 1929
1452 3 117 571 1621
20 1 1732
1875 4 214 1334 1471 1865
92 2 933 1610
1994 2 724 1336
506 2 897 1632
1217 4 929 1113 1652 1692
1228 2 21 617
21 2 950 1316
1032 3 852 924 1143
1314 1 1407
113 3 985 1044 1140
1223 2 691 1893
1311 2 1006 1653
569 1 8
1041 2 1104 1588
755 1 1587
1546 3 799 813 1469
741 2 980 1145
1547 4 407 742 1615 1800
903 3 276 348 578
1702 2 347 686
1252 6 793 1052 1204 1345 1531 1631
136 5 309 435 887 959 1358
813 4 34 148 576 725
264 3 125 344 1084
1847 2 96 1244
1896 3 350 1188 1648
647 5 799 1052 1415 1499 1638
367 3 541 973 1882
514 2 355 794
422 3 215 389 1762
1129 2 247 1601
1949 2 1687 1807
1040 3 135 1037 1259
1454 1 1150
82 2 1053 1138
1918 1 1915
183 1 8
1346 3 595 1287 1600
542 2 1513 1854
124 4 106 692 1580 1915
1613 1 1289
1463 5 711 769 778 1271 1959
1468 4 560 1293 1352 1982
534 2 308 1914
510 2 900 1528
1006 2 490 772
1597 2 347 1338
1752 1 1063
1623 2 985 1279
338 2 1089 1496
1616 2 308 1855
1849 4 165 345 647 1125
36 6 224 324 835 1017 1281 1431
799 2 155 1084
51 1 236
1079 2 840 876
1309 1 1207
1879 1 973
137 4 508 642 691 1364
3 3 1028 1510 1656
1800 2 1073 1816
1659 2 1280 1758
47 1 383
1098 4 1255 1260 1344 1936
1899 1 914
1791 2 638 803
234 2 297 1643
244 4 19 908 1314 1678
1126 4 333 406 1276 1539
1326 3 253 753 1889
1962 3 59 253 1358
1147 1 1949
1982 3 707 1055 1438
698 3 1097 1330 1469
869 3 5 1407 1571
440 1 1776
136 2 979 1531
932 2 349 578
1346 2 143 570
633 3 389 652 1952
1845 4 299 305 1456 1857
463 3 832 1751 1877
829 6 117 1150 1506 1714 1794 1871
1055 3 584 1715 1874
1750 2 79 979
1725 2 178 1952
625 2 835 1894
647 2 407 410
741 1 308
839 2 82 107
149 1 1719
1226 3 98 992 1934
156 3 170 333 1338
71 2 238 613
1573 5 246 309 1352 1384 1579
52 3 553 1350 1451
1012 6 1 333 541 1034 1488 1981
911 2 1392 1464
401 1 1666
293 2 746 1529
1138 1 230
691 4 44 344 921 1647
1573 3 757 1162 1466
715 5 44 239 1196 1511 1743
493 4 497 701 887 950
1935 3 83 519 893
661 1 867
886 1 594
833 2 845 1594
1691 3 695 1204 1352
1634 1 292
279 7 211 614 1034 1293 1375 1529 1903
77 2 1072 1686
14 1 1615
78 3 869 1298 1909
515 3 734 786 1572
401 2 88 341
906 3 56 424 1799
1212 2 744 1126
203 1 261
1170 2 525 1276
1269 2 1750 1893
503 2 843 1594
45 1 516
1726 3 660 950 1108
798 3 215 398 1791
465 3 239 465 959
988 1 1915
1030 3 101 490 822
1458 3 770 955 1097
616 2 832 1982
492 2 883 1638
1344 3 380 494 1683
1223 2 1400 1903
493 2 1399 1565
611 3 383 416 1727
1850 3 247 663 1129
541 6 276 963 1441 1783 1824 1948
440 1 1784
1064 3 1152 1166 1316
57 1 871
1597 1 423
1828 1 629
1764 2 1049 1297
1613 6 53 517 584 671 808 1338
153 3 450 680 1244
1976 1 1692
699 1 1728
81 4 79 1856 1892 1948
1031 1 1376
1353 2 745 980
1782 1 182
1554 4 623 668 1649 1946
199 2 1143 1392
1237 3 480 933 1015
1306 3 165 389 1636
1798 5 494 1034 1072 1741 1832
178 1 373
1977 1 340
1046 2 676 1819
285 2 472 1907
1142 2 367 1743
1854 1 546
883 2 550 1027
1006 2 835 1538
623 1 1541
554 3 76 332 824
1142 1 1210
281 4 104 1247 1412 1625
1458 3 420 1390 1831
583 1 1644
998 1 652
81 2 981 1451
809 2 899 1241
964 4 448 976 1292 1380
1729 4 48 230 792 1273
1860 2 247 559
369 2 1007 1231
1028 1 72
149 2 206 1138
282 3 756 770 1149
973 4 531 741 910 1668
952 4 993 1317 1622 1822
1383 2 177 803
1571 2 626 980
1361 2 378 1496
1873 3 717 1819 1984
1424 4 1076 1212 1488 1556
1473 1 1310
1384 1 1592
1103 4 183 453 472 1141
527 2 710 1644
1270 2 75 1338
1200 2 1671 1914
792 1 1355
85 1 1167
863 1 891
1235 1 741
634 2 1803 1970
643 2 594 730
751 1 41
84 3 221 1367 1981
1582 2 141 1636
1468 2 629 1101
1198 2 1053 1142
1978 2 718 950
309 1 1232
1151 1 982
1687 3 578 764 931
1945 1 421
640 1 1667
1286 1 900
1060 2 930 1839
1872 3 1476 1680 1914
633 2 1119 1438
134 4 224 302 607 1148
1260 2 31 819
663 1 1007
850 1 1832
1701 2 1197 1710
1223 2 102 721
1720 2 38 276
484 1 1135
365 1 82
1173 1 470
1029 4 45 308 663 673
1956 3 1325 1331 1981
1873 1 889
1395 3 287 583 930
1991 3 756 1315 1573
1037 1 1477
444 2 266 1698
1662 1 797
656 3 301 664 1871
223 3 451 1647 1732
84 2 1222 1371
850 3 1506 1817 1821
1311 3 799 814 1017
1330 2 662 1517
397 3 547 1279 1678
1929 1 1203
1662 1 1825
1420 4 332 884 1014 1125
335 3 638 1361 1638
406 5 665 676 1683 1719 1777
1310 4 613 857 883 1875
1586 2 297 536
1545 3 14 200 1362
1019 3 702 939 1635
1099 3 531 1680 1888
332 2 1727 1940
20 2 566 1137
1606 3 1043 1102 1107
1876 2 1539 1600
943 2 1541 1808
225 3 302 980 1026
1406 3 673 706 1872
1733 3 48 70 1273
1357 2 992 1347
1355 3 492 999 1353
1533 1 28
474 3 276 703 1991
413 1 338
745 4 135 550 629 1960
21 2 1215 1433
1300 2 178 1471
1433 2 879 1059
1126 1 38
1216 2 791 1875
184 3 515 836 1828
1773 3 348 1410 1679
782 2 1278 1399
1900 3 868 964 1601
29 3 1275 1434 1988
1447 2 1119 1156
791 3 356 565 749
1769 3 1142 1748 1812
655 3 260 1078 1148
1094 2 506 1525
1803 3 1064 1590 1715
1746 1 1239
117 2 866 1101
638 1 24
1025 1 1784
1095 2 381 1684
1345 2 19 1826
388 2 785 938
1190 3 76 272 1107
688 1 1920
1724 1 1799
1157 1 706
156 1 155
909 4 267 879 1609 1660
310 1 1602
1114 3 510 721 1380
1689 3 164 1352 1621
726 2 472 1974
1256 2 466 1660
792 3 376 1219 1991
1317 1 639
497 4 1037 1129 1931 1960
492 2 120 1457
1006 3 19 350 1478
340 3 576 1156 1468
1470 3 659 718 988
1346 3 116 1141 1947
1690 3 345 570 1976
909 2 1878 1916
692 3 525 714 1955
1821 3 824 1457 1891
900 3 629 691 1590
675 2 750 1081
1166 4 31 96 1477 1880
152 3 996 1244 1993
725 4 889 1393 1486 1986
858 2 247 884
1316 3 769 1020 1338
655 2 922 1029
1042 1 791
1758 1 1307
398 1 580
441 3 551 1589 1870
249 3 870 893 1440
1134 3 510 792 1367
838 1 664
1833 3 813 1284 1446
1320 3 563 938 1485
1146 1 673
1539 1 1678
1811 2 511 662
1854 1 19
88 1 1884
13 1 1629
1571 1 700
1967 3 91 1255 1270
1007 1 1595
637 3 273 995 1381
20 2 1008 1414
1316 2 587 1685
80 2 722 1205
522 3 344 404 551
1325 3 286 1202 1915
1444 4 223 249 1508 1938
42 4 481 1584 1808 1908
905 1 1869
1514 3 58 616 992
1827 6 432 537 1061 1084 1694 1854
715 4 542 1319 1589 1893
380 3 600 1644 1880
1263 3 85 269 452
1390 1 183
752 2 24 650
1828 3 424 1389 1724
342 4 751 1510 1636 1790
719 3 1061 1399 1737
763 2 148 835
161 2 637 702
1535 5 1090 1185 1280 1475 1613
1833 1 1077
732 2 489 1448
663 1 1310
421 1 793
846 1 1928
471 2 845 1029
1699 3 639 1181 1821
1627 2 654 1838
187 3 566 1382 1572
741 3 31 1323 1897
910 3 108 286 744
667 2 371 1389
684 3 980 1416 1672
1424 1 903
1955 2 1106 1310
195 3 388 506 860
1359 1 824
1382 2 306 1183
1651 2 484 901
1907 2 812 1204
1720 3 460 844 1217
1385 3 224 1246 1494
1029 1 305
440 2 446 933
1982 2 1415 1993
769 1 1037
810 3 47 1021 1653
759 1 164
1161 2 1445 1921
429 2 557 1427
1033 3 282 749 1137
889 2 1116 1878
51 3 95 703 753
1292 3 653 1104 1668
1123 4 484 1164 1364 1425
587 3 301 894 1891
1320 2 1539 1567
1966 1 1636
1939 1 1369
76 3 951 1643 1762
14 2 412 1964
891 3 1013 1490 1590
493 4 38 268 349 1960
467 1 1875
463 1 873
18 2 121 301
147 4 722 881 1289 1375
42 1 496
1939 1 1803
1781 3 261 1477 1662
978 2 265 799
300 1 239
517 3 101 666 1062
42 3 860 912 1574
1862 1 1584
788 5 1016 1021 1330 1516 1737
915 2 716 901
1592 1 124
486 3 673 885 1690
570 3 128 557 572
1094 3 510 637 1627
1250 2 164 451
1203 3 182 786 951
774 2 704 993
162 2 289 345
495 3 951 1476 1671
647 5 263 1038 1217 1565 1691
1914 4 129 380 451 1391
655 3 1352 1463 1638
787 3 150 175 1728
30 4 363 764 799 1525
1938 3 141 596 1299
1957 4 134 194 1590 1947
1379 2 70 1892
1762 3 237 528 1914
1940 4 874 911 1199 1930
1928 2 274 1223
1058 2 140 1400
1515 1 20
1064 2 120 132
741 1 1438
704 1 573
513 3 473 1297 1957
1614 2 1129 1563
988 3 1222 1508 1667
1993 4 73 506 547 717
1784 2 224 1825
834 4 335 394 546 1232
1184 4 170 889 1719 1727
1958 2 744 1916
737 1 1292
99 4 56 544 666 1784
1957 3 99 701 1622
1582 1 498
311 1 242
1286 2 87 1037
809 3 1548 1775 1776
1939 1 581
670 3 1350 1583 1894
1507 4 260 724 755 1750
1438 4 259 938 1307 1928
818 1 1154
1266 1 263
1487 1 562
284 5 814 1070 1097 1344 1772
136 1 28
907 5 468 539 1471 1498 1987
52 2 303 1338
1546 6 21 514 689 1586 1629 1716
1243 2 1044 1635
936 2 295 1140
1597 2 522 1650
505 2 744 1486
234 3 194 961 1592
373 4 104 371 651 1145
71 4 164 1384 1964 1976
976 1 269
676 4 101 607 1564 1942
368 2 162 1846
358 3 148 741 1129
1094 2 170 1138
43 1 683
1788 3 1400 1576 1723
1722 3 955 979 1433
173 2 593 1571
29 4 1081 1241 1648 1811
1315 6 38 1129 1202 1281 1448 1980
285 2 344 700
842 2 746 1203
1407 2 396 808
1337 1 289
442 4 264 345 565 627
477 3 1203 1921 1944
1904 2 106 977
54 1 856
550 4 5 822 1244 1413
1560 4 927 945 1308 1310
1691 4 1181 1247 1785 1843
1769 3 440 741 1206
570 5 196 286 333 1293 1393
1762 2 191 324
1945 3 623 845 1772
341 2 480 492
527 1 239
542 4 599 883 1413 1805
1105 4 178 1149 1292 1412
748 1 999
18 2 1464 1965
962 4 451 982 1012 1028
1048 3 429 888 1025
1056 1 585
919 5 150 896 900 980 1427
336 2 96 596
567 1 1893
82 1 1453
1408 1 1743
78 4 5 1310 1594 1972
995 2 1006 1727
1815 1 1250
860 2 663 1784
941 1 241
244 3 108 558 577
1111 2 838 1706
299 2 172 1585
185 2 1196 1838
1554 2 1179 1819
1673 1 302
80 1 784
743 4 33 845 1874 1979
1223 2 966 1531
927 3 59 436 1232
1019 2 183 1256
1807 3 107 838 1205
522 4 41 341 988 1141
63 4 308 935 1259 1652
401 4 951 1100 1862 1905
81 2 613 841
1937 2 1149 1178
1860 1 791
528 2 121 1556
885 3 517 1418 1512
780 5 424 924 1121 1219 1887
151 3 497 1253 1983
1727 2 473 1257
1206 1 1748
1273 3 651 897 1306
1938 4 389 1273 1537 1589
440 3 223 1014 1832
1064 2 1369 1917
321 3 579 1289 1502
1326 1 1959
658 1 1310
842 3 416 562 1048
1424 2 1262 1490
311 3 175 1266 1537
1991 3 244 1255 1761
910 4 891 1201 1254 1555
1791 2 990 1747
1807 1 331
15 3 158 1467 1708
392 2 121 304
463 1 1063
943 3 1203 1447 1761
1114 7 334 554 1047 1289 1414 1478 1925
1476 2 1512 1893
788 1 1205
647 1 1111
423 2 750 1836
1938 3 542 1447 1513
1807 4 517 1620 1672 1690
751 2 770 1835
255 2 392 1517
474 3 175 751 1640
1424 1 158
935 2 1376 1957
332 4 1015 1137 1889 1979
1049 2 1252 1687
1905 1 873
1428 1 1108
1170 7 158 681 728 938 1324 1587 1991
870 2 1656 1960
22 1 1216
1849 2 986 1347
164 3 970 1255 1352
1775 2 1440 1727
1884 3 5 796 823
1376 3 887 1657 1799
1204 2 249 588
631 1 15
733 3 1125 1458 1496
241 4 48 562 1675 1951
1459 1 1190
1806 3 96 1015 1391
1020 4 261 345 681 1948
1780 1 1742
1331 3 266 1694 1922
771 2 838 1975
463 3 290 720 1010
1042 1 1865
1007 1 671
1625 4 38 310 927 1794
1209 1 324
1212 3 158 584 1205
1781 2 968 1382
1486 6 225 717 1567 1583 1838 1988
1179 4 1058 1253 1693 1909
923 1 786
336 3 185 473 1762
1458 2 983 1522
1536 4 140 1323 1573 1817
364 1 571
78 4 522 893 1332 1652
376 3 212 749 1959
469 2 380 446
1857 4 711 1531 1567 1928
32 4 381 407 1468 1975
1148 1 1898
1548 2 492 730
900 3 575 1736 1850
164 1 1576
881 4 527 676 1354 1938
1978 2 686 1222
475 3 711 887 1817
1758 2 662 1496
507 4 392 519 1275 1903
170 2 1024 1229
118 2 501 1459
988 2 168 1189
841 2 21 1308
1994 5 133 968 1516 1602 1613
1709 1 1714
1081 2 108 1314
47 2 434 1791
819 3 616 1287 1843
1598 2 478 1334
1874 3 565 825 1733
318 2 1062 1951
415 4 559 900 1510 1513
1336 1 1100
1607 2 1075 1833
1202 4 720 938 1580 1671
151 2 110 892
1130 4 128 538 996 1273
484 2 1237 1684
1285 2 896 1270
296 5 848 954 1029 1140 1205
609 4 716 1199 1316 1538
1977 3 223 450 717
1151 4 782 1307 1427 1475
170 4 303 663 1066 1499
1625 3 693 1254 1292
837 4 89 613 1627 1636
662 2 1181 1270
155 4 160 279 786 1846
1399 2 516 1082
907 2 1589 1823
1981 1 571
935 2 531 1514
1999 5 111 468 595 821 881
1203 3 866 1289 1869
655 2 123 1812
1542 2 133 134
708 3 638 1182 1816
185 1 1340
1866 1 1709
1683 4 175 536 627 968
332 2 170 1678
706 1 728
1053 3 527 1940 1944
1957 2 1253 1751
244 1 467
1319 1 453
22 2 20 660
1202 1 707
1178 3 56 894 1391
1709 2 1414 1680
1134 4 1121 1587 1878 1916
1149 1 1747
1307 2 1336 1775
1845 2 1929 1976
1783 1 389
1955 1 356
785 2 770 1889
1212 1685 1417 1714 260 1649 1657 1440 1206 1874 1905 836 290 1293 1223 1811 951 1232 1959 1358 1239 1563 1180 891 558 247 430 264 1452 1496 840 1330 1647 1884 1182 1099 196 1431 1622 567 38 696 1392 394 1861 824 1119 766 1140 554 1539 1642 662 133 930 1777 450 835 741 799 997 1336 1667 111 1872 736 1725 1334 1964 1753 542 1727 933 158 1522 805 939 267 681 1292 665 554 1937 1314 1326 1471 338 1586 1156 889 1662 1635 1288 1279 1551 1433 197 1145 1825 546 1656 344 654 1463 607 265 496 273 1798 812 1072 102 1492 1047 869 1412 852 423 1326 869 519 1924 424 1250 1026 925 1997 276 243 770 1362 639 830 706 231 1862 28 1725 737 1882 1951 666 1467 596 214 848 1750 1362 973 1512 233 1059 870 360 714 1859 615 1916 265 1100 1783 1991 642 1601 1009 1955 262 24 573 62 1965 1784 1239 128 1141 952 1865 1899 900 603 1102 478 1145 420 314 538 795 771 1270 301 751 1653 1264 489 1680 809 1632 1707 880 979 1248 1459 31 673 1394 969 604 1149 639 10 389 1061 1350 1716 791 335 1143 345 844 970 1589 998 356 1641 20 1860 792 580 502 498 1785 962 1909 89 1826 935 1743 244 1984 1478 261 1131 819 874 486 89 1940 1823 1615 1037 1799 1715 537 708 1886 470 435 977 1798 1235 795 388 925 931 72 787 1486 331 1365 1898 1475 1921 1975 38 1332 211 651 15 849 899 863 778 1574 1116 1955 243 1247 711 55 689 1361 1710 769 1116 954 1194 165 1607 143 1137 282 465 150 1825 809 1982 82 236 1859 1703 1698 669 274 1028 532 243 467 265 1062 1192 287 1620 784 1308 1684 1307 1562 1902 342 1620 1758 693 1292 40 1223 1382 1986 1465 584 1970 380 961 885 1814 963 989 1399 1596 1046 340 282 428 1698 1691 726 1059 821 101 579 525 757 1331 1099 1241 1631 1635 1189 57 1015 1968 1959 901 1974 392 534 1196 1936 1280 275 1062 742 381 1808 1616 716 918 1483 470 766 1528 1909 1827 1012 845 1509 844 1656 1892 1612 648 600 1452 1854 720 1352 1775 22 22 1185 1078 1835 431 1417 765 1748 88 1100 1525 1125 1371 1800 1613 686 1880 1459 703 353 32 839 1905 1375 873 135 1297 1136 494 629 1727 212 221 703 1248 1876 1034 1009 1825 44 1281 1751 599 1007 1480 976 1259 935 472 577 1246 1449 575 536 1548 1603 331 1289 1362 746 82 1644 234 711 1594 263 396 432 1687 994 407 1565 83 1936 617 1431 467 1641 1562 565 1761 1596 885 1021 480 1141 1073 1121 590 1101 652 1600 1923 1774 759 1915 1612 1640 702 341 473 908 1217 730 1965 537 491 464 1021 524 1887 1742 592 1708 1196 206 1306 528 1782 1763 1816 1298 557 1736 1869 1601 748 304 230 1202 1239 604 885 434 892 1179 898 1265 1949 1203 1469 381 1142 1894 519 516 1168 519 1115 474 588 474 1425 1067 524 588 1070 1960 1980 25 1194 1020 1362 1635 1774 210 1819 303 251 39 1066 1338 1485 239 607 508 78 1640 1027 1668 1728 1276 1090 1804 436 202 117 1680 49 1063 1839 1846 1077 519 1508 984 613 1003 1997 838 47 1538 1964 446 389 683 235 1957 1772 865 1923 558 524 616 1215 669 409 821 1785 896 1347 1968 1922 1412 1355 1503 501 119 1616 462 1029 541 405 14 1082 1438 196 1567 1073 1466 1723 570 1987 596 251 551 440 1776 1888 1743 637 1856 309 1922 1600 1084 884 1316 62 432 1925 1299 1030 1947 745 464 879 980 895 799 1688 1023 1679 511 489 1715 1340 1554 380 637 685 593 53 1401 676 493 1528 1256 814 502 1007 581 756 1344 1775 174 1375 158 1143 388 311 1747 333 1516 1453 463 1010 48 78 1818 1166 1246 155 99 913 33 686 1762 261 317 579 120 1822 897 255 1374 1334 236 821 268 73 1877 1252 371 1933 1799 1075 1293 1089 1762 749 711 1685 1678 1803 1588 1981 217 432 788 1255 1723 553 1227 912 1652 725 178 104 490 73 1643 794 361 410 1 1452 1707 93 68 670 84 1407 1037 286 586 522 1427 1271 1692 1832 304 297 413 935 360 822 919 639 1513 1358 1986 823 860 405 728 856 1898 306 1627 879 1822 1741 237 1852 222 996 1165 1682 1396 913 572 279 1255 566 933 260 1584 1210 761 297 394 1129 1828 39 588 1106 1126 1206 734 359 707 477 1362 1342 619 1503 125 1846 1877 1148 1699 1448 1237 1687 1438 249 1522 611 1503 1355 673 429 1089 1779 390 213 287 1135 1879 701 19 1526 903 1948 674 165 1384 533 700 472 317 964 358 331 933 1727 1456 1330 1099 1222 1509 1235 1415 1814 1413 1631 531 883 498 404 1199 110 332 246 498 1573 79 1871 1406 89 664 78 1790 1979 313 1579 1840 898 1946 1928 295 302 510 1345 1185 1237 1826 347 1728 1920 1201 1178 1754 907 1396 1475 874 663 1855 1805 903 1235 1229 272 340 1126 1477 1811 876 1387 636 1743 15 292 1897 778 1650 1290 950 21 132 899 1071 352 1202 185 1782 1189 1969 1210 1931 1052 1242 1094 560 795 517 1162 59 1361 514 587 1269 860 866 782 1287 460 563 982 1576 1685 979 594 1873 931 914 1104 1590 1165 1108 843 563 1017 1843 901 1375 1581 465 748 1929 737 1061 1217 1410 1908 674 1835 1836 435 1951 282 4 893 1476 646 1447 1983 87 183 1448 1498 120 210 70 1564 102 514 1684 1859 43 311 851 1938 41 350 264 194 1363 1635 1313 1481 112 1666 21 160 184 1692 143 269 527 1850 1627 978 613 1363 1089 1502 1445 1292 348 1506 1597 1129 1390 889 1443 1431 669 1652 819 480 484 1244 307 922 930 1446 1921 466 90 1079 583 421 1067 1517 1679 143 1754 857 1429 1930 911 431 123 175 1878 1400 1931 659 1543 376 566 1289 1613 670 848 1824 1970 955 492 177 14 664 1849 10 1323 718 707 1181 1319 57 1537 464 363 569 1832 888 1514 1538 1052 1860 1942 519 132 1043 1342 384 567 294 435 1921 1113 80 1507 1499 993 1003 480 106 344 1371 1281 1275 221 1679 704 895 1610 1138 1874 43 849 1013 1833 520 1926 1053 1609 116 1719 1521 622 992 1891 373 1715 218 1034 241 898 813 1235 1812 866 147 215 1034 1446 215 1629 750 927 56 95 1967 410 1587 675 1344 736 910 1289 614 1231 547 1441 496 472 880 332 1988 1139 837 1154 134 1857 1097 981 277 881 1044 1976 1822 1115 1339 1336 1805 1733 299 506 1672 1112 384 841 1954 1472 271 1293 1399 428 848 1156 225 1620 1112 413 1067 810 1478 1725 1016 558 1575 197 1364 691 666 636 1821 692 164 1870 142 1436 297 175 980 1367 1284 1571 356 344 1595 266 121 1638 871 5 1264 1678 1107 914 988 453 542 1816 832 517 1148 1572 772 1113 1715 1859 30 718 621 1468 1943 1865 1017 1254 17 1390 1368 1465 623 1678 1190 1197 1364 517 276 1573 585 795 416 1180 946 630 1794 1610 837 631 1145 1546 1205 1006 1265 617 1428 981 1164 1259 1875 1914 686 978 85 1772 777 368 239 634 867 735 338 1793 1458 1831 82 1317 860 1583 924 925 120 1907 578 927 1672 168 497 1993 1257 1028 259 1970 998 524 683 900 1064 986 764 4 1448 389 1942 964 1909 1621 1706 1464 1706 1438 876 1009 953 1418 1660 933 726 1144 1074 592 460 906 1845 1391 1219 255 972 1156 417 638 1369 1349 1041 1490 726 990 1993 1636 825 289 857 1139 885 162 562 367 868 1438 363 95 380 494 1736 299 1612 1892 906 1850 1049 510 1914 1692 1354 1825 308 1602 1849 299 753 1207 758 1995 1692 1986 1650 1855 1697 1561 904 305 744 1698 911 1991 983 1602 1469 1272 1010 1923 1145 1067 1260 1364 1724 647 1325 58 1807 671 1597 383 720 448 1136 1908 1507 1352 1459 1507 963 1407 452 1875 1248 276 1917 182 34 1407 1791 234 70 61 1192 1899 1476 655 1944 1099 101 406 1671 1687 1364 196 1616 1254 680 1850 544 1284 1850 1513 893 724 104 594 1635 1736 855 1076 406 1642 1743 481 1657 550 416 1849 892 119 962 1459 1052 1933 46 1353 380 1314 1592 170 945 1441 931 1038 803 1023 1380 338 1826 373 733 270 442 1381 721 968 785 1465 317 539 1620 1489 269 1668 242 1739 1090 432 465 528 832 87 349 1310 634 378 1212 539 1241 1972 242 1812 300 1698 251 1008 1355 560 1955 722 1445 959 1037 1245 1476 75 1287 910 200 1774 1898 929 1163 869 698 1253 627 1286 1521 1709 579 910 55 962 1433 1062 238 1899 470 58 626 755 1339 874 1601 355 522 986 969 1545 473 1624 1925 481 1393 1889 1164 1451 1278 879 717 626 1348 1394 91 1481 949 586 640 1929 611 1537 942 695 995 309 1540 1507 13 2 1517 470 1095 84 384 879 1627 1903 310 1255 1897 1210 519 966 1683 384 708 481 1430 1648 1231 559 838 825 879 793 1416 191 98 1862 451 685 1526 464 1636 1828 89 1640 1541 749 1084 418 279 48 1872 542 1849 1376 409 507 989 1640 262 1640 210 1024 1975 930 1111 784 650 1543 1571 1292 1136 576 1617 955 116 1342 1952 106 1808 277 1447 1048 1790 1737 237 888 1135 432 76 1585 902 653 1706 189 1055 1812 1968 1488 894 1365 801 104 292 1561 1017 1696 1679 921 1709 253 985 906 1809 1324 140 1006 710 79 791 108 6 480 1427 1524 1529 895 1371 1266 660 1479 148 1808 1399 1257 172 55 1671 1204 1656 997 1511 324 1188 366 1709 446 1041 1793 1082 1969 156 796 771 462 1675 1134 808 1080 412 1414 119 1003 224 764 856 124 1922 1449 290 1457 1081 797 274 1510 1244 981 981 938 1456 463 595 71 233 753 1012 1923 1315 887 1606 1494 927 1269 1573 879 615 1352 107 1555 992 1273 76 1150 1472 654 1504 515 1543 125 1580 1531 893 1934 1732 1635 45 264 141 1441 1138 1434 1542 616 1014 26 1893 251 996 1040 1737 1025 1760 1762 1839 791 223 778 1488 1742 1181 1930 451 470 510 392 1625 532 1097 877 1690 668 1121 1451 1003 914 581 1866 553 96 468 34 571 895 1694 222 1486 209 87 301 129 640 1158 1656 398 999 306 1183 1128 1210 1686 8 880 1262 617 1909 1922 1838 334 1770 581 786 1167 95 1968 766 1053 30 22 1334 1389 1817 87 1703 1679 1888 771 1556 913 177 1133 908 1782 1524 1407 1222 200 1044 1270 983 1216 1706 1606 1152 1007 1693 1061 1151 1058 1642
