2000 2000
744 2 205 1019
946 3 731 778 1519
1119 3 175 376 1057
1586 3 88 1169 1328
729 1 690
451 1 490
1386 1 597
987 1 1249
710 1 1956
1898 2 1362 1761
424 1 1218
297 2 1093 1435
1811 2 699 996
802 2 687 974
652 2 1337 1399
301 3 1221 1529 1982
727 1 802
764 2 360 1457
1846 1 1887
1009 3 60 1669 1965
565 2 8 1001
1652 2 946 1786
1567 2 285 1824
1244 2 1429 1662
1535 1 1056
1228 2 52 763
4 1 1929
1169 2 109 1644
8 2 331 934
920 1 996
1074 1 1025
1609 1 1073
1748 2 28 1955
874 2 440 1300
1383 1 177
1997 2 249 1952
445 2 434 1472
1902 1 893
1077 1 1663
380 2 1241 1980
1549 1 59
1787 1 216
1416 1 426
1911 1 1361
622 2 1092 1440
1550 2 809 1719
1226 1 1154
1645 2 426 1414
1777 3 200 901 1867
1518 1 230
237 1 742
853 1 407
1315 3 505 1057 1965
447 1 1170
458 1 1927
525 2 1269 1491
71 2 246 1965
767 1 588
932 4 573 989 1264 1829
700 2 189 894
264 1 591
1048 1 597
1533 1 980
1974 1 1645
182 3 252 674 1956
1337 2 941 975
1902 2 411 1778
125 3 1033 1195 1921
1738 2 139 1941
1113 1 1264
1285 2 1031 1287
1268 4 291 980 1283 1329
1404 3 397 463 890
1230 2 1603 1976
1831 4 230 519 627 1337
976 2 919 1994
33 1 621
4 1 948
1721 3 460 788 1576
1225 1 1307
324 2 889 1033
1899 3 1234 1251 1729
99 1 1464
655 2 458 1957
644 1 835
1527 4 258 378 1388 1741
774 1 1716
210 1 724
1991 3 22 765 1529
897 1 285
742 1 1048
927 5 186 519 797 1559 1652
254 3 145 436 1641
1870 1 980
1361 1 1505
79 2 97 261
391 2 1570 1675
855 2 854 1155
316 1 142
1584 2 153 235
1093 5 603 948 1404 1924 1962
282 1 3
1775 1 1872
423 2 670 1982
1323 1 1619
1927 1 1783
658 2 569 1721
359 2 1249 1281
156 2 1638 1958
921 2 374 803
175 1 919
918 3 242 456 1012
209 2 835 1644
458 1 280
1190 3 328 855 1069
383 2 560 1399
533 2 169 224
733 1 1981
541 1 1739
948 2 132 1401
2000 2 939 1842
538 3 363 379 1296
17 1 1578
638 3 27 1719 1971
409 4 345 638 690 1178
599 3 688 1727 1850
1808 1 774
1399 2 1262 1726
1005 3 348 641 1347
1467 2 912 1138
1932 2 241 945
1050 1 1910
1942 2 161 1614
783 1 1620
1224 3 424 1261 1611
242 2 554 1693
50 2 542 1062
1017 1 1887
42 3 1577 1687 1956
1176 2 261 497
1279 2 1262 1497
1368 2 128 1183
213 1 1041
1537 2 1577 1932
43 1 1105
387 3 217 1117 1828
40 3 624 1452 1720
1303 1 685
165 1 129
61 2 995 1897
807 1 100
151 2 359 1155
1339 1 1961
84 2 597 1268
126 1 1694
817 2 872 1867
384 2 189 314
1037 2 305 696
1287 3 290 1068 1954
804 2 816 851
1849 2 182 744
329 1 1769
1125 1 345
912 2 591 1789
533 1 620
338 2 235 485
1539 2 972 1047
1622 2 195 1641
380 2 1466 1582
855 3 319 1624 1882
873 1 634
1118 1 1047
19 3 319 376 1643
384 3 733 818 1341
1828 4 733 917 1265 1479
669 1 789
3 1 1564
1477 2 458 1957
66 2 1869 1938
1829 1 194
99 1 961
1852 1 576
648 3 522 633 875
57 3 479 841 1494
424 1 1461
270 2 1545 1615
935 2 783 888
1920 2 904 1598
952 3 281 348 1758
1647 1 1495
237 3 631 1432 1797
930 3 807 903 1252
1257 1 705
60 1 254
1912 1 497
635 3 24 217 1668
1439 1 608
589 2 1065 1329
794 1 1861
1790 1 595
351 4 326 730 951 1513
113 1 1182
1935 1 777
1575 2 190 677
1606 1 1126
1817 1 1429
1032 1 1014
941 2 694 932
1658 1 885
941 1 1914
1425 1 506
1559 1 567
182 4 303 359 1176 1438
1462 2 30 856
656 2 297 1530
1105 3 760 1222 1343
366 1 667
301 3 825 1372 1405
1544 1 332
963 3 186 263 665
446 1 595
24 2 1314 1724
334 2 692 1501
1137 1 1179
838 1 29
631 1 927
1352 2 761 1941
1914 2 1084 1182
1369 1 1400
843 1 1583
88 3 331 818 858
116 1 920
156 1 702
956 2 765 1083
4 2 488 740
677 3 1491 1559 1697
752 2 1229 1798
1507 1 838
793 3 984 1749 1957
756 1 1307
1030 2 317 1031
1589 1 1426
1003 1 1257
599 2 352 560
1390 1 1952
364 4 762 817 1154 1346
103 1 888
1282 3 960 1261 1806
24 1 111
257 2 97 1093
1110 1 1440
1634 1 458
1384 3 117 577 1094
1808 1 1097
1237 5 215 230 428 1938 1994
477 2 946 976
274 2 153 1008
1338 1 1402
879 2 1185 1374
1565 1 1705
1484 4 21 586 744 1701
800 1 1635
1448 4 1290 1620 1861 1944
1904 3 512 944 1171
136 2 1106 1474
1031 2 924 1770
167 2 1190 1202
717 2 97 1915
423 1 60
1390 3 1685 1842 1849
1136 4 498 915 1065 1353
1299 3 311 688 1916
1614 1 627
489 3 955 1466 1643
1876 2 1089 1734
85 2 1552 1565
293 1 1443
1468 3 77 193 1499
356 1 42
1736 2 694 1721
465 1 1687
364 2 759 1725
1828 2 476 593
1942 2 872 1206
1420 4 551 710 1624 1932
1592 2 1329 1543
365 3 533 679 683
396 1 417
934 2 975 1281
1267 1 1262
383 2 1159 1601
1686 1 588
216 1 1980
458 2 144 725
1832 3 161 1519 1983
1554 3 810 1026 1819
610 2 473 1489
342 3 48 598 1007
1060 1 1936
1638 2 677 858
1938 1 440
763 2 434 1269
1547 3 920 1294 1887
1780 1 1615
886 3 80 608 1778
120 3 747 1334 1901
615 1 868
1452 2 374 1735
1418 1 1955
508 1 226
71 2 578 1972
1009 1 1625
40 2 1273 1942
1507 1 852
1060 2 946 1254
1926 1 1418
1755 2 96 1346
67 2 1062 1932
1169 1 1311
111 3 660 886 1064
60 1 1126
652 2 35 1320
58 1 806
1537 1 1062
1037 3 992 1669 1942
592 2 1412 1980
1218 2 284 1724
1301 1 79
1908 2 613 1014
1502 3 908 1279 1384
1230 2 1211 1224
160 4 920 961 1033 1929
1165 1 289
611 1 291
338 1 1359
1591 1 1403
1814 3 109 686 1126
684 1 1065
431 2 376 1694
1552 4 291 471 571 724
1149 1 533
303 1 849
636 3 1017 1767 1794
64 1 1932
1275 1 745
1281 2 157 937
1975 1 352
1897 2 258 1531
1800 1 335
553 2 603 1260
117 2 1611 1709
1492 4 227 776 937 1249
1755 1 919
233 1 1726
202 2 702 919
1419 1 80
1554 2 65 1875
1001 1 498
528 1 989
88 3 368 764 1149
1495 3 410 1127 1668
464 1 48
39 1 57
1876 4 573 1419 1469 1749
698 1 24
1290 3 468 1903 1995
691 2 13 1066
1042 2 802 1740
383 1 637
961 2 190 1579
351 2 1010 1037
385 5 702 960 1312 1353 1995
546 3 43 184 1660
1019 2 1343 1407
243 1 1949
847 1 783
1058 2 1671 1751
996 2 1069 1758
647 1 176
1894 2 129 1780
1944 2 195 1065
1781 2 145 1550
517 2 1024 1159
1318 3 159 428 1536
1667 2 900 1698
1864 1 1950
172 3 606 1072 1660
113 2 670 1946
1544 1 946
409 2 51 1287
567 2 258 641
125 3 591 857 995
1119 2 1213 1249
1544 2 234 1281
798 1 1725
1934 1 163
434 1 1769
1967 1 1414
1778 3 985 1139 1710
260 3 469 1744 1980
542 5 749 1314 1598 1759 1921
1801 2 35 1159
1243 2 885 1093
1946 2 783 1405
1148 2 1636 1888
657 2 221 1346
85 4 3 749 1040 1660
1202 3 227 332 1268
1363 1 1097
629 1 475
517 2 178 1429
1226 1 774
721 2 618 1695
1472 2 455 1810
1002 1 869
171 1 593
1023 2 456 880
1804 1 294
386 2 455 1022
405 1 358
256 2 624 1277
378 1 1211
744 1 157
142 2 838 1049
1693 2 1364 1822
1033 1 694
622 2 571 1497
896 1 1803
188 4 57 742 1097 1636
772 1 1371
1330 2 433 1195
587 1 386
131 4 78 87 294 1524
1975 1 380
995 1 1296
88 2 391 631
1325 1 1218
1868 2 655 677
230 1 1537
215 1 1374
324 1 1538
6 3 1368 1565 1677
6 2 230 1188
616 1 980
826 2 1196 1477
1838 3 458 728 948
1202 2 196 988
1092 1 1959
1234 2 191 1589
722 1 1481
286 2 191 348
1974 1 781
697 2 1218 1903
225 2 1142 1283
274 2 789 1485
984 1 1139
175 2 932 1619
404 1 957
348 2 21 1337
1209 1 1544
380 3 456 597 809
699 1 674
967 1 727
1801 1 1702
1169 1 461
109 2 261 1178
960 3 110 377 1086
94 1 1578
372 1 110
1660 3 415 759 1759
854 3 55 1089 1698
1915 2 77 957
1454 3 742 980 1270
816 2 423 984
1118 1 1958
1943 2 276 1838
1684 2 637 1223
1469 2 972 1798
572 5 986 1604 1778 1787 1789
788 2 117 919
1472 2 2 1005
578 5 247 363 735 1116 1157
643 2 747 1647
401 2 1433 1905
1420 3 1030 1281 1554
746 2 1222 1972
150 2 754 1357
1706 2 651 1977
350 2 1033 1069
1526 1 685
1658 3 746 1048 1172
1571 3 103 225 1163
1693 3 106 294 1622
854 3 23 159 897
1514 2 1001 1633
1307 1 1311
818 1 642
898 1 1228
428 2 176 622
717 2 202 1434
1643 1 1714
1213 2 1479 1719
1042 3 728 1261 1677
1383 3 849 1182 1838
491 1 533
816 3 186 503 897
1388 3 1428 1697 1973
1327 2 142 1676
1543 1 173
1725 1 423
267 1 505
1218 3 725 1001 1273
254 2 216 1559
1553 1 485
855 1 1917
279 1 1311
957 4 733 875 1810 1903
1315 2 518 1290
216 3 1065 1111 1407
368 3 119 369 1281
593 1 1202
76 1 1571
1042 1 411
1207 2 870 1552
592 3 144 1033 1356
910 2 944 968
184 2 93 795
1559 3 494 1747 1786
422 1 1778
1326 1 1783
1474 2 1199 1980
1079 2 148 1298
649 3 696 832 1665
1515 2 490 803
242 1 1143
659 2 39 254
1173 1 843
1186 2 391 783
786 2 1049 1051
571 2 1496 1902
12 2 241 824
1795 1 606
1389 2 22 876
1584 2 670 1283
1704 2 837 1429
1542 1 762
687 1 1797
40 1 1802
1081 1 1582
862 3 744 1068 1261
1317 1 610
558 3 1677 1727 1863
794 2 260 963
167 1 876
1062 2 93 218
487 2 1089 1921
1033 2 57 1083
1760 3 530 1169 1970
1652 1 494
385 1 1902
1443 1 327
1208 2 331 1551
1439 3 302 1126 1544
191 2 9 418
464 3 247 703 1619
523 1 1914
1916 1 874
843 2 27 291
1778 2 639 1181
572 1 504
227 3 102 648 1921
633 1 1770
1001 2 995 1238
235 1 1175
397 2 1438 1693
996 1 128
1291 2 455 1977
1853 2 1086 1869
1173 2 665 1109
286 1 667
1030 1 754
198 2 874 1031
684 1 1399
1713 2 831 1607
227 1 691
1554 1 371
508 3 81 133 484
580 1 1319
912 1 884
215 3 193 904 1150
632 1 923
1518 2 384 1694
628 1 1631
1658 3 429 1318 1381
188 2 293 790
1891 1 620
1888 3 643 995 1105
1207 1 852
335 2 444 1539
542 2 1565 1800
1083 3 642 1248 1494
302 2 1169 1877
1557 1 73
697 1 715
268 4 595 819 1075 1292
729 1 1514
402 1 302
587 1 1813
332 2 599 1980
642 1 961
1315 1 1652
986 3 177 577 1771
1970 3 324 539 886
638 3 963 1112 1735
230 1 774
1971 5 558 700 893 1204 1290
986 1 457
308 1 790
1639 2 247 1524
68 2 1348 1414
1058 1 620
1204 1 294
1676 1 273
967 1 1400
1503 3 880 1262 1702
1290 2 318 972
1474 1 479
1853 1 827
1673 3 1362 1466 1694
853 2 448 1261
698 1 1264
826 1 890
999 1 1267
1804 3 234 285 1695
1244 3 1088 1350 1367
1032 1 1814
1897 2 1321 1670
515 1 764
1467 3 222 264 1401
940 2 1300 1902
796 3 421 740 1021
1650 1 1850
892 2 768 1496
244 2 1133 1739
1279 4 908 1179 1402 1582
559 2 868 1178
291 1 1850
1571 1 879
1800 2 229 986
894 2 578 802
1558 1 39
460 1 1105
907 1 1356
1542 1 1071
1846 2 816 1929
995 1 788
732 1 1783
1655 1 103
1935 2 505 726
940 1 1693
276 2 28 775
1003 1 1494
1606 3 570 749 1196
528 1 1088
1269 2 428 1473
257 2 888 1933
1036 2 1077 1183
1104 1 1984
1984 1 317
874 1 825
145 1 1444
1322 2 1206 1761
1046 1 1734
604 2 231 1543
57 2 764 1919
619 2 560 1252
1337 1 1124
1310 1 296
1556 1 1675
881 3 81 1238 1439
487 2 168 206
434 2 778 1307
164 1 1182
1001 3 374 1012 1930
151 3 155 1077 1863
790 1 135
286 1 429
294 1 1357
1561 1 1601
622 2 246 473
956 1 574
898 2 221 1734
1006 1 1799
681 2 819 1928
1329 2 603 1294
1945 1 1419
407 2 551 1721
47 3 78 1006 1457
1005 1 145
1103 3 73 1402 1983
572 1 423
409 2 688 1612
111 2 369 762
1687 3 361 1819 1986
304 2 533 1061
588 1 1265
1875 4 436 599 807 851
1693 1 1280
1621 1 707
993 3 433 1971 1973
17 1 1829
298 2 3 285
453 2 173 1484
1141 2 104 1518
934 1 960
286 1 1629
1221 1 1139
1047 1 791
1596 1 1272
649 3 245 1395 1586
1204 5 145 457 795 869 1974
505 3 525 1519 1615
279 2 1697 1758
1001 1 732
1473 2 893 1156
146 3 767 1434 1740
1443 1 460
1425 2 1017 1741
1935 2 1080 1535
1502 1 1194
288 1 1550
1839 1 1092
367 1 527
563 2 202 876
1611 1 1806
341 1 1491
1910 2 258 1071
1038 2 1307 1893
599 1 380
940 1 291
667 3 218 1573 1589
751 1 978
1915 2 786 1235
326 2 731 1101
1610 2 411 787
719 2 378 532
1662 2 1335 1729
931 1 247
385 2 410 1601
368 2 1173 1178
486 2 287 1019
243 1 825
1598 2 825 980
1301 1 637
888 4 267 625 1201 1278
1186 2 411 920
533 3 638 1468 1576
853 3 530 685 1990
1291 1 634
1917 1 786
1052 2 841 1897
1019 1 1317
2 2 128 216
423 1 1951
1246 2 1356 1599
1144 1 59
1791 1 1474
1537 2 248 286
1093 1 248
1792 1 1412
48 1 1089
477 4 236 377 512 624
560 1 421
1370 3 391 469 924
1172 3 103 1357 1402
1279 1 989
181 2 1206 1318
264 3 0 135 423
1271 3 662 1163 1645
41 2 767 797
1514 2 71 1932
1020 3 453 1944 1985
1391 1 1558
1868 1 1195
354 2 1224 1702
888 1 342
38 3 302 331 1163
1826 2 9 1998
356 1 1739
144 2 200 632
142 2 806 1474
1618 1 620
1652 2 245 1794
1872 3 270 1665 1769
136 1 730
1151 2 429 1360
970 3 39 324 1257
18 1 263
892 1 1944
213 1 550
1978 1 1111
1413 2 121 533
1174 2 1491 1692
809 3 1501 1523 1800
1549 2 1261 1706
1673 2 387 1621
647 1 884
1369 2 236 1645
934 1 1337
1490 3 1184 1213 1346
924 1 725
1499 2 167 1534
99 1 599
1240 2 433 1077
418 2 533 832
723 1 1443
217 3 1495 1873 1930
980 2 228 1998
628 3 193 1771 1966
1556 1 724
552 1 1529
351 3 708 1585 1752
579 1 618
1090 3 299 471 972
270 1 573
398 1 1075
1876 2 51 586
1062 1 705
1134 2 643 1362
1942 1 1996
1570 4 176 505 1188 1689
594 1 885
1963 3 975 1863 1951
921 1 809
1051 3 1573 1741 1816
1273 1 302
345 1 1384
1780 2 234 648
1650 3 736 1218 1607
646 1 235
1535 1 856
1436 3 397 618 680
188 2 84 1345
640 1 1223
491 3 620 888 1752
483 1 1499
1823 1 431
372 3 472 816 1932
957 2 1155 1394
1848 2 950 1520
899 3 186 1081 1523
1031 1 958
308 1 1937
58 1 1147
537 1 867
447 3 1026 1640 1971
772 3 3 459 1490
1978 1 1012
1557 3 47 260 683
572 3 191 1177 1952
433 1 433
62 1 1156
56 2 1290 1347
368 2 201 1962
1445 1 77
188 1 175
1862 1 1330
771 2 1481 1645
1231 2 1111 1952
1376 3 411 551 1294
1154 2 563 1912
1264 1 1124
1681 1 1542
700 1 331
1793 3 246 448 1958
1622 1 1497
907 2 432 575
874 1 1293
1128 1 1083
1490 3 194 1018 1961
696 2 378 511
1820 2 189 1554
792 1 1103
984 3 1177 1731 1761
1636 1 920
1003 3 1183 1642 1998
361 1 1952
894 1 981
1764 3 849 1647 1729
1266 2 257 700
362 1 21
794 3 497 943 1518
167 1 1193
1573 2 468 1137
1639 3 254 789 858
58 1 276
1470 2 1529 1641
1339 2 1019 1557
382 2 1025 1583
262 2 1211 1324
631 1 1989
1442 1 702
320 1 1570
83 1 414
1003 1 1062
1385 1 745
1352 2 1350 1875
343 2 1229 1582
1067 2 57 569
1987 1 461
1344 1 252
1557 2 688 1363
1804 1 1620
323 2 992 1749
1330 1 1976
1516 1 1093
986 2 696 1316
1872 1 586
1420 2 1116 1625
1386 3 114 360 1169
1363 1 145
1360 1 498
708 4 323 1149 1167 1332
1498 1 366
1554 2 890 906
249 2 51 1290
1878 1 763
1181 1 1705
514 1 243
1971 2 318 1116
717 2 135 202
637 2 1273 1481
439 3 235 460 1014
52 1 1893
1945 2 78 824
1668 2 1919 1928
427 2 982 1249
611 2 2 444
1586 1 1025
563 2 117 1438
170 3 415 1186 1855
1650 1 1407
1846 1 1324
104 2 855 1435
170 2 80 1167
1160 2 3 638
855 2 473 498
693 1 1263
1296 2 672 1154
495 1 825
1759 3 519 688 1409
843 2 1179 1856
57 1 691
558 1 1428
529 1 234
1328 2 852 1842
932 1 886
707 3 723 1750 1848
1790 2 544 1433
1047 1 168
1139 1 978
920 1 527
1143 1 220
236 2 289 1335
1474 2 1501 1758
1274 1 899
422 2 24 1407
1507 2 541 1141
1092 3 362 1154 1643
1760 1 1267
1174 1 1234
815 2 680 1084
1877 1 1958
345 1 177
1362 2 290 841
1439 1 418
1156 6 28 533 610 868 1401 1990
94 2 358 1814
1701 2 953 1534
1841 2 686 849
581 1 1678
1312 2 1017 1373
3 2 939 1788
1407 2 314 1291
707 3 153 1234 1824
439 1 1485
1939 1 1223
152 4 117 194 845 1806
1407 2 431 1756
266 4 321 331 612 1930
1791 4 745 756 1495 1846
3 2 1097 1678
1225 2 1641 1852
1652 1 835
589 1 196
1264 1 1760
529 2 280 1786
686 2 1675 1971
168 1 526
1386 3 471 1741 1806
1228 1 15
929 1 567
327 1 1878
1186 1 1943
1625 1 1234
1606 1 1598
314 1 568
237 1 139
1853 1 1989
851 2 229 802
143 2 147 1631
1546 1 1100
708 2 1093 1687
385 2 12 1265
101 3 74 866 1224
748 1 1219
1037 2 441 1504
707 1 1776
545 2 1199 1919
1213 3 309 1671 1779
866 2 797 1714
464 2 367 1412
233 1 371
343 1 1781
260 1 1032
1811 1 498
348 1 869
407 1 1918
297 2 457 1157
1351 4 305 433 958 1571
940 2 28 859
964 2 260 433
578 1 1138
756 2 1270 1394
1472 2 236 1224
1599 1 1540
1637 2 655 1116
1342 3 421 585 1629
378 4 31 869 887 1888
962 2 534 1739
657 1 1910
442 2 1252 1747
2000 2 39 1690
1158 2 19 1368
1446 2 224 618
960 2 431 958
169 2 284 1328
1055 1 1094
1819 1 678
1282 1 30
1037 1 1073
1620 1 1916
934 1 1895
212 2 0 1901
598 4 167 238 361 567
780 1 84
1113 1 600
1218 1 145
63 2 290 1163
780 2 744 1231
1005 3 1211 1620 1638
376 4 532 1214 1257 1936
1459 2 1348 1552
1445 1 424
1052 1 1169
992 1 1591
1107 2 434 518
1556 4 837 1075 1771 1942
1065 3 242 1789 1985
1312 2 855 1296
404 2 778 1080
900 2 178 1719
996 2 378 1995
1037 1 1037
826 1 808
265 1 317
1443 2 1257 1846
853 1 768
1505 1 43
878 1 1252
1005 2 326 744
776 1 747
644 2 975 1159
164 2 480 917
356 3 681 1293 1692
538 4 1106 1249 1393 1576
1469 2 22 670
1861 1 1294
1589 2 660 1519
1498 1 100
1530 2 475 1128
121 1 1936
1429 2 958 1014
1338 3 914 1065 1331
1514 1 425
1823 2 1694 1972
1899 3 1041 1072 1550
1226 1 858
1673 2 434 1947
264 1 1490
1938 1 1615
1427 1 1551
1342 1 102
581 2 1278 1982
731 2 278 1206
1077 2 218 683
358 2 530 987
901 1 1245
884 2 911 1057
700 2 367 857
357 1 1316
1314 4 503 1065 1157 1314
265 1 1686
1406 2 384 1664
1665 2 177 178
7 2 324 1001
1903 1 1941
1244 2 258 1047
152 1 1552
116 3 5 982 1163
766 2 1267 1345
73 2 726 827
1177 1 1086
366 1 1770
1655 1 1668
801 4 182 290 361 1249
65 2 453 622
664 1 869
1038 3 945 1072 1214
1220 2 335 1186
1442 2 342 433
221 1 1744
1090 1 1407
658 2 553 1040
463 2 1510 1744
499 3 1298 1816 1958
1402 1 1234
854 1 1019
367 1 1223
1984 2 506 1627
96 1 1084
1174 2 849 1832
1246 3 128 129 1105
826 1 789
1148 1 522
519 2 384 1712
1908 2 117 1312
1605 1 1770
1547 1 1559
1702 2 783 1296
710 1 19
1362 1 386
664 2 511 1139
1827 1 1321
1674 1 1040
1446 1 157
971 1 227
1503 3 639 1149 1392
1144 3 1072 1971 1972
1453 2 705 1727
1343 1 1393
81 1 1539
993 3 345 1279 1684
1443 1 539
433 1 1355
100 1 732
50 1 1155
1521 2 867 1955
1301 1 1598
1846 3 309 754 1106
881 1 1752
161 2 1328 1401
900 2 1328 1425
1536 2 1399 1882
810 1 888
161 3 218 855 953
1490 1 670
443 3 569 1143 1392
1005 2 428 1901
118 1 843
447 3 824 1188 1470
1781 1 1066
1151 3 337 359 1956
428 2 1089 1761
1521 2 1407 1526
1435 1 1362
368 2 1014 1766
1990 1 1431
165 3 87 460 575
1499 1 1705
800 1 1318
1325 1 1855
1502 2 1587 1676
1589 4 275 1001 1277 1813
1684 1 1918
1884 3 427 503 846
1104 2 61 1158
1556 2 1550 1816
915 3 674 1368 1848
255 2 859 1145
1745 1 707
831 1 544
547 3 1014 1229 1272
906 1 593
62 1 318
1086 1 1320
1576 1 68
1321 3 106 1184 1742
1643 1 987
591 1 1966
332 2 270 1777
731 1 861
1847 2 1814 1989
59 2 287 1615
1177 3 1141 1314 1950
1001 3 510 1702 1986
1941 1 417
146 1 1664
1143 2 837 1033
381 2 701 1838
1090 1 214
1549 2 747 1856
242 3 781 1573 1645
808 2 340 732
417 1 530
538 2 683 707
1559 1 806
969 1 969
746 2 259 957
1267 4 680 1461 1804 1902
1651 1 624
1092 3 505 551 1552
1069 2 1128 1842
359 2 1221 1944
1885 1 1412
31 1 637
254 3 155 498 1929
1776 1 1949
1396 2 519 699
103 1 1055
693 1 1100
1446 2 1248 1928
1938 2 746 1248
282 1 1438
1834 1 795
387 2 200 1273
1295 2 632 1810
1919 3 544 1194 1638
174 3 270 457 1150
187 1 1367
1776 2 436 1319
1169 1 87
1445 2 127 641
816 2 827 1317
642 2 192 1657
50 1 1966
581 2 192 1185
1066 2 77 1319
1236 1 1313
988 1 1018
1722 1 224
1904 2 678 768
1940 2 1362 1983
1291 1 884
286 2 59 1742
1661 2 497 1469
170 1 52
1543 3 187 1428 1762
824 2 548 1440
1255 3 948 1150 1195
1291 2 787 1089
824 2 81 1736
173 1 987
1839 2 1012 1929
1070 3 109 807 1726
929 1 856
1908 1 843
1618 2 760 1835
688 1 96
827 1 12
1407 3 749 1073 1331
99 2 701 1798
615 2 247 1136
302 1 831
1560 2 24 242
170 1 1147
1421 1 1703
1049 1 1974
1938 2 622 1188
11 1 182
790 4 371 631 783 1229
1503 1 1832
526 1 1526
339 2 588 1586
1828 1 1280
1602 1 1278
931 1 511
949 1 1621
1452 2 475 1118
968 2 767 1169
1895 3 347 1260 1788
1882 1 132
1287 2 1120 1970
1761 2 669 1777
1975 2 679 1618
689 3 1026 1740 1756
782 1 603
1673 2 1025 1218
1516 2 1126 1491
1645 3 571 1518 1787
1221 1 1923
750 1 1709
892 1 1573
63 1 191
1804 3 296 1056 1947
647 1 1155
463 1 1518
844 1 1279
1746 1 1484
1968 3 637 1770 1976
717 3 819 1265 1367
1701 2 22 911
1957 2 477 1604
1800 2 1005 1739
1771 1 1233
1207 1 1399
1649 3 1008 1703 1827
586 1 854
1042 3 98 128 352
1893 5 901 1118 1623 1652 1788
433 1 27
1711 1 194
94 2 1024 1958
1102 1 84
710 1 1143
927 1 48
632 1 1947
1113 5 12 359 479 1120 1241
261 1 460
1278 3 685 1804 1838
1364 2 867 1273
484 3 1192 1399 1577
1559 6 73 215 709 800 893 1720
592 1 491
1573 1 764
805 2 361 1980
815 4 409 624 1169 1480
1781 1 127
1446 3 542 639 1095
47 1 1453
1499 2 270 1529
1157 1 1057
20 2 286 618
1657 3 452 1149 1840
622 3 106 1222 1814
236 1 1574
1429 1 1452
1778 1 127
1780 1 1024
1620 2 159 849
1812 1 1747
436 3 1430 1574 1778
1502 3 634 1433 1903
443 3 679 893 1614
1526 3 393 1205 1438
1995 1 1089
365 1 808
1598 2 297 1118
265 3 683 778 1116
1587 2 9 1290
492 1 196
1672 1 707
1951 2 133 1794
401 1 45
754 1 534
814 1 872
18 2 692 1143
278 2 1056 1896
1538 2 284 591
1631 1 1468
1008 1 398
988 1 319
1071 2 1155 1296
1955 1 1631
1616 2 505 1325
979 1 1523
360 1 1797
1153 1 972
696 1 1481
949 2 261 789
1994 1 1336
1566 2 622 1128
84 1 1448
1802 2 27 1068
721 1 1331
592 1 9
1536 2 885 963
1093 1 263
600 1 1335
604 5 479 729 924 1021 1293
1048 1 576
1604 2 436 1612
1395 1 162
405 2 767 1444
1686 1 312
1134 2 498 1551
1755 1 958
1575 1 726
18 3 602 996 1457
230 3 196 869 1329
1617 2 777 1331
742 3 680 927 1872
213 1 1950
659 4 608 974 1211 1938
577 1 1859
675 1 1550
579 1 1401
1282 4 705 993 1642 1649
376 2 868 1712
57 1 1172
1628 1 591
735 1 291
560 1 1133
1731 2 320 1573
184 3 302 1241 1923
1750 1 603
980 2 934 1603
1236 1 258
825 3 558 672 1218
989 1 565
1145 3 1162 1678 1942
592 1 246
1468 1 461
1918 1 1176
1321 3 153 358 1248
195 1 51
1552 1 1325
91 1 1434
1103 2 421 1064
1354 1 288
303 1 1942
1959 3 879 1100 1345
1991 3 3 168 1664
1556 2 24 1645
1631 1 234
607 3 485 573 1601
458 2 169 904
54 1 975
1546 1 1630
1795 2 772 789
1355 1 1734
1284 1 176
1821 1 490
1889 1 992
1098 1 944
197 3 224 944 1494
1224 1 453
1853 1 745
465 1 897
1034 1 1412
1826 3 514 1051 1983
261 1 1657
473 3 539 1329 1769
1103 1 1859
298 1 1324
319 2 678 1124
1468 3 193 278 290
195 2 1390 1439
1011 1 875
1314 2 31 1607
1114 1 100
838 1 1664
1660 3 434 1084 1434
1485 1 387
1192 2 944 1544
256 2 1269 1927
385 1 394
888 3 498 1877 1955
829 1 1051
1198 1 332
659 1 992
359 3 97 807 825
1937 1 955
1957 1 1574
4 1 1267
898 3 28 304 1341
288 1 818
847 1 1606
818 3 9 126 512
1174 2 657 1577
936 1 1827
1725 1 2
434 1 1025
459 3 27 874 1573
1761 1 472
664 1 320
1617 5 363 1136 1190 1544 1951
1211 1 1418
141 2 337 1103
161 2 1401 1973
1832 3 8 431 1587
371 1 1497
641 3 221 638 1303
1209 3 340 1530 1783
1696 2 672 1620
894 2 961 1319
1539 2 441 1630
413 1 563
1096 1 1741
897 2 114 157
1508 1 939
488 2 42 764
1673 2 59 785
1445 2 1260 1895
1978 2 1353 1535
1206 3 1319 1359 1698
1368 2 696 1832
1864 1 1886
1370 4 622 783 1921 1946
433 2 22 1344
227 2 221 1993
838 1 1077
1473 1 674
981 4 360 376 747 749
1490 1 1633
939 4 1206 1485 1735 1897
1974 1 577
98 3 263 456 1455
592 1 1983
533 2 190 934
1185 2 224 1019
982 1 897
1376 2 377 1752
91 2 732 1177
1046 1 84
261 1 917
1459 1 293
1385 1 1803
1354 2 817 1798
1329 2 303 1989
94 1 254
342 1 518
297 2 1638 1850
1192 1 1147
105 1 71
58 4 150 494 763 1331
1362 1 1158
348 1 1536
1377 2 248 982
658 1 1317
767 1 367
1407 1 148
1962 2 1167 1664
439 2 553 1938
694 2 519 1150
526 3 358 955 1629
1891 1 955
694 3 505 1261 1758
1792 1 1542
1555 1 1224
677 1 1136
266 3 163 550 1989
136 2 1538 1832
725 1 1316
897 1 1218
288 3 510 1749 1829
1109 2 481 996
241 1 1184
1145 1 935
1145 1 84
1500 4 701 1412 1480 1856
656 2 1264 1461
557 1 409
1758 1 939
780 2 65 818
1731 2 523 569
1476 1 238
1331 1 1346
1931 1 229
853 2 679 1669
43 1 1726
380 2 705 1954
1910 2 162 367
993 3 943 1169 1858
320 2 595 1163
477 3 175 1194 1455
291 2 221 1447
2 2 186 1710
604 2 74 1183
948 1 916
38 2 128 1982
1041 2 468 1840
1585 1 1540
946 3 569 1246 1710
374 2 185 1360
1251 3 425 879 1480
673 1 1856
783 2 456 1485
915 1 1722
1023 2 1059 1544
1490 2 293 755
202 1 730
1015 3 380 1306 1450
474 1 691
422 1 1710
652 1 373
1581 2 573 586
200 2 934 1409
633 1 694
512 1 1558
899 3 201 588 984
1246 3 206 879 1214
1325 3 985 1470 1552
1234 2 880 1722
1242 2 603 1905
708 6 292 754 906 1022 1355 1918
428 4 230 303 708 1596
1242 2 415 730
169 4 12 1550 1620 1983
646 2 414 1032
1232 2 1270 1803
1403 1 1982
1415 1 1235
1807 1 168
176 1 1292
689 3 1346 1936 1984
1965 3 201 296 696
611 2 87 856
1205 3 369 969 1938
806 3 468 1696 1903
96 1 266
1475 2 106 1760
250 1 1816
915 2 1662 1697
12 2 806 816
1606 1 875
725 2 525 1001
636 1 1457
1553 2 518 1204
502 1 417
1038 1 1721
1345 2 756 1582
1474 1 718
507 1 879
162 3 228 527 1936
11 3 335 448 1159
1155 1 1346
816 2 436 1061
130 1 1287
860 4 104 153 612 1579
646 2 514 1577
1878 1 178
39 1 432
192 1 1577
157 3 127 1089 1124
1391 2 190 642
1522 1 276
1139 1 216
1458 1 177
162 3 762 1249 1573
1673 1 96
1864 1 1524
1240 1 460
218 2 327 410
1322 3 1750 1804 1965
144 2 323 1747
1065 3 1905 1932 1998
1103 3 30 787 1223
617 2 249 857
153 2 88 1810
1576 1 1341
1233 1 238
587 1 1218
1834 2 522 1842
1002 1 1787
790 2 913 936
79 1 1232
198 3 196 595 1156
1902 1 1832
130 1 471
557 2 660 1663
1387 4 846 1138 1664 1990
792 3 159 518 1347
820 3 785 1330 1573
1140 1 1122
1631 1 1996
1278 3 87 448 1270
662 1 1640
1285 3 51 924 1996
530 3 263 768 1010
1449 1 503
371 1 1378
1388 1 1287
306 1 1303
908 1 1599
1205 1 643
675 2 651 1997
945 1 238
1289 2 74 147
820 3 201 246 641
1427 1 917
976 2 1140 1810
231 2 150 592
1861 1 1407
397 2 1219 1821
102 2 1018 1929
954 1 1536
253 2 634 919
1423 1 948
962 3 1157 1574 1802
847 3 1599 1800 1968
1897 2 335 1346
1869 1 841
712 1 1451
638 1 1778
755 2 575 1540
1886 3 229 1005 1451
141 2 845 1280
1502 2 264 683
56 2 736 1543
1442 1 887
969 3 177 939 1882
374 2 1307 1534
1910 2 1193 1627
143 2 31 1193
458 2 1269 1364
1658 2 1303 1878
908 2 953 1609
88 3 577 649 1430
1898 1 1943
1114 1 238
1313 1 35
1919 1 331
256 4 1476 1544 1779 1941
1406 1 1229
125 2 936 1735
723 1 920
1847 2 409 1552
1792 1 1145
356 1 28
1692 4 544 1095 1395 1455
1079 1 1466
39 1 2
1522 1 1112
961 1 1095
563 2 148 1869
1473 3 1006 1630 1849
1811 1 1159
43 2 810 1277
729 3 423 560 1725
954 2 1373 1872
1878 2 103 1025
1790 1 1419
1105 1 1018
1019 2 73 457
1255 1 1048
1622 2 1685 1965
1442 2 1712 1848
686 2 622 1184
1826 2 294 715
1625 1 444
1233 1 161
563 2 429 1362
1205 1 169
1268 2 560 1103
1172 1 1760
238 2 129 993
1195 1 578
646 1 21
1113 2 361 912
101 1 1372
940 1 677
1976 2 104 1263
868 3 554 901 1716
613 3 762 1533 1849
1258 1 1736
1140 1 1073
1453 2 723 761
389 1 1473
1503 2 746 951
306 1 1205
1593 2 8 1457
1126 3 960 1080 1486
1819 1 1234
20 2 246 468
1826 1 1336
1291 2 1571 1848
368 3 73 932 1987
1337 2 1356 1923
1055 2 718 1770
1095 2 678 1145
1639 1 1636
1018 1 1489
1899 3 68 192 1910
1109 1 379
662 2 953 1673
230 1 1294
1390 2 615 1551
100 1 1764
920 2 320 1206
1500 2 1252 1764
1748 1 1888
987 3 88 1552 1727
167 1 1668
1634 1 0
519 3 603 1585 1831
209 2 1110 1587
1168 2 570 852
7 1 854
1019 1 1867
786 1 519
396 2 595 1802
405 3 275 1117 1783
198 3 1055 1650 1715
1558 2 884 1605
1182 1 1418
1315 2 657 1184
731 5 216 730 1012 1264 1929
1634 1 297
1197 3 145 497 1496
1056 1 1457
1345 1 1412
1748 2 456 1414
1238 1 347
282 1 1158
1443 2 1596 1641
1893 2 875 1631
159 2 598 1345
79 1 1156
1600 3 201 303 900
610 1 1469
457 2 228 1081
1962 1 917
255 2 669 1489
209 2 985 1264
1812 2 462 1150
1838 2 662 694
270 1 688
1981 1 688
1778 1 946
560 1 1093
750 2 1101 1524
776 3 176 578 1030
329 1 610
650 1 505
694 1 655
1181 1 148
342 1 386
1236 1 1952
1918 2 28 1702
1994 3 367 786 1589
444 2 1450 1472
1771 2 374 1749
689 2 9 358
1776 2 1270 1869
1878 1 641
1136 1 1648
18 1 1990
256 1 162
1412 1 835
489 1 1849
640 2 987 1803
779 2 169 1504
1422 1 252
1605 1 1093
1943 1 963
917 2 810 1203
995 2 1177 1623
546 2 132 1806
1894 1 281
1731 2 1480 1636
558 2 257 1631
1632 3 215 284 1571
1585 4 1334 1494 1720 1915
1047 1 1540
1224 1 366
1539 1 1875
1915 1 568
224 2 809 1979
508 1 1469
1307 1 837
1291 2 453 1406
1485 1 1786
1898 1 1189
1419 1 1291
1173 4 391 411 795 1177
238 1 1110
1134 1 48
587 2 825 1545
1519 1 1068
981 1 795
1725 1 841
1647 2 679 1603
1402 1 1335
1572 2 190 597
443 1 417
1543 2 598 1469
754 2 429 1072
1981 3 409 1155 1163
1160 1 292
1082 1 1192
941 2 1414 1444
1631 2 1346 1986
1418 2 681 887
116 2 312 1734
11 1 1324
1849 2 1744 1917
985 1 1690
864 2 3 1204
1970 2 904 1249
909 3 752 1523 1824
1070 2 1530 1709
758 1 1246
1602 1 1596
237 1 612
780 1 940
502 2 414 1744
1258 1 303
1904 1 1213
1470 2 832 1206
162 2 677 1705
1439 1 217
1045 2 39 490
335 1 1554
598 1 463
801 1 226
327 3 19 900 1645
19 1 1172
1697 2 1324 1781
908 2 421 577
1468 2 803 1660
806 3 286 1134 1685
627 3 858 1761 1803
704 2 423 1124
894 2 715 786
204 4 184 781 802 1819
1110 1 1095
1755 2 935 1776
1261 1 764
48 2 312 740
265 2 851 1921
1634 1 1192
283 1 843
252 1 1472
320 1 551
696 1 1698
811 2 215 1409
25 1 1944
1981 1 1650
880 2 593 1201
385 2 485 1024
918 2 845 1612
1859 1 65
1446 1 280
407 1 77
694 1 1781
546 1 1127
1647 2 87 866
1705 2 132 1742
847 2 568 1116
1246 3 290 457 1952
200 2 273 920
1970 1 273
1631 1 1945
1826 2 126 560
632 2 452 1756
365 1 1589
817 1 1400
1006 2 157 1554
742 1 681
428 1 1650
1078 1 1921
1404 2 80 1395
578 2 920 1361
730 2 429 1631
213 2 1408 1557
1549 3 702 980 1329
133 1 1192
1351 2 354 1806
1821 2 978 1192
782 1 855
1413 1 1747
1333 3 259 841 1046
1695 2 795 1761
152 3 214 800 1794
1017 3 354 1252 1676
1425 2 326 1819
217 1 1913
1579 1 586
640 2 642 1914
1005 3 342 775 1762
116 2 736 963
1226 3 87 740 1540
519 2 1798 1899
790 3 627 1136 1989
1279 4 231 548 560 1061
1015 2 0 1852
1797 2 8 1987
1660 3 653 833 1875
1520 3 193 1461 1497
1473 1945 258 937 1390 800 254 786 1523 175 374 190 1518 144 1589 756 425 1915 951 1838 1686 378 1203 558 65 732 1435 869 1232 1183 1439 560 45 1144 726 724 1018 662 591 1946 457 1233 940 485 1142 832 1095 857 159 1951 1447 1040 1915 1204 691 824 97 453 284 544 1170 1636 1677 476 1064 505 637 1072 943 1599 1313 109 491 621 1495 1329 30 1641 84 1367 756 48 634 1464 691 1769 912 718 1831 471 1032 1958 1077 1457 1676 901 1313 60 1401 1312 787 1292 1735 867 1006 1466 1116 1529 87 1947 384 1868 633 1961 68 426 1961 727 950 672 678 694 103 1603 701 742 588 843 989 114 600 1083 1698 1912 1306 1026 870 1993 1457 1057 1433 1872 452 1318 939 1175 725 777 1179 1231 816 1996 1334 597 1980 600 1953 327 1982 1094 1159 386 1981 1336 937 681 1149 298 1269 770 1771 1861 1150 1178 1419 679 1987 1088 1268 570 900 280 379 1364 1810 1531 1951 1585 1428 1489 270 1604 1261 899 603 1721 978 49 1669 142 696 937 1962 1350 1495 573 1312 373 1196 985 512 1066 252 1218 961 1177 228 1139 1669 1934 226 1979 380 1565 194 217 1997 866 1206 423 1184 1061 1018 1574 1252 281 326 292 1896 1660 1270 1620 303 1418 1142 709 380 775 273 1082 424 1642 551 1175 221 1055 1767 1766 1849 940 291 394 1842 178 1633 1938 615 157 349 302 1990 1412 1776 1450 1214 1869 1687 1913 875 1923 358 1109 1232 677 1465 913 610 1033 1290 460 1495 323 1905 506 1273 884 1279 1642 1695 1469 1353 98 1675 1320 1318 1394 1799 1680 1685 810 354 1882 1403 1973 1182 982 1172 1952 13 612 1633 726 1137 1007 1185 1344 51 409 945 57 950 1431 231 539 1821 1414 1706 1453 455 1787 220 1303 117 1607 533 1933 678 290 200 1005 1640 1097 786 1785 463 1701 1439 360 1349 624 36 1869 1328 1644 1188 287 820 1439 1618 1024 1966 1273 1591 1715 1968 772 347 638 900 880 1773 1867 697 1499 1623 1930 73 1647 1713 554 59 1271 110 1968 1954 1182 984 1977 1694 1526 1069 1550 16 987 827 747 1501 1758 995 47 1753 9 548 1779 1840 1356 1899 1272 1983 1001 1103 1406 1447 1766 1133 109 917 1671 951 808 1869 1290 184 1678 1238 1252 1426 518 1321 1510 119 1941 1046 1332 519 730 1615 990 1337 745 1122 544 471 321 1828 1998 196 1622 337 424 1022 234 912 74 767 534 361 1307 281 1834 1084 1430 139 1635 1645 885 700 1296 1950 622 1541 1947 770 130 128 1614 345 913 74 276 903 1914 1283 1965 51 1235 1321 411 1777 1346 463 1657 1455 1591 1930 225 1668 309 1997 627 192 227 1727 1468 1403 1141 1159 1995 653 755 1234 462 1408 761 60 797 607 1979 1163 1145 1046 1829 432 1401 1334 1466 621 569 227 1163 1154 634 287 1049 1255 1065 193 788 1188 230 1012 1719 1264 707 511 922 1607 1155 475 263 1404 1868 330 783 974 887 1254 1773 397 1919 511 1143 1257 1272 1770 39 186 978 1547 1606 1401 317 1987 935 1552 1778 1001 709 643 867 1476 490 1120 1021 867 1353 1264 452 1538 27 1670 1435 1468 576 363 655 1206 680 168 22 577 418 505 1470 280 245 415 1334 220 1875 1265 1586 723 1399 1886 371 889 624 1147 578 1903 1814 429 488 1374 1685 288 672 1726 1587 280 1664 448 1551 1031 1901 817 61 275 868 1008 264 1445 1725 1341 1350 1921 1445 995 904 1867 1367 3 1643 1742 126 507 1536 1116 1609 1813 1923 736 1321 1170 875 206 699 110 648 1958 494 261 1676 468 1100 1158 1986 427 638 845 1476 1477 1550 563 1264 615 920 1360 890 1614 367 876 976 1345 1075 1537 1030 593 1280 1615 1520 1293 1169 1291 1117 1311 50 1183 1167 1583 1405 1505 73 1112 615 1957 332 752 1591 1897 1229 286 1368 688 1234 1974 715 916 328 1668 5 1917 227 0 1539 404 1624 1609 686 1334 368 957 1453 841 571 1902 704 1347 403 273 491 35 147 80 224 1048 1223 749 1574 672 1469 911 281 1804 1786 800 785 52 184 1277 1278 1895 936 1347 632 61 31 1461 1464 215 1554 1861 1664 854 867 919 1640 1290 335 642 1189 360 1631 163 1712 745 477 946 216 330 622 1448 912 1265 649 641 1536 352 705 1712 643 988 1031 1051 315 575 96 291 1729 1893 1424 1006 592 1750 153 958 1680 1675 593 1709 109 201 768 1914 29 97 319 1864 97 5 1109 939 1596 835 595 948 1092 216 893 144 762 1363 1190 93 651 832 1205 1150 1558 581 639 944 1201 1047 1438 106 1806 1457 1381 1893 996 441 1293 1783 1453 1873 1673 1789 1124 1573 192 728 1313 708 669 469 1947 1016 1137 1918 599 1213 989 238 1764 943 1182 889 1938 1149 1311 1974 154 934 376 1731 206 510 575 1614 955 852 612 1915 1241 145 1100 127 968 1399 861 1344 404 1747 55 348 781 955 1163 595 946 1474 490 808 551 852 876 168 961 1607 360 1248 660 1888 606 1246 945 1444 331 974 153 1504 876 775 1859 581 473 1176 1056 765 173 1759 1173 177 1970 1071 795 522 1703 1440 1615 1393 963 191 776 332 838 731 1813 436 1959 1513 130 106 1709 602 1497 359 1824 369 1693 47 1007 169 534 1750 1524 1452 631 1577 288 1257 1105 1008 526 1944 1882 335 433 685 527 1705 858 68 229 1741 236 932 1677 975 1140 562 1942 114 337 1133 88 147 202 872 227 586 77 578 1605 1736 1425 1314 1540 1068 1822 1984 934 749 480 915 759 1642 1989 426 417 1976 1271 1319 1017 697 1195 699 1167 1985 1956 1495 1179 690 1361 831 1739 1344 1233 849 807 1372 1447 52 901 1371 428 444 1949 1781 790 702 953 1741 1902 1816 1433 1924 1665 1719 1697 638 193 980 1432 1399 1744 362 939 613 1071 1395 374 1014 762 1335 110 1064 452 498 729 468 956 377 292 1439 1529 715 1647 1193 314 1415 1559 192 1138 77 243 1669 230 71 1630 411 8 1706 1726 1576 1294 683 1557 1937 191 1432 363 1355 177 511 1100 227 1526 1405 214 1486 9 1827 1222 1530 22 1827 986 568 1539 498 431 19 1526 1848 746 600 238 1350 1852 1598 1017 606 424 1989 778 791 709 104 969 1824 803 786 1542 103 249 1257 936 1850 832 1162 30 373 618 586 235 1245 627 1734 311 655 1324 1895 266 1291 729 822 1081 347 1955 1767 895 189 1251 1137 1761 1635 701 802 1298 774 1429 1359 1192 280 787 1564 1162 1855 1752 259 468 718 660 1612 394 1314 1764 950 1770 1089 1785 1026 627 379 752 1019 1724 568 12 1675 1136 1170 876 193 638 818 440 484 1183 1625 1041 285 106 186 1966 1428 182 1648 923 1776 569 1491 875 12 342 461 1583 1378 490 286 333 35 1886 694 1752 1549 789 608 248 278 398 665 200 1972 1852 929 532 1388 934 1159 1267 117 1481 542 981 1183 1469 434 770 851 530 885 1373 1689 1831 1946 1374 1485 1080 453 1324 1225 906 1145 27 960 975 1073 155 1927 1283 868 1095 1014 1822 1710 1127 665 1477 1779 1484 1910 1873 1544 342 305 1702 736 989 944 1760 890 888 1554 892 1652 518 387 35 1802 1650 1261 1313 257 296 550 541 922 1780 721 23 1054 831 768 391 1586 1116 1249 178 421 914 1981 1798 182 187 1409 1868 1175 236 1086 476 856 1345 1048 551 293 190 1335 1571 276 1759 1905 1317 1452 455 243 1686 705 759 259 1543 337 1962 985 1731 642 1634 638 680 9 724 1518 459 514 481 504 904 47 532 1725 721 1858 440 692 1341 710 1729 1521 175 924 1882 763 284 190 887 1148 374 666 855 225 1254 523 1392 74 1228 1331 1316 1505 1638 622 1554 685 157 1306 1835 744 1407 167 1402 1101 1287 1281 1097 1535 133 1979 906 1752 1692 574 703 1007 51 666 231 1814 497 1641 956 1426 1578 816 1994 1481 819 248 1945 620 1568 1480 1313 1016 764 78 1840 927 1545 144 894 1579 414 1206 835 1111 1106 1193 436 1445 1552 1101 327 606 525 1199 724 1400 940 625 666 1176 1606 807 1378 687 670 1800 764 24 1615 5 1195 1476 660 1439 429 917 1986 1533 1037 1317 391 1835 1797 1601 1307 1062 1134 820 1705 1409 1943 1448 610 1172 19 1690 1093 1432 161 864 1030 512 683 897 1888 1384 1496 1202 397 754 585 410 1720 578 1065 286 1054 633 1419 1444 1407 795 832 1395 309 667 291 1625 111 1438 460 1981 760 728 1734 185 692 119 1440 386 42 553 79 1533 1864 1882 777 1994 833 724 1033 340 593 148 1863 959 1223 1162 102 320 1230 1490 1716 1479 615 1051 367 1092 715 1788 1219 1372 485 175 1814 1182 581 1819 1089 393 1223 1598 1878 903 201 1033 657 1604 1762 1910 1444 230 1859 484 1194 21 1016 1696 1378 1390 701 530 1588 1962 795 1583 1313 1971 462 247 1680 1621 728 1049 222 1393 797 1663 1785 1344 497 625 1740 806 456 913 1186 1758 1570 80 519 1703 1472 1169 825 1756 324 369 1403 735 708 195 1501 157 1599 1278 1350 503 886 1936 919 1118 959 246 530 1524 837 352 946 774 1362 1277 1619 1133 690 1982 121 1300 1570 321 243 820 1803 568 1832 1846 1012 486 432 745 242 88 1179 1172 577 1929 1292 1260 309 227 1997 28 993 1491 1157 202 1519 145 1010 1448 1856 1261 1319 740 65 1286 1181 1348 1156 1142 1827 993 15 27 781 778 560 846 1781 297 1362 59 366 1344 1128 1221 655 1343 104 1722 290 1024 1171 1419 1952 1606 859 1443 1894 366 1330 985 132 1428 764 1863 1357 1582 683 1506 1615 639 1234 870 1262 1331 1046 1698 479 1684 756 1694 1591 1794 260 1971 1848 770 1932 1604 1185 1887 159 765 522 1005 808 598 560 1126 1759 1451 1916 129 1148 458 674 1629 1263 1914 1434 294 2 666 61 1564 809 567 42 434 685 1749 1286 452 1290 371 1336 743 1232 361 81 1946 1211 312 1506 1224 479 1147 305 367 260 1368 1534 1726 946 1255 299 1641 1268 1649 1110 1499 1766 1611 1213 1360 77 304 1729 1025 1962 135 864 176 1324 121 162 205 1662 665 1545 1494 1722 984 1141 879 407 100 1798 1742 1350 1944 1103 874 1714 218 267 908 733 472 150 241 1715 463 1895 1819 1267 992 936 1996 1619 1133 1554 1059 1077 1514 872 1402 1319 1901 1954 1819 1848 1877 429 326 1426 237 43 485 1673 1627 941 1325 318 568 1541 1490 289 972 1150 440 1751 263 275 565 1928
