2000 1999
741 1 5
379 2 0 1
296 2 1 8
207 1 8
623 3 1 5 10
1124 5 1 5 6 8 9
843 1 4
1387 5 0 1 4 7 10
393 1 9
1532 2 2 3
1901 2 5 7
101 2 4 9
1712 3 0 1 9
1967 4 0 4 7 10
1301 3 0 1 10
1434 3 3 6 7
1244 1 7
1186 1 5
1235 2 4 7
887 5 0 2 3 5 9
1136 3 2 5 7
275 3 2 5 7
1718 1 5
486 2 9 10
1282 2 8 10
1804 2 4 6
1488 2 5 9
1148 4 0 1 5 7
886 4 6 7 9 10
67 3 2 8 9
883 5 0 1 2 5 7
1528 1 7
256 1 3
897 2 0 7
255 4 0 1 5 10
555 3 5 6 10
831 1 0
436 2 2 9
1418 2 4 7
1435 3 0 5 7
420 3 5 6 9
1434 2 5 10
39 2 1 3
268 1 8
1971 2 5 8
999 3 1 5 8
1022 2 0 8
1486 5 3 4 7 8 9
1531 2 2 5
1270 1 5
1964 2 0 3
868 1 7
1845 1 8
536 3 2 6 7
1042 2 2 7
439 3 4 5 6
212 3 0 3 5
818 1 2
316 1 2
1364 3 3 4 5
807 2 1 9
40 3 4 8 9
1262 2 3 6
488 1 6
64 4 2 5 8 9
562 1 8
1275 1 7
279 2 0 8
597 1 10
530 2 0 10
1208 1 1
859 4 2 5 7 10
1485 2 7 9
1693 2 4 10
1850 3 3 7 9
1304 1 2
851 4 1 2 4 9
1824 3 6 7 8
397 2 2 9
1484 3 6 8 10
1117 2 3 10
1217 2 0 10
509 3 0 5 6
1734 1 2
1614 1 3
895 2 1 4
410 3 3 4 8
71 1 8
165 1 6
1017 1 4
1358 3 1 6 8
14 1 7
571 4 1 6 7 8
1814 3 1 6 10
87 1 9
391 1 3
1497 2 5 9
1770 2 1 10
144 1 3
438 2 0 8
83 2 4 9
853 1 9
528 3 7 9 10
1987 3 1 4 10
1936 3 0 1 5
1232 2 0 10
1847 2 4 9
1277 1 3
1107 1 0
58 3 0 5 6
1126 1 0
649 1 10
1080 2 2 7
42 2 3 10
1423 1 7
575 3 0 4 10
1865 3 3 7 8
1025 2 5 8
410 2 6 7
1585 2 0 1
690 1 5
622 2 2 5
202 4 0 1 2 9
1124 2 1 5
996 1 6
1550 4 3 4 7 8
1320 4 0 1 8 10
1332 1 10
274 1 6
922 2 1 7
1502 5 1 3 6 7 8
1295 1 8
304 2 4 9
155 4 0 1 2 4
874 2 1 5
1026 3 2 4 7
1157 1 1
524 3 0 1 7
1422 3 7 8 9
1389 3 3 8 9
78 4 5 6 7 9
1386 2 2 4
963 2 0 10
216 1 4
279 4 5 6 7 9
32 3 0 3 9
479 3 0 2 9
24 2 4 7
1393 3 0 5 10
203 4 0 1 5 8
1227 3 4 6 10
1107 2 1 8
1897 2 4 5
164 3 0 1 2
308 2 4 8
447 2 4 9
1206 2 3 5
1134 3 6 7 9
239 3 1 2 6
168 2 8 9
1277 3 1 4 10
1677 3 1 4 10
1801 1 2
1016 3 0 5 8
1429 2 0 3
226 3 0 1 3
1051 4 1 6 7 10
1762 2 6 9
1682 2 0 5
817 3 1 4 5
1124 1 3
1750 1 1
2000 1 5
1600 2 2 4
882 1 8
433 2 0 10
189 4 0 1 2 5
1594 2 2 4
1150 2 3 9
1670 4 0 8 9 10
932 2 1 5
635 3 3 5 9
700 2 4 5
1307 2 0 7
340 1 0
1095 2 2 9
529 3 2 5 8
318 3 2 6 9
586 3 1 9 10
1926 3 1 4 5
1450 2 9 10
28 3 1 5 7
502 1 6
699 3 1 8 10
1047 2 1 5
1994 3 1 2 3
478 4 1 4 6 7
528 2 3 8
528 4 0 5 8 9
1684 1 7
152 3 2 8 9
1988 1 5
1172 1 9
1792 3 2 7 10
8 3 0 1 10
336 4 0 2 4 5
541 1 10
113 1 1
1200 2 0 5
1397 1 7
1196 1 1
1496 1 0
1650 2 3 7
1268 2 3 9
197 4 2 5 9 10
339 2 4 10
271 2 6 8
613 2 1 9
1775 2 5 8
349 1 6
1635 1 8
1108 2 4 10
266 1 0
452 1 5
1708 4 1 4 6 10
21 4 0 2 3 6
187 3 0 4 9
491 2 4 7
285 3 3 6 7
1526 1 3
47 4 0 1 5 6
518 2 0 10
1165 4 4 5 6 7
820 1 9
407 4 2 4 5 7
765 3 0 3 7
402 4 3 6 8 10
737 3 2 7 10
844 1 10
1799 2 3 7
1856 1 3
239 3 0 1 2
235 3 1 2 9
1919 1 2
1804 1 7
850 1 10
1367 3 2 5 9
1538 3 1 4 9
1581 2 2 5
670 2 8 10
1931 2 3 7
1029 3 2 5 10
246 1 6
951 2 6 10
1684 4 1 2 3 7
1224 3 1 4 6
1808 6 0 1 7 8 9 10
1845 2 2 9
1878 3 0 3 7
1496 1 10
731 3 0 6 10
1134 2 1 5
1847 2 2 8
377 1 2
383 3 1 5 9
617 2 2 9
17 1 2
206 2 8 10
805 1 0
1376 4 0 2 3 4
1669 2 5 6
1124 1 3
126 1 9
1429 5 3 5 6 7 10
1993 2 3 5
1978 1 7
1464 2 0 4
1410 1 2
909 2 9 10
1637 5 1 2 5 6 7
1031 4 0 1 5 9
1853 3 0 2 6
564 2 3 10
891 4 1 6 9 10
1691 2 2 4
421 5 1 2 3 7 10
168 3 5 8 10
1394 3 0 3 8
350 1 7
1293 2 4 10
344 3 2 7 10
1863 1 9
1926 3 1 4 10
915 1 3
515 1 0
1950 2 9 10
1345 1 0
1076 2 0 3
1560 2 0 10
1200 2 4 9
571 3 5 6 9
822 2 3 5
1719 4 1 3 7 9
1590 1 6
268 2 0 10
1965 2 3 4
124 2 6 10
544 4 3 4 5 7
1943 4 2 3 4 9
1161 2 5 7
253 3 4 9 10
638 1 0
1684 1 7
31 4 2 4 9 10
918 3 2 4 5
1199 3 2 9 10
755 1 7
1824 1 6
1208 2 6 10
1718 3 3 4 5
1280 1 9
946 4 1 4 6 10
1105 4 6 7 9 10
378 4 0 1 8 9
1349 4 1 2 3 4
605 3 1 2 3
10 4 1 2 4 9
1624 2 5 7
867 2 5 9
1527 2 2 4
1502 3 1 7 9
496 3 1 3 9
1516 3 0 3 9
1745 3 1 2 7
1472 1 9
1261 2 7 8
1775 3 1 5 7
627 2 3 6
1286 3 5 9 10
571 1 7
486 1 10
364 2 1 2
94 2 1 4
212 1 5
215 2 2 3
545 1 10
1665 3 1 6 9
2 1 1
1626 2 2 8
118 3 0 5 10
1654 2 2 6
172 1 7
1575 3 0 2 5
1469 3 7 8 9
933 1 7
1474 2 1 3
673 1 4
623 3 1 2 10
1376 3 0 7 9
1578 4 2 5 7 9
1583 2 3 6
1798 3 2 4 5
929 1 3
685 2 6 9
210 2 4 10
1018 2 3 8
1604 1 3
234 2 0 4
1983 2 1 2
1040 2 6 9
383 1 9
359 3 1 8 9
1978 1 1
147 4 0 2 6 9
1092 5 0 3 7 9 10
238 4 3 5 9 10
613 2 1 10
1638 4 0 3 4 8
131 2 6 9
518 2 3 10
1554 1 3
1810 1 2
1148 4 1 3 5 9
489 2 2 9
239 2 5 8
690 4 0 1 2 10
1156 2 0 7
378 1 7
106 2 6 7
885 3 4 6 7
560 1 2
1061 1 9
1669 2 3 6
835 3 1 4 10
1831 3 3 4 6
1742 3 0 8 10
441 3 2 3 9
1287 2 1 2
229 2 7 9
68 3 2 5 10
1181 4 2 7 8 9
207 2 4 9
1155 1 2
188 4 0 3 7 10
1195 3 1 5 6
493 2 0 6
1663 2 0 2
1070 3 0 1 3
81 4 0 1 2 8
352 5 1 4 5 7 10
1083 4 4 6 8 10
51 1 2
1729 2 4 6
1522 2 4 10
140 2 3 5
517 1 8
410 3 1 5 9
1232 2 6 8
669 3 0 3 5
862 5 1 6 7 8 9
1073 2 2 6
1583 2 1 3
430 2 4 10
1213 1 2
1034 3 1 2 10
69 5 2 3 5 6 8
322 2 0 5
568 5 0 1 5 8 9
163 3 0 9 10
475 4 0 1 5 7
1327 3 1 2 7
1255 2 1 5
1694 4 4 5 7 9
1978 4 0 1 6 7
1851 3 3 4 10
1983 2 2 5
1307 2 3 5
953 2 7 8
548 1 1
357 3 2 4 8
732 2 5 9
1672 3 4 6 7
1684 3 0 4 7
1366 2 1 10
780 1 1
1006 3 0 8 9
1240 1 5
796 6 0 1 4 7 8 9
424 4 2 3 9 10
1992 4 2 6 9 10
1480 1 6
600 1 2
305 2 1 9
1946 1 8
1959 3 1 4 5
1006 2 1 9
570 2 4 8
1094 2 1 8
855 2 5 9
952 1 7
1335 1 7
1 1 0
1093 2 2 7
932 1 9
323 3 1 2 5
617 3 1 5 6
731 3 0 1 7
153 3 3 7 8
512 3 5 6 8
890 2 2 3
1367 1 2
1053 1 7
1065 2 3 10
552 2 0 7
1734 3 3 4 7
483 2 4 6
230 4 0 2 4 6
257 2 5 7
1485 1 7
28 2 1 5
1007 2 9 10
349 2 0 8
302 2 3 8
1516 2 0 8
1419 2 1 10
1976 3 4 5 7
883 1 3
204 5 0 2 5 7 8
1145 1 5
1288 2 1 3
375 5 0 4 7 8 10
1775 1 10
1762 3 0 6 8
530 2 6 10
1586 2 1 5
13 6 0 2 3 6 8 10
1995 2 3 4
258 1 9
876 3 2 4 9
1935 7 0 1 2 4 6 7 10
544 4 3 6 7 9
302 1 2
655 4 4 8 9 10
677 2 7 9
1563 1 2
431 3 4 6 8
1650 2 3 6
1236 1 1
128 2 2 5
156 1 6
370 3 2 8 9
1565 1 6
177 2 7 9
1101 2 4 6
328 2 1 7
1385 3 2 5 7
128 2 4 9
761 4 0 2 6 9
1856 3 0 6 8
297 3 0 6 10
1082 1 5
1292 4 1 4 6 9
545 2 6 10
1600 1 4
1755 2 2 5
638 2 8 10
1777 4 0 4 7 10
617 2 1 2
1744 4 0 3 4 7
1882 3 3 4 8
1306 3 0 1 3
285 2 4 6
1859 4 0 4 8 10
1914 1 0
100 2 1 3
735 1 10
1186 3 3 4 9
1636 1 5
72 2 0 2
1158 2 1 5
981 4 1 5 9 10
1626 3 7 8 9
818 2 2 10
1567 4 2 3 4 10
42 2 9 10
416 4 0 1 2 10
755 1 7
1396 3 2 4 5
496 4 1 3 4 5
1499 4 0 4 7 9
1055 2 2 5
1381 2 7 10
121 5 1 2 3 4 9
27 4 4 5 8 9
478 2 8 9
1233 2 0 9
257 4 5 6 8 9
121 2 7 8
1817 2 3 4
343 1 7
672 4 0 4 7 10
613 2 1 4
1639 3 7 9 10
829 3 4 7 10
1633 1 8
1298 2 2 10
1422 5 0 3 4 6 9
1011 4 1 2 6 10
2000 2 1 10
813 1 4
1584 1 7
1712 2 0 8
396 2 4 10
1844 2 5 6
1676 1 1
1115 2 1 5
138 2 3 6
1208 1 7
1142 3 4 5 6
44 2 2 3
1021 1 6
212 4 0 3 9 10
421 3 4 6 8
1555 2 1 3
879 3 0 5 7
1893 2 1 5
904 2 1 8
632 2 0 4
732 3 1 2 5
1442 3 2 8 10
1710 2 7 10
994 2 6 10
236 2 1 4
121 5 1 2 5 6 8
859 2 4 7
1322 4 0 1 5 8
1921 1 5
818 2 6 8
1301 3 1 4 8
449 3 1 6 10
1935 2 6 7
1730 4 4 5 7 8
1588 4 0 1 6 8
1499 2 0 1
273 2 0 9
1718 2 2 10
83 3 2 6 7
1635 4 0 1 3 6
1396 2 2 9
1919 2 2 8
219 3 2 3 6
1398 2 3 6
1108 3 3 6 8
895 4 2 4 9 10
1287 2 4 5
166 2 4 6
1516 3 1 8 10
983 3 1 7 8
365 2 4 10
111 2 2 4
1486 2 4 10
935 4 0 2 4 5
1402 3 0 2 8
1562 4 0 7 8 10
263 1 9
283 1 5
1327 1 6
182 3 1 5 10
424 1 4
1055 1 4
892 4 4 5 9 10
516 2 6 9
1798 2 2 5
926 3 1 2 3
856 2 3 6
1136 3 1 6 9
1910 3 0 4 6
1381 2 7 9
1847 1 2
14 1 4
833 4 1 2 7 10
798 1 7
362 1 5
395 3 0 2 5
1848 2 0 2
1435 1 10
1881 4 3 8 9 10
1625 1 5
203 2 4 5
643 5 0 1 3 5 7
1485 4 2 4 6 7
1552 2 4 10
1788 2 7 10
768 3 1 5 10
1343 3 4 6 9
2 4 0 3 6 8
301 5 0 2 3 4 7
558 2 1 6
1748 2 0 8
95 1 3
619 1 9
150 4 0 5 7 8
1516 2 1 4
1114 2 7 9
782 3 1 2 4
176 4 4 5 6 9
1209 5 1 4 5 9 10
1701 1 0
1493 2 0 3
750 3 1 9 10
492 3 4 5 10
1499 2 1 2
164 2 1 9
1966 4 0 2 4 7
1419 3 1 3 10
820 2 0 10
1323 2 4 10
688 4 1 3 4 5
1634 3 3 6 8
1974 2 7 10
898 2 6 9
117 1 6
280 4 2 3 5 8
1649 3 1 4 5
916 5 0 3 4 8 9
149 2 0 1
118 1 3
1467 3 4 5 10
595 2 1 9
321 3 1 6 10
1851 1 7
1787 4 2 3 4 8
48 2 1 10
317 3 4 6 7
168 1 10
901 1 9
739 3 1 2 9
1486 1 0
139 2 1 3
149 2 4 5
1061 3 5 7 8
1435 5 0 1 3 6 8
284 1 6
685 4 0 3 5 7
364 4 3 6 8 10
1993 4 1 4 6 7
1059 3 1 8 10
713 2 0 9
283 3 1 5 10
914 2 1 10
65 1 2
1647 3 1 5 6
623 2 0 1
645 2 1 3
1714 3 5 6 7
1165 1 10
899 1 7
260 2 6 8
271 7 0 1 2 5 6 8 9
1794 2 5 9
474 3 0 4 10
67 3 1 2 7
393 1 4
1189 1 4
1217 3 1 3 8
567 1 7
1669 2 2 4
1651 3 1 5 10
57 4 0 3 7 10
923 3 2 5 8
548 3 0 1 4
707 2 1 4
451 2 7 8
509 3 0 2 9
1914 1 5
1386 1 7
1170 4 5 6 9 10
52 1 8
895 3 0 3 10
770 2 4 9
1418 2 4 10
1131 2 1 3
1775 4 3 5 7 8
1487 2 0 5
1874 1 0
349 3 5 6 9
1202 3 4 6 7
1200 3 3 6 9
138 3 0 9 10
1609 3 0 3 7
1483 2 4 8
257 3 4 6 7
1204 1 10
1189 2 4 5
801 1 8
817 2 9 10
1022 2 6 8
527 5 2 5 8 9 10
1672 2 5 6
1110 4 1 3 5 9
1800 1 0
1204 2 4 8
1495 2 7 10
1242 4 1 4 6 9
1999 3 3 7 10
1580 1 9
1475 1 4
1509 4 2 4 7 9
396 1 3
470 2 4 10
1654 2 3 9
1011 3 6 7 10
991 2 1 9
1858 3 2 5 7
175 2 5 6
1790 4 2 4 7 8
919 1 8
188 3 3 5 8
1517 3 2 6 7
1624 1 2
286 1 0
1877 1 5
484 2 2 8
1802 3 3 7 8
780 1 7
752 3 1 2 5
1088 1 8
1244 3 0 1 4
541 4 2 3 5 6
1073 2 1 5
1851 1 9
664 2 5 10
532 1 7
1630 3 1 3 6
548 2 0 3
128 1 0
235 3 1 6 9
783 1 10
883 3 0 1 8
375 2 5 8
1202 1 0
1839 2 3 6
1171 2 3 5
344 2 1 8
1885 3 5 7 8
1413 1 0
240 2 5 9
1785 3 2 3 5
1377 1 7
1065 1 3
1801 2 2 10
161 1 1
190 1 3
1131 1 6
2000 2 4 10
288 2 6 9
1195 2 1 4
625 1 6
1733 3 0 5 7
152 1 2
108 1 4
1568 2 5 6
1608 1 7
1069 3 1 5 10
1406 3 6 8 9
309 3 6 7 8
1498 2 5 7
575 1 9
846 2 3 9
466 1 0
349 2 6 10
1213 1 6
857 4 2 4 6 9
1860 1 4
227 5 0 2 3 7 10
1817 3 1 5 6
1018 2 1 4
788 1 9
1808 1 10
947 2 1 5
235 2 3 7
19 2 1 7
449 1 6
867 2 3 9
1505 2 7 9
601 3 5 8 10
321 1 1
1093 2 7 9
700 3 1 4 9
1341 7 0 1 2 3 6 8 9
1130 3 0 5 6
1671 3 2 5 9
573 3 4 5 10
424 1 7
1468 1 5
1069 2 1 6
404 5 0 3 7 8 10
1996 2 5 8
335 3 2 6 8
513 4 3 5 7 9
1959 2 5 9
8 3 1 5 7
640 4 0 1 3 8
1204 7 0 1 2 5 6 7 8
1477 1 7
289 4 3 4 8 10
1469 5 1 2 4 8 10
613 1 9
210 2 3 10
1115 3 1 3 9
835 1 10
1907 2 2 9
263 1 8
1967 1 4
646 2 2 10
1299 4 2 3 5 6
658 4 1 3 6 9
1450 3 0 7 8
1131 2 8 9
684 1 8
1327 4 0 4 6 8
415 2 0 5
896 2 3 10
1113 4 0 6 9 10
742 2 7 10
181 2 3 7
1505 2 7 9
1763 3 0 3 8
710 3 4 6 10
1139 3 1 3 8
1036 2 1 9
1191 4 5 7 8 9
543 3 3 5 8
418 2 7 8
496 2 5 7
406 2 0 10
1010 2 2 6
1983 4 0 1 5 7
241 4 1 2 3 10
1172 2 4 6
1083 2 5 10
24 3 2 4 5
1408 2 2 10
588 2 0 10
808 3 6 8 10
15 1 4
1740 2 4 8
1012 2 4 10
626 2 6 8
316 4 4 6 8 10
761 5 0 1 2 7 9
1020 1 5
204 4 1 4 7 10
1500 2 2 10
1665 1 3
671 5 0 1 3 9 10
1879 1 4
968 4 0 3 6 9
991 4 6 7 8 9
233 3 1 4 7
343 1 5
1729 2 5 6
1142 3 0 2 7
1733 2 4 10
1720 2 5 10
93 2 2 3
1464 2 6 10
472 1 5
1580 3 0 2 5
1748 4 3 5 6 8
605 3 2 4 10
1353 2 4 7
268 2 1 5
1034 2 2 9
1753 3 1 6 9
1145 3 2 3 10
438 4 0 1 5 6
946 3 2 3 5
317 1 1
807 1 2
1105 5 0 3 5 6 7
1720 2 0 1
846 6 0 2 5 7 8 10
1645 2 0 10
517 2 2 9
518 1 2
1785 1 4
1024 3 1 2 3
1968 1 5
1497 2 1 10
1025 3 4 5 7
659 3 1 6 8
1873 2 1 4
1848 1 6
1586 1 6
1015 1 3
1142 2 8 9
1838 1 4
1445 1 3
1252 1 5
1743 3 0 4 5
582 3 3 8 9
1796 2 5 6
1289 3 0 3 10
532 3 0 3 8
1291 4 1 3 5 7
1382 2 3 6
491 3 2 4 5
1913 1 9
1865 2 3 10
1775 3 1 2 5
1493 1 3
536 1 7
1662 2 5 10
165 1 7
134 1 2
1823 2 1 4
1387 4 1 7 8 9
1227 5 0 1 4 5 10
314 2 0 2
1595 3 7 8 9
218 3 0 1 8
1158 3 0 9 10
580 7 0 1 2 3 6 7 10
1744 1 8
1545 3 1 2 10
177 2 7 8
804 4 0 3 7 8
675 2 2 3
953 2 1 4
20 3 1 9 10
197 4 3 7 9 10
547 6 0 3 5 6 7 9
1659 3 1 3 6
2000 2 2 7
1959 4 1 2 4 6
1461 1 0
1093 3 3 6 8
1113 1 1
661 3 1 4 10
79 3 1 3 6
1413 1 5
1718 3 3 8 9
822 1 10
1592 2 1 3
286 2 1 10
391 3 2 7 9
880 1 2
1793 4 4 7 9 10
26 2 1 3
1785 1 2
883 2 1 2
836 1 4
1174 2 0 9
1954 5 1 2 3 7 8
1218 2 0 4
1641 4 1 3 4 8
736 4 2 3 6 10
1893 3 1 6 8
766 2 0 4
512 1 4
1717 1 4
1739 3 1 4 7
182 3 1 5 8
1659 2 0 9
1950 2 3 7
349 2 4 6
1874 3 3 4 7
1827 4 0 1 4 9
1954 3 1 6 7
108 4 0 4 7 8
1740 2 3 7
1976 3 3 4 8
680 3 4 5 9
1166 3 1 4 6
805 2 9 10
1616 5 2 5 7 8 10
1373 2 8 9
1490 1 10
1089 2 5 9
660 4 0 2 3 6
1750 3 3 5 10
277 2 4 5
130 1 7
1695 2 6 8
1999 3 6 7 8
1640 3 0 2 4
1209 5 0 2 5 6 8
1208 4 0 3 5 10
318 1 1
390 3 2 6 8
403 3 7 8 9
197 1 9
3 1 1
1654 2 3 10
166 2 4 5
1402 1 2
433 3 1 3 4
435 3 6 9 10
594 6 1 2 5 6 7 10
1287 1 10
10 2 0 2
561 1 7
23 3 6 7 10
1425 3 0 1 6
169 2 8 9
649 3 1 8 9
435 3 0 3 10
610 2 1 2
898 3 1 4 5
278 2 1 4
1901 7 1 3 4 6 7 8 9
173 3 0 1 6
1778 1 5
1797 3 1 3 8
1195 2 0 7
79 3 4 5 9
1683 2 0 10
866 4 2 3 5 7
1697 1 5
626 2 4 10
275 4 0 3 9 10
359 4 0 2 8 10
919 4 1 6 7 9
263 4 0 1 7 8
984 3 2 6 7
292 3 5 6 9
438 3 0 7 8
945 5 1 2 5 6 8
592 2 9 10
1124 1 7
1529 1 1
120 1 8
1896 1 10
1246 2 1 8
89 3 1 3 7
564 3 2 6 8
73 4 4 6 7 10
1464 2 2 6
1268 1 6
1393 4 0 2 3 4
1945 3 2 4 6
735 1 7
145 1 0
696 4 1 2 8 10
1342 2 2 5
579 2 0 10
1686 1 9
686 2 0 5
1832 1 1
404 2 7 9
125 1 8
486 3 1 6 9
1147 2 3 7
1763 2 2 9
1043 4 3 4 8 9
374 2 2 9
884 2 2 9
1875 3 0 7 8
61 2 9 10
286 2 1 4
805 3 0 7 8
227 1 6
1473 3 2 3 9
1225 2 3 7
391 2 0 2
1980 4 1 2 4 9
1696 1 4
774 2 7 8
795 2 1 3
284 2 2 7
858 1 0
699 2 7 10
218 1 5
530 4 2 5 6 9
1470 1 3
194 3 0 4 8
1036 2 5 8
475 3 0 5 10
1434 2 0 8
1507 2 1 4
1756 5 2 3 5 6 8
1080 3 1 5 9
1207 4 1 3 7 8
1889 2 7 10
559 3 0 6 10
796 1 6
1796 4 1 4 6 10
1278 2 2 6
622 3 1 8 9
1433 2 3 10
462 4 1 2 7 8
457 1 4
1622 1 0
844 4 2 4 6 7
1889 5 1 2 6 7 8
439 2 5 6
1417 1 9
1450 4 0 3 8 9
766 1 10
930 4 0 5 6 9
1856 3 0 2 10
573 2 0 9
817 2 0 3
1099 3 2 4 8
212 2 7 10
8 3 0 5 7
1795 2 2 9
1937 3 2 6 7
1708 1 2
999 2 2 10
235 1 4
94 1 0
1851 2 1 6
1729 2 3 4
963 4 0 1 3 9
1292 3 2 4 7
452 2 7 8
826 2 1 5
268 2 0 8
407 3 2 3 7
26 5 0 4 6 8 10
63 4 1 3 8 10
60 3 6 7 10
562 1 10
1676 3 7 8 9
1343 3 2 4 8
1089 3 0 2 5
1498 1 8
1652 2 3 9
1770 3 1 6 10
271 3 1 6 7
252 2 0 2
1967 1 2
316 3 0 1 7
1236 2 0 4
951 3 4 8 10
1617 1 1
1716 2 4 8
1252 2 5 10
1947 2 3 10
1268 3 1 5 6
1712 2 4 6
339 3 1 5 9
15 2 4 9
519 3 0 7 8
585 4 1 4 5 8
1591 2 0 10
271 2 5 6
947 2 1 4
983 3 1 6 7
1517 2 5 8
95 3 0 1 7
290 2 9 10
784 4 0 1 2 7
417 4 3 4 7 10
1487 3 1 2 6
722 1 7
619 1 3
1953 1 6
815 2 9 10
32 3 1 3 9
442 2 0 9
1768 2 0 2
441 1 0
1591 2 3 5
37 1 6
547 4 2 3 6 9
720 2 1 10
655 1 1
1939 2 3 4
1899 1 6
590 1 6
1047 1 4
474 3 0 4 10
1901 2 3 4
773 1 3
1792 3 0 8 9
640 2 7 8
1564 4 0 7 9 10
1353 2 8 10
1403 3 2 5 9
1760 4 1 6 7 10
1272 2 4 8
1423 4 1 2 5 10
575 1 5
1686 1 3
1603 3 0 7 10
1885 1 9
247 3 0 6 7
1136 3 1 2 6
818 3 0 7 9
1863 1 0
1773 1 4
181 2 2 4
882 1 8
1628 3 0 6 7
941 1 10
354 2 2 3
761 1 10
1554 2 7 10
1166 4 1 3 4 5
1204 2 1 9
1461 4 0 2 5 7
1245 1 10
1676 3 1 5 7
677 4 1 8 9 10
1355 4 3 4 5 9
1839 1 8
1042 3 1 4 7
1718 3 0 1 5
489 3 4 5 9
1189 1 4
1396 3 6 8 9
45 3 1 8 10
1258 2 2 7
560 1 2
1164 2 1 9
504 1 5
440 3 0 3 7
1967 2 5 6
680 1 1
182 3 3 5 10
449 2 6 8
1044 3 5 6 7
770 3 2 7 10
1475 3 1 5 7
701 3 2 7 9
169 2 6 9
1233 2 2 8
1976 4 2 4 6 9
1788 1 5
1804 2 2 9
1643 2 0 1
636 3 1 2 10
140 1 3
1298 2 3 8
1587 4 0 2 3 8
1025 1 5
1421 2 0 10
580 2 7 8
210 1 7
1686 2 1 7
1800 5 0 4 5 7 10
420 2 1 8
1031 1 8
613 2 0 1
339 2 9 10
168 2 1 9
106 2 3 7
534 2 0 5
509 1 7
42 3 0 2 10
1444 1 6
1354 1 2
595 6 0 1 2 4 6 9
1346 4 1 3 6 10
1265 3 2 6 10
1797 2 0 7
339 2 0 8
85 3 3 5 10
305 1 6
1747 2 6 10
1921 2 3 8
570 3 0 7 10
936 1 5
1858 2 4 10
1105 2 1 4
1851 1 4
1942 5 0 1 5 9 10
655 3 1 3 5
1573 2 5 9
359 3 0 2 10
1698 2 2 9
318 2 0 8
352 3 4 5 6
898 3 0 3 5
1174 2 1 6
850 2 0 9
462 4 0 1 2 3
1023 2 6 7
1900 3 4 7 10
1796 3 1 5 8
297 2 4 5
1565 3 2 4 5
606 3 0 3 7
1275 2 3 4
528 2 4 7
816 2 7 9
19 1 7
1154 1 3
1686 3 0 1 7
428 1 2
94 2 1 10
536 1 5
1131 2 6 9
448 1 5
1129 2 0 5
1364 2 5 6
283 3 3 4 5
841 2 1 8
64 1 1
424 3 1 7 10
1721 5 1 3 4 6 10
250 2 2 9
1342 2 3 9
1383 2 1 8
1092 5 1 2 4 7 10
1355 4 2 4 9 10
157 1 2
19 3 2 7 8
497 4 4 7 8 9
124 1 7
442 1 8
1262 2 0 6
711 3 1 7 9
698 3 1 3 9
285 2 8 10
65 1 10
1323 3 0 8 9
1377 4 2 6 8 9
685 2 5 8
1720 2 1 8
458 2 4 7
138 1 1
137 1 2
60 3 1 2 10
875 2 4 6
1710 2 8 10
1503 3 1 4 6
1760 2 0 10
982 3 2 3 10
881 1 7
779 2 3 5
432 4 1 2 8 10
1726 2 1 8
1222 2 5 9
702 2 0 5
709 4 3 4 8 9
1468 6 3 4 5 6 7 10
1061 2 3 6
1574 4 0 2 3 8
1483 1 6
491 3 0 3 10
942 2 9 10
1055 2 6 8
1254 3 1 2 4
190 5 0 1 4 6 8
991 6 0 1 2 4 5 7
1485 2 3 9
1097 4 0 5 6 10
687 5 3 4 6 7 10
380 2 4 10
1280 1 7
1393 3 5 6 8
1004 2 2 3
1773 3 1 3 8
817 2 4 7
307 1 6
980 1 2
1640 4 6 7 8 10
1287 2 2 3
1205 1 0
1128 2 6 7
516 1 7
1957 4 4 5 6 9
560 4 1 2 5 6
419 3 0 3 5
273 3 3 5 7
109 3 5 6 9
1591 2 3 10
806 2 1 4
1305 5 0 2 3 5 6
573 2 6 9
1915 2 7 10
737 3 0 1 7
1365 3 3 6 10
255 1 5
30 3 5 6 10
820 2 2 5
242 1 4
1281 3 3 5 8
690 1 1
1570 2 8 10
1590 1 4
404 3 2 7 9
841 3 1 3 10
1942 5 0 2 8 9 10
751 2 2 6
1511 2 3 7
1016 2 5 10
1750 2 1 5
633 2 5 8
226 2 3 7
1909 1 9
1524 3 0 1 6
1461 2 5 8
1384 1 0
602 3 0 7 8
1414 1 6
1988 7 1 3 4 5 6 7 8
1389 1 8
1848 4 1 2 8 10
758 2 9 10
1036 2 3 8
1394 2 5 6
1233 1 9
1344 1 7
113 3 4 7 9
678 3 4 6 10
562 4 0 2 4 8
1224 2 5 6
937 4 1 2 3 6
771 1 0
1556 2 4 7
833 1 4
1797 3 0 4 10
182 2 0 8
1832 5 4 5 6 8 9
862 2 0 1
846 2 5 7
246 3 0 3 9
586 1 9
375 5 0 1 4 6 8
444 2 6 9
1623 2 0 2
892 2 0 7
1648 2 2 6
732 1 8
106 3 3 4 7
553 1 5
35 4 3 7 8 10
716 4 1 6 9 10
1509 3 2 6 8
1920 2 0 3
858 1 1
1070 3 0 4 6
1696 3 5 8 9
390 2 1 10
106 3 3 6 7
1389 5 1 4 8 9 10
685 2 3 6
1860 4 0 1 6 7
1103 1 4
643 2 1 10
86 2 3 10
1083 2 8 10
372 4 0 1 7 10
149 2 0 2
1684 3 2 4 6
207 3 2 7 9
1823 2 0 1
1013 2 9 10
1659 2 0 3
1487 2 6 10
670 2 6 10
1170 1 9
548 1 8
1544 2 7 9
1293 1 0
1177 4 1 3 4 7
1148 3 3 4 7
1608 1 5
137 2 7 10
1020 4 2 3 7 9
1150 2 4 10
1909 1 9
1728 3 3 4 10
1894 5 1 2 5 6 10
379 3 4 6 9
1494 1 10
793 3 0 1 6
1974 1 6
188 2 5 8
1623 4 5 7 8 10
44 4 2 5 6 7
1247 4 3 4 6 9
1255 3 4 8 9
1626 1 5
166 1 5
1682 4 1 6 7 10
1855 1 6
996 1 9
684 3 0 5 9
1347 2 1 10
752 4 0 1 2 7
913 1 1
1848 1 7
1344 2 1 10
1349 2 6 7
250 2 6 8
391 4 2 8 9 10
1684 1 8
1151 4 1 3 4 6
11 2 2 10
150 2 0 10
494 3 0 4 9
657 1 9
985 5 0 2 3 6 8
403 2 1 7
194 2 2 7
1192 2 5 9
1623 2 8 9
1053 2 0 1
720 2 6 9
970 2 1 6
317 3 1 9 10
1421 2 4 7
20 2 7 8
240 2 2 5
1241 2 3 6
1350 3 5 8 10
1321 1 0
1922 3 5 7 8
1947 2 5 9
774 4 0 2 4 6
1784 3 0 1 7
1691 2 8 9
999 3 0 3 8
1553 1 8
284 1 10
1555 2 3 8
846 1 7
1784 3 3 5 6
896 5 1 2 5 9 10
219 3 0 2 10
1631 2 5 10
983 3 1 3 6
489 2 1 8
1930 4 0 5 6 9
86 2 6 10
1246 5 1 2 3 4 7
1018 2 2 5
1588 1 3
1020 3 0 1 5
1275 1 8
489 2 8 10
1044 1 8
1145 3 7 8 9
950 2 6 10
1987 1 10
991 2 4 7
1433 5 3 4 6 9 10
588 2 0 10
191 1 7
215 2 7 10
629 2 4 7
858 2 7 8
1488 2 6 9
127 2 5 10
1949 1 3
1589 1 9
265 2 6 9
597 2 5 9
761 4 4 8 9 10
831 2 3 10
1209 3 2 4 10
742 1 9
716 3 3 7 9
1820 2 5 9
1008 3 2 3 7
1318 2 2 4
134 2 3 7
1404 2 3 7
63 2 8 9
1258 1 4
935 1 8
248 1 0
35 2 4 6
883 5 2 4 5 6 7
1865 1 3
292 6 1 2 3 8 9 10
258 1 6
213 3 8 9 10
265 4 0 2 5 8
1563 2 0 9
934 4 3 6 8 9
247 2 3 6
690 2 2 4
1236 1 0
507 2 2 5
1501 1 2
655 3 1 2 8
1365 2 5 10
1250 2 5 10
761 2 6 8
1228 2 2 6
820 2 6 8
265 2 0 9
1751 2 2 5
527 3 1 5 10
1020 4 1 4 7 8
1857 1 10
1149 1 1
1740 2 1 6
1735 3 4 5 6
1579 3 0 1 3
1878 5 1 3 6 7 10
26 1 7
555 1 5
1191 2 4 8
1632 1 0
635 1 3
896 4 3 5 7 9
1809 8 0 1 2 3 4 6 8 9
244 2 0 9
191 2 3 4
339 1 6
792 1 9
1503 5 1 4 5 8 9
828 3 2 8 10
625 2 1 4
1877 1 8
733 4 3 4 6 8
1634 2 1 7
1217 5 0 2 5 7 8
1042 3 0 2 5
1961 1 2
1192 1 7
755 3 2 8 10
1994 4 6 8 9 10
1117 5 1 3 4 7 8
239 3 1 7 10
1048 1 10
1245 2 0 3
859 2 4 10
818 2 2 9
1483 3 0 6 8
1561 4 1 5 6 9
1355 5 4 5 6 9 10
322 2 3 6
1209 3 1 6 10
765 1 8
1930 2 3 6
1343 2 6 8
736 2 4 9
1178 1 0
1119 1 4
1893 2 6 7
1023 2 3 9
1872 4 1 3 8 9
1353 3 1 6 9
693 3 0 1 9
812 2 7 10
237 4 1 8 9 10
1660 4 3 4 8 10
1821 1 8
327 3 0 6 8
1921 1 9
1219 2 4 8
1208 3 1 4 10
1425 1 1
1400 2 3 9
396 3 3 5 6
375 2 2 3
89 2 3 10
88 2 1 2
565 4 0 5 7 8
905 4 1 3 9 10
441 5 2 3 8 9 10
559 2 2 7
792 2 2 6
903 3 0 7 9
1952 2 1 2
1422 2 6 10
1320 1 2
1052 3 2 5 8
1588 2 4 8
350 3 0 1 2
932 2 8 10
230 4 3 7 8 9
858 3 1 4 10
279 1 3
1953 1 10
879 3 4 6 7
1759 2 5 8
610 2 2 9
1963 1 4
1265 1 2
988 4 1 3 4 7
969 1 0
835 2 3 6
983 4 2 3 8 9
1871 4 2 4 5 8
687 3 2 4 9
1716 1 6
1946 1 3
550 1 9
1764 2 6 9
497 4 3 4 9 10
710 5 0 5 6 7 8
292 4 1 2 3 7
566 2 9 10
1532 1 6
696 3 0 2 7
494 3 1 2 9
46 3 2 9 10
1489 3 1 9 10
1648 1 7
233 2 3 6
807 6 0 2 4 7 8 10
169 2 4 9
108 3 5 6 8
1272 2 2 9
1934 2 1 9
777 2 6 10
297 1 2
1498 1 3
1856 2 2 10
1445 2 3 10
1277 1 1
1850 3 1 5 10
246 3 0 5 9
1007 2 0 3
502 4 0 3 4 6
1761 4 0 4 5 8
1637 2 2 9
86 3 6 8 9
1980 1 4
342 4 0 3 5 6
131 1 10
1974 1 0
1944 2 7 10
2 2 3 9
1763 2 1 9
1663 3 1 8 10
957 2 0 4
1865 2 6 9
21 1 10
528 2 7 10
54 1 4
1642 3 2 3 9
187 3 3 6 8
919 4 0 4 8 9
881 5 0 1 5 9 10
713 1 6
1390 2 5 9
63 3 0 1 5
1056 4 1 7 8 10
1806 1 4
1511 2 7 9
32 4 1 2 7 9
1069 5 1 3 4 8 10
194 1 4
716 3 1 3 4
1384 3 1 2 3
674 3 0 8 9
1400 1 6
1461 2 5 8
1820 4 0 2 6 9
1167 2 4 6
715 3 1 3 9
1684 3 2 4 6
1579 1 1
1467 1 10
542 1 0
1872 2 5 6
1806 3 4 6 8
1529 1 4
909 4 0 5 6 8
1726 4 5 7 9 10
1695 2 2 9
1335 2 3 9
1731 3 1 4 10
440 2 5 7
912 4 0 1 2 4
636 3 3 6 7
1878 2 3 4
64 2 0 4
818 1 8
45 3 3 4 8
1098 4 2 4 7 10
566 3 3 5 7
1550 1 5
1588 2 0 1
67 3 3 6 7
874 1 6
467 1 3
818 2 1 2
1200 1 7
227 3 1 2 4
1424 2 4 7
751 1 0
28 2 1 9
1240 2 9 10
131 1 7
1931 3 0 2 3
1526 1 9
1341 5 0 2 3 4 7
1094 1 0
19 2 1 7
1748 2 1 7
568 4 0 2 3 9
596 2 3 7
638 1 8
1509 5 0 1 4 6 10
152 2 2 7
1538 2 2 6
1721 2 3 5
1994 4 1 5 6 10
308 4 0 3 5 6
1596 2 7 10
1658 3 4 7 9
1421 5 4 5 6 8 9
751 3 1 5 10
1815 2 5 8
310 3 2 3 10
352 2 3 5
792 2 7 9
349 3 6 7 8
1119 1 1
1246 3 3 4 6
679 2 4 8
1814 2 2 10
1883 1 3
1651 1 1
1044 2 2 9
294 2 7 9
1910 3 2 7 10
207 1 6
410 2 0 8
125 1 1
558 3 3 5 9
1782 4 1 3 6 9
1477 2 2 8
589 2 2 7
430 6 1 4 5 6 7 8
160 1 7
880 2 5 10
1968 3 3 4 5
1591 2 2 3
298 1 8
1493 6 3 5 6 7 8 9
403 1 6
551 3 1 7 10
1979 2 2 4
862 2 0 9
1916 5 2 4 6 8 10
1908 3 5 7 10
545 1 3
157 4 0 1 5 8
833 5 1 2 4 5 8
171 3 2 4 5
1343 3 0 2 4
365 1 2
143 1 5
990 1 6
630 6 3 4 5 6 7 9
378 4 1 4 6 9
1020 1 1
946 2 0 6
1672 5 1 3 5 7 10
190 1 6
1134 1 7
1877 1 10
1548 3 0 2 9
569 1 2
488 4 2 3 5 6
1820 3 2 3 6
1195 2 6 7
1227 2 2 7
1398 2 2 3
68 2 1 3
479 2 6 8
1922 3 5 6 8
1244 1 10
404 3 2 3 10
179 3 0 7 9
1851 2 9 10
457 3 3 5 8
1003 5 0 3 5 6 7
671 2 0 7
116 5 1 2 3 6 7
1402 3 0 2 7
833 2 2 6
545 5 0 3 5 6 9
1587 1 0
1408 3 0 5 6
1349 1 1
1308 3 0 7 8
26 3 0 2 6
147 2 4 5
1006 4 2 6 7 10
1532 2 2 4
989 4 4 7 8 9
1962 2 2 3
1261 1 1
188 2 6 10
1422 3 4 8 9
1145 2 6 7
1754 2 4 7
801 1 0
1450 2 3 9
795 1 9
165 2 4 7
1056 3 3 4 6
1165 2 6 7
1626 2 0 2
93 5 6 7 8 9 10
1593 1 9
1262 3 3 8 9
1909 4 3 4 5 10
1926 1 7
1809 3 3 4 8
1036 2 8 9
257 2 1 9
309 3 3 7 9
328 4 0 4 8 10
1817 2 4 7
1034 3 5 7 8
1890 2 0 9
759 2 1 5
143 5 0 3 4 5 10
675 4 5 7 8 10
687 4 0 1 3 9
310 2 0 5
632 2 6 8
292 2 7 9
1348 2 6 9
1799 4 4 6 7 9
739 2 1 5
1250 4 2 5 8 9
314 3 2 5 7
1654 2 5 6
1742 2 0 6
74 1 5
449 3 3 8 10
47 3 1 4 9
841 1 0
601 2 0 6
1654 2 2 10
1211 2 2 7
61 2 3 9
209 2 7 10
275 1 1
1662 2 5 10
173 3 0 5 6
1820 2 2 6
108 1 5
1267 3 1 5 9
5 10 4 8 1 5 10 10 5 3 0 4 4 8 8 3 4 9 3 7 1 9 5 3 9 1 1 9 0 2 1 7 6 0 9 1 4 7 3 2 10 6 2 0 7 1 7 10 9 7 2 3 1 3 9 4 0 4 10 10 3 1 3 10 0 10 3 4 1 0 1 8 4 0 1 6 5 10 8 5 9 0 2 2 3 0 6 5 5 5 2 5 5 5 5 4 2 2 2 7 7 3 9 0 9 4 0 8 10 4 8 1 9 4 8 2 9 9 8 9 2 1 6 2 4 1 6 1 7 5 1 9 0 2 6 0 3 6 4 1 4 6 10 8 9 9 9 4 3 3 4 1 4 3 6 4 5 8 6 1 8 9 1 2 10 10 6 4 7 1 1 0 10 10 3 4 2 5 10 3 5 2 4 10 2 6 8 2 4 9 8 5 6 4 1 6 8 0 0 2 5 0 10 3 1 8 7 0 6 6 6 3 4 6 8 2 7 0 3 0 3 5 6 5 6 5 5 5 1 7 0 9 2 2 5 10 3 6 8 7 2 7 6 7 0 6 6 7 9 2 4 9 10 0 1 1 5 1 5 10 10 0 8 9 7 8 2 10 10 7 5 1 8 9 0 8 8 5 10 2 9 3 10 0 0 5 4 1 6 6 4 2 1 8 1 10 0 0 6 8 0 4 2 1 1 6 0 7 9 9 10 5 7 4 7 1 8 7 7 8 9 7 9 9 7 8 5 7 4 3 9 7 7 1 9 8 1 6 5 0 2 6 1 5 3 9 7 7 4 4 5 0 9 6 9 1 3 8 7 0 4 6 4 9 6 1 2 7 5 3 4 3 4 1 3 3 1 6 6 6 0 8 5 6 10 2 9 5 9 8 8 8 8 2 10 9 4 5 4 6 6 5 5 8 5 9 0 8 0 7 9 10 7 8 9 1 8 10 6 9 3 7 3 7 4 5 8 5 2 0 7 10 10 2 8 9 7 2 2 8 6 8 5 5 6 10 7 3 3 1 1 7 5 7 8 3 5 5 8 0 1 2 9 8 6 3 7 2 5 5 4 10 2 7 10 10 10 2 8 9 9 0 1 6 6 9 1 0 4 0 8 5 2 7 0 7 7 2 10 6 4 10 7 4 6 6 7 9 0 8 5 4 7 1 9 6 2 2 1 2 1 4 8 4 6 0 4 4 0 5 9 6 4 0 7 3 3 7 1 1 5 2 8 6 10 3 4 2 4 0 7 2 4 3 9 4 8 2 6 1 4 5 10 0 0 6 9 3 10 2 0 10 4 9 5 2 6 7 7 8 5 10 2 0 0 7 7 9 7 3 7 7 6 7 1 7 1 4 5 9 0 5 10 0 5 4 4 6 6 4 4 7 8 1 8 2 3 1 2 7 9 10 1 10 0 6 2 0 0 8 3 1 0 4 0 3 6 6 7 10 2 0 5 1 5 9 0 2 5 8 4 9 8 4 10 6 8 0 2 7 7 9 3 6 6 7 1 6 10 7 8 9 10 8 10 9 0 3 6 9 5 9 5 9 8 5 9 1 5 1 1 5 0 2 8 3 4 4 4 4 0 9 10 9 5 4 9 5 10 5 10 5 3 5 1 6 9 8 7 1 1 7 9 9 10 4 9 9 2 10 10 5 4 8 10 5 7 2 5 5 9 6 8 5 0 8 2 5 3 2 5 6 10 3 6 6 2 1 9 9 4 9 0 10 2 6 7 7 1 0 9 1 4 4 2 4 1 9 8 9 4 1 9 5 0 6 4 10 3 8 10 4 8 2 2 4 5 4 0 3 10 6 5 9 9 0 8 3 8 5 5 0 7 3 1 6 4 9 4 6 4 0 7 10 9 9 8 7 1 8 7 6 6 9 4 10 2 2 7 7 5 5 10 7 10 2 2 0 1 4 7 7 7 7 4 2 3 4 10 5 9 9 5 8 2 4 10 4 10 6 2 4 3 0 7 10 9 0 6 10 10 9 6 3 2 10 4 0 0 2 3 1 9 8 6 7 10 3 2 6 9 0 0 7 0 8 7 4 7 7 3 2 0 10 1 10 5 7 10 8 10 2 9 6 3 9 7 5 2 5 0 6 9 1 3 0 0 1 6 2 5 7 7 2 8 1 6 10 4 3 2 3 5 1 4 3 1 7 2 7 2 2 2 0 5 7 4 3 10 4 2 7 1 10 4 9 6 9 9 5 4 4 2 9 7 4 5 4 3 5 8 3 6 0 2 6 1 5 8 4 5 1 5 7 6 2 7 3 10 7 0 1 3 7 1 1 7 6 9 8 8 3 6 3 0 1 0 8 3 8 9 7 0 1 9 5 7 5 2 3 7 0 6 0 10 4 4 10 7 7 6 1 0 0 7 1 8 0 2 7 7 5 8 8 5 6 9 6 1 8 10 7 1 7 6 3 4 3 6 4 0 8 8 7 4 9 5 6 2 4 6 3 10 4 10 6 7 7 3 9 2 4 1 9 0 10 9 1 1 1 1 3 5 10 8 7 5 3 7 6 2 9 2 9 5 1 7 1 7 2 2 5 4 5 1 10 5 7 1 6 9 9 3 0 0 5 5 5 5 3 9 3 4 7 4 9 8 10 7 5 4 7 7 0 2 6 1 9 0 2 2 8 1 0 4 5 8 10 9 2 5 8 7 4 8 9 5 0 9 7 10 7 6 4 9 8 6 10 5 4 8 0 5 0 5 8 4 1 5 1 5 6 6 8 3 2 3 0 10 4 9 10 0 8 5 2 3 7 4 7 0 8 10 1 2 6 0 7 1 6 9 7 5 0 0 7 3 10 10 9 3 1 4 5 4 2 0 5 4 7 5 4 10 6 8 10 3 1 4 7 7 1 2 3 1 4 6 0 7 0 9 7 10 6 9 2 10 2 2 1 3 9 10 1 9 4 9 10 1 9 1 4 6 9 3 3 4 10 2 2 3 8 0 6 3 8 0 7 5 0 1 4 9 7 4 5 1 5 10 5 7 0 5 0 2 9 1 1 2 1 7 4 10 2 10 2 5 0 0 2 1 2 3 6 2 9 10 6 2 2 9 7 8 9 9 10 9 7 0 6 8 8 7 5 4 8 5 0 3 5 5 10 6 3 8 3 3 1 0 7 3 6 5 7 6 6 5 0 1 10 5 6 2 9 9 3 3 8 1 6 2 6 0 5 9 9 0 2 0 1 8 5 0 6 5 3 8 6 2 9 6 4 3 1 10 5 1 0 4 3 8 4 7 4 2 1 4 10 0 5 4 8 8 2 9 9 10 3 0 0 2 4 1 4 9 1 4 9 2 1 5 3 8 0 5 5 10 10 1 0 8 4 1 0 8 3 7 5 10 2 3 7 2 5 8 3 8 9 6 5 7 4 3 7 4 9 5 6 2 10 6 6 8 3 10 4 7 2 9 9 9 4 0 3 1 3 4 7 7 0 3 5 0 8 8 0 9 8 10 10 2 1 10 10 2 6 2 6 5 7 10 0 3 6 1 8 10 1 0 2 7 7 4 7 10 2 2 6 2 4 7 8 1 10 7 6 0 10 1 9 2 10 7 6 5 6 1 5 6 5 1 3 6 2 0 9 6 0 3 8 6 1 1 1 6 9 7 6 1 0 1 2 9 6 3 6 1 7 10 1 1 5 9 8 7 6 5 6 1 10 4 7 7 1 2 0 9 9 1 1 7 9 8 6 3 1 7 8 6 6 3 10 10 8 10 9 1 6 3 9 7 3 1 7 1 0 7 8 6 6 6 2 6 10 1 9 7 6 7 1 9 2 0 6 0 7 8 9 3 3 5 3 7 7 9 6 6 7 0 10 2 1 2 5 3 2 9 4 4 9 6 9 3 2 10 6 0 7 10 1 3 8 8 2 10 1 10 3 5 9 6 10 1 10 7 4 3 1 3 10 4 3 8 5 5 10 5 3 3 3 2 9 10 5 0 3 2 0 1 10 3 10 6 10 9 0 0 1 0 7 5 5 1 0 8 10 7 3 7 1 1 10 6 10 9 7 1 9 4 6 5 10 7 10 2 2 6 0 3 6 8 2 6 1 7 2 5 9 3 2 0 5 0 0 7 7 2 6 9 1 6 3 2 8 7 6 7 4 8 1 7 3 7 2 1 4 8 6 0 10 8 10 10 8 4 2 4 2 1 2 10 10 9 6 0 5 5 2 1 1 5 0 4 10 3 10 6 6 5 10 1 8 4 2 7 4 5 7 6 1 8 10 10 10 7 10 5 8 5 8 6 0 4 1 3 5 9 4 9 10 3 5 1 4 0 7 9 3 4 1 3 10 8 0 8 5 5 0 6 7 10 8 6 10 3 1 4 1 6 3 7 3 5 4 1 6 8 0 9 4 4 1 8 8 7 6 5 10 10 6 2 8 0 7 0 2 6 10 7 3 0 2 3 8 5 5 2 8 9 10 3 6 5 4 4 6 1 5 10 4 5 5 5 3 9 3 3 4 10 10 10 7 2 8 5 4 8 4 10
