256 1938
95 33 113983034 144880243 161895591 239389775 318020076 338472598 361178474 370985234 376723921 377998826 403177223 410277725 416491510 423314067 438095968 445270984 480234176 481773648 504667954 520010917 551231749 579446125 585386924 617059776 649816540 672739771 734582061 758063804 834219491 867731745 874569096 932967262 956751983
1 33 7976288 15548843 25741574 44320687 44866203 67820434 127381007 148056281 152706937 180920906 232641263 249204826 269780483 285642000 321888261 342076467 357777379 440486091 493625075 502301906 559067965 595073312 656130809 681152656 692148864 703884164 730037259 770020664 781049886 854877115 903676374 929291975 971883799
193 38 256487 22901037 104226964 123643450 133203211 154309372 190649198 209624963 262973228 289695177 362695814 364014825 393708143 412472741 427860189 429881741 454318637 529176918 563070713 566275694 593650049 622577496 623656428 635090468 683086760 690050692 703859284 713852327 719392792 720831748 766908042 768626924 782057961 806240515 869875155 951442257 978957665 994196525
254 45 79514326 86865045 113824496 118913006 153939611 214875132 218343954 232347535 259959146 266093730 295529660 302647006 317900507 353696749 405691698 416260486 448047933 466476831 484817852 487879504 494153131 520531916 534605488 549835842 575187626 576225366 580202740 581867260 587109539 601433510 636688436 652268177 669236881 719237749 765917515 767392900 778186859 785926080 788880986 791352598 815008558 861759206 886826493 952482057 979536408
124 40 21285325 46699358 65716219 93003225 149672347 156297437 165091892 174654402 180381901 188378634 242758750 249766294 251917053 280002678 289206020 293515715 297793145 300327309 316138758 326172305 335713055 343172922 364170874 411678512 507093977 533478599 581080805 663508648 668625277 676806350 712289679 763107199 781296898 782042162 784341736 815855665 825870713 848244790 941053945 962829171
230 32 3944729 16590386 23328793 105342520 136452014 263475617 321045286 327241342 329723669 335561685 386000903 387823663 403791949 408160544 479342981 482527899 506421652 522144737 529226529 531950693 538700121 558693084 573720736 593086081 730358043 776773693 803141890 823235385 839102820 859412014 860202308 903590352
130 33 23875331 67924154 76871253 113112378 130387871 132363475 151614297 203767534 234694617 250268613 265266639 273828311 328657442 337073969 360853159 451149594 452192755 472299401 476703516 477617935 550075514 574691987 687489958 690308471 746683245 752069303 803942046 818060223 881694084 892420534 893451309 971810662 998583011
157 37 42445012 71157289 76952624 135267598 158361665 167335704 168001288 213641223 241395675 247260395 249009163 255955789 347199823 358372114 367999864 419378408 440902627 492620651 496624479 530940885 537649125 548065415 702488570 744072084 748675225 776584219 795144721 797279165 825833658 828572864 856783130 860517917 862687071 867657830 928610743 945219577 970335763
126 38 6695059 44562932 65845592 95002240 122300720 191763368 194100780 221925361 266032334 309529447 314605458 340293480 348702712 395869239 406573262 449388407 471957279 526445877 540725892 546609579 549610394 591473072 612361957 627519736 654873150 670674445 703732111 716002478 735473740 812314419 825698043 833229241 841409358 879877672 912309440 925956525 934429651 950787058
54 36 25281216 41249359 86985946 180412855 213778789 221950497 231514724 278711265 286466773 352906506 391229759 436436257 454992723 473642014 498263700 498373780 531187506 531531284 549845370 604369616 675155652 719992615 747660609 750992563 814796112 814887177 819605081 832869519 849173394 857876557 917755560 938112172 956243666 965518615 966746943 983380019
179 40 9677410 25242316 73617877 113329972 151232931 160861619 194189064 208814110 259473737 282313747 329797658 340454480 394370883 399733599 443361866 459731373 461766570 467801215 469507962 470302831 508211205 541456935 561575776 611080365 642777804 648713020 675564812 700568754 733160421 734061135 763946341 810654622 821076393 855722083 864878001 899323956 900524378 920827977 944390696 991731482
151 39 17753596 39913792 61681599 82642040 91140801 94081052 147685522 161108730 220362121 230132656 244775537 289682507 301722061 323309587 330078420 332179267 402110547 440704578 444082848 446505465 494341126 511020680 554471494 566830329 651348413 694852888 706431878 738400871 768872687 770713489 786959496 826761448 830191633 849402907 877721820 898715072 905491350 926096038 946394015
188 28 28100494 69408158 79666280 110845713 170775162 187783658 232997332 290676278 303213004 305223651 345378961 346909746 348985104 421242708 465552190 466943255 607495747 619547747 677979034 715070838 748445343 758887254 792561892 826692620 834443390 861143622 888613989 968998823
135 29 4170482 40416284 68134651 76813109 92345776 141519180 164543047 181486884 184065338 193764129 237823350 239995882 332129236 354400496 433225623 439570958 492047180 563569714 574597507 597698422 612533137 710669506 724449925 786822076 816793653 946799717 965997353 966549641 998643678
94 35 3926532 74645643 85983060 98482674 100669006 107135538 127152616 205048104 229815180 248851021 351411748 353312287 394033033 416867608 433334338 494409283 507129914 508565843 509668953 518984008 548775167 609950570 637150102 661708846 695719304 698452835 707289449 757987406 758177228 766064926 815010061 917485990 943000868 943162943 958947606
43 30 18647244 60321375 89637053 132642324 196833878 201669255 238196873 265077556 268155398 381101135 408150288 430695965 434395711 455796074 654323733 721445163 779856601 799873233 812960192 832881323 867551081 877424321 883916502 904635694 909984011 921475628 934445032 956373770 972010696 988197309
7 39 1673257 11367150 36913310 69035101 84010082 89972300 91530269 158005439 176316254 178569543 195952571 238662430 243644485 255182194 281564296 291957143 345499399 368289015 400748188 454186606 497562895 516995205 533028275 546777541 575527465 576022762 610874523 640941972 656054431 666801682 669734287 676026591 723350475 808339590 877155137 908588606 954899646 960957958 989117602
54 32 39270871 43625179 88556622 178760367 185461610 203258239 212017602 229038177 262455343 284833046 333967696 344518905 362594450 430000172 454946079 471886378 487406156 489503070 498969426 502326853 511698409 516814538 567946043 569973126 596244224 641303745 788742073 797563360 828082658 885330262 932323942 971123235
80 30 5707944 15699641 21153880 62286813 62664953 79162956 97961549 103405752 148895299 224502471 235938692 323984780 327530418 355839094 418314084 431735985 625091182 679498543 728347464 733206889 753813704 765078312 790598494 810566455 834239698 841780871 871326719 874765272 877130191 985858106
7 33 18711660 42740092 53280435 58520220 72691755 77756980 91445520 133846356 152645825 191732499 196443629 213181956 231628075 233570802 239372978 281570332 289754656 410504240 434107619 453320039 464814266 486934956 514223513 566806159 577163798 590962943 594272702 594481676 649258556 801663384 807814839 831495564 848677406
135 32 67049517 100272326 142329861 166490169 188122413 198074572 218256721 226153449 230928422 312554149 322174366 364503949 416047164 453351332 454321778 457408497 473378181 512819433 560329154 563029454 624816544 625359637 669922490 682586662 753311027 758526642 820019959 830328511 877428049 923198605 957440092 985399745
143 41 5790804 33045024 46213668 76144344 109931433 139766391 191546828 222107118 251431194 265599407 270127003 301794064 404744194 411869658 412019063 413727614 455087192 457446151 468164689 476559641 478019870 483758332 486649910 497216946 497505537 514130604 515930968 516296546 541218842 557101242 660845948 666949834 719238037 741733689 782147770 840947796 843259423 845654425 869703155 925083370 997235079
215 41 23223614 57329343 94813189 125339296 139408910 229451604 246519925 311390901 322791451 323267109 326605435 362514832 372647380 390827886 393924799 440532919 484867234 496208510 499698065 504241308 526784915 537157178 547359788 582280659 586568034 623061184 702741892 717242091 725243719 736645545 750504960 755065078 788828088 873834908 907462742 925921094 934671644 977754259 981455217 994549571 998209488
151 29 8589751 36292946 66439874 68800533 192237792 207268903 217895812 231274020 247452320 247625742 330502548 343761420 386586370 411609117 456241838 538667246 613193452 649109353 660630524 663479258 684322791 693294189 705014696 722114436 728898172 733315902 745350937 924028586 981365821
58 25 4822701 13008418 33605381 123545241 161890120 170226311 208887509 293705942 308867938 348535742 376408192 405506275 434067244 481078092 543225120 561827677 566743307 607370561 642407858 675950943 678100264 681512924 821455431 892769451 912849880
188 32 17257383 24073632 33584953 103549105 167586649 207732246 244167493 255428911 264385681 271087820 292140894 310776833 312102038 371870206 410986904 417906989 484225094 650518358 654317345 710293328 726214112 784470358 788558048 862800670 887330466 892452635 910339624 920647834 946522478 955394630 995943221 998165192
72 40 14288645 27656114 54684169 98350610 107077343 108160538 113197325 143957675 152310528 185862904 256279112 350405825 400842408 419673043 424543834 429062166 430893528 445848015 456325705 488248490 534007575 534255085 569584887 581271971 589225858 592659581 601419440 603510829 670661840 704933284 717181461 729250608 771994913 774084469 834167928 892594174 905091793 910553139 950190751 974182774
115 35 68054156 123236491 125889292 133097057 182238434 212018772 225502840 244543312 270401387 296264444 323626818 334625113 357843282 383483176 421300356 466481601 472852666 480638267 491512798 520567353 536427406 611142619 674214663 769012622 812365626 815657935 826698549 847014189 855469639 861816236 872324871 891844412 918844341 941411512 976087396
4 33 67063854 145908390 184615742 197657862 209688336 374685787 379645044 387232871 406898388 421338233 440652880 511405134 561431927 620758429 659082226 687082181 690349976 697921406 718585700 720361524 737027281 749408503 759198367 773059641 777054993 805073784 826851794 837687189 862271635 895137556 906149521 966916103 977690428
43 35 44017146 55975091 57433618 60860594 70339752 81050897 124673611 187507958 265912800 329488039 408062193 413887867 454480682 473423759 489854314 587809473 591027763 603802656 614647315 638127901 641450003 658756816 663453482 732778181 733504371 790682417 806011974 808649069 810212618 838607645 842027340 855231120 867260603 921181022 969656807
136 34 4196924 82502383 94768794 127688960 154488653 172245064 175340841 210230452 221586168 222626100 265945569 283010527 301820035 406176645 566951115 569027200 579031312 579503665 589139315 604903709 610883458 626019046 644211577 689012436 695875787 728347152 771371400 814444838 820936991 866458782 897609090 908733419 969954913 971966967
90 38 3629806 10274737 51223250 93692813 105771000 171546478 185749599 202806532 209901940 213074782 241546895 276256367 329728010 334988438 350400457 406900768 430647064 438475541 450596481 475872682 555155986 567716546 574183173 616663394 617274820 633967545 641298411 724427025 735242947 828193936 841792695 864783134 869452301 888413473 891545633 903866001 912811146 975384879
138 28 13715319 19547217 40070078 115410384 128194534 232143651 237124117 240360008 241407283 255623783 277012799 289800296 365867807 396735051 453240677 511773083 517150269 522730190 529795624 588189479 641521751 659860986 743047680 813893881 842480421 862811684 913712467 997619389
73 36 66404049 88101162 116862328 122005133 145123003 249179831 263028455 317803015 318413195 390163291 395665648 403388029 409319185 420719146 461586685 467308129 483922125 543846598 574552875 576538142 584506836 606077851 606230403 659376582 719529878 734648954 752335042 784913248 811613665 817225531 819453216 829022387 856801415 888333876 943646021 979558108
232 40 13873230 52850730 70413972 83539011 108501299 111277625 129083405 144719162 272905011 309993138 338447448 342556976 375287121 404002245 409315460 409968508 418981948 440285895 454707679 460699518 465080149 518785130 567310961 590097302 592171300 649089234 652961999 662298113 672050392 722102746 756984095 771057682 771568485 790928321 835227761 866293421 872763827 924012375 939492711 980340879
211 30 3290126 68234251 70248329 73435200 116986709 205430093 208214058 220122680 248775807 284506703 308489532 330577931 338493756 376104655 397460035 417221012 417602618 434633016 445168545 467121572 506301200 540521508 603843186 605092776 655330102 658312028 712351598 745868161 821529784 986955883
113 32 78061061 88474482 94656992 101766599 118549823 132080634 155231882 274824608 287358912 359779905 409198296 416207168 453273952 459044789 471730905 481469717 508001090 580645317 648519848 649145474 683504330 724689136 788128937 806776912 883057302 899809750 915737994 925097405 946287838 946615892 975176549 981888124
118 31 15961155 58317728 89728040 164470822 167485061 213001354 225929587 235104351 247547735 256820257 262040506 300773213 301220951 307967227 323689542 330416766 331081239 345619746 406526649 460784908 587588821 677435907 763593885 775966747 883003499 905553636 907096800 944460589 962340042 972930423 995228402
161 46 2896892 27445157 57323401 57349544 64203314 86499537 98882850 102134678 107728810 117341161 161059101 166589346 179698699 180853710 196034095 254028616 260786884 263382218 279266246 312151033 330724075 339772794 346437447 384941726 392417710 392897996 404459100 405708985 463922441 478038242 503181280 531539427 573254967 584839130 635069429 710308219 775381594 784409901 836746418 903678272 915683814 923268163 931330253 965862518 992758947 998839305
54 29 28040645 45070134 45648826 131479223 132828146 162967652 165017122 208681303 277940476 297595099 306868122 321332696 343888009 423981208 437903512 468600025 482044393 561255087 567187606 602249381 626329658 631794776 704227227 725457958 839882519 889870467 908204395 910354713 971894172
217 40 50219083 54489081 54879153 69792650 109401511 208313708 214857062 218390796 220101370 233390986 243411025 257121406 276633701 278602357 279779227 364983716 377659930 400589264 413474337 437296561 458630007 466511939 532526558 538363589 557474054 583046759 585091018 674507671 684352989 696330243 748380153 792143201 829811126 838279196 844775930 875791336 895263312 918052652 978806421 996215948
181 33 19115250 62769772 81193470 107847423 149083472 171478476 197672292 204437091 257586871 263223452 390696351 417153512 425620603 436280526 467308532 485779032 499705356 499975941 505169457 550467007 585161850 603372389 618295601 678898279 738768293 746548273 771215924 804342272 816965758 823761778 905868963 941497986 953532418
114 36 39307240 63728323 98137963 114927521 115694328 172028093 212386126 297874989 301822122 302179672 317380778 328503081 369451590 376760807 408004574 434392938 436327067 442401460 488268849 499895498 531986506 563369699 584037064 587215204 644705945 662811404 692774532 711794439 750971123 767441870 769253551 771252215 792148045 807808375 870701772 889309815
221 38 57487940 107092147 112475725 125917653 132373498 262657529 277124796 307893576 326101748 367885246 401300708 472309505 479483726 484498123 506604622 509086391 512793289 517952061 529480694 529941179 541034283 625236446 666655867 693831527 701943301 715235307 739112229 781220426 806917774 825038606 830193204 857156672 881068328 895170992 908334763 945108936 973389149 983317087
228 28 36688610 71492917 120330461 143893119 150631519 219776880 219972145 232623358 236331926 307409051 311628081 475211983 477439162 523168209 587442895 616517368 636215441 714333400 756577878 783445310 784228634 804722471 809488783 881098639 884814644 899417695 945637403 950046618
39 33 734716 3373836 17154211 20474387 54357965 54845178 82569644 92255943 199962368 206203063 248371030 271439141 302516768 389521055 444386927 463700964 468453981 511843403 540281489 602577683 613507137 639824783 648431745 664360428 670683258 724220379 734848558 752887475 773418080 778792175 872748525 884366742 911985807
8 38 20330136 51772380 97859787 102201641 125679311 130366807 214504995 220819666 223390377 282149178 330726421 330790366 354416340 376871762 391005111 432769818 512170707 546682799 550034733 624510484 670182541 737915351 755648132 764393199 792333351 794860225 810799243 810974862 839678982 878347965 887815259 906393937 935427874 946825596 970454712 972041823 973984336 980005669
135 33 8531600 61928342 85979617 118936821 174075532 202167513 205390271 224842378 260052109 297593494 304363217 362256414 412054218 427391793 464464344 472658907 541618560 578511489 591216145 600298888 618937939 650404682 684824326 696279581 743605131 760959782 762640635 835051335 860543666 883125103 892078099 910317444 959984599
144 28 7152640 10251917 26187629 51072735 51075420 74515433 103681437 136867469 145576719 158610214 223331196 321022885 379310428 509919079 614116483 641068706 649285924 704524726 804616858 831566343 861320004 889511564 911295128 958517364 959848565 962106796 967542698 972115106
18 42 4383941 13775470 65874552 96741783 113036013 122740134 124556046 125439902 231822831 270885869 312754133 354266932 355877493 364961828 373153247 383027268 389952184 401082637 422247376 467009443 480713946 500109079 504361069 549606125 565886394 592059483 595210967 659031332 674653940 681241164 690422970 699585851 748793009 836806012 836906723 849612881 873239834 921440044 938938603 940796924 955519740 965705026
90 34 17387119 22338097 27489032 89929256 97889029 179314949 209696041 225476742 239741845 351282701 409983385 438115312 509557943 510493633 512553819 550492893 585510389 684476689 685526123 686925168 690371770 699957776 722303463 729044644 734505699 771116890 836720776 837578877 863918854 878473393 879620597 915565701 953953007 969411577
123 36 13454109 17811340 24835549 53507232 57439363 86795076 146815233 146983889 163844807 198405689 199448701 216247731 260177000 314534264 351972902 365856979 392738437 442949469 494987049 501059341 522377549 524030860 571742401 589771763 594852550 609602707 618921418 648535466 652638891 786385175 791211822 830308992 875995404 910896157 934239357 972868705
168 24 94836016 144186822 199874103 201785493 222323589 254918965 275564445 277365656 349969435 405031534 409477025 548710043 622979834 647295496 669126780 749735292 750028772 778303031 862496931 866939500 913187687 935219772 991132190 999194987
226 35 106106489 146907732 184044819 186181034 266270062 279131557 312153920 317440238 325890721 354312553 389284477 404970056 421203479 434599728 556235217 563171295 564516591 584220768 592414869 593196081 598414169 647277657 721168320 741103458 759459177 828492588 840817779 850821203 863888089 921742988 947642297 982295947 984422420 987058406 999146838
8 38 17804280 38035979 58552504 96326672 120806810 141255806 181591395 224188626 240216453 252872626 269619648 296460664 314631912 333685353 337052628 340820802 350521572 372000902 422094157 430431984 432282683 467880875 483244624 579330880 588380893 641337663 651443248 696685706 701742384 751599164 769175526 831358237 833547754 849779561 865741405 920161600 990946918 997924266
65 45 18961207 30804034 38146474 46977542 56126265 96230077 97524385 167866443 205855944 207827990 212133447 216901527 248712866 290754461 295156867 326367267 327597560 334945674 349713259 358359293 361000994 394404454 411165979 417905898 442231355 467813796 477160454 486485479 491761775 513394751 568525260 568775885 627301014 704507764 726654779 765703359 779008367 796027687 803934037 847274085 875332584 903152674 941397429 971480093 992316708
173 32 58435037 169316691 223611023 253878615 272684798 279708487 287288816 289401887 301247351 330909592 361413017 363945365 422055858 422447436 431471504 462230076 465676684 481971422 573655583 621307740 624642026 629734307 647697531 698992661 767555676 775045813 777671938 793497613 893823449 895232370 938820665 991927462
230 35 60325411 66087751 72995913 117499283 119511035 120242853 150421185 173190658 195653243 200089190 209959367 210281528 259863714 288336761 362423479 425140238 434951114 444384390 445572943 528338815 554480744 585522768 614818977 637091613 642982725 714050208 796318250 802065755 857292303 909643796 919998196 936198545 963878535 967699705 991866889
171 44 45004075 100206305 101325658 106376096 128992464 153749087 176805525 178544046 208920244 213902368 219807527 227778478 256986145 304265118 325965866 349654659 369980219 380101248 389607685 411484227 443126478 472110552 492990638 501979631 545181784 557144150 569856881 572933446 613616578 618918004 624706208 663267836 664880686 684287432 706330894 711780852 812224590 825447485 877257774 884693232 888452435 897045917 959115306 971644598
123 44 21202178 26543273 50142147 69149494 75473525 84193382 118255329 158252723 210550627 309164529 321646050 335108888 338993357 354351573 359839288 360161971 393704842 409310998 431089008 473075804 492775882 574426500 590484279 641071797 692162713 719764162 743169289 765477115 771216320 796936693 820162195 839388447 842791003 856827991 856983260 875124937 880044828 882000050 887649146 891488710 929204887 959340852 961271654 989191435
58 28 14628966 24336014 100258001 110205871 120360387 262086177 293534193 294978350 297952822 298381229 308949742 348086850 389117217 466282615 519963714 589643009 592816282 601272956 713181873 738761615 740986582 754226737 796753806 829426889 872030122 914098867 917806622 931208160
187 36 17590504 31046102 31355238 36367441 127440742 134599711 160553005 179479172 181404620 181513937 238404310 268690361 317149192 320125059 388812419 400991862 412033906 438012862 502398960 505037485 511585646 512879263 514273285 518863343 567279687 748170284 785755475 805234704 810812164 849759596 887229170 888550200 926247625 934435109 963077149 984305530
125 38 81000869 150129088 163457288 182721689 197402681 218370193 228358499 283976238 290173191 333146081 348126854 349993184 376355735 408952574 418036818 447206810 457715937 477014136 526742620 593831910 602118185 605519866 626360791 649565563 674205094 687560170 739206582 779789526 799585321 827928289 837105328 852778209 858044618 928682429 941993400 947277488 985862345 986888485
141 32 56213913 56226608 65532646 94677978 153055801 178202402 270725119 300852801 300859441 309481660 346914879 370470431 512079947 540338085 547539211 577442334 612051475 673234133 709001156 763164085 785809707 808314927 809749372 811119994 812499109 870553666 878788668 889254354 953885353 956919703 960047571 978296808
80 34 7331676 36271156 135072864 158202428 213058435 252850209 264678150 317685440 322442105 330903724 358843424 363769173 407009736 475131318 503756540 522518807 526514109 527878120 546296766 605418766 670681793 676257926 697517459 697803319 726421420 731485116 760604045 770838713 782017764 792378032 812344510 870551311 894457780 986428684
217 37 26698318 33380701 68465745 86637752 132391226 140105303 147746128 158838414 166349741 169448426 175507163 181563399 236042640 249801045 306802165 317175606 424992425 427283764 475536312 488908697 502564631 507962324 532480796 536271454 595644328 655204749 751088872 797379232 837188708 841131805 877924030 885895647 916744306 919260183 944918914 946722454 960613596
130 33 40268742 54577063 62500048 69932439 91583939 113461380 118266827 121503182 180597149 195667800 223351777 229446078 237613878 302250853 385531748 388050876 414129133 432035859 449550221 452206697 480589156 481823568 511060318 574373842 599765956 625637380 627255784 653965021 681451562 693947873 736586621 767152810 976844679
137 37 23008807 31288609 47355866 68559086 97251408 175061135 208520050 223622554 308265056 360299780 364398230 400135647 409050928 418793202 454564883 500246287 523618897 539856445 558964052 583801096 644528306 656273525 658579926 661044853 663933405 667608887 705403796 769647032 782061493 808410617 831673907 832041293 891762664 964594530 980114055 981546840 999888313
10 19 128757484 149463491 194619439 210490662 267413174 309669364 349184632 395967148 454520678 465624789 535289555 551068551 622451080 679613686 710481091 817111246 877272951 882385880 956604755
202 30 12523005 84571611 117864612 180589987 198483962 215278903 262153098 280322222 321521802 340161817 385164140 396171834 453464706 464802346 465851464 512949959 534364297 560478124 595438600 596048316 706351241 761078562 779894390 781275353 898239182 905182097 976577445 982151125 985069332 992651851
220 42 3719532 12983438 53852084 74766572 84622603 103555701 110233964 116954159 137892054 150757120 189138442 217668102 260278953 280614692 398976733 400007823 402363976 406238098 417689787 435821328 437051108 446215001 449878122 481512070 488512600 498042857 516009933 539177468 559816489 560812810 561478523 625118119 687933501 746479392 760472840 797803629 841335700 876012187 892181294 899275084 914472824 962400714
121 48 20685805 27702103 50457643 75655979 90644095 99738876 125989137 192658293 194995269 200898477 236833589 239397817 251066988 267853540 276191198 291341409 292358470 368248288 414399130 422668422 447674725 481765383 512206168 521014916 542179528 553345280 558390865 614423247 627812799 648523716 669952816 691983582 695980857 729945264 736863650 744699414 746360568 775586315 799247089 800874842 802052190 875507634 902574296 920665719 954394883 979573456 983524380 985921422
55 38 843300 13461626 25079567 45561991 94764118 117303978 164361472 204629379 225019587 233045437 331300048 342169210 384238249 417117825 447429902 448368950 464979372 480909948 520382356 566744733 572318562 574275593 585778132 618875064 624165942 637524341 638460366 676961816 685447192 687140102 726287778 736029912 748211499 753647338 832473609 846040864 862625771 868573450
54 43 180019 129518520 131861496 140592419 166007857 178035718 185610363 210879650 225125934 234813696 241317321 270136023 283601932 317454797 325262866 353607947 357629041 375126670 390026454 394349157 478208478 491532599 518561157 551967934 593851117 597488657 604935192 688053886 693018837 729750680 753796814 780945963 800626049 803016087 828700823 851344250 857444190 882235869 891759591 892448734 935661567 966999558 979183780
168 30 28890819 100386725 129188274 151712890 235720436 274364949 277106186 280709419 344627566 349553083 458471376 502349465 512178258 520349679 523291810 535247972 591265889 598477889 615288151 626476538 629473394 648797041 675967881 788933853 821174215 833309568 906928228 923128642 970012777 972972251
135 25 86273989 155867440 157924392 217113066 257407394 290485913 349749897 380717913 455042845 500507998 548399812 554637964 577232074 611319242 640122662 697628244 720884792 723136065 740892738 753393516 871697613 901907071 923136322 943194751 964215745
112 35 9244729 27932175 28459965 46947881 62096420 104240600 193215358 211194360 231053903 270298174 277214485 290161852 308275232 413903060 489547300 540384863 542335838 578385601 633984434 652940646 704810908 709091366 769814635 777177046 779611545 806641110 836557942 891809414 891877122 918248685 923209671 932177659 951024731 953893378 970181050
24 30 25332545 109388057 119525682 133688327 206183933 268158760 279275716 290784101 337662394 379975189 383447901 384472733 403316874 411919943 477171243 503498156 535959840 572627506 599592533 644762777 671551779 729364684 767966924 769461451 781240970 790363658 836334265 853266932 872307539 936414361
109 41 30571290 71419437 76256812 122808536 138659328 142290429 152371131 164999280 167568825 194819285 195596621 216384387 225923244 272398524 274219214 284972389 299158023 302047342 310648967 317075836 323184081 370021512 371546125 436030539 501611301 536593563 551042000 602850148 606327100 613425945 635868924 655524671 665826643 701046848 721056611 743323563 806273801 823209040 940206714 951735356 962446475
12 38 3630731 16717606 22517531 29852527 80149489 97667656 122502724 165215284 190133412 219782627 252315078 300364480 313702049 319451513 334302235 352469380 409946487 416506471 423157683 450176441 477414928 502380612 518627282 575058213 579503692 611903293 648636217 663465739 702555208 771741433 818731535 827664134 838581724 852867557 897651807 973540887 974578569 990438556
165 27 33208856 41698427 113994500 119954072 173098046 174538266 201235472 284715242 329082511 382599895 386138933 463974313 469485330 514299758 526850570 581703409 584512047 604260956 632841927 656442632 739144698 748677829 816552526 858093366 869046801 907281556 918581287
243 33 15320313 105063525 208629794 234283899 260626931 277597381 294320316 344205509 401765268 423413205 519364584 544205607 566326653 568082193 602075723 641564072 645824965 659466197 674837829 746097224 764408153 791433201 808171832 811014806 826566610 872412650 886894330 922659111 937163676 938862828 947014425 955342038 970245794
126 30 103993823 111302777 146239090 173973821 196764106 207596810 257720473 258484715 310234060 396012265 401353093 408401199 426252190 444297790 511556779 526871395 589472975 602343992 611836104 619536972 623457074 654516186 664324243 664811215 823361437 884301840 909907981 919018361 968020545 989766783
76 36 15452156 127729538 152027847 197122751 215403915 253494724 257383035 307024131 312685606 363709958 436438066 458280495 472474181 476801049 498978503 525560687 530059004 563223890 603872349 607323776 630258556 658090834 707136918 739288881 741537585 774230572 774259029 787771549 789293876 845025847 850220568 882107993 900192093 916996897 919950097 950474014
51 43 2386452 34552736 38593841 69778443 124343982 149843996 154383458 182268620 212281539 216775413 219758098 275774104 298925726 326354276 398788754 407638764 410290229 461697316 468609844 507730275 521711890 546543740 557671358 568725536 610290467 652980329 708687388 713488631 716745118 737013207 742403543 757999661 773981801 821387706 829399389 885351128 889975444 910733854 917318646 936737812 956038165 978551337 989703018
201 41 17733589 24967268 49015022 59226528 68780117 117973708 160458296 167890580 210930747 215799235 248925806 274259733 369895102 371382621 397610713 418804674 433083947 438660705 460989902 479104638 542322709 576818451 599994948 634885868 678849886 679480029 683319191 684845564 685051125 716084787 724466058 738305332 748077394 766093775 826392554 872586756 916779654 921230073 937663853 956259591 999008846
124 40 14467522 43329436 60951572 72299535 78456662 114649594 116506539 169874052 192359700 195299504 195573105 229058615 251037163 277236858 332816215 369677855 397760936 415416513 421491490 456621025 464345553 505902334 527906345 566608782 571996822 583360118 598438700 603473417 622235633 653710734 686139930 706262468 745276849 753236054 787915446 898315725 943737199 945868591 951578932 962712450
135 33 12767323 15970520 25864108 50310001 52661787 69218101 85170865 135908126 145488035 184998770 223498275 235666426 270638065 306275909 334046616 355923863 389723436 458181885 460829390 474956456 476029245 498138552 573658618 574364209 596865130 665217020 710079974 777628410 784697183 821462025 906641786 920309395 946818475
135 38 41401045 44671918 57919664 88833957 138427671 151791227 226743698 268475069 292115772 347495322 388208682 432989337 440432117 465102107 508267911 513952390 525377652 527621397 531688669 539941728 580725393 595594301 602007700 663489773 663513820 682835487 688037049 777592296 784839459 786413460 817218794 913485523 915740809 942275689 949921323 974108941 974296540 978783689
19 36 53468909 81516382 93107723 141784691 160700825 195492718 213309741 265647767 288432042 306154877 373101557 457508049 509679698 531447314 571291601 584516371 592697043 620410751 635326644 669489183 708334101 725133755 740543196 742645120 747449847 755798690 772357327 796441497 805441720 816598471 840191018 856277218 889644185 908028433 989042301 992946963
138 42 18598035 25142239 26278118 27803202 37886988 38479481 41007812 212347520 222535807 261464323 292197868 292748878 368426316 386529020 420437840 421757401 497196456 503654127 522000795 529694119 568693108 571881594 578639354 609241051 629594157 654863426 661282874 732187008 741052294 760193363 764512452 769559129 807901589 808634514 810782937 845591369 885650576 944800097 946631858 957281857 964251614 987161540
174 35 40014013 48043024 49991922 57964599 58589189 74661951 87346149 109094904 169554767 169900772 171814832 204391608 226825548 228240536 248176945 285918052 295796800 298320100 368282174 397180990 553606007 584630662 589454435 675258758 779750533 779861283 818820734 852033973 870347768 890013222 925643684 927510069 949586651 965686890 990079095
101 31 6257517 95148316 108027282 116446382 141076072 267136798 267884968 372971221 378385920 408478909 412151560 412746536 439656413 441528373 477995042 551837571 559825620 561919605 571168961 647380191 652653565 668915698 706763206 737065819 744224614 811107090 826999975 841271931 850437012 873467458 891364798
92 38 19253338 64623327 85672371 89717442 159525781 181853123 195737348 237251008 295680495 371754166 393005612 431828238 482313688 502978987 570436478 584358582 630002643 639112162 717107257 730018824 731484915 734702408 741078901 768548991 771512958 780094613 801620323 806063416 811849699 814927023 819679898 851897355 879697357 911009890 924780429 931674339 962624233 972152503
40 39 9353267 26129005 50824432 112280432 118419427 133289824 182231970 200955460 204139724 206359486 207838555 284534635 334608143 340391470 346523042 347415690 404920312 439366824 443332547 567882672 577480581 584055214 592693394 594658256 624164103 626193537 636532215 680418734 680709560 713009683 719624609 749249582 768031641 785395649 801053599 852620124 996375041 999110804 999620094
174 28 57660718 90407136 122155261 170384225 220746107 255089462 257820858 260876811 268160017 330642918 344460392 381636198 524648722 524767092 529801484 587603553 599746090 617602309 619422337 642200105 774822214 787852735 805424437 835240756 854975095 921066712 978978348 991013291
221 34 12936368 53293606 81672681 87821232 88480507 156000004 213690638 298517640 301310750 402067459 453516206 465178279 483341557 521054046 556607566 604658418 630098123 643061193 686317973 720622629 726869870 739052636 765314095 802390224 806742057 831975447 853465151 879967091 884595183 907888333 908898433 942727443 962454408 963904701
109 37 46148437 61248262 72404712 85765749 98818472 98965720 184287356 193976529 233332145 260880671 274112978 295056081 355163659 404369165 412283280 445082645 462989245 500591298 508554099 525974628 555619386 570751062 623295102 630094741 673528739 676368293 683012414 703833371 738421434 771307096 776801161 818477181 866578398 866936895 891100371 895003319 977520465
151 30 1689823 5879856 24416512 50172265 61786352 73682852 97568736 102105425 129866916 159752316 293399832 305137000 310522630 334878773 487733997 510665595 529259292 569759279 597876147 609901911 618716881 679284083 680672673 735869699 773737193 800100235 807079604 837569443 945908390 976805962
7 32 87075285 90908897 102009454 199865202 218970247 256623654 264704539 338648093 339520529 345341675 350963116 372252734 374702547 396794704 415185816 453355107 480018553 595596568 613881789 628674489 657320489 658506811 745982272 814054962 829151671 860611476 885848326 911396232 911635817 941750881 979089483 982280356
51 38 23371060 57319898 63112540 74600985 95125031 119548775 132340053 149579275 149595562 159059402 167092411 205716744 214710539 224546786 244655843 248189206 252234760 265062719 295668676 300073433 326138119 373216522 377864588 390493850 430059953 454270701 540034979 557696217 593841240 653387162 664226648 698080333 724176973 748046354 761197018 778549102 909333023 995680499
38 32 23313368 62565096 115407634 157587775 164820042 190067336 231692935 278969518 304467450 329989302 342471767 353625692 426234603 460452823 464278661 469135119 521412028 534291627 609820087 624052682 625158775 625565261 642173943 795035241 798316714 828272030 886207171 909150325 915727630 941438179 955244350 982920882
62 37 17329987 28034420 31135995 85940168 86083671 103781314 130976390 151198357 169992247 171164572 205194692 214999377 272190721 285101706 295884568 404537075 411631108 450812600 490443752 493196043 497339104 499547775 516641330 528227709 539916524 561916485 594355053 694807116 715210289 749430080 805561747 807037653 863867533 902246129 923961451 930309485 949647795
29 35 14578602 19976722 40980022 62079722 70382514 109054005 150287084 187847552 203029778 292578401 343178390 350593850 359654919 396727496 398562000 405729101 410697216 532992524 563307665 704758951 743000134 798240020 802424889 842128679 845357791 857722968 875686545 891651472 903136627 921874952 929670865 940278863 985537277 993463074 993617045
238 34 27039047 50811242 53096525 70939734 127011371 156197169 227969084 234392343 279952780 282027943 335548324 360518049 365945024 468095003 545981019 569809985 609116279 652778875 671927912 690991786 758809936 764091318 788054520 789931541 790963130 801948197 804411312 828507388 852879255 860947943 921103448 952730037 971372923 998589032
205 40 104233845 109997228 120736183 161919973 167268903 194885040 203720531 255286213 269826589 270641094 283859990 330137657 350137085 363848708 378481619 381000855 452437820 507198439 522023902 526595520 588028951 591110643 596799345 615443042 644154016 674375551 719218060 730797907 745919281 784516324 806245416 827565072 842661967 929918771 939706769 956981051 960085419 973765018 978030700 998719457
29 30 17322126 19007400 32620975 43317316 102731645 123741725 128069191 135942796 163206795 207589685 244899075 261039077 342838483 343969656 347305075 349699422 350980225 403171879 417877240 500062814 504598327 518314966 561483905 627211346 630722823 685259353 721318728 865604380 968614755 993899844
58 44 22971389 33195793 80723367 87161023 96152586 120118924 142042800 167943634 179341279 183843885 215815223 235156620 246936754 247553378 248376575 310501109 317756152 328815722 343997293 344051056 345666687 348128116 349028153 354923757 358651877 468461043 522182726 553725870 628842379 650598553 654524596 681952103 702264276 708087749 735929596 763638624 771788812 780466605 797581818 828960601 841341809 850512860 863764600 960587241
178 33 13050322 34075109 106136747 106983719 110600784 163620503 163976117 166781797 173342184 211922668 220943942 238098999 239344958 346040695 349143871 353568668 422010627 461637117 471519553 477238104 486978701 517174484 630751114 674662620 684141217 684170199 724565132 795960239 804690072 847603158 850023482 935533827 994508393
137 32 51475011 81022730 125081287 152836250 176525699 177679478 221198971 244796318 304965527 346724785 398671781 411631621 450251807 455230228 466392967 474070603 494311873 494732942 495255413 495954333 542911934 601907007 660339221 663637042 693341060 694012871 699182418 749146376 787185040 798272288 861604939 865012654
147 46 23014177 39688764 45726380 74910061 124836081 125235013 173295945 207323805 207409427 218680415 219673259 224636910 277713904 311789814 336755363 381842396 406214490 438840409 440852947 486079918 490837458 540165542 547590507 572687161 573956108 612465856 635846401 637192805 652486359 673730954 701987696 709060911 718833163 739199563 762111528 766599810 788629987 795818131 834709744 840446059 857751407 895764160 911018311 976824459 980643142 997744235
190 36 10954798 39299480 43672133 52983611 65613500 139545281 145222634 168781499 178915004 234554063 265772999 311087048 320863878 354905968 422613939 448247446 545049482 558492846 574450703 592312658 649495838 653646995 656862589 660460822 670738944 684785120 718492616 738494187 777012403 853924445 871985523 874679131 903779792 910193989 938614426 949308982
8 30 26005196 35998169 84974384 134963107 211797055 213530675 214114638 224868721 300003433 301905214 303261180 319038706 322001840 358054189 428497147 429990876 503803527 532171575 547101567 559962366 585767178 603871503 658424213 677202334 699681856 700583838 807798526 826437843 870341047 872320907
215 40 35401907 51149925 80178355 86197305 91849066 146072895 151009341 176635254 190178262 193665216 216139910 232128637 235497443 247217010 277857214 340756953 397927421 400287652 435859405 477830645 498299431 537028300 581532824 621499117 656668963 660966501 664303481 667736066 673619196 692420238 720922025 721587205 739805568 814782182 842464150 859807471 892001956 908711440 934650736 962863184
32 33 120945881 178539018 205901521 210603275 219921240 308002173 335699743 335715694 356472383 396597507 431500954 453254545 490620262 497016457 526215603 529556725 572841010 582456100 595256659 601104230 616510323 627441739 643879898 716770583 723556477 781792778 844129653 874850773 875412092 949421444 951269988 987048134 993955395
12 42 13634820 19323686 19726603 26790114 35324695 38024649 63525128 63864149 124216340 127668942 168485719 262658506 263716073 279143970 305665088 427783709 469716460 485883971 533228254 543070783 557218123 560970888 570529286 591756931 593368745 610124145 656747668 671796382 674366659 706429888 708042734 796495895 821293252 846378543 853382951 859749683 865491042 870969970 897222735 908809969 970815021 981245168
203 38 34034196 35551164 84294930 90467054 121960988 149432069 171889797 186300038 194855864 232307124 235900786 250775678 251185469 256589474 294181061 305037307 346290227 370380876 403881324 460008620 470675031 490141488 502610057 545806458 556783330 562660414 569635307 612409891 638338149 659388257 803155281 803678802 808632519 818839949 830122165 831607457 937543703 947803625
76 38 36602577 91138164 92248794 121558133 202516874 212856344 213398577 222976328 245826618 299571524 350820576 352312551 358282919 378116426 436357785 468406601 505229210 511518334 518636496 540569762 585475454 601162094 619101667 662591380 674836528 678686946 688696723 701189112 729822855 733869527 776305189 797125601 861361904 867297496 909246131 921592209 945232623 987527350
232 34 63053859 111452854 113676304 119689796 189103581 241997004 308726798 351236288 381816190 386632078 485910782 493511239 511637727 543088640 563187333 632974278 641373476 642481920 663969725 664050543 667924334 683832530 695098004 696108501 702466219 733408291 738717125 778994112 791647604 811915745 861315012 914052777 952461913 992298764
115 37 37757079 69251863 80471718 80699529 127638126 150910780 170759194 249265206 259376001 268838305 275981965 307626318 333553582 404817778 423120971 427861154 435232605 453227466 458248253 461657423 494650334 507925419 529768708 535272234 597099039 622248838 723272370 753896559 768814373 800129609 838395094 855715850 919874747 931718310 936163797 940962166 985126794
124 37 20276428 60238842 102394703 187711591 196827069 203663202 243101168 250990018 251897816 252418108 254035577 262037781 283707760 291532689 295493058 345555299 349189069 390664858 400977577 412132202 528481935 529071701 555350652 566676046 572237542 620466649 622489916 638080870 668621340 715495776 740890235 776322832 779520957 790769125 854718489 938731725 994401812
24 37 84766273 104213179 104554619 126726550 172294345 182004747 238506007 322461500 336508153 370720744 417345693 419123915 465118661 502454443 513143206 604036832 610784316 672798138 691787060 695471184 707701839 725701453 738125344 751241754 772782035 824616407 828967616 829830952 881280031 893327619 893798400 896114976 910575272 919124069 931780411 944865246 974081150
89 32 7828638 54443200 87893681 117699313 136667725 167403050 181593799 195197918 196298636 231567062 384579227 419057921 428191937 444546371 459694124 464307531 529728795 542025929 552538794 575162579 578086462 596395469 647602044 737509647 819502126 825252002 872656448 893257044 909748559 929000437 964503127 994378741
138 34 520134 15785898 26070550 29793186 55246175 75286851 80534554 113281030 114513217 131209546 230641368 251759792 252294582 259188265 383676365 426980582 440004750 470492822 475533118 485957372 568715245 605991716 679629784 717590501 728304998 743497615 752993312 756747525 872590127 884080787 891944920 952957370 961998282 990226062
78 34 25722577 95395723 99358957 100913307 187731584 294882454 303129926 311941570 325416346 337962975 429636979 533307847 534050138 551124175 583019192 592977623 597121177 607314750 629390099 694773602 699850186 715036838 729931035 736148078 740302358 744055893 750119476 767733696 800325548 835343282 855364620 941821633 942646356 968779035
96 37 1835973 13471386 138294587 173054576 175782623 268092377 286104411 302102137 341425393 353604197 420584696 439881984 502565247 515473143 521827280 564935072 572699970 580062485 644598357 650148805 661231424 681640796 681660679 697454459 729224998 731074331 732617284 760966872 787769363 799828923 818505553 821021670 830217851 876179624 902337239 951692988 963542912
243 25 91054405 123130907 158280650 296317361 332824354 375032566 435802094 551617521 572801901 581895132 611936534 642453694 642974971 643964221 647115724 662733029 705393709 731909414 796668850 796806830 904925566 926306503 938550951 950216077 964013779
255 30 89399225 107457021 108552844 129157988 142800278 143018061 165078887 235554114 290884726 305431240 386729383 409656546 450014987 458955835 464861584 541751761 542953624 616579454 621742152 672230339 712261917 801719299 887135685 908097312 912247365 940059301 943203684 948567873 968974974 992015172
250 33 54753718 131058874 132369084 141039982 149192977 210235766 210608390 225340490 244366499 252084452 264605990 283284909 336582986 352837745 358505623 364752573 432728169 503696341 511258317 554551149 573073196 594668177 709727810 724209062 726505937 739396493 791435668 813637321 835831012 879780642 889862728 970588111 985693110
183 32 9815933 86074630 94584923 137655337 138479915 144781577 209044007 230691082 249582453 268783834 295398937 315817391 316514277 335988851 338046418 343529941 440740886 464841858 480169846 505555860 534286456 563927125 644451668 652971487 657701816 702451474 712671892 732026064 786956816 803936243 951073925 961884177
125 41 41215851 76979082 124283010 137149099 147605328 177923170 225240306 230691949 238432276 290026622 388412370 447377472 448237410 464540882 464926365 465276868 504333212 534661245 540000649 557020659 596854694 623731970 638756221 651618725 655340015 664824981 670700832 724073891 725559964 727090052 811311999 814563334 817963295 849062842 868014275 884579207 930207015 932096489 966022098 985777239 986636138
235 46 6833502 11572849 13087535 32287454 43869747 48512806 75210753 79298535 91169207 102695785 116012412 142258019 152428893 172042924 178326306 225756339 226882005 241372582 259705560 267617611 268566615 311570054 319433701 331169733 372053232 389503808 475094454 487577505 506854517 525214394 533622385 603236099 624646718 630375705 681842550 688568304 708119453 713778891 756258433 786971114 824802822 838419692 850215703 918941027 986145290 995880258
179 24 4799965 13208466 28649445 73909746 93518028 236604621 296709522 319626712 333976538 390207794 392221339 409776378 505895356 593708502 646783546 716010624 735744379 768938541 770363000 802405549 810272883 856679525 974023109 981478480
220 38 18496497 25047687 45904192 77860659 80442452 86656378 96643570 124880703 161645595 164094488 172300374 174489792 175638439 195999873 242577385 264644375 267477092 339867388 381820621 511104465 591479974 625571547 650528982 661349448 689251740 694132993 736422044 746718073 764413892 765184298 766468332 793101011 825639716 841906237 848720829 873425322 969076827 973311985
81 33 18135235 36210906 75633887 78123375 88670771 121831939 132153637 194919610 204132234 255854994 261677946 366560077 383893052 491193989 501091599 529577705 543747523 598782986 628868025 644520252 692582056 705193904 769350937 781105736 791772942 805137004 820936556 825957107 840176715 954588870 974382595 980156989 983325948
157 30 7891733 36744597 112958820 170091785 183168172 185607237 256635590 329922332 351721073 356552987 384299302 546941647 571095573 573002304 650510921 686306800 716624528 742244033 775978023 793334915 799487380 824907836 842112792 843878607 866503810 868900655 894330988 896275958 898528736 987586197
141 30 67200330 85589525 99592096 105998775 156653726 189563946 190479440 209919094 247685782 311187063 326001015 403900409 404501351 414907013 439482515 475258117 499350398 522632052 609536375 648634082 663465743 702152546 768797206 771655934 781817792 789164132 876191649 958478191 986658342 999015933
24 41 14029347 24205149 41595265 61774887 86874857 157875387 162094044 175320915 242844753 256616817 342265824 344433475 363758253 388050346 411931457 421477274 424757406 438592137 447049410 453880764 453946695 478214016 502628962 546492758 565101743 571021842 576653777 617986577 653949722 678703425 689170111 706839398 740701504 755406254 778503369 805553452 887424307 896295781 906103835 940689151 988480691
152 41 11206873 32965261 36220778 69485575 74879159 90590788 111363558 142360334 155230799 189414225 242080615 255521986 280030028 283162970 295166737 308371502 309771713 326105108 350277325 368013815 396079783 410887772 462546025 464964856 490200700 512213836 520239794 532461976 547342011 554579953 566836479 579508753 676556755 706767461 724895775 788878467 826847559 863367096 884242820 925919350 935941767
50 39 11266557 12797185 43453222 103129293 104029356 132926175 135931970 138497375 166233405 177930940 177947714 243106543 258035246 263243677 292356245 317588799 328067165 332599706 381858564 388446302 452294546 522323395 526958642 529801440 541431171 684786986 694800944 703048399 703250667 719915771 750265434 768159326 775123795 865469702 885447045 918233779 967170669 991786564 998117868
157 41 5268371 16547879 67329573 103950215 121137104 157172266 167931909 191153073 211757041 220659807 255006013 284684287 318069858 341637199 350593062 373316066 397967112 423026840 436967574 503164884 525625749 535524013 535620895 556477732 591538979 652167980 671824135 742973574 760326378 815919122 831330482 843965897 906508239 908766472 915339739 917473976 938357381 948415896 951031372 953574730 994251769
145 34 5591293 48250268 70293721 93793715 104560982 204258969 227304235 227338392 290463984 320371159 328831663 380808896 426505039 438674093 452408700 456615933 477739451 517049481 517508881 526421143 556886753 594718359 610851498 620023511 665302224 705478133 707042640 777947250 784108577 796542531 834726933 851949035 932076128 995779763
32 34 8113617 59937630 74143537 109702174 117788599 227970184 255941519 257823961 286786367 313710528 361530166 389697105 421733747 435213956 499396519 512501645 521543900 539328761 547443177 575731672 578987998 589898287 616065845 665463449 695886409 715818063 732211599 773274684 817424413 826657180 836193030 869244196 871034467 982283310
78 34 21183527 23877902 70636414 112507872 115865227 126274018 155698308 188533206 252487252 252631593 273134660 345491613 358063452 365187679 367252194 379589102 418124617 433615326 508953554 562352232 563194226 606002593 620905489 672831652 700606210 734674679 804722668 830198400 848432182 878858922 905251556 908343961 929369934 942690398
8 37 6734733 13853172 24997945 42206090 61792059 77883449 104722204 149017124 150195952 152689438 235201328 245788395 246772315 295348685 299226225 300553723 316516106 365585883 379650164 398195139 471505575 508294190 529061688 575217772 612457492 619557510 663698327 683843133 778697354 783228855 819817857 867547292 872980851 954852137 957621652 961771706 978932545
84 39 11184378 50812247 87225813 105696810 239560445 256394273 262440632 281804617 295083536 393305727 399800293 425230378 468799240 475463698 482830888 484070860 509296947 511252040 524785939 551872881 573263809 577734811 594954242 691966892 705093746 719573141 742755196 749424032 815094232 831475643 848799931 855117619 873214885 904965603 917242423 921639133 935760305 962721312 984488634
49 31 26644277 40266648 43394464 47866609 55164255 94705948 98945814 152474243 172955326 191182777 197156573 221127188 229592771 319781075 450113895 632362569 642004932 678888390 680223353 735083186 740360637 749566107 779690663 810956512 926118951 930463980 950636672 958655294 973295413 976926223 989266033
97 36 15305783 61776856 126543605 148284927 167024974 199227191 236095748 283478047 284084171 312332277 316139736 317357610 317854553 436793333 562100953 577731172 579804732 600774180 623829912 624094222 644677163 650593508 708776824 736130665 756413361 811854990 814094560 821203920 857861000 899133511 937520904 944001299 949986735 955367240 979668643 998642719
240 38 1830125 26846302 42306835 90326041 129314151 135717611 252117698 297471750 303844447 378134203 380913755 423578493 424708891 467654212 496673267 551455318 557054807 602451400 653402800 661495344 664374230 722397392 735604704 767060603 773419045 786078013 816801066 825549069 829011018 829700641 853814874 894366570 894894506 906428052 925633083 949414238 969049092 996399254
252 37 41799079 53826014 67867899 101292047 130969513 156027086 157222542 184259090 215643278 271643027 272552255 300965686 310799552 338922796 370028567 385769019 389040130 416116388 443637194 471740815 476446624 485956105 495543766 573496383 621070783 634202309 655619824 680264292 732614766 738882005 759937238 793364237 803976959 809704551 825612412 870363211 971432299
81 30 47762292 169002337 178410455 266209328 279189839 293151015 294046323 311742075 340756744 381018435 412596788 452706757 464319136 522962230 523619730 539743665 575626563 605802439 626546445 628608425 629367747 735500044 735801841 838181705 842698606 878938226 904561381 905583294 966461994 973535739
120 42 6305579 17016946 118667626 174880431 188513045 228933855 256363980 365646531 367572707 380678668 387596149 417000588 425267025 430807925 467452105 468591918 475496759 486461290 501965916 509874455 517935641 523745351 573182129 602107423 608492322 623051020 629541990 641519864 679924171 735230017 741592912 752071218 771121297 793876818 798597098 819806300 875273960 894664322 903237320 918455128 969931057 983800724
101 28 74049927 96712834 130647437 146205281 156523238 180897493 205150828 213369905 240484455 256437961 337858318 349951931 393490508 412685555 465586039 528159680 560010157 627702845 693684466 707909093 742057975 802982451 822277115 830078048 891243237 932802562 945618425 948398878
90 31 18794710 25005694 112933395 131037428 136180814 221722166 250745356 285523340 290428306 310888820 329158282 342504175 356032321 365678760 478424301 492024345 539079994 634349740 643510669 664876736 725190425 726362165 764276342 780733323 791150304 824166211 829667294 833225942 836839499 879303218 948944763
243 25 71946149 173697328 184162545 229363647 245043180 274853344 285085850 296167915 327607465 374773290 501318242 507804981 521631353 658482827 685601918 743733451 753632337 788877708 848132699 862312392 890850930 908386112 947574185 976269568 998055559
165 32 163551068 189250858 201769693 249160690 253876046 274191818 281733235 283378240 309590685 339894226 343154668 360474066 366076353 380744629 392467017 423496705 485800630 501227078 540955218 549507975 592883236 592908131 621391236 625262479 654981224 722411836 792948111 863370240 901046050 914703237 939223472 955825577
151 36 7858993 13389907 38005802 43743625 47718775 78360887 78757484 99174644 101956933 127602632 191146960 316174712 357319153 421104181 435001973 477459599 483197559 541206462 554212078 578957730 586499030 630441809 649966796 650183978 664180774 674251639 789219766 808639275 820010793 856343694 868414038 900610231 926703070 954698820 958618576 966968783
54 41 6770422 53557333 117673873 124550441 133815200 162194179 166697622 191846666 226718386 262955137 290744342 303290027 313846687 356874490 366103237 369187379 414775400 414783682 419843250 421115758 450609018 471682360 483600709 552759548 578700565 596628580 666160597 666930543 703309885 734259826 741031711 763483952 775168371 801930945 808640543 869737922 878575318 902068331 918319179 953102813 992228238
232 34 55749739 61070471 77052323 206928668 210913540 247182482 259234001 269643459 291948357 300848729 329848871 351987106 370597975 385573874 398724748 405813927 418542868 421017653 427799364 452860009 558918772 570750793 572056172 577129452 587409417 614550509 619241646 672769906 826728716 832905264 865104612 901921950 927206661 954508069
72 33 16163017 32064526 35367644 121041117 133605444 167855640 176962602 214415240 263362419 284306677 319264958 323604560 328183100 367350581 368119301 426697141 442601515 479408984 578166160 590357884 645527011 703180829 709393652 712040258 771256032 781167016 808114885 830954456 842419876 854027336 887514010 977366776 991019430
21 30 83931123 130943609 136834661 144092750 157584569 165960668 181916878 204018453 221622864 255426442 296791406 333729739 381689280 439437865 515049621 548874581 557616797 597702308 613561000 652080988 671758624 685313660 772428955 793183196 812054553 816535622 854285385 927585815 938161786 945815528
40 40 1701161 18634300 56706279 82976954 85035953 86032116 95084493 97377251 150182662 156369656 275931239 316483789 320021066 437840558 438133880 465548123 513622876 566101045 591802876 595585489 629048483 634979023 648708727 650967338 654159280 660547055 662689936 686444404 704049012 713558285 720992228 765979606 787193531 842898236 869559080 900616226 905321066 951233725 955019356 980938301
204 40 10247859 40725183 62166058 68732938 91577676 123736559 125599324 146903734 177817172 180342550 185428340 238000161 267442070 284600594 290102752 328537433 360782324 378040566 378774674 393025894 494748698 502520469 517021171 562838811 569759332 630110516 668397532 676913601 696357435 718629111 780123020 791359283 831211749 879474894 882044226 891485577 898170889 913125808 916760719 919024247
65 38 49259941 52695580 79796215 113049677 122693297 123387125 132598997 135297535 148607949 227809534 251125739 266537399 274987164 286826419 337111250 340198722 353785163 376824335 438073464 460193293 490174650 562513128 597967642 604604565 607675394 628555136 633887236 667084201 677826739 742546636 777107435 797784200 810077577 813852417 895515756 903260772 919093088 938200526
126 42 41910382 97768299 112110039 132713245 201390675 227818449 255623135 279718392 291739206 305747633 374709777 416462549 439652883 449794462 474529562 488932486 494515737 517470074 537369866 545225259 558316745 576186455 603804518 607743621 633807332 639497391 661332988 667536277 690491038 725530691 736454068 764219840 808967469 814525270 846220889 847351655 861369406 884707407 895528646 913597491 921532563 927960642
137 30 38212759 39909746 50004955 74246301 89832878 118261207 134782396 137860913 180332705 312662272 331842436 371663389 385183007 407341590 497449825 510600819 538235293 615813679 662016000 692594185 719364244 719559961 738069197 755224742 860839710 879158598 902618574 917009894 923023723 942308102
124 31 11404293 20482122 80781751 98638926 99285251 117032415 118387166 120743608 195613508 207813375 222655021 272415992 273110249 298484997 302146870 306331359 325144212 400168325 476901843 500213174 533969241 545377428 595114935 628609371 696255886 828617178 837309758 840255427 850356080 861423415 942584786
123 28 8924679 12680144 39570938 90912601 108209414 144001425 181836498 284860808 302302563 323534172 334467097 397271743 397443817 481185652 513010234 533654726 591395269 604986185 617021095 661608782 702741398 727187318 825517130 832622001 842467896 870846326 877322360 993192604
243 36 39580881 42571671 48637296 58626946 115759980 116743841 131828512 156958624 206749970 282119192 288854131 428536654 447288666 454323701 478142095 561830594 562219987 608408984 613664871 617936022 671466870 678852517 681833195 686418841 733448135 763935514 769815295 770135342 809175255 815442308 816133877 867193791 882242172 893584395 918727359 964186359
101 30 38120126 58540179 73394374 95362762 98132344 175118267 228046036 230227082 237056874 320486397 378605588 383336399 384473303 513954613 531022736 564055314 569796763 585390175 594118947 614529555 743909805 749529361 805294646 863571739 907068399 912772774 935377935 946710966 949455111 984400916
219 29 12998114 43543537 108399351 115782922 183153352 209574089 223033341 277273637 288975788 304751408 306488031 434664736 435951413 451313533 452228020 473448598 478316381 489944879 508431791 536020519 656610276 770768626 826572140 840017156 850355098 856262958 876999067 904669404 923036037
229 27 70302 68010436 68963489 98228088 232716336 241762127 253356671 297463171 351336520 365941398 447637964 463255960 470289474 571656801 642051648 673410107 736674750 758538386 767998466 781929464 803216602 855531536 874881507 893061526 901224583 978045596 986614944
81 26 12784299 73050366 110439206 145949703 146869629 156622471 161859759 280028694 287722842 351916160 462343280 529514430 600893910 608740844 652916182 681050665 720199672 747782640 754757465 777028184 805299740 819962034 830461351 861466819 948082735 954595043
8 45 12523415 13340701 45457253 124277042 126154963 131406960 134183850 144755023 188823554 190111474 250082561 287778224 293270259 297892663 299110245 329965033 344961365 350498258 393798290 477071977 484842419 490245165 499464356 554152151 560485700 577485050 626944389 647076056 657580534 671812588 724279818 777155213 804434293 821723936 832168249 838779571 858639905 871770986 873402824 877620804 907411943 938716988 955216114 994387301 996100307
173 28 129627435 156351686 169640909 192702572 242897126 307678193 327280705 342321173 365095626 491748099 532230817 583557773 585202811 589119634 676069768 732022809 751460208 754496807 771876323 819698115 856252733 870469599 885355250 901390996 902753390 906836288 962694923 996264877
55 34 4000526 64883888 213219734 214904689 232882259 236920046 268821111 324033171 333071057 347833346 405238912 414874556 577600213 582419063 607272603 609945705 620831307 630051469 648674707 658410701 683254352 688613451 688788162 709468233 727744105 763076605 774760792 814765895 906725894 932661414 944763910 975098563 977831482 995793522
5 55 61338 18841305 39291833 41905897 54572623 56709874 107335902 108594266 115709398 132232708 156432506 165960479 219639812 226470985 242313810 250624685 258377443 275669217 292235922 298469330 301019196 303553574 341737796 346469540 354269392 399667965 406215186 409562872 412470344 426156300 459308975 461772300 466215914 469535367 523591925 525467641 576079360 598389368 608232718 612550540 640217863 679492465 701052152 713116167 721381283 743408441 786491626 801419329 852820424 857863337 859214982 903980353 978835545 981165702 996836366
214 45 4722182 60038854 85955790 103846868 104974468 125331826 144289079 172737182 261663357 262954940 292519108 305627189 323149305 359712340 378487848 407173377 432485791 464667446 493096757 500541846 556111444 561874245 571751311 591871548 605796627 655451633 657135489 695397134 703297413 708503512 714650845 752054307 757075871 793149007 801591567 808397185 841374964 849326965 877892859 879020142 891409840 894590868 948335263 978681569 988474258
181 31 27026188 65750423 148163612 153800103 253084778 256216104 272136245 305343932 333323480 340227576 360759832 368715319 384345323 428696070 472253285 547830222 572523949 601199562 639091923 639217557 682714455 725048680 767012254 782676781 791544019 832251321 857327612 905563469 939297355 967009223 993910957
142 41 17732107 62410176 76857932 84281823 93403742 96216775 128545424 150901844 151092029 196521952 225117159 259386455 270225482 272482407 284343962 331801645 334544363 383002450 384352922 431393789 452378046 473954897 477001628 601313044 623697073 627545454 631903800 641593635 708850101 713766146 758483856 780471238 824605627 871385065 873853091 901888053 930567215 949864135 950841936 958779087 969480928
173 36 58057714 62539775 106314480 139802755 164943377 172596877 184962970 189705193 228539826 240534595 248178240 254935729 318310276 324820796 363409387 380836301 390944671 400667372 410151344 414132752 476176819 479321990 518240150 533126638 563439161 569546673 619714038 708349965 721497581 742154193 754889291 760737181 820912755 858064709 925434716 944618222
84 33 12022761 17749829 80743867 171098152 206449743 206782922 217682719 260912392 370077351 397747834 463007364 494494075 523564504 559673136 577460492 577909171 653816833 671956536 697752493 723452678 725437841 727927058 736787117 760384576 767558309 784062397 798446035 845043114 845746732 921806612 947617468 965307291 989128717
99 33 17326309 45471103 78754770 99994731 103942159 113753331 191490875 282611094 291376502 307938952 309836849 376010513 448763437 453619200 454555150 479796585 495750995 503369204 513801637 545041327 585943549 640393465 675118018 675808973 691980865 743181892 758338459 837653224 844589625 925451444 943516049 965728133 973740600
135 36 5589386 19608518 23637020 56814546 66755231 86919933 201488811 266355254 299664740 325209280 365011913 376169068 403124845 410957217 419972669 426405060 443205105 466243827 505546052 522479146 586414818 606501036 682193366 715044273 719358775 728915923 735218359 741554461 784398610 827109007 831748527 833950877 860099161 919788600 957236077 977588062
202 39 15445984 50378261 64925291 85106563 128035195 131122655 152224014 166325402 216274209 242707382 316218148 335660636 393733713 395619500 448899674 455617371 462277433 478521034 511235698 523009448 529514305 565983950 592355553 614508916 693055928 700882997 707326449 714246534 748670961 762425251 787385569 830827831 839410884 847905203 871629063 894768551 985888458 988655149 999980218
65 39 16782863 63175544 83441184 106642738 151640710 151707744 164116092 184437114 222884881 252868820 255551946 264574866 273945787 317836428 339340947 343709012 352584910 353609673 366726835 402359302 413788266 428233102 432231259 435887668 446618965 467709120 553287115 580179828 581128844 713213900 718467668 743501366 767813407 781975069 804239175 855124285 890723616 963672727 964093985
170 37 29805814 58941714 68511439 98850445 103238235 136137471 159789619 179313980 181456785 185196667 221214502 242518632 266550552 289120491 379022593 428751814 454076503 454754490 463416902 504544369 515447310 521618854 605409353 668926937 676695396 695286795 703259706 732619008 735477862 745979449 757347414 775595054 785599851 806451033 905368282 916580024 942099707
215 44 10510228 18768947 28665863 61284149 110630154 135531263 142727520 154079276 177412180 187404145 193292461 250284460 274278018 333340407 338103732 411410106 419002184 465157625 472575902 488078398 527371368 540486078 570814842 600965986 602984579 609530721 625193489 635510910 649539648 652949969 676721954 709842070 712557201 735838613 750396583 773595320 823042031 839758790 868886070 879711755 954741936 974655680 977999410 983434950
139 32 79869178 97678676 98670327 122017772 237494314 238126872 264049024 284839872 311405749 380813588 467240897 501447361 525787118 531838775 570170412 586694732 621063347 635757981 650271168 709776912 717634665 741561096 851451743 859438736 861886007 878576065 893637748 944820512 953365524 959221425 962257132 991091027
54 27 7261879 41219160 110886070 129660139 202844732 205942798 215940977 217943136 233277353 287515802 306326373 386424455 428601066 457546811 457956285 520953605 578351100 582078774 626642209 668426637 711065642 734395812 791790300 812566401 824996740 888998609 945191020
232 36 6319968 50678304 53031404 73061260 76447476 80336526 138961550 148554613 176033032 189747654 195899296 251303285 302796395 303453027 303843388 331968398 347958753 386160294 417393318 423872284 473304682 481512027 534186270 554630730 626345614 646624246 654000521 665400462 685747365 781897963 862623752 889891392 893884329 896128874 903800829 942103399
165 25 38451285 39957326 154431540 325925855 343077374 386331917 395602367 414456430 479869809 502143191 505188008 508480335 529064472 530280445 595513777 739071408 797565346 800497924 832287727 860591293 874669492 879616940 920512491 934053521 997763223
249 40 67788475 82294293 110443936 179878474 191866481 211327872 272404116 275411497 287760159 337985171 341633797 353070816 378385996 396047971 400972971 401904755 424228163 425243192 447941978 487304579 530015268 555728763 566928033 600712194 612697377 648469069 701152516 716354484 721831093 732863252 777860734 812103470 823194918 855844794 868760392 881554700 906095218 921396252 951344123 967949700
92 33 66872218 102695766 145950024 163780729 168711782 186139734 213150261 215702894 241327156 250777503 257173842 292532853 308517275 314474902 377374522 425108854 452287234 508410328 565058902 587561856 626146582 633285375 634018379 659025626 669499241 774520115 814919992 829340628 882054732 926159220 926383464 947274895 955925501
169 42 4988069 13499258 24115751 29922195 48738020 54002821 117829508 118525202 123564102 171873520 251678735 259381254 267811449 286512430 288998788 313799865 340105846 381146554 466700869 467247835 489624733 525413400 538238273 553555956 626451062 631648921 637728503 651899543 695929638 701447184 718990832 737074096 781255909 804254478 809537393 860732200 872619251 876767617 882773509 945958054 974743678 983047808
48 24 7764988 37374233 42518915 257014782 352419349 363285449 409064944 409101110 409756132 431576469 456182101 479748792 502716511 551429518 583105371 606303700 703957896 719228917 721495000 784914244 784942125 877807270 900929974 968193856
136 33 25841919 30310332 97695601 103844850 185805477 203119259 228055919 234755112 266107984 281994745 342182991 378669727 450113521 458707406 479298936 487117073 506312522 517385900 580994021 630936067 672621507 707447586 738663623 769521460 779245088 780919596 807675583 900539787 904580987 913501943 948616077 962263479 964560989
113 39 12480674 16226148 39410982 55099562 66458706 90180509 100667334 103242730 106805304 116358030 134637360 152025771 192428797 208004074 241908803 270072703 313912442 354778371 361025949 404594728 437678251 523194160 531276125 564232905 574165366 614805457 615632641 621022725 655235951 663492426 669401774 702732196 736605726 737494804 765110266 873996298 918334528 927221968 991026186
12 29 55781710 55828310 65725485 109937222 225326311 251201331 252174244 255662488 261847194 264011959 304375374 360219221 400247415 405182931 526460991 535837846 561698254 574204240 574351512 583475312 610701862 685516919 761021724 869002206 883718927 909329466 930271245 932732138 958201343
144 27 1919101 44199024 105654720 173577020 174299438 233776768 245948477 335121332 336254754 357731421 380212957 385874970 512209071 520010270 563347471 587220159 612802539 632383177 641651497 669775255 691137314 762406744 789351230 907015461 924861847 932695598 968623875
141 36 15867434 68778800 188388966 226196795 279087831 287057975 295340049 306738689 356873796 404210788 425962434 427965982 448156693 455455170 481569443 518042243 525309113 541225185 543812197 556356690 583500067 696475236 700970432 785398356 798251497 809368517 815024895 832779601 833313633 837153112 842614842 848289111 852564434 896999837 923864846 983834260
74 35 41745022 65662993 95432815 112520364 116184203 139424064 152520732 153903287 235707246 273415228 287216782 301509569 361446153 366143964 371151178 428239173 434728667 476377921 562757657 567502667 577906172 612190435 638699621 696863157 710172261 774350183 792597595 823172694 824436258 831837853 886045216 927223114 951880761 973083948 974320514
92 38 49731592 67387587 122859350 172234087 175790626 177934733 189222949 190147326 214427444 225100579 262013015 279168137 313994949 370568801 408717999 424070486 441710825 449752212 462458657 507907521 548463905 582966151 614689147 616083321 635594643 644883642 678261170 730492680 741768094 759671562 867313072 880813970 891961654 898754951 962650152 980271272 981615197 981666306
169 31 1717925 47629669 51138915 58129089 63211978 155406490 165241438 208463743 220346745 248689810 257386875 273565448 289501507 334573197 370382707 407725209 468470524 481504244 498964295 545092473 578470342 582756500 595032866 728629430 794200493 837008998 837847626 891923675 900379304 967566637 991094173
243 33 15522904 60468244 93959671 102040991 108689065 118831875 140801417 160171821 178727704 201961506 216850952 231142720 245765898 281201498 356428396 365625086 395899732 409412457 426715906 445978644 453057576 501476979 557465215 572747820 599203590 610605098 611314841 632233205 643991549 681597671 685487423 773738984 807470986
225 26 20327511 21244805 81984579 110493128 302695127 308737502 321439711 363401364 390536181 400812775 440667547 470426796 542313512 555415030 579873182 599307837 648266690 664886597 682767318 820203926 842186760 897301174 921724910 932280188 976589650 994064736
185 29 33371518 57758563 156761352 199690378 243086684 292794935 308374186 320702596 411786712 492090793 517947653 519743042 526625907 527121218 530800069 538866270 555989825 556394582 692749544 711889069 742272202 771360822 787132035 830007572 830137283 849078844 895430308 910863676 979851804
220 31 11433660 12081269 19934634 39280135 50911248 69889350 76266962 79371813 86160113 92117339 100582922 153431757 174299693 222541299 259550045 267679032 359194914 399097260 445305077 505132237 542012679 542617909 602065904 608415925 716062377 751415027 782932818 885995455 914583561 953938107 970891950
52 33 16376663 87111072 160163924 196524014 200209464 232133180 276701125 299757286 315263182 348222127 375446766 382849241 425040622 434374082 436435397 453052930 453541099 469978885 478067625 591260442 618760071 627257257 641974334 665288416 689768122 717756758 731931470 779115675 804831543 813880386 849636380 902435395 989700153
205 40 724423 19161208 35356785 62219293 68814385 80536833 106219130 112737355 127328521 130165272 151559656 205665982 250099273 256016768 257058077 275062928 290598852 358933944 370170570 407511797 408736953 462119796 464784819 483740332 496472194 501293207 520591671 531865525 563385984 626952778 734977419 741161180 743491882 782259076 796950984 811901705 836967996 922666332 929117247 992413760
87 31 57521917 100553309 130000104 146352174 182166215 208776889 214548426 238446186 266553593 306033530 345138268 361411466 363084264 401193620 434611000 514245386 549937114 566536689 574254213 574971721 629355529 642616058 744906407 759935923 782431070 784038107 838620928 877443568 923465851 932428584 979349427
146 39 2754674 27326626 55787297 70764650 76186610 169636709 181863905 185585416 188402955 231788893 237155094 313360466 329805388 353178128 355162531 396283082 404318584 477516689 537634891 540629722 568006403 593457906 594532003 603312663 637293316 647656457 691276501 696553498 729251905 749611090 754846915 804512092 813705452 848177285 865086596 936395613 950869766 976994987 979896046
32 39 16463465 21248035 32981189 92617504 93783249 95051767 110079394 210146561 256254493 281084996 284213275 324966193 336994049 344942700 355326601 366941952 378368070 380805521 400867365 413140811 428656103 449210177 510740697 542782299 544200118 561984059 620594465 685886723 692380747 704268381 739710872 826082228 868505398 887640030 891768281 916560927 922800398 947350652 982304869
147 32 11446216 95631818 108458766 141113323 148156764 155536404 171777802 210358327 252383070 263363778 314884252 321670594 336943299 361222181 365498604 396012708 410538982 412144531 426879257 477348420 537363138 672877155 709116778 731540518 757150269 781676928 827853638 840447488 865644819 882318416 953312580 997641076
157 31 59410868 103659365 162246955 242558197 261964302 267685779 294701249 295447295 306418464 353234847 402010343 437623163 440277244 453183060 487129045 501662729 501814812 560920286 573973229 600785406 723491718 728648184 744600357 745009949 788895803 817652712 838337949 850592690 899862363 905017684 914337082
107 39 23370629 39661743 51792729 105129244 147485615 159591824 190992787 197627718 202032365 229513009 231190702 258254571 275764349 281147059 336820753 348176769 352575471 356091558 357445767 393628635 451981007 460247461 491781342 512439971 515492914 530771464 552716642 600502846 601430170 702021169 736403034 758788854 773065149 789452391 811645378 822154241 843133657 872885860 979192651
49 44 51118734 56936511 68098938 70549074 100071822 115360339 120535668 130249435 140504031 179916087 194256415 223362628 256996288 288204208 321459161 324029141 341097541 364621200 365426134 462085365 464546979 485681222 553348335 567229416 576767800 608890542 659892005 677103663 731693110 775460340 775546635 776154353 795594705 799800780 806331861 818039152 854952727 869204565 878915790 883289399 901160929 961151922 975024946 984553400
45 26 110190112 118096059 139263378 184021563 184054127 252427647 326761582 363473888 400143722 410434181 590217306 592232753 600792813 622764738 657694163 660476329 747039270 765706041 779889019 826766181 862711968 929156075 931950856 955267487 957636496 997043644
23 37 53303940 127287818 143293103 149821276 152835559 158147995 159600665 219398336 249273269 290555861 330855632 348932134 373466358 378960111 397527363 419421806 435278907 460365854 496865417 505563918 507273020 547580781 608136116 671499738 741916287 753261134 758982854 827838436 836400124 854501774 868626654 887829359 893774515 941739381 955289564 975753981 993527232
135 44 4554507 11125314 24301728 38597081 98947263 122497290 125215531 127508518 144181497 144645490 154584892 183050305 190878760 216860915 253887079 253966515 299291779 301013972 375936303 388624933 390942861 471562810 477280723 482036983 489220600 497122671 540266944 557748449 566952981 607869579 618268434 649043174 649947469 667478405 669046985 703975562 704704351 713065964 722753406 736667587 768606136 791001622 840754730 981011702
139 34 25103724 32295512 68954290 74398803 130479627 133559519 135262297 191398635 212935065 248605371 262638868 290544377 306899729 420031252 464401754 510043763 527267087 542681627 565572656 623045025 623308763 642886277 708942802 756279850 759314018 764676629 867286391 882094254 897128177 919210834 925879751 943676430 958993177 986309750
65 35 61182895 105442472 119515186 146542095 160938489 168916757 228435086 249684177 266663219 273226375 315607300 321002883 359051159 364269277 375191557 376348942 392817649 432273167 463386522 500645809 523761730 597424500 599765807 615851199 629252235 637684606 671432855 715142975 745295756 777039304 832642961 886782046 965772715 966100655 971568030
101 36 67876769 74254473 88572427 96795287 122462344 183118341 186719611 198263055 221932415 228608062 236218260 334848950 343268638 360645106 367808473 376059467 474382004 479872075 481328662 560977217 561931256 574779931 591659680 636487613 702984573 753000082 795779110 802466512 811379872 892577587 900894701 923125335 925154594 928481760 971888292 991480512
62 36 34900779 42233170 42725602 65167290 74495029 150317153 155521199 161462700 232930632 239220001 278531998 312290775 338040535 352735907 386604277 414370753 452240582 491362631 512475153 524754342 591571577 608949116 645780695 657260758 694726765 697900082 756592803 823208617 837041178 840100456 855953346 883285760 892731776 939871556 955672687 979228668
254 41 27991449 70252942 83428326 131779644 141920485 184760091 185897753 188579933 198261434 199701812 211712269 218246975 219385058 230075938 245624582 246625728 277006449 320300773 339930820 341029989 346300867 353294191 390178234 423778583 447166466 486779873 570588242 604633520 634620966 635623664 641323346 656620434 685854985 733096750 739694521 794629332 816467795 856115544 929498729 988514844 999080741
232 30 16655764 87966835 164071367 217687196 227066603 234229845 246664643 333242575 353579550 357331124 390799262 400291756 478210415 484052452 494474862 546595934 584452973 611588156 618409458 636296268 677238796 704489228 705947168 712305734 716976759 739318890 799925193 806363824 829316676 959282557
249 34 1166363 37634725 53798857 54314846 125088917 172065534 185443114 198860490 217134300 306102538 320494131 354474925 413805835 441979326 495805618 499858175 513232383 558023708 584001167 592129838 619391342 661343193 665408147 683112879 701993970 718217936 722070395 736756320 748295578 808693588 855613232 894585924 967267192 999134426
174 30 4829351 45484753 84920455 134221754 164706647 262878017 265350895 294864793 370248717 386033774 418401251 418465379 448465836 451310660 501810598 528531330 560874933 607075977 666582179 674045907 689653185 694275695 783157215 789098040 819830140 831313944 833480610 894236233 894968588 994519370
26 26 23545491 32953863 47548351 76765831 156596054 180370227 188850493 236544005 256376242 382053691 397774534 461301961 464037343 554494449 586795533 628353163 629473139 715442804 801047472 807357928 836687416 853961751 863887115 880177016 946080009 958000771
253 36 13570484 58162016 143991721 146499037 151103400 218872229 222655111 224979593 240398850 274763233 284239488 286203853 327145118 349296249 359744655 360346799 368800162 431641968 441293512 452391025 525724030 594782537 601869930 610679316 639014146 647744219 652773614 695556708 703077109 752389854 792338908 806019665 835525395 898204499 945115775 971038050
56 53 6299428 6571123 23962744 64648476 107604974 113373254 152949221 168654378 179351717 193457052 215861592 223186736 234392463 241809634 291801465 371371801 374309091 394260148 394774829 398046123 415743904 468310202 507063025 511923490 542734803 566016716 578697405 590555580 591034641 599909547 600905993 620718395 641811103 661232852 672173952 673783561 686631512 694876583 706069183 716312005 718077307 753006430 771813496 815651373 868587758 873956800 880286294 920196564 926999705 941340465 958388177 962125627 987846293
90 33 58860433 112711769 124532766 148756011 201748628 251440777 261430792 264197618 275852395 323447147 335519224 346329487 388285434 447770875 463017413 471698297 556513678 560795191 637064875 692103253 703087606 768165630 768585271 779357053 792769811 794222065 811419974 812395986 830459929 852869978 877650195 921618496 931990677
49 35 41180391 88715780 100989813 107623651 114653208 142504742 154794957 158562110 176834883 344691899 379621016 438187784 453390982 464446623 526389915 538157032 543497535 585832513 607443596 619769753 657786532 679330819 707919529 708425425 727663668 762261857 777663399 780858817 782759770 815034337 863097786 868381435 917367567 944682407 959280442
8 32 94886197 127450723 130351923 143673910 164448927 214693399 235899761 248521757 262735816 292745709 332086142 445930765 506200508 531879066 545678474 559964717 592312232 627716746 650060702 684707242 687169137 711006310 739916728 744719509 749903614 750162167 765253857 855610532 877660847 919733870 931700051 982640247
36 31 116736806 154041002 157248465 178748059 270539453 298200360 302683608 346934114 356467968 356605719 369457511 394702577 396454462 398856032 449185805 464575432 467980634 490670139 497375091 528210277 660497952 664615419 687397897 748541778 798500669 859011973 882102040 911750540 923313368 966437996 981989012
149 39 11064436 19502215 29869754 95237319 103466535 161180262 171284561 180448456 218619934 221923827 233185592 291933949 308844682 310083282 343440482 376604498 393738142 480756768 537523912 593310181 679793412 706971385 738242530 738949808 740001040 745493560 757260338 771723413 778324149 789613962 849287497 860549208 890185337 897236980 940672143 948225905 956645416 968010607 994697022
145 36 18076669 22860597 27917572 42224617 55518981 90734450 108212737 115161682 223230387 228400333 259595714 272662313 286608234 310324713 310984046 329533783 354297716 410246011 424610401 478707603 485999125 486486393 518462162 552570633 608354096 620938783 667258096 737013327 763378917 771992883 813817421 821142890 821401502 926128682 957103285 983787964
151 26 22646589 49144550 114035952 120534980 154211845 234707749 271981560 309130140 361380449 368688936 395160812 402921575 422944369 438584858 479666444 480068273 495964519 553874563 568472406 594088613 635683356 779673987 786013721 802778718 916508317 920025362
8 40 35664822 82278035 182813902 186943472 190597279 206458354 215654576 266212927 302890276 338355367 348582506 359772199 372723611 399379204 401191673 401944056 405648675 432008525 439608313 449674640 492988249 498004336 520528720 538483499 555665954 598415491 653210977 710589290 712135569 755889261 789174989 797456073 827964375 872227881 881821429 894519905 974473975 986740198 995911684 998102400
90 32 14968670 19303162 23822054 76323928 125612644 127854480 131021785 160150163 219838563 222422438 308980291 335244059 382772090 399597542 415806689 451014263 471565308 496901721 534740181 535130311 608458255 619001602 705262710 717449028 783588713 812755625 859865667 861108414 893413208 899041515 906816446 986684983
192 35 20422441 21016523 49131206 52399035 73420596 86984123 100259109 117413622 176973240 193175869 193681221 206893147 228022465 284872871 305590865 311867420 367270803 381378185 441642150 485031846 495256094 530733441 595012445 619812294 643315816 732128245 741733647 743532658 806375300 847023183 854664061 857322992 862389911 916312034 978485318
95 34 9340283 15293026 57438107 106464055 115433570 134753672 137574264 185691603 286585679 303873204 313902103 338390271 358934885 364838111 377579613 398692896 532321556 630580437 650291505 688436666 702574145 742798368 776725897 795863952 811805549 836837973 846732701 875876530 916823149 919567472 923048145 931188982 940067261 955978836
173 41 907797 16528411 29806834 67367219 96581059 154770786 183548251 200165449 206195966 224055661 227899570 230700528 245710933 291732217 310956713 332651321 334935887 384922170 387537831 488165609 503715242 505656585 547811613 592346924 620331320 639480132 685737793 744037871 757417274 761833236 784075342 791750285 798150270 827957403 838715544 896748704 927493920 946804534 978580652 978760325 984316616
221 37 76072840 78529897 82119317 85800940 125029709 170040260 173121134 190036722 220291136 234073353 253704977 261716879 285878421 289312048 300327758 306591032 315039744 318684905 382016994 395835008 435885955 439063578 470947955 471428586 508994920 641851181 714767292 769063781 780929488 812425696 835787404 840016248 842609917 862948532 881393165 927515171 943441051
214 37 2450375 33462888 35063258 178072374 208631585 233889752 237338766 306619565 309235405 327953191 349120065 356797085 421627523 433667933 433867888 449680763 450537341 458601114 503871838 553586679 568609361 574154315 574379943 608063321 613067584 636575122 681708023 689364213 714897317 718042452 746196914 753452734 770648754 845595319 940442008 941918163 976527580
96 41 66111424 78908659 94409507 114336119 118966298 231489931 280182520 302977293 373766218 420989630 425344258 431855618 446529008 453351349 459837643 475024010 549486143 554975501 561924345 570760951 584331011 586195228 587925520 596763112 614762148 624032372 639813869 695345370 695499900 749580071 757292702 772756918 787858351 793189046 863134777 873177814 917465481 919864538 969369449 972867191 976473642
5 34 7636533 12423712 78624589 80480390 81999074 83048347 166187058 166216559 198273729 209792494 219279338 299522869 342021755 356238885 403641240 449833992 479055115 487752306 521902848 541533411 562717524 587893161 610453729 687830181 708409850 712497143 733797681 821470320 857523206 960558039 963707152 963779357 978226823 995535174
187 33 3038201 27557158 42237566 136593130 153458352 225839697 247526460 296000756 305471244 311348892 317998236 360722129 364787328 383659006 471088717 473871652 476683730 480408720 540829255 598428064 599942357 600303417 606748242 660235106 703921890 754273119 756623008 841549265 862536939 900125210 907619508 912565879 951798410
93 32 11050973 29201297 66236390 91612794 153014491 171913439 253282905 256045126 258580036 258610061 311765938 332476010 340885112 356398169 376290227 383637862 390307492 415359201 441590996 456009567 499334844 565685175 585297972 604784171 625785517 664119464 690903972 726165200 728843056 867861895 916337575 934611099
38 24 13189604 13279689 148372559 165527296 192225273 200103108 202593273 214815353 216829075 339206914 351097794 463965985 476082407 505475489 523441150 601274228 639729359 652493232 666671716 703171534 753689798 812640679 882882798 967558551
99 37 31987942 38515268 138712131 159060795 182099914 198551350 226240183 234708653 252992398 257295094 315231882 319922516 397968642 411143301 450414719 524301008 529260902 530628428 545624414 583275610 614691142 629848816 652864234 659315013 706937935 765829087 843833036 856292502 871234318 911048014 912492943 958751668 961165716 973499865 973842117 989611866 991264712
159 37 22462008 33188400 39924880 65355496 79017650 88609528 160167788 172995584 176711056 194163885 200972545 210234525 228331754 280861226 290222248 335571771 344135188 345205792 380807270 382058066 425696272 481747865 504579661 543682919 556170539 562047577 577578236 608091346 629014775 639803343 674420179 679802441 706457213 802237762 810140584 810732774 871782800
123 34 16095045 43560416 47415424 52485690 71446111 100769137 118084464 139235145 171122957 174573659 191810142 191941859 281924478 295976619 324674623 328172824 480631533 495483857 510972899 542539350 544938605 572038958 649941999 661608484 679536962 682932103 694969706 728979334 781856213 904508175 909093133 923367466 960964294 970492835
12 36 13936054 38057340 39970100 52725040 53270734 172947048 180439254 204499954 229347173 250763202 301188275 306245392 331864125 345350305 368049879 390081766 394177439 396189936 464273801 467420164 538299698 580823658 611287949 617640340 714802156 731733755 734092215 736772740 805776301 815167722 816269425 858358105 878248165 896492615 972940178 999661398
57 37 20698123 109382991 184155481 230332285 235199226 268084170 274976616 287539772 356237942 396886358 403446172 416070211 451139873 484488599 516962884 522846598 531894411 536016208 536275644 541636917 543273263 569496288 604224154 606501125 646762759 668482717 677981376 686824172 726906537 767479998 787393048 797182815 798527379 838867291 898370213 911009621 973949668
56 55 17062651 40400736 67625277 73412924 91056789 93693677 121839213 155778783 162705408 176884536 185072104 189091511 228984486 229001964 242410158 276910299 285884238 293190023 293737385 300666048 301019475 369830201 424130921 426928354 434288889 472018204 490429105 623949926 630180674 631811853 653768139 667033581 676828490 706196640 723438121 727144486 735798215 757664621 758068234 761562112 765656100 787117162 801751868 819491701 820273341 830132481 848626799 860086091 872019777 883032420 915861422 921863884 923484647 944136913 980404582
7 1 6 8 6 7 2 4 1 2 8 8 1 5 9 1 9 3 0 3 10 8 7 9 0 4 3 2 4 4 3 7 6 0 8 0 9 6 4 1 6 3 4 5 8 0 10 6 1 9 9 7 7 2 8 0 6 1 3 9 6 5 3 1 5 1 1 5 4 10 4 1 10 1 0 5 0 5 7 2 3 8 6 10 1 5 2 6 2 0 3 5 10 10 0 4 4 1 9 10 1 7 5 2 0 7 2 1 6 1 10 10 8 3 10 9 10 10 10 3 4 2 2 10 9 10 3 0 8 9 5 1 0 2 3 8 1 7 2 2 3 1 4 1 0 0 5 1 3 1 8 1 5 4 10 0 6 6 10 1 5 9 2 8 6 6 10 10 7 8 10 5 6 2 5 9 6 10 9 4 5 5 6 2 0 9 2 1 6 1 7 6 6 1 1 0 0 3 10 7 1 10 5 8 9 5 9 7 2 6 8 10 4 10 1 8 9 1 7 9 1 9 9 1 4 1 5 10 8 8 5 1 0 5 8 1 9 3 9 5 0 1 4 6 9 4 8 1 0 2 8 4 0 7 9 0 6 0 10 2 4 1 2 6 0 10 9 7 6 2 7 10 4 4 2 2 4 9 8 5 1 7 6 2 9 0 9 2 4 7 9 6 0 7 2 1 3 9 4 6 3 9 7 3 10 0 1 9 10 4 10 6 9 2 0 4 1 10 2 1 0 6 6 10 7 3 9 8 2 10 0 7 5 5 0 5 4 8 4 9 7 0 5 1 9 10 4 8 1 3 9 9 1 7 3 1 5 3 5 1 9 0 9 7 7 9 10 0 4 1 8 5 6 3 2 0 0 6 8 8 2 2 8 10 1 8 3 7 7 9 9 4 5 3 2 1 6 1 0 0 2 3 8 4 2 8 9 2 9 3 9 2 1 5 1 3 0 0 3 6 6 8 7 1 9 3 0 1 8 2 5 9 6 9 0 10 1 2 6 2 6 8 0 0 0 5 7 7 8 3 9 10 4 9 10 9 9 5 6 4 9 0 8 4 2 5 8 2 0 6 9 1 1 3 6 9 5 8 9 6 3 7 6 5 8 2 9 3 1 4 4 6 6 7 10 5 1 9 8 2 4 7 10 8 8 2 6 8 9 10 10 5 10 3 10 8 6 1 3 4 3 10 9 2 1 4 7 9 9 2 1 3 2 0 8 0 6 2 8 3 4 2 7 0 2 4 3 6 3 0 6 0 6 1 8 2 10 1 5 4 9 8 5 10 7 7 3 5 9 5 1 5 4 0 10 8 2 2 3 7 8 8 0 1 9 8 3 5 9 2 1 6 4 4 2 7 10 9 8 10 8 7 6 0 1 3 5 1 1 4 9 6 0 10 8 7 3 1 5 8 10 3 1 5 4 2 5 7 1 9 8 1 1 4 10 7 1 0 5 10 7 7 5 8 10 3 8 6 10 7 8 1 0 1 9 3 3 10 2 3 5 10 8 8 9 9 5 9 7 1 10 10 7 6 9 8 6 9 6 4 6 6 1 1 10 0 4 4 10 6 2 8 8 9 9 7 1 1 3 2 2 5 4 10 2 4 5 5 3 1 9 5 9 10 9 7 8 1 9 9 6 10 10 3 4 2 4 10 2 1 7 4 4 0 1 3 7 3 2 1 0 9 4 2 6 2 2 7 0 7 5 8 8 9 0 6 4 9 7 1 2 5 10 1 7 2 5 9 10 9 4 5 2 9 3 4 3 4 8 8 5 6 4 8 7 2 4 10 8 4 1 1 7 8 10 2 8 6 1 2 3 3 6 9 0 3 1 5 5 9 3 2 6 0 4 6 4 7 2 3 7 0 5 3 10 6 6 4 3 0 3 7 8 0 1 4 1 10 4 10 4 4 9 1 10 7 2 0 3 3 5 3 10 4 9 7 4 4 10 1 7 1 8 10 6 4 7 6 7 9 1 0 10 4 7 0 2 6 4 5 8 0 1 6 0 5 10 8 8 0 0 7 8 0 3 5 3 0 10 3 9 2 1 0 0 0 7 2 4 8 6 6 3 0 2 2 1 4 9 5 6 2 8 8 2 2 0 2 10 2 4 9 7 9 9 5 9 5 10 1 1 7 0 0 5 8 1 6 1 0 0 5 4 8 2 6 1 8 6 10 1 3 4 6 5 1 1 7 7 1 10 4 3 8 7 6 6 0 6 4 7 6 3 9 1 1 4 5 1 8 6 0 8 3 7 2 0 10 8 6 10 4 4 7 2 4 7 5 6 1 10 6 4 3 8 6 8 10 3 7 4 4 0 7 10 9 2 10 9 6 3 3 3 1 1 8 6 4 9 10 2 8 1 9 2 7 10 2 4 6 3 9 6 2 3 2 5 4 5 10 10 6 6 0 0 10 10 0 4 0 8 3 4 6 2 1 7 4 6 10 4 7 8 9 2 9 8 10 8 2 0 10 1 2 0 3 10 2 7 9 8 5 9 0 8 5 7 1 5 5 7 9 2 8 2 3 0 7 9 8 3 9 6 8 8 2 6 0 0 7 3 1 6 7 7 5 10 4 0 9 1 5 6 4 2 4 10 6 1 5 7 3 7 5 4 5 8 3 0 8 5 9 0 9 7 2 9 2 4 9 2 1 3 0 1 2 4 10 9 6 0 10 4 8 3 4 8 7 8 1 0 2 3 8 4 1 5 10 1 7 2 3 1 2 1 4 2 8 3 10 9 8 6 2 10 0 9 9 9 4 4 1 0 3 2 9 10 6 3 2 3 4 0 5 9 8 6 2 6 5 1 3 0 1 4 6 10 2 1 2 2 1 7 6 2 4 2 0 4 2 7 4 10 9 1 9 3 6 6 9 4 3 10 10 9 1 3 2 2 5 4 8 6 10 7 0 10 1 4 8 4 6 0 5 9 8 3 2 9 9 0 9 5 8 7 6 10 5 10 10 3 0 10 7 0 3 6 5 4 7 10 6 4 0 0 5 0 2 8 9 6 2 3 3 7 0 1 4 5 6 6 10 6 2 1 7 1 2 5 0 7 9 10 7 10 8 8 4 2 8 9 1 10 0 8 8 2 7 10 4 9 1 1 5 3 5 2 6 8 3 9 4 2 1 6 7 3 0 7 2 7 4 10 10 7 8 4 0 3 6 3 1 9 9 3 5 6 5 8 1 2 9 10 10 3 7 3 6 9 0 2 9 6 7 1 4 0 10 10 4 5 6 7 8 6 8 0 3 1 5 1 5 3 6 8 10 3 6 4 5 7 8 0 8 7 5 1 9 7 1 7 9 5 5 1 8 6 4 9 8 3 7 0 6 8 3 0 7 6 0 10 4 1 8 9 2 9 0 4 4 4 1 1 2 4 10 8 8 4 3 7 3 7 2 5 4 3 8 5 1 7 10 4 8 6 1 10 0 3 7 2 8 2 8 10 2 1 9 10 3 1 10 9 2 1 7 4 5 8 1 5 7 9 2 4 9 4 3 7 6 7 9 5 8 7 4 7 2 7 1 7 9 2 4 10 1 3 8 0 3 3 5 2 1 7 6 1 2 5 8 6 4 7 7 9 8 5 10 0 7 1 10 1 0 3 9 10 1 5 3 2 6 5 8 9 8 8 8 3 9 10 10 2 0 1 1 3 1 8 5 8 1 1 6 10 4 9 8 9 0 2 9 2 3 6 9 6 5 2 1 3 3 9 8 4 8 1 1 8 1 5 1 1 3 0 9 5 1 4 3 10 3 6 4 8 4 3 3 1 0 10 8 1 7 1 2 7 6 4 3 6 6 1 2 2 2 8 4 10 7 4 9 2 4 5 6 6 6 1 7 5 5 1 2 6 3 4 4 1 4 9 9 9 3 1 3 4 5 1 0 4 2 4 10 10 6 4 7 1 9 1 5 0 5 5 5 3 9 4 7 7 4 10 1 1 5 0 7 0 2 6 6 6 10 3 0 7 2 7 10 9 4 0 6 3 10 1 6 5 9 2 6 0 0 3 1 2 8 5 4 2 2 7 4 0 3 7 7 8 4 0 0 7 1 0 7 6 7 3 7 3 3 10 3 9 9 7 3 3 1 6 8 1 6 9 10 10 3 3 9 7 2 0 8 0 7 10 1 6 8 4 7 1 9 2 2 1 1 6 7 4 3 3 2 1 7 5 4 3 1 9 10 2 2 9 6 9 1 0 3 3 0 4 2 9 7 1 7 1 3 2 3 10 9 10 0 2 0 9 9 8 6 7 0 0 8 5 4 10 1 7 5 8 0 5 4 4 6 8 5 10 1 7 7 0 0 1 2 5 0 9 3 3 6 8 3 3 3 8 8 0 9 9 2 6 2 3 5 7 8 10 5 7 10 2 8 9 2
