1 741
5 623
7 843
3 296
43 39
11 1901
8 1387
14 1967
18 1186
16 1434
2 379
19 1235
26 1804
4 207
6 1124
33 256
39 1418
9 393
85 1614
17 1244
71 1208
12 101
21 1136
96 391
13 1712
135 874
137 1157
20 887
28 1148
10 1532
159 239
32 1528
63 1262
34 897
24 486
170 817
56 439
52 868
99 144
22 275
15 1301
64 488
49 1531
37 831
67 1275
172 1750
73 1485
35 255
29 886
92 14
54 536
108 1277
192 28
171 1124
38 436
60 1364
40 1435
86 895
36 555
69 597
198 528
195 1047
229 285
70 530
51 1964
72 859
230 1526
87 410
196 1994
57 212
208 113
25 1282
90 1017
83 509
211 1196
78 1824
23 1718
74 1693
30 67
27 1488
61 807
105 1936
55 1042
58 818
241 1856
109 1107
89 165
31 883
41 420
42 1434
59 316
45 1971
50 1270
65 64
97 1497
126 1550
76 1304
84 1734
122 622
103 528
113 1080
251 1931
75 1850
110 58
77 851
134 155
111 1126
44 268
80 1484
144 216
46 999
255 1684
79 397
148 24
47 1022
136 1026
95 87
101 83
48 1486
102 853
142 1386
256 1224
93 571
163 1801
153 1897
262 1134
119 410
280 1637
115 1423
118 1025
325 1349
107 1847
120 1585
174 1600
125 996
154 164
272 1124
129 274
155 308
326 605
156 447
131 1502
81 1117
53 1845
123 202
133 304
146 32
183 700
294 915
306 1965
190 1926
334 1745
197 478
320 1718
158 1134
206 336
121 690
62 40
168 1762
337 1775
66 562
147 479
342 364
178 1594
82 1217
94 1814
188 318
227 187
130 922
348 2
356 1474
165 1429
98 1770
104 1987
338 627
228 491
244 1919
124 1124
106 1232
361 1583
141 78
249 1581
233 1165
112 649
264 377
193 502
68 279
267 17
235 407
179 1150
88 71
145 279
217 271
285 1691
369 1983
220 349
91 1358
166 226
177 189
278 1410
149 1393
184 1307
114 42
363 929
373 1978
100 438
138 524
185 340
226 21
253 246
284 891
366 1018
290 1293
304 1590
117 1865
315 918
139 1422
212 1496
367 1604
223 266
381 1554
150 203
307 124
157 1206
318 1824
164 1016
169 1682
173 2000
398 1287
200 1684
231 47
182 635
330 1527
345 215
181 932
116 575
393 1669
319 1208
127 1320
204 1792
351 1654
210 1397
323 1105
213 1650
236 765
364 685
370 1040
240 1799
186 1095
382 1810
300 1200
189 586
128 1332
242 239
405 1195
422 1583
187 529
431 1327
202 1988
143 963
151 1227
259 1878
132 1295
191 1450
245 1804
140 1389
391 560
161 1277
162 1677
257 1808
209 1200
432 1255
152 1107
203 1172
269 805
160 168
175 882
219 1775
167 1051
403 1155
214 1268
395 1831
176 433
270 1376
277 1464
224 452
308 544
439 548
374 147
379 131
309 1943
412 51
445 780
180 1670
455 1959
205 8
282 1853
295 515
389 106
194 699
297 1345
311 253
424 1213
465 323
466 617
390 885
298 1076
276 1978
215 197
218 613
207 541
247 1367
286 421
314 31
289 350
480 28
199 528
313 1684
317 755
201 152
234 820
336 1261
243 235
248 1538
340 571
221 1635
265 383
352 172
322 946
415 140
258 1845
354 1469
355 933
490 1288
266 617
250 670
495 1586
406 493
271 1669
312 638
426 69
418 1232
508 1236
275 1993
437 1307
273 126
359 1376
375 1092
327 10
343 94
287 168
353 1575
279 909
420 862
281 1031
515 328
468 153
263 1847
388 378
368 234
357 673
421 1073
362 1798
292 1863
451 1480
528 617
436 1983
399 229
301 571
483 302
402 207
487 883
411 1083
535 100
497 1995
507 1650
540 1158
493 1762
494 530
496 13
387 1156
268 206
302 822
510 156
216 339
452 600
296 1950
310 1161
303 1719
288 1394
324 378
349 1626
372 359
463 1093
222 1108
316 1199
413 1729
328 1624
414 1522
512 1565
518 761
329 867
339 1286
378 1638
344 212
321 1280
407 1663
396 1742
408 1070
404 188
331 1502
225 1708
438 953
401 1181
332 496
549 496
409 81
232 518
519 1856
333 1516
559 1817
460 952
577 138
461 1335
423 430
350 118
416 517
383 1148
470 890
419 669
472 1053
237 402
238 737
471 1367
440 357
335 1472
474 552
502 302
505 1563
446 1006
523 545
448 796
385 239
410 352
532 285
239 844
475 1734
612 1398
660 95
562 613
575 1676
479 1485
428 568
491 375
454 1946
687 118
441 732
447 1240
457 570
427 322
576 1115
509 128
347 1665
458 1094
568 1011
743 1775
504 677
525 1755
459 855
469 512
433 1694
246 850
551 1055
513 177
252 1029
254 951
260 1496
580 44
482 349
360 1578
371 383
430 475
584 1555
581 1021
592 994
376 238
587 904
434 1978
442 1672
443 1684
484 1516
478 257
607 83
527 1777
462 1
529 1744
542 1626
611 219
261 731
598 818
476 483
274 1429
547 755
503 655
600 449
601 1935
550 1499
384 489
467 731
526 638
486 1976
506 431
552 1381
589 732
392 1061
613 1108
620 111
633 1798
593 236
639 1847
594 121
514 1101
530 1882
517 128
627 1327
477 230
524 1600
554 27
531 1306
488 204
397 441
632 516
570 813
534 1914
558 121
748 1200
769 396
560 343
599 1301
618 983
489 1145
651 1485
555 478
635 856
283 564
771 1654
583 421
683 280
595 859
539 72
563 1639
692 1787
602 1730
778 188
417 410
615 1287
565 1633
711 65
679 1634
634 926
616 166
516 1385
291 344
572 1712
585 879
681 898
429 163
784 1802
293 1926
727 1669
588 632
299 1560
621 1486
449 424
521 1082
730 923
682 117
564 829
571 1584
590 1442
538 1636
305 268
774 1858
596 1322
603 1588
578 1208
591 1710
450 1992
638 1381
802 1839
642 798
653 1788
690 321
664 1114
636 1136
680 1974
658 558
629 424
541 981
453 305
604 1499
548 1396
341 486
608 1635
557 257
630 1055
631 892
702 1435
703 284
640 14
649 203
691 1851
610 1919
663 1516
617 1516
776 1790
803 1171
665 782
780 1624
717 899
456 1006
346 545
672 1499
358 623
637 1910
718 260
783 484
644 395
645 1848
623 1402
810 1065
689 595
650 643
652 1552
656 2
813 190
757 1022
772 1011
722 67
365 210
789 541
657 301
574 1844
693 48
579 1142
464 932
659 1748
808 1785
586 1893
685 916
655 1343
481 1007
707 1059
666 176
377 613
779 1517
738 52
662 150
820 152
726 567
733 451
498 258
841 235
814 1131
816 288
736 1386
697 739
818 625
380 518
750 1609
751 1483
499 876
386 690
755 801
394 835
501 544
668 1701
860 513
825 1406
511 370
597 1921
522 1292
622 935
537 1186
777 919
626 283
545 42
699 139
643 362
706 1993
709 283
648 1625
669 1493
852 1671
787 1088
886 181
694 317
700 149
723 393
724 1189
674 1966
553 121
400 68
556 1233
671 492
740 770
567 1422
678 688
425 1034
684 1649
435 1851
688 1467
893 543
701 1061
712 1647
826 309
582 212
867 1469
763 1495
714 645
725 1217
785 780
605 273
609 1396
444 1366
741 1418
614 895
625 263
872 1907
473 1065
485 1419
715 1714
747 1202
873 263
492 1775
720 1794
793 532
876 1299
735 1914
737 1170
647 1881
831 349
879 1131
746 349
686 149
880 684
897 1010
758 527
915 1665
902 24
759 1672
832 1213
500 1935
956 1015
833 857
843 449
926 93
728 1651
661 619
670 750
752 257
673 164
698 1486
520 297
938 946
850 1341
809 1377
823 1608
732 707
704 685
696 901
742 1131
754 1189
762 1204
940 807
767 1475
760 1110
708 713
890 1139
719 271
815 2000
764 1242
734 509
775 175
713 623
856 1069
821 108
533 1859
959 1445
957 1142
536 735
834 1860
985 1744
945 517
946 518
853 573
782 1877
874 1967
731 548
962 582
543 818
859 335
792 664
756 817
766 1580
744 1487
1003 1718
967 1382
1038 1373
800 375
805 1885
745 1874
835 227
972 1493
773 991
881 1327
889 710
768 1509
900 1172
905 808
906 15
761 1800
845 1505
544 1567
791 1851
828 575
1066 169
848 1093
786 752
1083 359
854 424
909 626
919 991
829 846
907 1740
546 416
968 491
976 134
857 404
865 1477
807 240
822 1568
561 672
885 742
566 1298
989 675
995 2000
781 286
790 1073
908 1012
887 1505
894 418
932 1353
973 536
910 316
1007 391
998 1093
917 1879
569 2000
827 1498
838 788
844 867
846 601
1093 120
1008 880
924 1733
573 396
947 1785
606 1718
927 1464
1011 1785
951 1025
1026 1950
788 1244
975 165
619 365
868 613
795 548
935 1753
624 1562
628 182
891 1036
954 1848
1028 1874
1051 390
641 833
958 1838
796 128
799 883
1057 1402
1032 1740
794 1630
916 671
1105 696
955 1586
981 1595
646 1435
1033 1976
1079 866
996 1959
934 1034
801 1202
806 1413
987 177
819 1733
1112 125
1023 1739
1009 1793
1044 130
1052 403
1116 1043
1086 984
830 466
654 768
797 235
667 1209
855 1468
1063 561
675 1419
1150 622
676 820
1097 564
969 1913
1045 1695
1125 1225
983 1158
1091 1124
858 1996
1102 1945
861 1959
851 1130
1046 1999
991 20
804 344
1136 1470
863 640
864 1204
812 161
1059 435
1106 1342
862 8
1103 735
1111 404
1115 1763
1165 1099
817 1195
1064 23
677 1323
1013 836
1175 1729
1118 884
1190 1652
892 1191
824 1069
1021 512
1201 1947
836 1817
1114 1147
1135 530
1119 1875
1168 1795
1169 1937
1170 1708
878 1450
895 496
1129 774
1022 1717
1216 417
695 168
1027 349
1177 1292
1131 284
837 1018
705 364
1043 277
1025 1659
1073 173
1036 805
1053 197
898 1983
1077 79
1081 626
1181 407
1090 592
1133 699
1098 73
901 1083
1128 1696
1219 619
912 1020
1189 1498
1226 1591
1099 1464
882 415
1187 1343
1100 1268
840 947
921 343
1199 1716
1153 457
922 1729
842 19
925 1720
1145 1889
1113 486
1188 1089
1166 212
1231 1939
710 914
1178 452
888 1763
847 321
1236 1901
1186 1676
849 700
870 1115
1195 316
1123 227
1108 1686
1238 1792
1241 1353
1237 773
1147 796
1247 1686
911 761
877 658
918 968
1244 1272
1283 182
1256 882
1117 374
1206 519
923 1142
899 241
1120 61
928 472
1213 95
930 1748
1193 252
1296 140
1218 722
929 1580
1148 1796
942 1720
716 1165
1172 235
1196 1236
721 474
1239 640
1240 1564
1149 1278
913 204
961 1743
964 1289
1248 1603
920 233
1267 677
965 532
1194 1967
1252 818
1261 1554
937 438
1269 1839
1275 45
941 1105
1155 844
1124 1473
1184 60
933 268
1298 1587
729 57
1280 440
939 317
1286 770
1191 1770
1297 1298
1197 951
1310 106
1217 1487
1203 1712
979 1227
1305 420
1306 1031
1287 1475
1234 1047
1158 1417
949 1968
1220 1953
1228 547
1254 1773
1227 37
1324 1921
739 895
1273 1189
749 138
1232 1899
1301 580
1302 210
1331 655
1205 15
1242 1403
1304 1800
948 1024
1214 290
980 314
753 1204
1221 815
952 659
953 1873
966 1291
971 1775
1337 898
960 1252
765 1999
1320 339
1312 509
963 1796
1346 606
1319 1797
1233 590
1255 181
1222 32
1259 354
1223 442
974 1662
977 1823
1325 570
978 1387
1342 1900
1264 1461
1276 1258
1002 1413
1329 1851
1034 680
986 1545
770 470
1040 1089
1348 528
990 953
1250 247
1249 1885
1268 1355
1347 1275
982 218
984 580
1048 1209
1056 166
1070 898
1074 1778
1351 1154
1272 489
1360 283
1336 352
1349 816
1344 297
1278 1164
1335 318
798 783
1350 19
1080 1697
1372 497
1352 1686
1363 424
988 804
1277 560
1257 1628
994 1659
1308 339
993 547
1288 701
1290 1233
1361 841
999 1113
997 1461
1388 875
1087 292
1367 1383
811 1801
1332 1573
1291 1976
1134 218
1374 442
1373 124
1408 190
1378 285
1339 850
1138 1036
1014 1174
1366 1342
1376 711
839 1808
1384 458
1274 1396
1413 380
1377 698
1380 1323
1281 1967
866 289
1139 475
1418 817
1383 1720
1016 1218
1142 1756
1020 766
1157 439
1389 1710
1426 1957
1000 661
1161 930
1001 79
1200 1252
1284 449
1289 169
1396 1726
1394 779
1293 1804
1399 709
1029 1827
869 210
1432 806
1397 1222
871 835
1031 108
1402 1574
1202 1268
1315 1354
1401 1061
1393 881
1441 242
1414 1280
1041 660
1417 1773
875 646
1005 1592
1334 1698
1314 1444
1047 1640
1425 516
1010 26
1322 305
1405 942
1429 273
1209 271
1049 1208
1062 10
1435 1915
1410 1485
883 896
884 1113
1455 1909
1412 687
1012 883
1445 1590
1212 1517
1476 833
1340 462
1065 1425
1245 1423
1479 1832
1436 737
1246 575
1484 375
896 406
1323 1747
1442 1281
903 1408
1428 419
1015 1954
1504 1103
1450 1511
1459 602
1017 1641
1345 1565
1431 1591
1019 1893
1530 379
1338 1174
1068 435
1468 1344
1076 1195
1464 758
1469 113
904 588
1341 1023
1467 1233
1353 428
914 1500
1365 250
1368 1092
1024 182
1437 1365
1483 586
931 605
1030 1954
1513 1013
1557 494
1517 1170
936 1145
1035 1166
1527 1909
1050 318
1602 991
1356 1131
1543 996
1447 841
1454 226
1607 629
943 846
1369 1355
1370 157
1465 1036
1444 1570
1078 1683
1364 1721
1482 246
1462 1389
1082 275
1475 1556
1262 1166
1085 263
1054 3
1615 761
1558 657
1487 892
1626 1258
1279 504
1058 433
1285 1044
944 1645
1292 1788
1508 372
1088 438
1299 1025
1101 1393
1371 19
1565 720
1060 594
1067 649
1386 137
1069 610
1511 207
1629 35
950 1497
1392 982
970 1865
1395 432
1311 534
1104 145
1109 686
1407 1254
1071 278
1409 991
1490 106
1375 1262
1416 1004
1567 317
992 197
1381 1377
1420 980
1422 1287
1590 1930
1519 1544
1478 182
1609 1488
1612 1589
1004 822
1614 597
1524 137
1122 805
1390 1503
1489 732
1498 1696
1548 1848
1326 936
1652 1020
1501 1389
1343 1796
1126 391
1492 35
1355 536
1357 448
1006 286
1400 1468
1495 1920
1507 1083
1506 86
1514 1659
1072 1901
1132 858
1550 1349
1521 1177
1403 1483
1358 1129
1560 403
1406 1055
1419 307
1359 1364
1137 194
1075 1797
1018 736
1382 685
1421 1640
1427 560
1618 742
1636 1563
1522 1148
1537 1247
1518 548
1084 919
1424 1128
1440 820
1433 1305
1140 1434
1411 1097
1649 265
1666 244
1146 559
1446 404
1154 1622
1089 945
1538 1255
1415 1393
1159 1450
1434 573
1430 109
1571 1241
1553 1684
1456 1524
1448 1942
1669 792
1460 1414
1656 1735
1582 1555
1092 1529
1037 1616
1438 255
1095 1246
1162 1856
1661 1191
1584 1784
1563 1623
1670 1503
1568 1421
1672 625
1449 751
1096 89
1690 1355
1039 1490
1163 573
1439 30
1698 1119
1578 1691
1579 999
1463 1848
1687 818
1696 736
1042 1750
1594 1588
1164 817
1167 8
1471 562
1711 1208
1110 1832
1732 858
1703 693
1121 286
1735 879
1709 1921
1494 1509
1127 1980
1451 1016
1603 1433
1580 1553
1173 94
1452 1750
1453 633
1055 1654
1061 1287
1130 795
1176 963
1589 489
1738 1963
1141 1507
1180 268
1596 1275
1611 1949
1569 20
1457 1461
1094 1896
1510 1684
1616 831
1574 1922
1525 1020
1466 1394
1597 489
1619 716
1598 1044
1737 610
1461 1988
1481 846
1577 1784
1745 687
1631 1865
1583 846
1761 807
1748 550
1491 553
1470 678
1536 44
1107 579
1472 1224
1473 937
1625 63
1638 247
1151 1433
1776 1761
1599 1145
1546 752
1750 497
1753 566
1756 494
1779 1980
1182 26
1657 1579
1143 1080
1663 635
1787 957
1605 191
1606 215
1224 1768
1664 896
1523 1608
1225 441
1627 935
1632 292
1253 1863
1757 46
1634 213
1160 766
1171 999
1552 391
1144 1207
1185 562
1208 1591
1555 11
1485 444
1559 985
1488 1648
1534 188
1608 858
1235 474
1398 702
1667 191
1493 716
1152 462
1637 934
1258 941
1156 1889
1423 1205
1561 194
1623 134
1624 1404
1791 54
1658 1878
1260 761
1570 240
1576 774
1497 1070
1585 896
1800 1806
1659 26
1648 820
1174 1851
1265 1245
1675 1634
1500 106
1458 1384
1300 1421
1179 826
1758 1489
1586 219
1313 42
1676 1217
1502 685
1535 1623
1503 1860
1183 63
1539 1626
1515 1487
1540 166
1192 271
1674 733
1516 670
1592 1246
1474 771
1762 169
1529 1894
1480 862
1685 1245
1665 1809
1533 1974
1198 1617
1204 339
1207 585
1541 1682
1764 1272
1679 1192
1542 1855
1210 947
1486 1623
1211 983
1593 1018
1765 1934
1551 250
1691 322
1566 970
1215 784
1682 1117
1318 1265
1229 720
1230 655
1544 684
1773 246
1673 1877
1683 239
1613 265
1562 1192
1633 258
1243 1760
1321 85
1804 194
1704 812
1718 565
1251 1136
1617 1209
1509 149
1777 1637
1784 2
1263 1204
1266 1676
1721 559
1785 1763
1680 755
1646 761
1694 1930
1270 1042
1723 903
1693 765
1655 1740
1668 339
1700 1023
1327 1858
1333 359
1705 237
1354 94
1792 1642
1271 1718
1681 1994
1701 1872
1797 1390
1731 230
1706 1660
1282 680
1751 710
1294 1643
1512 1823
1755 696
1707 1821
1688 1483
1692 1209
1695 1343
1621 1008
1699 1893
1379 65
1295 636
1822 1695
1759 1648
1702 1353
1783 1944
1303 1686
1844 28
1622 1318
1520 1293
1722 792
1532 793
1790 528
1708 327
1845 1240
1713 1400
1714 396
1572 1350
1715 375
1799 1056
1801 1511
1848 1526
1725 1422
1746 1716
1802 32
1564 1053
1387 60
1630 883
1307 613
1635 265
1575 1947
1719 905
1639 690
1877 1044
1811 1167
1813 1684
1883 558
1749 1764
1897 862
1733 279
1641 507
1391 1760
1754 1532
1573 1321
1840 1200
1404 491
1309 168
1740 988
1710 1219
1720 441
1642 1501
1477 1797
1316 595
1499 390
1742 835
1610 127
1909 378
1766 777
1505 643
1317 1346
1526 1150
1846 131
1818 1806
1743 983
1328 1105
1747 1946
1528 1728
1819 1529
1752 292
1728 1588
1620 1820
1644 1365
1531 1494
1645 1250
1760 233
1768 1498
1774 1007
1643 655
1916 1548
1545 1347
1651 527
1595 1020
1780 342
1647 1228
1628 248
1330 1942
1549 1344
1793 187
1556 150
1778 86
1581 284
1929 1851
1640 1236
1662 1632
1362 64
1697 1178
1851 19
1660 555
1689 1561
1385 138
1729 350
1730 932
1587 1631
1852 1748
1803 1069
1857 152
1443 690
1496 858
1591 86
1788 1865
1600 950
1953 1450
1862 1596
1547 913
1954 795
1826 912
1796 713
1727 1052
1601 1987
1863 1658
1604 588
1650 1751
1671 828
1808 1400
1741 969
1805 716
1810 1820
1744 1871
1677 1042
1837 874
1554 1151
1869 792
1678 1961
1736 1759
1960 1593
1812 715
1726 1320
1775 502
1772 1850
1782 1974
1798 63
1878 294
1879 1910
1739 1265
1870 349
1966 257
1588 983
1880 207
1823 1335
1767 297
1763 108
1886 589
1884 1782
1888 160
1829 64
1786 1663
1654 1149
1893 1493
1827 636
1895 551
1858 1538
1712 1425
1832 1098
1794 919
1894 403
1816 542
1653 1857
1807 674
1684 1048
1686 859
1809 1461
1841 227
1891 1591
1842 1424
1896 1979
1717 88
1905 365
1716 89
1734 1953
1967 309
1907 990
1835 1588
1795 881
1817 1872
1917 569
1724 1952
1771 1277
1821 1726
1843 751
1864 1421
1769 1856
1828 1878
1770 1445
1911 946
1913 190
1825 440
1781 131
1806 1384
1820 909
1887 430
1919 1820
1899 1908
1898 1916
1834 1550
1908 630
1920 1195
1814 1579
1830 818
1789 21
1815 1467
1824 1731
1914 1134
1856 1509
1866 1815
1855 638
1868 352
1873 679
1924 479
1847 1931
1902 833
1839 818
1831 45
1906 143
1971 1890
1903 171
1975 687
1860 1994
1833 566
1912 1672
1871 1119
1904 1343
1850 1094
1928 179
1979 1348
1836 67
1942 147
1876 1651
1838 467
1865 751
1881 410
1931 1003
1885 1477
1918 488
1925 1922
1937 1587
1933 116
1932 671
1867 310
1892 298
1941 26
1874 1814
1849 1341
1882 125
1944 1532
1910 1020
1948 188
1853 568
1934 1402
1854 596
1936 545
1945 989
1923 68
1950 1145
1901 157
1952 801
1988 47
1949 1422
1951 1754
1939 1349
1930 457
1959 93
1940 1308
1957 1165
1938 1408
1889 880
1915 1877
1977 632
1921 1227
1961 1262
1958 1626
1963 1926
1976 310
1922 1398
1985 1742
1926 1244
1978 292
1859 1721
1989 841
1935 833
1861 308
1965 1036
1970 1034
1972 759
1946 1962
1968 328
1993 61
1927 404
1872 1246
1990 601
1981 739
1955 165
1956 1056
1998 1820
1947 1261
1982 1250
1943 1006
1964 1809
1984 1654
1986 74
1997 173
1875 1883
2000 1267
1890 1968
1900 545
1969 1817
1962 1909
1991 1654
1994 209
1992 1211
1983 314
1974 675
1999 108
1973 143
1987 449
1980 1799
1996 1662
