2000 1999
205 3 184 1032 1831
1074 3 1320 1453 1646
1932 7 326 871 1061 1321 1430 1552 1856
1844 7 12 348 671 1026 1174 1381 1653
1945 4 228 622 777 1140
1742 2 1228 1901
410 9 244 309 343 535 927 1162 1291 1534 1938
1792 2 742 1232
416 7 177 472 713 1430 1520 1844 1978
1676 6 349 491 523 614 716 924
1895 3 28 760 1513
71 5 311 627 680 1019 1939
1806 2 848 1737
347 2 449 473
132 9 40 405 529 621 729 1078 1816 1885 1937
1204 6 482 1286 1574 1652 1816 1837
712 5 482 788 1344 1553 1926
1552 7 68 109 256 432 755 1048 1950
594 5 109 335 717 797 1859
1486 3 331 341 716
933 4 38 46 1033 1678
857 8 324 744 980 1000 1105 1491 1494 1884
1787 3 738 1904 1996
1960 1 1723
454 4 902 1083 1579 1868
547 5 0 690 983 1470 1987
1696 5 547 1103 1386 1506 1873
1383 1 1603
1039 6 112 324 444 497 793 1296
1493 6 173 182 249 707 1611 1768
1459 1 1169
1241 7 5 648 1005 1078 1291 1393 1988
1583 4 90 953 1032 1855
161 4 86 1170 1373 1880
1312 4 307 385 1358 1997
262 3 44 830 1589
578 5 152 1050 1456 1567 1656
404 3 740 887 1004
1785 7 106 1226 1335 1461 1491 1588 1903
1097 1 1015
1458 8 211 798 957 1026 1256 1591 1885 1940
1630 7 41 401 1360 1544 1795 1930 1967
567 1 415
1002 6 355 694 1332 1505 1940 1972
1909 4 66 646 1035 1686
1981 6 35 415 525 810 816 1823
621 6 103 123 333 641 862 1202
291 6 253 446 688 938 1220 1852
408 3 395 440 1722
387 8 237 501 523 895 1099 1106 1194 1593
1155 5 548 608 1367 1385 1995
310 4 1197 1397 1816 1902
683 4 515 867 1267 1349
1894 3 971 1037 1311
576 4 817 1288 1414 1515
1556 4 189 790 1432 1880
295 4 122 1302 1311 1389
5 9 272 292 382 402 482 521 563 626 1625
412 9 44 185 484 574 947 1059 1083 1161 1452
870 3 1357 1720 1996
325 6 364 608 715 1013 1045 1784
664 3 1523 1750 1778
1854 3 142 1235 1639
960 3 662 1307 1402
1646 6 228 471 906 946 1112 1869
1854 10 93 119 248 757 1109 1178 1203 1239 1747 1980
1103 7 92 117 607 738 801 1557 1821
1704 2 52 719
1825 4 46 587 606 1561
1512 8 120 156 406 779 919 1416 1681 1842
1511 5 796 985 1237 1532 1819
88 5 83 1080 1123 1605 1749
61 4 1514 1614 1707 1869
1391 5 48 201 463 1052 1686
1981 3 557 563 1896
1012 8 204 281 623 1031 1224 1288 1801 1881
1651 3 270 487 1523
1791 5 538 669 1030 1578 1853
1386 8 562 744 864 896 1786 1803 1894 1896
768 4 225 441 1473 1796
1943 6 136 264 686 950 1168 1539
836 5 253 834 920 1191 1645
2000 3 240 278 464
1700 4 372 466 1745 1994
855 2 585 926
1684 7 141 190 478 539 1243 1314 1429
566 8 155 285 564 752 1126 1155 1456 1897
829 5 200 451 1105 1429 1678
1373 6 112 152 332 1114 1256 1909
1398 5 784 1062 1262 1310 1766
1802 4 453 884 916 1773
1774 7 79 240 340 1040 1362 1684 1727
1150 3 290 438 1103
144 7 215 222 554 594 1145 1318 1942
1358 6 820 1117 1185 1252 1915 1966
1839 7 220 454 581 616 652 1133 1606
1513 4 402 855 921 1678
1294 8 351 359 459 471 1073 1130 1170 1387
450 6 782 905 1186 1383 1809 1910
746 4 286 1271 1597 1726
1166 6 102 240 260 1011 1157 1675
28 2 200 1597
1404 9 131 363 501 592 882 1248 1379 1482 1576
1683 4 279 662 987 1310
1642 7 207 711 825 917 1352 1461 1853
1409 4 295 563 589 1887
817 7 124 154 378 732 773 1862 1892
919 3 18 1091 1994
1150 1 1412
656 5 328 389 426 625 795
329 4 421 1620 1704 1746
1593 4 344 349 594 1480
597 5 600 648 801 1119 1235
1364 4 413 1604 1701 1732
1014 5 101 326 632 1340 1548
1161 6 202 433 1063 1242 1536 1584
985 3 515 727 946
1210 3 151 433 1242
496 4 14 158 396 1611
119 7 2 777 967 1269 1323 1622 1854
1644 5 231 986 1190 1633 1837
1818 6 512 1018 1230 1344 1554 1924
1530 2 407 1736
74 7 329 555 590 911 1232 1754 1913
866 4 330 810 1202 1407
915 5 56 557 674 1784 1988
616 3 115 765 1217
790 7 462 537 784 1011 1267 1747 1981
1045 3 1016 1063 1191
1873 7 43 414 697 1403 1428 1676 1937
297 5 718 804 1201 1305 1775
1367 3 613 703 1154
845 5 10 252 1606 1634 1709
383 6 161 718 789 1015 1309 1692
1596 1 330
181 9 55 140 233 439 707 744 1404 1761 1849
1302 6 692 901 962 991 1208 1592
1822 6 185 788 863 1138 1705 1992
1136 1 747
509 5 187 925 997 1033 1093
1943 5 56 739 915 988 1933
614 2 752 1586
1648 6 444 922 1091 1114 1656 1852
1674 7 659 692 1095 1243 1532 1774 1781
295 1 1766
1587 4 440 1071 1097 1580
1800 3 624 847 1252
1091 7 219 400 487 525 680 778 1647
853 6 18 1080 1239 1266 1315 1493
518 3 561 1518 1929
382 3 356 981 1715
1380 2 1474 1529
613 2 145 425
12 8 81 284 843 930 977 1043 1192 1420
1986 6 68 134 471 928 1129 1592
1480 5 46 118 188 599 791
160 6 67 164 1479 1555 1688 1894
41 5 103 1079 1627 1823 1850
1168 5 84 237 510 1847 1907
774 5 237 686 1262 1370 1664
369 4 229 693 881 1808
309 5 788 968 1212 1428 1719
470 4 207 348 887 1150
1568 5 272 454 627 935 1569
1028 4 874 1471 1694 1883
877 4 30 602 1521 1585
1416 4 106 327 388 431
1267 2 1255 1680
1440 6 521 1374 1413 1899 1917 1991
460 5 343 888 953 980 1244
173 2 734 1902
1204 10 77 404 437 465 690 1072 1379 1526 1593 1989
639 5 726 1056 1224 1741 1948
704 3 274 492 1406
1961 4 87 660 662 1310
1491 3 351 1413 1814
559 4 177 720 860 1692
1811 2 977 1612
425 6 30 474 600 1112 1186 1825
136 4 312 464 719 1100
1229 4 307 378 391 1848
732 6 346 999 1311 1526 1631 1688
257 4 500 577 1069 1297
1042 4 560 820 1164 1325
1625 6 56 194 766 924 1326 1567
686 3 1204 1566 1753
1839 11 2 280 497 597 603 723 1009 1047 1181 1191 1449
774 4 258 1172 1691 1769
1325 6 431 496 562 729 1490 1838
824 4 240 1151 1314 1777
1399 5 324 696 937 1574 1988
1850 4 1318 1584 1850 1959
29 5 565 1243 1301 1419 1663
1598 3 225 364 1288
91 3 678 1057 1104
3 8 88 138 548 666 814 844 1019 1791
1991 4 104 324 396 858
1928 5 324 864 1102 1324 1969
887 3 129 1957 1976
249 4 696 1524 1638 1708
1069 6 234 391 1400 1550 1625 1723
1807 6 466 1070 1122 1558 1793 1904
1693 6 39 284 407 603 942 1497
830 5 6 920 1049 1053 1078
1910 12 176 190 398 440 445 548 914 1318 1459 1589 1741 1925
911 6 173 758 1122 1788 1956 1979
117 5 344 656 660 812 1755
922 8 271 499 804 915 966 1223 1915 1960
492 5 82 115 445 781 980
1837 2 285 1163
608 8 23 231 984 1429 1497 1523 1817 1885
514 5 649 957 1006 1239 1291
397 5 176 1123 1228 1258 1652
554 7 327 790 839 1168 1390 1454 1642
1442 2 738 1492
1889 6 128 367 957 965 1049 1215
950 2 1213 1838
487 4 10 132 217 432
1504 6 113 674 874 1183 1306 1851
1303 3 286 296 636
742 3 1337 1377 1750
1138 1 1853
1916 3 776 1567 1588
440 5 127 306 874 1211 1931
1560 5 663 1157 1290 1649 1833
1877 7 198 318 626 878 881 979 1653
920 3 236 267 418
1114 7 187 256 353 1031 1264 1694 1810
92 7 415 943 1409 1514 1668 1879 1932
387 4 363 463 1138 1973
1157 4 11 818 1528 1785
1885 6 55 297 607 912 1657 1661
1890 7 414 724 771 971 1609 1705 1874
442 12 55 253 301 310 897 1016 1077 1211 1492 1578 1756 1823
1610 3 201 441 864
1905 4 189 398 1303 1406
545 5 3 62 1648 1793 1810
447 6 125 510 630 916 1418 1790
1707 3 323 377 1412
246 6 187 1137 1212 1275 1299 1743
693 4 164 210 336 1537
1999 7 310 650 792 814 897 1407 1899
390 3 428 1029 1789
690 6 149 425 1258 1535 1740 1796
967 3 247 935 1466
1569 6 185 671 1416 1440 1725 1922
1241 3 361 1020 1519
573 5 152 797 961 1268 1895
1918 2 167 1922
503 6 93 182 699 819 913 1339
1552 8 52 86 219 424 622 909 1019 1311
515 6 91 408 1054 1193 1453 1745
1037 4 389 666 873 1180
1795 7 75 466 1354 1694 1804 1873 1905
1948 2 806 1583
1857 5 283 440 978 1227 1450
8 6 739 794 1016 1099 1247 1520
198 7 229 294 648 1012 1028 1553 1814
1746 5 566 1209 1270 1795 1822
1762 3 384 1082 1569
1136 7 6 176 447 625 748 1454 1734
9 5 222 366 421 616 852
539 5 158 421 524 534 1400
64 5 48 634 832 928 1192
689 3 664 675 947
164 5 75 204 216 598 801
647 6 442 498 765 885 907 1581
63 5 217 283 751 1196 1483
381 4 326 1183 1567 1885
87 3 628 1137 1895
1075 4 584 1091 1285 1547
729 3 508 687 1834
1294 5 844 889 965 1077 1944
1688 3 328 1110 1590
1403 6 192 216 242 1571 1693 1814
1890 7 296 416 461 1166 1320 1452 1460
1039 3 1211 1344 1460
1432 6 530 696 1039 1372 1695 1819
261 9 444 656 791 991 1135 1287 1500 1645 1986
724 4 232 513 760 794
1470 6 468 899 952 973 1232 1262
1677 3 293 411 1506
634 2 479 1879
1174 4 175 248 577 1705
1663 6 121 366 525 604 862 1239
990 6 673 840 1062 1364 1867 1968
1749 4 265 288 1407 1682
1492 6 265 1004 1034 1054 1120 1475
945 7 10 261 418 440 1572 1668 1864
10 2 1765 1865
1096 4 123 744 1173 1318
29 2 191 237
1922 6 579 611 1206 1356 1908 1922
728 8 141 263 1156 1285 1456 1554 1715 1773
1624 5 169 219 1233 1313 1982
228 7 918 942 1344 1350 1610 1697 1921
1118 6 427 443 454 701 955 1983
569 5 94 278 623 1135 1269
1899 10 248 316 552 729 906 1290 1333 1423 1579 1757
556 10 57 209 448 503 1105 1156 1180 1420 1617 1770
1282 4 164 416 488 1996
1774 2 996 1743
271 6 273 663 721 860 1134 1329
911 6 438 866 882 954 1026 1284
1375 5 487 1025 1222 1714 1749
1993 5 172 293 620 870 1701
805 5 173 250 551 1075 1963
108 6 12 162 359 711 1129 1459
1370 5 115 855 922 1326 1887
231 5 381 552 1203 1271 1714
1500 5 118 645 1002 1311 1528
1578 4 558 575 925 1184
1026 6 556 733 791 1442 1885 1887
1729 6 195 281 282 1096 1847 1989
685 7 59 865 1046 1051 1742 1823 1907
1880 4 1154 1268 1545 1922
1556 5 130 418 491 677 847
77 4 738 859 1253 1370
485 1 1040
1633 9 115 185 318 741 829 865 1255 1496 1947
80 4 9 1746 1757 1861
793 6 321 1379 1421 1675 1963 1968
1839 8 38 99 105 321 613 813 1438 1772
637 5 615 738 850 928 1077
1130 2 620 1714
83 4 43 1215 1465 1782
695 8 277 414 682 687 979 1379 1493 1985
1649 8 141 673 771 804 1105 1206 1207 1530
1865 6 109 727 736 822 1346 1372
1795 3 1305 1480 1897
934 4 473 578 722 1058
1254 6 479 672 1423 1458 1873 1892
886 4 101 495 1020 1562
1353 6 120 356 700 1188 1454 1889
1040 9 91 147 551 823 852 872 933 1079 1541
685 5 171 790 980 1200 1449
1445 5 163 473 1156 1571 1955
1975 5 41 1063 1507 1741 1788
125 4 36 73 845 1143
686 5 144 804 1435 1450 1690
1246 7 411 420 617 688 869 1641 1856
1014 6 779 890 1072 1473 1717 1885
1518 2 354 669
1615 5 340 364 827 1153 1985
1272 5 707 979 1532 1603 1607
696 4 508 602 1256 1856
1340 9 445 683 1097 1271 1544 1597 1612 1667 1764
1656 4 20 359 880 1002
1318 4 288 757 1702 1710
1975 6 119 176 556 1175 1398 1516
303 3 375 555 810
1158 4 331 1168 1258 1519
25 8 119 327 394 609 636 918 1143 1539
328 6 78 392 402 531 874 1804
828 3 673 864 1467
760 4 101 352 1463 1744
1952 2 1687 1938
1729 2 1266 1458
492 6 112 311 841 1327 1663 1979
800 6 158 241 976 1292 1391 1442
973 3 153 175 409
1997 4 253 637 1142 1270
457 6 270 684 936 1042 1232 1784
166 4 64 96 1259 1299
760 1 588
1163 3 413 1394 1700
1424 4 313 838 938 1722
1497 4 224 555 764 1151
683 7 521 776 876 1025 1209 1847 1868
428 7 449 532 641 841 983 1081 1367
356 4 90 803 1182 1649
1640 4 427 688 1352 1978
1577 6 5 172 870 1084 1113 1143
1954 6 227 950 1040 1123 1374 1610
669 2 469 1354
1925 5 698 1760 1873 1906 1967
1585 3 167 421 1780
1317 13 93 150 496 663 846 1057 1063 1240 1258 1740 1873 1886 1953
737 6 93 332 453 465 650 1535
1313 3 762 778 1175
1665 7 378 798 925 941 1187 1648 1926
730 2 231 883
1020 2 65 1351
1968 8 24 118 134 529 632 1060 1251 1922
1758 3 151 627 1040
237 8 122 536 904 1147 1255 1327 1574 1698
608 9 122 232 631 1252 1482 1614 1663 1925 1984
99 4 489 898 1134 1454
1916 3 700 1430 1511
1379 5 104 755 1122 1351 1607
974 5 121 223 390 1422 1797
1582 6 46 135 302 333 898 1332
473 3 105 170 1511
1641 7 353 1083 1118 1139 1314 1646 1951
1937 7 75 275 639 797 1272 1640 1654
985 8 72 345 459 470 830 963 1184 1637
1813 4 150 534 1105 1837
1747 3 1107 1263 1278
711 5 316 506 1105 1492 1567
44 3 26 756 1777
144 1 463
394 5 253 450 527 567 1501
1081 10 23 116 244 668 718 809 1031 1557 1764 1959
32 6 133 482 782 1715 1901 1986
1433 6 320 449 1189 1219 1616 1636
1702 3 260 1818 1820
143 2 1065 1648
1258 8 278 336 848 965 1187 1285 1949 1951
1159 10 23 31 44 68 229 501 507 815 904 1938
1887 11 400 414 685 749 779 1026 1133 1154 1205 1639 1757
1408 3 261 440 1097
567 4 8 576 1393 1835
1601 7 53 124 264 620 1723 1786 1882
1462 5 23 530 1251 1338 1745
161 8 246 449 553 832 1162 1256 1433 1641
1733 3 186 815 1465
120 5 512 887 1384 1504 1728
705 5 593 698 1013 1452 1468
1185 5 713 1020 1125 1526 1654
906 7 209 607 1139 1158 1173 1251 1386
1648 8 153 437 605 1035 1495 1703 1833 1954
1712 3 93 1082 1239
399 4 90 528 808 1922
1399 8 197 395 976 1000 1131 1256 1715 1943
1371 4 1000 1308 1876 1983
974 4 479 1736 1993 1998
621 4 133 186 223 706
476 4 1245 1278 1783 1990
1967 2 1418 1914
723 6 68 566 656 686 1333 1954
635 6 345 815 877 1313 1403 1838
1803 3 908 1933 1934
809 5 638 982 1466 1658 1835
208 4 343 588 637 1356
223 6 84 484 497 1604 1691 1816
574 6 29 134 470 719 1017 1773
1199 5 1013 1019 1282 1697 1893
114 7 521 588 1066 1270 1828 1865 1926
712 3 113 536 1595
1044 4 967 1312 1334 1618
1306 3 318 1184 1519
40 1 16
1612 3 513 929 1404
1349 3 1012 1722 1941
387 10 629 655 1056 1118 1313 1533 1799 1807 1832 1864
1572 4 131 727 879 1224
1730 5 124 186 261 364 1743
154 5 150 161 226 849 1215
385 4 57 368 1134 1325
1333 4 405 802 875 884
1341 8 385 433 504 533 687 810 1047 1149
464 4 1522 1659 1768 1946
1366 3 1062 1203 1968
272 3 280 588 1839
1599 5 160 925 1114 1429 1625
216 3 1593 1613 1842
1292 8 55 237 291 341 872 967 1078 1326
772 5 454 523 583 1099 1936
1126 3 102 478 658
1829 5 116 318 576 1131 1409
1495 3 524 1181 1299
438 2 970 1597
1749 5 174 679 1321 1518 1826
1953 4 38 667 1224 1483
513 3 176 515 1690
1287 3 314 1350 1571
1905 7 65 254 713 949 1297 1705 1946
356 4 9 1313 1676 1978
584 5 1172 1438 1635 1788 1946
881 4 213 800 1395 1403
1767 9 22 187 266 410 492 504 1427 1463 1952
1988 9 276 384 486 807 1054 1215 1224 1773 1843
949 3 638 799 1492
1402 7 608 623 872 943 1191 1250 1758
192 4 117 526 1565 1568
1885 7 309 771 1036 1072 1502 1711 1759
58 6 21 133 298 924 1249 1682
1904 5 25 686 732 915 968
1328 5 291 690 856 1247 1720
623 3 531 753 1969
1881 4 258 266 365 1715
804 4 146 785 1129 1543
1590 3 463 799 1207
1914 5 326 389 701 1280 1660
1230 6 255 1196 1277 1351 1770 1814
261 8 91 101 121 998 1063 1726 1787 1789
1891 3 1140 1143 1627
1547 4 519 651 916 1433
250 3 632 1517 1641
201 6 10 34 627 770 1143 1192
901 5 400 589 662 1699 1768
786 2 1815 1990
1719 4 69 894 994 1440
1357 8 56 416 530 824 1137 1425 1805 1859
848 3 677 1208 1476
1291 4 49 1049 1366 1412
1068 2 1659 1942
1840 3 1221 1701 1838
1859 4 447 627 848 1950
1922 3 1074 1117 1988
1638 4 427 1507 1511 1664
1656 8 240 343 650 798 802 1364 1695 1752
1986 6 9 686 705 755 886 991
923 5 176 598 616 801 1970
464 7 165 273 466 866 883 1050 1435
760 3 66 140 1242
1509 5 37 59 371 1440 1836
58 5 155 572 872 1457 1761
1894 2 228 976
555 5 15 321 911 1367 1533
274 11 9 340 347 873 922 993 1107 1225 1421 1628 1767
470 2 313 1225
641 5 195 600 792 831 1122
480 4 749 932 1128 1816
1960 3 194 330 373
574 1 1928
976 2 1216 1715
1823 5 234 1116 1664 1910 1926
565 8 316 351 387 967 1136 1405 1427 1735
1552 4 122 674 1313 1900
196 8 134 152 436 556 732 1304 1627 1786
197 10 77 877 926 1023 1121 1292 1300 1352 1436 1803
970 7 114 430 624 820 1292 1380 1703
1433 8 461 703 889 1173 1211 1404 1527 1667
238 5 315 637 713 1369 1719
536 7 132 248 1385 1572 1590 1733 1760
1432 7 403 556 851 1224 1350 1591 1984
1609 5 149 376 630 813 1567
1531 12 198 253 628 781 1038 1334 1437 1536 1712 1746 1819 1857
1903 3 73 1082 1715
530 5 170 504 533 1086 1151
742 7 153 346 512 875 1021 1069 1078
244 5 31 111 788 1526 1756
1595 6 834 856 1277 1704 1783 1818
378 4 163 491 1551 1638
412 2 389 1720
596 5 494 1251 1288 1413 1713
911 5 128 1041 1240 1811 1975
1933 3 1043 1176 1809
443 4 7 103 275 1110
1384 3 685 1769 1865
1222 4 1101 1346 1464 1986
1602 4 97 163 633 751
1568 5 248 1145 1229 1582 1781
1275 5 24 736 797 802 1895
937 4 751 1124 1381 1552
1690 2 477 644
800 4 409 636 1168 1426
1948 6 310 325 427 561 1035 1371
1209 2 629 1150
1880 6 826 906 955 1417 1461 1688
1495 3 384 474 1868
1869 4 93 116 390 551
812 6 288 800 920 1529 1734 1946
1923 4 304 1127 1136 1475
1450 10 139 259 465 479 598 611 680 1241 1789 1987
992 5 841 1006 1605 1667 1970
1530 6 176 235 580 677 930 1730
353 5 215 396 1018 1296 1804
25 4 75 208 396 981
1297 5 37 635 947 1780 1933
948 8 800 848 1008 1443 1666 1733 1794 1937
1653 3 199 421 821
395 6 493 796 829 1144 1333 1923
1272 7 537 796 869 952 980 1207 1811
776 4 88 232 991 1880
33 4 602 1348 1662 1698
1785 9 213 279 590 888 1279 1312 1351 1531 1599
1206 5 385 484 717 995 1953
1726 5 70 579 1573 1667 1922
1976 10 114 430 584 685 959 1003 1022 1182 1345 1701
92 8 330 774 967 1148 1325 1333 1361 1615
1387 12 273 345 354 394 525 720 776 889 908 976 1030 1174
842 6 175 829 1038 1513 1758 1929
263 2 399 1998
1804 5 284 975 1050 1520 1820
219 4 414 498 1292 1691
467 4 434 453 506 1200
1654 5 298 549 1770 1867 1955
1452 7 310 391 680 835 1057 1131 1517
684 1 494
338 2 410 503
1271 6 210 772 1139 1221 1247 1858
486 8 200 264 704 712 963 1390 1564 1963
641 8 106 744 1102 1321 1399 1818 1960 1992
218 6 93 128 401 916 1090 1673
954 5 189 1194 1226 1394 1750
917 3 672 1271 1973
1000 6 14 210 333 522 719 1191
1467 5 154 428 651 1350 1903
1736 5 550 604 740 1403 1505
1446 4 170 640 929 1375
100 6 83 463 577 1172 1316 1512
1399 5 68 272 815 1050 1961
982 4 323 530 1594 1901
1590 5 832 885 963 1578 1938
634 1 419
922 7 92 659 798 1621 1734 1801 1906
1625 7 85 952 984 996 1119 1126 1605
1083 8 264 429 791 1020 1255 1371 1609 1736
341 4 679 710 1176 1923
1420 5 201 369 1125 1362 1557
928 6 287 360 434 647 915 1746
64 4 6 122 499 1802
1429 5 646 755 1079 1751 1951
1045 7 135 634 665 956 1095 1326 1908
1801 4 811 881 1216 1947
408 6 348 916 939 1495 1734 1815
1420 9 175 563 1040 1382 1617 1669 1689 1810 1847
424 8 8 469 552 607 1191 1241 1462 1905
80 7 42 1214 1285 1516 1713 1788 1882
124 2 1351 1497
384 7 52 505 518 1013 1205 1944 1965
437 3 257 332 977
941 9 424 539 1018 1202 1267 1277 1283 1415 1886
1024 5 699 1080 1324 1626 1631
1630 5 40 126 517 747 914
1785 3 983 1594 1800
440 8 102 206 285 721 1393 1557 1594 1920
924 6 918 976 1325 1499 1687 1826
1971 6 181 699 817 1085 1512 1793
1107 2 262 1337
557 6 229 609 938 995 1189 1993
1839 1 941
1090 6 316 550 867 1470 1692 1708
1399 6 2 81 223 1337 1363 1983
298 5 112 463 796 1233 1616
1500 5 17 357 1138 1469 1790
1687 3 360 590 1139
1601 8 65 261 317 411 1193 1445 1808 1870
409 5 26 213 576 1332 1346
1853 3 185 232 966
1652 9 360 383 550 1049 1110 1296 1730 1822 1949
1100 8 65 204 614 776 1278 1797 1913 1980
1557 2 163 403
72 2 894 1416
1487 7 80 218 1091 1098 1451 1831 1926
4 4 836 909 1085 1375
1443 6 648 678 793 978 1476 1960
534 1 1412
519 6 592 763 845 1046 1239 1637
292 9 305 736 801 912 1460 1632 1835 1919 1954
485 6 175 457 682 1340 1373 1919
1189 4 492 1412 1420 1681
1416 5 4 267 1052 1753 1961
1559 7 627 643 696 853 880 1436 1698
1915 4 6 711 892 962
292 6 760 1103 1116 1234 1524 1747
324 5 236 422 731 834 1222
1357 5 74 313 398 1027 1298
842 2 1131 1153
898 2 402 1476
36 5 21 479 521 675 1847
374 3 530 1051 1263
277 5 117 1180 1463 1538 1593
356 5 613 771 1056 1218 1533
1425 3 82 772 934
1076 1 231
1367 9 78 125 736 849 1179 1371 1581 1619 1721
159 4 226 464 1158 1773
1119 7 291 425 794 1031 1114 1486 1690
1187 4 239 1136 1563 1839
1234 3 724 1186 1792
1797 2 367 612
921 5 146 255 445 594 899
380 4 811 1161 1748 1891
419 9 12 93 247 371 389 1132 1278 1490 1549
220 5 196 220 388 678 1384
1500 4 633 1233 1234 1389
1529 4 492 1070 1172 1654
1693 4 501 961 1175 1677
168 5 857 1119 1511 1575 1861
1033 5 457 495 894 1022 1418
1032 4 475 1135 1297 1856
1423 5 509 866 950 1004 1479
225 5 167 971 1303 1696 1980
1530 3 602 1079 1953
621 9 218 377 482 708 944 1342 1529 1747 1905
1093 2 832 1383
337 10 66 314 512 655 816 1066 1159 1499 1909 1986
446 3 971 1008 1785
654 4 771 797 1375 1938
747 9 17 242 1082 1108 1135 1652 1765 1820 1894
128 5 74 346 785 896 900
1064 6 12 214 287 424 941 1122
1236 2 1731 1885
375 5 115 1210 1282 1292 1750
443 5 745 1177 1380 1382 1869
859 4 102 252 962 1679
103 4 267 1090 1501 1886
591 6 114 182 313 1204 1632 1877
101 2 150 285
1851 5 710 891 1068 1296 1563
803 7 11 305 1565 1655 1698 1828 1950
901 9 537 597 630 868 1049 1085 1577 1812 1869
1695 4 385 926 983 1760
1215 9 1097 1150 1255 1435 1453 1585 1592 1888 1913
1335 4 240 405 1726 1816
541 2 1136 1896
582 7 204 554 718 1099 1219 1424 1928
1432 5 8 527 890 1707 1834
1360 5 358 424 753 1011 1471
1137 7 105 187 238 529 845 1415 1705
64 5 1 231 768 1104 1343
1867 8 28 785 788 1039 1190 1353 1376 1426
629 7 181 217 464 1188 1533 1744 1913
472 7 257 300 1291 1414 1563 1839 1983
594 5 341 907 1271 1388 1844
23 8 327 436 555 988 1497 1567 1582 1645
1107 6 356 478 849 999 1582 1748
1303 2 402 1387
946 4 237 568 917 1591
828 6 121 274 395 418 1172 1479
208 4 870 873 1411 1814
275 5 433 747 908 920 1486
1942 5 289 434 744 1243 1968
1704 3 272 441 1812
847 7 361 635 660 853 1073 1491 1823
540 5 276 606 1281 1583 1758
1474 7 779 1068 1264 1479 1544 1625 1755
194 5 689 803 1003 1091 1164
236 2 1224 1375
71 5 226 287 415 858 1806
9 3 892 1288 1638
1737 3 1173 1669 1877
512 4 584 647 1409 1996
557 4 41 68 1318 1375
95 2 1521 1907
1597 6 451 603 713 877 959 1601
691 5 274 403 422 1066 1515
919 2 401 1433
542 4 872 1188 1376 1444
385 4 806 855 1515 1901
7 8 416 429 475 571 581 1005 1037 1962
1760 3 23 279 517
1088 6 167 269 740 1117 1273 1660
200 6 727 1034 1138 1287 1545 1597
674 5 128 692 803 1024 1231
214 4 18 50 670 827
1825 7 5 18 784 1293 1557 1732 1802
1999 2 161 428
149 6 262 375 907 1135 1582 1967
1698 5 2 388 1259 1346 1505
1589 7 34 182 241 630 741 1113 1867
1465 4 215 1388 1496 1609
1350 4 457 685 938 1733
1808 7 540 833 1302 1340 1348 1392 1970
398 4 195 289 920 1234
685 8 50 463 596 1043 1152 1319 1734 1989
1547 7 582 722 991 1087 1100 1355 1973
1831 2 557 1953
830 13 326 569 865 1075 1239 1337 1461 1608 1638 1662 1671 1688 1791
100 7 116 216 528 1179 1674 1711 1746
1540 5 9 603 1014 1346 1431
67 4 238 550 1011 1396
969 8 670 861 1284 1286 1365 1577 1685 1686
1274 6 17 49 1549 1596 1751 1830
883 7 156 191 216 461 509 1330 1409
1602 4 1055 1076 1649 1927
1671 3 230 363 1983
1481 2 1408 1830
615 6 141 159 233 412 1736 1870
805 7 281 408 1005 1127 1143 1687 1729
1716 5 227 563 580 1007 1981
810 6 965 1140 1171 1518 1967 1993
1766 2 39 1894
160 5 361 830 1189 1389 1413
682 4 252 513 621 926
1362 4 242 916 1453 1654
95 3 438 1809 1848
1306 7 49 191 417 596 613 1650 1850
214 6 73 832 1265 1270 1363 1960
809 4 196 218 690 773
1779 5 98 108 349 1717 1934
7 2 146 1718
387 3 126 239 1222
685 1 1839
233 3 1148 1748 1774
977 6 79 257 271 490 590 1396
1242 3 312 911 1676
1227 7 205 460 667 1071 1518 1603 1725
994 3 263 301 487
348 6 100 269 316 706 976 1417
1551 5 418 455 526 1334 1587
1117 3 266 701 1778
1797 3 153 651 794
1138 7 439 666 902 953 956 1223 1652
543 5 266 338 412 434 835
186 5 65 833 1211 1752 1888
938 2 913 940
1882 6 27 93 551 657 860 919
63 4 1084 1151 1474 1757
1780 4 777 1029 1101 1371
98 5 936 1050 1119 1526 1936
1263 3 341 1204 1915
1898 8 456 477 481 713 937 943 1133 1850
1552 13 246 371 477 706 754 1071 1117 1131 1163 1391 1477 1794 1984
1425 2 364 1142
871 4 410 841 1286 1897
1895 3 362 989 1169
548 4 257 1127 1397 1849
667 4 351 715 915 1376
682 5 115 775 1167 1727 1835
1139 5 737 1083 1189 1322 1741
1629 6 185 441 564 746 808 1620
568 4 386 1349 1573 1757
1749 2 406 1525
1317 4 701 828 1359 1449
878 5 479 646 804 1229 1947
1319 3 751 1202 1682
583 5 367 434 520 1161 1904
240 5 202 473 658 974 1438
627 4 848 1146 1392 1915
771 4 120 329 546 942
974 2 40 884
1819 9 45 68 133 261 781 899 936 1035 1877
379 4 441 557 900 1598
1209 2 734 1053
4 3 1171 1409 1674
800 4 10 425 1350 1960
1798 4 219 1439 1504 1556
1865 2 887 1060
258 10 139 330 471 573 670 703 1055 1501 1818 1947
1393 6 108 167 473 843 1569 1759
1776 7 401 651 667 807 821 1819 1881
1996 5 55 903 906 1119 1762
347 5 192 594 926 1216 1846
1102 7 341 454 536 833 893 1650 1866
1771 5 140 375 811 1133 1721
124 6 74 292 454 1467 1641 1745
1023 6 146 163 521 708 1202 1677
1440 7 205 298 335 448 606 671 1738
1178 2 336 1537
1986 5 313 962 1300 1512 1628
790 5 160 504 710 1117 1277
1332 1 631
455 3 318 605 743
41 4 414 420 653 1672
42 5 419 688 837 1055 1431
201 5 143 692 859 1901 1932
1234 7 84 115 140 211 957 1354 1455
546 8 79 479 487 538 636 904 1814 1829
1810 9 416 716 886 1254 1335 1337 1577 1619 1863
92 9 195 257 350 806 901 1233 1700 1925 1976
1052 1 1523
1388 6 139 361 586 651 943 1163
924 1 97
18 5 351 498 659 911 1018
1332 1 538
1587 5 144 849 966 1088 1974
827 4 175 616 1255 1767
734 4 477 1394 1496 1757
194 2 633 1426
348 4 537 931 1369 1463
1787 7 576 964 1067 1185 1424 1448 1830
1861 7 136 284 334 658 810 925 1222
1714 4 631 658 1627 1789
1156 11 193 336 760 1017 1034 1050 1225 1237 1375 1630 1635
647 4 47 399 577 983
1884 8 94 154 158 523 537 1141 1181 1885
259 9 41 136 249 594 963 1381 1496 1538 1599
662 8 41 317 448 906 1027 1369 1576 1667
1341 4 328 508 897 1368
1063 6 109 181 364 721 931 1390
408 2 712 1352
1943 4 253 597 911 1179
967 4 121 178 819 1926
1818 4 54 120 133 1692
189 8 142 151 240 328 428 1076 1531 1720
967 4 211 778 976 1746
30 8 15 872 1037 1528 1700 1711 1845 1965
1609 7 107 140 195 819 1059 1770 1895
1843 4 746 761 1138 1357
787 6 1341 1476 1481 1603 1628 1774
419 8 657 754 825 922 1323 1342 1565 1796
168 4 40 504 1543 1932
688 3 158 1587 1839
1473 5 1061 1157 1361 1560 1633
98 5 4 445 450 941 1392
163 4 444 666 1096 1152
1828 7 690 779 807 1018 1306 1472 1968
1747 6 54 576 669 1307 1401 1412
798 2 444 1957
1867 8 542 594 932 1251 1293 1380 1499 1633
1058 6 670 802 844 1147 1336 1829
998 2 1098 1453
633 5 93 474 492 837 1071
637 3 1008 1205 1550
292 2 918 1276
995 4 593 1088 1123 1714
1270 4 142 774 852 1462
1527 5 688 779 873 1632 1848
1627 5 91 141 1140 1206 1414
890 5 550 939 1097 1225 1375
1768 5 6 479 948 1478 1686
1684 2 274 1820
1657 7 44 84 395 489 1051 1217 1644
323 3 134 171 1895
1457 2 223 558
156 3 1094 1500 1632
980 5 432 1029 1214 1554 1690
594 3 507 683 1554
523 7 176 182 251 580 1512 1586 1929
1269 6 75 84 1246 1443 1563 1919
1964 3 1123 1740 1808
772 8 178 237 368 681 684 865 1186 1697
604 1 11
1580 2 517 519
478 9 67 170 291 410 477 663 847 1724 1991
579 3 367 1511 1876
241 7 30 187 432 649 1079 1862 1875
1909 4 828 860 1270 1279
1172 5 472 493 1645 1835 1978
460 8 131 339 372 409 853 1342 1432 1750
1758 3 291 1153 1578
1007 5 300 415 1293 1482 1974
672 6 267 766 796 1561 1690 1835
747 2 89 945
1224 2 747 1453
1607 4 311 799 1627 1633
1688 4 551 792 1256 1525
172 4 495 864 901 1390
1942 5 351 425 942 1079 1603
351 6 60 270 598 1682 1810 1932
1923 7 101 686 913 1081 1142 1455 1961
200 3 70 359 1231
1187 3 1112 1903 1967
1659 5 91 229 637 1849 1861
867 7 27 167 697 987 1138 1578 1919
1034 4 51 79 1431 1450
122 6 141 424 950 1436 1616 1711
1116 5 108 388 597 904 1413
110 2 1801 1962
1320 6 831 1261 1309 1410 1597 1881
1295 2 149 503
60 7 397 482 701 1240 1263 1407 1604
749 4 961 1283 1442 1494
847 9 82 170 331 650 1033 1095 1147 1282 1424
944 2 820 1881
429 3 1170 1278 1637
942 4 1311 1602 1625 1832
1980 6 7 801 1035 1449 1599 1617
576 2 900 1046
338 5 633 819 1491 1776 1867
784 6 416 471 584 1018 1652 1803
839 7 124 308 453 502 1215 1491 1697
525 7 60 102 154 617 1487 1649 1750
1416 4 681 1313 1429 1528
357 4 99 535 909 1310
730 5 716 759 795 1745 1847
1899 2 387 819
322 5 327 544 959 1042 1968
1734 6 9 299 396 899 1048 1061
971 4 906 1405 1956 1987
1862 7 305 400 450 540 1462 1640 1966
999 3 261 1400 1641
514 4 452 1355 1703 1979
802 4 765 786 904 1917
1956 7 11 105 794 895 960 1404 1944
562 3 766 1109 1725
1881 4 1073 1173 1291 1867
1248 4 37 443 1469 1922
938 4 416 512 1017 1311
1947 6 430 955 1120 1335 1589 1931
1971 7 384 603 966 1180 1222 1378 1399
1718 8 263 344 738 1261 1385 1492 1728 1792
1046 4 464 639 1035 1568
1808 5 491 609 1173 1312 1537
288 3 13 288 1888
600 5 277 453 987 1611 1700
35 7 84 795 995 1377 1398 1714 1877
1810 4 31 269 365 864
1363 4 417 883 1562 1634
1755 3 163 545 1304
123 3 1045 1121 1500
1127 4 173 428 919 1506
1691 4 448 556 936 956
1543 4 36 191 990 1862
351 8 390 883 940 1515 1636 1677 1680 1991
684 10 112 218 323 463 470 478 500 1380 1729 1804
548 11 795 1018 1033 1161 1243 1425 1592 1780 1818 1877 1962
978 7 12 244 508 566 717 939 1381
1610 7 516 605 963 1124 1221 1652 1950
92 3 149 370 632
1401 5 203 436 737 1555 1730
235 6 97 174 280 818 836 1310
1300 3 259 832 855
375 3 358 1327 1727
596 4 56 207 618 1684
599 5 430 692 760 1321 1325
22 4 1029 1144 1301 1582
927 4 458 508 1084 1276
11 5 28 219 743 749 1843
1452 2 227 872
1950 2 793 1579
1842 4 64 1110 1131 1760
1908 6 399 478 735 886 927 1538
217 2 36 652
674 3 9 1535 1730
578 3 579 842 896
487 5 170 600 663 1471 1518
104 2 1 1294
116 1 673
1953 2 135 1586
1309 3 613 1300 1541
1479 7 326 416 1046 1071 1120 1150 1813
1868 5 94 124 748 882 1427
1705 1 494
703 2 920 1774
1236 7 386 583 1003 1122 1233 1440 1688
989 7 155 450 521 1195 1296 1785 1887
439 1 1585
1635 3 371 687 915
645 4 38 951 1091 1957
617 4 623 1276 1296 1626
896 4 4 784 1898 1932
805 4 152 1615 1718 1944
1487 3 866 1198 1602
770 6 75 773 779 1283 1435 1501
475 5 421 656 819 1009 1927
693 5 17 480 593 1045 1394
363 5 922 1077 1378 1573 1952
909 3 171 251 448
130 2 644 753
1661 5 659 806 1338 1487 1687
128 2 184 553
1254 5 315 910 982 1820 1824
272 9 124 868 998 1139 1333 1468 1563 1659 1709
859 7 1204 1317 1390 1485 1608 1647 1863
1341 2 221 1671
228 2 987 1271
676 8 501 525 607 703 755 875 1498 1527
65 5 220 685 826 1034 1820
1006 4 33 969 1319 1685
1526 7 161 389 409 1011 1153 1498 1713
101 3 154 1237 1652
97 4 61 1217 1337 1502
1115 3 1135 1375 1822
1266 4 172 773 1428 1710
1920 6 182 414 624 673 703 1640
238 7 226 241 516 1344 1420 1630 1865
804 6 400 589 670 752 1379 1773
516 7 146 454 1302 1319 1458 1463 1692
1567 5 102 352 467 1188 1410
423 8 425 915 952 1155 1288 1394 1597 1753
941 7 28 483 536 652 1211 1567 1925
832 6 203 499 935 1125 1575 1969
1775 4 413 1053 1183 1797
286 7 62 83 477 709 777 1144 1727
140 3 621 815 1301
1985 4 102 133 469 1583
1619 3 837 1324 1515
1825 6 507 762 1167 1289 1334 1852
1586 7 2 336 408 683 1605 1644 1682
1705 7 22 179 1031 1200 1362 1565 1854
1696 5 511 743 1118 1276 1430
1942 2 1144 1516
346 4 127 1123 1307 1877
408 3 990 1405 1997
1294 7 230 458 760 1463 1464 1821 1940
1724 10 135 550 854 949 1242 1459 1567 1633 1640 1724
1511 4 17 947 1065 1557
317 5 37 327 594 1436 1645
1213 4 189 610 865 1338
529 4 371 749 821 1189
170 5 46 326 699 764 1594
1044 4 96 167 1248 1607
715 5 39 511 689 812 1690
1748 4 90 1068 1069 1729
234 7 208 443 601 792 811 1651 1738
1424 6 209 214 563 748 1041 1679
444 6 369 377 439 1293 1416 1968
1105 7 111 1068 1586 1901 1934 1979 1980
890 3 427 703 1060
1035 6 1 28 340 704 729 909
754 6 167 252 442 578 1356 1727
890 4 393 565 1199 1845
1065 6 53 586 606 1566 1792 1886
1001 7 102 165 235 280 1279 1525 1681
830 3 441 649 1038
1585 4 1398 1720 1799 1866
579 5 755 875 1434 1691 1698
1539 3 307 332 1072
1925 2 487 1233
1609 4 248 1285 1424 1603
1118 8 219 238 258 391 1077 1376 1487 1710
728 4 130 1282 1468 1781
977 6 236 462 741 936 955 1398
424 5 379 598 1035 1628 1875
1803 7 54 531 703 1442 1756 1789 1821
143 4 84 353 904 1568
181 9 118 412 737 816 1088 1166 1201 1635 1643
1132 7 30 331 1073 1275 1306 1408 1929
835 6 14 327 1039 1578 1609 1674
1296 5 727 863 1636 1766 1849
1631 4 121 416 746 919
589 10 13 36 94 306 663 922 1162 1196 1243 1879
1295 5 275 544 567 852 1861
883 2 933 1202
1846 3 47 286 553
1624 6 234 586 614 621 760 1791
975 6 822 925 1100 1127 1175 1832
1316 3 64 732 1894
119 9 94 431 902 1058 1824 1832 1856 1976 1997
1817 7 124 731 1070 1358 1391 1675 1804
1438 9 273 327 504 734 1073 1189 1511 1656 1789
363 3 273 426 450
1467 6 168 583 728 849 921 1241
819 4 230 1030 1166 1573
137 6 734 1143 1555 1669 1773 1952
949 1 730
390 8 2 191 227 325 854 1551 1710 1781
489 3 414 849 1188
1775 7 99 1183 1532 1599 1683 1872 1996
1794 4 69 533 553 1938
1968 7 591 651 785 1138 1241 1486 1719
1781 5 438 1118 1179 1193 1255
1816 11 62 116 208 261 263 590 704 736 1076 1162 1276
12 2 418 1306
674 6 287 511 566 800 1135 1920
1711 5 96 161 270 1247 1302
1683 2 485 984
1930 4 502 607 1293 1642
293 3 680 887 1286
692 5 126 167 341 1068 1480
223 8 136 225 786 1073 1154 1262 1271 1467
1833 3 384 986 1228
97 4 325 1241 1676 1987
1300 9 269 907 1171 1224 1290 1457 1595 1856 1917
715 5 78 112 322 984 1714
1774 4 525 733 1428 1608
234 3 932 1171 1565
604 5 283 532 685 1419 1422
1438 5 250 255 362 1192 1284
933 8 131 215 1084 1123 1217 1313 1556 1842
1720 8 381 616 704 705 1277 1307 1605 1739
305 3 156 323 763
1774 5 363 540 1062 1430 1580
376 6 24 42 1566 1761 1948 1988
284 6 288 447 455 927 1717 1780
77 5 630 1175 1266 1286 1865
478 1 963
392 4 250 1652 1700 1935
254 5 283 635 1018 1708 1894
687 5 107 502 1314 1695 1948
912 3 1500 1523 1892
2 5 236 577 832 1087 1479
186 3 185 259 1978
1250 6 236 307 405 874 1639 1858
1716 5 68 228 430 1488 1963
384 2 912 1432
1816 4 38 578 656 1082
328 4 659 1078 1824 1825
137 2 1543 1895
64 5 512 619 1173 1825 1834
588 5 397 537 1514 1518 1700
1534 3 152 812 1160
1118 6 257 449 505 602 1613 1934
1003 5 645 1078 1127 1158 1465
94 7 416 563 1076 1561 1599 1665 1817
1355 5 985 1069 1072 1503 1512
1537 4 230 978 1324 1600
438 6 55 433 1207 1585 1638 1737
1667 6 248 338 685 917 1334 1454
605 3 220 878 1155
1871 6 146 201 394 404 901 1809
1880 4 190 333 1262 1847
321 7 34 92 279 488 707 1647 1936
1238 4 770 1005 1212 1467
39 2 627 1354
1409 4 1052 1146 1711 1814
326 4 131 551 1128 1692
786 5 336 817 984 997 1843
1738 2 464 870
794 6 257 380 405 1307 1484 1796
223 4 220 770 1613 1703
517 5 463 741 1073 1459 1680
517 5 889 1185 1377 1468 1726
467 7 122 159 341 787 1885 1981 1998
593 3 514 1030 1924
481 2 253 1576
1878 6 42 247 1001 1409 1568 1650
747 5 189 870 971 1493 1517
1068 5 22 325 803 1581 1702
954 6 76 215 430 587 825 1014
1091 4 531 649 907 1809
1685 3 1188 1429 1491
1846 6 423 590 689 713 1595 1623
296 4 281 488 513 1339
780 8 52 486 580 701 1112 1302 1349 1755
1303 6 100 345 561 562 1311 1538
1640 2 213 713
802 7 325 337 616 856 925 1220 1883
1793 6 137 409 1236 1455 1462 1850
1640 8 65 357 709 710 902 996 1029 1125
138 2 380 1457
1917 6 639 917 1267 1305 1382 1399
298 4 220 888 992 1732
1297 5 157 335 453 1045 1332
274 4 394 763 1487 1735
103 3 236 968 1417
1125 6 105 287 333 568 888 901
1301 4 890 1227 1372 1918
987 6 228 352 659 1035 1812 1965
752 5 190 1119 1315 1440 1615
1276 3 660 1107 1806
20 6 411 597 1425 1725 1895 1951
637 5 24 385 571 1357 1416
1248 5 344 383 1064 1290 1774
1200 6 16 125 515 1118 1576 1823
623 5 122 307 309 405 418
754 4 352 519 1701 1801
833 4 70 1582 1616 1970
98 4 172 401 872 1565
1904 6 358 409 862 1164 1675 1977
29 7 252 508 841 986 1033 1071 1620
573 7 552 1137 1366 1553 1693 1719 1961
374 7 398 519 626 735 832 1786 1925
197 4 370 568 794 1464
1634 3 738 1516 1756
1738 6 299 420 927 1558 1708 1928
1468 5 229 251 1265 1860 1874
1228 5 226 629 864 1081 1290
1878 8 15 248 1576 1645 1806 1850 1859 1863
220 6 120 313 392 809 933 1480
1158 6 116 347 812 1381 1495 1529
1444 6 0 54 197 1120 1453 1582
666 7 12 176 666 753 1205 1273 1610
1977 3 1021 1717 1769
930 3 118 1067 1827
1040 7 144 917 1215 1303 1523 1543 1789
600 2 1173 1585
1606 6 54 114 729 807 1080 1112
1321 4 528 1660 1785 1809
969 6 26 183 255 560 879 1810
334 5 32 743 1213 1235 1798
1474 2 696 1203
427 6 97 847 1599 1781 1835 1966
1404 5 375 753 857 1060 1473
707 4 678 1097 1540 1584
710 5 62 506 1007 1405 1798
1337 4 414 1223 1334 1730
523 4 198 531 823 1957
1410 3 1423 1710 1968
1831 6 329 557 698 879 1025 1834
775 4 256 462 1021 1872
61 7 56 577 998 1132 1258 1695 1835
1058 3 159 1043 1790
757 4 15 391 754 786
469 7 224 683 1181 1182 1571 1590 1769
97 7 26 884 974 1191 1730 1949 1968
1349 5 779 926 1050 1149 1841
620 4 406 455 965 1172
913 5 546 838 1087 1443 1451
1572 6 17 346 1146 1555 1621 1637
72 5 98 175 271 298 602
836 4 148 168 436 1564
714 2 133 711
1953 3 99 882 1776
1114 6 548 650 1236 1302 1547 1739
222 2 1378 1403
1273 5 180 365 534 652 1588
1632 9 31 66 171 300 473 787 1218 1600 1979
370 5 288 604 809 867 1166
1196 2 92 1088
1463 7 328 488 907 974 1029 1750 1958
943 5 105 107 111 155 605
608 3 167 344 1330
1193 4 181 295 1037 1547
119 2 380 1868
321 3 329 847 1637
1731 4 14 919 1308 1742
1964 3 577 1721 1821
1037 4 60 313 747 1996
256 7 267 446 615 1020 1029 1318 1733
816 3 339 1414 1750
486 6 481 567 913 1337 1338 1652
578 5 313 586 1142 1513 1938
1519 5 41 395 409 1257 1689
1052 6 247 447 731 829 1443 1561
3 6 30 444 456 814 1044 1699
1568 5 829 899 1164 1234 1990
75 7 85 102 397 994 1183 1485 1770
1925 6 41 339 442 470 972 1173
1664 3 674 1137 1720
1205 6 368 881 1693 1805 1834 1931
658 2 1207 1335
492 5 278 386 666 1344 1685
107 4 83 978 1522 1705
1177 5 300 540 969 1462 1602
132 5 290 1134 1229 1470 1478
541 10 89 804 920 1154 1329 1477 1688 1715 1719 1929
1786 2 267 1895
125 2 1663 1696
1586 5 400 968 987 1455 1812
1455 5 158 280 980 1249 1610
1338 6 242 702 712 1021 1369 1978
202 10 83 146 153 337 642 984 1105 1300 1518 1540
961 3 821 1321 1610
397 5 136 293 608 1085 1293
249 4 81 371 983 1453
548 4 881 1192 1457 1984
1947 2 400 1367
1164 2 968 1379
63 5 500 658 1222 1254 1310
949 6 388 508 592 1186 1267 1277
1783 2 505 677
286 5 118 381 462 696 1625
1562 4 617 1384 1607 1906
1178 5 178 289 310 1094 1519
1032 1 1456
1385 5 224 264 1254 1480 1670
1883 5 565 617 912 1348 1935
477 3 106 1258 1766
1495 7 126 366 456 1105 1289 1557 1674
793 4 83 106 1297 1902
359 3 1022 1917 1981
486 4 34 308 1793 1802
856 8 582 681 977 1047 1099 1107 1449 1638
982 5 1 513 560 732 999
1949 4 90 473 735 832
263 1 1573
363 4 354 623 956 1462
370 3 140 708 1330
553 4 42 456 612 691
554 5 71 358 734 1318 1436
41 5 505 513 923 1430 1681
838 6 123 1003 1071 1121 1471 1564
1265 8 86 325 487 703 1161 1265 1327 1603
719 3 339 796 1664
949 5 195 550 955 1484 1851
609 4 420 1150 1624 1726
471 4 744 782 1420 1643
383 6 0 162 958 1278 1388 1920
1227 4 359 575 831 1076
231 5 306 474 703 1200 1995
1428 5 628 641 931 1300 1418
1704 4 596 1715 1960 1997
305 5 55 556 1433 1686 1733
1956 3 631 1611 1803
294 7 599 1264 1695 1941 1958 1969 1993
1846 2 314 409
756 7 111 353 620 867 998 1032 1788
515 3 83 347 1128
1595 5 260 509 678 809 812
1839 2 545 757
921 4 583 817 1169 1833
992 2 282 439
1490 7 591 719 724 902 1256 1412 1827
1859 3 970 1159 1553
1770 1 1604
1714 5 48 437 1014 1358 1497
1476 7 442 544 648 651 1005 1042 1968
934 5 379 806 1422 1546 1804
1285 8 30 309 632 679 764 892 952 1070
1172 3 298 1416 1802
413 3 273 1307 1986
1715 6 198 349 645 883 1103 1897
578 9 36 76 367 631 1107 1152 1509 1644 1898
252 3 816 1745 1917
1190 8 357 384 556 1108 1237 1454 1480 1615
1803 2 153 857
893 4 826 1348 1578 1924
613 5 272 523 525 592 810
1295 6 429 704 1068 1199 1585 1801
27 6 70 90 206 558 1696 1991
403 5 151 411 900 1855 1940
1317 4 536 611 777 1513
1631 7 362 501 1051 1153 1203 1438 1615
1711 2 1222 1883
791 4 457 668 1053 1476
1317 2 249 1437
1137 3 761 1320 1451
1033 5 62 478 1447 1461 1700
386 5 503 532 789 867 1670
597 3 559 1281 1681
1560 8 147 525 537 716 757 1296 1438 1526
1182 5 548 684 1027 1268 1650
205 7 35 143 535 558 674 1598 1666
831 5 55 101 1454 1804 1982
163 5 41 408 1343 1640 1782
1102 3 106 810 995
1790 4 120 613 1487 1490
1434 4 771 1299 1550 1779
1209 5 245 371 763 1612 1932
732 4 360 821 1244 1838
132 5 135 379 740 1468 1615
107 4 562 1285 1634 1711
556 3 522 596 1728
95 6 4 506 1217 1516 1685 1938
640 4 217 359 648 1325
1072 2 81 1351
250 7 349 409 627 1056 1609 1942 1954
1634 6 292 1071 1300 1418 1449 1615
1854 4 29 386 785 1196
1055 2 1038 1382
1440 5 14 708 1128 1225 1856
886 7 172 286 647 1045 1272 1667 1825
1621 4 1171 1322 1399 1522
1602 3 1111 1371 1511
1066 7 113 527 648 1016 1434 1525 1672
392 8 292 648 1111 1279 1331 1456 1464 1627
1263 3 1074 1128 1146
60 11 13 495 543 623 629 899 1160 1407 1412 1784 1929
977 6 91 352 757 1293 1360 1438
261 5 582 1128 1179 1529 1868
982 3 213 1298 1934
286 4 39 141 1407 1872
1256 7 109 316 1047 1420 1435 1583 1732
532 8 346 547 696 709 1264 1281 1284 1767
226 7 276 499 532 803 1625 1912 1969
983 4 620 625 700 747
706 6 190 279 1105 1185 1362 1534
720 5 203 210 857 1140 1597
725 8 158 230 256 279 300 345 616 1425
1937 2 209 782
995 4 103 223 739 1216
1338 5 338 462 1048 1607 1748
6 5 769 1209 1241 1529 1768
1810 4 865 898 1446 1605
665 8 49 408 459 743 895 1052 1625 1842
28 3 395 1028 1836
563 7 111 1060 1135 1185 1252 1346 1392
1469 3 496 1005 1842
263 5 55 83 393 679 1321
236 5 393 545 754 1008 1682
1739 7 111 297 542 550 1379 1615 1679
716 3 1178 1676 1882
121 6 655 724 743 772 794 1645
442 5 52 64 342 1258 1473
1244 3 200 395 745
383 5 23 259 423 479 1399
842 3 142 191 1898
1283 4 137 1652 1781 1790
246 2 261 1879
570 4 155 1441 1533 1931
1180 5 1003 1071 1555 1629 1810
1826 6 22 303 364 579 926 1299
1997 4 655 717 1008 1659
556 5 70 149 922 1150 1174
1599 2 410 1705
758 3 6 994 1225
1502 4 438 579 928 1541
99 4 1400 1532 1791 1911
367 5 181 213 493 1765 1967
1496 9 646 834 855 1165 1219 1531 1613 1665 1993
1742 6 477 887 899 1070 1760 1987
707 5 266 922 1013 1120 1129
1667 3 218 1737 1889
986 4 144 1280 1785 1914
1865 4 789 1250 1429 1921
498 6 846 896 1491 1620 1655 1977
656 3 525 610 905
838 6 37 488 932 1005 1324 1971
1464 11 122 148 298 321 522 1397 1532 1692 1740 1754 1959
1326 2 1095 1749
1351 6 105 473 502 644 890 1307
1897 10 70 211 510 913 1126 1129 1150 1156 1457 1868
1988 4 344 799 1553 1554
425 6 537 574 875 1058 1570 1582
851 6 520 930 967 1381 1769 1914
459 6 128 176 1023 1110 1264 1709
1306 4 78 440 1630 1734
1493 4 181 897 1283 1330
1079 4 902 1071 1224 1411
541 6 9 32 426 574 1747 1818
574 4 140 150 235 328
59 6 324 834 1017 1060 1361 1463
1984 6 700 885 981 1051 1131 1738
1180 4 470 1184 1211 1407
581 9 61 80 319 476 805 1040 1412 1437 1560
556 7 128 299 335 486 1217 1224 1593
420 7 134 1003 1239 1303 1313 1525 1774
721 7 667 755 785 1222 1306 1622 1740
1682 3 533 1056 1752
846 7 351 401 411 717 812 891 1912
1444 5 391 502 657 758 1454
1850 5 170 252 447 608 1521
1286 6 67 77 486 906 1309 1561
1168 8 725 779 1467 1479 1526 1547 1578 1625
949 4 561 583 1035 1462
725 6 60 386 463 823 839 935
1206 4 403 816 1168 1234
2 8 308 331 470 503 541 603 1253 1422
283 4 443 1145 1178 1952
361 6 472 776 884 1016 1737 1993
679 14 44 174 233 420 494 1008 1049 1177 1539 1619 1663 1685 1889 1927
318 2 946 1548
1127 4 1231 1303 1567 1795
394 3 1451 1635 1784
776 3 546 809 1094
928 5 208 209 1004 1160 1261
1848 2 1196 1318
917 8 154 536 700 770 1092 1424 1751 1867
207 5 214 573 1395 1473 1922
1105 4 1138 1465 1653 1721
745 10 1 33 258 666 1508 1571 1589 1840 1866 1963
460 1 1954
1839 4 302 694 745 1851
1735 3 436 890 894
1833 7 108 459 558 1201 1303 1308 1778
1553 4 236 794 1611 1984
1039 4 752 1410 1535 1836
390 4 808 1062 1703 1992
1072 6 867 946 1110 1205 1519 1640
304 8 203 204 543 799 1278 1418 1542 1649
230 6 783 815 1274 1550 1751 1807
1107 5 68 168 476 928 1024
509 4 688 944 999 1524
1644 5 445 886 978 1038 1044
292 2 123 218
451 3 501 1620 1851
424 4 613 757 1173 1971
1637 2 1126 1589
974 5 88 109 725 1112 1120
1679 4 561 569 1337 1985
1155 2 41 847
161 3 870 1074 1569
1571 4 144 630 1011 1593
1568 7 181 182 230 605 1089 1822 1925
413 8 878 1305 1377 1419 1471 1536 1700 1927
1724 7 113 299 715 1194 1279 1733 1816
881 2 95 1198
743 7 317 352 396 1009 1011 1372 1658
1488 4 511 1236 1261 1687
1953 6 220 678 1635 1783 1918 1998
773 3 244 532 1860
1556 4 89 232 479 1838
374 5 613 876 1427 1850 1955
146 4 169 355 839 1121
358 9 95 272 329 435 469 703 881 1359 1404
1918 2 788 1605
1464 4 242 309 749 1736
528 3 830 905 1532
311 6 361 629 708 978 1032 1453
1630 3 426 1226 1760
157 6 130 439 703 802 1452 1822
73 8 235 504 511 674 767 1066 1582 1881
725 5 823 885 1182 1617 1689
1760 4 537 854 975 991
1378 6 50 63 980 1338 1552 1635
1396 4 212 609 962 1747
661 4 1422 1603 1619 1694
1556 7 319 567 841 876 1061 1833 1968
473 6 446 1042 1238 1261 1483 1736
324 8 503 697 1225 1314 1500 1560 1901 1959
268 5 306 410 428 712 1118
287 6 85 1085 1534 1735 1736 1911
1157 4 600 634 1058 1500
378 4 508 1012 1367 1816
1256 6 128 237 255 355 600 1539
48 6 131 301 580 1664 1853 1871
1879 8 478 506 568 1073 1256 1340 1378 1451
263 4 485 587 794 1543
345 4 1083 1259 1295 1491
755 2 567 577
633 4 216 218 1491 1586
501 5 51 283 696 1822 1910
1277 6 210 239 254 649 979 1096
1405 5 9 38 341 827 1590
1067 5 193 606 821 1720 1917
946 5 201 734 1250 1728 1740
335 3 658 1088 1379
1577 4 586 1087 1208 1320
48 5 7 210 794 1435 1973
1065 8 619 668 783 867 924 1304 1451 1963
819 6 30 409 562 611 858 1557
22 3 950 1312 1441
196 6 290 1409 1607 1833 1887 1962
1900 4 14 808 827 859
552 5 205 424 604 754 1622
362 4 578 596 651 1946
90 7 42 274 400 837 1187 1229 1407
1456 4 79 828 1019 1715
1799 2 200 1474
791 4 261 302 597 1020
459 2 708 1735
1779 2 240 992
670 4 539 972 985 1571
285 3 856 918 989
466 10 35 59 397 924 1137 1154 1270 1295 1412 1755
1761 6 142 363 643 838 1108 1227
1512 5 0 1228 1422 1427 1799
1664 5 303 438 506 1417 1658
1033 5 184 1222 1348 1468 1479
1994 6 245 920 1049 1421 1766 1890
38 5 17 24 192 1576 1911
1118 1 1723
325 5 231 550 748 1590 1928
782 5 437 464 479 577 920
227 6 89 191 515 1422 1638 1838
1760 5 208 687 959 1548 1984
177 4 203 741 753 1759
1006 5 12 13 377 1298 1845
183 4 111 226 1022 1543
1785 3 879 1527 1730
501 5 265 275 700 1362 1890
260 5 59 287 733 1181 1590
1370 6 108 459 894 897 1085 1912
670 5 759 784 1287 1411 1464
625 9 3 28 126 548 944 1444 1671 1701 1709
33 7 232 250 539 749 1114 1187 1544
698 6 334 1063 1127 1549 1583 1615
1769 6 257 907 1046 1309 1553 1971
334 6 19 132 361 561 802 1068
961 10 87 542 633 852 995 1109 1172 1180 1326 1554
1228 5 2 588 1056 1179 1760
136 3 891 1019 1082
438 4 83 1208 1305 1335
1586 5 487 712 784 1644 1869
86 7 180 347 493 671 699 904 1317
1675 8 368 614 695 952 1299 1451 1915 1940
1502 3 7 317 1251
1245 6 14 157 647 1308 1545 1742
457 2 1710 1736
1405 4 57 799 1063 1377
1261 5 278 580 781 1509 1914
487 4 76 961 984 1947
127 4 474 1195 1467 1738
319 4 8 43 589 1005
1718 4 515 597 1611 1732
661 3 913 1415 1629
1188 4 343 1038 1444 1516
848 4 211 573 613 1459
1876 9 779 840 1064 1264 1416 1466 1825 1832 1954
297 2 1067 1360
93 6 1 13 1077 1170 1198 1816
819 4 252 540 1061 1976
1169 3 428 1430 1860
1922 6 853 947 1034 1092 1749 1937
1381 7 202 519 746 1053 1789 1790 1805
989 6 284 487 1303 1350 1553 1556
1663 5 232 598 626 671 1480
1983 6 79 734 832 1210 1520 1562
484 3 563 803 1317
8 5 107 1015 1104 1233 1985
1353 5 28 63 488 1661 1669
84 2 139 1338
1986 3 91 108 1352
704 4 1372 1584 1646 1920
21 9 177 390 926 1037 1098 1132 1184 1275 1746
826 1 1128
1416 8 161 364 423 765 1394 1600 1844 1997
201 3 501 1567 1610
1279 8 199 205 364 521 911 1116 1692 1811
1190 5 101 445 749 852 904
202 8 130 328 588 866 1078 1089 1724 1881
1666 6 699 705 836 1359 1475 1574
465 4 661 938 1584 1784
441 1 1161
1896 2 1084 1448
111 4 0 339 1577 1771
1548 5 716 1096 1157 1293 1402
1774 6 460 625 1074 1241 1365 1967
908 6 644 723 843 950 1481 1528
958 2 142 279
372 2 268 1385
35 7 323 464 488 667 944 1159 1410
1153 4 270 349 1189 1732
393 3 325 908 1984
566 3 492 864 1142
1477 3 457 744 1875
1607 4 134 466 1327 1800
1516 5 50 213 812 1096 1439
1317 6 529 830 1275 1328 1564 1596
20 1 1613
36 4 745 818 860 1891
1355 5 11 159 838 1173 1240
1146 4 457 1248 1542 1730
1445 4 52 55 802 1554
1329 6 173 399 523 853 895 1802
558 7 434 613 777 1578 1955 1970 1989
1029 7 76 334 354 408 753 1715 1887
1092 5 212 937 1360 1520 1529
571 3 74 1166 1509
1210 8 148 441 620 734 965 971 1352 1844
856 1 1524
426 4 432 818 1285 1634
1328 2 857 1637
591 7 9 44 76 877 1415 1418 1571
542 5 42 600 1305 1677 1918
1821 5 266 709 1167 1769 1854
961 6 31 247 422 838 852 1959
1967 5 452 638 893 1309 1907
864 8 93 233 322 335 909 1117 1544 1634
226 9 283 358 414 471 598 1093 1265 1553 1940
1246 4 419 569 957 1124
1849 3 100 757 1494
1978 8 11 194 457 464 837 1571 1694 1815
1957 7 73 430 538 601 627 1466 1568
1438 6 198 348 530 1286 1653 1915
1174 9 39 523 1164 1243 1338 1340 1372 1470 1933
824 5 703 868 878 951 1492
1620 9 277 360 447 613 858 880 1067 1205 1828
171 7 57 521 721 1343 1404 1429 1514
547 5 115 264 808 964 1606
57 5 252 299 386 1019 1137
1706 3 146 334 1569
111 4 56 280 504 1064
1050 10 211 241 279 502 843 1338 1487 1613 1935 1993
759 4 560 768 1013 1192
1980 6 82 661 761 1164 1199 1922
1199 5 4 387 881 1594 1833
531 6 583 1125 1176 1797 1836 1909
1593 6 70 97 906 1356 1861 1954
1516 6 209 295 362 508 1128 1391
250 5 175 447 730 880 1376
286 2 7 1330
1302 6 217 560 1115 1183 1507 1987
1913 3 302 328 1563
1318 6 51 168 199 268 295 391
631 4 343 685 785 1413
319 4 162 167 1418 1796
1123 5 286 589 722 1473 1853
741 5 139 469 653 779 1656
916 6 604 713 1233 1514 1579 1852
1028 2 479 703
1158 2 881 1357
50 3 1121 1717 1798
1247 6 8 588 817 1414 1475 1767
1887 6 189 589 853 956 1172 1496
442 2 415 759
937 7 14 337 667 807 1383 1536 1876
1398 1 1436
1317 3 71 993 1736
482 5 559 623 1197 1713 1730
1214 6 890 914 1215 1460 1601 1935
749 5 451 1368 1405 1435 1928
449 7 79 178 373 637 862 1624 1672
1095 6 66 182 648 1357 1373 1392
632 8 138 432 979 1174 1204 1436 1482 1773
381 5 28 79 700 1262 1912
1243 4 109 366 1689 1779
145 2 784 1513
44 5 23 106 153 616 933
1484 3 406 1558 1621
1298 7 357 361 433 572 910 1163 1222
1146 3 124 267 1170
1171 1 1569
1275 5 107 830 845 1192 1733
829 7 75 251 983 1053 1116 1476 1567
1360 3 1029 1459 1997
649 4 391 925 1198 1479
1979 4 391 712 1615 1874
591 4 218 296 623 1843
1140 3 274 851 1440
756 9 139 339 436 907 930 1168 1193 1264 1634
590 4 626 867 1328 1740
1547 6 471 650 1159 1241 1614 1994
599 5 560 691 1033 1461 1547
198 2 940 1989
143 5 20 289 1182 1590 1882
1700 4 210 394 1103 1600
1516 7 271 333 460 598 1464 1651 1912
707 5 8 232 690 825 1637
1702 5 103 286 1548 1621 1629
522 7 54 241 920 1002 1169 1400 1561
1261 2 1402 1895
1459 5 55 68 198 746 1853
1917 5 319 398 871 881 1363
855 4 19 485 630 811
514 7 119 377 808 964 1298 1700 1717
1948 5 321 746 806 913 1867
777 7 270 826 1050 1244 1473 1842 1885
1431 4 798 906 1054 1722
319 4 85 1097 1304 1362
845 4 744 842 1313 1780
363 2 512 1380
343 5 735 956 1297 1342 1835
1794 7 43 411 513 1177 1671 1703 1852
1273 6 289 361 448 559 1376 1389
1621 5 297 971 1267 1472 1497
648 4 742 813 1428 1830
1727 6 325 914 1696 1781 1877 1992
1796 4 819 1639 1815 1885
150 5 49 359 677 919 977
80 4 289 468 579 866
59 10 264 294 311 637 972 1008 1278 1373 1863 1976
1009 5 519 1537 1566 1661 1935
828 4 200 1154 1196 1499
649 6 498 850 914 1125 1313 1419
1329 4 561 1336 1588 1974
398 6 96 282 929 1332 1614 1688
1522 10 159 308 439 471 731 1007 1099 1210 1685 1893
331 6 25 892 917 1212 1222 1652
243 9 9 1067 1095 1325 1329 1807 1822 1871 1905
425 5 592 646 1171 1228 1860
1902 6 226 1193 1217 1279 1445 1885
389 5 427 522 1587 1658 1896
1940 3 398 1224 1571
1991 6 117 543 981 1165 1216 1642
1527 5 1144 1335 1368 1500 1975
296 5 153 192 792 1287 1875
148 4 199 321 642 1592
823 3 47 1224 1536
738 5 344 950 1099 1203 1312
1784 7 382 1143 1332 1512 1663 1718 1789
1678 5 176 1038 1357 1712 1842
3 3 735 882 1966
292 7 3 145 490 658 721 828 1010
1092 5 428 628 923 986 1081
1871 3 238 265 366
522 5 456 1042 1256 1431 1835
873 4 359 420 938 1203
975 8 26 648 863 963 1397 1685 1699 1816
1525 5 132 1120 1321 1604 1783
316 4 813 1141 1389 1782
919 6 354 1126 1169 1324 1564 1876
363 6 444 931 1554 1854 1899 1995
290 5 150 494 597 1401 1748
418 9 337 368 388 459 588 903 1028 1747 1821
1881 13 96 299 736 771 781 838 845 879 1049 1079 1223 1581 1663
1525 7 51 100 168 448 541 1044 1743
1899 5 343 407 1139 1359 1400
500 6 873 1686 1810 1857 1858 1993
1475 5 101 662 1167 1742 1867
1581 5 422 1001 1172 1593 1739
279 8 402 729 812 992 1125 1306 1755 1932
144 6 46 214 942 1146 1333 1589
274 6 410 693 761 801 1234 1764
1396 2 1875 1996
129 4 610 1032 1556 1815
1046 5 543 767 795 1331 1962
1713 2 534 1733
791 5 486 728 753 802 1646
102 6 520 631 655 744 1431 1562
851 4 652 883 1010 1172
203 6 55 58 798 1008 1678 1974
307 5 137 428 1675 1781 1848
262 4 105 807 1243 1783
1367 1 1065
475 6 394 727 948 966 1134 1657
911 3 1124 1740 1897
627 7 175 313 689 1470 1585 1646 1785
1754 6 147 184 451 657 824 1048
1358 4 384 843 1635 1805
1766 5 861 997 1073 1551 1556
1072 8 87 769 1008 1017 1052 1126 1494 1612
939 4 683 938 1079 1082
1402 3 247 556 1285
1580 5 394 425 779 810 1434
425 7 131 197 499 986 1047 1795 1830
1336 2 352 543
484 6 147 513 972 1234 1266 1772
1289 3 296 621 1659
1661 8 82 301 615 755 814 1656 1711 1867
1518 9 331 411 1086 1225 1311 1368 1489 1656 1956
105 5 582 926 1067 1431 1975
1785 8 28 83 351 716 808 908 1709 1902
1599 6 771 859 1495 1667 1783 1884
634 6 868 979 1311 1335 1558 1765
657 3 223 605 732
1041 4 1018 1093 1536 1808
774 7 51 376 677 742 1240 1754 1990
1072 3 403 1143 1650
1859 3 992 1137 1757
1786 4 814 981 1093 1273
1404 6 522 1262 1298 1369 1514 1956
1257 5 320 564 1486 1530 1597
1884 8 478 657 743 1751 1785 1847 1866 1869
330 6 140 441 644 721 1675 1914
915 9 369 712 1207 1360 1534 1654 1677 1711 1993
1930 7 326 392 792 940 1041 1327 1876
842 6 63 469 659 1122 1269 1282
1827 4 340 700 1699 1905
334 5 193 550 675 1050 1385
1678 6 485 674 688 1500 1540 1824
1437 2 137 1140
988 5 1131 1291 1407 1575 1776
704 6 189 936 1090 1497 1770 1807
1445 4 623 954 1759 1980
1487 9 312 452 576 592 1071 1124 1285 1483 1535
1156 2 4 1454
1195 7 421 564 584 689 700 919 1294
1725 6 51 322 364 405 948 1008
1380 6 258 502 512 835 1558 1918
698 5 550 1118 1431 1603 1945
1423 8 373 385 631 636 861 1099 1613 1760
1562 7 272 799 1130 1143 1183 1769 1938
446 4 290 515 518 1443
1783 7 79 557 1093 1205 1301 1468 1931
364 5 273 953 965 1461 1690
175 5 456 1397 1415 1727 1753
1156 6 676 1081 1691 1788 1916 1994
453 9 340 357 1030 1106 1158 1374 1395 1787 1821
1715 5 245 925 964 1536 1669
1734 8 495 529 710 856 994 1544 1669 1761
1965 8 629 823 1158 1772 1776 1834 1878 1980
1436 5 172 422 592 1066 1493
1110 5 311 426 586 1581 1645
86 5 1039 1609 1741 1743 1756
286 5 1411 1571 1788 1791 1916
1435 3 350 412 1005
706 8 463 540 712 975 1036 1088 1132 1811
1446 4 616 1343 1636 1807
216 3 521 1050 1917
1657 6 192 313 1238 1453 1754 1939
210 4 156 349 523 970
1782 6 149 796 1634 1845 1899 1909
762 6 189 201 668 729 798 940
174 5 677 1307 1723 1835 1840
210 7 2 547 627 662 755 931 1559
900 7 495 900 930 1627 1630 1690 1934
899 11 82 281 410 657 744 809 957 998 1076 1140 1853
856 6 87 600 641 795 1307 1799
823 4 507 942 990 1290
1102 6 312 750 1353 1799 1907 1976
1408 4 1030 1592 1688 1901
1765 2 391 1462
1044 8 2 285 646 779 832 1188 1532 1909
470 6 345 515 766 952 966 1945
1804 1 696
519 5 671 1087 1210 1285 1297
1386 5 484 872 947 1064 1150
1577 7 97 649 775 862 1157 1709 1874
1557 7 115 646 760 878 1202 1353 1764
1202 4 550 882 1015 1753
785 2 351 1787
1937 4 165 329 1660 1946
1078 2 1161 1981
1781 6 255 1094 1254 1376 1392 1463
1645 6 81 216 408 781 1061 1512
276 5 528 563 701 1233 1307
1361 7 483 847 983 1245 1412 1489 1727
1604 3 84 1293 1486
1248 7 64 423 463 1049 1329 1410 1709
384 4 152 429 1499 1517
861 9 37 63 388 1165 1191 1256 1630 1713 1881
355 5 711 789 828 1676 1792
1249 6 558 673 824 976 1888 1904
451 4 190 937 1715 1947
783 4 86 222 1616 1882
228 6 546 674 838 1304 1334 1868
1794 2 256 541
1364 5 176 387 827 1495 1711
976 5 19 67 132 1402 1705
1231 4 696 1443 1491 1712
703 6 790 948 1073 1691 1699 1708
505 5 103 160 785 1191 1956
997 5 511 565 755 1192 1577
1750 2 1388 1835
1324 4 589 951 1472 1718
6 4 603 624 805 1802
1440 3 550 1379 1544
510 6 15 306 674 693 914 1646
1586 4 623 1301 1819 1873
1198 5 13 409 1649 1684 1730
1902 3 832 1722 1982
58 6 401 625 1001 1104 1428 1830
1838 6 20 160 353 443 1541 1667
7 5 872 1101 1144 1339 1699
269 4 100 218 271 1729
1282 7 290 408 648 1100 1225 1262 1474
869 6 166 402 800 1435 1618 1880
1074 6 781 961 1184 1320 1325 1696
327 8 34 244 324 329 637 1150 1323 1550
1432 10 122 125 248 642 723 1129 1154 1390 1547 1579
16 4 331 391 1608 1916
661 4 706 1048 1144 1752
1254 5 876 1080 1522 1721 1760
1712 6 235 602 1091 1244 1345 1351
1148 6 137 340 671 735 814 1805
1881 3 404 638 1269
1744 3 1009 1075 1162
1141 2 899 1824
901 5 419 1044 1442 1815 1866
1449 7 178 595 645 770 1353 1428 1602
1357 4 36 335 763 1596
817 2 718 1217
1731 3 530 618 1212
418 7 429 642 1031 1121 1475 1767 1952
516 7 347 430 770 960 1031 1219 1361
853 2 1249 1846
329 2 79 1087
1148 6 227 253 448 766 1693 1899
605 6 229 985 1060 1108 1152 1776
1902 2 47 634
401 5 289 626 964 1322 1665
1686 5 499 702 904 1038 1378
265 5 839 1077 1468 1521 1917
841 6 64 268 1105 1391 1393 1791
1820 2 481 1094
1651 7 328 344 564 1442 1644 1738 1862
533 4 312 331 1317 1579
1711 2 1220 1394
883 4 255 731 1365 1439
1061 6 524 1133 1169 1400 1479 1887
169 5 132 335 637 966 1407
920 2 769 1002
10 6 347 662 1308 1375 1743 1772
652 6 388 403 442 1587 1672 1683
342 2 1178 1671
614 3 121 356 1817
1993 7 213 792 881 1366 1446 1626 1720
848 6 380 524 925 1564 1730 1868
417 8 19 36 444 519 617 1195 1789 1852
1739 5 273 507 632 745 751
1804 5 158 1422 1424 1540 1863
1580 5 169 1437 1733 1800 1805
368 2 498 1149
788 1851 1287 1694 1736 102 168 613 600 319 1666 67 1169 593 1379 1730 553 430 201 436 1221 1029 102 11 140 962 965 1225 1462 1867 1917 442 1229 700 1576 1267 1715 217 366 1985 900 531 1535 92 515 906 1547 1399 967 393 318 1034 858 1610 399 1492 925 1732 1855 1332 241 802 1928 628 1810 1744 1816 1705 724 1123 1254 617 718 122 928 641 1473 1196 39 815 800 368 414 1126 968 1154 1494 1173 686 107 1923 197 1722 1873 1169 1833 1576 1686 1302 560 102 400 205 1480 1718 55 1709 1183 1500 368 1934 909 788 860 504 402 613 387 577 1171 1039 598 494 625 1690 779 588 857 1084 1746 1251 1082 832 1067 1459 727 1015 192 706 86 828 1785 485 770 518 852 108 1293 984 734 781 522 983 577 1008 1710 64 1139 1383 1567 457 1938 1167 755 1947 1974 1019 658 1730 564 899 1346 1915 1888 597 891 1389 818 2 989 1603 649 1791 1577 1415 1093 285 876 295 1553 816 1457 909 1222 1524 1288 1512 70 673 1738 146 86 415 1034 1476 59 1369 1087 1074 0 363 1202 806 794 391 1153 1320 978 134 135 1516 1451 1533 480 1338 1436 1868 956 1354 484 899 866 972 454 264 163 1139 430 1914 463 762 1620 236 1667 1261 1583 1125 561 821 65 984 1429 963 324 328 1161 578 1375 898 1285 434 408 735 1967 1773 694 913 962 1218 1954 1938 1301 403 1288 677 1520 1734 634 1761 1071 1755 1173 1769 600 613 445 1821 11 869 1553 1058 1408 1281 60 559 1350 971 0 1032 1081 902 660 1667 836 612 455 356 1872 1165 149 1614 1354 1431 769 1842 123 1303 888 326 78 1188 1654 483 168 1745 1769 1307 1603 1335 1043 373 1774 1628 556 391 671 421 327 557 1819 1189 258 93 1178 1118 1556 1956 191 262 388 28 626 1978 550 501 666 1950 1279 1607 1062 532 1339 352 274 1419 1356 600 1739 957 1788 1667 558 1110 632 1191 1835 1239 1407 512 1680 477 1111 620 1900 890 252 1807 388 50 473 1773 415 1788 1834 1756 1722 1033 56 801 213 926 259 325 1603 589 1687 365 82 145 1830 650 659 1073 281 1525 418 211 1639 510 1227 100 75 459 1290 1381 261 512 1169 1580 1733 1346 1889 1215 1010 1196 970 1553 494 1271 464 1897 505 157 644 1573 1954 208 223 120 1206 1040 1363 1929 1056 1385 1171 68 1735 257 963 394 1680 28 1293 655 1578 1079 943 1192 428 238 773 1338 880 1489 713 451 120 73 754 229 1910 968 482 1672 1726 874 1117 1616 1740 1490 451 621 864 821 1464 1140 325 1038 1293 382 154 949 1836 640 36 727 584 1514 257 1009 911 316 1664 84 1613 823 785 1528 344 1346 1096 631 791 1286 630 231 669 1212 1646 1456 1304 189 1515 631 1833 1470 938 344 1219 661 99 961 651 569 901 1832 1919 1534 1727 1018 347 1497 1423 1162 724 877 1455 1607 747 93 361 389 326 879 952 1165 1555 181 336 1348 1414 1806 1161 909 1167 90 391 227 970 258 870 1536 1767 855 606 1457 1801 955 1702 1969 1054 946 1613 608 1296 1817 1406 777 1663 1278 916 794 1733 449 85 669 1973 189 96 1885 1857 765 749 1544 384 1355 603 489 603 1271 250 785 803 1990 1211 1135 1211 1020 1792 525 1371 417 1654 448 1924 1303 1357 1495 675 558 1851 1689 807 502 1060 130 1931 109 331 1065 1162 213 1278 1351 1491 1955 1723 1710 795 1915 63 1398 945 487 1269 1285 680 231 456 834 713 341 69 184 1721 1458 148 537 313 557 1525 793 1491 1217 636 33 1500 688 176 1846 580 946 298 673 396 1638 418 908 1757 1862 400 1372 1403 410 228 643 1031 978 1928 334 153 1567 950 473 807 211 1796 998 1537 755 1942 1048 473 1247 1816 213 751 1308 488 866 1612 68 1867 1471 1137 1197 1078 421 227 1601 502 344 1659 1360 266 1814 1454 1705 1950 1128 899 666 541 83 174 584 272 932 688 375 1226 479 984 719 956 1429 93 881 1540 90 1989 631 409 235 1934 1357 1011 632 1 4 1372 1543 1247 1907 1690 1949 1263 1800 1070 1120 1462 1412 1558 1325 1122 796 981 1895 1429 598 1462 810 932 1419 1183 1453 1162 181 1701 838 735 513 1277 520 1358 1103 1023 802 1152 1035 1637 41 1357 1621 1982 744 450 1820 1616 310 1056 837 363 156 396 1482 1832 1318 494 1065 175 152 794 1682 213 1612 195 1914 1227 1777 140 1579 1883 1509 428 1321 1922 1202 1340 1458 1529 999 677 79 347 847 1090 1576 223 1501 1192 1136 264 1779 450 1403 469 83 555 746 1636 1854 1402 825 865 1615 1563 982 311 331 1053 925 1225 884 1170 1766 353 1494 463 1027 685 123 1105 812 505 1783 1097 1922 741 740 823 359 1839 1382 1567 1372 1206 1756 755 977 1222 1041 1200 719 1076 88 131 1350 859 1945 1207 1628 330 1188 172 537 1609 386 1356 441 1483 1320 794 1162 588 415 1766 348 242 1690 24 55 508 1746 1735 730 98 1445 1137 1174 1866 700 1533 330 123 1759 556 466 1779 458 1516 1127 881 367 1607 245 564 678 318 557 23 1007 213 530 289 1337 1916 832 1 692 966 1500 866 1473 1470 1558 163 432 122 122 1532 470 351 263 1729 130 1172 1785 1122 394 1954 402 1641 1810 557 1255 1364 1176 288 793 272 662 1577 401 1787 377 926 422 922 1027 60 1483 120 1140 922 1454 1997 52 331 1286 1865 928 1980 1575 1252 697 639 519 1592 1172 1882 611 561 782 479 603 270 1317 223 410 349 1686 558 151 592 1453 126 1196 1814 748 1288 1191 1699 1909 848 1202 1913 405 40 1835 448 938 451 1292 1907 81 1638 1863 1906 1620 1592 1068 1781 178 706 1138 1325 121 992 1971 971 191 905 265 782 1531 508 328 1291 1028 1723 637 153 200 743 1117 633 723 1082 1757 612 1267 482 1336 1761 40 1077 376 1808 1035 1733 1911 683 432 1330 1749 1095 1928 1583 1978 745 1272 519 696 1975 79 1620 749 1418 81 137 1467 1448 1432 366 46 1617 1143 927 1453 678 1518 1066 882 1474 126 961 1496 1033 1266 1033 1957 1521 251 1180 160 980 1989 1318 1868 1492 1561 651 607 1397 1421 77 894 1305 130 1158 1917 1663 224 1194 925 1573 440 100 650 195 35 583 90 290 1418 273 954 360 1493 1060 380 1662 264 1307 34 771 1457 979 1212 1143 1850 1118 1350 270 1657 503 1444 8 779 1915 1720 958 1700 1627 1768 534 883 35 1932 1298 111 228 1948 301 891 1210 1300 1041 1793 784 336 1420 836 1602 615 1762 1875 1952 1126 1996 24 888 1264 563 1556 43 1044 1922 1133 1545 990 809 1138 907 1404 147 942 333 1597 434 551 531 280 713 913 304 212 966 311 1720 1180 1325 488 16 285 744 624 427 1451 1764 1569 781 463 1070 1217 1131 1422 9 481 1983 473 1589 1234 436 1381 550 49 249 1561 184 503 1637 364 1146 273 1648 411 471 776 1142 362 1769 1901 832 4 669 298 159 1528 1216 1349 1348 1845 1595 237 6 692 811 158 1529 1054 36 1007 551 1443 412 118 120 859 1065 977 1544 64 633 618 264 942 632 298 1968 521 1204 237 1983 1547 216 232 1465 448 1083 1995 1291 1553 993 453 261 275 1264 1173 1585 368 1768 1546 609 997 781 1572 79 1405 1996 1898 269 790 1258 1243 403 1353 252 225 241 1667 1782 1586 1888 1181 1954 1275 865 1929 710 1224 18 456 102 543 1210 208 1717 1479 359 558 920 1524 512 519 1157 350 1608 1820 821 1523 1938 604 784 1175 1542 1412 817 299 1470 1472 1402 1318 9 1435 56 1661 884 1783 453 1573 1064 1120 220 996 1213 898 1603 1641 1596 37 1491 195 1505 948 189 1513 5 1051 259 1293 573 1103 1303 766 133 1042 852 1513 364 1318 1428 1569 367 1676 708 662 1420 78 1276 1805 31 551 538 755 887 1412 1098 577 1173 1604 410 1467 1677 786 445 1254 1293 766 1150 1233 1279 1727 299 440 1893 683 1585 688 1922 1956 550 1700 502 557 1313 1556 1024 827 1425 1435 187 187 980 703 743 1259 1498 819 594 247 735 201 147 1161 254 874 223 1327 1633 419 646 1088 700 817 755 658 1143 1078 1638 290 1173 1216 1860 1222 279 932 1552 1149 1772 566 785 899 897 167 995 38 477 964 1271 1216 1269 1191 1061 1225 678 495 1853 1529 303 1308 830 936 1323 1389 1717 592 121 1213 1879 1037 1396 1835 1463 1967 1040 518 419 988 1690 1296 1366 592 901 1430 1394 1285 895 1172 896 1168 323 696 106 904 1927 1124 1535 1853 1198 1236 1544 703 487 1391 1675 1209 633 752 409 471 1056 1885 994 314 1382 1784 981 1140 196 1881 967 900 751 1184 126 52 1151 1671 1058 915 1437 1439 808 1723 494 1675 769 1778 1200 1980 1138 1839 1541 173 761 1240 339 1952 1352 73 562 767 1192 925 1164 1459 1735 1243 1860 1681 83 1192 1963 577 433 784 1953 1433 1051 421 121 1859 675 420 1163 408 1208 988 1590 1102 906 950 7 523 1404 167 1703 1910 572 802 97 926 447 799 826 1882 261 1652 236 777 142 1856 1850 1814 176 1232 1957 1553 1848 1852 464 1609 629 1500 1511 279 1865 1745 1233 947 716 1444 464 36 1410 1586 313 1164 122 1805 1740 186 646 1008 1281 39 1322 794 439 1144 1397 1228 687 230 1699 878 1815 359 1594 1119 442 1741 299 1349 1528 789 221 715 690 550 649 1492 1660 1736 1324 1095 1150 930 974 339 1399 1566 799 1353 1352 1466 386 248 9 1791 1796 885 1719 1599 149 1008 781 588 448 847 545 658 1220 1669 870 553 330 992 1781 1239 1350 1276 1709 513 1409 168 1198 1013 268 432 378 1313 396 332 1976 1593 1519 605 384 1593 355 1306 27 878 1217 512 402 896 1044 753 1816 92 539 756 1458 237 536 946 62 1436 1038 1957 1803 663 274 388 1705 751 894 297 1148 1399 1002 1968 752 1279 464 1279 1008 920 104 1711 1753 429 498 1981 1057 1963 1995 1922 680 1121 1423 839 57 1835 668 545 283 1582 564 1810 1204 1408 1477 659 1811 856 1649 384 1903 1637 606 1944 1194 922 1603 253 1589 1080 635 79 151 577 1245 734 941 785 967 810 767 218 817 1658 1452 1375 376 305 1076 26 1330 799 355 636 11 1960 1968 344 1511 928 346 1310 526 1880 642 1577 1376 216 1784 36 1569 9 889 1486 1468 1357 1237 482 637 1220 1371 1520 1720 120 353 1224
