1266 615
673 3 85 442 526
202 5 162 236 425 438 480
1001 4 33 110 238 346
1155 5 5 133 151 185 509
496 8 88 196 249 434 440 463 580 598
142 10 69 111 123 201 222 224 282 336 549 577
318 5 32 133 209 370 509
707 6 1 163 272 475 546 583
991 3 130 251 535
257 10 11 28 64 65 152 222 287 328 448 595
721 10 5 90 109 130 146 178 410 415 535 540
118 13 55 59 150 162 204 277 326 338 343 352 448 472 531
152 9 42 135 322 398 446 462 493 515 541
1044 4 45 241 336 467
1002 7 184 304 377 463 515 541 546
253 10 10 89 129 178 190 320 383 422 425 595
82 5 26 111 291 371 421
360 6 64 254 313 530 535 564
204 12 31 118 130 208 224 313 398 432 438 448 548 561
230 8 81 271 277 301 389 456 566 614
773 7 51 94 334 407 436 550 578
575 9 135 174 217 265 340 395 445 486 587
704 10 73 113 133 148 184 238 315 358 477 521
489 6 34 326 371 495 511 546
346 6 34 233 324 328 384 590
245 11 46 65 130 144 163 209 267 382 473 505 578
1041 7 347 360 377 385 435 551 576
937 4 81 280 581 611
477 5 2 138 334 346 461
599 9 26 126 220 282 322 324 340 386 492
432 6 186 199 364 393 507 566
729 7 1 39 58 64 109 233 422
501 8 126 191 233 328 420 543 547 566
868 10 35 128 357 359 386 550 558 564 589 605
1103 7 115 339 399 454 519 523 587
1057 6 47 85 280 420 576 581
1133 12 61 111 179 232 280 351 373 376 401 495 514 551
392 6 145 269 432 520 537 545
598 8 34 116 144 158 226 446 448 485
287 7 64 97 340 343 488 514 579
978 10 220 251 289 338 352 415 464 546 549 599
22 9 14 40 49 158 181 432 480 524 579
767 4 355 442 453 505
824 4 67 172 313 411
1180 7 9 74 257 331 355 507 602
645 10 32 150 151 256 392 421 471 588 592 597
1032 6 58 500 569 579 598 610
675 4 146 254 340 448
67 4 161 172 448 576
982 5 364 383 477 586 587
607 5 40 110 177 488 504
430 5 42 110 304 325 442
753 12 19 112 113 142 186 297 345 472 504 541 587 597
858 9 56 90 112 148 190 338 464 475 528
718 9 97 178 214 243 286 401 553 592 601
940 4 135 201 380 393
793 8 22 55 196 207 262 292 419 602
676 4 213 254 338 497
8 12 256 297 315 380 386 424 477 487 515 521 551 561
1195 7 12 85 110 291 464 484 497
533 15 2 61 88 142 150 162 182 201 284 375 424 450 463 487 588
554 7 40 111 215 238 286 329 530
23 8 137 174 226 392 404 417 455 599
1047 4 145 221 315 441
872 9 44 59 86 150 222 343 411 431 449
589 8 46 186 231 324 331 392 435 529
57 6 3 209 450 462 523 538
1107 6 129 177 255 263 427 538
970 6 9 89 365 393 459 514
418 4 81 210 359 462
655 7 58 142 415 422 428 448 605
688 5 2 35 180 223 467
502 11 64 94 116 178 180 241 244 297 420 427 481
849 9 135 313 330 441 446 492 530 590 607
211 8 3 50 142 145 232 358 514 583
1224 10 2 47 51 137 182 185 224 254 290 464
63 5 246 411 503 513 610
885 7 45 158 186 473 483 543 576
897 4 325 371 389 583
1004 4 177 373 411 523
1131 7 9 32 144 203 271 307 373
882 10 7 172 180 298 315 339 475 485 501 545
420 9 150 172 191 246 255 363 541 553 602
1241 5 5 376 497 521 581
1256 11 28 32 50 208 273 290 352 448 548 598 614
309 5 33 138 314 438 545
623 5 30 177 203 251 338
637 10 1 7 198 210 223 231 354 435 454 483
210 6 80 218 220 234 417 614
876 5 32 44 218 420 456
542 13 28 64 130 240 304 475 483 509 531 538 592 602 605
242 12 34 88 144 204 234 265 289 328 392 410 422 546
548 14 11 44 54 55 59 144 324 329 392 404 414 417 533 538
961 8 13 61 255 354 417 483 504 577
44 8 39 40 46 126 144 320 374 539
710 5 102 207 427 530 546
826 10 111 236 384 393 404 436 448 485 546 548
572 8 110 222 286 360 407 471 524 549
1202 11 11 12 14 22 31 135 251 256 411 431 450
1214 7 42 410 505 524 577 595 607
175 10 1 263 314 345 358 384 401 438 530 548
820 6 215 236 408 533 573 576
475 9 99 158 349 363 424 473 477 489 501
1048 12 94 123 163 179 196 215 338 351 417 490 501 528
1153 5 113 226 325 334 513
841 8 54 151 207 222 352 374 436 536
1146 10 113 162 192 273 338 415 536 546 602 611
1248 7 51 262 351 373 398 445 614
228 9 256 263 359 377 383 483 492 495 520
356 5 90 272 331 382 509
139 7 214 263 320 331 419 503 581
3 14 11 46 54 74 190 273 276 320 347 351 384 415 484 601
288 10 70 102 223 294 329 374 383 435 461 586
540 9 200 259 276 314 365 404 419 531 571
1055 11 89 94 146 202 300 371 463 522 548 594 610
1096 8 35 203 294 421 445 462 533 589
35 8 10 137 256 365 408 424 553 581
216 10 19 61 142 152 245 257 389 424 428 430
527 9 32 35 74 143 180 246 282 298 432
883 7 85 99 198 300 461 592 594
1065 9 33 123 177 209 243 360 373 526 594
359 6 61 103 160 215 338 362
446 6 199 203 209 211 280 345
43 8 54 215 224 272 408 441 503 589
76 9 19 97 137 145 153 282 417 520 587
338 12 3 39 61 73 90 99 160 191 246 454 536 579
523 4 53 263 269 438
1067 6 7 287 475 531 566 609
323 8 43 129 383 450 471 475 507 610
1160 13 44 152 191 199 204 404 432 522 540 541 551 578 583
329 1 427
1066 8 5 80 148 254 420 480 528 548
164 6 10 13 40 126 163 540
263 12 9 14 32 70 210 238 249 336 364 397 402 431
757 5 2 177 374 449 484
596 8 74 102 355 419 427 435 589 598
1191 7 113 123 208 254 276 328 419
410 9 153 208 292 313 497 540 548 601 609
903 5 2 39 243 331 417
86 5 354 359 454 500 513
643 7 64 240 398 432 476 529 571
1194 8 74 322 360 483 504 539 569 598
1261 2 11 328
838 4 186 271 421 589
1223 7 89 110 224 317 398 522 554
525 6 221 284 410 427 459 578
117 6 167 214 317 392 587 592
734 8 11 222 252 331 415 501 502 535
1139 8 30 49 69 245 273 461 462 531
603 10 11 94 167 198 282 328 398 543 566 577
283 12 58 142 182 201 207 218 273 371 383 538 553 579
1242 12 13 186 269 271 445 456 471 473 485 571 584 599
804 4 110 179 307 594
547 6 61 115 200 243 449 609
286 2 80 240
1027 11 61 144 174 201 202 213 223 243 355 454 588
976 8 1 28 167 331 415 421 473 571
931 8 74 162 201 284 322 371 392 573
724 6 90 158 172 375 385 507
1148 5 13 161 317 535 566
1088 5 103 381 475 550 578
140 6 7 130 199 398 436 446
448 9 89 109 112 126 137 207 256 428 450
431 5 31 190 386 483 564
163 6 4 241 251 310 362 580
762 8 145 214 236 255 304 346 365 503
409 7 101 221 286 407 480 484 507
1038 5 99 101 142 153 420
1070 5 22 217 292 374 392
279 10 61 111 152 199 324 414 481 483 589 611
1033 11 80 145 217 221 255 286 304 306 402 415 610
54 9 33 110 198 347 370 424 505 581 614
1076 9 40 204 213 289 330 373 446 448 483
1178 13 81 90 97 101 215 273 325 345 363 520 548 577 601
13 9 151 158 165 276 421 424 446 476 543
760 4 1 158 284 523
274 6 7 135 202 265 569 594
443 13 14 74 101 158 184 202 240 252 343 370 473 522 551
1236 7 7 54 137 199 317 539 549
218 14 1 88 113 174 221 255 284 377 438 442 472 478 529 537
195 7 55 223 254 355 533 553 583
640 5 46 89 163 329 531
933 4 262 362 364 461
730 8 3 200 307 455 492 507 508 549
1079 9 88 89 224 304 325 338 377 514 519
52 7 118 144 190 204 256 381 481
196 5 59 144 236 576 583
877 9 44 151 162 200 260 313 328 401 413
852 6 152 260 374 462 539 605
546 8 50 54 162 265 329 377 488 605
775 10 19 51 74 89 221 294 306 398 402 588
1115 9 37 89 142 180 201 313 422 541 558
130 7 13 118 290 401 421 485 525
565 6 53 145 153 358 359 398
367 3 90 373 454
740 6 42 144 265 328 438 540
102 9 35 162 181 224 244 263 269 349 543
562 7 69 112 198 276 301 424 480
946 9 215 220 271 328 373 440 530 551 554
345 12 2 56 81 88 181 194 347 382 386 436 508 598
77 6 19 174 473 483 507 536
711 5 12 13 32 241 401
990 7 42 90 179 347 438 519 601
646 8 306 346 363 393 445 538 547 581
608 4 61 179 531 586
1014 5 22 65 138 287 492
458 8 22 143 165 218 313 398 543 592
222 7 49 244 326 347 432 502 549
650 11 2 111 129 153 238 257 322 450 540 541 583
119 5 112 290 376 393 539
1054 13 3 34 35 58 110 179 234 313 377 420 505 546 598
484 6 116 244 401 524 579 611
290 6 54 179 364 438 539 569
1165 4 34 236 331 364
828 11 113 126 162 280 329 345 425 442 481 489 587
388 10 3 111 112 153 203 290 322 340 483 530
302 8 137 178 243 249 334 389 456 592
275 8 67 161 179 351 471 521 525 594
657 8 14 45 128 207 438 504 508 540
870 7 56 89 112 165 310 377 382
278 7 67 148 158 298 481 507 579
835 4 184 448 521 536
7 10 109 129 304 380 384 483 495 508 569 605
702 6 194 238 263 382 554 609
184 6 112 207 254 328 373 595
429 8 49 54 55 221 267 351 384 573
578 8 226 255 395 455 484 564 579 599
311 6 3 293 380 461 595 607
789 7 9 85 165 167 267 450 501
425 4 35 130 535 597
964 5 90 208 265 306 355
541 6 218 252 289 343 401 404
161 9 88 129 178 272 294 392 505 545 547
100 10 40 201 290 329 336 417 440 507 558 581
714 3 109 118 421
328 10 7 137 146 204 377 434 484 487 545 561
113 9 34 179 180 251 260 374 398 410 598
18 3 373 488 531
881 7 35 42 115 194 442 467 602
439 5 162 172 215 222 524
896 7 115 135 196 257 358 476 590
865 1 226
1022 4 37 343 509 511
996 15 5 42 200 204 262 338 384 410 434 493 509 522 525 571 588
221 6 1 42 339 427 484 505
911 6 211 255 304 371 504 545
851 10 41 115 128 269 317 331 377 404 456 561
1199 8 11 22 34 102 113 150 397 433
659 13 4 34 73 89 135 163 310 336 385 418 421 440 538
322 10 22 40 85 110 172 181 263 383 464 601
979 5 203 351 446 492 554
380 4 9 55 411 497
299 8 4 39 243 252 262 324 415 427
406 10 19 34 42 64 86 203 211 214 354 511
765 7 324 505 526 533 538 546 589
522 13 137 184 218 232 272 300 380 420 435 445 463 471 493
864 7 118 158 362 363 420 528 601
698 3 513 554 599
1190 11 5 22 85 90 179 190 217 357 389 531 587
314 8 9 19 47 81 265 397 554 594
401 7 186 194 218 244 383 417 502
966 14 39 64 74 109 110 160 252 267 338 424 481 501 508 597
428 9 65 113 304 313 365 419 481 492 536
297 3 32 65 152
115 8 97 211 277 282 382 404 489 502
532 10 11 99 180 269 294 456 521 551 561 579
207 9 109 135 184 234 290 346 431 489 576
914 7 133 182 210 306 408 476 539
751 8 47 152 179 324 377 464 495 546
658 11 28 50 80 103 137 293 326 394 484 511 573
899 5 263 271 338 381 438
534 6 26 28 74 259 384 538
1213 3 320 346 609
668 6 178 438 450 453 571 592
670 9 209 222 225 315 430 431 454 545 586
144 8 89 226 232 304 375 490 494 525
697 6 86 133 178 191 207 297
395 6 81 109 300 306 402 576
262 7 54 233 262 277 410 411 541
1203 6 194 249 307 374 415 467
855 6 236 256 300 529 566 588
248 6 94 190 203 241 330 531
1086 16 43 73 137 150 152 184 209 252 286 292 386 425 486 488 581 594
913 4 7 55 252 433
27 7 113 142 331 541 583 590 599
917 4 320 413 504 554
59 7 315 431 471 505 524 590 614
1152 10 45 86 198 208 352 374 380 398 564 592
1084 6 80 226 440 441 493 607
280 7 22 211 259 282 304 339 495
508 4 267 414 484 592
114 7 3 80 375 377 420 492 504
1264 8 129 182 256 306 489 502 531 546
700 4 9 338 480 508
956 7 34 220 249 286 310 481 586
1159 5 74 103 138 143 543
1230 8 53 88 112 152 224 401 440 592
289 7 47 54 99 223 364 441 599
549 8 12 19 226 236 326 355 577 595
1145 5 194 310 320 404 420
60 3 339 347 385
867 7 4 31 118 509 511 548 586
295 10 3 43 65 89 143 167 401 520 536 547
347 11 28 44 257 292 419 467 484 553 579 589 602
259 6 145 222 307 339 433 610
968 11 35 61 81 126 130 201 222 265 269 363 373
567 13 20 97 134 191 203 222 291 346 349 357 362 365 507
831 13 33 35 42 45 97 128 222 462 472 478 535 571 576
912 5 9 310 417 492 547
1069 4 85 89 349 357
336 6 134 160 194 381 415 431
768 7 7 14 222 233 272 414 546
798 8 65 129 146 408 489 511 514 581
198 5 45 209 289 515 528
739 7 294 375 384 386 427 521 587
725 16 61 130 181 204 223 243 249 314 340 381 430 463 484 503 584 589
243 7 14 146 158 313 553 561 610
238 12 47 59 64 80 128 211 254 272 301 370 561 564
1237 6 165 343 424 428 480 592
1071 6 200 331 375 435 490 578
1208 7 26 90 134 330 380 395 546
1196 9 19 42 151 238 272 329 347 385 514
342 7 113 322 434 538 546 550 601
566 10 213 231 301 408 461 462 522 539 589 599
385 8 41 80 181 256 322 561 584 598
771 9 65 179 244 294 349 489 549 558 566
892 4 2 435 497 508
1170 6 85 232 294 360 481 597
101 11 94 126 300 328 404 424 449 463 535 548 583
1083 7 53 179 231 326 414 433 590
12 4 397 413 549 579
802 7 158 291 334 380 386 435 540
68 9 42 340 418 420 422 486 501 505 543
928 10 45 90 126 152 293 374 385 434 486 587
1040 13 26 49 56 128 182 186 280 376 421 459 507 520 531
1251 8 54 249 272 374 445 472 494 599
150 12 33 85 135 208 287 340 438 494 495 523 545 577
383 6 67 199 221 397 421 464
1075 8 73 116 184 481 507 540 583 598
649 13 1 20 162 180 382 420 425 442 467 472 485 545 601
687 7 134 163 225 370 501 508 541
1229 6 493 505 508 526 547 614
770 8 86 255 306 328 401 440 483 609
372 7 3 116 126 317 453 459 464
112 5 44 90 118 161 282
240 8 10 232 505 521 533 548 589 609
37 12 101 103 110 150 185 329 385 393 464 495 553 611
454 7 110 393 407 481 515 526 539
121 8 47 262 291 487 500 503 537 577
667 10 9 102 138 223 297 454 456 477 480 503
880 7 22 50 116 130 236 313 475
4 9 85 89 110 151 179 238 465 507 578
271 5 43 55 179 578 588
365 6 3 220 243 260 393 545
273 8 102 185 202 217 310 324 375 580
1023 6 123 165 184 404 522 533
812 7 161 209 317 374 459 467 539
437 5 28 386 399 404 455
451 8 80 123 339 346 419 561 569 605
580 7 245 284 351 539 571 589 601
1197 7 64 123 142 438 514 521 601
416 4 151 179 271 336
236 9 4 172 263 357 433 495 520 551 597
859 6 33 73 85 111 217 271
246 6 28 34 190 331 343 420
319 8 35 90 245 336 349 421 440 471
586 8 26 59 90 339 346 418 492 493
1108 5 86 94 290 292 607
1080 2 453 511
294 8 69 80 151 163 223 252 269 610
943 8 245 265 355 360 382 459 579 605
85 6 42 99 161 252 393 502
629 11 126 129 184 199 218 225 384 404 432 520 540
1104 11 128 153 196 204 422 454 473 488 501 511 564
1220 8 199 218 286 322 446 502 528 531
491 5 218 252 273 304 427
1168 9 111 115 137 145 146 425 436 530 610
270 7 28 254 262 386 392 408 431
334 8 85 262 280 320 408 476 550 609
823 5 129 160 262 317 402
756 8 7 190 402 417 425 459 513 583
772 9 73 88 103 126 130 190 310 328 441
1266 9 12 208 221 298 334 365 421 428 525
277 10 11 267 304 425 431 438 472 537 577 583
26 7 31 59 269 284 326 435 583
39 4 61 304 346 433
1095 10 33 34 194 204 267 370 410 432 440 609
579 3 9 116 199
626 6 143 280 358 422 471 472
843 6 14 86 340 392 502 566
699 7 111 208 298 354 386 456 545
531 7 110 123 191 246 292 418 526
805 7 2 257 272 325 359 475 598
165 7 172 272 336 380 433 436 526
321 10 231 282 345 347 351 380 495 539 564 602
474 8 111 112 331 380 440 453 456 471
1150 5 54 190 351 445 597
630 5 214 246 449 561 587
674 12 179 202 204 220 307 355 394 415 428 453 472 485
1020 7 45 200 215 330 338 411 611
111 8 31 217 324 383 434 455 472 514
866 9 37 222 256 259 441 467 531 573 577
791 7 40 42 89 260 417 446 543
188 7 130 153 203 233 334 529 538
571 9 116 194 380 425 428 465 508 583 590
1050 9 58 69 301 329 374 404 428 484 530
953 6 210 214 220 249 521 589
470 3 42 55 199
792 6 10 150 215 267 376 414
945 3 80 277 495
206 8 85 328 382 442 514 540 548 576
390 6 130 218 231 363 393 398
47 7 61 289 293 485 548 549 611
120 5 256 257 294 467 537
1228 3 473 478 523
993 9 37 134 256 292 362 373 411 442 538
1129 6 352 365 401 410 449 601
138 10 5 53 56 115 181 290 509 515 573 579
834 5 61 310 433 497 535
103 7 192 256 382 425 485 561 569
994 13 53 89 116 177 307 314 364 436 463 465 521 540 594
472 6 4 34 94 208 385 602
337 11 39 150 224 357 380 503 541 550 595 602 611
374 5 35 160 178 282 446
1122 6 20 69 172 357 530 594
71 15 2 13 44 50 81 130 244 265 286 448 463 473 508 579 590
219 6 142 358 545 564 588 592
1024 8 3 69 88 145 204 376 425 588
353 9 50 59 160 203 267 320 334 349 465
178 10 129 240 251 298 310 354 360 415 493 594
135 7 74 415 427 440 522 537 584
1059 11 1 7 53 103 180 306 418 440 456 465 530
842 8 26 109 163 198 462 488 509 610
389 7 34 55 99 143 286 292 346
857 8 90 174 225 298 427 442 500 535
590 4 158 329 392 495
104 11 1 192 220 265 267 325 392 431 455 533 584
813 7 10 88 199 307 324 329 355
421 11 64 194 265 345 355 365 380 410 427 501 598
269 7 85 181 218 265 347 358 549
728 6 280 286 359 392 536 584
158 7 51 179 191 280 334 550 566
348 9 31 196 273 284 300 377 450 464 547
617 6 73 174 334 399 435 569
463 8 151 177 222 320 328 358 428 495
226 9 126 150 232 272 336 362 454 465 581
506 9 40 50 86 160 313 424 430 453 533
845 7 12 41 194 202 360 415 535
1101 4 129 182 255 315
455 8 20 145 199 419 435 436 520 580
782 4 80 222 381 505
303 6 94 269 464 533 550 558
25 12 28 55 97 123 150 167 208 355 404 456 507 579
766 4 246 265 548 569
460 3 138 359 494
371 7 50 111 198 210 453 488 529
449 5 94 133 231 328 540
777 13 28 133 245 260 329 393 402 432 486 488 531 551 614
1235 6 112 153 200 236 364 515
156 4 32 161 263 370
426 8 146 165 217 252 287 363 425 467
860 9 35 129 151 184 292 417 513 514 601
147 8 146 177 184 271 414 440 476 526
783 8 138 142 200 218 249 255 269 392
1106 5 167 269 502 537 538
445 10 47 55 241 306 336 377 428 446 553 576
166 8 103 118 128 231 234 252 294 298
128 12 2 4 70 152 165 294 399 441 453 488 553 566
957 9 231 331 357 383 389 462 487 547 561
790 14 162 263 304 346 385 392 394 410 415 463 530 538 577 583
190 13 30 47 58 133 165 190 213 255 331 370 371 428 455
181 7 58 160 161 218 225 376 598
744 6 19 204 297 360 522 525
61 5 165 306 320 336 528
434 6 69 202 386 394 536 550
464 3 128 267 605
827 3 186 413 427
440 10 74 113 143 191 200 208 233 383 441 595
180 9 47 134 177 259 284 334 371 494 598
584 5 172 203 289 297 553
301 9 41 42 112 249 300 352 383 549 595
173 10 44 49 109 126 150 165 184 354 381 385
300 5 222 267 459 571 588
330 8 4 65 130 355 364 407 463 610
66 5 69 440 445 514 584
559 5 143 329 419 450 605
786 2 4 427
1015 3 358 589 592
794 9 40 158 233 236 411 481 484 547 597
1124 10 30 110 244 269 300 336 352 393 515 535
1082 9 101 204 222 326 345 430 446 467 521
15 6 207 336 489 528 578 583
992 7 73 292 380 422 453 483 507
544 9 9 12 42 304 393 394 419 432 511
1077 8 11 59 88 199 234 377 503 583
106 7 88 145 196 198 492 528 609
530 5 9 221 238 365 493
1037 6 34 146 194 360 435 592
123 9 30 103 123 167 233 292 461 508 537
570 9 167 201 202 263 271 340 380 554 590
172 5 65 339 539 576 581
468 10 11 12 152 392 434 478 492 577 584 599
229 6 2 40 145 432 436 558
1045 5 153 243 331 370 481
136 12 14 118 129 146 202 252 442 450 455 480 548 578
1063 12 129 161 184 276 317 376 389 430 541 543 546 605
351 9 90 126 207 213 249 371 419 462 588
1147 3 133 571 601
1210 5 320 343 377 454 554
514 10 1 144 160 191 254 459 461 492 599 610
1121 7 19 50 53 89 200 257 471
511 5 1 37 200 427 564
631 3 277 298 446
41 9 148 397 418 427 455 523 529 536 538
497 8 5 133 244 381 401 521 535 550
898 7 9 22 252 330 430 436 494
814 4 5 26 273 609
494 3 28 33 525
94 6 58 103 262 269 290 434
438 10 50 190 213 215 325 336 446 501 502 583
597 8 56 190 355 360 432 480 487 520
801 4 180 213 223 538
1149 9 2 4 137 167 271 345 347 551 586
1188 7 297 419 420 453 464 529 548
1141 9 118 244 328 351 355 434 505 550 584
32 5 80 198 389 419 598
1078 11 158 202 215 220 314 434 463 473 487 543 577
708 13 7 137 256 292 293 315 331 352 431 441 449 486 521
846 9 11 81 244 293 346 385 386 436 477
1207 7 10 377 398 411 440 537 602
942 5 142 234 251 407 583
10 7 33 37 59 160 255 471 580
225 4 185 209 432 465
381 7 53 245 373 411 471 481 511
720 4 196 292 298 533
237 5 12 81 282 304 355
444 7 243 249 252 374 398 553 594
907 4 59 217 430 537
621 9 34 249 251 349 355 359 385 475 609
1172 8 142 211 249 328 329 402 513 561
441 9 51 355 382 440 459 507 528 607 610
1212 7 35 94 143 251 257 328 346
610 8 46 130 184 192 453 455 490 587
466 7 133 158 184 484 511 540 601
193 6 10 392 483 493 505 583
680 7 39 134 262 298 314 329 419
1074 5 317 389 415 540 610
457 10 56 151 204 226 238 294 313 352 407 526
234 6 88 208 233 359 519 599
310 6 14 110 160 338 354 399
654 6 262 307 395 535 551 573
1127 6 1 90 218 402 495 577
157 9 1 213 326 347 414 459 538 578 590
363 8 2 10 174 349 380 392 500 522
601 8 35 383 434 445 487 522 543 576
217 7 221 249 351 442 475 495 533
602 8 61 241 347 362 410 417 566 589
971 14 160 184 284 292 306 324 329 331 334 375 411 424 489 504
737 8 26 80 182 196 343 393 456 540
705 9 7 26 151 153 194 210 413 428 462
376 10 46 186 244 269 297 313 399 433 435 504
1179 10 1 13 85 165 243 399 408 493 503 579
930 12 10 40 162 339 373 384 401 427 453 467 475 495
615 6 13 135 196 251 297 307
340 7 20 32 34 143 304 389 418
40 9 74 138 184 207 273 402 524 531 558
176 4 220 256 300 421
408 5 90 267 347 440 465
875 11 5 102 291 349 357 401 420 472 541 583 588
282 5 88 181 338 374 427
1246 9 97 102 384 420 421 431 445 536 595
197 7 118 143 165 232 300 424 440
741 8 128 215 251 355 382 425 529 598
369 9 32 58 80 144 298 355 371 441 550
33 10 263 358 376 380 438 488 502 566 580 605
980 10 1 94 209 225 233 325 329 331 442 486
592 6 43 73 133 255 467 546
129 8 64 86 174 218 282 428 504 537
214 8 30 198 317 430 464 465 509 521
170 7 19 67 199 215 477 514 581
378 6 11 231 280 382 511 530
947 7 14 201 269 363 376 515 592
861 7 30 209 317 445 529 584 610
265 10 33 47 94 99 109 123 128 438 485 523
796 7 10 208 215 251 260 328 407
2 10 67 152 238 273 338 370 411 478 481 519
264 5 13 259 427 529 530
250 5 151 240 428 558 588
1062 5 382 407 487 569 614
31 4 58 241 338 493
1006 4 33 218 260 505
906 7 14 44 56 94 307 355 477
1142 5 69 116 215 536 571
224 8 148 180 192 225 424 481 484 578
713 16 50 89 111 113 134 211 287 373 414 415 490 492 502 505 537 547
577 6 59 86 286 508 511 558
414 5 37 179 360 489 549
1120 9 33 222 251 401 418 436 453 465 545
803 7 260 263 292 384 407 454 597
375 6 73 191 234 397 463 602
1036 8 14 59 221 280 507 511 540 558
357 10 65 273 297 364 441 507 530 537 579 587
34 5 143 209 476 519 551
51 5 160 199 289 433 581
535 6 33 90 109 263 377 503
459 6 112 115 163 220 395 545
927 8 9 129 404 445 546 584 587 594
515 11 1 20 34 37 47 224 375 382 394 428 533
1151 10 40 113 213 317 407 433 507 592 605 607
1226 7 14 232 241 249 256 357 417
1043 7 40 162 200 411 414 446 546
212 8 70 207 222 297 298 301 445 511
436 5 133 326 343 375 461
733 7 31 40 298 346 371 540 561
17 11 47 81 90 116 210 238 355 436 475 490 539
327 7 43 347 383 465 594 598 610
1162 9 22 42 56 128 355 394 438 481 515
997 12 12 42 50 58 67 201 259 310 408 459 513 571
331 5 7 56 172 190 329
908 5 80 198 204 328 564
604 7 59 61 256 269 354 467 543
613 6 294 298 322 401 523 551
518 12 4 53 211 313 338 408 413 438 441 533 581 584
56 3 31 493 541
755 7 2 218 244 310 490 515 576
417 6 56 65 118 198 430 449
717 9 58 86 395 410 462 492 521 533 564
520 3 51 328 401
516 10 26 113 126 153 182 185 243 449 514 610
507 5 51 88 371 598 611
879 7 13 262 381 385 428 448 547
981 4 1 254 345 404
344 5 99 408 440 473 520
1184 7 103 249 284 286 320 579 587
555 7 46 51 142 254 282 536 541
313 7 74 137 355 404 507 547 558
900 6 35 123 172 401 519 545
244 8 102 161 194 287 325 330 505 523
413 8 14 50 246 298 398 524 553 581
784 7 35 103 146 408 490 530 531
1249 10 163 177 209 238 262 377 428 449 480 528
74 8 14 111 145 265 347 385 478 495
1058 6 43 269 310 471 588 614
635 10 2 128 234 257 293 358 384 449 464 614
1161 4 51 134 272 477
894 10 118 240 301 328 371 374 440 539 553 564
763 5 33 364 385 500 609
1 7 70 151 226 362 445 461 609
874 8 1 54 151 244 307 326 408 609
185 7 26 31 204 236 507 525 578
1250 7 86 150 267 373 432 493 553
839 12 5 209 217 255 294 307 336 355 357 358 381 547
850 8 1 41 56 354 375 377 481 514
703 5 217 241 384 440 573
65 4 94 167 304 586
476 5 4 221 292 543 583
921 7 128 148 165 167 328 500 599
1252 9 225 273 431 465 475 505 539 540 543
20 6 30 103 208 398 434 509
923 6 90 259 340 419 420 432
461 5 174 234 326 408 566
905 9 12 177 365 381 413 428 503 546 605
954 5 163 203 298 584 607
878 6 194 202 251 442 449 569
1068 8 178 194 198 231 254 326 339 436
712 5 7 11 338 407 536
1116 5 22 32 35 203 241
108 7 90 191 213 269 336 355 492
1098 6 97 211 218 336 339 492
1265 8 99 200 293 317 326 359 393 583
325 5 1 31 34 255 495
682 9 67 161 389 418 442 494 504 547 589
462 8 3 11 64 70 97 304 362 550
1093 7 14 56 223 324 392 483 495
563 7 177 397 401 414 478 487 547
919 6 73 101 162 407 434 550
1205 9 90 186 292 380 392 408 431 455 569
1247 9 134 256 290 347 398 402 419 561 569
862 8 30 58 186 251 349 407 497 598
887 6 152 162 221 260 419 592
235 9 32 226 307 313 357 493 504 569 577
719 4 3 70 377 588
1073 8 55 67 145 185 204 284 500 578
568 5 9 46 158 301 583
779 6 192 262 293 313 515 530
524 8 110 210 223 236 402 415 511 548
973 5 1 101 495 515 540
669 3 34 200 592
1217 9 11 32 182 191 243 280 374 507 524
989 11 41 80 186 245 251 289 377 495 504 540 594
869 11 160 163 234 293 326 431 495 522 577 588 594
452 10 26 35 101 160 181 198 433 463 526 566
1240 8 32 35 160 196 255 397 417 540
938 5 45 221 334 394 399
1171 7 116 135 254 476 488 521 533
941 5 111 340 455 576 577
636 5 10 53 271 336 500
19 9 32 40 81 234 298 376 436 587 602
830 7 142 181 328 371 461 471 478
1018 3 37 244 336
1102 7 47 50 94 225 383 414 464
49 7 28 86 134 200 257 310 537
550 8 3 255 325 394 523 536 541 543
399 6 142 272 352 355 386 417
95 12 7 12 41 49 50 126 209 362 363 489 501 611
1193 11 34 138 223 225 322 375 449 487 515 533 539
298 4 186 202 459 590
1243 10 34 69 110 126 218 418 456 519 536 538
87 4 215 218 428 448
1035 13 2 3 55 163 172 198 249 328 422 424 475 539 580
38 6 34 225 297 561 578 590
159 5 102 123 178 420 461
1110 10 44 59 135 255 262 362 418 480 505 507
944 12 40 58 144 160 224 355 374 376 436 472 571 573
853 7 30 90 194 231 260 421 446
215 10 20 45 70 287 440 449 453 465 551 576
909 5 190 354 386 493 611
622 10 10 272 298 415 522 525 558 578 589 594
893 7 43 70 182 269 365 434 450
1201 6 32 88 182 360 488 509
370 12 43 109 133 153 244 307 420 484 503 529 533 601
415 9 28 44 54 70 374 486 515 529 545
177 7 22 116 198 256 415 440 522
1105 8 37 202 209 461 483 543 569 589
80 5 49 144 203 243 334
1232 10 32 69 70 97 181 251 381 383 541 614
663 8 39 116 200 214 271 276 384 455
1052 9 81 217 221 393 432 500 504 535 553
1013 6 41 137 150 313 320 399
402 8 13 111 123 263 461 523 571 587
1167 2 259 377
304 11 89 115 251 255 306 324 326 394 492 505 545
819 5 70 267 394 425 605
539 7 3 211 223 231 392 538 566
1085 3 64 404 549
949 7 26 31 35 41 184 257 298
42 10 5 51 74 126 160 186 286 355 392 579
1166 8 50 89 191 300 329 398 456 481
558 5 272 301 441 500 601
99 11 112 181 325 382 386 430 450 475 485 507 540
958 4 214 483 539 584
745 6 5 37 428 475 511 515
1206 6 19 37 110 143 487 515
620 8 111 135 298 347 467 494 571 583
799 11 31 112 210 218 395 398 467 507 523 554 605
929 9 44 233 306 338 375 402 431 433 601
1026 10 4 19 142 211 233 238 430 456 481 487
888 7 43 45 54 304 414 477 509
132 7 53 69 201 238 349 492 529
748 7 177 290 314 370 371 404 456
333 9 2 3 129 210 306 328 346 430 540
818 5 88 112 254 338 586
619 6 355 413 434 445 461 610
902 3 192 218 363
5 9 41 49 99 165 186 213 357 407 476
972 10 54 58 113 130 152 182 238 445 504 564
743 9 59 81 232 251 330 364 462 547 605
764 7 81 215 340 381 425 480 553
1135 6 180 280 385 414 504 515
1060 5 297 343 397 461 475
955 10 202 207 370 446 473 523 548 564 573 583
1239 14 109 143 210 251 272 280 291 292 334 365 383 446 505 588
58 3 241 277 301
611 11 5 58 163 200 203 215 339 374 431 509 592
694 4 196 234 314 472
1227 9 4 30 109 407 415 438 454 508 546
785 10 47 49 128 143 202 370 386 438 472 581
594 7 22 33 265 329 493 561 577
478 9 33 160 289 326 357 398 415 434 529
1255 7 145 161 192 280 374 408 507
986 11 19 51 54 101 148 365 415 441 446 480 525
137 5 28 54 199 394 592
396 4 134 277 354 393
442 7 5 65 324 334 345 487 519
131 6 88 201 347 401 500 554
537 6 3 99 134 297 404 441
825 10 35 102 115 267 292 325 414 550 569 611
581 6 134 150 185 346 595 611
529 6 4 252 254 398 441 535
1211 9 220 238 301 324 357 421 450 536 599
1209 9 43 116 134 207 254 260 413 522 598
873 12 33 142 153 194 199 370 399 427 431 475 605 611
627 7 19 42 70 282 360 422 537
377 6 55 86 245 417 484 548
678 3 393 501 554
987 8 315 352 389 392 410 485 531 546
918 4 10 51 294 345
256 8 59 231 259 277 314 435 464 473
293 4 116 210 360 521
1225 7 182 224 364 397 432 584 587
1092 8 196 217 252 382 393 493 513 595
661 5 28 133 151 241 364
1244 8 26 167 213 284 375 435 445 590
926 7 160 375 440 464 514 531 533
1031 10 37 65 116 200 289 347 376 385 397 401
833 4 113 202 433 486
285 6 4 134 150 220 256 324
672 9 30 80 192 384 393 402 408 454 554
307 5 35 85 325 448 484
829 8 10 13 31 109 233 292 538 594
600 6 322 340 487 493 504 546
939 10 85 204 233 315 363 476 500 509 546 558
92 10 1 185 209 218 231 336 389 461 492 580
758 9 28 162 265 269 284 286 349 477 508
1094 5 11 50 102 297 554
632 7 102 116 138 456 477 564 602
312 12 73 74 177 182 307 358 365 381 399 465 480 607
400 5 101 162 306 550 576
1019 10 1 3 7 31 112 273 351 399 507 602
456 12 50 67 115 137 196 198 276 340 402 453 511 597
1025 5 386 389 419 445 526
552 7 4 90 113 181 194 317 477
625 6 34 161 174 419 521 577
62 4 345 533 561 609
209 8 113 260 267 315 500 501 522 580
251 8 47 135 262 289 315 422 488 501
134 11 46 94 191 221 236 238 254 298 446 464 525
715 6 5 81 145 224 322 494
891 4 151 495 521 526
1189 6 33 123 313 315 487 545
1007 5 137 397 462 497 529
510 6 65 153 231 260 265 521
593 11 10 161 162 231 232 245 252 313 425 464 508
179 6 113 174 199 276 489 541
116 4 58 85 210 232
107 7 4 86 236 435 476 547 551
975 11 33 59 85 135 167 217 381 411 528 547 553
308 10 13 31 33 126 162 208 453 500 545 561
1091 6 116 214 234 314 528 578
595 5 113 138 144 417 514
208 7 20 81 145 177 269 282 462
1119 5 26 192 234 513 526
1009 5 61 249 287 454 539
249 6 186 191 331 547 569 602
186 9 10 145 160 204 355 441 450 473 526
499 6 109 198 243 360 449 609
88 10 202 234 271 326 352 393 425 434 488 583
1138 10 56 143 269 292 334 380 419 462 513 579
1175 11 9 109 181 215 236 297 346 399 495 507 531
55 7 184 294 339 346 454 504 521
901 7 118 196 255 256 331 513 581
754 8 28 115 126 152 191 267 428 454
915 8 11 65 89 115 133 286 538 607
317 6 144 224 232 263 462 511
538 8 28 146 418 449 461 486 523 536
153 6 135 383 394 441 524 549
701 7 44 150 210 339 371 407 537
795 12 59 85 226 298 343 445 448 462 525 540 571 587
412 6 41 160 240 290 441 508
983 7 304 324 382 435 476 580 611
306 6 174 225 459 462 538 550
384 11 10 47 88 160 291 328 334 424 493 588 605
1081 6 165 377 389 442 504 551
1021 4 143 306 424 569
847 6 9 203 404 414 487 522
1181 9 42 178 186 217 243 244 384 489 599
1215 3 410 511 531
904 8 34 138 221 224 345 508 515 543
36 3 134 196 533
932 9 37 80 174 249 272 300 322 476 478
1253 7 30 280 304 329 343 454 473
255 5 191 201 262 493 502
519 5 213 231 328 418 490
984 9 9 74 184 185 233 314 358 483 508
806 9 43 99 153 178 240 298 472 547 548
258 3 97 213 550
29 6 73 180 245 254 330 377
1185 10 30 34 39 198 272 297 376 497 504 578
648 6 5 30 70 162 249 334
776 8 34 202 208 214 324 476 519 599
1136 8 64 158 190 191 257 392 419 535
1143 9 152 181 186 225 362 422 497 597 614
759 4 35 376 392 519
1233 5 260 286 386 464 521
574 9 99 109 142 185 325 375 428 431 547
1042 5 64 238 286 581 587
485 7 37 41 128 293 371 413 581
362 7 3 165 277 306 402 519 529
498 10 14 59 211 273 297 382 410 472 501 594
808 5 234 255 280 440 584
471 5 142 255 317 340 587
398 7 61 163 231 273 392 573 584
1222 7 45 145 181 185 260 362 430
97 6 44 128 191 273 315 399
1245 9 69 128 150 152 180 271 440 463 502
1000 7 50 137 142 160 480 558 584
936 4 86 233 297 487
1231 7 47 73 199 267 304 310 349
268 8 39 54 89 259 280 349 584 595
815 8 210 221 343 357 453 465 501 609
1200 9 61 70 163 198 370 500 535 540 580
505 6 37 249 259 377 471 503
382 5 115 214 220 530 543
848 7 148 238 251 395 401 554 610
411 6 151 185 202 231 351 362
1010 9 31 191 249 408 529 537 539 571 589
1262 9 39 115 135 150 182 306 422 442 605
332 9 58 236 240 306 434 538 547 573 594
110 15 3 28 34 109 111 134 184 186 262 320 487 495 509 551 595
735 7 143 191 221 284 301 497 502
985 5 214 221 338 364 500
998 10 153 203 246 262 293 317 328 359 427 472
213 9 90 184 200 294 371 427 550 592 598
1177 10 35 47 118 133 322 331 417 480 536 558
513 7 103 109 260 284 373 446 485
587 11 54 80 215 297 382 401 413 418 449 455 493
706 5 30 204 375 453 580
50 6 116 359 365 371 398 433
644 6 202 291 297 365 418 436
959 7 88 152 182 232 487 535 546
24 8 12 30 34 50 73 209 485 610
349 10 64 297 402 407 422 453 489 492 504 529
895 10 37 102 109 113 178 236 346 420 540 581
30 9 254 301 365 374 419 519 528 576 601
350 11 3 22 86 103 133 322 464 524 530 592 609
634 8 4 89 148 340 399 434 536 573
482 17 56 73 80 130 199 244 290 304 326 373 478 484 514 522 533 540 599
863 5 246 346 371 411 599
1260 3 182 401 529
816 10 9 89 231 259 330 338 376 418 566 607
916 4 411 431 465 553
591 4 334 402 494 592
200 7 56 80 179 190 271 280 471
639 14 5 41 64 146 151 158 201 218 226 364 382 424 434 445
127 12 224 240 256 284 315 340 436 446 483 514 550 551
836 9 47 70 161 301 374 404 432 453 589
685 11 7 51 101 196 224 244 257 407 418 547 576
618 7 135 194 399 478 508 533 569
291 4 20 383 438 488
684 9 3 65 69 214 292 381 384 566 592
504 7 13 34 47 74 99 255 511
832 7 158 289 322 393 465 521 537
361 3 282 330 529
651 5 4 53 126 277 355
1219 7 58 300 453 454 497 500 539
81 4 45 291 329 343
924 10 42 134 142 198 232 269 272 347 440 579
467 8 37 259 320 336 347 453 573 588
727 7 224 280 374 382 421 545 581
91 12 112 222 240 297 417 421 514 525 537 547 589 590
189 7 89 178 364 394 445 502 564
296 5 20 201 382 434 614
736 6 129 385 407 415 441 461
435 14 1 10 80 86 90 128 217 329 352 427 442 459 500 529
404 8 89 167 214 240 351 408 502 611
1072 6 61 110 298 375 484 571
149 9 143 181 223 282 286 326 328 365 579
1218 6 97 232 415 456 515 588
817 8 47 50 123 145 251 306 442 601
573 7 56 178 190 223 508 539 607
679 5 182 254 320 397 453
201 5 54 102 287 360 438
1169 10 112 233 322 334 352 358 374 413 430 576
934 8 113 138 262 314 338 395 500 504
681 9 2 28 94 201 238 465 471 484 546
403 12 39 46 67 74 158 160 434 515 541 547 588 614
48 5 47 310 464 478 566
1053 4 345 408 519 580
276 5 133 339 436 476 528
696 6 7 223 282 401 493 587
133 11 37 65 112 153 221 241 293 338 365 370 472
521 14 26 126 137 244 259 267 276 338 376 399 422 476 477 610
1097 6 35 277 324 364 398 605
871 10 3 55 61 102 103 392 497 551 583 599
1126 6 233 385 508 509 592 597
423 10 58 97 243 286 343 377 415 434 438 442
267 7 4 14 184 192 204 255 397
473 6 33 97 158 198 221 232
543 7 37 99 182 208 218 370 571
284 6 232 351 478 492 514 598
1144 4 44 101 145 539
84 6 41 233 329 358 404 547
368 7 90 102 210 328 511 515 540
731 10 112 152 207 280 362 435 442 453 476 477
647 7 47 69 172 178 243 286 525
83 12 56 137 161 198 251 301 336 410 553 578 589 601
492 8 118 133 257 322 331 334 500 581
614 5 130 415 481 501 530
373 6 80 359 421 501 507 509
950 8 1 158 257 349 362 503 580 599
526 14 46 51 102 145 180 194 218 273 286 291 370 525 529 539
780 4 102 401 430 489
890 10 86 88 89 286 338 349 408 465 505 524
1030 8 35 110 138 192 420 428 463 554
683 6 7 22 135 244 252 453
46 6 69 81 181 381 415 445
232 6 89 109 238 243 455 579
151 5 386 392 421 545 611
191 8 13 40 54 152 200 462 547 587
889 3 245 408 501
79 6 22 47 97 289 300 502
422 10 56 67 111 134 213 314 382 464 503 578
1137 11 65 89 162 221 233 351 357 365 428 433 602
405 2 198 393
666 8 5 46 67 73 94 201 215 259
386 8 89 152 236 246 313 351 440 546
324 14 40 148 167 172 240 252 324 339 375 381 454 511 569 594
564 5 194 298 317 357 424
78 7 13 81 375 407 531 587 595
1134 8 14 103 203 241 255 284 438 539
393 7 116 203 209 331 365 547 583
1182 8 13 331 495 501 564 576 594 602
493 13 10 55 113 129 142 162 218 320 343 455 471 581 590
326 7 138 267 393 418 434 441 503
354 5 39 118 500 524 564
1263 11 20 133 167 201 210 221 371 475 536 578 611
583 6 109 246 324 371 481 592
483 7 137 148 180 301 364 419 475
1164 5 257 377 488 550 558
692 7 41 213 220 424 500 504 536
1099 5 26 70 324 339 371
1258 8 37 94 179 329 354 394 395 446
1174 8 35 192 207 223 249 271 373 524
1112 5 111 478 481 500 592
203 5 31 236 291 432 492
490 11 4 9 14 61 167 185 240 243 292 298 594
935 5 347 358 395 485 494
856 7 102 204 226 389 424 459 462
952 8 3 34 55 251 269 383 509 601
844 9 204 371 428 431 489 543 554 599 605
495 6 111 226 256 265 273 588
967 6 53 209 236 386 446 586
231 5 12 26 326 428 485
716 10 44 138 184 306 339 360 386 431 445 576
641 6 110 263 276 373 415 588
722 4 61 256 336 597
969 10 3 85 128 249 334 394 441 461 523 610
948 13 12 70 113 162 272 362 373 410 432 459 546 551 579
517 7 10 101 160 204 238 282 397
343 4 111 190 310 382
1204 7 5 19 102 204 326 364 580
1049 8 196 317 322 371 399 464 513 547
105 6 59 142 150 172 217 564
652 7 362 381 398 520 569 571 611
1028 8 19 148 340 422 454 471 473 581
1130 2 34 45
145 3 70 280 398
750 11 11 20 28 69 110 320 395 408 481 579 605
227 11 26 30 129 186 225 328 364 402 404 505 607
1186 6 30 255 407 450 536 598
551 4 74 135 160 236
469 8 113 167 208 225 256 357 503 590
167 8 2 41 47 413 414 425 528 558
1064 11 182 241 249 260 291 381 393 435 569 579 599
45 6 102 347 422 428 434 610
709 8 208 286 307 336 364 374 436 464
1128 11 39 49 50 99 167 223 245 338 441 507 524
822 11 9 10 145 148 276 418 425 480 483 488 546
605 7 47 73 257 340 450 537 581
261 8 133 241 251 339 393 504 521 571
391 10 208 210 243 272 375 415 511 545 592 609
266 10 10 59 80 97 118 142 177 297 425 531
1016 7 44 89 161 431 485 590 614
69 7 64 88 190 339 395 417 465
1198 8 137 152 185 252 284 389 417 590
788 7 174 194 202 203 214 340 354
1039 5 128 177 385 546 611
1017 8 111 118 217 330 386 422 471 501
1034 9 7 51 184 244 267 271 352 354 446
1254 6 90 112 135 207 251 494
1005 8 5 177 181 240 284 347 359 548
695 4 109 146 174 448
545 5 10 420 453 467 522
11 10 162 207 244 345 401 420 465 514 524 598
536 6 138 234 315 339 380 547
693 9 111 282 355 402 413 420 478 553 590
761 6 123 234 293 310 436 614
93 9 45 123 153 351 431 467 472 548 584
488 10 90 111 129 145 165 213 255 394 440 484
339 10 3 35 118 135 252 324 431 441 484 487
192 7 53 99 191 322 414 434 579
588 10 34 241 385 415 425 459 538 541 553 581
220 3 255 358 601
174 13 2 10 97 162 231 232 267 284 462 490 500 503 511
509 7 2 4 128 204 241 520 578
1089 5 142 151 191 257 357
90 9 53 80 221 277 284 382 485 566 594
653 11 42 53 214 221 260 282 473 485 486 543 579
884 8 2 4 190 273 301 377 402 430
162 6 19 34 130 339 346 355
187 7 65 257 271 407 486 547 576
453 10 14 37 50 74 174 244 329 436 486 495
960 6 46 58 134 246 267 446
1061 10 56 133 217 243 262 347 485 503 522 536
64 5 115 163 196 425 525
487 7 12 31 134 137 163 221 434
239 11 86 109 211 252 272 301 376 389 422 431 507
335 6 9 88 346 404 427 483
124 6 81 192 365 441 540 581
125 9 5 150 191 202 300 365 550 584 587
260 8 5 20 34 46 163 363 485 602
616 7 138 294 331 434 473 515 587
320 9 86 110 174 246 282 291 486 571 609
16 6 43 165 345 446 521 524
1187 6 49 221 226 244 304 380
1111 6 178 346 380 524 530 597
560 6 123 315 382 384 529 578
691 6 26 145 232 475 523 583
974 5 9 226 328 533 540
486 6 33 59 97 202 397 480
797 6 19 35 251 385 397 509
358 6 2 143 184 245 255 607
281 12 65 90 126 134 151 207 221 244 382 432 528 566
465 8 2 37 109 182 273 515 581 590
1011 6 110 249 425 446 524 528
1029 10 49 204 339 354 493 537 549 579 590 595
747 11 200 245 297 384 420 446 481 511 530 535 545
746 11 41 186 191 208 260 265 297 306 397 436 566
182 9 90 99 246 257 328 370 489 513 581
1176 10 47 109 118 180 210 218 259 269 286 313
14 5 11 67 94 267 448
689 5 304 454 484 486 578
1183 10 11 65 70 142 194 226 284 362 471 490
837 6 35 231 362 433 497 609
379 9 215 357 371 373 375 471 524 569 584
787 6 111 153 307 330 392 501
316 10 44 133 307 314 402 413 487 520 522 554
98 5 7 135 459 485 528
738 6 322 352 484 522 547 598
977 5 238 340 343 485 595
1125 5 86 182 202 284 436
1158 7 33 44 64 99 138 199 492
656 7 128 178 209 218 313 398 508
1132 5 19 330 411 459 592
252 5 9 145 329 371 464
1051 6 152 198 365 428 442 519
450 8 181 198 276 430 453 495 551 610
1003 4 202 371 537 580
183 11 56 99 196 215 244 287 394 522 525 546 551
233 8 14 49 81 165 231 324 492 554
53 8 99 134 137 345 358 446 493 541
612 6 211 220 483 490 508 526
633 8 55 59 129 148 359 502 513 592
292 6 74 86 126 432 473 522
1221 11 2 42 67 144 209 225 524 526 551 571 599
749 11 59 80 210 371 386 394 419 422 440 489 541
951 12 30 101 148 198 385 413 433 449 488 505 526 592
1117 7 257 259 493 500 509 526 541
433 7 19 198 259 338 384 549 564
397 5 135 165 314 357 384
582 6 7 33 46 226 434 523
1118 6 2 257 352 440 537 605
1113 8 19 31 298 334 381 424 524 551
419 6 47 217 244 349 450 471
305 12 145 209 339 370 392 408 438 464 500 573 578 601
660 10 33 138 204 243 277 384 398 520 546 554
1157 11 43 49 101 251 269 307 345 402 432 529 535
807 4 109 430 483 573
1046 4 381 424 459 487
1109 7 14 19 67 123 413 521 569
556 11 30 99 101 153 165 172 336 382 386 456 486
690 5 267 399 504 554 580
1192 10 37 46 184 304 322 438 465 520 558 614
723 12 101 118 214 246 254 382 440 471 515 535 536 595
70 9 19 47 162 236 276 407 576 579 605
995 6 70 115 210 352 432 573
726 4 109 217 336 547
624 4 69 273 515 535
1173 7 40 215 226 273 371 431 588
557 9 49 53 90 315 402 455 492 515 598
922 4 40 115 397 418
962 8 53 67 133 134 256 407 488 494
609 3 116 286 489
1100 9 2 44 153 251 301 313 419 449 589
963 8 58 69 81 129 328 382 494 513
481 8 47 213 226 259 300 314 461 551
810 5 360 362 384 546 576
143 10 3 4 10 33 190 214 465 504 513 558
854 4 287 293 355 430
364 8 14 32 39 49 135 217 280 340
73 5 49 192 354 364 539
341 5 49 89 313 566 583
96 3 151 456 579
569 8 85 115 142 280 357 399 442 583
553 7 9 54 199 297 422 521 576
1234 5 20 34 42 473 537
1154 7 40 65 116 317 374 434 465
1156 8 33 73 243 301 520 521 524 580
910 6 142 150 191 231 513 545
920 12 43 55 81 148 254 287 358 408 424 431 450 509
1114 4 172 181 211 363
732 11 31 59 74 160 221 244 328 389 509 530 566
988 5 73 231 313 519 597
774 7 40 174 191 222 276 414 594
6 8 50 69 123 151 263 521 533 594
677 5 7 85 328 408 488
154 6 49 61 162 207 271 421
665 8 67 126 138 298 326 343 431 494
28 5 41 214 233 267 597
840 8 65 110 133 223 355 399 529 539
686 7 2 236 263 271 525 549 601
407 10 49 64 94 199 213 269 347 417 503 504
366 7 5 58 99 148 190 194 583
168 2 294 595
1259 7 13 110 123 358 481 505 537
479 5 9 182 213 280 533
1257 2 419 501
247 11 158 196 240 300 310 329 364 402 440 514 546
141 5 118 269 301 397 399
352 9 110 215 245 289 362 411 420 462 488
503 13 20 34 86 207 233 240 326 381 382 425 456 487 581
148 9 31 267 284 339 343 430 503 533 578
160 13 35 112 113 137 260 277 320 338 371 490 513 515 579
662 12 199 200 221 282 284 286 291 320 338 360 417 450
1012 5 46 389 399 492 508
155 6 2 310 370 433 547 561
821 9 65 133 148 191 259 330 484 488 561
1238 7 50 55 201 204 222 428 583
752 7 109 135 276 371 536 579 595
1090 10 1 94 202 211 293 376 418 461 487 584
800 7 20 94 225 349 411 453 487
925 9 1 109 249 257 339 424 436 471 614
999 9 153 163 233 338 382 397 487 497 588
427 8 54 118 172 249 254 256 282 477
122 6 184 298 324 363 431 524
778 10 11 14 101 102 218 238 293 298 371 417
561 6 73 307 377 393 427 500
394 5 86 158 214 273 334
1056 9 137 148 152 236 370 421 476 505 546
109 7 133 158 167 430 431 540 545
223 4 22 433 494 520
811 8 67 186 314 349 401 432 461 514
146 10 13 70 208 215 267 360 413 490 523 548
254 7 13 103 152 221 413 433 507
742 11 28 32 112 226 262 291 313 407 454 541 577
424 2 224 573
315 7 35 102 138 255 287 398 464
387 9 22 97 133 186 209 252 373 408 551
500 10 61 150 207 215 244 328 377 438 448 461
606 10 19 30 110 181 225 365 456 472 475 610
671 9 13 14 28 214 304 370 450 546 553
355 5 2 182 243 376 554
528 10 34 143 160 210 252 293 359 436 523 554
171 4 286 325 383 520
480 5 19 160 292 349 436
241 6 101 113 213 236 549 573
126 7 81 143 254 259 352 371 438
21 5 181 287 315 325 571
205 9 30 86 151 161 246 381 530 543 578
576 10 111 179 184 201 322 345 382 398 504 599
628 3 223 484 529
169 7 31 217 370 446 477 537 584
447 11 70 203 231 324 373 394 428 454 520 583 594
642 6 213 244 280 464 554 595
1123 11 10 58 204 234 255 257 326 383 427 504 588
9 1 34
638 2 535 545
1008 5 4 30 55 101 236
965 7 85 86 99 397 494 526 588
199 2 43 111
75 10 135 211 226 265 371 418 441 454 487 545
1140 5 59 115 531 537 610
769 7 11 151 224 243 364 484 587
512 7 113 241 306 325 359 420 478
809 8 7 51 112 128 494 528 533 598
664 9 69 90 271 326 331 425 508 523 605
194 10 35 39 112 123 138 204 223 313 448 566
89 3 208 220 493
1087 9 5 150 151 191 203 254 276 418 450
781 7 11 32 363 365 519 586 589
585 8 115 223 241 265 291 455 494 520
1163 8 142 146 265 293 401 434 530 541
1216 4 101 158 424 586
72 6 26 234 273 294 301 522
272 5 12 223 254 255 508
886 10 31 61 89 145 146 151 208 260 280 514
298 384 477 345 530 599 158 151 110 243 223 190 273 181 487 103 28 307 137 269 64 64 375 152 485 185 352 224 137 401 331 234 163 334 330 102 601 64 467 480 55 370 456 282 592 454 133 113 103 408 377 9 204 89 553 306 533 249 280 587 486 392 224 564 489 129 320 418 211 503 291 259 399 56 39 446 1 74 597 200 584 198 20 386 561 177 148 461 40 328 5 521 254 101 441 362 19 70 609 226 3 47 442 43 486 203 385 330 236 543 336 221 595 118 438 231 103 315 33 343 213 301 90 97 611 165 432 495 475 298 174 56 289 184 530 477 33 545 233 349 533 541 86 249 129 143 477 181 578 546 500 152 438 421 180 73 126 145 150 28 577 461 293 292 69 110 31 610 363 500 389 424 394 463 595 528 525 373 284 34 349 549 282 111 365 30 43 39 459 561 130 54 431 569 320 382 586 262 522 411 558 607 194 217 51 153 535 515 208 545 465 456 550 579 47 351 101 196 493 573 116 297 455 354 273 511 445 401 5 222 37 218 411 432 207 94 485 46 32 602 191 418 586 260 101 177 398 310 34 488 541 432 26 88 508 238 246 202 204 294 134 592 277 81 286 354 397 51 467 515 272 182 605 40 220 202 393 224 359 11 85 531 304 263 402 420 1 357 217 313 392 89 324 153 346 153 134 397 408 526 179 172 551 566 420 483 174 225 526 380 186 374 414 204 298 371 408 610 590 26 480 190 471 64 539 257 541 252 86 86 35 123 398 501 476 215 10 381 143 297 34 541 301 609 507 167 411 375 2 347 178 45 109 298 453 462 313 252 103 487 59 265 324 287 539 438 504 67 467 67 609 102 476 192 306 148 185 322 440 49 441 588 364 110 410 128 362 561 395 536 594 241 329 44 47 160 540 244 421 497 435 507 30 251 454 449 7 514 238 220 161 571 80 59 246 73 419 240 167 65 536 509 588 430 50 529 200 488 614 448 255 148 135 523 146 495 129 7 494 610 267 186 208 481 392 210 317 43 449 199 492 476 507 138 513 413 360 339 40 214 112 224 334 80 365 436 340 359 422 73 211 58 490 484 190 505 143 598 524 464 394 113 573 61 511 22 393 320 53 554 314 433 520 381 232 73 602 138 456 472 12 262 417 345 53 370 41 537 51 209 404 397 428 538 211 580 273 362 402 260 11 592 520 383 370 487 477 56 502 376 401 424 267 300 558 271 245 519 520 13 142 449 564 174 113 338 99 110 503 326 564 226 47 37 399 450 401 211 14 208 257 547 427 404 232 55 494 362 334 427 425 325 434 42 478 359 144 590 589 547 115 576 313 221 583 273 581 481 360 473 407 276 384 123 476 548 358 355 525 424 64 203 201 162 422 473 290 256 150 415 540 210 505 4 32
