489 1407
15 1577
264 89
635 1384
1648 954
1622 549
82 1078
1267 1601
1932 973
852 233
697 175
1259 542
523 144
410 1391
710 134
65 958
9 1393
698 1779
86 857
404 1542
1818 1431
1251 456
506 1004
27 853
637 1892
542 259
518 1858
1029 164
1101 325
472 1353
16 1746
177 1623
675 1997
1505 1504
577 314
909 1033
662 89
70 719
1032 427
1183 1891
44 458
166 1314
1015 706
655 1630
330 705
94 1411
484 1177
147 1561
922 816
934 923
779 1372
681 1822
331 1635
234 61
1171 1115
323 506
197 89
715 1728
402 1892
620 259
239 722
1988 1309
1434 1442
879 1521
550 1423
1454 799
1283 1646
383 1829
970 401
360 1697
1621 512
20 1063
1482 256
1484 1202
337 1885
346 928
955 197
447 1221
1327 595
208 950
325 853
1331 1051
80 777
178 2000
105 1635
1197 1827
1228 1885
267 1571
365 969
19 152
209 689
1690 760
694 230
1721 783
274 1912
1019 1100
1481 218
158 1818
1590 948
186 536
782 1382
914 1618
141 1784
1739 1201
411 923
355 1315
156 983
1904 1402
1771 735
964 66
1490 1082
377 1211
1752 87
168 1736
1419 833
8 1057
1225 584
60 165
1025 919
1848 469
759 1603
142 1632
342 1413
398 1212
1596 1072
746 1349
536 1893
1175 793
113 1546
555 856
1240 1943
1002 970
1741 1458
1585 1847
187 923
1731 579
507 1095
1151 1504
237 349
1377 1685
819 185
431 1688
874 114
372 1574
1578 350
1436 624
1342 549
452 512
854 1119
965 592
350 431
1595 1299
644 574
807 804
902 1562
812 605
607 1874
1780 75
1798 561
435 1069
75 1529
1494 181
851 1711
1085 600
1386 1619
130 789
1290 1055
926 311
786 13
196 1132
937 1818
194 24
437 320
646 384
1529 1729
169 1122
132 480
407 1580
198 1098
486 1313
1399 1221
1238 1693
1389 1070
126 59
1206 512
948 1600
1075 224
128 1835
46 1313
359 1880
1168 1899
839 156
176 951
1254 1358
1546 1372
1216 455
1295 1722
283 1802
942 923
718 1710
388 1449
318 1860
621 882
6 398
294 551
861 1363
1686 130
14 719
1172 575
1063 305
303 959
641 1282
1973 1764
32 1944
286 1476
1330 533
78 185
23 1521
84 906
552 1257
422 330
537 31
415 481
530 1286
12 489
1286 1688
1079 1375
1442 1658
55 1362
1159 1993
627 710
639 1892
583 445
1169 25
393 176
1570 1258
1492 31
432 1494
833 176
609 850
981 202
520 1649
1388 1977
72 1407
476 157
39 52
916 115
192 1434
363 1286
1503 7
1143 1305
1615 1888
52 1833
465 1874
796 5
869 339
90 1775
248 1396
1483 118
1451 810
1005 789
1262 156
982 558
1298 387
1428 577
603 756
1856 1336
735 1086
59 1764
1082 1160
480 870
748 491
1209 1521
1985 1493
1718 1818
463 427
1447 1901
569 1176
1222 562
1023 369
1006 1727
259 336
62 1365
1799 1783
497 1412
1471 995
1198 983
191 1304
1280 490
1269 548
961 1256
740 1408
625 321
835 621
102 1232
657 1336
1161 485
586 686
513 136
50 226
1656 1110
421 937
1113 793
453 754
252 1704
636 1790
185 948
656 1490
532 807
559 1409
1160 718
276 1427
353 1831
1807 1252
1750 571
503 166
820 21
624 1407
806 1635
793 539
731 1412
787 1483
99 1769
188 837
1854 1649
907 98
619 1048
588 1496
110 1852
1767 1160
841 771
1316 1020
1000 908
775 390
1190 1860
978 1381
1261 1942
761 910
1165 1673
1217 1621
362 1412
1675 671
733 1516
565 983
418 1320
292 1043
777 1353
490 1613
436 1368
1094 1403
79 1100
306 986
1962 1805
356 1320
112 348
1869 1057
1396 1984
235 1320
443 1253
5 489
7 1362
548 230
1179 1055
1729 406
1337 309
229 934
231 205
563 1155
719 1105
1211 321
610 1837
11 973
1013 1981
631 538
56 1913
720 716
1472 302
1139 1588
277 1396
594 1062
1527 1622
791 1919
654 23
868 1160
558 1063
1457 1987
1037 689
1072 1977
1467 988
845 948
790 371
1382 348
26 1748
1803 209
1073 1664
1892 841
596 741
1320 1473
1469 396
525 1329
828 1300
1299 1311
910 1311
200 1412
144 853
686 819
1552 3
974 1888
219 1785
1408 851
1478 1002
1424 351
315 1765
1371 1061
1048 1141
161 88
1611 776
699 1402
1710 406
755 1574
1164 767
100 749
953 705
877 174
414 816
1902 223
1381 1984
309 512
1122 363
1756 1521
1850 1065
269 1074
1110 1181
413 101
1235 1393
696 707
257 950
1195 1891
1573 847
47 1783
705 305
1155 164
541 1376
232 1180
1526 1181
285 648
163 1232
827 1946
1417 481
29 868
802 1833
43 638
108 1767
544 536
612 1989
587 1970
1364 368
263 983
57 1000
614 169
33 1215
726 438
143 557
1751 1590
1964 1019
63 666
1046 1885
858 1546
1199 1560
1592 1037
1616 1826
742 1772
137 1764
1081 1934
1297 297
333 955
576 1
381 1718
885 1504
379 52
1911 1846
1732 457
1391 1623
561 421
670 416
717 615
822 729
366 546
935 1066
181 1100
1034 974
1333 1105
1142 1047
172 1623
834 1137
64 1933
516 1088
1156 676
103 642
1425 1351
384 118
1329 1517
1109 210
1858 89
1877 1544
859 1120
512 406
345 458
361 1658
217 1399
406 1313
335 1043
216 1357
1170 1372
120 1604
459 1582
1423 339
477 21
214 120
862 113
1296 1310
1182 469
570 214
814 209
389 929
242 87
709 843
412 51
313 1831
30 1988
798 432
1544 1039
1315 1635
1012 1826
1879 936
1743 813
832 23
1698 1907
1356 722
261 1500
1336 406
1205 1181
734 1466
321 974
683 1648
1496 1494
91 1847
1561 31
837 1643
1845 637
153 1379
1221 1718
504 1702
1653 1390
1628 1206
236 36
1995 666
529 883
83 1866
124 905
1231 858
704 265
1 1730
1617 387
928 433
843 1934
211 1857
1517 1393
107 393
995 1920
170 1749
310 1648
354 244
571 490
386 1584
776 1902
1181 611
1200 1826
3 1419
1924 385
1555 1539
183 578
1384 1396
766 1379
1672 1694
87 154
1100 363
328 795
390 1010
247 1902
1604 1043
138 1724
175 692
119 1584
745 1017
1291 1947
660 1048
1875 1564
1282 1286
1141 118
1618 1892
270 1505
579 1100
606 1130
473 1319
1430 209
439 531
1385 27
401 1431
1773 309
1763 490
599 1505
165 1584
1378 1187
1761 1659
93 754
900 494
1709 588
1536 526
278 523
215 156
1010 845
1816 293
1594 45
255 648
713 449
860 703
849 160
157 750
38 1172
1861 1300
535 379
1427 746
280 726
1293 578
1245 1113
1176 1736
1106 1741
1394 1894
1522 1987
243 1160
450 1820
66 750
238 1419
921 1081
289 85
853 1984
994 376
492 1906
1123 474
954 1372
279 124
1137 983
260 1806
441 261
589 239
1694 1592
1639 1688
454 1665
1795 910
638 718
74 1929
531 406
1001 311
1791 427
1928 165
1523 681
996 803
101 944
167 128
1026 645
601 678
391 173
104 1743
534 1526
1895 511
1120 1520
1888 512
271 1833
1631 1993
788 1883
115 983
1792 1630
1533 954
1328 202
1188 1017
1587 764
1531 1075
61 1057
829 743
151 1833
1242 1070
1103 1984
927 619
85 258
554 1310
446 1181
737 1166
768 1556
1939 1033
1870 1460
940 1718
692 1132
475 1064
1565 1762
290 565
757 1676
1355 12
1121 1311
1915 203
1613 363
349 1250
1878 686
1846 868
71 1008
538 1829
1089 1619
750 422
35 1237
1602 944
906 1340
1532 181
958 99
53 1500
1488 1549
1811 662
511 1471
1184 971
1203 1509
1521 481
308 534
724 815
496 1379
1237 166
13 270
1031 532
1760 1303
1779 72
1118 1342
722 1177
293 1449
1274 1453
1500 1431
792 1867
1162 1426
642 181
1202 1421
613 120
427 1833
1900 722
943 1206
1090 2
1787 448
1125 481
864 382
623 14
842 1395
1789 225
218 265
1480 1736
945 147
1806 1710
923 578
983 427
370 967
1300 611
894 150
826 1403
1459 1707
395 622
36 1757
1630 160
34 1759
1039 1530
189 1414
1971 1408
1126 1205
1749 7
818 340
1927 1202
1308 422
581 1826
481 261
155 995
433 625
1726 928
21 870
1667 1895
684 1362
204 747
1498 1910
440 309
1783 1888
1035 930
1287 71
1633 448
584 1818
1701 281
1326 663
615 989
352 853
1257 638
1051 149
1341 1743
469 1276
968 548
626 1141
220 971
1194 1788
645 511
1638 479
924 422
549 277
368 417
1566 481
122 578
1632 1075
230 1974
77 617
1584 277
392 1246
1069 819
960 1617
1946 388
857 1606
488 115
1091 145
1600 512
1263 382
31 1791
159 1451
2 666
25 1454
700 1103
425 1085
801 1539
272 856
1548 352
1678 596
618 215
466 1520
1470 160
1614 1646
203 1967
1218 1520
1754 915
1018 412
351 931
769 1353
299 305
785 438
1940 551
296 536
1395 257
1599 1307
998 691
1265 311
1943 1017
1136 735
1887 1656
1319 418
1717 319
1366 1668
1114 311
182 1318
543 93
1958 1603
207 932
265 321
111 335
1422 1442
888 1587
1357 8
456 1376
1933 924
206 895
1873 42
493 1253
1839 764
597 546
973 555
302 1571
1435 31
568 1661
1266 152
376 215
1948 1991
658 584
458 1867
774 441
871 1560
682 551
575 224
1397 1313
1796 210
1556 458
275 1166
40 1967
1998 1651
1131 427
1605 1213
1554 1547
526 261
706 84
320 1898
329 1151
1841 1595
725 14
1256 230
301 400
135 54
95 275
1910 743
1058 1825
605 283
1358 10
522 702
702 506
1957 283
1376 1055
97 431
228 1535
162 931
1241 999
1670 1113
867 1181
1956 339
1926 120
956 729
1409 431
347 215
1825 970
952 591
1770 1928
1609 336
1157 356
1551 1521
1124 1806
123 1847
1189 561
1338 401
1691 582
262 599
1307 1583
800 431
873 1442
1545 1429
117 838
723 1155
400 1286
336 983
1582 1707
382 856
1475 819
1163 1729
1711 427
334 58
1684 653
1140 1770
1759 1430
1360 795
817 605
501 451
1127 869
374 553
687 1410
1662 1284
1571 1449
1945 1442
322 1502
1027 870
985 109
1456 1337
1855 23
680 1269
241 1535
1450 402
751 99
593 530
1444 60
533 1707
1607 875
1236 111
989 1088
666 352
136 176
517 548
1824 533
430 833
649 1065
1303 251
825 200
348 1710
69 1356
1020 1041
1227 678
224 1710
1978 534
990 991
317 1223
358 466
1738 689
1024 1356
1659 1479
54 1470
592 1213
1038 1350
1969 1233
1516 958
1253 1403
703 375
482 290
863 1909
1309 1063
663 988
397 1984
1070 272
139 1276
651 1396
1219 1196
764 209
1234 480
1374 1023
736 209
668 1177
221 622
134 1568
794 1242
1401 1999
246 1082
630 1435
1370 1271
1438 500
1702 1245
76 194
1541 1047
804 946
1658 1411
667 1540
1831 1572
1586 561
1348 1732
1271 1329
1794 431
1258 512
1644 1206
1264 1621
81 21
213 120
1214 1674
808 562
408 1674
1474 1648
895 405
1087 1329
1512 1435
891 819
876 1990
58 113
941 118
1446 1936
1991 1134
225 1350
210 1671
409 783
585 1791
1677 1635
1577 1615
1230 813
508 1783
1983 1175
962 144
930 1803
866 1516
121 946
836 180
991 252
1105 1590
701 1973
509 628
986 1408
1736 1047
106 911
380 1141
1951 93
1213 886
1185 1780
1655 1340
896 695
847 1421
258 1623
1645 1584
574 1132
1519 1072
1404 1818
1325 1444
1564 611
754 549
880 718
1886 1390
855 168
1129 508
1663 530
760 298
1130 254
1180 802
1860 1473
629 401
1134 640
1465 1129
502 1995
1649 397
1306 1265
1493 1833
1515 1188
848 85
1681 1783
803 613
838 559
1088 648
1485 7
1993 1032
1575 1849
971 1046
976 1796
1696 1934
1941 1818
870 1431
1538 395
1321 555
711 1307
297 1439
487 547
223 85
1977 1872
498 1198
369 1276
1834 8
1525 353
689 1987
1078 595
1931 748
707 1112
1849 880
647 1370
1372 1206
669 1382
1201 1234
1344 62
314 1057
1989 1160
1719 1365
394 415
931 1718
145 339
1810 1778
251 891
1934 56
893 96
540 1060
1680 105
749 1445
1349 1133
1107 910
1753 109
98 853
1292 382
288 39
510 1668
499 129
68 1800
1576 1574
611 1833
1899 277
1952 172
732 898
1735 583
1362 1331
514 1493
946 1818
846 498
1345 663
444 472
767 1987
1871 1078
1014 530
1984 512
632 675
195 1411
129 387
830 991
1138 1623
1671 1989
154 305
1042 498
1707 924
1809 1777
1166 689
582 947
1111 1977
51 1535
1186 1768
1703 905
268 23
291 1718
1949 725
890 350
1288 1803
24 1483
1843 1460
591 936
249 471
152 1661
1683 1549
738 1137
426 355
173 1421
1775 849
1513 97
373 962
1071 277
199 63
131 1998
1815 574
650 591
1351 1998
744 900
1077 491
850 1435
212 1831
1277 386
1682 242
539 1564
977 5
1220 1546
1008 1284
1268 1547
222 228
1790 1230
932 817
957 831
1003 390
564 145
1489 931
972 155
911 1564
316 584
1021 576
783 515
1052 251
1889 765
1626 1895
1574 1697
403 707
546 746
1608 1048
202 1637
1866 189
109 1126
1589 1017
604 547
245 854
1009 1803
844 769
1727 438
295 1650
1275 46
1733 398
1921 1928
1842 108
988 1053
340 911
1828 1006
1765 1787
343 498
1966 730
1636 160
912 1619
341 1635
1837 1349
1229 870
1972 1126
1361 1693
573 1625
281 299
424 1898
1233 1004
1786 815
741 1585
963 991
1814 705
1007 1258
193 702
673 731
676 1237
1912 200
747 1610
1148 259
1301 919
1762 1349
1588 1572
1507 1618
780 1494
1468 814
1724 1769
672 1856
1144 1831
116 833
1651 907
899 1097
929 937
560 1336
1708 1329
690 1276
1239 1542
1835 1474
1390 559
1737 176
648 1032
758 1880
1909 1520
938 353
118 583
1317 539
997 1314
671 261
1685 748
1697 309
1938 1857
1044 390
1968 261
179 35
1700 1891
442 686
1154 355
1712 593
1223 1179
171 1075
1913 583
1495 1407
1784 1799
763 621
1410 1313
1864 1843
966 1996
41 372
282 1609
434 1908
944 1133
1463 74
1061 325
1335 1583
48 1521
714 1955
1497 1284
399 1361
1273 336
1976 184
125 518
716 1549
357 218
1310 1137
975 1310
878 1281
967 1849
905 1082
1247 396
1324 1632
1974 401
319 1310
1322 733
743 242
256 1647
0 0
1405 1202
1499 1521
17 173
1937 115
1563 689
1365 481
951 429
1147 929
266 1232
150 39
892 1857
781 1714
1817 823
10 1549
590 1820
1961 1256
936 1435
1757 668
799 1310
1508 775
688 1237
307 1265
174 1404
1452 93
1076 1632
1066 299
770 1542
1800 795
915 1791
1387 429
1466 246
396 230
227 542
1099 1225
1116 1990
1506 1014
1627 91
823 410
984 1799
730 910
1354 152
1537 290
300 1993
494 1083
765 655
1598 1522
1033 1542
920 1549
1363 465
500 1803
1289 1047
1714 81
1562 1836
1479 538
461 398
1098 401
949 854
1881 983
1413 420
420 549
240 100
1623 705
1994 510
1720 78
1560 259
1226 1649
939 574
1755 97
947 1640
1593 948
1929 781
1980 1132
1960 281
1997 206
608 583
980 379
1601 893
1520 1300
1629 1730
598 1990
1635 1286
987 1072
1369 1316
640 456
326 1675
1666 145
1067 1016
1473 1729
180 574
1192 1920
445 1086
1730 1928
405 849
148 604
127 1348
1346 1232
1133 1833
897 1520
1443 666
545 706
491 1833
250 944
1764 995
795 481
205 867
1840 99
882 739
1634 1800
1207 777
1011 1493
1146 1655
752 1176
423 678
1822 395
1953 1263
1431 611
1441 228
92 1572
1359 101
1281 151
1279 79
284 802
1530 833
1982 1909
762 219
1065 1709
813 1549
1542 1662
1890 579
1918 330
1102 1249
1352 1781
979 1100
784 557
1421 1710
679 637
1746 494
1823 1782
305 1833
1950 1460
865 1202
160 1564
1559 1881
728 8
45 1595
184 719
1243 1144
1646 1212
821 718
253 1764
1375 1248
1177 89
1606 1769
1414 1043
1284 951
417 14
1068 1802
233 431
1788 470
602 1038
1992 321
304 1397
1868 575
721 1121
438 311
1272 101
856 160
1612 887
1215 1284
1553 1332
1055 1004
1196 662
557 1710
1930 449
1865 974
727 608
883 1562
449 456
1084 689
556 388
1455 640
1045 43
1955 1756
485 1205
483 476
1402 1875
1135 1974
1579 404
1448 548
1022 793
1766 85
1458 764
1514 1553
1318 281
1777 89
1347 490
42 101
773 679
1491 999
665 995
999 1302
553 107
1944 219
1426 497
298 1502
1403 415
1041 1993
810 1033
1661 1095
22 1941
254 1851
904 595
562 836
1981 1832
933 1180
1923 1042
1398 1832
470 187
1836 1905
1400 66
1511 1616
1539 518
1876 1712
1695 740
1047 400
1820 330
1150 1289
756 1471
739 625
1383 859
1380 1480
1748 431
1314 1206
140 518
1907 415
428 1629
1074 1637
1897 1188
1954 533
809 481
1947 252
479 39
1975 1580
1208 151
1278 309
1581 1851
89 1132
1987 1103
887 891
1747 352
677 517
1462 185
1097 1856
1728 880
1439 1278
1906 132
1805 1987
903 1130
886 466
474 1284
468 394
1340 539
1453 356
778 1412
1891 1258
1903 328
1149 1467
1193 1043
1880 1264
1572 1314
1302 1181
4 1159
1152 372
1898 1886
1270 1263
1669 59
616 695
600 149
287 642
146 606
385 1909
1847 1792
1028 1368
1036 1446
1833 1313
1813 1912
1210 1674
1896 932
471 882
149 946
1249 31
1504 446
1445 445
1793 718
1797 1179
1830 65
1769 1710
1620 28
1477 341
695 1833
1925 1445
1332 858
1416 1478
1808 1646
1624 1721
1392 1397
708 940
1558 1740
1990 1891
1580 1365
1908 899
1829 168
901 508
1343 1298
416 1907
1411 1286
1569 886
1412 149
1740 1368
898 22
1040 1140
664 1585
1884 1856
67 819
1550 99
1704 946
1838 666
815 1278
1418 1821
419 87
1433 1254
1716 1610
959 532
190 1340
1004 1133
1778 1570
1178 1181
1597 478
1407 727
1543 1842
1801 1602
1863 1829
1334 1230
1128 615
1173 1248
1979 1435
674 1246
1862 1651
49 1181
1461 1491
1304 1674
1905 1860
661 1412
1742 968
1379 767
1916 925
551 1393
1119 1802
1819 1471
1647 242
572 1937
1232 1043
18 824
1715 314
1054 288
1449 1710
1687 617
1509 592
133 583
332 1282
917 877
1323 1885
1312 194
653 108
889 111
1056 1133
969 122
797 1499
622 1658
1963 1232
28 1981
1393 1411
1603 339
678 394
478 506
1095 1276
1476 1829
1768 1770
1705 367
1534 352
1350 448
580 1175
1305 1414
1827 444
913 1586
462 794
387 1977
772 234
1158 83
312 574
1996 1589
1260 1248
1062 979
628 865
1244 1724
1353 1350
327 776
1086 1372
505 1805
993 1246
1688 512
1224 786
659 64
364 188
840 1769
1080 1205
88 1212
875 429
1673 301
451 983
1619 478
371 136
1859 968
1660 1429
1547 666
1986 1142
467 1077
1874 1212
1668 445
1437 1086
521 75
1083 156
1276 1284
992 380
1486 735
1567 980
1723 39
344 1313
1867 1655
1872 514
457 145
691 1276
1591 893
1744 410
1657 1662
429 1086
1679 428
1782 858
1674 1008
1174 936
1050 942
1311 951
872 670
339 406
685 1514
1882 1632
633 1043
1664 1053
1781 971
1689 1390
1092 1548
1851 321
1713 937
515 1301
805 260
73 1766
1901 584
524 1504
1030 397
1857 940
1432 1412
367 427
1187 1873
324 22
1557 1126
1145 1695
1959 1264
652 507
1246 1883
1568 1008
1665 98
1108 1941
1893 1278
1917 611
1802 1820
1999 246
1059 1126
2000 1696
1625 108
1252 1711
1060 967
338 1348
164 1907
1804 1029
244 1454
1693 1053
1429 453
789 1783
1785 1974
824 575
693 1523
1692 506
1942 549
1064 1837
831 833
1132 1818
1017 1600
201 1041
114 95
771 259
1676 1224
1440 387
1758 1691
567 1061
1643 447
1117 1160
1826 1311
1772 905
1652 497
1540 593
1610 176
1406 1919
1093 1697
273 1751
1725 22
1367 926
1637 1103
1920 348
1885 1907
1883 1818
1294 751
1524 105
1049 1314
753 1387
1654 570
1642 1002
527 1160
1153 613
1096 1292
578 1521
1812 305
1832 1314
617 349
1501 781
1250 1791
918 1411
519 422
1420 639
37 551
460 1012
1894 542
1706 1316
1535 1397
566 1340
925 1769
1528 1210
1844 718
1248 719
547 548
378 1577
1016 996
1745 1490
1373 1895
1487 68
1285 847
643 1048
1640 923
881 1376
1650 1738
96 1569
1191 585
884 1187
1510 244
1583 1344
1502 1875
1821 1223
1935 513
1922 1582
1339 282
528 1346
950 51
1518 1037
375 1542
1852 980
595 224
1699 191
1212 1396
495 23
1970 657
1043 1132
908 1071
1919 1008
1722 1806
729 1730
226 397
1104 564
1965 841
464 489
1112 158
1053 1283
1057 14
1641 400
1460 212
1368 666
455 1826
1734 1278
811 1895
1936 363
1774 1042
1549 491
1415 1179
311 813
1204 341
1255 263
816 1437
1853 1060
712 640
1115 810
1776 1009
1967 1047
634 938
1464 442
448 446
1167 1227
919 1574
1914 1579
