239 1282
616 1263
52 448
794 850
38 147
50 1044
110 713
526 237
397 1476
495 1120
1022 862
1996 511
1846 1314
302 1658
104 668
1078 1097
131 9
527 121
191 789
1698 1091
666 1032
108 1035
1650 491
769 670
282 1459
856 334
448 1818
1320 460
1410 61
506 1043
200 1265
793 179
1131 934
684 500
365 1995
1386 1176
1537 1138
1570 1285
919 322
786 1974
536 1999
166 1353
151 770
5 1618
163 1521
236 1324
1993 629
789 1416
782 495
1671 1117
1467 1476
530 857
270 60
1403 293
514 1374
96 873
185 1654
1552 671
164 52
952 93
1824 604
355 874
540 349
1368 271
1145 76
1937 1551
129 406
234 702
213 1439
1806 276
990 1890
1141 1747
1733 1117
524 686
307 1222
433 1347
840 1109
910 246
153 664
599 731
190 52
706 1361
962 1463
627 1432
646 257
1419 539
35 787
1965 849
1278 1210
890 2000
313 968
1184 591
409 1146
1576 1006
491 1701
1358 1164
393 699
1026 740
614 1448
193 206
1732 71
1027 1394
107 1673
738 1631
70 1604
172 831
28 537
1491 1044
21 423
8 1108
1573 1338
1571 1189
30 1638
509 633
246 158
1174 1156
821 371
1376 818
601 1565
776 552
254 1016
1259 1905
550 1802
1165 225
182 1238
1666 1424
376 573
220 918
1030 1043
16 1993
1495 1021
1689 347
1013 1094
1871 1452
238 1981
1285 441
309 194
405 1687
1946 190
1972 1257
425 768
1342 211
1084 1651
1764 1563
1415 251
245 1761
652 1089
447 540
1021 1361
489 805
1308 1086
453 298
1362 886
1963 388
1979 217
1710 791
1835 158
223 1526
695 1932
553 158
925 349
1095 1109
272 797
1068 1699
1058 492
219 924
1409 1554
522 321
31 729
362 838
19 1500
996 52
97 1554
1249 1189
818 1651
1769 1641
1261 961
1612 1027
1334 805
973 1715
961 1476
1168 1892
1134 1409
692 1323
575 1008
1096 224
549 1254
685 748
1934 551
1149 1229
61 405
739 653
642 370
1 1435
879 213
3 1804
904 1269
674 662
39 1845
255 1433
1678 1426
1527 1465
556 298
137 1264
1041 1816
877 216
966 1469
391 1302
1194 1963
56 404
1012 689
1812 1098
454 297
1547 1057
445 1900
1447 1638
868 1415
1641 1513
441 1267
546 713
929 225
909 293
636 50
1239 1205
499 389
98 274
801 224
17 655
63 180
964 510
469 956
1138 1649
417 686
198 1002
465 1896
1919 619
1701 1678
411 670
657 602
1264 822
1983 226
780 1056
320 1023
9 1759
184 899
170 761
205 30
707 1123
986 375
681 711
316 1689
1504 1678
354 1299
987 75
1726 1091
584 1243
948 1998
120 213
1006 1322
640 523
359 293
758 1754
1702 1080
306 505
14 1399
1841 918
253 740
1232 1998
1046 471
1003 1847
865 445
912 882
1462 208
243 1236
344 935
287 1894
1130 839
590 15
1619 564
1340 1219
264 141
458 898
1204 976
942 238
826 1312
1686 1626
176 1241
902 1043
1486 557
1057 1097
256 1657
435 106
135 875
40 195
539 700
653 116
1082 1936
1288 155
544 1663
369 1752
1229 1726
931 876
1766 648
1081 1315
1798 1577
1885 899
1209 1177
37 251
217 1559
1592 142
423 409
157 657
661 54
979 1082
1483 448
1186 1739
768 488
1939 1307
1578 479
907 282
1344 724
248 893
1176 721
77 66
1076 1741
1053 1093
1528 1433
1315 1679
650 78
1455 1803
1456 213
1135 1966
422 1281
1986 968
564 797
152 1616
452 1696
1640 1196
463 1554
1585 1380
1739 153
381 1347
1318 1483
775 2
1892 596
263 1232
1167 1448
809 1559
67 1056
55 1901
1608 1940
853 374
396 860
139 1310
1460 94
385 91
421 942
1101 405
648 712
1062 1283
1477 968
1935 902
346 1664
1628 1894
438 1323
364 1970
124 1850
1952 1811
1099 824
574 1783
1103 1240
323 1350
1040 1641
744 1687
1248 510
1311 1582
1851 1921
173 1032
91 1240
835 1991
863 664
1109 1091
478 543
1562 1746
1260 830
235 1641
486 207
1265 1632
834 940
1897 1638
1796 1036
212 349
1221 145
1293 245
1565 1388
351 1056
1172 701
1535 1622
395 1649
1624 1782
121 423
401 16
259 1654
209 1937
1933 1731
701 90
712 350
1063 364
449 540
44 1171
141 1094
505 1405
860 1361
1224 1730
727 1561
150 467
1756 1654
731 1693
257 298
78 216
846 1894
1740 466
665 1545
716 1454
633 748
51 2000
75 789
897 403
816 1932
122 936
920 196
1889 1680
988 976
804 796
1071 606
995 1970
1499 1624
1439 1679
595 83
119 9
1126 1459
207 1752
138 781
519 1474
508 859
1182 445
477 21
1011 78
1534 87
2 551
1501 1926
144 1615
357 1247
1496 70
456 1602
517 1002
1680 582
177 1572
1904 1684
1492 748
4 96
647 1588
461 50
676 1679
1925 1741
884 93
972 961
1381 1035
1945 1552
967 103
504 1561
1768 287
577 552
615 1398
1210 1
1968 116
436 1032
327 1252
117 1751
1079 1801
1615 1784
1583 924
927 515
1408 1931
1532 721
1472 719
500 1203
1458 211
1677 1598
533 1726
557 1433
1197 1832
146 1534
11 526
1629 392
880 838
1910 393
10 1528
918 1337
343 191
1147 557
571 238
1216 1741
33 925
64 712
462 1737
1567 1502
22 564
388 662
1087 1248
34 107
832 73
763 832
1349 748
892 57
1569 14
1652 946
41 1175
1735 732
1127 1057
472 352
43 27
534 1757
1023 1723
296 1093
1152 1932
111 709
689 1469
619 1998
370 5
1900 619
1940 475
1132 145
84 2000
989 1032
1247 1755
1550 1723
1765 148
174 1938
27 613
1055 29
136 279
785 1900
62 931
805 169
187 712
1451 1050
1737 1035
169 1606
1842 641
827 1334
487 1644
520 407
377 1454
1329 339
1312 190
1636 403
968 850
475 1518
643 23
1694 237
532 395
1975 1217
1704 917
479 1971
466 1046
1389 913
222 1221
1091 158
808 1588
831 1909
1032 1343
32 1508
443 1072
1511 1190
6 1188
604 797
718 749
494 377
1207 1221
1508 1706
1453 1486
72 931
291 1156
442 1190
850 1634
197 1940
710 1228
1536 2
240 297
1546 114
485 1862
949 1751
687 1817
875 925
1655 386
459 1973
1809 330
724 557
703 1717
1876 1949
1448 1747
1246 82
413 1363
92 929
1166 742
299 1844
1297 1752
620 1036
1485 152
24 1765
36 57
1411 230
1412 1199
1113 582
1632 296
825 462
1635 1587
1566 1961
741 978
1589 299
1478 1612
1385 1804
1378 641
1724 449
1418 1433
1059 998
1284 558
1094 1604
349 1433
736 1771
1336 584
1868 1683
1219 1046
754 51
807 1761
1862 87
206 1011
900 5
1325 955
833 1293
1630 1361
1888 1020
598 1704
237 1991
1056 1097
1156 60
1646 96
1659 1254
1305 1394
298 1659
142 935
148 1938
1188 880
800 831
851 1190
1345 846
1049 1001
389 1535
715 650
655 158
324 1290
2000 1644
1157 766
1280 302
501 1752
797 1252
281 1037
1043 1422
660 240
691 1050
268 1102
158 1528
1069 364
1457 1930
408 15
858 306
732 214
1752 850
1961 482
1923 1350
53 917
1762 1241
1577 1832
1170 126
513 235
1580 1127
161 674
1010 557
518 1256
1151 1231
1316 1422
864 284
1075 99
1625 1587
1638 467
80 1059
260 756
330 409
1526 164
83 996
586 1889
1890 1152
47 573
1687 79
467 36
1825 1294
1751 1516
358 1809
740 1203
363 587
1369 644
250 899
525 1247
708 1159
1388 207
375 607
73 302
228 1238
118 1586
1978 717
531 1515
493 350
315 78
332 1267
1715 689
1873 1260
1356 1921
58 1680
975 26
1989 114
608 276
566 1021
1544 1752
251 112
593 233
1529 1574
221 1458
1429 1117
1720 125
916 574
1444 1165
845 1063
1699 1228
1405 420
403 1010
49 507
592 862
305 149
1430 1010
57 1272
328 1647
420 364
1541 1593
954 1213
196 761
1085 1267
1538 126
934 1609
1302 1917
297 255
1586 852
881 1669
1018 1035
314 1631
428 1359
1223 1170
1714 126
402 1747
1481 809
720 1083
1104 1684
960 1381
284 1593
913 963
1820 1023
737 1687
1480 1272
318 1754
1917 1221
922 1262
1051 423
560 15
126 1757
233 154
29 817
387 1063
1502 1392
279 658
1617 741
859 1208
1823 198
1413 699
1047 1679
870 472
1718 121
994 511
1435 770
764 99
140 1721
12 1348
1093 1793
326 371
1828 1217
869 1996
99 1998
671 713
752 1240
668 854
312 659
1518 87
1154 1769
837 782
1808 958
1431 374
1513 658
1108 848
1822 1671
963 1338
1185 1990
390 501
273 1698
168 1419
1438 700
1037 148
847 1268
171 33
1747 1970
20 931
543 23
1745 262
340 246
290 635
677 1715
796 984
626 1141
654 394
1510 1595
1142 240
1621 513
128 826
562 1485
383 1469
488 1432
1128 1391
1139 1820
1465 1417
898 67
611 190
600 1377
1020 1499
321 158
603 1921
1471 976
1234 287
25 1270
226 1023
280 108
670 1177
271 69
437 2000
1649 1818
1775 544
628 1217
1852 1338
65 1773
597 170
114 1323
901 477
1088 1385
1648 84
1859 415
914 763
201 1700
427 1444
1558 768
159 1773
1357 1111
1880 1933
936 1580
700 689
1033 1720
407 1519
1614 886
1070 614
1833 407
1310 597
1146 876
1017 1760
1734 333
90 112
275 216
621 37
416 448
269 1981
1941 1929
798 1667
1712 257
1664 689
905 1917
1981 781
331 116
1097 1644
1153 629
970 640
1241 121
484 1983
481 1540
283 133
194 166
1231 135
588 742
1591 182
1449 1786
862 1858
817 240
242 1432
1163 1747
1222 99
1568 1113
252 255
1416 1995
943 1942
1607 255
394 1228
1878 1343
565 582
699 1661
723 1244
1497 1091
1776 814
1574 1921
1942 1513
204 1825
1754 1073
894 1540
1803 1644
1692 747
662 170
303 1426
1074 1841
1845 968
541 1208
1463 72
1181 1312
1670 319
1999 1879
941 1085
678 1476
1531 799
1690 1563
1854 722
1215 715
497 522
885 1624
496 946
1262 448
1744 1080
951 1001
1891 143
1080 968
1618 783
1391 1527
398 68
457 1499
15 396
1000 936
1902 1602
1208 255
999 1715
607 785
503 424
147 1717
451 1803
516 506
1044 1381
558 246
1479 1171
1785 624
570 1180
638 789
632 1102
722 1013
1064 240
1500 976
1148 211
1990 802
1301 1120
1711 134
431 1748
1787 1508
1844 1392
926 896
180 391
1549 604
1190 91
474 1234
1066 1147
380 106
294 658
179 1851
300 509
1253 23
1205 1991
1112 789
1520 1356
1201 460
1643 850
1089 1156
980 983
844 521
102 582
1052 310
1427 1951
1838 1900
301 135
1856 860
1683 296
1976 1365
1396 503
1906 1150
1790 919
278 93
74 1483
1758 1065
1977 1164
1548 1135
322 850
702 1084
624 1141
350 1193
426 1147
1353 761
492 580
1077 1359
688 1749
1367 1731
1691 705
292 1961
1002 467
1372 933
498 1519
440 137
1951 72
100 108
1801 1268
1383 1760
1707 789
581 1608
623 1747
843 623
103 322
1180 587
730 1715
60 392
1242 1602
1653 1008
439 1198
42 1858
1834 244
1423 264
1443 1294
335 1618
1474 1032
1688 277
542 1301
1517 1077
81 881
1359 293
165 411
1337 2000
1124 666
1637 566
1028 1574
1982 1406
625 1323
1161 979
192 711
356 1203
547 1018
1545 1513
583 1548
819 1761
82 945
872 589
803 496
1931 116
1098 1010
267 1772
1788 140
1125 1634
1595 125
1894 60
112 1559
1731 437
613 155
113 558
1815 607
1193 333
1987 1980
1121 388
1936 1727
1506 1097
1252 246
580 330
1817 838
933 1963
1563 1399
1258 748
1605 849
378 1998
644 649
535 1862
1300 1058
1753 70
400 1531
1420 102
1266 1831
552 423
276 42
130 1779
1772 497
183 595
1869 1112
510 1345
667 114
704 1210
373 572
1706 113
545 1847
998 1931
1203 1559
1243 875
717 36
729 112
1060 1626
333 170
211 1433
231 1894
634 1461
725 297
883 1293
1498 1873
1722 1207
515 189
76 860
311 1385
1716 164
1272 392
1136 845
813 1679
1016 781
945 246
1827 747
814 1466
1748 1017
1949 934
1200 721
663 1767
802 57
1034 355
629 968
1911 1479
770 1006
1137 1036
1657 1190
1848 1783
921 738
1522 1254
106 1679
336 1067
199 186
1202 1459
186 1021
95 322
1916 425
1672 968
1159 282
414 1247
1155 1080
521 1009
1626 568
767 1726
857 671
232 782
1014 967
1398 1971
1377 1621
424 420
594 1
1235 1371
1746 736
1515 235
1957 658
1813 1459
1488 1506
1908 447
1970 333
1306 1786
965 951
992 673
679 1431
937 523
368 1511
778 822
1401 857
1086 1864
1319 503
773 1296
1273 641
125 781
1767 1572
202 334
1874 1194
1542 1848
1373 1077
262 1067
352 1159
384 836
1696 387
631 999
347 582
726 169
317 1447
133 1793
811 91
829 1771
430 369
792 1634
866 265
1173 764
18 406
353 170
1795 965
1227 575
366 1488
432 189
1560 873
1613 61
1725 396
1749 428
345 1146
750 862
886 21
760 1667
746 1266
579 1405
582 783
1903 591
810 1094
325 70
1685 220
573 1803
1428 1503
203 942
1777 2000
891 1451
1473 966
149 502
512 1222
1864 444
1177 71
241 1051
1631 629
341 1103
743 1616
548 762
928 565
788 274
1992 209
1045 124
1466 679
1783 1813
842 1338
1250 1614
1326 207
274 860
1105 573
1004 364
1189 976
721 1769
1926 1141
1971 1044
1997 812
1682 1713
602 850
134 1018
871 113
649 1492
1417 664
155 1641
1780 220
1705 1032
1303 1713
878 1322
1922 116
795 1604
1348 812
1661 1091
1964 212
79 373
1341 1280
218 1441
1296 639
1723 397
1955 1567
154 1938
1393 1301
756 890
1470 1081
1750 1160
622 903
757 1164
266 1271
1387 413
89 1723
1212 414
1642 1402
334 1705
386 1757
1178 1478
983 1147
747 1469
1728 1539
1805 1764
1351 761
755 1991
249 1091
1879 20
1036 1644
895 1532
1298 116
71 812
567 1343
609 1960
887 467
94 1426
930 465
1271 246
1759 1127
734 958
1256 1179
1893 1766
261 1186
1274 520
982 1035
774 1687
1421 900
947 1738
1861 1097
1255 1101
304 388
771 1759
561 1252
1830 736
578 1303
656 1355
713 1609
1622 1930
1654 371
1709 1038
214 1072
1454 1590
1853 1679
1469 925
719 1813
1459 333
382 1464
1114 754
1882 785
1281 1504
1024 677
1673 96
23 155
26 1239
777 774
1884 1159
227 767
908 862
1958 1563
1117 1631
1524 1318
1832 744
7 1082
939 987
1287 1528
882 669
265 420
630 1521
471 1469
1007 1312
1668 1925
1277 736
93 356
1956 327
1761 501
938 1304
915 1184
1268 388
342 1155
1799 1036
1802 973
680 488
903 313
1269 850
1380 169
476 541
641 925
705 1330
745 467
690 347
480 1426
483 328
310 1192
1821 614
68 486
230 1011
1118 1120
1843 1409
1363 242
1794 1988
87 1995
1962 1952
1602 1793
1390 725
1392 797
286 1344
1967 523
1061 1894
790 577
507 669
1505 1551
645 88
1998 1459
1019 919
1932 1518
1436 1658
587 409
338 1895
1395 1001
123 1891
1327 761
714 855
1865 335
392 761
1907 310
1198 44
1406 216
468 988
528 713
1554 1970
1598 1507
1596 1271
1509 956
1343 662
1038 972
1299 1500
1959 1007
1920 1626
1950 1407
1375 1769
1220 1525
812 1991
1791 1528
1292 1264
639 886
293 1263
1793 659
848 1496
1826 1091
854 659
889 1230
406 763
1886 1359
1321 1343
1295 880
1382 1761
1611 1234
1901 961
1770 396
1384 356
1291 596
572 945
923 463
1107 1674
1001 608
105 1303
1988 1897
511 1444
799 1727
285 1683
1461 1545
1899 1270
1601 1731
955 830
1434 219
160 1219
216 587
1800 857
1206 225
1898 1401
339 1218
612 1011
568 686
1365 1424
559 774
1433 850
1985 1704
1493 1050
295 87
404 486
132 539
997 387
839 458
1307 689
735 207
1721 1401
1270 1559
66 1765
181 748
1675 1489
830 353
1464 212
1782 587
1924 20
229 117
686 1925
1634 1644
116 1793
1600 571
86 1544
1015 684
175 1883
1609 1097
189 1638
1582 1441
143 1900
576 1630
224 517
1484 1131
711 1158
1422 756
1588 553
563 1513
1663 482
1943 863
1658 1097
873 1091
1402 1322
1604 170
1633 853
1289 1769
1489 1115
1665 1554
109 808
1969 822
1335 14
917 52
906 1790
215 1977
410 1599
1991 1433
1361 2000
761 976
1404 1490
693 1365
367 1329
1244 1258
1912 1093
1191 1993
1717 1388
1656 1301
1067 586
791 1486
1283 669
1355 908
953 1957
748 1091
824 1741
896 1021
54 373
1129 51
1700 582
1279 1131
658 1609
115 1271
1225 1528
1160 1889
1214 1576
733 932
1867 1126
1111 1132
823 405
899 850
208 265
1450 1938
618 1193
418 1998
1065 1468
502 1537
85 706
1757 1057
490 1786
244 295
1116 1679
1338 1405
1322 448
978 68
1847 1192
1119 1261
145 1858
991 1701
1333 1524
1784 1056
412 1176
1009 242
247 344
1331 1244
1597 1727
1572 604
1781 405
944 735
1530 1454
464 1613
591 624
1840 1496
1144 1669
1610 1620
1263 1205
319 1175
1254 561
1230 456
1559 1609
1543 1981
1276 1076
1192 756
1394 1126
1476 2000
888 664
308 1436
1875 946
434 1218
956 1551
1719 712
815 57
1123 985
1354 1065
1660 1651
589 1477
1667 1094
940 908
651 907
1623 664
1729 845
828 1978
59 815
1240 1361
1927 279
1727 1381
569 922
1818 976
993 917
1005 814
1863 929
195 1565
1773 1240
852 1063
1789 584
1804 353
1519 1693
958 1025
1708 174
379 1177
529 995
288 1713
893 1991
1516 1469
1676 843
156 1958
606 1917
1819 1701
1446 1118
924 500
167 249
1083 568
1140 1467
1143 159
1742 1191
555 995
874 1607
360 263
1539 116
1366 832
1533 742
1947 573
1115 1265
537 444
1317 1844
1866 19
1564 1988
1323 1353
1090 372
669 1349
1593 892
1347 1131
1133 279
1282 1403
444 1165
1370 1567
1669 1559
1360 1377
1816 392
1313 1992
551 1203
984 1721
1236 724
1555 1065
1980 1867
1928 1383
694 1270
1424 1361
1877 1699
1294 763
1432 1272
1309 1912
1984 1603
1647 201
749 1971
1960 1436
1102 823
1482 820
806 1572
1594 1587
728 1595
605 293
1909 1077
1425 252
1025 1514
957 1890
1857 61
876 1476
1948 1292
759 1671
538 1517
1332 1209
1697 763
1407 116
1557 848
1490 482
1048 1576
1158 158
1106 1963
188 963
971 1690
1944 505
1760 1126
675 1745
976 1097
1364 1064
225 1528
210 1145
1674 186
1503 1405
1905 310
1883 834
1836 1824
617 1392
1736 1368
697 1467
1606 582
419 845
1561 1731
683 1516
977 1408
1918 1878
946 1254
1627 71
1872 1822
1350 126
753 1606
659 1528
1966 1817
1896 85
329 1055
672 800
482 968
1251 706
950 135
855 2000
88 637
1314 955
1797 887
178 1847
696 1267
635 1405
1973 1012
1150 287
1228 854
766 1084
1540 1672
1371 558
1346 660
959 323
1475 1497
1839 1963
1494 141
849 829
935 1263
841 1154
838 1858
1442 764
1584 1734
1786 880
911 505
1196 1932
1837 998
258 736
1556 1462
969 356
1245 754
1054 1202
473 207
455 502
1603 33
371 963
1437 1013
1039 961
1179 1338
1994 568
1226 1223
682 1253
1811 1760
772 1292
751 1819
787 845
1217 613
709 383
1779 602
610 75
1895 1448
1914 1465
836 90
1120 1649
1616 1627
1257 80
372 302
289 1429
1579 1799
781 1528
1290 1695
446 1464
1829 1845
460 384
1662 1836
1599 230
1849 1779
1304 1693
415 1132
1169 1254
1452 1388
1399 135
470 572
337 334
1938 186
1792 863
1352 1602
1915 1495
1651 500
1339 293
13 1883
1324 217
46 255
985 1607
1814 212
348 51
779 425
1050 1035
523 752
1953 1800
698 1466
1741 1433
1029 673
1164 1131
1195 1335
1122 36
974 1614
1870 1059
1042 1574
981 681
820 1176
1031 643
1092 877
1507 36
1587 265
1328 1343
1590 582
1275 1681
1679 225
1445 370
637 778
1440 1337
1110 1338
429 1165
1913 919
554 285
69 1869
673 925
1213 1747
1008 945
1171 1032
1755 1476
1286 1695
1713 1773
1954 466
861 1258
361 754
450 261
1639 1528
374 1878
101 1149
1187 899
1575 625
1073 1254
399 1713
1238 467
585 1024
1218 812
1487 296
765 1213
867 471
1100 906
1681 1271
1211 491
1620 1915
1929 1414
1860 1046
1512 1560
1645 917
1703 1493
1397 1231
1850 1120
48 23
1693 1010
1778 584
1162 641
1743 597
1379 1988
1887 1681
664 434
1974 302
784 189
1426 255
1237 405
1774 1009
1855 1587
1738 558
1175 1497
1374 1786
932 817
1771 558
822 1433
1525 1572
1199 1406
1831 699
1035 850
162 364
596 855
1553 591
1858 830
1072 622
742 246
1810 1600
1183 73
277 1415
1730 1900
1267 155
1414 948
1930 1649
762 330
1807 91
1881 1201
1514 934
1581 149
1921 387
1441 1010
1995 755
1763 1620
1521 993
1523 1559
1233 497
1684 1683
783 353
1400 1264
1695 1526
127 82
1551 637
1330 1563
45 328
1468 397
