326 283
545 446
596 1185
14 700
357 1277
112 1267
665 1299
170 1674
590 760
458 1818
4 904
670 833
1306 1870
451 1181
1031 799
1519 2
273 326
1373 478
397 27
217 956
1110 1729
316 330
1166 699
957 571
972 505
1455 32
627 1061
32 1412
331 1258
333 1406
1267 1181
532 1057
1410 1759
1390 1354
1197 464
474 624
1896 1633
1879 805
1000 1021
1816 1499
1363 457
515 1454
12 787
8 1612
439 1325
320 1042
302 1497
632 669
159 1358
456 1136
311 546
1143 1031
203 1073
714 340
650 1575
595 1170
1607 353
450 1718
1683 1388
617 567
699 731
323 672
11 1192
854 1177
1301 1017
1475 1627
1902 218
838 120
1911 1041
965 1221
1809 542
711 658
151 139
239 728
1137 1053
343 1038
307 309
624 941
925 1493
1097 1292
1549 1055
1679 1634
1067 63
598 1405
414 866
1504 1014
0 0
1675 759
1152 1713
476 1383
724 602
626 1179
816 158
1324 390
805 1545
1409 1533
469 222
45 1702
1505 506
1247 661
286 794
858 500
978 1467
917 146
35 1798
62 1589
1479 1058
248 473
454 1671
497 1538
1686 1219
992 64
1845 945
1864 1085
1050 1140
1606 1869
1513 386
1060 1559
227 1263
432 71
904 908
764 323
1441 618
611 283
1574 1560
864 772
548 1692
880 1204
1734 666
898 682
554 1371
673 1715
128 949
725 740
1431 840
329 83
483 1047
1344 1832
657 1576
648 464
1083 1383
0 0
705 1695
255 1566
1834 647
521 1124
1418 1192
1047 274
55 1379
156 192
985 535
929 885
0 0
36 143
163 1144
1119 1530
587 696
262 217
493 553
681 1882
1692 414
1571 706
207 1201
1289 507
303 1219
1578 542
332 98
488 1512
713 523
1165 1708
1019 807
339 865
1651 772
37 1534
1383 1102
418 1466
91 212
591 53
851 619
796 1501
1749 853
67 214
1176 1061
376 1461
573 879
270 61
1531 222
1707 202
1833 1628
1522 1030
535 1598
894 669
300 439
675 847
529 463
73 1522
950 1670
1503 584
618 799
885 1234
272 471
433 1180
466 1816
306 118
1208 634
95 1777
16 821
943 103
1625 819
453 1380
149 1134
292 1804
1121 807
145 800
98 1341
709 89
1168 1445
1560 230
423 1161
1220 52
597 118
169 983
124 1204
1620 317
176 499
877 271
927 1453
1648 1755
889 247
647 706
1126 1294
1112 334
220 431
190 263
1160 995
974 330
390 1204
1235 1295
994 1250
191 1500
523 807
345 63
528 735
833 974
923 986
1013 582
465 383
224 551
1359 582
445 1612
187 500
114 1491
70 1266
419 823
132 529
41 1470
363 306
28 1001
1382 1503
552 1209
196 290
1914 465
297 1730
1080 1364
988 1033
201 1314
1280 707
1281 1824
374 914
1041 1905
1511 1726
1262 1164
1218 557
1215 1140
30 1022
949 1688
1320 1331
546 222
1140 1392
27 638
896 1907
948 836
34 1720
266 1656
823 500
111 1102
902 1798
165 922
501 126
1163 1628
620 1522
1386 676
181 514
340 594
461 371
1158 682
420 481
47 1895
916 996
1726 1793
117 1717
259 1301
1871 659
1389 405
1331 1522
961 1841
1456 1708
637 751
186 760
1854 53
1797 1044
1875 632
1209 1086
346 243
177 168
218 1496
1433 1136
1688 198
274 943
577 362
654 1514
1697 1022
23 760
1081 1588
361 767
398 1259
1568 331
1619 1043
1656 11
993 1228
435 240
743 848
247 405
183 1761
106 1071
1900 1740
89 1863
1221 1438
0 0
485 879
422 1523
436 1457
1352 822
1089 676
1496 1085
212 712
507 293
1532 879
253 1231
301 161
51 1155
991 1679
1388 884
547 446
206 1300
819 16
1084 1261
893 1389
867 1078
652 1135
46 1337
837 1804
937 1214
1321 1733
1622 974
1853 1531
768 271
1049 909
802 730
612 1155
1584 1538
430 324
1109 1881
1669 1783
1812 828
6 1346
1860 1621
956 241
984 69
1303 1228
1325 646
736 1666
1463 1461
539 1624
370 1448
314 241
1528 590
1671 1201
1423 1633
0 0
13 1867
1732 874
812 1099
684 241
471 1072
509 1368
341 1711
977 705
852 1231
1514 518
733 1571
747 1610
84 956
188 1863
211 1685
1760 399
193 253
0 0
739 1649
161 1096
97 673
1499 738
291 1658
1030 874
774 1539
238 528
716 1608
999 759
1818 506
1287 1674
1015 902
256 705
740 684
1521 1760
352 1255
510 260
66 1851
441 139
17 1717
1518 666
1330 993
404 1630
1447 1563
160 951
475 53
1609 1211
490 1577
1317 1071
1824 997
464 362
1461 1072
551 1589
1044 1532
1187 1245
348 1668
0 0
282 342
385 1041
1191 886
1776 1307
1546 1731
1427 924
75 1705
1865 1371
1016 146
1148 839
473 106
1333 1406
0 0
1665 1532
1453 760
672 106
1627 1522
922 677
0 0
1246 1204
1157 47
653 243
808 1579
0 0
1605 1786
1595 1024
221 1326
158 886
290 837
1204 1383
710 1058
1132 1497
613 446
1167 1147
354 1783
830 1875
1482 1499
415 230
777 647
702 899
578 1246
1540 247
660 1587
1848 505
421 178
226 1838
1189 529
884 432
911 71
1800 768
5 1297
1355 360
1203 87
153 1672
1285 194
56 1314
231 77
1722 1531
1106 1140
237 1773
1290 522
1778 533
202 1262
641 201
543 1666
1677 353
905 1373
1808 530
1815 1487
1326 751
1046 1412
592 1907
676 403
1348 1418
967 570
557 731
623 293
144 952
1364 447
990 803
875 1548
1008 180
233 1766
1342 712
1076 555
1032 42
0 0
251 353
1847 41
0 0
722 144
246 403
1111 1405
824 1584
69 1061
377 72
664 379
400 85
926 796
1273 565
179 1850
1146 334
762 1732
126 635
1236 257
18 615
459 1756
338 390
506 899
321 1242
10 1508
1750 1165
1747 1102
1886 706
746 1517
556 851
975 198
1673 1900
558 583
223 757
1494 1836
1678 904
1100 864
615 889
584 1559
695 11
42 57
727 48
538 505
1200 637
1090 327
677 1756
1719 767
380 1553
271 1500
1459 756
182 1146
0 0
192 1071
1889 1371
289 81
783 345
43 1135
1464 953
649 1307
219 1349
299 690
1315 1838
210 699
1870 390
296 1814
564 560
403 265
232 1531
717 334
795 1537
1654 949
0 0
277 632
1855 1517
955 1187
505 669
0 0
1562 1012
645 158
583 187
1367 837
912 343
800 1221
372 1583
359 1207
639 218
81 1730
136 644
0 0
662 73
472 382
549 1192
1636 250
1039 1465
1621 463
690 1577
883 76
947 1832
234 1717
0 0
1752 904
68 1541
0 0
1286 1356
0 0
399 852
530 1337
1012 330
1761 1002
1257 1276
1844 1169
1130 908
1604 751
954 1073
1298 924
392 1900
1723 428
1296 583
1399 298
995 464
563 1314
831 1179
781 1491
310 121
460 118
1295 680
516 1404
1564 235
1642 378
797 303
1035 1007
1357 1175
704 1224
94 646
892 1836
1591 251
243 74
194 368
424 139
1913 1137
235 191
409 1146
198 71
1492 1463
1792 1167
480 1261
148 510
48 931
534 1615
240 20
446 819
447 1545
328 678
93 607
1065 1728
1051 1600
1349 680
1385 1751
1108 1713
1788 1251
1781 493
49 733
141 755
834 364
1508 82
1474 1178
52 1050
166 1316
842 912
682 1022
107 672
1275 332
1639 6
0 0
1680 413
1430 142
477 568
533 972
1500 1522
870 332
1123 1841
753 621
1825 686
1783 1187
803 972
785 1711
628 1751
574 243
960 1277
1907 1375
1753 515
24 1251
959 657
7 673
760 1630
1709 1053
1742 1052
87 580
973 314
463 1577
1458 1224
252 604
384 147
1005 1331
1487 1375
1202 1533
457 198
319 1825
901 1709
1062 1122
874 638
953 1881
425 795
1402 242
1623 378
843 72
1901 553
1851 17
131 1496
426 1910
1370 1900
83 676
1181 1543
428 1890
728 222
588 955
659 637
996 298
621 74
1829 1803
1129 1760
225 1838
1702 1859
1576 72
745 1731
1240 971
129 1747
236 1444
1524 1136
1276 1172
1226 1235
511 799
0 0
1590 888
1849 1342
1216 1072
1421 1700
1643 1860
1422 1577
1022 158
178 1816
983 1420
195 1499
879 146
101 1878
1327 772
405 1576
1377 1525
1550 321
899 1337
1668 574
1066 817
209 855
1638 480
213 202
668 478
174 1627
522 528
427 1524
1613 579
1122 949
64 1409
738 1577
1436 365
1462 2
691 1507
871 1052
1674 733
765 554
599 1077
594 695
666 1566
531 582
971 1318
1438 986
1139 271
157 993
1579 1896
939 558
562 625
614 497
630 422
1784 371
1821 1818
1153 710
216 1454
1908 1148
882 947
1102 738
1173 1546
845 32
1616 1627
249 1523
1038 1331
1598 1580
1161 189
395 1508
969 669
1023 1813
467 1578
986 1326
1740 103
982 1734
140 86
1644 254
1305 1318
1183 1110
541 1590
0 0
1068 1688
1375 852
1086 699
772 1231
910 1356
778 1335
305 301
1731 405
175 158
1162 1371
1091 1170
1411 1247
1497 667
1179 823
1862 47
1265 339
707 269
1021 836
99 399
298 158
906 689
609 1124
565 1310
1007 490
25 1279
1094 1030
1811 1409
72 463
763 46
897 1737
393 1668
669 463
118 823
1170 794
287 1053
527 1802
1472 1783
146 669
634 972
366 1058
1600 1035
881 159
1890 1017
667 996
862 921
127 1749
1768 498
517 1248
1542 714
514 852
1159 1389
1803 1543
1105 159
250 1716
1260 574
40 738
601 966
0 0
1242 1754
499 317
742 451
886 1155
1583 1461
155 32
1079 1016
791 1883
1471 1091
958 1312
0 0
1033 187
1666 522
260 720
375 293
1599 1403
381 81
53 1320
1428 481
491 1125
1238 1375
1632 1883
758 1718
184 361
1266 758
1789 684
857 71
825 865
1465 225
1575 1497
849 1251
449 218
1782 693
0 0
1335 1325
1874 97
44 279
278 1876
887 175
1048 1465
776 1454
1214 1012
1608 688
1687 1334
167 738
850 1101
222 72
1478 249
1099 667
1141 763
119 343
869 1022
1817 153
1371 1756
1018 1134
625 1055
1650 1893
1365 1633
1010 751
1419 1296
0 0
353 238
1115 1840
932 1801
1757 1079
661 500
1515 546
771 1181
1587 889
1045 178
0 0
110 1016
1827 74
933 173
242 615
813 1846
1040 1446
1124 111
1498 1716
309 889
487 140
1446 196
334 1175
1225 682
50 35
560 1883
275 1864
133 766
815 997
1763 1358
336 380
1071 81
629 87
1350 1145
1002 1517
1898 874
589 1360
0 0
908 1472
580 1500
853 1783
1201 1155
1379 362
261 173
827 1167
1517 658
559 1391
498 578
1529 480
685 1373
0 0
59 1865
1006 717
1392 1566
61 1491
244 666
1839 1718
1735 1883
792 1803
1144 823
1270 605
130 1164
0 0
715 1662
1293 500
204 1258
1728 821
1888 851
1307 1228
162 1142
121 1412
9 1761
504 1702
371 71
1420 317
1442 506
1127 355
1545 1331
1493 1778
347 308
1264 1500
878 530
1061 158
1440 71
841 85
388 605
888 1720
938 465
1533 1470
735 1155
0 0
1313 1803
1512 65
283 98
122 1497
1633 1859
1251 408
1802 1751
1601 672
0 0
1527 1053
383 1001
1548 463
1762 1597
285 1509
0 0
1210 1584
1180 1730
214 1896
1378 1600
575 1556
1454 1779
1551 731
164 1042
1312 1342
1003 1676
263 603
147 1534
2 1330
150 135
1178 1438
780 1733
734 253
1869 843
1116 726
706 1577
105 1299
1559 777
0 0
1630 1022
678 1875
330 886
1356 1147
968 1375
1282 1772
1476 1044
636 1164
1589 574
811 233
39 349
1885 1151
807 889
1078 914
1206 810
1841 789
537 1517
920 1517
1361 110
643 1342
1570 1298
368 975
3 1338
1866 417
1233 869
1332 1832
934 131
1915 1495
77 1749
197 1686
1054 1314
610 1457
21 1193
1443 1571
1009 1545
1149 187
686 106
1014 176
820 1319
208 1570
245 836
1894 1306
1696 1819
313 798
364 680
0 0
865 1523
700 255
1171 1662
228 533
1502 63
1698 1192
0 0
692 1715
526 640
963 1571
689 187
489 1342
85 1180
1626 1117
82 1873
1755 1576
1756 1522
1241 52
503 146
718 1819
1775 1563
646 1192
139 1540
900 201
258 1223
1229 1576
919 1839
79 1076
1537 1412
987 104
58 966
389 1705
844 1775
494 1145
859 1622
293 893
1104 142
1585 986
358 20
264 338
915 1346
1380 1534
964 1827
1796 1740
0 0
1593 1656
0 0
1730 1577
486 276
143 886
113 335
38 1071
96 287
997 74
0 0
1114 1067
1072 187
581 1014
1507 917
448 98
269 32
1345 1501
1245 1102
0 0
484 789
1136 1228
1063 1000
1052 1333
60 1854
1234 1102
76 485
1020 390
502 1146
1252 1138
1269 1715
793 1674
1694 1245
74 463
257 1259
1429 207
1704 1500
1634 146
1334 1838
576 1315
767 1383
679 568
909 191
295 222
1064 1570
821 1234
782 1484
895 1712
185 983
1403 766
1199 632
1457 567
15 528
1510 877
200 1850
327 935
0 0
0 0
1182 1011
848 661
369 1575
1255 1388
1263 546
31 1856
1525 877
205 1168
0 0
748 951
443 1053
444 1883
697 751
1798 857
798 1413
125 675
280 1657
1801 1247
829 1503
109 307
337 346
1304 443
180 899
536 1120
890 966
0 0
401 408
0 0
720 1409
1536 85
0 0
856 45
607 1699
520 869
1439 344
1727 249
872 360
980 1601
468 1238
1328 487
1400 804
544 808
518 1085
1806 1701
1413 908
1846 1870
1087 1819
756 1098
1561 382
1291 945
1034 935
1737 1798
946 740
1254 971
365 1537
1223 1106
54 12
1580 1083
1658 345
640 1699
1381 1227
931 1576
513 1559
86 1524
1075 700
0 0
429 132
1769 961
1256 795
1271 1322
1820 642
1117 1527
351 1156
944 1705
1322 1450
1703 139
688 1701
115 1579
814 866
317 738
440 1538
1541 1134
1787 286
847 1134
1617 162
1828 555
1417 1355
1058 1405
1118 399
1543 738
696 1515
1566 1577
1192 706
1406 500
671 1455
29 637
1372 1567
1861 908
1169 1155
1227 689
1547 547
970 325
116 1485
1672 1461
1353 916
1724 1614
1150 1146
1799 780
794 1373
799 1726
737 1167
569 1052
731 528
1770 1085
1222 505
1573 1053
751 1840
732 1840
318 264
726 1003
752 598
1164 840
658 149
891 1810
1892 833
508 1368
1597 1383
1774 594
1 142
730 982
1193 955
1905 272
553 941
680 1445
1055 819
1667 865
215 1610
104 426
1477 326
1466 557
561 1088
809 1050
876 1264
846 920
1366 755
92 363
172 939
367 36
1437 1324
478 243
914 1860
1042 732
1001 1192
1300 1187
1184 487
1340 893
78 632
1434 102
1611 106
1445 241
0 0
835 1405
721 458
1700 1386
1194 1172
26 1615
437 847
1684 1734
1883 767
861 974
1134 1730
1712 1352
1850 1702
1804 74
1467 1035
0 0
1745 1383
1858 1876
1612 522
1435 1432
308 432
1733 53
1819 803
1339 1712
622 1806
1751 32
402 782
1526 1606
631 75
1185 481
921 1784
698 729
1278 1444
1188 1119
434 1166
744 99
525 971
863 903
0 0
1053 529
1618 194
1588 225
267 1204
1011 1405
325 115
199 1327
0 0
1346 1147
1231 1448
1138 1627
0 0
154 1804
570 392
567 1337
1887 661
1074 1499
1538 1457
417 1300
723 1065
1025 1830
1358 1559
1716 1292
1835 1034
1637 497
1780 422
1103 527
1268 491
356 301
683 1683
1460 480
344 82
1635 1180
387 1208
1396 1391
1195 1783
1582 1296
822 955
1316 1890
416 1656
1878 53
1738 399
1407 6
1135 1388
0 0
1354 1059
542 306
1172 1584
1715 1264
1868 74
373 220
1037 839
1174 945
1073 1686
687 324
1795 689
0 0
1274 1003
606 1738
1036 346
1725 475
1484 590
1224 265
1026 1337
1125 876
979 393
1308 720
719 1772
605 1786
1253 1803
801 374
1899 884
945 88
1867 1716
1881 761
1863 865
1876 637
1746 1656
1491 1277
1640 1810
1631 1766
1916 1013
1649 1571
512 522
1101 851
1028 212
342 582
1145 1146
0 0
1450 1543
1448 500
1586 768
1248 244
1408 934
942 1355
1283 906
766 146
410 1734
1337 1522
1594 355
138 1046
1581 1035
241 1155
1416 1172
1362 1914
470 1746
379 545
1592 62
1056 512
1676 632
438 1540
749 549
442 875
413 777
540 1085
268 1307
616 53
168 621
1689 40
120 1766
229 1441
431 621
1147 528
0 0
790 874
1398 2
928 1444
1690 647
868 1902
1895 625
406 807
1486 365
0 0
1831 629
1029 522
1897 355
1764 1167
1840 1147
102 617
1483 1277
804 53
1569 1443
1468 495
1663 118
1284 1808
1057 1211
71 1448
1297 1044
1082 438
1771 1716
935 807
396 333
1873 106
1705 500
1877 1487
1310 435
1425 76
907 1907
1336 889
674 726
779 1530
0 0
1292 1337
1424 1880
0 0
1360 128
1043 1146
1490 267
784 1888
788 1145
0 0
33 1240
1714 1426
0 0
1701 1207
1272 570
1131 1120
1624 490
1596 1396
586 1136
1213 1522
57 864
1368 317
1758 847
1661 1792
1488 230
930 746
1856 43
708 1551
0 0
1230 1778
0 0
312 557
284 72
462 322
729 1158
1629 1802
1572 530
495 1280
408 1745
1739 306
1294 140
966 348
1309 1246
1232 59
276 1740
918 996
866 876
304 293
1791 1436
608 88
1480 1827
1329 193
1882 1829
924 478
1711 1389
349 1124
0 0
1534 1368
455 945
1836 382
828 348
1495 198
1662 1179
1602 246
386 347
1567 1119
391 598
0 0
1259 915
940 8
135 1875
1069 1448
20 1140
1893 1120
1426 1600
1343 1512
1415 1700
1156 1367
1530 763
1823 1215
134 764
786 470
492 1056
1369 2
1577 1522
651 1438
769 1145
1405 118
1859 317
479 1518
694 442
579 1878
1743 1597
1196 772
1857 542
294 1368
412 769
754 212
0 0
582 20
1244 1672
1838 738
1826 492
411 1486
1449 220
1452 290
1092 690
1509 1140
1767 633
757 638
1558 1066
642 243
655 1115
1481 538
1557 594
962 366
1610 1001
407 253
1024 1187
1175 634
703 1112
355 317
0 0
279 353
1884 790
656 909
108 889
1681 271
1718 1356
855 1614
1451 482
810 574
1695 1633
0 0
324 520
1516 1182
0 0
1393 406
1374 1733
1655 553
1777 1733
1766 290
1485 1139
951 972
1682 295
1311 958
1614 1778
1341 821
1646 915
1017 1341
1706 1538
1653 1783
142 1903
1670 1307
789 505
1212 828
288 956
137 275
1142 1383
860 1547
1652 1418
1693 1337
1785 1744
230 365
1394 570
1544 1059
1699 605
1852 995
1347 1697
1830 109
1779 1356
619 1876
1107 922
571 1665
1198 1337
362 637
1832 676
0 0
1432 1864
550 1778
1813 347
981 497
0 0
88 504
712 1124
826 1849
1657 1306
1843 1808
152 550
0 0
1912 121
1177 829
1717 738
173 661
555 1804
1720 1522
481 176
1279 309
1772 1286
1880 1910
1556 644
1395 347
1647 823
1391 600
1741 911
0 0
1190 1028
1685 606
750 1082
635 205
1397 1277
1219 972
1473 912
701 1549
1469 782
378 1352
1070 1783
1773 1261
1535 734
90 1125
1708 1733
1027 418
1318 997
832 1053
1748 972
0 0
100 699
1186 561
1384 1627
839 657
1904 1887
693 706
998 1470
524 894
1794 1269
1807 1111
322 527
1095 1662
519 332
65 511
989 1385
1501 1065
1120 1610
913 390
602 255
603 1061
903 839
1133 1516
123 287
817 146
1077 1674
1790 1398
0 0
0 0
1641 182
1059 731
1250 847
1470 889
1228 1072
1523 583
566 534
1088 1180
1729 316
759 669
952 426
1554 1385
1539 986
1555 1449
265 738
1910 294
1351 657
1553 621
0 0
1113 509
755 1444
1098 1501
1906 301
63 568
1793 1576
1249 1086
873 1300
452 1183
1404 140
633 1315
1444 640
1155 500
1754 295
1805 1144
1207 1283
0 0
1387 974
496 1024
1412 1576
1085 1448
1710 365
1814 290
1565 1903
1713 31
1217 765
1872 438
254 1685
1822 11
1401 890
936 1503
1093 481
0 0
1759 363
1205 1290
593 759
806 1181
382 1532
315 1123
836 1500
787 276
1096 1007
1338 1672
1660 1507
19 357
1506 355
1299 1667
1154 1136
941 1793
0 0
189 1083
1128 659
1237 574
840 1341
0 0
500 738
1258 192
0 0
600 180
0 0
1314 72
1786 972
1520 408
394 1282
663 972
103 1147
1603 682
1489 1592
1414 1783
1903 312
1323 74
1659 1396
171 63
644 1055
770 1400
1615 1056
22 686
1563 485
0 0
1261 789
1211 496
1288 662
1909 343
773 939
1736 549
1842 601
1302 41
741 856
1376 326
1691 1069
1891 963
1239 1821
572 705
1319 1282
1628 1013
976 675
761 780
604 32
1645 174
568 669
1277 1331
1810 158
1664 1407
1552 1125
1151 1770
1837 1300
80 1096
1004 837
482 1296
1721 1652
1765 727
1243 1162
0 0
818 497
350 1188
1744 390
585 1195
775 406
360 1612
281 603
335 1453
