1630 271
785 1 138
1102 3 42 137 258
380 3 108 121 161
763 1 233
1095 2 58 131
986 2 5 163
1357 2 5 7
916 1 57
970 1 165
542 3 14 57 235
1130 1 204
1160 2 44 209
140 4 21 93 109 250
86 1 175
39 3 90 209 248
426 2 30 55
534 2 18 208
514 2 28 153
1536 2 48 146
866 2 77 254
657 1 93
1336 2 166 248
179 1 65
698 1 136
1433 3 109 117 188
245 4 55 90 140 256
22 4 110 119 169 209
757 3 61 113 146
1216 1 37
409 2 233 240
225 1 204
88 2 35 188
1275 5 1 129 217 248 267
240 2 120 232
1263 4 54 92 121 226
525 3 138 166 189
1095 2 98 108
1294 4 27 138 230 266
754 1 258
1054 2 22 77
152 1 73
68 3 55 107 240
599 1 119
548 3 81 116 134
563 4 21 44 54 169
202 2 163 245
1599 2 87 154
1023 2 24 172
1446 4 27 99 156 233
711 1 94
374 1 141
1216 1 118
1248 1 123
577 2 118 172
1476 2 60 266
231 1 121
712 1 174
1555 6 17 27 83 115 139 163
255 1 197
1329 2 21 153
651 2 7 189
1319 4 201 203 226 245
289 2 14 123
373 3 99 173 205
280 3 11 134 179
266 1 21
86 2 43 103
45 3 133 154 174
1055 3 19 40 217
1248 2 11 170
1036 1 104
1424 3 1 41 166
86 1 179
1062 2 147 152
1566 1 245
1148 2 190 197
1000 1 217
1177 2 141 214
1089 2 259 264
1308 3 73 202 248
167 2 5 151
809 1 29
644 3 40 73 167
195 1 19
1456 2 72 156
679 2 70 152
1020 1 174
534 3 28 73 117
167 1 244
809 2 29 116
1100 2 55 119
1223 2 27 118
1052 4 83 107 117 163
568 3 49 170 179
30 4 188 219 234 253
1201 2 42 254
188 2 25 113
1449 1 50
771 2 28 41
1152 2 21 230
1121 2 73 90
1007 1 208
517 4 73 107 211 258
1020 2 56 245
804 1 252
1505 3 72 147 267
1028 3 77 106 182
105 3 18 92 215
149 3 215 259 260
1192 2 165 262
589 2 29 49
1389 3 151 170 230
1082 3 90 135 209
1214 2 54 226
1578 4 30 85 114 201
921 1 0
264 3 7 50 152
668 2 30 98
1248 2 111 123
932 3 154 162 262
1096 1 111
872 2 87 174
1618 1 65
1522 3 168 235 239
656 1 232
209 2 73 242
1473 2 118 258
886 1 156
72 1 19
848 3 61 88 175
324 2 129 170
1150 3 22 30 226
60 1 211
678 2 141 167
421 3 94 123 230
1509 3 27 61 152
1226 2 17 256
1156 3 140 165 211
690 2 29 57
854 2 8 148
29 3 18 61 140
1153 1 267
1490 2 35 41
68 2 107 152
470 2 133 264
10 2 77 107
17 2 75 135
901 4 30 72 148 169
1424 2 224 228
1054 1 256
228 1 161
179 1 129
750 1 118
783 3 14 40 244
1001 5 114 116 202 258 263
783 3 53 126 211
839 1 243
403 1 139
1271 1 231
640 4 65 80 118 201
671 3 14 108 141
400 2 169 202
264 3 40 141 232
272 1 0
1406 3 13 188 224
438 3 52 124 267
600 1 179
1483 1 83
335 2 93 234
839 1 153
216 4 100 162 173 204
1315 1 175
850 1 81
762 2 54 70
352 2 0 56
1589 2 72 242
983 3 13 157 230
1264 2 115 240
1195 2 14 242
1038 2 111 115
494 4 19 98 153 209
39 2 5 135
1067 1 253
666 1 208
461 1 124
581 3 118 142 226
147 2 224 259
1216 2 113 262
406 1 126
1433 1 18
1319 1 258
381 3 103 205 251
226 1 162
1195 1 57
676 3 92 151 179
647 4 141 162 179 202
566 2 170 245
1135 3 5 106 239
910 1 25
702 1 30
1013 4 44 205 241 256
86 3 0 58 135
1553 3 111 126 233
437 3 1 49 83
1173 6 41 94 111 140 166 189
1325 2 70 88
409 2 0 115
220 2 175 224
744 3 108 119 153
582 1 218
119 2 7 75
704 2 175 178
322 2 7 142
1387 2 146 245
747 1 75
534 1 14
138 1 142
229 1 245
470 3 37 242 260
1201 2 141 167
1053 1 42
198 3 37 50 166
1480 2 190 244
1229 3 48 151 270
1554 3 90 164 267
2 4 77 87 92 208
1454 3 18 53 211
16 2 58 203
442 6 77 98 138 205 254 270
456 1 133
882 2 70 167
784 1 88
3 2 72 140
542 2 262 270
1177 2 35 226
978 1 85
1619 1 141
1116 2 87 135
1472 5 19 40 57 156 209
643 3 43 54 133
1032 3 5 42 224
1372 1 58
29 3 232 254 259
1364 4 57 137 188 197
786 1 5
461 1 258
1205 4 73 107 129 233
1026 3 11 53 173
810 3 21 166 169
1230 1 0
1596 1 244
430 1 189
176 2 21 253
1233 2 30 83
1257 2 133 204
1216 2 25 157
1559 3 115 153 217
1555 2 24 258
921 1 131
620 4 90 116 242 243
360 2 166 172
458 2 147 231
866 1 128
56 2 245 258
1408 2 7 110
709 3 29 136 192
625 1 235
731 1 73
620 4 14 25 164 173
541 2 203 270
1603 5 24 35 87 126 262
361 1 88
99 1 256
1511 5 83 115 131 134 224
78 4 42 114 136 192
1456 2 139 173
1305 2 98 133
1384 2 140 241
1062 2 120 123
1142 3 28 30 60
381 2 21 25
380 3 106 154 218
579 2 14 252
1240 1 240
919 3 136 139 242
10 2 56 248
1015 2 169 173
136 1 270
152 1 28
764 2 22 164
700 2 113 178
363 1 81
1348 2 60 215
1052 2 0 116
1564 2 242 264
650 2 166 256
1475 1 151
1216 3 29 151 234
1587 1 116
1117 1 178
17 1 264
1547 4 13 65 215 231
397 1 224
1381 2 139 142
744 1 258
2 2 108 119
306 3 48 189 202
248 3 108 211 256
1201 1 123
1522 5 7 115 129 169 233
1322 1 98
882 2 85 156
607 1 243
1136 5 30 53 75 100 263
1558 2 109 175
246 2 48 242
763 2 189 242
853 1 263
525 1 262
636 1 28
411 1 248
744 3 5 37 142
262 1 139
750 2 126 253
160 2 179 258
888 2 107 178
126 2 135 172
125 4 24 80 128 228
1043 1 241
221 1 242
1510 2 1 83
427 3 28 53 117
854 1 204
1102 2 24 35
598 5 27 57 104 138 243
673 1 11
1017 1 48
1316 5 7 109 116 172 263
1508 1 239
1612 1 190
537 3 53 83 242
966 1 13
1076 3 60 114 211
179 2 156 172
850 3 42 72 99
216 1 94
1472 3 35 165 169
1476 2 30 168
535 2 174 227
671 2 48 142
1184 1 189
1173 2 1 226
1275 4 104 123 242 244
678 3 135 197 208
1261 2 17 267
149 7 5 90 124 190 204 219 235
1172 5 18 40 57 98 245
1381 2 135 214
1453 2 204 234
864 2 234 239
1596 2 215 241
888 3 146 234 258
534 1 215
1244 1 204
1321 2 72 215
167 2 85 103
356 3 28 111 119
1025 2 22 182
317 3 22 53 192
584 2 118 170
865 2 18 58
1300 1 117
1452 3 41 137 188
637 2 170 227
564 4 18 28 119 147
434 3 1 110 201
695 1 58
505 2 55 148
909 2 13 57
1270 3 60 88 228
586 2 90 205
16 1 60
167 2 111 170
263 2 53 250
992 2 14 162
1612 3 53 93 258
920 5 98 111 146 147 203
1343 3 37 65 263
1593 4 75 92 141 259
776 4 40 154 163 226
344 2 35 128
319 3 1 61 219
296 3 80 81 104
1430 1 168
1327 1 30
659 3 65 161 165
268 1 0
595 3 52 54 228
909 1 188
1575 2 116 164
107 2 30 266
1401 3 1 35 164
1185 1 243
917 2 136 217
440 3 40 77 93
349 1 154
750 2 135 243
910 1 75
1611 3 40 73 241
183 2 65 197
1241 2 0 197
178 2 29 42
1184 2 55 170
790 2 167 189
88 2 114 140
997 1 85
1573 2 1 107
27 2 88 251
592 2 87 218
228 4 30 56 217 233
1511 1 48
833 2 50 117
1278 1 211
786 2 81 231
1 3 42 120 148
1490 3 138 179 188
1505 1 252
70 3 28 107 259
496 1 209
129 1 131
1303 1 175
828 2 18 208
1276 2 55 121
280 3 128 219 245
1048 3 22 44 75
399 2 140 217
231 1 182
600 3 53 157 209
1128 1 154
334 3 104 139 239
1420 2 22 201
903 3 128 213 227
1195 2 109 126
932 4 43 57 117 123
33 2 109 137
601 1 213
1617 2 110 138
585 2 104 126
508 2 133 254
864 2 129 148
1235 4 8 85 138 179
1195 1 75
1439 1 211
118 1 60
1412 2 61 201
537 2 189 217
461 2 120 239
1082 2 44 174
1495 1 73
1532 1 126
1565 2 35 109
738 1 245
46 3 5 49 178
791 1 50
599 1 245
824 2 93 148
710 1 85
623 1 137
909 4 1 37 49 111
770 2 231 233
555 4 43 75 80 131
619 1 224
1621 3 49 65 239
1365 2 80 148
980 1 215
909 2 126 169
1395 2 244 258
1201 1 137
1207 1 120
406 4 30 121 202 209
1263 1 138
180 2 134 192
1167 2 190 252
1385 4 30 49 90 107
1240 2 138 259
1529 1 58
641 1 114
231 4 30 90 134 218
491 1 204
1458 2 172 258
409 5 162 178 215 243 263
1216 1 41
802 2 28 61
345 1 267
1269 2 24 131
356 2 19 230
374 4 41 42 120 254
228 2 50 141
1619 3 170 242 250
864 1 124
458 2 61 260
363 2 44 201
14 2 117 241
1321 2 197 241
1483 2 41 106
656 2 24 108
1045 1 136
734 2 52 90
1335 4 17 80 92 254
142 1 190
6 2 134 190
506 1 264
704 4 14 55 81 262
369 2 126 178
190 1 253
780 2 108 226
695 2 151 209
1505 2 121 219
231 1 81
339 1 17
813 2 139 179
1049 6 0 42 124 172 173 224
903 3 44 148 190
1309 2 123 241
1594 3 75 205 270
565 2 232 254
909 3 25 41 260
686 1 87
712 2 80 175
240 1 85
346 2 211 226
700 4 18 188 224 260
1394 1 232
1020 3 0 139 233
1195 5 24 77 110 243 266
1397 4 73 146 163 250
912 3 126 128 151
394 1 202
267 1 87
248 3 151 175 205
829 3 17 172 178
1611 3 49 153 215
569 1 260
1327 3 43 58 259
890 2 25 260
1039 2 117 134
52 2 140 254
107 4 53 175 244 270
1357 3 52 60 153
706 3 5 13 55
1356 3 115 170 258
1446 2 14 106
419 2 37 90
1522 3 41 72 75
1291 3 1 30 98
763 3 28 205 226
794 5 14 55 137 262 270
1552 1 244
572 2 60 219
245 2 172 245
968 5 30 42 165 178 228
274 1 57
888 1 213
469 2 25 113
804 3 174 182 231
344 5 8 73 157 256 270
1243 2 81 85
474 1 18
903 3 124 205 251
1076 1 134
1596 1 29
1340 2 166 232
1394 2 25 227
919 2 75 92
922 2 53 218
1594 2 104 230
1106 2 61 161
1397 3 18 131 162
1590 5 137 165 213 251 253
79 1 146
1000 2 49 153
7 1 154
1505 2 138 147
125 2 17 115
505 1 77
1485 1 11
117 1 179
162 2 197 262
921 2 55 106
1054 3 24 157 202
350 3 40 103 227
1196 1 81
1424 4 87 182 202 250
1533 5 27 29 203 204 205
159 2 25 243
1304 3 108 189 218
614 1 240
1150 1 170
207 1 29
194 2 100 259
657 2 22 119
1336 4 18 28 142 178
700 1 245
1545 2 37 224
970 2 182 204
810 2 1 241
1185 1 111
668 1 240
792 2 235 250
155 3 114 227 258
720 1 264
700 2 219 251
1473 2 0 232
1563 2 109 251
4 4 119 128 175 253
473 3 18 49 50
204 2 88 136
488 1 141
978 3 1 85 151
520 2 100 215
775 4 25 139 165 232
1077 2 119 256
673 3 19 179 202
940 2 0 178
905 1 219
1350 1 235
272 2 40 167
1337 2 13 107
587 3 100 151 270
1133 1 88
690 1 224
371 1 77
759 2 5 72
205 1 170
1229 3 19 151 219
47 2 85 110
143 1 162
86 3 37 110 219
569 3 70 141 211
152 3 116 146 241
1096 4 90 110 131 204
1501 3 131 168 178
458 2 81 126
854 3 218 245 256
434 1 203
645 3 123 140 153
389 1 243
1563 4 18 30 99 214
1501 3 81 106 213
750 3 5 99 142
1340 2 188 201
1602 2 151 189
1168 2 134 202
402 3 0 14 242
394 2 0 157
840 3 53 72 169
1619 4 25 57 259 264
118 4 24 40 48 121
1408 1 270
590 2 19 226
400 1 201
306 5 77 90 98 161 259
1258 4 55 73 178 250
1495 3 118 167 197
306 1 209
1383 1 244
1427 3 13 54 123
1184 2 55 139
866 1 258
1184 2 133 172
1446 3 126 161 172
1479 2 72 243
1195 2 40 190
62 5 22 136 154 192 214
650 3 44 147 197
535 2 52 110
342 1 235
1573 2 88 111
264 2 37 65
779 1 239
937 5 60 113 164 173 256
193 3 153 219 234
1112 2 166 227
1565 4 94 170 173 174
261 1 24
358 2 24 218
1420 4 87 106 208 260
416 2 113 205
439 2 42 201
363 2 146 264
623 3 60 174 211
1287 3 88 134 209
1594 1 92
627 2 35 119
1230 3 1 88 139
142 3 42 136 165
349 1 19
843 2 121 234
754 1 139
1430 1 1
1326 1 250
527 2 49 115
157 3 203 214 252
476 2 90 190
209 1 138
843 3 131 138 264
182 1 260
153 1 109
355 3 126 154 204
1021 5 56 73 106 157 162
1565 4 65 111 137 242
231 2 197 217
334 2 115 226
1521 3 43 83 251
1601 2 80 131
1424 4 50 131 209 211
430 2 98 136
1424 7 8 44 83 114 123 230 267
880 2 13 140
1545 5 21 120 248 260 262
503 1 129
843 1 80
1357 1 182
27 1 243
1283 2 147 182
941 2 30 117
1152 4 57 61 85 123
748 2 138 252
773 4 58 109 197 217
91 3 72 232 252
1117 2 124 142
1424 3 42 61 151
141 1 168
1045 2 55 224
1569 1 55
53 1 42
1553 4 56 137 213 260
535 3 87 161 264
293 4 18 49 205 213
854 3 27 108 164
381 2 152 167
489 1 173
1026 1 151
1214 3 163 231 252
1201 2 211 251
262 2 167 201
1509 1 7
1424 1 129
1429 5 80 146 209 228 235
1545 3 54 117 203
1148 4 1 25 173 256
1292 2 72 234
158 1 189
34 2 42 234
892 2 22 35
5 2 44 80
895 2 13 175
1135 3 80 100 234
439 4 18 165 182 218
973 2 0 99
921 1 162
1357 2 100 239
765 2 175 243
1175 1 28
1001 3 140 201 245
112 1 167
668 3 0 21 244
1037 1 239
1009 2 43 219
1339 2 138 169
179 4 58 77 107 136
1593 3 115 121 169
750 3 52 224 264
81 1 253
785 4 37 93 163 235
1545 3 88 205 252
1121 3 37 99 157
848 2 203 251
970 1 25
599 2 110 242
828 2 167 192
1446 2 75 157
1492 3 119 178 251
702 1 123
967 2 172 270
62 2 72 232
623 2 134 162
564 2 83 239
1628 1 70
647 4 7 72 135 142
324 3 140 146 264
72 1 111
1 2 60 118
1490 2 131 260
156 1 54
785 2 81 146
1542 2 1 169
838 1 170
104 4 5 126 251 263
400 2 43 99
1545 5 28 98 118 174 253
744 1 270
147 2 29 253
492 3 93 99 103
47 3 8 80 128
194 3 109 147 204
400 3 77 124 245
656 3 1 175 264
1081 2 88 256
1610 1 157
31 2 35 245
1418 3 117 262 267
1159 3 24 136 235
476 3 167 204 244
346 3 147 167 205
125 4 35 113 114 172
670 2 190 201
427 2 43 109
1001 2 148 215
580 2 161 172
988 1 48
1340 4 37 41 50 174
796 3 29 115 202
1216 2 22 81
1293 2 162 201
1601 3 81 85 142
706 2 13 133
1278 3 61 81 228
280 1 120
171 1 94
1478 2 230 235
668 3 70 189 203
419 4 22 72 80 211
108 5 49 140 228 253 260
1044 1 218
250 3 70 93 243
231 2 139 182
44 2 134 146
250 2 53 251
640 2 29 179
982 3 13 243 248
1396 6 24 48 129 141 201 260
1173 1 260
204 2 108 152
895 1 148
419 3 131 133 233
909 2 218 256
1184 3 77 83 254
761 1 138
901 3 13 110 154
602 2 117 251
644 1 124
1356 3 99 224 270
1089 2 165 230
677 3 98 192 224
644 1 107
1596 1 253
1618 4 42 141 173 197
1196 2 40 239
1357 2 128 161
360 2 118 267
721 3 107 109 151
1407 3 123 136 170
220 2 19 217
1035 3 55 151 240
744 3 0 18 42
1384 3 19 65 260
378 1 264
655 3 93 116 148
165 3 11 92 232
536 2 131 167
598 3 182 214 219
1279 2 27 83
817 2 19 104
1159 1 77
986 3 24 28 163
623 2 243 264
148 4 28 55 259 267
222 1 175
112 4 24 134 214 243
1511 4 42 81 164 244
194 3 42 48 166
608 3 115 117 162
699 1 13
1270 2 174 253
1565 4 148 151 233 262
805 2 77 111
1610 1 111
1006 2 55 138
1223 2 60 167
334 1 17
1588 3 25 60 258
2 1 7
201 2 135 241
1102 2 14 231
80 3 103 123 243
1193 3 8 161 243
255 2 235 248
1119 4 30 43 213 251
1424 3 205 226 242
1397 2 40 54
751 5 11 54 100 252 258
116 1 239
158 2 106 175
1319 3 42 100 129
1183 4 0 108 234 253
356 3 77 239 242
1575 2 0 168
256 1 151
1045 1 264
1367 1 8
1290 3 56 137 156
586 3 136 138 168
191 5 111 123 239 244 262
29 3 41 118 260
1179 2 243 248
750 1 75
1329 2 107 260
669 2 164 167
1325 3 22 65 175
804 1 214
1000 2 215 240
421 1 217
225 4 1 35 110 173
1170 1 172
1058 1 124
780 2 128 260
600 3 28 151 211
1260 1 266
1084 1 168
1621 1 58
342 1 13
965 2 202 240
711 4 37 54 110 214
1444 2 119 245
1452 1 14
647 2 50 80
1087 1 83
970 3 18 22 252
1373 4 107 208 241 270
1605 2 168 266
748 1 250
1511 1 258
1134 2 77 264
930 1 161
884 4 5 88 141 203
772 1 252
563 6 13 14 50 118 126 266
1396 2 99 152
824 1 8
1291 2 5 224
170 2 11 17
1163 1 43
1313 1 240
1628 2 53 117
109 1 154
366 4 77 103 104 107
1603 1 175
1593 2 5 267
996 3 0 21 163
822 4 120 129 230 263
1301 4 100 117 173 260
1003 2 37 172
1270 2 142 202
16 1 65
1201 2 93 263
1269 1 235
482 1 179
1128 2 178 258
1594 2 168 232
569 2 60 215
107 2 114 228
1396 2 73 203
61 4 41 133 258 270
232 3 99 136 224
866 2 13 106
355 2 109 263
1277 2 42 153
505 2 131 226
600 2 61 152
280 3 94 108 226
331 4 43 204 214 250
229 2 40 256
205 1 40
56 1 170
1439 2 205 244
495 1 81
917 2 18 151
1028 3 138 172 234
777 2 107 189
813 5 8 25 43 142 219
399 4 162 166 167 263
704 3 224 231 242
189 3 1 136 227
1343 3 17 172 235
1196 1 85
514 2 49 151
1035 3 7 8 266
1029 4 156 230 243 250
105 2 109 270
1395 3 118 224 234
997 2 21 258
512 2 228 231
126 2 17 120
1117 1 5
1405 1 61
1173 1 83
312 2 41 219
1329 2 214 241
1109 1 231
380 3 85 109 156
1319 1 83
752 2 27 29
1409 2 44 135
1213 4 49 57 80 235
113 2 151 214
1277 2 99 100
469 4 28 135 136 201
1326 1 256
1218 1 140
1058 1 136
1145 2 87 254
1609 4 11 137 152 192
608 3 118 219 234
1335 1 24
342 2 258 266
1494 2 83 146
1142 1 235
1203 4 99 110 113 134
1181 1 208
1073 2 124 266
399 3 120 152 258
1469 2 188 227
41 1 190
804 3 0 126 240
1452 3 113 141 164
108 2 44 118
916 1 100
1529 3 35 61 90
942 1 208
849 2 151 205
239 1 208
790 2 30 230
409 1 80
143 1 197
1196 2 233 253
1519 1 109
1179 2 43 106
959 1 162
1083 2 92 209
723 1 217
50 3 106 213 266
676 3 54 135 230
1270 3 5 49 83
1177 4 77 87 209 234
266 2 7 254
357 1 157
220 2 168 173
535 1 256
253 2 37 128
1570 2 168 188
1279 4 24 170 182 241
1135 3 98 233 234
3 1 256
306 1 235
587 2 153 251
52 1 18
478 1 259
984 2 126 262
802 2 37 226
961 3 92 166 235
1035 3 54 226 264
1392 3 228 234 235
291 2 52 116
1521 2 13 174
476 3 94 164 202
865 1 166
287 3 49 119 121
139 1 242
1159 2 137 165
29 2 11 256
256 3 41 48 264
681 5 81 103 137 228 230
253 3 90 123 197
1307 2 35 262
970 7 7 17 48 77 121 156 235
492 1 188
601 5 7 100 162 202 226
637 2 135 240
399 3 0 120 164
587 2 81 252
143 1 203
353 2 27 109
141 1 129
1581 5 52 53 139 240 258
1611 2 164 260
980 3 52 252 259
140 2 256 258
753 2 77 169
1553 2 202 217
1509 4 56 61 242 251
1214 2 27 100
1587 1 262
1529 1 113
536 2 154 204
997 4 81 85 117 123
492 1 267
136 1 254
207 3 110 208 258
678 4 44 141 175 218
1156 3 133 165 219
1406 2 58 98
959 2 106 133
1423 2 123 133
1324 1 234
1269 4 7 29 151 201
1201 1 107
900 1 24
1457 3 50 134 172
420 2 99 267
1475 2 134 235
1272 1 40
1164 1 203
188 4 48 103 146 215
1194 1 141
1540 5 53 87 202 230 254
1001 1 120
1582 3 94 162 264
72 2 27 167
1472 2 48 240
982 2 108 178
477 2 167 258
744 2 113 135
1467 4 77 154 167 202
1443 1 57
238 2 104 174
241 3 131 167 202
32 2 17 110
473 4 81 83 140 234
1013 1 88
954 1 179
535 3 27 129 253
786 4 77 208 253 259
492 3 14 121 167
1573 5 43 70 108 233 243
1363 1 254
450 3 5 147 264
256 3 27 29 108
104 3 203 244 259
1485 2 131 256
1387 2 72 197
1443 2 61 188
289 2 30 113
1096 3 77 99 121
1071 3 8 123 168
1340 1 29
849 1 147
104 3 126 141 224
966 3 44 60 264
890 2 123 211
666 2 138 202
431 2 11 189
669 2 19 232
407 2 53 116
1451 2 42 209
23 5 5 14 52 70 72
641 2 235 242
78 5 14 22 214 233 264
273 2 174 202
1184 1 107
317 1 0
451 2 90 138
1218 3 7 135 164
92 3 56 99 142
1520 2 116 254
151 2 139 264
1001 2 17 140
240 2 136 137
492 2 226 231
534 2 24 151
1123 3 43 57 208
317 2 165 218
1195 4 44 131 167 192
824 2 83 179
52 3 107 129 178
1490 2 0 18
1610 3 27 61 174
356 1 93
1261 2 142 215
256 2 55 266
220 5 40 56 135 226 253
1485 1 115
1053 3 131 232 233
1184 3 41 106 214
492 1 227
1179 1 239
720 3 109 192 202
1602 2 75 179
909 2 165 178
779 4 11 65 81 168
763 2 93 218
1603 2 42 146
637 1 25
919 3 37 100 117
88 5 13 58 107 129 173
22 2 5 203
843 3 27 136 224
1020 1 244
1345 4 21 188 228 242
1298 2 70 215
257 4 197 213 232 259
780 2 104 117
669 1 259
1179 2 49 57
641 1 103
763 6 21 116 142 201 233 245
157 2 11 70
492 3 14 153 201
616 4 148 172 182 262
695 2 24 197
1150 3 14 19 140
1216 2 121 129
1262 2 55 56
1543 1 203
1213 1 136
939 1 239
1367 1 156
638 3 77 189 231
1195 3 28 94 240
104 1 129
1016 3 17 83 239
805 1 35
1101 2 22 43
907 1 113
1180 3 141 168 245
385 1 14
132 2 111 243
1589 2 83 140
624 2 205 258
1367 2 115 124
1589 3 29 99 189
1355 1 174
1487 3 87 88 146
466 3 109 118 252
1343 1 148
250 1 263
1195 3 5 72 161
1592 1 192
948 1 245
608 2 188 231
469 1 172
1179 1 230
205 1 231
492 2 153 202
294 3 19 87 250
1248 1 99
1135 4 14 18 162 235
1515 1 205
697 2 156 165
765 1 262
1340 2 37 107
143 4 30 135 142 259
1177 2 169 211
1133 2 138 169
320 3 92 115 248
153 2 178 260
62 6 22 124 162 228 243 253
869 1 25
195 2 163 267
1254 1 167
535 1 60
1361 3 25 35 174
427 1 49
500 1 230
1610 3 52 189 230
1156 6 11 18 60 107 131 252
970 1 21
1541 2 114 142
1235 1 93
926 3 7 28 256
229 2 152 224
1199 2 80 163
1357 4 41 152 213 228
262 3 135 168 254
1011 3 0 5 253
147 2 154 182
1138 1 85
748 2 14 27
535 4 83 104 114 142
967 1 109
980 4 25 83 204 256
617 2 42 205
486 3 22 116 203
1287 2 109 173
1201 1 83
582 2 131 197
818 1 134
1157 3 178 217 248
1227 2 8 28
1159 3 37 228 259
604 2 131 173
480 5 5 98 192 243 245
1456 6 17 109 165 169 244 267
764 5 92 148 203 213 228
335 3 117 140 217
1084 1 28
1291 2 123 178
1603 3 136 192 250
1194 2 116 129
592 3 175 231 233
1564 2 141 161
108 1 179
733 3 50 92 133
363 3 5 174 202
106 3 7 235 243
1292 2 98 263
1505 1 72
187 3 25 109 202
837 4 14 27 169 203
57 4 92 119 123 188
324 2 25 54
521 5 7 18 80 164 253
776 2 156 243
1262 3 48 139 153
1230 2 226 254
858 3 55 120 227
810 2 61 85
331 4 139 168 227 245
1214 2 164 188
758 3 19 136 188
1295 1 129
1597 3 114 124 232
712 4 18 77 88 235
586 3 0 75 166
256 3 40 50 54
421 1 205
784 2 113 239
305 1 14
1350 3 178 197 209
1593 5 100 108 165 168 197
263 1 35
1485 1 263
732 4 40 133 173 227
1152 4 58 179 218 233
1619 4 104 119 256 259
1243 3 156 203 218
308 4 213 242 243 252
1593 5 41 110 117 226 254
194 2 11 263
485 2 73 131
999 2 55 209
1020 3 175 192 213
1221 1 218
318 1 90
153 2 21 233
592 2 88 161
1192 3 0 88 204
160 2 129 166
1626 2 106 197
1481 2 123 235
712 2 224 240
1021 2 40 173
1480 1 72
833 1 157
559 3 104 114 161
717 3 60 217 243
262 1 243
1235 2 161 178
967 1 90
225 1 242
885 3 58 209 241
813 4 109 138 215 227
262 2 245 263
318 1 115
1164 4 55 93 175 192
1178 3 94 202 218
1218 2 22 42
521 2 0 14
152 2 133 214
864 1 215
840 1 119
1424 3 50 166 258
589 3 49 72 133
1190 4 0 136 141 156
991 1 219
63 2 55 201
566 3 27 116 259
116 2 152 228
248 3 55 167 230
1420 3 123 217 239
979 2 168 263
1367 1 131
92 4 65 235 240 262
939 3 137 166 189
141 1 239
1545 2 162 197
1545 1 174
247 2 134 213
67 1 42
109 1 121
389 1 81
299 1 174
14 2 118 121
977 2 58 230
640 1 138
317 1 5
353 1 61
1173 2 70 226
1 2 37 137
897 2 99 161
1490 2 138 146
125 2 52 172
1537 1 123
250 3 94 136 140
525 1 234
282 1 241
241 1 174
637 2 131 142
1508 2 208 231
1178 1 204
1132 1 147
435 1 81
349 2 81 148
1214 2 1 14
771 3 1 40 90
1336 2 209 256
1369 2 93 151
1032 1 1
643 1 213
796 4 83 88 111 163
802 1 110
681 1 93
1485 2 211 213
62 2 120 172
1194 1 136
410 2 230 267
1067 3 128 192 218
49 2 110 230
363 2 208 226
1547 2 111 244
7 4 83 109 231 259
406 2 115 140
419 2 209 233
1206 2 182 232
1295 1 211
1218 2 213 248
21 3 17 103 264
813 1 24
1381 2 73 99
141 2 161 163
247 3 14 44 55
1235 1 126
175 1 174
1349 1 73
697 1 30
167 3 37 114 172
1357 2 104 141
421 2 19 118
1271 1 92
1445 2 61 119
383 3 203 217 262
572 2 108 241
1150 2 8 104
1005 2 8 55
775 3 5 121 126
1292 3 35 131 211
153 2 56 263
1587 2 35 77
160 2 103 239
1109 1 258
566 1 110
888 4 21 77 134 262
1028 1 72
648 1 0
875 1 7
52 2 182 209
1451 1 154
188 3 57 109 119
16 2 164 234
1214 2 204 227
1587 2 129 202
814 2 139 174
846 1 134
1185 3 37 94 228
804 1 30
1346 1 42
607 4 1 42 118 173
7 3 129 218 253
289 1 42
1216 2 73 254
569 4 70 152 232 253
1322 4 58 117 139 142
1475 2 28 107
505 1 234
179 3 65 72 182
536 1 204
1590 3 53 140 270
543 2 151 252
496 2 179 251
427 1 230
711 3 27 85 161
1611 3 83 152 172
374 3 7 106 139
410 3 60 233 260
352 2 167 217
1624 3 53 204 254
601 3 124 182 256
475 1 211
1192 1 218
579 1 5
763 2 94 164
1505 4 54 110 120 192
1377 1 270
1569 2 75 113
755 2 168 244
1587 2 126 235
1119 4 25 83 88 182
939 2 17 170
265 2 197 233
978 3 92 94 164
1173 3 27 111 138
750 2 99 121
22 2 164 226
709 3 14 119 164
1009 3 53 108 157
1426 1 65
644 2 92 134
500 2 204 232
250 2 106 141
476 1 190
686 2 13 266
1290 2 152 226
737 1 217
176 1 44
86 2 172 228
1569 3 147 167 178
527 3 114 213 245
8 1 7
1396 2 77 170
1590 3 5 87 118
940 2 121 148
1087 2 55 108
814 2 1 166
1235 1 55
840 2 54 83
1588 2 174 204
427 3 88 117 172
305 2 250 260
476 2 53 153
1613 4 43 48 110 252
930 1 52
1315 1 161
205 3 41 124 219
1300 1 263
333 3 22 136 147
1190 4 21 44 136 264
1018 1 245
473 2 147 258
356 1 19
229 3 217 231 242
1294 2 25 189
969 3 49 107 152
127 4 17 92 121 147
262 2 173 205
804 3 14 58 164
813 1 60
95 1 93
1060 2 19 103
572 1 214
1087 3 129 208 241
706 1 213
727 2 241 260
1082 1 264
1067 3 35 57 119
706 4 139 146 224 241
4 2 134 162
1446 1 147
1004 3 138 147 170
697 3 81 189 228
220 2 8 201
814 2 87 100
1185 2 215 235
955 2 0 179
17 2 113 215
71 2 128 263
116 2 99 163
1216 2 56 170
52 1 100
52 3 134 201 230
909 2 147 169
1496 1 58
1383 4 70 77 98 138
176 2 118 241
1254 1 215
662 3 60 116 217
221 3 60 129 215
1573 3 80 134 270
1560 1 94
1262 1 243
1295 2 166 251
1300 3 151 154 214
1556 5 35 126 141 169 250
1509 3 42 56 239
1314 1 267
1377 2 24 197
52 2 109 251
1477 1 24
505 1 11
1259 2 94 111
824 3 42 107 156
1028 1 134
355 2 30 117
1508 4 1 28 140 208
885 1 99
561 3 14 43 49
1172 2 24 103
204 2 27 162
1196 1 116
1501 3 124 172 263
1019 4 65 92 170 224
72 2 154 161
223 3 135 175 240
1010 1 19
20 4 0 106 113 251
538 2 120 256
1605 1 188
645 2 227 241
763 2 169 226
1292 1 215
1443 2 85 116
188 85 190 57 103 29 19 219 189 208 41 83 192 27 260 109 214 267 165 114 262 104 104 58 201 129 161 119 135 77 100 120 203 61 166 138 141 148 42 43 17 13 217 259 57 118 256 107 211 174 137 141 213 137 72 83 251 167 29 58 262 146 93 258 168 233 252 235 5 182 81 211 205 21 174 156 190 192 264 111 29 263 270 262 152 106 157 241 108 13 234 98 208 152 40 267 50 90 245 92 214 117 137 11 142 215 110 248 179 18 35 266 88 30 8 123 167 154 134 25 28 44 209 148 250 50 168 153 1 0 30 259 218 188 115 226 75 52 240 137 13 240 169 134 232 87 61 0 235 254 224 154 157 157 163 109 227 7 73 147 49 100 25 61 119 139 239 22 42 253 231 14 252 217 93 139 72 174 55 156 267 208 106 234 167 24 100 128 113 151 267 244 203 108 131 126 48 174 157 230 116 217 167 93 256 56 103 241 142 172 109 170 99 188 175 13 124 139 90 37 52 136 80 72 60 131 173 204 121 88 241 133 211 202 121 94 178 224 162 110 65 250 139 70 228 197 254 58 157 56 54 115 53 80 65 232 94 94 140 264 135 244 259 267 260 256 242 85 142 243 164
