256 1938
208 35 1 30912706 78551939 131906284 150274501 195059043 278026568 279811155 424352541 474800937 493016035 498062584 499692373 508208111 523175622 544948229 599001799 615093236 635113144 635418836 636239574 659588521 735485943 755440695 763388266 847368513 849118472 853762678 860890877 895888588 903129563 925695960 926784894 960577269 997698539
12 43 1 4866654 5651025 27204684 44057593 69408042 84835137 100646305 110512201 125712890 144034424 146930459 229415284 330226746 356274378 401076845 404532076 425188189 454291480 460245903 496071391 510445733 533057181 610235906 647932199 654276489 654708243 671692016 695007735 696690683 711366075 729357864 730942836 746838105 752933084 771827064 772313675 785713914 787791974 890672520 912175275 922841165 990141354
97 23 3 75981889 95278675 104869129 244438578 249196425 278836896 317082851 408500574 409598624 465341566 590115831 667143144 677998423 696475769 697069528 706375186 752356182 851071301 948653251 954760126 956960745 993889221
77 28 1 35304597 53346423 70064889 74056045 86025989 116914401 120263032 138108172 153351559 209251515 241828856 268356974 274888751 291477564 310047180 318835074 335678376 363826626 476130624 570561657 598195230 654962395 658596218 725994937 764076847 948417920 954933580
172 42 1 43128479 47905778 50425568 71148142 89473261 167935745 193882401 219125192 226497818 234102272 238963179 254480822 282396646 283233370 338990147 342161045 387536135 390855800 504276829 542795278 554977950 584885090 613622864 631211913 637032733 639174309 642085218 656313508 669741393 725467047 733950975 742990155 764515705 774019915 784794828 838006661 843833921 854513676 923145735 938383203 993604473
177 26 0 8425977 48145235 170293048 181241963 242734612 274204553 284495001 322097604 327942149 336305116 345718368 364373841 419919688 422825001 492201367 497596048 551286606 661319625 664854612 748581024 803879974 905647440 954159883 978791389 999505279
34 40 10 33439952 40056437 44983850 62799050 67259250 72993091 84514826 88207370 114713810 137462183 143263511 169675947 205605013 226374624 237122252 242674440 494566427 552621824 580809579 595845950 607599699 628562494 680124371 694218453 758272116 772166700 798916074 813311940 816450246 848214385 868646653 878317320 917382002 923287384 934163211 960134547 980188982 991962799 993251506
80 37 9 21839349 53637336 98442994 107804133 128533669 131296539 167573670 237001823 268089867 294077932 309477978 323726664 358363789 388200516 390212390 422054864 475367433 478154655 484897293 486448611 489842300 539822138 581855038 586997299 603285794 621626169 631543844 673284893 683616520 747073861 752266359 812032594 862857394 910159914 914957902 926095602
114 26 8 39260146 128640671 132882205 154862308 180686060 193325954 315857532 333856791 353778325 413439266 423313427 427012281 562913150 630472378 689158757 731153500 792372263 837543369 844718125 851522905 854210239 910205714 911609658 933877992 946499332
212 35 9 20436736 28063423 61555564 103969644 126682630 133156242 196370842 231815792 253313855 272103589 290025624 324518276 347478326 423863307 476918986 483707363 495500577 516205507 539120183 553653472 598945822 608151014 609664778 665182132 671573693 679026304 696930230 705847874 722435039 759236721 802090827 840480613 921144835 962183563
77 27 9 26444878 34120041 83528599 231607883 249639342 274100717 287764582 297809482 398010115 487765842 498626822 501402802 530244659 539250116 563121876 643707434 654965426 677194341 752119388 803072626 822192015 835351945 836995885 860811812 892717761 916360405
102 29 10 96951763 114418352 177281745 209171950 266275413 315543950 316422759 350123429 371267261 476995076 496125459 528473167 553350574 555267671 563070666 628947382 667321790 680420385 681474411 784364170 805529584 818079620 829874508 845739865 914821246 952497274 953625663 969657442
255 30 8 41232110 41252200 154047154 165027045 166456518 181400874 203572233 213332057 216650471 283248845 290740905 296391203 409501743 520242949 545860236 581356523 618048346 642129353 801029805 804921625 821087347 858732088 860790022 864594595 888189656 942444166 964947502 980694287 994376664
237 35 8 91973286 123328993 143722891 186979485 224497457 225475391 236317563 276709641 294292011 296984650 324287417 335790519 362760674 411365201 440663048 520159203 531508154 579070821 611409902 613576293 652771446 692214672 709741123 710359549 725237031 751644479 799196669 833842846 848882791 895752264 960352952 975072111 975242551 994906112
36 36 8 69443163 77544880 107423564 121063280 121307075 315912051 318445474 331575544 345871693 356009180 368177685 378272628 404232591 446602473 470625698 498141987 542492700 577531263 616153984 658676417 659582947 660267663 676504547 727386259 743381077 769174947 812756184 823452084 837898546 903901758 912542225 971934778 988111118 993548992 995067259
185 39 1 63602106 76711660 161901054 162290774 168505638 173289800 181495133 189864384 227609738 233418639 269974960 296986227 360409188 370982605 397977377 414240964 435010389 439277524 451260753 607947658 611419346 659420254 663865893 708991958 713538048 727494507 731755178 755330476 764289012 800280502 807490872 842301327 848384053 866393435 873995768 916607505 932054153 993747575
172 36 5 57239958 76754358 91077947 170069421 175200255 176185398 243404190 245732325 306896795 332204255 428845822 445596173 461359856 465557031 567034040 598211285 606304131 616713113 628867268 629240448 635469721 642093385 679489957 680382603 689290537 742023249 770374026 774544054 817385413 819228104 871518224 917368144 917658821 919524660 992573633
112 38 10 35731218 63505649 126616160 131446881 171868544 248773070 271214598 280000344 315377904 323295782 332231919 346402053 385538611 442122135 472096329 473232833 492079471 539391534 549115308 576911014 592080669 629357292 636509977 659823932 688508993 717422758 724878645 726945556 736140069 777538400 807958843 811593359 821333471 848710220 931170734 962074712 999066780
245 34 5 23987320 43431415 44356953 49567964 49568097 65004821 97014386 105934302 134898365 155363903 184089441 274663422 306434539 329002916 331290336 345311389 387677714 441855458 575135408 595316696 621072864 624938056 751305154 762804088 768355180 808957871 821641837 826367652 873546211 975943740 984933980 988289293 996059223
156 32 2 1991101 11059131 98562214 125959307 151489129 174434009 176636920 250764196 254742827 266847845 267761075 309405826 310335405 316086106 333858271 347061506 375454889 450834928 522048716 543591579 626849107 638986511 643774084 697610367 707308864 772530522 779662442 797858840 899747552 936372703 991385871
190 36 10 4060529 33179773 67931587 193065312 230345446 237655484 242634297 264031798 275836474 334864403 369648351 405849563 428516665 465940972 493461498 532037792 551252960 551541915 596997956 617351695 633371548 635688000 726757122 758633865 763332376 768888496 772435239 785180074 834014421 872898266 895089695 925089805 939739365 956039361 961442708
122 40 1 39924 70671065 73678063 123785661 148379533 225853484 240702671 240703946 264074433 296374564 311371835 362764389 370038313 405227586 419807386 519883752 537268805 546750514 552672358 557085666 566011480 650272720 658429148 680298526 682939035 720520539 753807301 761966162 769711966 780004430 830822107 832803801 846356565 883358191 913142405 921612391 927208101 958005929 974235492
156 29 0 28082469 60987945 331448525 401791849 441952465 454013618 460117566 488006107 498497489 513926008 555473208 584167542 593211365 601676399 621582470 647113272 675083388 683035506 787182764 789814105 811635252 867912371 878752100 885110566 897263002 907261273 931541239 997120144
33 36 3 57252798 76836878 94588457 123312726 141844097 145141131 169803636 182663600 199263981 235297763 243408140 245147169 250155956 310641087 321658129 378058575 395723675 456280733 546876317 551152846 560917204 641186793 674420196 754313203 756471584 772134756 814208239 820367580 893327786 899131691 900628774 903152283 904330086 917856419 999547083
67 38 8 3878377 31380422 48140097 54506074 185270418 264629595 303046465 374754718 402448225 411247896 420654185 477385770 480335547 491074528 505591174 513020621 525913720 568966756 582822168 599322503 600585931 620500463 621003647 689913385 712655526 790944523 825483529 833634918 878506334 896450942 897425175 917914469 921749682 927415597 949054883 954859505 983165765
234 23 4 296445 33674496 44245283 127025111 172586490 227527858 336094650 384107575 392087170 434196085 443217077 524641779 650533294 758564886 787570309 796835137 826417415 864838286 892522728 916090832 982348184 989885037
255 37 2 51697833 77620239 100576213 122167439 132930567 194272488 204502520 230176426 232781429 245225096 263284028 311806783 318798767 327358943 330087884 331108303 346254812 363518328 404578691 423334865 483553178 493689621 529545698 618733671 653084760 812166990 819963921 840114547 845267515 876130827 900969348 909668185 914195190 930445509 983467858 984423084
114 23 7 105844966 166544565 171204906 189578807 239967928 282797545 354977773 432846231 467093853 476875584 480815937 486968981 548285175 594085769 615598271 649178987 740061575 786360958 857083093 865148017 944658514 961154972
62 39 6 25730946 39216466 51675592 100969820 139912932 176948576 189410449 190798112 202691060 231254413 232880333 257010280 300950945 343694477 384262632 418596187 427960997 436859328 455807268 463678066 484007968 498375826 565173373 587221781 619835851 659052400 679621802 691907662 697666798 720178143 741082210 747395751 815449610 835707768 899463414 975674905 979448776 983629455
88 30 8 96120893 162280950 208036964 232194992 242874846 246273465 275571315 297908653 388778565 388790539 425677913 434533732 446268729 454215169 489157075 505045119 544341517 546392161 584651283 605632538 667928137 735740322 769408194 790656992 795275872 815731799 826214990 861958482 930370416
239 24 8 8251502 86960216 98818311 122683116 128426831 138727148 287041906 324426312 472386599 506550457 598570221 624017350 632899530 738998130 743953986 756973302 816839149 837887178 843867846 892077963 893106242 928151377 947009340
84 32 1 2000015 28739323 75939966 151610123 188415951 288681931 325390486 336927164 343281783 350813241 388796555 409746888 431216785 446322652 465310300 482782900 498503757 560196915 562923586 575186015 602698847 618922804 686624862 715351342 755380700 771940362 780634256 844462172 917360517 931773373 992285520
97 26 9 84583655 100179449 132223247 188106446 191031715 210816946 270330546 325271063 342745824 387679193 412225353 478111179 506135989 506348204 620124304 631271135 649406329 660730128 670409503 687175630 701855260 800097427 813887662 880939951 992455288
228 36 7 9169488 12376663 56167608 66993337 106270322 113697023 125569726 141924582 187762230 213908516 214495758 237686626 238889081 248254557 271749050 293721894 391126820 426099285 443477213 498905018 567041207 710103948 763912418 806046431 834978607 869530440 870902326 894805045 907996869 912975613 975328301 990333941 992381408 992975538 993106101
77 33 6 18025297 37759315 53049485 144566749 152877703 173068510 242752130 263213639 306977843 330439154 338466642 358326361 378209316 392925796 407731067 464615467 497501122 513384684 631152973 633340834 668636433 713386969 741320646 773378355 800712311 808645183 837529857 883044697 886680644 892726198 918387605 987369392
77 29 5 4499228 39308232 48711280 51356386 51678616 52173396 52908447 124728596 126303127 149747000 160183956 251656660 276042128 288310983 348839860 468498204 509975265 554987842 621796259 634811268 635030794 661207373 735420908 755724213 821357691 881014117 889341476 976159912
170 36 4 19411446 50981882 72690238 75391150 106374336 106904234 148127076 151130331 194291725 208560060 214881226 261677086 416607597 439241802 469451061 492374893 585881687 632829881 634452665 644569188 665911231 669198071 682115563 683402245 689352499 716564492 736561494 803098380 855616073 897385162 912038113 920875982 924132412 933707050 968769702
213 29 0 10913320 51436143 130814389 131977187 169480275 180939593 233346838 309741491 318825552 336430525 378299731 382239296 475209122 491535134 494934139 553274316 578776734 615222810 634536888 645672312 743331726 794464515 809184152 828160626 886126491 887217169 894743601 949459328
88 34 2 15244490 45584404 66602478 69709542 78174230 91336691 192812044 239982138 320893192 393406271 394769511 452463310 465907973 468002124 469500164 529225090 558545804 572076761 589945658 606951421 634528840 639687359 649193765 662405751 680561138 711783228 749134755 752860429 800796295 822447099 861641539 890060479 969458127
185 36 3 16680919 25240276 61699965 174775258 201379349 226117168 301850984 312955675 361816399 361964157 379410732 422277996 432427929 449863605 528291283 542286538 542594671 558280174 558631536 566457277 582954292 618763646 631757973 661151004 752163274 762304002 766475582 782696989 810044833 874084056 883110126 895767411 921166628 935091670 994578534
168 35 5 32079451 125449208 215699191 228875461 234637717 236176804 249624229 296790870 297617820 298048798 300643316 315664620 330657160 331214954 336662477 407612055 465755685 546308598 683936601 722439355 737166889 767458304 773857291 796803952 798658905 811916350 855324221 904449585 916847857 934110237 937360759 945327300 965592770 986318295
219 43 7 5218069 5764430 10737047 44912563 49398930 82153467 112187164 127286972 141803409 152271712 173278995 211533238 213188973 270743257 335510453 375207797 393049907 403706798 421942571 455001160 461668316 497391525 514696416 550999682 553564242 588944760 590391291 623256690 653748528 653766378 674660438 818465196 820225400 838035165 868861694 872559659 873581272 878498753 897527147 912394224 971168135 990080032
82 40 0 6252487 22121279 82413179 91241698 152081991 167634619 169928925 182650243 218535120 236027604 240114652 242924773 250061655 282864243 303116310 310961969 321064238 321356743 324101606 365129780 368057287 377152113 410690400 413591172 504717772 547888695 601417297 646859733 662672295 666836607 699902408 709274688 774393389 789624538 792532191 796078545 856511532 963223425 998384037
246 27 1 30307518 50978271 97070637 152835655 156505710 163191742 170542892 184289520 209526837 305975595 335666553 354178201 379266709 390165486 474299860 483552909 485261427 571625297 588428124 661620000 743734672 760293464 789590353 795758845 851390939 928207990
102 37 6 69118346 112370962 113900199 125390858 129360874 135691535 154401842 167745939 198566645 245630789 245938903 251789682 252190923 275326329 326575587 342097999 359469757 412098308 414067271 436043419 513579484 595013525 638937890 649862617 697303767 702964210 709104770 721643131 726039802 755022921 773885819 803584548 853335042 896320596 931665617 987759356
207 35 3 83164067 148788196 165056356 168434996 183161823 195187943 275843023 279661085 312300864 364132133 401460101 417108365 420073580 447676750 472051488 504978860 516120977 546359757 552904417 553870170 630876410 664083806 726991921 796352234 799024239 837666838 850598698 877562766 887316015 941612460 943048781 976795239 998119654 999271124
246 40 8 6250721 22419865 33477300 53255808 62107327 65757969 67201974 69186203 78766271 117527788 122618470 142141622 237439385 252670058 349785228 396316757 402011160 411410698 441724439 462369958 481486676 508260525 537701721 549154991 579306624 585817107 602754411 623698304 631881986 668022345 691903323 758436871 764345542 798840924 832225764 891335240 935217466 955525053 996279904
215 28 1 19299702 57949219 110349849 179321866 180669473 191340672 213308054 307765750 393534999 427212681 475993667 509275065 535539435 545608883 578021056 582257808 597685180 622678921 654220621 678243000 683205443 737199253 739037435 840130395 840656929 904558074 974133063
122 36 0 213032 23879348 77030784 149234751 175225538 179856165 224896703 277163273 313402323 336665858 398310341 420721699 456868113 458751759 461711225 535634022 579839867 609631340 623434980 642004179 672681443 697006546 712091313 727481899 730693194 752558919 766078207 804157520 807138354 857975614 861232483 863541229 880191311 887488325 905711903
47 36 9 13313624 29543949 49682500 73376593 173906686 176140234 202820434 212168085 260016669 353251858 442474447 468867258 496156318 523875127 552524296 559086027 559623198 566907811 586954409 592050210 647492337 725209792 752989276 783356559 784996103 789805101 799900262 818987219 870662637 915839650 927961108 950279872 967387572 983873619 989826721
187 29 2 122221023 153511373 228681847 236204328 277344874 306048240 327489096 371674963 379793574 387919965 389628115 390612751 415556882 418908434 424179398 470194939 492527673 573741904 584108999 604846925 667994206 718203016 791451692 858377387 968638343 976494674 984700100 994002044
228 29 7 36427864 50263338 65305628 107594819 128118171 156308112 165225945 171438895 198602661 336834575 480085196 538545338 556303660 594954431 635781299 644570997 660283569 692059446 699978800 745543583 758162006 843173246 845242501 885591122 891963106 915527226 977889736 997941797
86 25 9 32769194 66180130 84062637 137807301 247087759 257713059 280113266 295980149 443657382 492285110 494227503 496117536 514802755 525840203 586441716 628439184 717964747 734691173 761494614 799216838 814942865 819740625 878100049 996983266
177 40 8 27090159 46256647 58086735 116618076 232279519 261098074 289667015 294686444 311819713 318021838 354212058 378997214 393597494 394439203 397118182 402174068 424607170 448392288 451552856 452733043 454549508 528460938 571937112 581599641 582036345 593931021 624437424 681276616 696109871 772626897 884383630 897634342 906060608 906186600 937336351 941140285 949856002 965834488 990010949
11 30 3 8703667 30879373 34138375 34635926 160337263 214804075 233355551 253838187 319138209 363549140 440233612 442089602 477724241 479657157 512377181 528037730 531065811 543509023 574203654 575175873 742402806 747627387 762790463 796501504 875917885 886792107 890245039 893719799 923267284
90 25 8 166587 9649621 34238663 61938490 173361328 236815879 332442062 376360303 379481355 385042427 387166263 391534162 395320474 442764363 495982305 545494583 580041764 753369674 814440901 880038633 908830422 948028153 950860379 964413187
204 31 1 56992590 70327234 92145178 128926818 214931346 304749736 315360052 351763576 367900339 387198435 412935941 442583751 569958448 623161384 655911382 691941429 746424336 796927744 798046475 808527885 826910888 832184872 838239906 850614415 851466775 855514319 864392627 952531490 963396080 990792067
83 31 10 40915767 121723953 151820063 204702088 212540060 216652371 267735877 291133801 314598136 332709288 343606344 376806690 431627567 433523174 438429749 439873774 466492623 512974505 520508326 533685332 568501386 642917033 655043745 693230466 724011846 751745462 849961875 855788287 872259205 992010093
147 39 10 45859270 67856166 71505567 171077474 172449869 192797929 208949151 217075716 237225774 262403897 329079971 329452107 353973794 356936491 382007306 399833642 428857585 471360836 502251274 573151846 591157733 603782385 634453954 659620770 665130883 695035688 720911818 735630388 735992051 740413005 786938485 804219698 856948057 896278329 903742354 936464326 958746487 984739495
250 31 2 10834534 24497277 149224590 166244113 192577062 261145625 267299015 293273456 306902381 323241264 331622679 357445415 399684421 405750142 481507682 567189647 640801967 655822853 665354449 691238772 707955796 745957392 830771517 843260476 859312141 883635269 940334346 944358114 966703660 994302481
140 32 4 33366571 59698687 78787710 81916904 110313166 151221499 153510218 233416756 274308490 276227873 326276906 380799379 387383281 429817041 490171049 539078329 584558323 591989179 683003065 687166848 740847521 797082760 800076236 835214946 852739106 877530736 887150960 944178314 951849738 962790406 985485231
23 35 10 20280504 33145362 71165527 121836372 153602487 163748015 190025076 227512088 233043896 280068878 402791295 501064063 501491692 503466755 519687366 531993470 537604546 587215737 638298467 695901952 743527691 761090576 784711507 799233457 840171415 842955158 851223487 872683620 885930301 946919632 980918075 986108998 987941377 992487561
17 35 7 18021744 90076884 124694401 133792407 172521917 202998990 215682375 218268810 287403091 326498384 337625030 341372715 388736954 404019252 454725403 469935552 491724991 563292556 563812169 626733544 660305396 683438606 747628685 801459486 812329905 821783730 848364802 855796504 908979839 921101123 928307225 948287452 977155772 993498426
79 29 6 51596548 139452447 295234016 314556156 316794409 348020562 355533044 414455905 436840285 512172167 512400661 564885533 566644028 602564070 625782397 632513825 645026911 676541944 716206109 736420660 812119061 844120326 883648147 902888988 939320343 970876352 985098886 992427951
168 35 0 33914362 40362996 253849788 271387621 296317755 308975917 311979989 337490831 337593722 354946852 371492737 379440737 393013350 432229875 435414110 446780326 492481516 500483688 512563835 613920371 616466943 756389741 785399112 788354927 790081032 805021747 809926980 828751347 878434583 886246833 891465564 936780900 970413565 983654855
8 29 5 22351974 61656107 65576838 85125116 106072229 259550076 294557175 302009534 325897007 484391574 537514225 542402779 555243048 570777928 573782043 603472372 682391262 705698618 742690245 751287640 758678048 814660849 831952429 851020411 873105631 925297950 943619008 967020008
117 30 1 32397629 141673107 162583127 179329178 236868653 237268031 291917154 316514304 321467582 351983161 358531231 361312251 375310312 433229412 471179763 518215283 588658912 596732741 621685093 664347016 667985509 691711038 706439243 776765545 907745196 925560093 934603987 960030112 978948631
75 37 8 105043481 106837503 107743442 123615518 140052120 146410429 152859223 157800480 228967447 289554926 301972903 327136673 344462103 346575042 355913305 400037685 421920131 475963226 509326457 513493515 564558341 587776828 681453558 686513468 709980185 721202083 785473748 799826155 808788637 814498574 826295098 829151171 888295910 889933870 890748854 895710510
23 31 6 7811358 37851764 58540758 101387779 105669182 106675225 181164689 228092836 236428807 244179912 244389670 262397459 348613590 364171842 431667461 455345718 480992771 485809387 517963273 527310045 620684960 626081402 639925494 661898115 665198709 732324037 880929499 950639566 980624729 989249843
5 25 4 128206196 305230257 332493068 448544722 514239001 524954306 584995603 587092821 653252530 702924118 726339433 738240289 747585527 778377904 791288901 815134276 823054977 835072481 862212039 881521841 892912822 927635970 933333181 936303268
74 37 10 101234205 153853580 165752255 168256258 183937402 192811629 201434757 264019138 266817562 279034769 300058758 303589129 312134714 353729043 356892455 367916852 377264979 398999886 405965147 415746146 418264049 445481231 466761689 550144953 614849674 615435665 615923064 711009043 720429130 755867589 783664684 799212773 826395957 848293538 900047163 950808651
88 36 5 39980701 78502793 98750428 147213286 190328115 191885385 204863717 219370039 279928990 347949823 362938980 365720585 417273878 493946032 568562823 574643790 592539599 593058132 597442584 633655629 638468359 719281670 720333373 723371085 745651209 750674997 752496237 765182004 808687978 867784247 880271492 959888851 980690343 987177080 998752885
187 33 5 47467650 76200825 113133851 141937340 178143196 202695085 241301920 286975841 297102465 321824062 323838709 352364422 353112292 362708334 493723563 540893229 601721128 656627551 668723104 673020458 709878747 715333555 732103362 761697844 770169879 780184635 787537324 878847294 894333945 955353264 978040794 987692397
206 29 6 26646086 66093249 74681837 123924109 182193004 260309670 276852937 299845228 306105310 313351474 360331213 414256007 448375963 469076002 470490868 473574780 527862834 528996617 531735034 559524900 576665961 596797502 644324962 694477138 765431819 774126479 928055314 932303243
178 30 1 23075146 30957993 71691989 74267614 171526647 205273886 257211254 260785396 263977675 267114054 307661199 313611264 333972354 348980501 402796455 451101974 459209327 510256472 529478004 579794452 622147098 651527394 658450649 677775683 710169147 746690778 778809865 933949954 990336950
168 27 10 146964359 202533224 395524242 430995631 482210870 556635819 566118191 641110526 663900039 695680082 714806240 720544868 727146163 774476232 783891299 801965924 802508035 841004984 850871961 851376000 913882254 917843578 920570019 922639562 993703668 998489837
63 24 12757918 33497344 91316977 151438407 155065119 184220808 216380304 225447734 263662030 282602032 364640431 404397831 414592532 526498793 552591112 598865480 606930256 641363871 642872793 700971584 728420862 730705430 793590867 854114966
21 32 10 12927066 37467572 61917101 81590088 115576187 133148334 138400753 168709330 209923351 240276380 313971574 360387770 395759020 499754754 532586654 536068929 537495519 567275676 654166031 704364158 756815397 773767622 782736584 799487359 827707086 842008376 872666280 902069718 976214765 982163256 998442081
22 38 5 33520505 46443776 94143440 137986550 146862188 193554078 302962385 322102952 325575067 359262647 404217955 426614589 457899139 485345774 545497774 574025544 579584809 579993416 582060302 596108715 640878885 654579351 654692025 676562480 677305346 712742645 724543313 751626161 753866599 762409053 775301520 793159531 817854718 894725494 900622831 966536063 967994378
112 31 2 23786079 28325160 34033740 71726584 140914609 238832028 239874483 254897851 260614898 277638387 285164140 333773393 361651684 424268184 441182001 469903782 473226214 474686317 498671195 518607429 568749602 714644160 818547998 842164224 844554799 870142516 895017760 945380520 971954189 974307792
38 31 2 21550987 111223737 120951108 121460430 139494143 156964299 172941818 258709982 269691556 348322335 351340510 386637995 431818943 449791093 473480363 479181945 495159183 531602965 541176388 587134473 614068116 639136725 761123219 794723909 803396508 881617699 892161531 975271564 985601789 997795929
77 33 9 77801454 82898131 116967647 148688324 153827132 164559369 273538670 281483049 331868378 378386960 397055563 407230661 409596611 409743553 433976093 462126788 525843803 547161728 565419812 579526183 613932961 687283267 710215574 733968479 736218071 814765263 819362295 838621892 856102511 881536421 917253553 928846264
153 34 5 36945980 79177448 91620530 134738376 170822361 191926080 315435481 333635833 345083281 366693587 426310889 429094497 445640468 467229215 480222578 495148120 586772426 617261147 620294618 631319080 632964244 708725463 719345995 739112351 739494178 766878862 803729103 806413751 830597655 855354804 855413388 925943838 970018237
189 23 8 14201155 19396178 106177987 150267156 174156524 205401050 247685773 283596800 299849417 310352334 540820507 551606533 576782920 821644166 830689026 844365832 866706451 901632883 905979302 938760861 957164340 957201350
181 30 9 38432730 42429182 133741833 147194278 156547773 166067686 181733051 211693140 256243010 257296533 299188090 356866507 396727863 400797209 550112476 554409838 600710117 608029850 622060392 690269251 701871401 731125908 760628378 779907349 780175592 793217179 891200726 906770835 939037768
219 42 5 15295019 30551665 44608262 52058009 92231856 112248125 127167706 133012023 149539483 189414889 295807114 358430305 360445740 372997227 374096214 400748033 422857723 423333386 426619009 444156895 474113198 496559327 506273123 584106835 596555953 598631036 620959831 635626973 666387439 720122843 806170188 819264483 828684607 846318565 849273723 860863602 902777574 910520092 913222878 960301047 996313490
177 31 7 49830980 74372692 113244312 126271854 126375810 145587098 182738392 209592668 236395778 261694145 376322644 414540758 419614900 462662955 480928569 505344464 539384332 550939800 592879542 654153140 655295297 675565608 694252444 707948504 712395302 719561696 743346030 840825057 935739824 946957676
246 37 2 118157698 128131775 129246759 146294731 150398286 186702396 209186166 219272896 221733634 250420826 270118469 280371034 300116274 333599343 349024381 497208424 514579542 536722553 626277511 656143701 664080709 664613835 671269109 691757733 739239026 754385202 798008575 803960994 822621122 828452752 909281053 920368471 934942603 941550551 953009259 970947091
167 29 7 37964782 39534377 51761658 59027457 99665853 151792489 213781690 215904206 252540622 290334042 339022700 359162207 375814509 402269264 406968782 452923067 516551253 527865479 532353780 560714255 596726186 623154417 680592918 799330974 856023380 874189092 936221002 976711668
114 35 1 92566605 105477206 107813275 140879152 214901413 224047011 225206975 233903896 255916215 320676412 348247477 380897158 388363965 399650495 405509001 433141654 441970380 482557502 547910394 556769268 584815849 602844524 621165245 645628830 657465612 689328050 740737490 774103456 787419285 819050342 856784915 894633515 910496079 989661816
236 25 6 28227519 53513760 64940701 88511530 130138175 146418855 156252385 157591766 163164814 221547014 345766339 416081760 499464036 535352666 562365276 636200013 672384287 725445051 733179383 773405434 881321250 892385684 966083449 969677945
227 25 7 48913169 86234114 106355381 115974887 141833439 271258071 306777132 405151951 432373122 449449971 479283735 497798519 527066114 609321419 642534887 668354760 701223075 747739842 828191735 858679732 895483421 904755944 919147200 942264022
198 34 3 31514008 100181883 161042125 174164612 179705461 187419560 199193094 211336832 229632532 236303099 261130057 393192572 409602152 447144340 464992953 484648715 485809000 524012092 549922958 567876045 590378148 709316514 709869769 755040464 781927129 813138955 880204228 885542740 907359085 917160084 942883141 945214768 976757150
247 34 3 87809773 128159479 161876218 185057989 187606356 196739753 266128484 300141227 323074726 344166802 426488601 431374203 439490990 487483912 525070196 540920339 543264227 543457708 613811730 624975186 635825006 645684418 656086780 656283065 677772926 686542012 693563721 711714552 800833109 852883052 890174373 953594368 961382220
147 31 9 46346828 66848469 69680248 152541230 207359624 272307736 276113122 276769039 284546331 296025536 300119895 351245458 381121946 390108946 407371039 477547957 539123256 554614388 620119305 648090849 710338725 744108789 745529214 752199264 769991970 779235845 950633087 954315235 963408710 983176033
105 35 3 50729094 61108588 75614790 104187969 115693724 128044679 144134365 195603523 204824092 264698261 417543281 434438907 437195805 466680774 481837617 528611251 541182110 545509541 634419128 649538073 655673507 661333304 685331641 727344379 777360524 795338900 802162290 806908596 808695086 811318683 827329494 832496862 851766405 892962673
176 40 6 80885603 94233919 123227481 218927122 233589985 268068266 280456624 283724936 309055366 312999423 327882848 372294040 394129043 397372921 424995562 458426505 493316637 526762592 604450570 618275693 632023175 637784767 660207084 664981563 667950705 708978450 734405558 747576493 778922822 794468378 808647588 817731718 843086976 851064631 862761183 868486945 884841614 896421697 978970300
40 27 9 28686869 32327603 63378674 159926003 219163569 252209645 343169050 352023238 353070793 390933423 435717308 526354758 564454518 564769695 609956062 661838153 717473296 784855608 816033391 842293395 845428626 861106414 880443849 882022146 882527493 957846142
97 24 5 71310530 95635777 146794597 184568412 195537526 199987265 277862894 293319786 307376106 384581385 432624187 524616703 528228137 553290476 641131134 657829387 719856134 721888980 724178184 858935727 874361853 968566204 973504628
224 23 2 3713331 65758023 176318615 209435322 249742296 405112378 418335441 434741319 438267831 447061806 502968278 571041537 630869286 696783926 716324593 773277022 776902899 783675420 815669545 933186459 940273346 994435637
246 33 3 29140358 38078177 111007515 135031665 183164376 205851674 249158264 291204197 436122672 447064864 449303444 505126192 537074848 558899791 564078093 598693911 600371400 614469212 623627111 642984054 696888443 700403135 727970779 816657055 841696077 867224484 876801954 892839557 920669424 923772514 938237183 959907251
122 38 5 7138435 214034554 278343077 291954832 352177697 412103934 430416068 551815396 599200938 605170565 614960169 615855588 620153897 628317596 654938247 666555670 685166683 696127545 701093171 702742856 779624138 791513687 803880238 805322270 805386245 814935117 837005432 854548004 857783751 868525664 876450626 886998368 896292265 897610938 918185815 985066580 998054341
17 37 4 7348664 44442022 77567823 99652338 111893060 178945584 273029177 317340343 355325138 400643733 426887431 455591699 481496164 487721316 505626414 518895975 537732601 582066589 610224876 649672025 685584605 691759745 706911776 709642615 714683981 726310202 743899268 754024480 761169819 775278479 784529958 793884130 794816589 829442307 934500717 940841751
34 34 5 32758403 39087083 87557955 164879880 192376046 230235096 292419297 307078378 328043885 349180176 400806840 408276615 440498565 453194361 457177696 562069440 579098088 647734897 652450513 694602380 704852270 719560891 730084113 749999882 774347300 803365246 850387431 879938294 887074377 927237103 952275267 992056481 994484990
206 32 3 6785089 95893591 118679449 143638888 166877124 169170351 173618255 205429370 212583046 260676022 292448901 361171986 440844229 460787997 462492207 496381659 505241962 559348360 574888550 627672462 666696933 680517568 686709603 746020862 760991567 798865976 852131681 861147752 891547792 913568768 994718867
205 34 8 118699580 119674091 122969239 171606197 186600764 189255690 211602310 258628156 294277643 379508699 454740458 455731060 519695248 530407639 559915043 574629769 610264165 646197285 651997526 652154758 656949105 675820276 735702914 794034464 812994315 847436875 850706057 850970353 865420074 921544968 947103138 953856687 975155334
197 31 3 10882696 73279535 111581320 118153134 154658064 229178405 360002003 431538571 464300516 476293543 489495914 516363325 526320716 565389964 578546663 585437147 587101833 600388529 612495782 614782441 658568497 688088875 709967039 745095204 748665118 880648171 928884393 963346036 981108238 992686456
97 29 2 223036013 337560863 363601410 364636376 379670515 395141478 402261165 439357440 519097290 521168769 527150012 532247466 548069023 574071534 578708042 579713537 597688448 642677199 698388067 701343573 718732823 734697303 785133199 827057087 877780697 895661734 896061938 970787850
150 38 6 70920212 119348286 156163920 182716555 223270033 250000219 278420310 291800229 296642042 308662787 322050022 329385103 341382630 521736630 531343646 542096920 544936733 566240301 577442193 615338164 622608335 669631041 677817840 709899562 711408038 714567975 730239157 744391337 751890765 754587562 755970275 795864004 800194496 873840716 910321306 938088424 939572077
156 43 3 28662668 54590728 57917443 92572458 136643502 139132695 152520923 297155539 330597409 358778858 399267398 399338733 434433630 457921153 534929566 559403052 570444735 600996019 650706048 656432203 665627755 710118617 720731228 742336798 790907966 799686837 821918562 828520562 846551220 861710818 874379368 875744312 875954806 880801737 889353533 904928601 926119616 980866833 985213727 985315202 987451964 993809298
211 26 3 1167481 89467301 101387350 309683562 314410354 314854270 324278692 410367479 573458680 636537737 712399392 712431813 723133614 743820246 768981869 779345208 799229545 832838678 863107952 880159661 885182727 935843961 941649420 990485662 998196366
147 27 6 52747517 67713255 121857580 122726761 154163708 179067450 191994381 237181236 292185542 359005331 426278801 436800280 452321813 456799048 462797117 504021847 536456211 541925596 653686760 673478976 677435122 684659997 825807086 841436656 842888421 933705012
29 27 1 145324855 215322733 239283966 245175487 277445091 291425883 318364524 322868852 349956244 397873397 408863395 408972887 427101360 458315433 460153458 497139195 529504077 541229689 620801353 778723442 779249148 780002614 851778149 855259084 905657679 918661660
141 24 5 37356807 109018353 109439266 120316534 121588703 201606918 202547517 221541045 272903009 278297087 389562423 447778823 482127071 530859987 586128447 620734411 634371645 640250017 686248139 854413481 893070978 908636922 940463230
73 38 9 2838055 39529113 75572910 80459828 82848053 91707952 110360799 160276284 172086381 182296323 208388668 249184878 251829709 255579624 266370766 270915249 317712283 349076131 410008769 426856894 445694249 446413297 597487504 614480767 630749518 665454390 672452843 752424270 759144636 812085418 842774697 865984535 868236778 884784495 928345465 950918276 995304373
251 28 5 5883706 57390239 58274988 82232302 98419088 113161657 142752593 224948524 293045019 339103208 342097947 398978148 423033729 438428396 446438615 494448603 542323516 583211994 630519781 714979673 795690051 798600417 838974334 893794236 906394245 929444605 978094186
70 39 6 5992961 25151331 50820053 88525076 129294403 132053835 179329381 219592178 226006607 228812722 252253570 256372790 262492970 275109632 328399645 334934655 350831755 409189665 458002298 474060535 513196938 515951937 562173380 585026041 589503999 609353048 630550925 642411323 668380052 695847742 717160738 747086634 773254674 843515772 925292099 961610507 965492833 972377750
82 25 1 55361081 58110752 80113841 89280977 145632510 277135654 322190749 323343997 339842823 467774196 510079435 513184750 548520351 603886624 612304745 646251292 666130748 680819756 690824033 717600939 741087043 760013127 820269756 888971657
145 33 1 5502915 80911029 103541891 111476986 140787489 145511376 183982762 219141198 270679299 296248657 317117920 321294208 321990014 335190412 419301775 475669403 499367405 523674384 557945111 579516281 601790168 609387153 652365259 710100720 745930074 785930581 786143019 847092702 863772698 935357757 940189059 997212011
48 30 1 53386092 69821331 90342621 137257011 171554373 203575788 209475927 249066656 261789304 263926136 300836388 353135340 393221594 394072395 398888976 409857926 416024506 619736448 683191564 704788962 738371292 751539192 751869395 757781715 811929308 855028932 901954963 938530316 966859069
127 32 2 23665369 88414049 127371148 127889032 216682937 224415107 250872294 312908198 340372427 365314421 368964970 381576119 423300043 450018621 466730505 481826278 513330359 553171196 585661244 659928390 694148716 743244506 748595630 801164145 847208297 849150233 886853182 893137762 900322736 925367547 958908782
185 39 7 573223 67266147 75415641 100676659 105707562 134346729 140126641 141472083 193822210 278650274 281593277 352628905 394499468 399695174 423328283 432667680 477254014 479098867 513241605 558174573 558490482 564150021 669491243 711063806 724073112 736712338 739625710 765535977 807141245 822342602 826557766 875552697 912677071 917991396 951153705 988079570 992671557 998011856
217 35 7 4695481 12756079 12988653 14248016 41043941 41905101 59727075 119851262 146435927 173096277 181854831 203604420 216661617 244334885 340881532 464525583 494048984 516518959 594793769 601549437 610807843 634389316 654468636 664301307 830100354 843700561 851510385 856103108 891196853 901884923 923187333 931630051 970898729 993207243
88 33 2 28059273 114287451 152302270 166563359 183253608 209517691 219567200 228151359 293306357 307378136 339744769 382332280 407603209 417252598 542793547 547895187 548604453 551634988 578504616 587028818 611647602 642428435 672103083 682187914 698449213 725541070 740625835 751912187 754160118 758480420 816419613 820896783
166 38 0 504232 3738994 51564057 90218000 130696393 133905366 165523331 182099043 188310854 219403583 243221527 267127661 280116684 415441823 432632939 443981657 527049168 557174900 617957084 621633481 621976753 652865552 658625891 691931977 716022604 752943182 769067860 785468491 789800071 819579035 825290357 832371098 854195185 857335007 885514307 907752288 958261591
94 33 7 9586156 44879762 61899975 80100342 138066262 152141308 178039442 204216117 228109683 232455211 257273771 316624899 332481393 383823902 389569717 391381280 442306896 478379005 522388853 536939129 552746178 588072695 611089056 614851601 640576314 722096748 771051795 786555070 890811120 904649362 915640525 936277666
185 37 9 8614088 34213449 101732780 102433058 170617996 173517156 200447583 200828684 214597565 291550302 351183152 387399009 404493539 429431547 462595145 468798292 501149165 504033954 558094909 585937997 604130174 676692966 677995001 681356546 703525159 723322284 776288090 784679581 791054119 801158328 817331751 828902845 861868773 961564522 963758708 979395991
220 34 7 50421504 66600960 140206492 142997620 149803760 151330235 153749111 228792117 232048810 266249950 269773864 287129465 294633711 324053413 366460381 403716310 424530709 502456135 550942388 654507804 704745858 706689028 744836993 772459130 774231522 863451049 900790317 904048884 923882293 928216477 943880530 972755593 981852215
121 41 8 46955452 63716719 76582175 82552755 87143100 147997940 152290643 171991213 185958857 281559936 281963754 317640961 350065677 377778127 412406593 423251129 489665486 503821237 512448610 526850542 530159109 533894908 534679568 564408671 565178442 581124849 652409977 655324366 660517884 736502454 771978130 790205807 805540380 813661533 836345434 843541843 864217910 868423452 874980245 926482514
35 38 7 2236422 11218397 11803501 37287595 48392756 50342226 59116762 61291434 70937867 73310816 111880322 134197822 149994054 162992499 199472659 237296895 244460353 251237202 271217732 319619108 335950723 344173773 446191941 471057985 476933357 522707096 556530851 563310140 641681836 645853987 744468751 780772140 818481011 832936841 887041490 938056590 960148918
138 17 5 20414404 51288830 94429287 157890272 182393156 289789173 292391148 372055758 381814222 432458184 434861216 606749356 676544672 749104082 785756599 791209675
102 31 0 37215850 78057935 85655074 87093917 96081403 107107448 120781272 137434428 171918256 185784208 195296329 198053477 324130359 361308539 362812376 377764043 384896313 417198718 445205719 456787418 473296473 476763781 513405893 551811381 609421830 640944548 703608897 719578271 754473821 984054772
176 33 1 6996497 17664707 66577813 94484530 134691682 135169189 153568834 164756891 167784297 170290037 257135255 271831594 301707231 371621356 397767576 453983883 488002030 535290114 659687480 709784033 823771057 824115636 842991292 847117746 891189077 894132336 906367762 924494070 946539602 947525788 971182615 999008727
150 34 0 2288831 7217770 51192334 101408756 136275511 199267896 224944839 326785903 346976475 382479264 386752810 416670716 450800931 504438447 521913631 526369097 559503462 570800129 571987291 599506432 661858656 675937599 691544686 698846913 709236128 767580428 771102564 793221411 794095388 797763799 881569565 906645804 939092795
200 30 5 3107550 30317302 72662326 105726223 182144269 239259692 248052462 286313869 335720127 372759543 399069638 412748097 415595854 421496250 426872685 523442375 581576167 590062413 658931096 724804315 751979541 805215693 881914907 893032389 909271381 941341881 947793950 967942321 976704939
176 31 10 48149647 58627484 106424956 111793501 144682945 164225969 184547767 195655910 229967802 315750126 348870701 359751786 364929361 378706764 455837497 463962694 532822262 559529204 562609908 592005247 650047701 712704808 756862050 766525674 811220147 876340747 932613587 933866578 955146946 991338697
36 34 3 27080191 56367081 69457120 92877742 102464745 112570066 126124323 182393385 265030188 266127612 293066124 332232892 353116766 369233676 378888032 397202850 451631285 484644249 490791106 516558956 541081763 568228567 680841667 713696854 800083737 821563474 822159163 824182642 867805838 922509405 977801052 979733352 990938398
23 35 9 31716382 33725905 67141333 71895283 78849481 131404239 131683215 139139712 167336894 175345465 206941461 221877353 378667266 424112972 475934258 477316760 487147220 625121934 635623756 638838558 678410650 681369195 722927379 729642607 767820034 797874530 801762943 828946377 855668083 875475950 899393928 945776066 969163580 971531170
165 42 4 12805205 25422148 48477368 62200822 73757612 89892470 95622119 132106751 160149036 203510517 207164300 211428286 242172164 253839295 270133561 276048217 293742819 311810199 361485601 373778925 382752506 383129227 398715767 419631298 425076517 431288104 474332533 594693833 632873664 633558987 681072630 723393324 750274788 775553627 812746442 840657766 842993255 922701898 947206350 947317131 995240635
255 29 3 23877236 58473363 64530367 74784036 99222470 123623709 132761013 151866533 164770760 220703605 317239338 356726949 402630182 406879536 472910362 474838439 477512185 504625990 553708002 590991230 594479728 630612563 666908576 674003613 762551377 815891157 858581088 995530017
122 32 3 114053643 129146933 190451651 240630292 245538379 269133107 289872320 303518533 338128974 367150121 397930253 399728390 505152163 569323865 575515803 578369500 588893808 700691021 708143797 733526326 764875420 771538748 786034509 835504580 926022122 941335647 951741812 963613986 970143158 970607908 972901792
166 28 4 9392903 69157913 85384379 92772703 96911271 153776836 186505886 284227783 299807746 303874576 354094514 372701502 385868638 390934924 487979866 550871424 633865448 645149745 656256592 696094441 702050794 728468226 866638199 906641736 926548051 975313498 981634513
239 38 2 11408609 21914706 23160070 35265467 45131713 85174339 85780327 174333434 188238318 188415833 191931130 203757033 221882847 238388835 240135586 260160512 266567101 281315685 302553949 310831357 393584519 411470508 439310531 464782780 497863884 696747804 710473997 720958770 761105720 766256419 833697332 869876199 872288202 911485175 931612328 935729148 945256202
174 38 1 37434307 154192280 191235994 227180174 246410056 293007101 307837734 308494455 344544119 385145701 390081605 399299054 432544540 450756787 536468509 551697756 559297041 605603546 624969660 626784134 642618672 658683106 672701226 719253773 737755475 745508499 777650691 836137409 855973829 860765709 923668641 925338675 943736656 954702411 969057678 972972234 979911394
206 31 7 13195430 26499477 65190964 96968305 178448363 202096030 210273338 214891523 274115980 300661359 324602141 342989317 378045084 400475730 402152999 456774659 541920272 567241787 578805109 589019118 610199046 634387955 674618581 700629010 736901112 737968419 880861077 883590966 900093525 989704222
224 33 5 4624781 26479841 118871521 124296829 128390782 166649759 184126269 214497454 248111198 254952132 321147974 413860276 424213019 503462674 508156535 568081804 624041852 644675243 670842290 739525777 755553719 759419440 770216665 778265525 827047362 861063598 889712699 889730071 895654583 954164059 976935627 992962854
77 26 7 15820738 22021901 44423666 49479417 80629201 100795235 146033348 171719885 180912263 220233164 220967805 281721674 282459010 319584241 421212013 423996646 514733849 532939125 549265962 553665547 566025790 665827929 745494973 765304705 980650921
2 26 2 4068210 54580313 82818965 90643354 129948085 151773464 160212444 267568501 301271352 324691233 343095430 362069184 461232741 518339459 528114597 563277546 566478141 613102681 715818318 745960309 766665365 813441365 854552950 867634371 926450130
210 25 8 14816986 36059039 58368247 121592321 130143644 149396575 199055076 208016689 221485436 241121224 270916199 294351604 299617225 428466985 551905864 554861130 615427622 647617348 694645080 698778429 713303642 953515346 962085057 975165540
247 31 8 17171795 47712160 48542538 162654819 179001362 179251215 215287154 274060739 278316125 297097725 314705174 454472912 468993494 516768422 607349823 647659376 688182706 714865111 724328334 727349584 735215680 753165377 789273534 790706831 810035414 817299865 840374294 846779120 874199759 902930438
187 31 6 5238652 103878078 121367307 134517563 196422074 217210429 251842882 263173780 275968728 302319687 307396403 318746477 336408270 355148193 383198873 388147280 459557873 466516179 597119462 613583971 631714321 756812549 803254659 829051315 872819906 920358234 955775858 978613286 985344558 999164194
177 38 8 13284617 24591583 85740558 135791050 194886844 202686857 309043948 322081910 333295336 339010965 408765152 417285552 456647231 464419050 472459430 475511772 482698398 508504304 518426790 595457309 608859530 654623340 723443673 729872953 730689871 738782696 757956651 762472318 799337063 805204069 805393536 884126899 884550283 905341472 939933279 943032539 955078809
47 32 10 56905228 117363956 126028363 134080868 157542341 167126364 199672315 211127836 260130951 272217563 312567272 313198614 360500359 384098466 396957092 452632235 567843258 627996602 644381606 647348923 660056444 670073458 678657713 706554411 800646868 900081823 928234845 934658816 935185568 947430436 983905906
46 28 8 107987133 119152862 195240770 255195393 274841735 425622020 468204810 520800190 531652641 559335941 603398686 619519295 623313167 651447795 652721873 679538312 751499836 793617124 828708856 834426533 856689226 870486354 935437462 956794809 983812766 991351249 996615085
219 39 0 68818695 70827092 114368930 114860260 117624850 130330908 154216839 157587435 163556963 172137575 183456612 212454829 217120559 225244022 241948363 379737620 412506661 413915586 509528012 552764670 561230395 594389789 671457636 684651893 687221591 739410533 753678069 773327636 828843368 838458072 899517536 899799693 920085595 938027921 955880417 969027348 976762400 977712732
167 34 6 10915445 46098752 119315011 124721579 165559028 180619071 182643446 228205053 242868754 282826327 284369458 314169182 350155317 380616596 397637519 426340216 469336780 499855560 536690233 593310001 599598334 640184673 681843852 691847249 700211594 714461312 727837661 777377228 804466245 852010548 902534080 926026464 996671862
160 28 0 26343591 30583004 117475565 143701348 154512046 231966895 246673821 247028733 260380776 291054526 291200888 306550835 308612080 333595121 337459614 353847140 360383677 563484427 582366077 635049818 653065898 681845976 717488922 734324009 868627748 924938783 941010982
224 31 1 841245 22232451 61636338 72547209 75713877 82528460 138980361 168032984 290926175 345173835 369186173 381876377 441022358 492566569 535165157 565160563 575152930 585145700 623771775 638808858 669836767 681880104 686085267 699863963 708898737 815657924 832349508 904661332 981681499 991814868
52 25 4 39778673 125302809 162021088 180701308 189049244 200223073 206141802 276163158 314154807 319881822 339653951 553437630 651857008 667013991 710399902 738748404 746591029 814659624 815102928 895747111 900751528 925605105 935287118 972976225
167 32 2 34722082 48640404 50891783 52201965 78405390 127150308 129545879 151462335 155050006 175075939 191845400 275597514 285350483 326541303 356749674 364495354 366647841 492340905 575247236 583378413 615661990 659585058 678103732 684129048 684282882 737047950 774822856 808160701 869132717 872478237 979818429
147 26 3 45469947 78104100 93006738 149075977 177923013 214653773 244512048 250354718 262530006 269357132 289977074 322172588 364631766 415536397 429425800 480761167 515712794 618559807 633308235 687053492 811361694 843095817 848675680 897252739 984338821
111 35 0 20358477 49483551 90012915 95249584 134125295 260023425 289813551 311470361 333603051 337447537 368894983 409171419 429651335 432028975 440357830 458169856 563913168 564678199 576917287 581792778 636439079 675037942 675773949 680328879 708997621 796640395 827525942 858318838 894347175 941377368 945562900 968302839 993038617 995917947
221 34 7 7622554 70505933 80105139 80845343 84019675 111077958 119553860 134508385 134760136 136966795 137396377 139240345 172153402 283022569 308911768 325421209 338020472 415148448 433254370 482043945 491011093 603724820 616265281 659083716 715525500 721593468 742143251 758752777 772150168 812854144 876082066 909980033 974345856
178 28 3 18373830 55658252 167210806 214590347 227601853 237599984 291417066 411293695 466713877 489360603 565661869 568428724 646339376 743085035 773009931 793203200 817540985 817914657 821458212 845619557 867963678 879963576 885320474 897720157 908067012 922328478 964677069
187 31 5 17177731 22247953 51008734 63128235 70511596 98479254 141159196 166630450 193927747 224702598 248366967 286184397 304622252 320566918 341114162 382993817 555134197 587645451 595773683 621098452 713868539 727603735 730910580 774700813 818317184 847078944 888599420 911617656 960767410 998426949
172 22 3 25011527 31545584 159893230 205527735 244011091 358347001 365956147 409762945 415449748 537703651 550235983 559412440 564811945 646203173 651294150 780954981 789094514 852334546 907843815 971393023 976240553
185 47 9 1035589 9518971 16082731 39675053 46497836 48761890 49436465 59742429 125018380 144917000 210452927 238355817 262209058 271883017 354149866 376820787 391661059 392198513 407304568 413599519 426575267 451355631 469188298 478794761 521491326 533785604 541887076 553974424 583938816 589285848 627741026 706190397 748549772 750344328 775473684 780652864 864025602 867496515 875623882 880184921 910127601 910291318 914491555 948504550 950083279 962840590
23 32 3 18836756 81928336 96575916 139754659 176987405 226564265 230866594 230942302 236037125 288320761 294246719 338617219 351729912 354098206 461482514 470802670 535944049 541485596 605033574 615785917 637578476 666853115 704845851 706569814 774672014 848223997 854599502 854847745 922360223 950497972 980654757
38 28 3 1870589 5417614 159464949 175893377 183691131 190116299 228983055 244786790 248663690 337284901 341391154 342271312 405366792 427737334 473921249 494941993 603142775 618679088 694501737 717702268 730882650 763242262 783253984 797957424 835246281 838686019 935729686
59 24 10 13897684 92979369 153555287 257531864 274904327 303338301 323961244 390336250 434718324 438530731 453489832 536453881 669225252 679910567 690523291 731587121 787960308 833443372 924888578 944240031 953796609 954975623 956614132
5 38 9 16065323 26164442 47880629 64519904 81154812 112292251 117382716 118003521 133214491 158731003 181132164 311150523 315921443 330609910 348402441 352236109 377305150 425551622 429529994 496069884 496233234 510077899 560148356 631407455 653879751 690982274 712941741 725054557 758431569 792239840 803637204 819999196 849146943 888465512 896463452 913317959 941456672
178 28 10 4922261 20578979 55329156 129811139 183733878 184488595 188366300 234981341 284255071 301602191 337973819 381899196 387133214 422557222 539125727 559011140 573084933 597793129 689390278 703267190 727971328 769536059 869983751 873078655 933285085 937785533 995833093
206 41 7 13279128 62225093 90571759 142852315 164088889 177540124 179168790 179798352 197118035 197415926 204066866 241266305 252768059 267067696 297759474 460930789 465610012 558206443 614577336 618914935 622595357 633643756 643946276 647829316 660850979 681202769 709862099 725852300 736324826 745558424 756787122 763701858 777690837 901174110 902562302 908362718 910113988 930422391 983017267 987403216
156 32 9 1357819 93862730 158532544 162383663 176844495 203290137 231889334 235430659 283926559 334519212 400630380 423921639 460022424 463249213 500423101 504925214 508551081 512610126 525080607 609626763 647454305 652141862 722942904 776079054 791426513 841800493 852842159 855297205 871244280 907484530 999935895
72 34 7 27047996 34326825 72992989 121079796 133925683 155972734 170386139 177153094 190700790 194865958 208377812 211932864 234469162 284346962 290986615 307539009 332851901 345453648 389811586 392080057 405709817 424741877 603617420 638312884 686151733 711278546 786103947 867553568 933336685 936178921 942698421 956041217 986613488
45 30 4 101158006 121407864 140788803 172513232 173653803 223262403 258840425 348941139 351375481 380315968 388429822 415593505 422894273 476143954 492485725 504572266 512177930 558485102 571034961 575752509 581680605 602107515 629847246 693859320 709549021 761228147 857232241 902943958 982958270
12 33 8 10540703 57377667 136836313 165330123 213821434 261022597 341101897 362418056 368657286 372485145 382314593 414049604 437917904 491791374 497099404 510447632 582753413 593138210 654293109 677487461 704507609 717087386 735199106 755407370 815585110 821417337 836104395 845132548 874874464 917580932 937456870 948901187
8 36 0 22147819 28950683 35028716 79760926 114010215 193454564 212500936 224920757 236940084 278819726 297096795 325568433 429971256 451749531 473915507 482779884 498641507 503029439 507187628 556574857 571610423 631831887 674511051 692140269 745758017 775445851 810157815 811950413 847095699 862744398 905656852 921675232 938657600 951698414 972929828
212 35 0 5662941 6135819 6860170 7942439 13065852 26461622 47170595 64410446 90320205 137281336 149814784 151292703 191512551 194156160 254161363 273812369 318023619 325008302 393088133 437400057 469201514 535501945 562968442 584702945 594722719 723578237 758465898 823913787 847279501 877827142 905030767 941407825 953430937 966271701
151 50 6 2935945 39076827 71214587 78582310 90785775 112522635 119953690 121987205 130454073 145730697 207483386 242390800 252272563 252416524 252696101 269287937 320882230 326409744 326763505 330314599 388131442 390375019 399786379 402798840 420543528 450220857 488117178 521417810 564111987 596748951 620855240 621724626 623886771 626200630 632017561 635536698 644597708 689999354 726475242 756501992 800881836 821075227 835820491 836692330 876270000 928719904 932885388 955912687 971663483
83 24 5 27372445 39950314 45757085 55913090 77710508 80821395 163965352 206561929 268379602 277508813 483578136 484461982 540795208 561864805 568508435 599371630 614212471 733211522 749488977 827725764 882046273 941886300 987701283
23 29 4 42458889 66229633 66937141 157147925 181731523 208091010 215607198 252187230 315433493 325691335 331657507 441447743 496193341 533620062 610376662 616330664 640033337 652083640 655475895 687347372 689518708 691206734 693856565 732981558 760691165 894113729 933165953 957361833
124 28 3 44354270 127779518 165995127 173284944 209210277 236434280 261219971 289659553 291791429 332947475 392583509 441577210 482891929 532849096 544519980 593370158 598749350 654408926 696501277 725785067 733320996 777245629 859821713 902050911 932718240 992768221 993065705
182 38 2 31448207 39830656 52317942 77253534 123302613 194031356 252585840 278675520 304742674 314953609 320699733 339464188 389631451 395721533 407160407 418937645 432763412 458347220 518396966 558506921 567330138 573508317 580977261 665994798 726958944 734027259 741636246 767803066 796343649 812679738 883341048 916606270 927760962 931867556 933160690 943355697 967045107
77 28 7 55796047 96234075 208707522 267085476 336779340 350243850 408832847 409846715 433074037 459719566 478366048 521040726 632605862 667316978 704505913 740832669 752029823 760287562 763224605 779219740 800492920 830370325 845977206 899262032 930606179 965818534 974671933
98 33 2 1840205 12996916 51352278 57562297 101129288 121967060 131141186 139198563 209890959 223953603 229446541 246887850 260670890 274066418 382459026 417685694 454158301 521462477 597445920 611889153 666660029 666809998 678992440 760566824 796821901 809901349 852525790 868166219 925847188 927359076 934502223 977706807
147 32 5 4828686 36440876 54175944 67852317 128719637 151910250 156724128 189474054 201825418 247690059 291272702 299064825 376903913 421137161 436758793 494687485 550933712 602411138 634092225 654132895 709090658 720699694 757327190 758031236 785338724 793950330 877384366 880264379 919513653 982011961 998979564
44 30 7 54511219 67321084 79173748 95345998 121477011 143186920 152457341 163932889 214760407 216863849 281746263 302932338 354143251 405044506 417709184 471484035 485866453 557118251 566798329 611810833 627927094 639109491 758474406 813794401 845715703 869274426 905027986 915931970 991773102
185 41 7 44564353 66647272 102673783 130624309 132728091 134729558 145009591 151857872 167592563 191525561 193546511 196700210 212279438 222082364 278528471 286117214 313151881 313191508 313484813 331030940 388686313 406967114 445502801 508839588 512116553 545785570 612158881 702701679 726107776 732625017 751279343 852158717 859004783 866006777 908192700 914688566 954430928 992301807 997078797 998216659
228 30 1 15912117 16081310 108452184 127384757 173660048 194554623 201490836 207693637 279447804 335228995 342318506 361059874 399122434 439081451 594249168 656027102 666480330 709095547 717766505 777458013 782337396 782384529 812065931 829803483 833664032 862998359 880983268 918607208 980878102
20 35 0 9531533 13981968 27049694 135714880 153239172 170227832 206611190 216729252 247672450 250715290 282866660 307878097 318779246 329412979 355288360 370019330 393181244 442674629 450982128 464153257 489983735 491649922 516705899 626139130 671613694 686264282 751888118 770368419 787318449 827632405 837828890 871474514 872481633 934248101
5 31 7 423593 6688578 9912555 39879790 65434748 73646668 94460455 96526566 137788480 139316948 157005758 172377404 197865284 205209096 230685544 413712398 464868891 466198104 517031582 695282937 742878085 771605716 811935346 836126495 843174018 864338776 882662641 922793476 963851322 994436006
225 21 5 31203145 48499732 144581787 172945513 176450524 195236416 203854751 234542031 267432574 397711703 422841787 463536086 495284331 496713754 531783076 556361404 698352567 771243810 814401417 969253541
185 32 5 1490339 4774383 34621214 57750636 71316665 106771221 213409192 216219393 227989552 262794229 264957267 270853550 297646087 328937212 368874563 407693960 426091016 434253286 482847455 521912065 579318542 661959416 704984332 751113443 789062825 801232426 858665216 890227905 905398313 968219680 997226258
21 25 1 8477866 91495511 109007171 174667728 229133515 326428121 345323669 345541242 391430476 524708529 531820397 586596324 602979795 638963255 642340642 734015992 767974809 785803659 824184564 848646191 898522038 931560073 966937181 971385610
134 40 1 81367397 100156861 143679370 155027375 280316941 393709726 398338637 437666565 448675035 458127834 490016646 522110132 578443403 585012158 594448576 660949174 695858267 711799895 726332633 728945231 736265122 740832276 769667093 773709102 805225163 806448009 812925044 819377204 845303313 864828001 883845033 891518645 892088885 900063240 907343176 953516184 972894634 980565502 990203497
42 31 6 42527514 43886112 70696404 88463814 96990802 160439420 172564474 194564948 220687551 233474680 255202073 265491738 288857511 326320173 330166525 346202927 392971107 426690058 438161042 487812986 536368418 546592391 640323505 668107273 685924903 801669403 809807011 848645872 850911307 945301470
43 27 2 47067680 76593006 195279495 225444566 273374503 280304443 284540609 377379570 411819508 420515503 441004394 492325152 521861067 544442387 554368717 576619506 634221726 652039769 665536151 723229944 742193737 882734551 907900013 934401233 959188795 997430033
233 23 10 27163418 29792837 78623899 207827512 236817343 256269399 359760340 415885689 421062585 443542357 471605065 533542940 593696862 603711670 675975149 714959030 739098596 806872018 911060758 945155914 964475412 977158549
4 36 6 60850909 80618549 109875473 120835076 132019328 160615819 248055720 256230670 296507501 297494906 298024075 416270322 469419950 533471381 592353618 628811579 642570255 685732161 716743555 719390801 729575937 730144898 735382443 755855716 758313451 784190964 860181580 862666164 862965162 899578420 903841289 932755798 950149713 983802186 986999540
160 27 0 25775507 32336869 90965749 92208372 100369114 151705974 155435784 248639709 285324100 316738827 332291029 350348450 477547466 502624470 515342368 516187624 531297352 534328637 557362124 659462821 662479134 665214004 731259204 788147739 870512725 948745845
21 30 6 27693992 46354805 50392579 84495624 108831312 113433061 114559862 140727966 142220444 183333919 285773696 317357839 358365874 361185145 504846333 554117179 604279837 606423240 626854348 691779131 695123098 707557050 763509303 781170023 828967119 866231790 934327058 942929010 972915541
122 34 9 12279421 25223261 45268450 94114793 129783549 173387896 200624419 227497194 253020365 264436811 272876747 284183573 287468174 298524256 318241818 510936409 581516550 588199196 645482070 645618369 653672490 656706485 723376848 734584825 782823931 863365572 902154624 950072917 952865982 958000400 964697904 976662217 980695103
45 27 8 394710 24986417 123411223 130718897 208443835 294325561 299406502 364624615 368282073 377067049 396527535 420030790 421531521 444310424 453848111 517450184 530203137 558642815 614008804 670248284 723457907 769109356 874794371 879227681 957930646 975849603
4 30 9 136870096 256364845 260856161 263425058 285683153 286793988 305455963 344678029 356925163 361777399 367488577 378565905 394625895 397412785 467124561 510423847 545907367 550445467 650464961 651649849 741678986 797605429 860062466 894079429 896687571 916900615 930165339 960144517 968843646
185 24 3 10843019 22358211 51969647 60670759 107515991 150992058 199648108 211836664 259514502 293617957 321714859 405945604 420707726 432746609 506778570 518642943 574702394 633041302 656217904 728714453 823623510 959689433 999370633
40 34 3 10188933 19365625 63293197 100843081 104920593 112366853 194763012 207568385 236312503 242420688 243435375 246017304 266642926 355025477 369472415 372680143 400050586 402387106 512405453 539304216 544830008 588181792 609850594 653860173 658566676 715235427 736021092 765889561 799009977 820192979 909566361 987923374 988641911
122 34 6 1506185 66199288 116426077 167159091 170193839 222016258 267853612 338337200 343868542 424859685 435314011 468363184 498548716 509284540 528941023 587373706 609870441 619159659 619354199 629947801 638978342 656121734 690894556 723230154 738940320 746584647 750220607 757325782 813267089 852548405 893876339 934023696 935615256
145 37 4 16750720 77201769 112115366 112397400 175781918 194886083 217418529 237172715 277016368 305589057 324802514 373761840 415345105 419082061 422713414 462342540 515526077 517304831 520659428 542748761 550495089 581622529 647647304 649438238 672441370 707998187 739625673 782777977 787208858 854854568 878287342 882725091 883412464 916462024 921957138 933507424
192 34 7 27306940 51044127 108870045 157575862 167457314 198541444 201971045 255985877 346526476 351591900 352113469 360730222 379224957 382846965 405550525 435694262 457577181 491761281 491932025 508917003 518046120 624713600 657861680 676057665 712557765 774024220 805550513 832836407 853939548 946070759 949428051 968115550 984470265
121 29 10 46542298 121434616 158478260 178817713 234312407 267381150 278168363 316566533 398320191 422136776 453937728 478012585 498601736 521736420 528348676 534362555 536426635 562771323 563089271 644141884 644646556 674372792 773809387 822029467 918572261 965610809 992490951 993893162
178 37 9 20430262 65993596 69097770 89999057 102863328 139152817 154105217 286813473 297332501 301174427 307899152 308166895 317048576 442435033 457929599 486262303 490314622 539773905 570638610 592171096 625010712 647954307 665161143 677126937 709593191 722091994 789583630 790087087 797012385 812330788 819816298 830589975 846773310 941172089 994743395 998796675
47 36 6 69396756 74905032 128559003 137391833 143468995 164731828 224061945 225652935 229955870 246944365 247991514 430006115 444506422 462691793 502294176 514113131 524262747 532753861 547472355 604542302 604881633 607649630 608476261 665484995 671080245 673162530 758047119 811827420 862589870 876480394 948396213 948928569 986939693 988539848 996349088
215 33 10 4244244 93156374 105884667 189804927 263199776 290235627 344817866 346949012 370469982 435856817 478293299 516523680 528837092 559231286 559695784 587493255 617341644 626912107 640970548 649324084 650800736 663048857 717589369 720910712 729823038 755383190 794144852 848180867 897220994 925556145 973326018 991789323
36 36 10 50099647 57542893 61601353 65147503 77515582 90923853 298916631 368657480 388041123 418530615 438223220 441288982 447292734 452681797 479969791 496467892 505161918 511971120 587099643 591578245 610159740 652465633 684383791 705100479 705304728 735663581 743602054 768684957 776059249 839942921 872724962 890912152 936127332 987931943 997205175
74 41 0 8669820 34393701 55144342 65064174 77720263 99891676 131958967 158103529 163118101 179567294 202361638 231027664 236926937 246147874 274904248 276689528 284974901 293598199 314112290 331492762 487001854 488804968 521594479 591018103 596696830 645673233 659804491 676627609 684639881 693660968 699590730 726316215 732071030 766818440 830102543 860985141 879280166 938403279 961261590 961595049
156 43 2 45699268 55318560 78174565 91996322 111828297 132447968 138797292 150815401 151340154 167982288 196183859 244159196 245513815 293028524 313539685 323577579 340049843 342627402 355677994 358301558 376938395 380522301 449038547 501375523 511764444 521070476 538404766 558960795 591547498 651713879 672782862 688097012 707974251 712001392 728190528 759919368 841347927 907909078 909326574 945993427 952714104 968379053
210 42 3 34830525 51035705 122880135 143791528 145401047 160226256 193524548 198790372 282513401 326434515 326992737 338759634 354067800 365939491 446931203 485652978 498172974 531522487 554985934 555464180 597035040 625265476 635510768 642886930 656662684 660686385 680001440 711597262 742967082 752342220 760504005 784019513 800641954 834297064 855545776 886175327 889413382 890439913 891961398 951894390 989697997
156 25 2 86818 5218034 59655539 105756789 108774432 198683202 302144356 336377401 343473513 364112438 387670736 389726651 437011156 446527983 508140796 548989870 580625893 621739864 769161693 774775755 801562633 821179314 849736049 956604951
183 26 9 36597517 51713835 128387961 131853035 154518949 190858162 205828536 235957651 262190671 275005078 350939827 371213857 375123469 401214281 415285147 419360665 438880956 483527854 505342481 524981022 585620582 641540430 791881162 858526957 959095433
185 32 1 19076436 99915827 106589177 122933622 131026890 171252939 234683211 248857046 355219486 368057409 391390718 414319349 505520034 563530970 569106405 575194547 585077229 604821612 623233573 638468616 694980883 722262099 772656622 783014941 784695915 810381616 852097978 901045079 957146769 980226258 982608684
130 27 1 33377967 52192331 53997908 65206187 124506595 133387028 139691023 149060882 258917162 338648139 400030367 411913553 504628304 512172732 525202664 538794910 563985641 593161792 640991714 667621178 730318281 732262831 845740566 883859106 902874925 985808999
168 42 5 42486309 60314333 82250031 90887636 140656459 156109970 156646924 169457958 173339732 234280397 256736355 264884120 286064017 328088301 344885447 390472509 411167989 465844890 492406314 506249379 526560792 529306823 594421436 648768611 672061525 700858264 702562133 715963983 757431069 765926744 785949573 786588838 838452977 873152815 892427926 894097213 900016135 924088410 927708432 960768469 973794600
49 30 0 27849180 31002647 82439889 83904707 108938784 163608235 204555663 220174274 258476308 269470639 333160341 351513748 353613208 354042473 404661890 414615129 419683761 485891889 493961843 545037048 564683212 591272751 601327948 649202710 690742777 708199076 744334022 828714987 883762060
136 30 2 23093503 35181571 64682155 106584868 115845330 162501746 178641908 238065550 350335007 363744389 368548401 375259954 424953625 430909800 489867400 500268179 557146486 560028450 585381707 633002492 639424726 719581600 790256433 877339864 902495299 922149702 927042592 955118800 997635498
151 32 1 6599148 14845635 24667516 46755184 77288406 85224058 111086791 143328317 152067034 265902981 347066808 382119102 388904950 412922915 415176803 515071723 519232795 573473872 577779429 593658486 601778051 612032049 674054886 714947059 719597826 875800091 886774623 893761743 925023224 956966827 978408656
150 44 5 12775791 95950176 145627819 148469263 168663802 182794056 187829380 193651525 237714308 290717530 296195247 315029336 330917674 349030899 364186134 408403794 409433178 417301565 423751900 447219552 449868835 505855135 507274501 522658855 523905496 548139430 571302988 634069176 634300842 658872077 667817467 694786634 708846170 744385675 758783023 764306359 800189157 801455420 801822037 803321716 829412565 877166149 933884613
167 24 9 115408017 199212534 224963396 240133962 280287903 418620207 433299210 506796715 551373005 576593091 585706837 588842045 594343595 629343342 661352570 671531206 703155679 764076553 787152298 810511443 862878447 953328270 961734085
75 32 9 42687647 57393740 149478586 160430335 208575589 216829616 251200779 271423828 273762214 314600373 334092065 391086697 414062258 436525111 486960188 502026419 513504911 519731214 546820045 565080654 572678310 634727368 667368182 727672906 826144976 897996937 925828143 936390455 947981011 948431601 958188781
124 34 3 112986916 126220549 132124297 194792745 205455830 213583600 256804175 317095222 324651666 333982407 377603755 378127812 400678476 411978479 428393316 486746657 490642140 526203900 540332557 604129765 664865175 683448073 686532683 693266901 701829554 716633425 760104925 797467852 815704738 830276024 893859474 908004437 925010024
140 36 6 4329990 10359360 62732849 65160220 74105843 78919946 110498167 111408562 148720563 223704603 255149998 262105833 273234236 310059451 323553111 353972728 361998761 373596158 391612721 413944875 556923144 587424279 645867998 659214251 685590262 716508017 716675858 771979884 859487672 876641936 896475907 911960382 939413128 980624156 992737840
189 35 8 9958451 19347435 51358583 60970617 63409997 76532380 87247458 104091829 154035490 180015789 198851670 201861238 202224072 221725661 275716006 310931622 317625992 384096775 426594018 428979398 524015595 529227747 563136987 588945424 595446983 595482552 626253923 691630565 748830257 771480739 804570270 861875627 863980123 900121943
221 36 0 25821731 42503410 46694483 135163616 188263782 197251484 197827687 312965513 362357346 373980701 383490445 392156245 397209963 399287339 413472414 444239475 516389131 543699879 551654442 576600324 580580893 609668799 677679508 702351392 735639075 737956280 827267912 840028623 878097658 889395302 903735478 940937409 952929884 953177093 989451409
73 42 9 9865671 15679007 55923042 77502389 109727999 114300330 129938830 156960266 178903685 210925532 225062100 227570044 265448298 266408788 279934075 303144252 312498554 330414612 384509528 403729924 410864209 421637636 464628620 498805790 516146595 584482235 655154361 679347007 682125357 684250825 691811948 732048660 781308306 821359435 868594288 890161591 893743656 899534619 901986167 916381190 922314855
237 34 7 6134248 7004255 22469344 24062691 46914649 87906513 92206945 97188213 156741349 164148151 212824493 229185408 234844373 254015679 297753889 349079371 383743439 446306668 515936285 519298454 538335672 538516754 568847604 581350340 608092639 694992043 792145000 798394908 820366943 898793269 956964301 958700166 989628469
42 35 2 9632269 31481904 68649538 90490299 142757240 199547663 299939623 303316338 308075677 343492167 348258772 393482276 417737408 437655462 466396237 480050826 522077300 527469280 560038461 564221820 566014461 589758279 648696424 669898804 684218500 700799351 708710212 728970367 818114918 840872461 850314404 857411801 857734724 867893231
102 28 9 74657144 134617444 134655401 179311500 184746261 241403389 244700778 245648239 276724658 317085718 360683985 372308759 374593837 396747718 412275795 441296508 457592780 480361259 490431037 545749037 563893483 603159490 675862836 808538108 843002545 876477507 911010145
83 30 5 5710195 9092661 38040077 39198292 41166176 115150749 121954165 127164406 193868560 200880422 255383977 325639889 334983950 345968869 391691016 437108901 473251781 510341320 558509060 592895351 645743356 685858017 785242116 822133574 829305960 870601631 874164134 970621065 980495262
201 35 4 78291185 137680754 141091181 149824625 176024961 183499843 297482895 300335003 336269625 353232178 357927576 369772586 371880001 551193202 559397365 563561019 568625164 576228346 630513477 667363831 689510825 708418011 734225170 738494591 767614325 806936701 840310694 842960012 885579375 916901090 926468626 931216127 963149249 968911472
116 31 8 36789181 92779930 153051134 207152679 223962710 253775389 256641649 269636230 286978263 290338531 379453414 385076368 402676004 457553522 473978529 523086648 586693693 620807300 666534254 683892591 694188892 724724683 731665016 738203920 742177559 793960283 852436872 887477380 897258828 917947969
234 32 6 41372736 106976445 157252912 204743305 208952912 212173784 251055856 264915744 316627741 317490265 340939483 392168685 458401447 461620014 482427168 484189338 527719560 609433499 643647897 660333459 694814921 714130226 724889323 754058525 840039577 864089864 923098265 969211654 969280086 972726959 974890815
163 28 3 30031635 31025482 39612025 87771116 140464338 223105248 240539803 374869704 419273180 422254057 488662593 494269652 494782983 502579137 558651979 566897439 624718714 656647369 715264801 717419461 854805103 899191176 917200032 948561934 955836632 967741782 979372795
75 30 6 79336375 93122174 98265359 120511904 150891066 172751089 240023858 270529034 320673044 389202208 423817940 455275315 469871819 586165302 613255608 637511290 679855066 687135228 752312717 757307308 797048930 805053913 870910317 898440683 904916017 952526733 955693025 956374826 995575041
178 35 4 36454795 48904964 95013329 118584735 126880185 141413352 148650634 166518300 177628425 212795950 216017607 234060935 293622706 306476094 320417765 328477878 382910734 408481773 468124709 511667990 529215512 561775754 587903529 711992088 730612408 737889139 854629872 857627779 869720192 899695176 901244346 901296451 927676629 962842279
226 30 1 8190061 10799629 60114936 72356095 80947579 110455022 146372785 167457990 182201627 220231631 322633657 375715334 443331858 444569815 449566049 499772353 511807929 528008000 536166431 607636025 620853418 708194968 710752460 744804276 808448412 819643439 837009723 844563584 950654331
185 33 3 21333707 59822733 71590589 96491311 136285227 155969735 162745812 179414832 207305126 290944209 308840086 312921622 331685930 361375260 365541362 483904826 503434925 547003397 566718482 571354825 604291138 619011300 633189442 707362836 712380880 801142385 806238171 845122071 889624904 904037423 960290891 997130849
171 30 5 66374518 81728180 126974196 132846249 156883644 252064383 265427442 281804147 290603955 299849706 302453491 458362861 490012167 504420387 534079204 552471635 612687295 644023056 654867225 672250496 762575178 803683126 826733654 863561799 869588312 885743872 955962181 983523174 999699506
62 32 10 84028990 106615857 121945466 216170866 250194729 271375546 275008313 285498969 304196206 313548690 319387576 388704495 394960503 474890069 524742283 531830863 539322390 574582214 620790776 625000335 631571701 667544284 670391942 727251837 736643785 753883292 850087300 865604203 890982624 967762239 992310714
56 36 1 1240250 63151382 94616900 95585663 114338237 115638063 116018060 126865010 165897067 243440490 251359859 293036758 314684611 337950059 359417875 367891719 387591348 439357767 486807108 502520726 514326469 528041975 590103711 673380538 689204940 690669969 708342250 766915579 770693678 784414446 787267483 864949298 879059167 912188841 929762191
160 26 0 21014328 111931206 123194225 242850660 278751455 313443498 444798545 448346208 470707819 487296045 504789962 511818950 541303158 593413023 684007624 690471112 741265385 818396273 829544793 839528806 875324897 934168965 949914017 960602961 974009732
23 32 10 7612551 81856206 161764199 180910613 239379856 257602515 288868279 351509087 430702230 436887933 439356037 495743569 531689333 591012817 593178939 626394788 673400399 690498321 713749515 738875138 740433099 751571600 774558363 787098572 861960801 871343290 899883295 912004608 929285831 956072575 993676913
34 37 7 15907870 64983723 94279448 99348151 104540785 135101841 163043253 166836051 194305943 199737586 257203817 382207034 412626512 449822507 459574261 523427313 524322776 545037190 593590190 633990758 664254222 664609853 671035223 690138562 693131038 693376610 707279359 710222887 720977744 749972392 753267401 789010930 854976352 886373863 918215687 946887501
59 29 3 74202353 107648557 112774413 125899241 223970782 231926731 272894191 299862987 338490867 372633949 428986169 458750751 462267110 475697915 494126295 501603279 545762839 550997751 555530157 592102499 710486431 729310493 794770502 857297002 903058986 936204011 954344391 956478839
82 33 5 15042073 36972921 97631365 107915312 113708400 161218106 227499923 230315234 272683190 294511573 312762026 325527357 350380785 410743862 423663946 424651104 441230431 469159004 484614921 485296114 510615359 525409082 557793862 559524046 603279499 648120056 698090904 730918044 788425760 880880752 946899570 951112891
201 32 10 47228844 74376345 78729441 176308652 196999499 306226216 332867988 340740883 341590659 349702406 374398883 382250438 396816958 435041044 522376916 587582888 620061466 642768395 647584895 666468419 696233803 713579194 722908759 783819442 818466013 826763736 875864158 908585537 957048704 976946986 988256828
220 31 2 74372389 108595190 121155389 143063676 160141316 179471958 209506844 220657282 266531488 269891531 293743307 315273173 371209787 381467920 419536975 459559507 496735212 570003273 585240000 628660880 655799382 657713185 752582529 814806126 827713468 855901902 923352747 924096727 983718817 994645404
1 10 4 6 10 5 0 2 6 10 2 10 8 6 1 6 2 0 5 7 8 8 10 7 3 2 6 9 6 1 4 9 9 3 4 10 5 0 1 1 7 2 10 6 10 9 7 1 0 0 3 2 7 4 1 2 5 1 7 10 2 4 9 8 8 5 9 8 9 5 3 3 10 7 7 9 5 6 8 1 9 5 10 0 3 10 8 3 2 8 2 7 0 7 6 4 5 8 4 3 8 8 4 9 7 0 5 9 8 0 8 10 10 0 10 1 7 6 5 3 3 9 9 5 3 0 10 1 4 3 3 3 3 4 2 8 4 4 5 6 0 10 2 5 5 8 6 5 3 5 1 7 4 5 4 10 7 6 1 7 0 9 7 9 7 8 3 7 2 10 1 10 8 7 9 1 8 3 3 6 7 2 9 6 5 1 7 10 4 0 5 7 0 9 1 1 2 0 1 3 3 3 0 4 0 7 5 8 5 9 3 0 3 2 9 8 6 2 10 4 7 9 9 8 0 5 10 9 4 3 2 4 4 10 0 3 3 10 4 5 1 9 8 3 2 9 1 10 4 5 8 4 7 2 7 1 9 2 1 9 9 10 0 10 2 10 4 7 5 4 3 7 1 8 3 0 5 8 3 6 10 5 6 8 4 3 10 10 5 0 0 9 0 3 7 5 6 8 10 8 0 10 9 7 10 10 5 7 0 5 5 1 0 6 6 7 3 4 10 8 8 7 9 6 1 1 3 1 8 4 5 6 1 1 2 5 6 6 1 5 8 9 6 3 2 10 10 4 4 8 2 3 3 8 8 3 2 10 10 8 4 6 2 3 4 5 10 0 4 5 4 3 6 8 10 3 2 9 3 10 3 1 10 2 3 1 8 9 5 3 7 4 8 9 8 6 2 8 9 3 7 0 3 4 1 1 4 2 6 0 0 6 5 7 4 1 3 6 0 4 10 10 8 0 2 0 5 10 5 2 2 7 7 10 7 0 0 2 7 5 0 2 5 7 0 2 10 8 9 3 9 2 2 4 3 6 1 7 4 2 2 3 2 8 10 5 8 4 7 6 7 8 4 4 2 7 7 6 1 5 5 2 10 7 8 4 9 2 6 3 10 4 10 8 8 9 4 8 0 7 1 5 0 2 7 6 6 3 1 7 2 5 4 9 9 8 9 6 0 1 8 4 7 10 1 5 9 0 8 7 8 0 3 8 3 6 3 6 1 10 10 4 1 2 3 0 6 7 1 2 4 1 10 10 8 0 6 10 0 10 10 10 7 4 1 1 9 10 6 4 7 4 2 2 1 9 2 0 0 9 7 9 3 8 6 1 9 3 4 0 1 10 7 6 1 10 10 0 8 8 10 9 6 7 2 6 4 1 8 7 2 3 9 5 1 5 7 8 5 7 10 3 5 7 5 7 4 10 9 9 5 4 4 9 9 5 2 8 10 5 9 9 2 6 10 2 2 3 5 2 9 10 2 9 1 0 1 5 3 7 9 8 1 4 8 6 1 1 9 10 5 10 4 1 5 2 4 6 4 2 6 8 3 8 5 10 7 9 2 2 8 10 9 1 5 1 4 1 9 5 9 1 10 2 10 1 8 7 8 3 0 3 3 7 1 7 9 9 3 7 5 9 10 4 9 9 6 3 0 7 6 7 7 5 7 10 7 2 1 5 10 2 2 8 5 3 7 5 2 0 8 3 3 9 8 6 3 3 5 5 9 10 5 0 0 0 4 7 4 7 5 7 5 6 10 1 2 3 4 1 1 0 10 1 5 4 5 2 2 6 0 0 3 1 9 6 10 2 0 8 5 5 3 4 4 5 8 10 9 6 7 7 5 10 5 9 7 5 1 2 4 0 7 8 6 7 6 10 0 8 0 8 1 10 0 5 0 1 10 4 4 3 9 7 5 10 4 5 1 7 9 0 9 0 6 1 1 0 9 2 0 3 6 10 1 7 9 8 0 10 2 9 10 0 9 6 0 10 6 0 4 7 10 8 9 3 5 9 7 9 0 3 9 9 6 10 5 9 8 7 2 8 7 9 10 4 6 3 4 5 6 8 7 7 2 8 10 5 1 5 5 4 9 0 3 9 9 4 8 3 4 2 0 4 1 1 6 4 4 10 9 2 6 6 2 9 10 6 3 1 9 10 8 4 0 5 1 8 7 4 0 7 9 4 5 9 10 9 1 10 6 8 8 8 5 4 0 9 1 8 3 8 0 7 9 4 9 10 3 8 5 1 8 10 8 4 6 4 0 9 1 5 4 5 9 10 7 8 2 8 9 10 6 10 6 7 8 6 0 4 1 8 1 5 10 3 8 8 1 5 3 0 10 6 3 0 3 6 8 1 3 2 0 8 1 10 8 6 10 3 10 1 1 10 6 6 1 2 6 0 8 2 2 9 8 6 7 8 9 7 0 2 4 10 6 10 9 8 8 0 8 10 7 9 4 3 0 0 6 0 4 0 3 7 0 5 1 4 9 4 8 8 3 3 3 2 10 8 5 10 10 3 10 3 2 5 10 10 2 10 6 5 5 8 4 10 6 4 6 2 6 0 1 2 2 7 7 1 6 1 8 0 10 3 9 4 9 0 4 10 7 2 6 5 7 3 1 4 5 2 5 4 6 7 5 4 1 9 9 0 0 6 0 10 0 3 4 9 8 7 9 0 9 6 8 8 4 10 3 10 5 5 2 0 6 6 7 4 10 1 5 6 10 5 9 10 6 10 1 6 7 9 6 1 5 7 10 7 6 2 4 0 9 3 2 8 4 5 3 5 8 2 4 7 4 0 0 8 4 2 2 10 9 10 3 7 5 1 7 1 9 3 0 6 4 2 1 4 9 1 1 6 9 5 10 6 7 0 7 3 8 9 8 7 10 4 9 2 8 2 3 9 7 1 1 4 8 10 9 2 4 7 3 5 9 10 2 4 0 2 1 2 1 6 5 9 7 9 1 9 4 9 7 2 8 0 7 3 5 6 0 8 4 10 4 5 1 6 7 7 8 0 0 5 4 4 7 5 8 5 0 2 2 7 9 0 3 3 2 9 7 0 7 7 2 4 9 1 7 2 2 2 4 0 9 8 2 4 5 1 7 4 4 5 8 2 2 10 6 1 8 7 1 10 5 0 7 1 6 8 8 9 8 5 2 6 4 10 4 7 2 8 3 3 0 3 1 1 3 0 3 0 9 10 0 8 7 1 1 8 7 9 6 10 7 3 10 8 8 7 10 5 6 7 10 2 10 2 4 6 2 1 7 7 2 6 2 0 3 9 3 0 3 10 2 3 5 0 6 5 8 10 9 9 8 7 5 0 2 3 9 2 0 7 0 6 8 8 6 2 8 4 0 1 4 3 8 8 3 5 4 10 1 1 2 3 0 3 0 10 0 2 0 7 0 8 8 3 7 6 2 3 10 0 5 10 2 9 8 4 0 2 5 4 3 1 3 0 1 3 8 7 8 8 3 5 8 9 6 3 1 1 0 7 3 1 9 9 3 5 7 7 5 8 4 5 6 4 3 3 10 10 8 1 3 4 6 2 1 10 0 2 6 3 7 6 9 10 5 2 5 6 8 1 10 6 8 5 4 9 6 1 7 7 9 7 7 2 3 2 9 6 1 2 7 8 9 6 2 4 2 5 10 6 1 7 10 3 1 1 8 10 10 6 6 2 1 2 3 5 9 7 0 7 0 4 8 9 7 3 8 7 2 9 8 0 8 5 9 1 2 10 3 0 10 7 0 2 1 0 10 3 5 1 1 8 0 5 5 7 9 5 7 9 9 6 4 10 4 0 8 8 5 1 7 7 2 0 8 8 7 7 2 3 6 3 0 3 10 9 2 10 6 5 1 9 0 7 0 4 2 1 1 4 7 1 10 1 1 10 1 3 2 9 8 6 7 4 3 8 4 7 9 2 1 3 0 2 2 6 2 6 4 6 4 0 2 2 9 9 6 7 10 7 8 4 2 7 0 3 10 8 0 9 7 7 0 7 10 2 9 1 5 10 8 2 9 6 10 6 7 7 1 4 2 2 10 1 3 2 8 4 9 9 8 3 3 7 1 1 5 4 10 9 10 10 4 4 4 1 1 5 8 6 8 6 9 3 4 5 3 1 4 3 8 7 9 8 0 3 5 5 1 7 4 1 1 8 3 9 4 8 10 5 8 5 3 9 10 7 4 8 4 6 5 4 10 5 3 4 3 3 0 0 3 3 7 1 8 0 4 2 3 8 5 4 9 9 1 4 7 10 1 6 3 8 5 4 1 10 3 7 9 9 10 2 9 1 10 10 7 6 10 1 3 3 5 5 3 9 8 10 3 9 9 4 0 9 1 4 9 7 0 7 1 5 3 1 2 0 5 2 6 0 9 10 1 3
