2000 1999
1078 3 1 3 4
1052 8 0 2 3 4 5 7 9 10
1347 10 0 2 3 4 5 6 7 8 9 10
1190 4 1 4 7 8
124 4 0 4 6 8
1093 6 0 1 2 3 4 9
925 5 0 5 6 7 10
1367 4 0 3 6 10
1571 4 1 2 3 7
1331 5 0 3 4 6 8
1391 6 1 2 4 5 8 10
4 4 1 4 8 9
1822 5 0 3 4 8 10
671 7 1 3 4 5 6 7 9
1977 3 0 2 4
364 5 2 6 8 9 10
1728 6 1 3 6 7 8 10
1593 3 1 5 7
1048 2 2 8
418 5 0 1 6 9 10
1104 6 0 4 5 6 9 10
1530 4 0 5 6 9
621 5 4 5 6 8 10
1541 3 3 5 7
1328 5 0 5 6 7 10
1909 4 1 2 3 8
603 4 2 5 8 9
660 6 0 2 5 6 8 9
769 3 1 8 9
819 5 5 6 7 8 10
843 5 0 3 6 9 10
1969 8 0 1 4 5 7 8 9 10
897 4 0 3 6 10
324 2 1 7
1024 4 1 3 6 10
566 6 1 2 3 4 5 8
1766 2 2 8
499 5 0 2 3 6 10
1786 5 2 5 6 7 10
1630 1 4
125 6 0 2 3 5 6 9
550 5 1 2 6 7 9
431 6 0 1 2 3 4 8
1390 7 0 1 4 5 6 7 10
171 9 0 1 2 5 6 7 8 9 10
600 5 2 3 4 5 6
33 5 3 5 6 7 9
1176 3 3 8 9
1218 10 0 1 2 3 4 5 6 8 9 10
668 5 1 2 3 5 7
1531 5 0 4 6 7 10
592 2 7 9
594 1 9
1459 3 2 3 6
10 5 1 2 5 6 8
39 6 0 2 3 7 8 10
291 5 0 2 4 6 7
1552 5 0 3 4 8 10
597 4 0 2 5 10
443 7 0 2 4 6 7 8 10
980 3 1 8 9
847 5 0 2 4 5 7
1067 6 0 2 5 6 7 10
878 8 0 1 2 4 5 6 8 9
728 7 0 2 3 4 6 7 10
327 6 2 3 4 8 9 10
1417 5 1 2 3 6 9
1161 3 0 1 7
564 5 1 5 6 7 10
1995 7 0 1 3 4 6 7 10
970 4 5 8 9 10
827 3 2 3 7
990 5 0 3 4 5 8
1539 9 2 3 4 5 6 7 8 9 10
1160 2 2 6
1892 5 1 3 5 7 10
477 5 0 2 5 9 10
415 4 2 4 6 8
1636 4 3 4 8 10
165 3 5 8 9
368 3 2 5 8
1073 4 1 5 9 10
1416 3 5 8 9
76 6 1 3 4 6 7 9
1796 4 1 3 4 7
1313 5 1 3 7 8 9
343 3 2 4 8
319 4 1 4 6 9
934 5 3 5 6 9 10
271 4 0 6 8 9
1028 4 1 2 8 10
1408 6 2 3 6 7 8 9
1221 5 0 2 4 7 10
432 7 1 3 5 6 8 9 10
140 5 1 2 4 8 10
344 5 3 4 7 8 10
258 6 2 4 5 6 9 10
1342 4 2 3 8 9
329 3 4 5 6
1412 6 1 2 6 7 9 10
1389 7 0 3 4 5 6 7 9
1520 7 0 2 3 4 7 8 9
119 4 0 2 5 7
944 5 0 1 4 6 8
462 5 5 7 8 9 10
1140 8 0 1 2 4 6 8 9 10
181 6 0 1 2 3 6 7
1690 3 1 3 8
610 3 2 3 9
1685 7 0 2 3 4 5 7 9
630 5 0 5 6 9 10
496 3 0 1 7
586 3 0 1 3
1113 1 3
1697 3 5 7 9
1960 3 1 4 7
337 4 3 6 7 10
420 3 1 2 9
253 3 4 9 10
63 1 3
793 5 0 1 5 7 10
896 3 1 6 9
854 5 2 3 6 8 10
698 7 2 3 4 5 6 7 8
1528 5 0 4 6 9 10
1045 4 3 6 8 10
742 4 0 4 8 9
1618 8 0 1 4 5 6 7 8 9
97 5 1 2 3 5 6
1700 2 0 9
336 2 1 8
1785 5 0 2 6 7 9
333 9 0 1 2 3 4 5 6 9 10
1029 4 5 7 8 9
1203 4 0 1 4 6
1653 3 0 1 9
1336 3 5 9 10
224 2 1 6
1974 4 0 1 8 10
423 7 0 2 4 5 6 7 10
217 5 0 2 5 7 8
1597 3 0 2 5
419 3 0 5 7
1808 3 3 8 9
189 4 2 6 9 10
201 2 2 3
865 5 0 1 3 9 10
1134 5 0 5 7 8 9
360 4 1 3 4 8
1838 5 2 4 5 6 10
507 6 0 1 2 3 6 9
1166 4 2 4 9 10
1590 4 3 4 8 9
1224 8 0 2 3 4 5 6 7 10
349 4 1 4 7 10
992 5 0 3 4 6 9
1127 8 0 1 2 3 5 8 9 10
1268 3 1 8 9
210 4 0 5 8 9
1112 5 0 1 2 7 8
1504 8 0 1 3 5 7 8 9 10
1556 6 3 4 5 8 9 10
558 2 7 8
949 3 6 8 9
236 5 1 2 6 9 10
1830 2 4 7
738 7 0 1 3 5 6 9 10
655 3 3 8 9
1542 6 1 3 4 6 9 10
367 4 1 2 5 9
109 2 8 9
828 8 0 2 3 4 5 6 8 9
1523 6 0 1 3 5 7 9
99 5 0 5 6 9 10
237 9 0 1 2 3 5 6 8 9 10
1252 4 3 4 5 8
1415 7 0 1 3 4 5 9 10
191 5 3 5 6 7 10
837 5 2 4 6 9 10
831 9 0 1 2 4 5 6 7 9 10
1411 7 0 3 5 6 7 8 10
723 6 1 2 4 5 7 8
1241 5 0 1 2 5 8
1050 4 5 7 9 10
414 6 3 4 5 6 7 9
763 4 0 3 5 6
515 8 0 2 4 5 6 7 9 10
1931 3 5 6 9
1771 7 0 1 4 5 6 7 9
212 3 4 6 9
1862 2 2 6
42 4 0 1 2 8
822 8 0 1 2 4 6 8 9 10
1114 7 0 2 4 5 8 9 10
989 6 1 3 4 5 6 10
1227 4 1 5 7 10
701 8 0 1 2 3 4 6 7 10
90 5 1 3 5 7 9
868 6 0 2 3 5 8 10
106 10 0 1 2 3 4 6 7 8 9 10
195 6 1 3 4 6 7 10
1465 5 1 4 7 9 10
1424 4 1 2 3 6
176 6 1 2 3 4 6 10
848 2 3 9
1872 3 1 3 9
226 7 0 2 3 4 5 6 9
1043 2 2 10
575 7 0 1 2 6 7 8 10
1092 7 0 2 4 6 7 8 9
977 10 0 1 2 3 4 6 7 8 9 10
1634 2 5 8
1120 6 2 3 6 7 8 9
1167 6 0 1 4 6 9 10
294 3 1 4 10
470 10 1 2 3 4 5 6 7 8 9 10
1970 6 0 2 3 5 9 10
335 5 0 2 4 6 9
1096 4 1 5 6 8
108 4 0 5 6 7
1689 6 0 1 4 5 6 8
383 2 3 6
712 5 1 2 3 8 9
1713 5 0 4 5 6 9
902 2 0 4
1164 6 0 2 3 4 5 6
537 3 1 3 5
1403 8 1 2 4 5 6 8 9 10
1341 3 0 3 10
787 9 2 3 4 5 6 7 8 9 10
1245 4 1 3 5 10
421 7 0 1 2 5 6 7 9
571 3 3 4 9
882 4 0 2 4 10
1780 4 3 5 6 9
1860 5 1 5 7 8 9
1764 3 0 4 8
1332 5 2 5 7 8 9
474 4 0 5 6 7
1746 6 1 3 4 5 6 9
1298 5 1 2 8 9 10
1413 6 0 2 3 6 9 10
1835 7 1 2 4 5 7 8 10
770 6 0 1 2 6 7 8
1693 7 3 4 5 7 8 9 10
681 2 4 5
547 2 2 6
1859 7 1 3 4 5 6 7 8
1503 4 0 1 2 7
1848 4 0 2 7 9
863 4 2 7 8 9
767 3 0 2 3
1794 4 0 1 7 10
261 5 1 3 4 5 6
1059 2 0 2
661 6 1 3 4 5 6 9
96 7 2 4 5 6 8 9 10
160 5 0 2 3 8 9
866 6 0 1 3 4 6 10
1002 4 4 5 9 10
703 7 1 2 5 6 8 9 10
444 3 3 5 7
957 7 0 1 2 3 4 6 8
996 5 0 7 8 9 10
1063 2 7 10
1098 5 0 1 4 5 7
713 3 2 3 10
1692 5 2 4 5 8 9
1899 4 1 3 4 8
724 3 2 3 4
380 10 0 1 2 3 4 5 6 8 9 10
598 2 3 4
953 5 0 2 5 6 9
1959 3 4 5 6
1938 3 2 6 9
322 4 0 2 8 9
1062 7 0 1 3 4 5 6 10
65 1 9
1720 4 2 6 7 8
511 4 0 1 2 3
56 4 4 6 7 9
1303 2 0 4
625 3 0 3 7
1686 3 0 5 8
810 5 2 5 6 8 9
928 4 0 5 7 10
584 9 0 1 2 3 4 5 6 8 9
797 4 4 6 8 10
1914 4 0 3 7 10
962 6 0 1 2 3 7 9
1345 5 0 3 4 5 7
741 6 0 2 3 6 7 8
494 8 0 2 3 4 7 8 9 10
1629 9 2 3 4 5 6 7 8 9 10
445 3 1 2 8
881 7 0 1 2 3 6 7 10
1432 5 2 3 4 6 7
877 5 1 2 6 8 9
399 2 2 7
246 7 2 3 4 5 7 8 9
86 8 0 3 4 5 6 8 9 10
1652 6 0 1 4 6 7 9
405 4 1 3 4 9
821 3 0 6 9
772 6 0 3 7 8 9 10
548 6 0 2 3 4 6 7
411 5 0 4 5 8 10
391 7 0 1 2 3 6 7 9
858 6 0 2 3 5 6 7
1989 4 4 6 8 9
1954 3 2 6 7
778 4 2 5 7 9
998 2 4 7
702 6 0 1 2 3 7 8
25 4 1 4 7 8
1105 4 1 4 6 8
874 5 1 2 6 8 9
1431 7 1 2 3 4 6 7 9
1467 5 1 3 5 8 10
194 1 10
718 6 0 2 3 6 8 10
1940 7 0 1 2 4 5 6 7
669 3 2 3 4
1775 5 0 1 2 3 6
1410 7 0 1 2 5 6 7 10
652 4 2 6 7 9
1469 4 0 4 6 7
305 4 1 2 3 4
77 4 2 5 7 9
30 7 1 2 4 6 7 9 10
440 7 0 1 4 5 6 7 8
426 7 2 3 6 7 8 9 10
1791 3 3 6 9
1088 8 0 1 2 4 5 6 8 10
1584 2 1 9
1904 6 0 1 4 5 7 10
1950 4 2 5 8 10
1985 5 2 3 4 5 8
1858 7 1 3 5 7 8 9 10
355 5 1 4 6 7 9
1585 7 0 1 3 4 7 9 10
1122 5 2 4 6 9 10
1803 8 1 2 3 5 7 8 9 10
1233 5 0 1 5 7 9
131 4 1 2 6 7
706 4 4 6 8 9
864 9 0 1 2 3 5 6 7 8 9
638 4 3 4 8 9
1487 6 2 3 4 6 9 10
295 6 1 2 3 4 5 7
647 7 1 2 3 6 8 9 10
653 3 0 2 4
1971 6 2 4 5 6 8 10
91 5 1 3 4 7 10
1338 6 1 2 3 6 7 9
469 3 6 7 10
1210 4 2 3 4 8
488 7 0 1 4 5 6 7 8
1575 6 0 1 2 4 6 7
1896 2 1 10
551 1 1
1878 3 0 2 3
1155 6 0 1 2 3 9 10
1721 7 1 3 4 5 7 8 9
1596 2 4 9
1905 7 0 3 4 5 7 8 9
298 2 8 9
1195 5 0 2 3 4 7
1755 9 1 2 3 4 5 7 8 9 10
1283 2 6 9
914 6 2 4 6 7 8 9
1269 10 0 1 2 3 4 5 6 7 8 10
1964 3 2 9 10
999 2 2 5
379 2 1 6
497 3 0 5 7
1019 5 0 2 4 6 10
1296 4 1 3 4 6
192 6 1 2 3 5 6 7
1094 6 0 1 4 6 8 10
544 5 3 4 5 7 8
143 5 1 3 4 7 8
1247 3 0 7 9
48 3 8 9 10
1057 5 0 5 6 9 10
173 6 3 4 5 7 8 9
446 3 5 7 9
1967 6 1 2 3 5 7 9
1246 6 0 4 5 7 9 10
1462 6 1 2 7 8 9 10
1169 4 0 2 7 9
1385 5 0 1 4 5 7
121 6 0 2 3 8 9 10
982 11 0 1 2 3 4 5 6 7 8 9 10
813 6 0 2 3 5 6 8
407 8 0 1 4 5 7 8 9 10
1187 3 2 4 8
640 3 2 3 6
1429 4 0 1 7 10
861 5 0 1 6 8 10
80 4 0 3 4 7
113 6 1 2 7 8 9 10
310 5 0 2 4 9 10
1307 7 0 1 3 7 8 9 10
981 7 0 1 3 5 6 7 10
1957 7 0 1 3 6 7 9 10
716 5 3 4 5 7 10
1461 7 0 1 3 5 6 7 8
887 6 0 2 4 5 6 9
1565 4 2 4 5 8
919 3 1 6 10
1003 8 0 2 4 5 6 7 8 9
1006 4 0 4 6 8
161 7 2 4 5 6 8 9 10
1638 5 0 4 5 8 10
1489 2 6 10
1211 5 0 2 3 8 9
946 7 1 2 5 7 8 9 10
717 2 0 8
995 5 0 1 4 5 7
1550 6 0 2 3 7 9 10
1756 5 1 3 4 6 9
1572 2 4 8
720 4 0 4 7 8
672 6 0 1 2 3 4 6
151 5 2 3 4 5 9
339 7 0 2 3 4 5 8 9
1323 3 0 2 10
40 1 1
1086 10 0 1 2 3 4 5 7 8 9 10
1740 4 1 4 8 9
1635 5 4 6 7 8 10
1085 2 2 3
1149 5 0 3 4 5 8
1521 6 0 2 4 5 8 10
345 3 1 4 9
1402 9 0 1 3 4 5 6 7 8 9
485 4 3 6 7 9
690 2 0 8
451 1 4
1051 2 0 7
503 8 0 1 2 4 5 7 9 10
1898 6 0 2 4 5 8 9
1361 4 1 2 3 6
807 8 1 2 3 4 5 7 8 9
1540 4 2 5 9 10
1903 6 0 1 5 6 9 10
804 4 3 4 6 10
1439 4 0 4 5 8
88 4 1 3 6 9
624 5 2 6 8 9 10
1812 4 2 3 6 10
1335 5 0 1 2 3 4
535 2 0 9
1394 4 1 2 4 10
1649 2 6 9
696 8 0 2 4 5 6 8 9 10
251 4 0 4 5 9
231 6 1 3 4 6 7 9
1451 2 4 5
1819 1 7
1655 5 1 2 4 8 10
1613 2 7 9
1863 3 5 6 10
82 5 0 2 5 6 7
1876 5 2 3 4 8 10
1586 6 1 4 5 6 9 10
599 5 1 2 3 4 6
757 6 3 4 5 6 7 9
1802 5 0 3 5 6 8
833 7 1 3 4 5 6 8 10
219 5 0 3 4 7 10
744 4 3 6 7 9
726 4 1 3 5 9
826 3 0 1 3
704 3 2 3 4
1480 4 0 3 7 8
1551 8 0 2 4 5 6 7 8 9
939 7 0 1 2 3 5 9 10
1362 2 5 6
3 6 1 2 6 8 9 10
1455 3 0 1 5
809 8 0 1 2 5 6 7 9 10
1988 4 4 5 7 8
288 4 5 6 7 8
290 7 0 2 5 6 7 8 10
1042 7 0 2 4 5 6 7 10
1592 4 4 5 7 9
936 5 2 4 5 6 9
297 4 0 3 7 10
448 2 1 10
1369 8 3 4 5 6 7 8 9 10
114 7 0 1 2 3 4 8 10
435 6 1 3 4 5 8 9
159 3 2 6 8
658 3 2 4 10
1844 6 1 2 4 6 8 10
1723 7 1 2 6 7 8 9 10
521 3 0 6 10
92 2 8 10
955 5 1 2 3 5 7
561 5 2 3 6 7 8
248 6 3 4 5 7 8 10
1193 4 0 3 4 7
79 4 3 5 6 7
1537 5 0 6 7 8 9
1473 5 0 3 5 7 10
538 5 3 4 8 9 10
1099 4 1 5 7 9
1519 3 0 3 4
978 3 0 4 5
1501 5 1 3 5 6 10
1488 6 0 3 4 6 8 9
1374 1 3
1289 4 1 2 8 10
1817 4 0 3 6 7
1409 6 1 4 5 6 7 8
1284 4 0 3 5 10
908 7 1 2 3 4 7 8 9
851 3 2 4 7
495 3 4 6 10
940 6 3 4 7 8 9 10
408 7 1 2 3 4 5 7 8
560 4 0 2 3 10
117 4 2 5 6 10
196 5 0 1 4 6 10
965 3 2 5 10
6 1 1
120 5 4 6 7 8 10
1279 2 3 5
1209 5 1 2 3 4 6
152 4 2 4 6 8
1282 4 1 3 4 7
1879 7 0 1 2 6 7 8 10
232 9 0 1 2 3 4 6 7 9 10
378 2 3 10
971 7 0 3 4 5 6 8 9
964 3 3 5 7
1364 5 0 2 4 6 8
1842 7 0 1 2 3 4 5 6
1215 2 2 7
428 5 0 2 4 8 10
736 5 0 2 7 8 9
601 5 0 1 2 4 9
790 4 0 5 9 10
410 9 0 2 3 4 6 7 8 9 10
1682 2 1 7
1610 3 1 3 4
504 6 0 1 3 4 6 7
852 8 1 2 3 4 5 6 8 10
177 5 3 4 6 9 10
1698 6 2 3 5 8 9 10
1695 4 0 5 6 9
362 3 2 7 9
1933 5 1 5 8 9 10
122 4 3 4 8 9
886 7 0 1 3 4 5 9 10
1196 8 0 1 2 3 4 6 9 10
20 6 3 5 6 8 9 10
483 10 0 1 2 3 4 5 6 7 8 10
725 4 0 1 3 4
1647 4 2 3 5 6
141 7 0 2 4 6 7 8 10
167 5 4 5 7 8 9
727 5 1 2 3 8 10
1599 3 3 5 9
1761 6 2 5 7 8 9 10
633 4 1 5 9 10
539 3 2 5 6
1458 8 0 1 2 5 7 8 9 10
1219 4 4 5 6 9
386 7 0 1 2 4 6 8 10
1583 4 0 1 5 9
361 5 3 5 6 7 8
1249 5 0 5 8 9 10
1355 3 4 5 7
841 6 1 2 3 6 7 10
1046 3 0 6 7
568 5 0 4 6 8 10
903 3 1 5 9
471 2 3 5
1795 3 5 7 9
1065 5 0 1 2 5 6
498 1 3
1507 5 0 1 8 9 10
1800 4 1 4 6 10
1117 7 0 1 2 3 4 6 10
979 7 0 2 3 6 7 9 10
22 5 2 3 5 9 10
1811 1 8
1322 2 9 10
1115 5 0 3 4 6 8
1745 3 5 6 7
870 7 1 2 3 4 5 7 9
1951 4 0 4 7 9
1644 4 0 4 5 7
1926 7 0 2 3 4 5 7 9
1799 4 1 5 6 7
1013 5 1 5 6 7 10
1662 4 1 5 6 9
1181 4 0 2 7 8
1833 1 3
388 4 3 5 7 8
730 1 5
9 7 1 2 5 7 8 9 10
963 4 1 6 7 9
1329 5 0 1 6 7 9
257 5 0 1 4 5 7
1173 2 2 9
709 6 0 6 7 8 9 10
595 7 0 1 2 5 8 9 10
1022 8 1 2 4 5 7 8 9 10
1873 6 0 3 4 5 7 8
1466 4 1 2 5 9
1273 4 3 6 8 9
1927 4 2 3 7 9
11 10 0 1 2 4 5 6 7 8 9 10
749 5 2 3 4 5 8
1820 5 1 3 6 8 9
1748 3 5 7 9
149 6 0 3 4 5 7 10
197 5 0 2 6 7 9
536 4 1 2 4 9
455 5 0 3 4 5 9
667 4 1 2 5 8
1870 5 0 1 3 4 7
1706 6 1 2 3 5 7 9
1648 7 1 2 4 6 7 9 10
522 7 1 2 3 4 6 8 10
904 6 1 4 5 6 7 10
1948 6 0 1 3 4 9 10
1200 4 5 6 9 10
1576 3 1 4 9
1923 4 1 3 4 9
304 4 1 2 7 8
1256 9 0 2 3 4 5 6 7 9 10
1208 4 1 2 4 10
1009 4 0 6 8 10
274 2 6 8
1887 5 1 5 8 9 10
1165 7 3 4 5 6 8 9 10
954 5 2 4 5 8 9
1030 2 0 4
789 2 6 8
461 2 0 9
1421 6 0 2 3 6 8 9
1536 8 0 1 2 3 5 6 7 9
596 3 1 2 5
1929 8 0 1 2 4 5 6 8 10
1956 4 2 5 8 9
457 7 1 2 4 6 7 9 10
1370 4 2 4 5 9
541 7 0 3 4 5 8 9 10
674 6 0 1 2 4 8 9
170 3 0 3 7
1829 6 1 4 5 6 9 10
182 5 2 3 4 6 8
1816 8 0 1 2 5 7 8 9 10
1947 6 0 2 3 5 7 8
626 8 1 3 4 6 7 8 9 10
788 9 0 1 2 3 5 6 7 8 9
71 3 4 6 10
1865 4 1 5 7 8
468 3 5 6 8
1641 4 3 5 7 10
708 6 5 6 7 8 9 10
37 3 1 2 5
705 6 0 2 4 6 9 10
1079 3 1 3 7
1513 8 0 2 3 4 5 7 9 10
1317 3 0 2 6
1072 4 1 6 9 10
1841 5 0 1 5 7 8
1958 6 1 2 3 4 6 8
555 5 3 5 7 9 10
1348 5 1 3 4 5 8
1474 5 2 5 8 9 10
256 7 1 2 3 6 7 9 10
245 6 0 2 3 7 8 9
1851 4 0 2 3 6
1290 7 2 4 5 6 8 9 10
267 7 0 1 2 3 4 5 6
1353 4 0 1 6 8
1038 5 2 3 4 9 10
1299 6 0 1 3 6 7 9
1116 6 0 2 7 8 9 10
1939 7 0 3 4 7 8 9 10
32 9 0 1 3 4 5 6 7 8 10
1157 6 2 3 5 6 7 8
1136 6 1 2 5 7 8 9
1784 8 0 1 2 3 5 7 8 9
1925 1 9
1900 6 2 6 7 8 9 10
1737 7 0 3 5 6 7 8 10
34 2 8 9
116 6 0 4 5 6 8 10
1893 3 0 8 10
200 4 0 1 3 6
1991 3 2 7 9
577 3 1 2 7
352 6 1 3 7 8 9 10
648 7 2 3 4 5 6 8 9
436 5 0 4 6 7 8
1025 4 6 7 9 10
761 3 2 6 7
1850 5 0 3 7 9 10
899 6 3 4 5 6 7 10
202 8 0 2 3 6 7 8 9 10
1779 2 0 7
1357 6 1 2 5 6 7 8
1264 8 0 1 3 4 5 6 7 8
1276 3 1 3 8
358 3 3 8 9
247 4 3 6 7 10
475 3 3 6 7
1856 4 0 3 6 8
823 5 0 6 7 8 10
1823 9 0 2 3 4 6 7 8 9 10
203 6 0 2 3 6 9 10
233 5 2 3 6 8 9
75 3 1 4 5
1472 6 0 2 5 7 8 9
662 5 1 3 4 7 9
132 4 2 3 7 8
593 3 1 2 4
534 5 1 4 5 9 10
1661 4 1 2 5 6
514 4 1 3 8 10
1192 9 2 3 4 5 6 7 8 9 10
334 6 2 3 5 8 9 10
862 6 0 1 3 5 6 9
1824 3 1 2 3
933 2 0 7
553 5 1 4 6 7 8
275 4 0 2 6 8
629 2 1 10
1670 5 3 4 6 8 10
1445 7 0 1 2 6 8 9 10
932 5 1 2 5 8 10
1650 8 0 1 2 4 5 6 8 10
61 5 0 1 4 5 6
1852 7 0 1 2 5 6 8 10
1554 4 1 3 8 9
554 3 6 7 10
1772 3 3 8 9
1736 6 2 4 6 7 9 10
1826 4 0 2 4 5
1730 8 0 1 3 4 5 8 9 10
1994 3 2 9 10
892 7 0 1 3 4 6 8 10
559 9 0 1 2 3 6 7 8 9 10
1973 5 2 5 6 8 9
1239 5 0 2 4 5 9
588 10 1 2 3 4 5 6 7 8 9 10
1912 3 5 7 9
277 2 4 6
759 5 0 4 5 6 8
1777 6 0 1 3 5 6 8
530 10 0 1 2 3 4 5 6 7 8 9
1889 6 1 2 5 6 9 10
1498 7 0 2 3 4 7 8 10
1150 3 1 5 8
1049 9 1 2 3 4 6 7 8 9 10
754 3 0 3 4
1056 3 1 8 9
163 2 1 3
51 6 0 1 2 5 6 9
968 3 1 4 10
1793 6 1 2 4 5 6 9
784 5 0 5 8 9 10
581 7 0 1 3 4 5 7 10
755 5 3 4 5 9 10
1624 1 6
1422 5 0 2 6 8 9
1225 2 6 7
1334 4 0 3 7 10
1300 4 0 4 6 7
438 2 0 1
1760 5 0 1 2 3 10
1733 4 3 4 5 9
1907 4 0 1 3 8
87 3 1 4 9
1011 6 2 4 5 7 8 9
1561 2 3 6
133 2 6 8
582 1 3
1855 1 7
556 6 0 1 2 3 6 10
1642 6 0 1 6 7 8 10
1913 3 0 3 8
74 3 1 3 4
1470 5 3 5 6 8 10
1853 8 0 2 3 4 5 7 8 9
1703 3 3 5 10
1135 2 6 8
764 2 6 10
1206 9 0 1 2 3 4 6 7 9 10
1301 8 1 2 3 4 6 7 9 10
1725 2 4 9
1843 4 1 2 6 7
1828 5 2 3 4 6 8
952 8 1 2 3 4 5 6 8 10
1310 2 7 9
1083 7 1 4 5 6 7 8 9
1665 5 2 5 6 7 9
710 4 1 4 5 9
1080 6 1 2 6 7 8 9
1963 8 0 1 2 3 5 6 9 10
1267 5 0 1 4 7 8
1008 6 1 2 3 5 6 8
115 5 0 3 4 9 10
1068 6 1 4 5 6 8 10
1174 4 0 2 6 10
1832 5 0 1 3 5 10
139 7 0 2 3 6 8 9 10
1309 6 0 2 3 4 5 8
1718 7 0 2 3 4 6 9 10
1372 4 2 3 9 10
1570 3 0 1 2
1278 8 1 2 3 6 7 8 9 10
31 2 2 7
1388 8 0 1 4 5 6 8 9 10
400 6 1 3 6 7 9 10
1304 4 6 7 8 9
53 4 1 2 6 10
1688 3 0 8 10
528 4 4 5 6 9
50 3 0 5 10
1637 5 0 1 4 5 10
1214 3 0 3 7
1118 1 7
920 6 0 1 3 4 7 8
1724 1 6
1752 4 0 1 2 10
1248 5 0 1 3 5 7
1262 3 2 3 10
18 4 4 5 8 10
997 6 3 4 5 6 7 10
1198 11 0 1 2 3 4 5 6 7 8 9 10
905 7 0 1 3 4 7 9 10
523 2 5 8
142 10 0 1 2 3 4 5 7 8 9 10
1558 7 0 1 2 4 5 6 8
1710 2 8 10
549 3 2 5 10
1460 2 3 6
1420 4 0 1 9 10
659 10 0 1 2 4 5 6 7 8 9 10
644 11 0 1 2 3 4 5 6 7 8 9 10
916 5 1 2 5 6 10
1263 4 1 2 5 10
1787 7 0 1 3 4 6 8 10
1837 6 0 4 5 7 8 10
127 8 0 1 3 5 7 8 9 10
1486 5 0 1 4 6 9
849 4 0 7 8 9
95 7 1 2 3 5 8 9 10
491 3 3 4 8
134 5 0 1 4 5 10
1732 3 0 3 8
1587 7 0 3 5 6 7 8 10
505 3 0 6 9
1538 5 5 6 7 9 10
353 2 4 8
1407 6 0 3 5 7 8 9
565 1 2
385 8 0 1 2 4 5 6 9 10
641 6 0 1 3 4 5 8
1074 4 3 5 8 10
796 3 0 4 5
732 8 0 1 2 3 5 6 7 9
309 3 0 4 8
188 8 0 1 2 3 4 5 6 10
1026 7 0 2 3 4 7 8 10
1243 5 0 4 5 7 10
1418 7 1 3 4 5 6 7 8
1005 5 2 3 4 6 7
340 7 1 2 4 5 6 7 9
1516 5 2 5 6 7 8
316 4 0 1 5 8
1906 9 1 2 3 4 6 7 8 9 10
691 9 0 1 2 3 4 5 6 7 10
1738 3 2 3 7
1578 5 0 3 4 6 8
221 8 0 1 5 6 7 8 9 10
618 5 1 3 5 9 10
1677 4 0 1 7 9
1753 9 0 2 3 4 5 6 7 8 10
740 2 3 10
782 5 0 5 7 9 10
112 2 0 8
238 5 0 2 3 7 9
1553 2 3 5
673 4 0 3 4 6
1633 6 0 2 4 6 8 10
1864 8 0 1 2 4 6 7 8 10
434 4 1 2 5 9
692 2 7 8
412 5 0 1 3 5 9
783 8 0 1 4 5 6 7 8 10
609 4 3 5 7 9
605 3 2 7 8
619 4 0 3 8 9
883 9 1 2 3 5 6 7 8 9 10
1151 7 0 1 2 4 6 8 10
1846 6 0 1 2 3 8 9
760 5 4 5 7 9 10
424 1 9
799 3 3 4 10
15 4 0 2 3 4
229 2 1 4
464 4 1 7 9 10
1258 6 0 1 2 4 8 10
311 3 0 2 5
850 3 2 3 4
1712 7 1 2 4 6 7 9 10
1866 3 0 4 7
216 6 1 3 4 7 8 9
983 4 1 2 7 9
1962 7 2 3 4 5 6 8 10
935 2 6 7
282 2 0 10
1968 5 1 3 6 7 8
1603 2 0 5
1414 5 2 5 6 7 9
1179 4 0 3 4 10
1371 5 2 6 8 9 10
1351 2 7 10
1397 6 0 2 3 4 7 9
1442 6 0 1 2 3 9 10
187 4 0 7 9 10
1152 2 2 9
489 3 0 6 7
382 3 0 3 9
338 7 0 1 2 3 7 8 10
283 4 0 4 6 8
166 5 0 1 3 6 7
1891 9 0 1 2 4 5 6 7 9 10
308 4 0 1 5 6
993 5 0 2 4 5 6
1288 4 1 3 4 5
110 4 2 3 5 6
250 5 1 3 4 5 7
895 8 0 1 2 3 4 5 6 9
751 5 0 3 8 9 10
1352 6 0 4 5 8 9 10
1194 3 6 7 10
1545 3 2 7 8
746 4 0 2 5 6
249 4 3 4 6 10
654 5 1 3 4 6 7
1809 5 0 1 4 5 8
574 8 0 1 2 3 6 7 8 10
374 6 2 4 6 7 8 10
1123 7 0 2 3 5 7 8 10
860 5 1 2 5 7 10
1614 6 1 3 4 5 6 8
214 5 1 3 7 8 10
213 2 7 10
1485 7 0 2 3 4 6 7 9
342 6 0 1 3 4 5 10
1643 5 0 2 3 5 10
1774 3 1 2 10
1722 4 0 7 9 10
512 8 1 2 3 4 5 6 9 10
320 8 0 3 4 5 6 7 8 10
1255 4 2 4 7 8
46 6 0 1 2 6 7 10
1069 4 2 6 7 10
777 3 2 5 10
1393 3 0 5 7
1849 6 0 2 3 5 6 8
1058 7 0 1 2 4 7 8 10
1888 6 2 5 6 7 9 10
1941 8 2 3 4 5 6 7 9 10
1175 7 2 3 4 5 6 8 10
1260 3 2 6 7
1130 4 3 4 9 10
1517 3 2 9 10
700 8 0 2 3 4 6 7 9 10
1318 4 2 6 8 10
649 11 0 1 2 3 4 5 6 7 8 9 10
1749 5 0 1 4 5 7
1845 6 0 2 4 6 7 8
105 3 0 2 5
815 8 0 1 2 4 6 8 9 10
1639 3 3 8 10
1549 3 0 1 7
1547 2 5 9
363 3 6 8 10
1668 4 0 1 9 10
49 7 0 3 5 6 7 8 10
976 5 0 5 7 8 9
1287 4 0 1 6 8
478 9 0 1 2 3 4 6 7 8 9
429 3 2 4 10
1992 5 1 2 4 5 8
1142 4 5 6 7 9
44 4 0 1 3 10
1406 4 1 3 5 7
1595 8 2 3 4 5 7 8 9 10
1138 5 2 6 7 8 10
1326 3 7 8 10
1456 2 3 8
1508 3 2 5 6
1159 4 2 4 6 10
1949 2 7 9
1979 4 1 2 9 10
1874 4 2 5 7 9
1490 3 4 5 6
1360 6 0 2 3 4 6 9
991 4 4 5 7 9
1510 5 0 1 5 8 10
1601 3 2 3 7
126 3 3 5 8
235 2 1 7
1840 7 2 3 5 6 7 8 10
1449 5 0 2 6 7 8
273 6 0 1 3 4 7 8
585 5 0 4 5 6 9
1591 8 0 1 2 3 6 7 8 9
467 5 2 3 5 6 10
381 4 0 2 3 5
493 7 0 1 3 5 6 7 9
27 6 1 3 4 8 9 10
1271 5 3 4 5 8 9
242 3 2 4 10
389 5 2 4 6 9 10
1615 5 0 1 5 7 9
798 5 0 1 3 4 9
1631 3 3 4 7
1295 7 1 3 4 5 7 8 10
1716 6 0 1 2 4 7 10
1041 6 2 6 7 8 9 10
676 7 0 1 3 5 7 8 9
959 5 1 2 7 8 9
1478 2 3 7
880 3 2 4 10
1825 4 2 5 7 9
634 4 2 4 8 9
1228 8 0 1 2 3 4 5 7 10
872 2 0 9
129 3 0 8 10
1349 6 0 2 3 5 7 10
1871 2 3 4
1377 3 3 5 7
1646 8 1 3 4 5 6 7 8 10
1546 4 0 3 4 7
1035 3 5 6 7
1978 10 0 1 2 3 4 5 6 8 9 10
427 7 0 1 2 5 6 8 10
1188 5 0 4 7 9 10
1089 5 1 2 3 9 10
29 3 0 6 10
1381 3 2 6 8
1106 6 0 2 3 6 9 10
1204 4 5 7 9 10
1189 5 1 2 6 7 8
1236 1 4
500 6 0 2 4 7 8 9
966 3 0 2 9
871 7 0 2 5 6 7 8 9
145 6 0 5 6 8 9 10
1146 6 0 2 3 4 7 10
1265 7 0 1 2 3 7 9 10
1999 4 0 3 7 9
1729 3 2 4 10
832 7 2 3 4 5 7 9 10
1037 2 1 6
19 7 0 1 5 6 7 8 10
1836 3 3 6 10
1039 5 0 1 2 9 10
1108 7 1 2 4 5 7 9 10
1482 5 2 3 6 7 8
1383 6 2 3 6 7 8 9
23 6 0 1 3 7 8 9
1125 6 2 5 6 7 8 10
1070 2 7 10
1084 7 1 3 4 5 6 9 10
1869 4 0 1 6 8
1311 5 2 3 5 7 9
910 5 0 1 4 8 9
1543 5 0 1 7 8 10
1253 5 4 5 6 7 9
393 5 0 3 6 7 9
1673 8 0 1 3 4 6 7 8 9
1854 4 1 2 3 7
524 4 0 3 4 8
1180 4 0 1 6 10
12 3 0 1 9
974 4 4 5 7 9
155 3 0 7 10
1202 3 2 6 7
927 4 0 1 3 6
1354 9 0 1 2 3 5 6 7 8 10
645 3 1 4 10
678 11 0 1 2 3 4 5 6 7 8 9 10
215 9 0 1 3 5 6 7 8 9 10
254 5 0 1 7 9 10
299 5 0 1 4 7 10
542 6 3 4 6 8 9 10
567 4 0 2 7 9
607 4 1 2 3 6
207 6 2 4 5 7 8 9
918 2 1 3
817 6 0 1 2 4 5 7
506 6 1 2 5 6 8 9
1144 8 1 2 3 4 6 7 8 9
1620 4 0 3 4 9
1656 2 0 4
365 5 0 1 6 9 10
1434 6 0 1 4 5 7 9
148 4 2 3 8 10
1314 2 9 10
156 5 0 1 3 7 8
1197 2 3 8
1884 8 0 1 2 5 6 7 8 9
303 6 3 5 7 8 9 10
104 9 1 2 3 4 5 6 7 9 10
172 5 1 2 3 5 7
230 4 3 4 5 6
950 4 1 3 5 10
1082 5 0 2 7 9 10
312 6 3 4 6 7 8 10
422 2 1 2
1223 6 1 3 5 7 8 10
371 2 0 2
425 6 1 3 5 6 7 8
1017 1 3
1908 3 1 4 10
1588 4 3 4 6 10
803 9 0 1 2 4 5 6 7 8 10
47 7 1 2 3 6 7 9 10
898 6 1 2 4 7 8 9
1382 4 2 5 8 9
975 4 0 5 7 9
873 5 1 4 5 7 9
590 4 3 4 7 10
677 5 2 5 7 9 10
714 6 1 3 5 6 7 8
103 8 0 1 2 3 4 6 8 9
1612 3 0 2 6
330 5 1 3 6 7 8
1266 6 1 2 4 5 6 10
1034 2 0 2
482 4 3 4 6 8
1400 2 6 9
492 5 1 3 5 8 9
1691 6 0 1 2 5 7 9
825 5 2 5 8 9 10
924 4 3 6 8 9
1640 5 2 3 8 9 10
1384 5 3 4 6 7 8
984 6 2 3 4 6 8 9
1928 1 5
1446 8 0 1 2 3 6 7 8 10
1145 10 0 1 3 4 5 6 7 8 9 10
392 3 4 8 10
768 2 6 9
557 3 1 2 10
802 4 0 1 4 8
397 3 2 7 8
1589 3 3 4 7
315 4 0 1 9 10
1497 6 1 2 5 6 8 9
1184 5 0 1 5 6 10
227 9 0 2 4 5 6 7 8 9 10
1664 8 1 3 5 6 7 8 9 10
450 6 0 1 2 4 8 9
719 9 0 1 2 3 4 6 7 8 10
766 3 4 8 10
876 5 2 5 6 7 10
1277 6 0 2 4 6 8 9
520 6 1 4 5 6 7 10
1608 7 0 2 3 4 5 7 10
722 6 2 5 6 7 8 9
1018 7 2 3 4 6 7 8 10
830 8 0 1 4 5 6 8 9 10
1983 4 0 3 7 9
1500 9 0 1 2 3 4 5 6 8 9
228 5 2 3 4 5 7
1902 6 1 4 5 8 9 10
1758 5 1 3 5 6 10
146 10 0 1 3 4 5 6 7 8 9 10
929 5 1 2 3 8 9
332 7 1 2 3 6 7 8 10
68 4 0 2 6 8
375 5 2 4 7 8 9
664 6 0 2 3 4 8 9
1568 11 0 1 2 3 4 5 6 7 8 9 10
1580 3 2 5 8
1651 7 1 3 4 6 7 8 9
154 6 0 1 3 4 8 9
1274 4 1 3 4 7
1569 3 2 4 8
1257 4 0 2 4 7
526 4 0 2 4 5
1032 5 1 6 7 8 9
1137 4 4 6 7 8
1238 5 1 3 4 6 8
1483 6 1 4 6 7 8 9
1577 5 1 3 4 5 9
241 6 0 1 2 5 6 8
1986 1 9
1731 6 0 3 4 5 6 7
1678 4 3 6 8 10
150 6 0 3 4 5 7 8
889 6 0 1 2 4 8 10
459 2 0 1
1783 3 5 8 9
1315 4 0 3 5 8
1054 6 0 2 5 8 9 10
1509 7 1 2 3 4 5 6 9
1600 5 1 2 5 7 9
780 5 1 3 7 8 9
45 4 2 3 5 10
36 3 2 5 8
942 7 0 1 2 4 6 7 8
26 8 1 4 5 6 7 8 9 10
651 11 0 1 2 3 4 5 6 7 8 9 10
1000 5 1 3 4 7 8
1705 4 1 3 4 8
204 6 0 1 2 5 7 9
1378 6 1 2 3 5 6 7
1392 5 0 3 4 8 10
402 4 2 3 4 7
465 6 0 1 3 7 9 10
1672 9 0 2 3 4 5 6 8 9 10
969 5 0 2 7 8 9
685 4 0 4 5 7
1936 8 1 4 5 6 7 8 9 10
5 7 0 1 4 7 8 9 10
222 3 1 2 3
73 4 0 2 5 9
1363 2 0 10
1980 3 1 4 10
737 4 0 2 3 4
893 5 1 3 6 7 9
683 7 0 1 2 3 4 9 10
190 3 5 6 8
346 3 1 2 3
1162 6 0 1 2 3 7 10
1055 6 1 2 5 7 8 10
1337 2 7 10
280 11 0 1 2 3 4 5 6 7 8 9 10
1453 5 1 2 4 6 9
1064 5 2 4 7 9 10
263 5 0 1 2 4 9
911 2 1 9
987 2 8 10
351 7 1 2 4 5 7 9 10
835 5 1 2 5 6 10
884 4 2 6 8 10
347 2 1 3
1604 2 2 3
856 6 0 1 4 6 7 10
1286 5 0 2 3 7 10
587 3 2 5 9
1715 5 2 4 5 8 10
1396 4 5 6 7 8
900 6 0 1 5 6 7 9
1792 4 1 2 6 10
1512 4 4 5 6 7
838 5 0 2 3 5 6
437 5 0 2 4 7 9
130 9 0 1 2 3 5 6 8 9 10
637 4 2 4 7 10
839 4 0 3 4 7
377 6 1 3 5 6 8 9
1379 9 1 2 3 4 6 7 8 9 10
922 5 0 1 5 6 7
1894 8 1 3 4 5 6 7 8 9
912 3 1 3 9
317 5 1 4 8 9 10
1154 4 4 6 8 9
94 6 0 3 5 8 9 10
38 3 1 7 10
753 5 2 4 7 8 9
1275 8 0 1 2 3 4 5 6 8
1726 7 1 2 3 4 6 7 9
211 2 8 10
1527 5 0 1 2 5 8
1778 4 0 2 3 8
1679 5 1 3 4 8 9
1687 4 1 2 7 8
137 4 0 1 4 8
417 8 0 2 3 4 6 7 8 10
1993 8 1 2 3 4 5 6 7 8
806 8 0 1 3 5 6 7 9 10
1191 11 0 1 2 3 4 5 6 7 8 9 10
682 8 0 2 3 4 5 6 8 10
260 2 0 4
688 4 4 6 9 10
1358 4 4 5 7 8
1014 4 0 3 7 8
1895 4 1 5 7 8
589 6 0 2 5 6 8 10
1443 5 0 3 7 8 10
1998 2 3 4
786 4 2 3 6 7
1071 5 1 2 6 8 10
138 11 0 1 2 3 4 5 6 7 8 9 10
1281 4 1 2 6 10
318 7 0 1 2 3 5 9 10
1199 4 4 5 7 10
463 5 1 3 6 9 10
1251 2 3 7
354 5 0 4 5 7 8
731 4 2 3 4 10
1659 4 6 7 9 10
325 3 1 4 9
168 6 0 1 3 5 6 7
300 3 1 3 10
270 7 0 4 5 7 8 9 10
623 4 1 2 3 8
1694 5 0 1 3 9 10
1767 7 0 1 3 5 6 7 9
208 4 1 3 6 7
1813 4 3 5 7 10
846 5 1 2 4 6 10
694 7 3 4 5 6 7 8 10
1491 4 0 1 3 6
1942 3 5 9 10
1875 8 0 2 3 5 6 7 8 10
1020 3 0 4 5
967 4 2 6 7 9
1386 4 0 1 7 8
1234 4 2 5 6 8
1340 4 0 2 8 9
1897 6 2 3 4 7 8 9
262 5 0 1 3 5 7
643 4 3 7 8 10
1325 4 4 6 8 9
1798 5 1 2 3 6 7
1312 5 0 1 2 3 4
779 5 1 5 6 7 9
1674 6 5 6 7 8 9 10
697 4 3 5 7 9
1010 5 0 1 2 4 7
55 1 2
387 5 4 6 7 9 10
390 3 4 6 9
1762 4 2 5 8 10
162 7 0 1 2 3 5 7 10
135 4 0 1 3 4
1814 4 0 6 7 10
1399 2 3 4
1427 3 2 3 6
947 5 1 2 3 8 9
824 7 2 3 4 7 8 9 10
1675 7 1 4 5 6 7 9 10
442 4 3 4 6 8
890 3 1 7 8
1935 5 1 3 4 7 9
1222 2 5 6
1061 7 1 2 4 6 8 9 10
366 5 1 2 5 7 10
43 7 0 1 4 5 6 8 10
926 4 1 3 8 9
517 3 5 7 9
439 4 0 4 6 7
372 4 0 4 9 10
1481 7 1 2 4 5 6 7 8
679 6 1 3 6 7 8 10
1807 3 1 3 10
98 1 2
795 9 0 1 2 3 4 5 6 7 9
693 5 0 1 4 5 10
323 3 0 1 10
684 5 0 1 4 9 10
552 6 0 2 6 8 9 10
1557 5 1 3 5 6 9
951 2 0 5
476 3 2 5 7
747 9 0 2 4 5 6 7 8 9 10
1714 6 0 2 4 5 6 8
1232 5 2 3 6 7 8
1701 7 2 3 4 5 6 9 10
205 4 1 2 6 9
1226 3 0 8 9
845 6 1 4 6 7 9 10
945 7 1 4 5 6 7 8 9
733 4 2 4 8 10
306 4 1 6 8 9
591 6 0 1 4 7 8 10
302 3 1 8 10
909 9 0 1 2 4 5 6 8 9 10
1622 6 1 2 3 5 6 8
479 5 0 2 6 8 10
1426 1 4
711 8 0 1 2 5 6 7 8 9
292 6 0 1 3 6 8 10
1886 4 0 1 3 6
1183 8 0 2 3 4 5 7 8 9
1004 6 1 2 3 5 7 9
1143 2 3 5
1788 4 0 3 6 10
853 5 1 3 5 7 9
1953 4 2 7 8 10
1297 4 5 6 7 9
180 6 1 3 5 6 9 10
814 9 0 1 2 3 5 6 7 8 10
69 5 1 3 6 7 8
473 7 0 1 3 5 8 9 10
1921 6 0 1 3 5 7 8
1229 7 0 1 3 4 5 9 10
834 3 3 4 5
259 1 7
915 7 0 1 2 3 4 5 10
801 8 0 1 2 6 7 8 9 10
164 6 0 1 3 4 5 8
1910 8 0 1 2 3 4 5 6 7
1365 5 0 1 2 8 9
1594 3 0 3 9
89 5 1 5 6 9 10
1133 8 0 2 3 5 6 7 9 10
433 3 2 4 9
1911 4 0 1 5 8
321 7 0 2 3 4 7 8 10
842 4 3 4 5 8
93 5 0 2 7 8 9
707 5 2 3 4 6 9
416 5 3 4 7 8 9
527 5 0 1 4 6 7
1533 3 0 1 2
750 9 0 1 2 3 4 6 7 9 10
1625 5 2 5 6 7 8
81 4 4 6 9 10
1559 7 0 2 3 5 8 9 10
642 4 0 6 8 10
1681 8 0 1 2 3 4 7 9 10
906 3 0 1 5
923 4 1 4 7 10
800 2 1 4
617 4 4 6 7 8
1398 2 4 10
1768 2 4 6
220 2 4 8
199 5 1 2 5 8 9
1920 1 1
1031 6 0 3 5 7 8 10
101 1 8
1815 10 0 1 2 3 4 5 7 8 9 10
85 2 1 5
265 2 5 8
1212 2 2 6
695 5 4 5 6 7 8
1454 5 3 4 6 7 9
729 5 1 2 3 7 8
620 6 0 1 5 8 9 10
1308 7 1 2 3 4 7 9 10
1119 9 0 1 2 4 6 7 8 9 10
1627 5 0 2 5 6 9
118 8 1 2 3 4 5 6 9 10
1213 3 2 7 9
1757 4 0 4 8 9
529 5 0 1 5 6 8
13 3 0 7 8
490 4 0 1 6 7
1934 4 2 3 4 6
185 6 0 2 3 5 6 10
502 5 0 2 5 7 10
1087 5 0 2 5 6 8
943 7 0 1 2 3 5 6 10
1563 4 3 5 7 8
1944 10 0 1 3 4 5 6 7 8 9 10
1607 3 0 6 7
1518 5 0 4 5 6 9
631 3 1 6 7
1436 5 1 2 3 5 10
1506 5 1 4 6 7 10
775 3 6 9 10
1611 4 3 5 7 8
252 4 0 6 7 9
1438 3 1 7 9
1305 3 4 8 9
1207 9 0 1 2 4 5 6 7 8 10
532 3 1 5 8
545 9 0 3 4 5 6 7 8 9 10
573 8 1 2 3 4 5 6 7 10
1765 3 1 3 8
1751 5 5 6 7 8 9
268 3 2 3 8
1186 6 0 2 3 5 6 7
1158 6 0 1 2 3 6 7
384 4 1 4 7 10
1524 6 1 2 6 7 9 10
510 2 4 6
636 6 1 3 5 6 7 10
1804 3 5 7 9
1532 5 3 4 6 7 9
1534 4 2 3 9 10
1163 5 2 3 5 6 7
1091 2 1 7
948 4 0 4 8 10
1075 2 3 6
1861 6 0 2 3 4 7 9
486 3 1 2 9
743 4 2 5 9 10
1066 2 4 5
961 7 0 1 2 3 5 6 8
1496 4 0 2 7 8
1937 5 1 6 7 9 10
572 9 0 1 2 4 5 6 7 8 10
107 4 4 5 7 8
1324 5 3 4 6 8 10
1759 4 2 3 4 6
480 4 2 3 9 10
615 6 1 2 4 5 6 10
1350 3 4 6 7
158 6 0 1 3 6 7 8
102 1 3
1773 3 2 8 10
1395 6 0 1 3 4 5 7
818 4 0 5 6 7
921 3 0 6 10
699 4 0 1 2 3
1291 3 2 5 10
1387 5 1 2 4 6 8
52 7 0 1 3 5 7 8 9
1356 5 0 1 3 7 10
867 5 3 4 5 6 9
1237 4 2 4 5 9
1476 5 1 3 4 8 9
562 4 2 3 4 5
1535 5 1 2 5 6 8
1148 3 1 7 8
1754 6 0 3 5 6 8 10
752 2 1 2
403 3 2 3 6
1658 6 0 1 3 6 8 9
1001 3 3 5 10
401 4 6 7 8 9
369 4 1 3 8 10
293 3 3 4 8
657 4 0 1 5 7
1981 7 4 5 6 7 8 9 10
1972 8 1 3 4 6 7 8 9 10
1376 5 2 3 4 6 7
1916 3 5 8 9
1702 4 2 3 7 10
54 4 0 1 5 10
1918 1 5
1440 6 1 2 4 6 7 10
1375 3 6 9 10
394 7 1 2 3 4 6 7 8
123 3 2 3 4
1839 2 8 10
136 5 0 3 7 8 10
1021 5 3 5 7 8 9
341 4 0 4 6 8
665 2 8 9
666 3 1 4 7
516 7 0 2 3 4 6 7 8
792 3 2 4 10
66 3 4 5 9
1669 3 0 2 4
1102 6 2 3 4 6 7 8
1996 6 0 1 4 6 8 9
1821 4 1 4 5 8
1711 4 3 5 7 8
17 8 0 1 3 4 6 7 9 10
937 4 1 4 9 10
376 7 1 4 5 6 7 8 10
1562 8 0 1 2 4 7 8 9 10
931 7 0 1 3 4 6 8 9
1782 5 0 4 5 8 10
1306 3 1 4 10
1680 6 0 5 6 8 9 10
1428 9 0 2 4 5 6 7 8 9 10
255 8 0 2 3 4 6 8 9 10
1699 4 2 3 7 9
1316 4 0 2 3 8
1333 3 0 2 8
986 3 0 3 8
1709 4 0 1 3 4
1526 6 0 2 3 5 6 8
1339 5 0 1 3 6 9
616 6 0 2 3 6 7 10
540 5 0 1 2 5 6
193 3 1 3 10
1797 3 0 3 8
1036 3 3 4 6
153 3 2 6 10
639 6 1 2 5 6 9 10
1124 4 3 4 6 9
1366 5 0 5 6 8 9
602 3 3 4 10
1781 5 0 4 5 6 10
972 2 0 1
1657 5 1 2 4 5 10
812 4 0 2 6 9
1170 6 2 4 5 7 8 10
1292 2 0 5
1696 7 0 1 2 3 5 7 10
1484 6 0 2 3 6 7 9
1511 4 2 6 7 10
1272 2 0 3
2000 7 0 1 2 3 6 9 10
686 6 0 1 2 3 4 9
1450 9 0 1 4 5 6 7 8 9 10
612 8 0 1 2 3 4 6 8 10
994 11 0 1 2 3 4 5 6 7 8 9 10
811 4 0 2 6 9
1121 7 0 1 3 5 7 8 10
1932 4 0 1 4 6
917 5 0 1 3 5 9
278 4 4 5 6 9
563 2 1 2
1598 5 1 3 6 7 8
1880 3 0 4 8
287 5 2 3 4 6 9
1156 3 6 7 10
518 5 0 4 6 7 9
1617 10 0 1 2 3 4 5 6 7 8 10
1437 6 0 3 4 6 8 10
481 8 0 1 2 3 4 7 9 10
894 5 1 2 3 7 10
1847 4 1 2 4 5
1763 6 1 3 4 6 9 10
1495 8 0 1 3 5 6 7 8 10
1654 4 2 3 6 10
406 6 0 4 5 6 7 10
791 6 0 4 7 8 9 10
209 9 1 2 3 4 5 6 8 9 10
1230 2 7 10
147 5 1 5 6 7 10
765 3 2 4 9
1564 5 2 3 6 8 10
1987 4 0 7 8 10
1750 7 1 3 4 6 7 9 10
1441 6 0 3 4 5 6 8
771 2 2 10
1499 8 0 2 3 4 5 6 7 9
60 2 1 9
1172 4 2 4 7 10
973 7 0 1 3 4 5 7 10
1676 4 1 3 6 9
1139 2 4 7
1220 6 2 4 5 6 7 9
157 5 0 3 4 6 10
1464 5 1 2 5 6 10
484 2 0 5
885 2 0 7
128 7 0 2 3 4 7 9 10
1126 6 0 1 2 4 6 7
198 5 2 3 6 8 10
279 4 0 1 8 9
1747 6 1 3 4 5 6 7
1743 8 0 1 3 4 5 7 8 9
57 8 0 2 3 6 7 8 9 10
1344 7 1 2 5 6 8 9 10
1423 6 0 1 4 6 7 10
576 6 0 2 3 4 6 9
508 6 1 2 3 7 8 10
1320 8 1 2 3 4 6 7 9 10
409 5 1 2 3 8 10
1965 2 2 10
264 9 0 2 3 4 5 7 8 9 10
533 1 8
1040 4 1 4 7 8
840 8 1 2 3 4 5 7 8 9
370 5 0 2 4 9 10
1235 4 2 6 8 10
35 6 0 1 6 7 8 9
1109 8 0 1 3 4 5 8 9 10
774 6 3 4 6 7 8 10
580 7 0 1 2 3 4 8 9
1990 3 1 9 10
1077 3 5 6 7
1881 10 0 2 3 4 5 6 7 8 9 10
1171 2 2 8
988 4 0 1 5 6
650 5 1 4 5 7 9
1628 7 0 2 4 5 6 9 10
269 3 1 3 7
622 4 3 7 9 10
404 6 1 2 4 5 7 8
458 9 0 1 2 3 5 6 7 9 10
1621 6 0 1 2 6 7 8
1915 7 0 2 3 4 5 6 9
1867 2 2 3
531 4 0 1 6 7
454 3 0 3 4
1302 6 2 3 6 7 8 9
913 8 1 2 3 4 5 6 7 10
1945 2 5 6
472 3 1 2 7
525 3 2 5 7
1924 4 1 2 6 7
715 9 1 3 4 5 6 7 8 9 10
1671 8 1 2 4 5 6 7 8 9
1739 3 1 4 6
1107 7 0 1 3 4 7 9 10
1110 11 0 1 2 3 4 5 6 7 8 9 10
1359 6 0 1 2 5 7 8
174 11 0 1 2 3 4 5 6 7 8 9 10
773 1 7
808 2 6 9
1582 6 2 3 6 7 8 9
357 5 1 2 3 5 10
1254 7 1 3 4 6 8 9 10
1015 4 1 4 5 7
1834 3 0 4 6
1319 4 0 1 4 10
1293 3 1 3 10
184 4 0 4 6 9
1231 4 0 1 6 8
1285 7 1 2 4 5 7 9 10
1452 8 0 1 2 3 4 5 6 7
1684 5 4 6 7 8 10
1770 4 0 2 4 6
1707 4 1 4 9 10
816 5 1 2 5 7 10
1742 3 1 3 5
1419 6 0 2 4 5 6 8
670 9 0 1 3 4 5 6 8 9 10
1343 7 0 3 4 5 7 8 10
272 6 0 4 6 8 9 10
441 6 0 2 4 6 8 10
395 6 0 1 2 3 7 9
1579 4 0 5 7 9
1493 3 1 7 9
781 4 1 2 3 5
1492 6 0 1 4 5 9 10
836 4 2 4 5 6
59 3 2 5 7
356 6 1 2 4 5 7 10
1270 8 0 2 4 5 6 7 9 10
1741 1 0
1806 10 0 1 2 3 5 6 7 8 9 10
14 6 1 4 5 6 9 10
84 10 0 1 2 3 4 6 7 8 9 10
1168 4 1 7 8 10
1128 7 0 1 2 3 5 6 10
1515 7 0 1 3 6 7 9 10
169 6 0 3 5 6 9 10
689 3 0 8 10
776 3 6 8 10
72 5 0 3 6 9 10
901 4 2 8 9 10
1404 9 0 1 2 3 4 7 8 9 10
1890 6 0 3 4 6 7 9
956 7 0 1 2 5 7 8 10
1882 6 0 2 3 4 6 10
1645 5 0 2 3 4 9
1053 4 0 4 7 9
1100 6 1 4 5 6 7 8
373 5 2 4 6 9 10
1522 3 2 4 7
1447 6 1 4 5 6 7 9
240 8 0 1 2 4 6 8 9 10
941 6 0 1 2 6 7 8
183 7 0 1 3 4 6 7 9
460 3 1 7 8
1373 7 0 1 2 4 7 8 9
1952 4 3 6 7 9
1217 4 2 3 5 6
1877 3 0 2 8
179 3 0 5 10
546 5 5 7 8 9 10
1044 6 1 3 4 7 8 9
314 9 0 1 2 3 4 6 7 8 9
611 3 1 7 10
785 6 0 1 2 3 5 7
62 5 0 2 4 5 8
447 4 0 1 4 9
1294 3 1 3 10
1605 6 0 1 5 7 8 9
1330 5 1 3 5 6 7
1573 8 0 1 2 3 4 5 6 7
276 1 0
1727 4 0 4 7 10
1007 2 7 10
1242 8 0 1 2 4 5 8 9 10
1544 7 0 2 3 4 6 9 10
745 5 1 3 4 6 7
449 5 2 5 7 8 10
1581 3 0 6 7
285 4 0 1 4 6
1984 8 1 2 3 5 6 7 8 10
1529 8 0 1 2 4 5 7 9 10
1567 6 2 3 4 5 6 7
805 6 1 3 4 6 7 9
513 6 0 1 2 3 5 6
1129 4 0 7 8 9
579 10 0 1 2 3 4 5 6 7 8 9
628 6 0 3 4 6 7 10
1177 3 6 8 10
78 4 5 6 7 8
1982 4 5 6 7 8
1240 3 2 9 10
58 4 1 7 9 10
1244 3 0 2 8
1663 2 3 4
614 5 1 2 6 7 8
1435 4 0 4 7 8
1704 4 0 1 3 5
1201 6 0 5 6 7 8 9
1401 5 0 2 4 7 8
958 8 2 3 4 6 7 8 9 10
1448 6 0 2 3 6 7 8
1548 4 3 6 8 10
1502 5 0 1 5 6 8
1327 5 0 1 6 9 10
1946 4 1 5 6 9
1081 3 1 3 5
100 7 2 3 4 5 8 9 10
613 3 2 3 7
1097 5 0 2 3 4 8
1831 5 2 4 7 9 10
281 7 0 1 2 3 4 5 7
879 5 3 4 6 7 8
1883 8 0 1 2 3 4 6 7 8
829 5 0 2 6 7 9
1182 7 0 1 4 5 6 7 9
583 5 0 4 5 7 9
646 7 0 1 2 3 5 9 10
734 2 1 8
430 7 2 3 4 5 6 7 8
1514 4 0 1 2 10
301 7 0 3 4 6 8 9 10
1997 5 2 6 7 9 10
758 5 0 1 5 7 10
266 5 2 4 5 8 10
1147 5 2 6 7 8 9
413 3 2 3 5
1368 5 2 3 6 8 9
1444 4 1 2 3 8
635 5 2 6 7 9 10
1868 5 3 4 5 7 9
1919 7 0 5 6 7 8 9 10
1111 9 1 3 4 5 6 7 8 9 10
1475 3 1 6 10
1744 10 0 1 2 3 4 5 7 8 9 10
1132 4 3 6 9 10
244 4 2 3 5 6
1667 5 1 3 4 6 7
570 3 2 8 9
1178 3 0 1 2
1 4 2 4 5 6
1033 4 1 2 5 9
1103 3 0 2 3
543 4 0 1 2 4
1566 5 0 1 4 5 10
16 8 1 2 5 6 7 8 9 10
501 6 2 3 4 8 9 10
331 4 1 5 6 8
859 5 0 1 4 5 8
21 5 5 7 8 9 10
1380 4 0 3 8 9
1609 2 4 7
1131 8 0 1 3 4 5 7 9 10
1076 7 0 1 3 4 5 7 9
888 9 0 1 3 4 5 7 8 9 10
820 4 2 4 7 8
218 5 1 2 3 7 9
1626 2 3 4
604 2 3 5
2 4 0 2 3 5
178 8 0 2 3 4 5 6 8 9
1632 4 2 5 6 9
1976 7 1 2 3 4 5 7 9
1857 4 2 3 4 9
8 5 1 4 6 7 8
1790 6 0 2 4 5 6 7
225 6 0 2 5 6 9 10
83 6 1 3 6 7 8 9
762 4 2 3 4 7
453 3 0 3 5
1185 5 0 1 2 3 8
186 3 6 8 9
1457 7 0 2 3 5 6 8 9
675 7 0 1 2 3 8 9 10
348 4 4 5 8 10
1917 6 0 2 3 5 7 8
1494 4 0 1 6 10
756 5 0 5 6 7 8
1261 5 0 2 3 6 8
721 4 2 5 6 10
1141 6 0 2 3 4 5 7
907 2 2 7
206 8 0 1 3 4 7 8 9 10
875 3 1 7 8
748 5 0 1 2 5 6
1818 1 5
239 6 0 5 6 8 9 10
632 5 2 3 5 6 8
289 5 0 6 7 8 9
844 4 1 6 8 9
1717 5 2 3 4 5 10
1922 4 1 7 8 10
1425 1 5
111 4 2 4 7 10
1955 8 0 1 3 4 5 7 8 9
243 2 2 6
1433 5 1 4 6 7 10
855 4 0 1 2 5
680 5 0 4 5 6 7
1280 3 4 5 7
869 4 1 2 5 8
794 5 0 4 7 9 10
1023 8 1 2 3 4 6 7 8 9
938 10 0 1 3 4 5 6 7 8 9 10
687 5 1 2 4 5 7
1555 4 0 2 7 8
1027 6 0 1 3 5 6 10
1463 6 0 3 5 7 9 10
7 3 0 1 7
735 4 2 4 7 8
1930 5 0 3 4 5 6
857 8 0 1 2 3 4 7 8 9
1735 4 0 1 6 10
1016 6 0 3 5 8 9 10
234 5 3 4 5 9 10
296 3 2 6 8
739 6 0 1 2 3 8 10
1885 3 4 5 6
1060 2 1 3
1346 6 0 1 3 5 7 8
1471 4 1 4 5 10
284 3 1 4 7
286 4 1 2 9 10
67 2 5 8
1101 6 2 4 5 7 9 10
1525 5 0 4 8 9 10
1901 3 6 8 10
28 4 2 3 5 10
656 7 1 4 5 7 8 9 10
487 5 1 5 6 7 8
1606 5 1 4 5 9 10
960 5 3 5 6 7 8
328 3 0 6 10
398 3 0 2 6
1776 4 2 4 7 8
606 7 0 1 2 3 5 6 9
466 4 0 1 9 10
1153 3 3 5 7
359 5 2 3 6 8 10
1477 5 0 1 7 8 9
985 8 0 3 4 6 7 8 9 10
1259 4 1 2 5 9
1012 4 1 2 3 6
64 4 3 5 7 10
1683 7 0 1 3 5 7 8 9
509 5 0 2 4 5 10
1708 8 0 1 2 6 7 8 9 10
326 4 1 6 9 10
891 7 0 2 3 4 5 6 8
1468 4 0 7 8 10
1321 6 0 1 2 7 8 9
1623 2 2 8
1789 3 3 6 8
1810 7 0 1 2 5 6 8 10
1090 4 3 5 7 8
313 5 2 3 4 5 10
608 6 0 1 2 5 7 9
41 3 5 6 9
144 7 0 1 2 4 7 8 9
1943 4 3 6 7 8
396 3 0 2 5
1405 6 0 3 4 8 9 10
1966 5 0 3 4 7 8
452 8 0 1 3 4 7 8 9 10
1505 10 0 1 2 4 5 6 7 8 9 10
223 8 0 1 2 3 4 5 7 10
1769 6 1 3 5 7 9 10
1574 6 2 5 6 7 8 10
1602 3 0 2 8
569 4 0 5 6 8
175 6 1 5 6 7 9 10
70 11 0 1 2 3 4 5 6 7 8 9 10
1961 2 2 9
24 7 0 1 4 5 6 7 9
1805 4 1 2 3 5
1095 4 3 5 6 7
1719 4 0 3 6 10
456 8 0 1 2 5 6 7 9 10
930 8 0 1 2 3 5 6 7 10
1975 5 3 4 5 7 10
1660 3 1 2 4
1619 7 0 1 3 5 8 9 10
1827 5 2 5 6 7 8
1479 3 3 4 9
350 2 1 6
1250 4 2 8 9 10
1801 5 1 2 3 4 8
519 5 0 2 3 4 5
1430 3 3 5 7
1216 7 0 1 2 3 5 6 8
307 6 2 4 6 7 8 9
1047 5 3 4 5 6 8
627 7 0 2 4 5 6 7 8
1734 4 0 2 5 10
1616 4 0 1 3 10
578 8 0 3 4 5 6 7 8 10
663 2 4 5
1205 6 0 1 3 4 7 8
1560 7 0 1 2 4 5 7 10
1666 4 1 4 5 8
0 0 6 4 0 7 7 10 4 3 9 7 10 9 5 7 9 4 6 4 8 1 3 7 2 6 10 4 7 8 0 1 5 0 6 0 6 3 2 9 8 6 5 1 2 9 8 10 5 3 8 9 5 7 5 2 4 6 6 6 9 8 7 5 0 2 0 3 8 2 4 3 6 7 2 5 4 6 2 7 7 0 7 0 3 6 8 0 5 7 8 0 8 1 4 8 2 6 10 5 6 9 1 3 3 4 9 10 8 5 10 8 8 2 1 6 8 6 5 0 7 8 5 7 8 3 3 6 1 1 5 5 4 0 3 7 9 4 5 8 0 0 4 6 6 3 6 3 5 1 10 1 8 7 0 10 9 6 6 2 7 2 1 8 2 9 4 9 0 9 5 2 5 6 4 6 6 0 8 9 8 7 4 7 6 2 1 7 2 0 5 0 6 5 2 6 9 2 6 0 3 3 5 9 5 6 0 10 9 4 6 5 7 3 6 0 4 6 8 3 9 9 2 2 6 1 2 7 7 7 9 2 9 2 1 2 7 3 0 9 9 1 6 2 9 5 1 1 0 5 4 1 3 0 6 10 9 6 1 10 3 3 4 3 4 9 5 7 1 3 10 7 1 9 5 6 0 4 8 2 9 8 0 7 8 1 7 8 3 0 1 10 1 4 10 10 0 5 3 3 7 7 0 2 8 1 0 9 3 3 3 10 5 1 5 7 7 1 10 3 5 9 10 5 1 9 2 6 10 0 2 5 7 0 0 5 9 1 4 9 10 9 10 0 8 8 7 1 1 10 10 0 8 7 2 7 6 6 9 5 2 1 4 6 9 6 4 3 6 3 0 10 9 0 4 5 5 0 3 6 5 3 4 2 1 7 9 9 0 8 7 9 8 3 0 9 10 6 3 6 9 1 5 7 8 7 9 9 0 10 1 2 4 1 2 10 1 2 6 2 8 6 5 10 10 7 7 4 3 10 0 8 10 2 9 10 5 7 7 8 5 7 7 3 10 10 5 3 2 2 5 10 1 0 9 1 4 9 1 0 6 0 2 9 3 3 9 5 1 0 0 0 2 4 2 8 3 0 7 9 3 0 9 3 7 4 10 5 2 2 7 4 5 3 6 4 5 6 8 9 3 7 2 2 5 4 10 1 4 1 7 3 0 3 4 3 6 1 2 4 5 2 2 3 2 1 2 1 0 4 3 7 5 0 2 6 8 8 8 9 4 3 0 4 9 10 0 10 10 7 1 8 1 7 5 3 8 1 7 10 6 10 9 9 2 10 0 3 6 4 0 3 9 10 2 2 6 3 8 5 3 8 2 3 7 2 10 7 8 10 9 3 4 2 3 0 3 8 5 9 8 2 4 9 4 6 0 8 8 1 6 8 3 3 2 3 10 0 0 9 9 10 7 0 3 5 8 5 3 9 3 0 3 7 5 1 6 3 8 4 5 0 2 0 1 10 2 3 3 0 0 2 8 1 10 0 4 8 1 7 0 1 6 0 9 9 2 9 2 6 5 1 10 0 6 6 9 5 2 6 2 0 0 9 1 9 9 8 2 9 4 2 8 5 0 7 9 1 7 7 7 10 9 4 4 2 8 3 10 1 3 6 7 3 8 8 5 9 6 7 7 5 9 9 10 4 1 3 3 6 9 9 2 0 1 9 1 3 5 1 3 1 2 6 8 9 3 5 3 7 7 8 9 9 8 10 0 4 8 2 1 0 1 10 5 7 9 1 7 2 9 0 10 3 10 8 0 8 8 7 10 10 4 8 1 8 4 0 9 8 1 10 10 5 9 8 5 7 0 5 3 6 4 3 6 0 5 2 10 1 1 8 4 4 7 2 6 3 6 2 4 1 4 7 6 9 5 9 2 7 7 9 9 2 1 3 3 3 1 7 0 9 10 8 5 10 1 6 1 6 7 6 9 9 2 1 3 8 6 3 2 4 7 1 0 6 10 6 7 5 4 4 2 0 9 0 7 3 9 1 10 6 1 3 5 7 8 8 10 4 6 8 3 3 4 5 6 8 10 3 0 6 2 8 0 3 10 9 9 6 8 2 7 6 4 6 0 3 3 0 2 0 2 1 10 1 2 3 9 3 10 2 6 2 1 1 1 8 8 6 3 0 1 2 6 8 1 9 9 7 6 2 1 2 10 5 10 10 1 4 7 6 9 4 6 3 2 9 2 10 2 0 8 3 4 8 0 8 8 9 8 7 9 10 7 0 5 6 4 4 1 2 5 9 3 1 4 7 7 1 0 5 10 9 6 10 1 4 6 5 5 10 9 0 5 7 7 5 9 6 4 5 4 4 3 2 9 1 0 10 8 4 10 6 8 5 1 4 1 4 10 10 4 9 2 4 1 6 9 6 2 6 5 6 5 9 1 1 8 0 2 9 3 8 0 5 2 6 8 4 6 3 9 0 2 9 8 7 6 0 4 3 4 0 5 2 7 3 2 7 8 5 2 4 1 10 4 6 3 6 7 10 2 8 4 10 8 1 1 4 7 1 7 9 4 9 9 2 4 9 0 9 10 7 1 1 0 1 9 6 6 7 0 3 6 9 0 5 7 8 6 2 5 0 9 3 8 4 3 8 6 0 8 5 2 2 5 0 8 7 10 10 6 2 5 6 7 0 4 10 9 6 8 4 4 0 5 8 5 4 4 7 1 7 4 10 10 3 7 7 2 4 4 7 1 5 2 7 2 8 1 4 4 3 7 4 2 0 7 6 10 0 1 0 2 7 4 9 1 0 10 9 1 5 10 4 0 6 8 8 6 6 9 3 2 2 9 0 1 8 8 5 3 2 10 5 8 10 1 2 4 5 2 7 7 3 6 7 0 9 7 0 9 10 4 3 6 4 1 0 1 2 2 10 2 8 4 0 2 6 2 0 2 1 0 1 0 6 10 7 1 5 3 9 9 5 0 0 9 1 2 5 7 7 1 1 2 7 6 3 2 9 1 0 3 8 1 2 3 7 4 7 6 4 10 10 5 10 4 7 2 0 1 10 4 7 2 6 4 2 4 9 3 10 1 3 2 5 0 1 4 2 10 7 9 6 9 9 4 1 2 3 7 5 9 1 0 1 6 0 0 0 0 8 5 8 6 9 3 3 9 1 10 8 10 3 0 7 8 9 8 3 2 2 10 3 8 5 4 10 4 2 0 4 0 9 3 8 0 3 0 5 7 0 8 0 3 1 0 5 6 4 1 6 4 5 2 3 8 4 10 1 6 5 1 0 4 9 2 10 6 0 10 0 5 1 7 5 8 9 2 7 4 1 3 2 9 6 0 2 6 1 3 0 9 2 8 1 6 2 5 7 4 7 8 0 9 2 7 1 0 2 10 2 8 1 6 0 1 3 10 4 0 10 3 8 8 4 0 7 9 3 7 5 6 10 6 7 3 6 8 1 2 10 10 4 2 0 7 4 1 0 8 5 4 5 4 5 5 6 3 8 9 10 4 3 4 8 5 2 2 1 5 9 1 6 5 9 7 3 2 5 0 5 5 0 8 0 9 5 3 5 2 3 1 2 7 9 6 2 2 3 4 5 10 0 10 7 7 8 6 4 1 9 7 4 9 10 3 4 9 6 4 5 0 3 10 3 6 9 9 2 4 9 6 3 3 0 2 9 10 4 3 2 1 0 3 9 2 7 2 4 0 2 1 1 5 7 10 2 1 10 9 6 8 2 5 7 3 6 8 9 7 7 9 4 7 6 4 5 6 5 4 5 8 0 10 7 6 3 3 4 6 8 3 3 10 5 9 7 6 5 3 3 7 9 5 10 3 9 7 1 8 5 1 7 0 4 5 1 4 2 5 2 7 9 1 1 3 2 4 8 0 0 9 1 1 6 4 10 4 4 1 9 4 0 2 3 7 0 5 8 1 3 5 8 4 3 2 1 6 10 8 9 1 3 5 8 8 9 7 2 9 7 9 9 6 7 7 8 2 9 2 2 1 4 2 5 0 0 6 8 6 7 4 0 5 3 4 2 6 9 10 2 9 7 3 0 6 8 9 9 5 1 5 10 4 7 3 0 6 8 9 0 4 6 9 5 5 10 2 10 4 6 0 7 6 0 7 10 7 1 3 3 5 1 3 10 7 2 7 5 0 0 4 0 6 7 0 3 0 7 10 9 1 1 0 4 9 5 7 0 5 7 3 10 4 7 3 9 5 10 7 7 9 5 2 8 8 8 1 9 10 0 0 2 0 2 0 8 8 6 6 4 9 6 4 5 1 6 4 9 7 0 2 3 7 7 5 4 7 5 0 8 8 3 2 1 9 10 5 9 4 5 7 9 4 1 7 5 0 2 1 1 7 5 4 1 4 0 3 2 6 8 5 0 8 9 6 8 4 4 9 10 9 3 8 1 6 5 6 3 1 7 10 10 0 0 2 4 3 0 1 0 10 4 1 8 4 7 2 2 7 0 3 7 0 5 3 4 1 4 5 8 1 4 9 5 7 1 5 5 5 1 10 7 6 3 1 1 5 1 9 3 1 4 9 2 9
