2000 2000
684 3 23 1315 1702
74 3 679 753 1030
1645 5 542 1178 1277 1366 1772
1650 3 9 21 506
548 2 582 959
1707 2 178 1694
192 4 643 1341 1486 1970
884 2 828 1384
1741 7 304 415 506 676 1343 1381 1810
213 5 181 860 1190 1232 1979
1663 7 481 536 895 1344 1371 1546 1643
700 1 774
1091 5 37 446 808 1486 1816
1468 3 344 522 1487
1785 5 449 1099 1126 1439 1749
456 3 253 1127 1732
1056 1 115
307 1 517
1148 3 549 578 993
333 3 99 322 1120
595 6 137 333 619 1480 1492 1630
579 1 1327
846 2 43 1749
371 4 403 954 1183 1304
1986 1 421
972 3 314 1476 1520
1845 5 207 405 1295 1582 1650
1597 7 90 125 161 793 962 1723 1923
1082 3 230 730 1546
739 3 415 1221 1879
1311 4 29 271 310 392
4 1 1181
658 5 237 449 1028 1452 1458
858 5 1670 1695 1722 1732 1799
1873 8 177 436 974 1350 1413 1531 1647 1669
1822 5 99 656 997 1340 1527
595 8 178 286 471 531 763 859 883 1211
613 4 172 181 325 1075
831 4 37 331 1055 1156
622 3 1106 1359 1732
1935 5 288 908 1285 1923 1962
1625 4 334 732 1582 1706
453 3 1099 1208 1552
1259 7 358 376 995 1342 1459 1486 1867
1118 2 513 1742
305 1 658
1603 3 573 693 1104
1844 4 177 288 1376 1629
790 5 589 781 1004 1302 1699
243 3 330 1615 1831
1582 3 728 1554 1861
1339 9 642 772 962 964 978 1104 1178 1326 1436
802 5 205 572 1372 1582 1677
844 6 425 977 1350 1395 1959 1985
1154 3 251 1523 1721
1946 7 56 185 584 843 1596 1601 1701
1643 3 288 657 1906
303 1 1599
802 5 24 337 588 630 636
893 6 230 292 312 569 745 900
1416 4 158 1340 1471 1862
134 4 72 341 419 1086
1948 1 211
716 9 204 275 374 658 761 1586 1692 1923 1942
1763 2 500 1803
730 4 386 517 675 1488
174 5 342 389 410 1406 1627
1696 5 7 167 270 1317 1432
1292 3 1189 1211 1616
397 4 178 1146 1526 1927
806 2 1738 1885
1904 4 523 1173 1217 1503
1748 4 165 374 1037 1498
1216 1 1771
1466 3 112 389 1166
303 2 515 1341
41 5 57 496 709 1048 1930
802 4 390 636 1077 1983
1127 3 125 902 1265
733 2 556 1495
377 3 199 446 1512
959 7 354 369 491 545 1176 1303 1391
1403 4 195 198 228 1861
942 6 159 380 758 850 1045 1943
902 3 270 570 575
1264 8 138 299 554 598 693 991 1473 1474
50 3 114 771 1940
678 5 258 960 1199 1493 1517
498 5 166 755 841 1299 1488
1855 6 461 667 838 1091 1348 1811
928 3 333 548 676
676 5 235 396 447 818 1372
171 1 825
1133 4 201 859 933 982
1907 6 199 567 962 1000 1215 1828
1197 5 494 513 800 1365 1690
677 7 221 318 643 700 791 1907 1986
595 8 265 389 459 531 665 900 1087 1484
739 6 325 712 726 1458 1719 1728
980 3 246 540 1836
1567 6 655 1409 1620 1655 1693 1763
1361 3 32 463 1299
1042 5 183 409 819 1516 1843
267 2 848 1395
1447 8 260 334 1024 1413 1470 1655 1695 1849
1946 5 19 888 1500 1507 1685
1276 3 102 691 1060
237 2 688 1894
1749 5 57 654 1467 1617 1943
513 5 7 203 695 1798 1881
1716 3 399 451 1617
979 5 1248 1271 1501 1795 1869
213 2 735 1684
27 5 430 723 972 1647 1975
1109 2 923 1391
583 4 216 451 1376 1571
1938 2 138 1895
1442 2 58 519
1478 3 1253 1377 1722
1165 1 485
1311 4 434 711 913 1350
221 2 1318 1747
1696 4 254 1047 1225 1529
491 6 248 292 621 831 979 1583
114 6 134 324 450 1111 1304 1449
541 3 996 1803 1869
1594 4 99 492 1367 1731
70 4 298 506 737 751
361 3 483 945 1866
401 2 793 1105
1767 4 298 1026 1144 1190
912 6 555 567 598 857 1766 1792
392 6 458 467 482 843 1158 1679
20 5 317 394 711 751 1524
831 7 341 570 846 1019 1126 1294 1731
1352 6 254 1161 1429 1684 1700 1784
1902 5 461 468 511 1217 1507
1022 9 5 625 688 896 1001 1091 1127 1588 1907
1917 3 1195 1439 1980
1818 4 177 390 485 1862
1744 6 97 138 737 760 1429 1986
1084 6 40 97 163 237 747 1834
1969 5 147 407 951 1331 1490
752 6 24 218 1170 1225 1346 1991
556 5 384 577 1120 1230 1493
1837 5 230 540 768 1524 1621
1639 4 137 904 1104 1939
551 4 697 947 1271 1561
491 2 495 1895
1222 4 301 817 1852 1917
619 2 376 422
246 6 171 772 1386 1427 1475 1753
1209 6 55 577 669 709 1052 1940
963 6 467 668 851 854 1694 1721
263 2 301 1612
1998 2 115 961
1729 2 407 859
453 4 577 814 1500 1879
597 3 168 1283 1849
246 2 493 964
78 4 800 972 1008 1291
1969 5 983 1229 1365 1616 1975
409 4 26 147 306 1294
1135 4 216 681 684 894
124 5 185 806 1552 1635 1869
931 2 934 1990
1553 5 243 712 1443 1615 1715
311 3 22 58 266
1855 6 35 165 501 509 1181 1647
899 2 436 1274
1696 6 251 284 554 1263 1375 1758
1445 5 219 377 1060 1829 1945
1318 2 1031 1059
1848 2 315 1341
1903 7 101 812 882 922 1637 1723 1893
1540 4 40 665 1047 1489
1083 6 195 321 533 636 1291 1342
1681 3 518 1055 1674
1136 4 299 1039 1483 1933
856 3 326 365 794
215 6 493 1188 1194 1671 1706 1917
1659 4 12 747 962 1791
910 8 380 919 1035 1230 1454 1722 1734 1883
1254 3 1372 1634 1778
54 5 300 335 1168 1301 1969
1436 4 445 963 1414 1641
1200 4 1057 1263 1733 1766
24 3 1076 1225 1482
710 6 311 478 556 1237 1361 1501
755 4 70 156 1348 1936
1673 3 410 426 459
836 5 295 1215 1368 1470 1816
1196 7 58 159 580 703 1491 1499 1979
828 5 246 513 1443 1616 1806
1446 5 310 771 1238 1373 1451
1111 6 650 950 1028 1189 1371 1395
928 4 6 95 312 900
1929 6 140 573 857 1532 1637 1741
1377 1 1405
350 4 204 295 883 1344
1205 5 90 1377 1450 1658 1756
1152 2 1431 1933
1004 10 376 570 632 656 904 1194 1559 1673 1954 1962
663 3 1326 1831 1995
1069 7 271 588 985 1111 1188 1445 1709
1313 5 269 676 714 879 1424
1193 4 641 944 1146 1812
857 6 227 312 569 619 750 1598
990 3 973 1723 1884
642 4 655 1027 1049 1309
208 2 103 615
1264 3 32 665 1060
1364 3 98 1476 1980
831 3 907 1106 1211
1651 5 802 1235 1365 1660 1991
716 5 481 569 635 974 1887
1133 5 171 608 1057 1260 1414
963 6 500 762 1030 1145 1342 1390
510 4 772 858 877 1152
1195 4 903 949 1691 1969
825 5 321 460 802 925 1479
572 3 581 1761 1866
788 7 671 951 960 973 1260 1532 1651
1526 6 134 144 361 635 1331 1539
845 2 405 642
1094 2 817 1677
1195 2 654 1473
291 5 24 270 606 1037 1924
1976 4 245 279 582 882
1491 3 1280 1372 1409
785 3 146 737 1189
1381 3 211 324 390
508 3 261 1448 1792
1746 4 476 768 996 1838
465 6 209 330 525 1265 1446 1549
279 5 108 483 570 849 1756
1488 3 1348 1498 1630
30 4 1105 1159 1326 1799
1687 2 1494 1943
1088 3 221 1114 1467
1782 5 333 394 570 1350 1806
1942 5 195 621 1039 1417 1959
716 5 900 985 1000 1309 1621
1431 4 144 723 863 1242
1309 4 273 446 855 1906
1258 4 254 689 858 1227
1917 4 9 91 1093 1721
832 5 127 448 557 1288 1642
857 2 785 1130
1553 1 695
758 3 882 1299 1494
1976 1 849
1522 3 113 571 589
377 4 770 1521 1749 1932
870 3 229 712 1361
1175 6 101 825 1454 1585 1690 1772
587 7 142 192 272 676 730 800 1683
363 7 636 1048 1395 1494 1511 1554 1893
1139 2 1237 1238
1258 9 1 48 137 457 993 1011 1331 1340 1683
490 3 22 1349 1989
80 4 55 436 1634 1808
844 3 770 1198 1799
1493 3 1030 1061 1071
397 5 107 167 708 971 1732
906 7 41 450 773 1124 1450 1691 1812
1866 6 113 878 909 1569 1604 1696
527 5 351 583 786 1255 1758
1253 5 204 280 1281 1324 1544
1601 3 67 1795 1909
191 3 322 860 1744
759 5 431 451 717 913 1810
605 6 48 275 487 605 634 1024
1055 3 1235 1361 1446
494 2 161 509
225 4 843 1386 1797 1984
1133 6 21 135 460 744 949 1541
578 2 134 642
1716 5 935 1538 1650 1846 1847
338 9 66 216 387 460 640 915 1087 1147 1512
1901 6 289 575 679 772 1021 1723
1572 3 324 481 1198
522 3 520 1592 1643
1551 2 1350 1790
615 7 270 487 514 669 1279 1584 1748
1258 4 744 1655 1778 1781
1439 1 1082
1771 10 140 278 330 518 522 1206 1451 1524 1596 1954
703 2 828 923
1083 3 845 1658 1789
1310 4 581 1091 1279 1615
1724 4 46 508 577 1728
539 6 388 410 511 728 1386 1917
1109 4 168 219 956 1945
622 9 33 102 183 311 610 1287 1490 1588 1893
1327 3 506 1346 1509
787 5 340 939 945 1975 1991
648 7 224 304 512 1404 1505 1733 1836
741 4 241 603 1035 1372
526 5 112 118 215 1159 1414
508 5 576 1163 1177 1544 1979
1164 3 103 717 1113
883 7 369 389 549 754 859 1561 1660
1943 2 1339 1749
656 3 514 1792 1887
587 2 737 891
489 2 1571 1933
150 6 314 879 1525 1653 1841 1905
1990 2 342 1361
1482 4 124 435 1093 1834
364 6 254 410 850 1049 1155 1650
382 8 172 723 739 1244 1279 1427 1501 1523
1480 3 1 508 1326
142 2 760 903
663 4 121 135 518 619
1433 9 135 198 732 1024 1150 1238 1558 1654 1945
312 4 220 544 572 1806
1281 2 879 1334
1079 3 347 886 1477
351 1 581
1432 1 29
972 3 476 925 1637
1533 2 971 1169
1324 4 170 1338 1756 1940
535 5 668 1104 1586 1616 1766
1545 7 4 269 431 676 781 1521 1524
965 5 12 260 908 1870 1944
610 4 246 258 1183 1673
1309 3 367 1176 1847
1432 7 52 365 513 1409 1417 1436 1809
1764 5 544 607 1091 1358 1409
1079 8 161 635 681 776 811 1102 1592 1930
1285 4 255 420 633 1964
663 5 62 113 584 1400 1766
1157 4 748 906 1738 1852
1255 5 670 783 1367 1733 1992
1012 5 271 573 1161 1976 1997
204 8 126 155 306 604 709 895 935 1732
1609 3 621 1045 1165
284 4 324 883 1027 1887
931 3 906 1102 1651
1264 5 515 537 545 1415 1628
1948 4 97 652 911 1342
1534 2 273 1501
842 6 44 349 533 536 990 1048
700 2 500 1601
153 4 223 1012 1123 1617
1074 5 280 641 756 1103 1260
1195 4 1626 1627 1715 1758
624 6 366 499 663 683 754 1177
284 3 849 1181 1980
1737 3 579 1183 1991
343 5 1341 1381 1483 1785 1786
1974 1 1451
811 5 152 720 1173 1501 1678
864 5 8 593 895 1639 1799
1129 6 171 955 1178 1179 1305 1315
956 3 171 1085 1479
781 4 304 534 539 1601
1184 1 904
1175 5 23 485 587 1195 1283
676 6 1 201 426 522 800 859
1389 3 332 434 1582
633 2 1052 1879
1454 6 32 63 170 344 703 1929
970 4 934 937 1302 1348
37 2 1124 1486
1784 5 589 768 972 1008 1035
1611 4 915 1344 1751 1870
632 6 57 159 525 526 644 1216
878 6 72 92 537 588 1323 1766
1012 4 367 600 1021 1974
1534 5 1127 1451 1806 1834 1835
697 6 663 843 913 1341 1384 1690
1364 2 387 1802
405 4 137 584 843 1437
1576 5 389 615 629 1495 1658
353 2 75 975
1768 4 517 1013 1244 1454
1322 4 365 426 1382 1514
1004 2 162 1858
1505 6 229 288 937 1041 1173 1537
656 6 125 663 675 930 1218 1730
1822 4 1020 1037 1075 1561
1596 5 344 536 807 1291 1763
1309 6 578 846 1082 1709 1781 1891
515 3 159 574 1954
1599 7 172 411 501 588 1059 1771 1954
1819 2 954 1024
1125 5 814 1359 1400 1452 1896
516 6 147 482 756 1039 1584 1947
1587 2 673 1134
1197 4 548 627 1375 1415
844 5 301 621 894 1488 1891
770 2 1284 1588
1629 4 728 1507 1678 1847
1704 4 604 800 1031 1549
286 4 1290 1314 1390 1540
1371 4 77 1373 1405 1669
666 3 107 574 1772
1545 2 1111 1221
61 3 300 707 1373
208 3 440 1580 1699
423 3 245 764 1060
1285 3 1135 1785 1917
53 5 116 203 227 1693 1870
1042 3 118 1188 1465
364 7 97 409 783 804 1021 1120 1302
1526 6 4 101 380 488 941 1414
1108 3 1133 1341 1845
835 5 111 211 1292 1395 1514
1255 4 33 531 1639 1982
1580 5 6 633 736 910 1731
1074 7 396 469 519 577 707 932 1985
115 2 137 1777
1645 7 642 730 995 1222 1484 1599 1930
797 3 1135 1448 1835
372 2 538 1104
1539 1 461
1098 3 172 314 979
1930 3 420 1479 1949
429 6 572 728 843 1350 1450 1500
21 5 58 90 129 709 1845
591 1 758
1582 1 717
1286 6 558 843 975 1296 1471 1488
653 4 785 1329 1731 1781
1957 7 960 978 1161 1347 1529 1826 1993
990 8 49 522 627 748 807 1779 1926 1931
737 5 114 323 720 1280 1604
217 4 451 480 581 1323
1894 5 159 347 800 1302 1881
457 5 957 1242 1476 1532 1756
423 5 206 575 1715 1734 1811
1964 8 162 367 433 517 531 750 978 1939
542 4 344 703 1691 1878
207 5 81 629 1089 1314 1424
201 5 864 1375 1464 1836 1999
906 4 458 465 1305 1683
613 6 859 1057 1135 1374 1550 1615
1152 1 1246
317 2 538 1843
1310 7 195 304 380 553 762 1260 1838
81 4 75 978 1494 1711
1556 3 1035 1123 1702
1439 3 656 1299 1878
423 4 180 996 1257 1560
771 6 46 392 744 825 932 1541
1682 4 191 433 1670 1944
1490 5 399 458 934 1431 1706
1448 2 975 1553
1317 6 652 1156 1327 1448 1525 1666
1578 7 184 323 457 558 578 1409 1714
1042 1 895
233 4 351 612 851 1449
1419 3 21 942 1612
1029 7 488 651 735 913 1503 1741 1930
434 6 58 192 608 744 1291 1995
353 4 605 659 1331 1809
1453 10 26 219 322 589 668 983 1048 1227 1290 1990
1171 5 203 388 399 1176 1886
609 3 130 477 1151
1283 1 935
1596 2 1061 1746
1954 5 97 480 578 1284 1431
1091 3 208 286 538
491 5 48 354 435 983 1528
1049 5 33 1077 1476 1635 1894
613 4 253 496 1404 1450
1725 4 591 726 942 1211
1833 3 251 526 1358
54 1 1147
93 1 1085
1673 4 288 730 1527 1615
124 4 160 294 1168 1232
1894 3 913 1102 1384
897 1 91
1423 2 508 1617
1700 6 676 691 800 838 1059 1446
404 1 679
948 3 1527 1700 1866
168 4 773 1392 1557 1580
272 4 950 1169 1694 1749
710 3 1347 1446 1544
313 4 266 430 1037 1994
1244 6 15 1091 1109 1409 1450 1886
860 3 625 1091 1985
1986 6 77 991 1099 1344 1531 1950
751 5 227 460 804 949 1947
691 5 46 1052 1674 1847 1965
37 5 456 703 1260 1546 1964
218 4 1366 1444 1498 1540
1542 3 918 1639 1976
364 5 705 954 1146 1222 1858
435 3 367 515 1281
1594 2 1086 1861
1979 5 341 644 894 1520 1744
1960 4 60 89 421 523
419 3 500 954 1001
1606 3 502 1339 1766
1921 5 115 140 1188 1252 1583
1516 3 757 913 1995
1195 7 1 19 211 724 739 1494 1525
301 2 254 525
861 5 41 783 1188 1726 1929
1169 6 824 1127 1451 1671 1806 1979
379 6 157 180 390 542 1215 1528
453 7 266 365 536 907 1448 1704 1722
1448 2 1471 1890
438 6 62 659 963 1152 1477 1527
15 3 851 1414 1983
243 6 531 668 786 1119 1486 1950
714 2 857 1779
1494 8 48 207 430 465 1022 1229 1639 1806
1366 4 1135 1446 1470 1923
1310 1 361
312 6 491 1597 1604 1692 1798 1867
318 4 361 386 785 1147
1611 5 38 499 1206 1350 1621
1630 5 555 1107 1295 1302 1751
1768 2 526 1479
684 7 515 772 1048 1350 1654 1695 1954
37 5 299 724 1359 1632 1685
1987 4 159 772 961 1798
1205 7 142 409 475 569 676 1350 1558
1557 6 105 198 1494 1506 1886 1888
312 3 156 1491 1797
298 4 478 596 627 1676
777 7 405 529 537 854 1802 1923 1945
1533 4 105 386 496 1281
928 4 1153 1206 1848 1933
480 7 483 573 736 768 1004 1412 1997
486 2 409 686
423 3 434 900 1690
343 2 683 1312
1398 4 269 781 1124 1643
1403 2 1437 1599
366 3 21 499 613
1897 4 1010 1167 1336 1429
1480 4 366 542 584 1512
1169 5 63 1366 1694 1721 1881
1980 4 311 591 1242 1401
697 2 1436 1792
1308 2 425 1398
1770 4 396 407 1467 1846
1283 6 29 245 961 1339 1512 1936
444 3 761 1479 1893
564 4 56 483 658 686
1521 6 306 642 770 814 953 1746
1068 3 295 387 851
1333 4 361 553 751 1407
1361 3 1225 1495 1702
1942 3 388 1280 1386
1542 1 663
340 3 635 857 1560
340 6 349 491 736 859 1271 1506
1540 7 278 326 411 1174 1471 1591 1670
1708 4 735 1077 1879 1898
337 5 321 991 1224 1699 1763
1774 6 513 949 1003 1077 1477 1694
1222 7 63 201 278 983 1198 1579 1836
197 8 38 591 845 939 1230 1629 1800 1847
1289 4 114 289 567 1303
1855 3 817 919 1451
610 4 10 91 1243 1886
1194 4 673 831 1599 1799
383 8 1181 1269 1283 1431 1653 1723 1803 1964
583 3 407 451 1232
1746 4 49 225 384 1802
73 4 996 1349 1450 1837
465 6 531 909 1237 1845 1878 1895
1063 4 344 652 1648 1866
1871 5 676 781 1026 1032 1984
1407 7 286 440 532 588 1834 1836 1861
340 4 124 241 581 1177
1374 7 435 650 1013 1260 1467 1664 1943
825 6 12 57 634 783 1133 1831
525 2 180 957
1742 3 56 1026 1779
682 6 284 342 457 495 520 1310
39 5 860 991 1272 1491 1964
401 4 116 1092 1771 1818
1662 7 349 519 810 979 1037 1553 1629
635 5 481 549 1208 1395 1760
103 5 30 241 323 384 1360
1663 1 1216
1453 3 930 1022 1732
68 6 285 633 642 1104 1748 1889
1277 5 273 615 838 1080 1861
50 6 121 712 747 802 1597 1678
201 4 523 886 985 1045
435 4 178 549 594 1630
721 4 111 192 1477 1673
875 4 323 399 650 1835
684 5 253 542 1155 1591 1730
1449 7 354 1168 1459 1476 1592 1818 1829
527 4 410 492 1328 1845
62 4 666 1517 1544 1846
855 2 1360 1989
522 4 121 492 1284 1372
267 2 347 1959
785 8 273 610 781 809 1304 1632 1715 1880
1199 4 12 1257 1444 1666
599 5 261 929 1086 1683 1826
1650 8 115 286 787 1165 1177 1781 1808 1993
436 4 349 499 569 1761
646 4 594 707 807 1620
408 4 411 675 686 1033
1450 3 922 925 1493
121 11 103 173 191 209 228 562 705 919 1102 1676 1921
1691 2 255 1795
1650 5 98 1486 1540 1642 1697
397 4 255 1080 1507 1695
759 6 380 558 594 596 621 1951
1944 1 917
1158 1 433
368 6 567 951 1027 1107 1391 1779
1035 5 956 1561 1684 1728 1778
216 8 331 347 871 1238 1605 1714 1812 1848
1636 2 1013 1463
849 8 23 260 323 603 629 1339 1847 1982
171 2 691 1758
1894 1 1040
640 2 177 1145
223 5 542 715 1041 1454 1763
477 4 212 352 613 1981
162 4 112 1013 1327 1604
180 3 508 514 1611
1482 5 258 435 1054 1190 1786
895 4 92 374 1327 1375
307 3 183 878 1791
479 3 778 1225 1700
1593 3 654 669 903
1632 2 1037 1443
684 4 46 152 1525 1674
1606 3 1328 1726 1748
286 6 436 553 781 882 1272 1701
1867 4 445 1090 1358 1367
1534 5 63 365 607 1243 1465
751 1 556
208 3 2 688 991
204 2 97 1423
70 3 717 1561 1719
371 5 44 267 388 683 802
1122 5 198 659 727 931 1526
1471 5 377 934 943 1451 1527
760 5 1087 1112 1202 1843 1958
160 6 525 578 703 903 996 1224
681 2 103 705
1214 6 49 351 521 575 1381 1610
1897 1 1449
1034 3 2 155 589
1482 7 275 376 904 1592 1693 1849 1878
505 4 761 1049 1085 1304
1451 3 634 1651 1945
1661 5 482 864 951 1386 1778
1785 5 56 269 964 1326 1791
1012 3 42 575 1784
1559 4 191 573 1592 1684
346 3 317 525 971
724 3 475 705 1452
1252 4 925 1397 1896 1940
931 5 868 1069 1283 1366 1615
19 3 225 630 1713
1680 1 972
1394 9 288 519 576 608 915 951 1110 1523 1994
1642 6 248 580 935 1336 1645 1711
1142 2 521 623
180 3 113 858 1881
1055 9 81 237 363 467 707 1198 1399 1834 1981
256 5 110 669 923 985 1179
115 3 575 934 1669
1746 2 19 750
393 3 32 971 985
1309 5 846 1147 1152 1473 1509
1194 6 160 431 533 684 991 1235
1971 2 658 814
1019 5 1173 1348 1366 1397 1514
343 3 171 906 1999
1387 3 851 1060 1728
1855 7 269 273 497 689 708 1734 1952
1578 6 457 656 785 1135 1614 1800
1063 4 386 791 1045 1303
1969 1 1296
1003 6 425 667 751 1678 1696 1699
303 3 209 1215 1427
887 5 571 758 951 1012 1341
672 6 90 365 522 907 1183 1400
456 4 210 227 373 1470
1933 7 349 354 575 745 1037 1272 1831
269 6 95 430 534 906 1919 1957
780 2 970 1696
379 3 103 395 1790
1242 3 108 903 1527
1480 4 377 434 655 1395
1707 3 478 549 1075
565 4 7 373 458 924
967 3 640 882 991
905 3 216 1449 1697
791 2 1828 1951
1017 2 261 868
212 4 369 842 1608 1660
68 3 868 1543 1786
1907 2 1621 1735
28 3 607 634 1390
1712 2 1371 1690
528 2 548 717
751 7 15 210 326 608 954 1106 1473
322 7 254 864 1491 1502 1651 1883 1921
506 8 10 295 529 545 1307 1523 1544 1594
4 4 715 771 1130 1474
1191 3 764 1894 1957
1423 3 180 683 1852
1894 3 683 688 931
767 5 306 1124 1323 1427 1488
1364 3 331 924 1012
78 4 91 180 311 1346
814 3 540 670 1520
968 3 605 1049 1905
1397 4 270 313 1040 1177
243 3 377 491 860
1448 1 446
1879 7 482 515 808 855 985 1771 1870
618 8 842 1102 1286 1596 1879 1921 1935 1939
1479 4 917 944 993 1939
1536 4 101 421 923 1217
849 3 436 1203 1786
1624 11 235 499 930 995 1107 1301 1314 1397 1683 1945 1974
61 3 210 757 937
1572 2 913 1478
1329 4 191 910 1049 1784
479 5 206 1304 1331 1834 1950
1445 5 284 787 1471 1630 1924
535 1 1950
747 4 366 508 1819 1935
343 3 206 1202 1789
962 5 430 1135 1372 1436 1523
1282 7 137 261 1235 1637 1683 1870 1952
1175 2 354 975
728 4 344 358 1390 1801
1712 2 392 1001
1438 3 7 163 1052
1767 4 81 265 854 910
483 4 52 774 1427 1486
1176 3 319 783 1933
983 4 195 800 935 1248
759 2 386 1371
1790 3 465 755 1975
693 10 158 245 334 532 681 708 808 846 929 1491
1250 1 668
1133 3 125 152 738
1175 4 499 953 1816 1971
1552 4 549 871 947 1027
684 5 301 447 499 1163 1772
1645 3 1105 1146 1437
1091 3 428 1035 1637
1471 6 224 538 753 1229 1238 1450
1281 4 488 949 971 1771
37 1 836
844 4 341 1281 1397 1848
479 6 525 538 632 744 802 1235
521 4 41 225 931 1983
1969 9 41 91 439 619 735 828 903 1471 1502
108 4 38 596 986 1183
1663 5 223 712 1474 1950 1993
480 3 181 814 1634
866 3 668 1290 1843
1897 5 868 945 996 1074 1464
491 7 1 425 499 752 811 1658 1694
489 3 578 1039 1571
201 6 41 754 933 1026 1423 1457
1266 4 72 531 1487 1539
1447 6 280 613 658 850 910 1224
312 5 947 1479 1724 1732 1887
1436 5 529 841 1198 1252 1639
1398 5 220 920 1013 1048 1061
1165 8 199 380 508 914 1243 1733 1758 1856
370 4 52 216 1571 1753
777 5 163 425 1048 1190 1588
1848 4 217 547 613 1448
666 1 1237
182 6 665 1198 1296 1314 1630 1651
1154 2 206 495
575 3 736 1323 1995
117 4 388 818 1342 1525
1789 4 460 1246 1301 1594
1366 3 26 306 1238
1163 1 1838
1398 3 272 293 361
1707 3 1298 1602 1754
846 3 607 659 1867
871 5 556 732 1149 1761 1884
1406 7 349 640 1017 1035 1238 1386 1942
112 4 545 709 932 1003
10 4 612 965 1398 1691
1233 7 95 301 532 591 755 1340 1465
15 5 135 230 537 1271 1936
1965 2 248 1571
414 3 1 1423 1731
1842 4 310 708 750 1071
684 5 21 155 353 657 1909
1741 7 70 89 288 986 1399 1503 1806
1308 3 326 1334 1826
1492 2 52 705
1492 6 15 19 458 923 1837 1950
86 6 300 1105 1391 1449 1500 1713
1834 2 285 1995
763 7 326 492 860 1323 1464 1893 1944
1237 3 800 1377 1700
285 3 55 225 602
1329 2 598 1812
1969 6 165 235 1588 1778 1791 1888
1066 3 318 843 1120
914 1 1265
1070 6 218 499 736 753 954 1486
1547 3 500 896 1211
96 3 931 1183 1283
759 3 941 1260 1304
1860 3 1093 1616 1751
1067 5 478 1003 1052 1771 1950
112 3 234 1279 1939
1785 8 135 301 310 407 931 1339 1797 1962
1080 4 974 1028 1300 1604
1140 8 606 768 1112 1133 1414 1808 1816 1906
452 6 548 760 804 810 1178 1799
1310 3 428 492 1397
1213 2 89 762
1536 5 181 558 922 985 1799
1943 5 155 330 627 845 1544
644 4 765 891 939 1327
1344 6 58 106 625 867 1074 1149
1499 5 167 534 1123 1381 1393
9 3 529 1285 1328
400 4 697 728 983 997
1891 4 549 1017 1021 1615
1927 4 162 198 979 1040
1381 2 1549 1683
501 7 219 497 582 939 1393 1541 1816
1670 6 564 619 863 1532 1733 1922
1593 2 860 1484
248 5 146 461 1074 1452 1980
377 1 1509
177 5 103 203 227 649 1580
1894 4 739 1060 1076 1286
1943 6 1214 1585 1589 1597 1645 1921
466 4 9 158 1611 1861
326 7 155 186 608 1147 1255 1439 1470
283 3 477 804 1382
208 5 146 394 853 1642 1978
802 4 183 742 1564 1802
1822 3 102 394 434
985 3 140 158 1158
1357 1 663
1137 5 399 530 1772 1784 1866
833 4 449 754 1449 1924
213 3 270 316 636
676 4 358 436 1802 1924
1193 5 459 715 1237 1348 1350
648 2 390 1959
561 3 456 1673 1931
1943 1 900
893 7 349 395 657 1102 1451 1965 1991
1684 5 971 1112 1523 1861 1912
404 2 321 1808
1894 3 556 1151 1734
1209 2 584 983
456 2 1155 1856
949 3 313 776 1729
802 1 1784
849 7 124 491 593 673 1498 1673 1848
910 4 1181 1444 1579 1935
1364 5 322 619 1279 1330 1415
1593 3 366 666 1745
1689 2 993 1310
1130 5 332 1432 1715 1722 1849
1661 4 508 1028 1127 1721
716 5 495 545 787 1468 1847
865 3 542 915 1521
892 8 12 313 644 728 859 1020 1195 1847
732 4 90 177 430 896
1487 6 23 43 508 518 602 1030
423 5 144 997 1753 1943 1959
371 3 913 1778 1880
876 4 448 943 1194 1503
1927 2 95 365
1814 3 237 1465 1870
1110 4 635 1370 1511 1848
1712 4 1145 1371 1586 1641
284 3 673 1035 1748
406 1 220
967 3 130 485 1505
331 3 319 1257 1391
1302 5 323 1107 1299 1809 1869
1865 3 1349 1523 1958
1259 4 163 591 1343 1360
1505 2 248 1792
341 5 23 134 218 593 1059
1435 3 205 210 386
669 3 1529 1615 1714
1398 3 1152 1386 1612
714 6 347 497 809 917 942 1630
1496 4 828 930 1696 1978
656 2 562 738
144 7 173 218 492 589 869 922 1401
1152 3 528 973 1358
1917 4 7 159 1085 1315
84 4 613 1304 1490 1648
423 7 553 697 1075 1300 1685 1738 1918
595 5 1 1296 1393 1772 1834
971 4 1074 1198 1726 1818
493 3 435 539 1613
1503 3 255 520 1957
1366 7 361 476 539 791 1498 1538 1862
443 5 491 1242 1808 1843 1933
95 7 21 280 349 714 944 1022 1512
659 5 221 906 1463 1658 1994
1439 1 640
1693 2 846 1942
826 4 310 914 1189 1232
1664 1 1715
353 3 1075 1648 1803
1728 3 632 1645 1964
1017 7 241 537 558 1114 1444 1468 1474
941 1 439
94 5 129 227 390 800 1290
1871 1 739
876 4 237 1111 1294 1340
676 4 204 294 316 1637
87 4 480 802 1120 1404
1607 3 100 229 1514
676 4 1179 1451 1700 1749
271 3 288 360 965
1760 2 380 772
364 4 280 361 1114 1630
873 5 819 1382 1766 1849 1980
777 5 99 850 1109 1655 1695
37 1 458
182 5 581 1413 1845 1849 1878
498 2 386 1109
18 5 319 540 924 1113 1931
633 3 456 846 1919
1804 2 421 1691
1299 2 21 447
1429 5 116 358 1237 1371 1884
822 3 38 1032 1395
708 5 384 924 1454 1641 1811
779 6 70 282 627 933 1039 1327
235 2 567 1195
1576 4 114 325 1290 1997
1616 6 210 344 770 947 1931 1942
1729 3 201 1296 1361
1284 3 583 1398 1754
1708 4 446 1021 1238 1605
1946 3 57 298 1151
1524 5 254 477 1106 1350 1858
1096 4 92 501 951 1397
911 8 495 808 1083 1194 1715 1831 1926 1997
487 3 72 617 1022
1963 4 793 1145 1305 1470
836 4 730 868 983 1559
647 8 500 700 1279 1358 1596 1795 1819 1983
552 1 1685
1948 4 41 617 1772 1838
135 2 1404 1506
428 4 204 475 1243 1301
1569 4 130 507 577 1008
1704 6 293 446 457 1147 1208 1470
382 4 859 1168 1242 1711
236 3 369 1020 1395
967 7 66 108 853 908 1211 1381 1940
857 9 114 253 529 577 860 866 1278 1390 1654
600 5 537 727 955 1159 1520
1393 2 1421 1463
193 6 930 1124 1272 1523 1709 1993
545 4 178 273 349 1265
796 2 255 656
1498 7 436 471 683 712 1263 1383 1802
784 3 225 1099 1296
587 4 111 215 1189 1411
352 4 224 420 1203 1464
367 4 667 679 817 1695
1168 3 582 1330 1630
1049 7 183 574 896 1217 1520 1582 1831
272 7 112 389 410 854 1331 1386 1957
704 9 258 446 485 529 606 654 869 1159 1711
715 7 747 758 1303 1366 1381 1468 1654
1612 8 22 491 492 553 1285 1347 1702 1981
533 6 269 330 373 688 1645 1845
504 3 557 962 1586
1222 4 181 786 891 1432
62 3 92 223 1621
1671 8 569 785 973 1107 1559 1592 1766 1945
1041 5 858 1028 1126 1538 1749
1503 4 435 456 756 765
1875 3 138 855 953
1416 3 229 1347 1700
770 2 158 1232
714 3 571 846 1964
223 4 1082 1114 1312 1791
673 4 199 578 895 1290
382 4 75 962 1539 1809
1860 4 306 1107 1701 1826
878 4 425 480 1341 1869
931 4 352 770 1000 1594
243 3 738 1190 1473
1812 2 518 523
1863 4 95 144 786 1120
1787 2 735 1221
1752 6 192 1167 1812 1870 1894 1939
1631 4 183 1346 1715 1999
1064 4 178 578 1919 1921
1200 2 32 1382
867 5 558 580 825 1123 1881
1583 5 523 1030 1170 1365 1642
881 7 570 577 854 945 1338 1371 1445
1147 8 33 279 691 764 845 1026 1054 1383
1671 5 570 697 1476 1488 1922
204 3 658 814 973
1740 2 1167 1343
1364 7 97 425 748 1205 1543 1582 1690
552 4 167 961 1215 1279
375 3 173 902 1366
1512 5 709 963 1041 1670 1701
1894 6 747 1423 1544 1906 1912 1991
681 2 1013 1774
340 4 501 833 1031 1484
1630 2 138 1520
1249 2 849 996
1671 6 63 223 778 1196 1777 1981
1312 2 1202 1376
905 4 135 208 924 1541
658 1 95
1102 4 7 655 1417 1806
513 5 192 411 594 997 1395
684 3 625 1381 1693
1436 7 35 173 177 267 642 1495 1499
166 4 97 192 1841 1981
32 2 403 1728
288 7 634 903 929 1145 1374 1391 1488
846 1 1719
849 3 211 579 584
898 6 40 493 1037 1238 1465 1932
675 3 2 929 1001
1369 4 1 374 569 583
1540 4 43 219 894 1758
332 4 499 1092 1383 1449
66 2 361 1049
844 3 134 584 1697
1225 3 878 917 1927
1969 3 38 501 1861
940 5 168 518 842 1265 1959
1901 6 428 558 768 918 1222 1685
1844 1 1159
818 4 625 1054 1344 1601
1944 4 57 500 1323 1695
1630 2 270 693
378 2 968 1315
1534 4 126 422 943 1329
1482 4 655 805 877 1004
1176 3 7 666 1658
1617 5 693 1060 1107 1577 1893
334 3 572 1559 1906
458 6 157 879 941 983 1086 1483
1302 3 158 1424 1621
1201 3 243 1866 1947
265 3 594 1423 1594
361 4 536 705 1427 1438
972 2 866 1529
1917 5 191 730 1365 1693 1989
1792 1 1867
1193 3 908 1028 1891
1018 3 251 579 594
910 2 1732 1927
370 4 913 947 1269 1494
594 1 332
201 5 436 511 895 1017 1808
1822 7 116 594 1135 1183 1748 1939 1945
546 5 205 319 1169 1637 1790
1572 3 21 528 954
1969 2 800 1346
171 3 57 554 1040
614 5 377 917 1093 1382 1867
491 4 483 860 1024 1427
759 2 1278 1698
387 1 825
750 2 366 1976
1969 6 144 229 334 793 1052 1828
1233 2 1218 1331
456 3 261 1165 1845
1426 4 580 954 1511 1945
856 6 225 434 572 1150 1366 1908
695 6 440 663 858 1683 1715 1777
976 3 173 446 596
633 5 113 396 450 521 1126
1106 7 92 430 619 693 868 997 1366
1063 4 538 1017 1165 1448
1171 1 351
1134 3 764 990 1577
142 3 2 1423 1617
1498 2 1397 1617
1077 6 593 683 833 963 1531 1569
371 1 33
1679 1 765
781 6 35 229 407 478 763 1829
84 2 1748 1786
905 6 351 465 542 776 964 1723
1315 4 576 965 1181 1777
751 3 170 376 1432
1290 3 1564 1670 1886
1077 4 185 961 1327 1591
1935 4 689 715 805 1077
1365 4 201 245 848 1643
1525 5 596 809 954 1013 1747
1563 5 511 1190 1392 1683 1691
538 4 342 528 943 1480
1096 2 72 403
269 6 432 995 1218 1248 1526 1742
30 3 192 1195 1601
1432 4 230 1150 1395 1541
1092 6 845 895 904 995 1935 1937
115 8 248 301 686 1010 1048 1445 1477 1685
1545 3 1476 1550 1784
1197 6 493 675 1360 1397 1531 1981
751 4 46 155 922 1279
453 4 203 607 964 1382
209 3 241 386 1183
465 4 787 993 1734 1842
736 5 724 773 878 1027 1539
351 7 92 103 411 579 972 1035 1149
337 3 167 396 906
797 2 366 1849
702 4 212 1392 1421 1502
243 5 318 800 1271 1427 1905
784 4 787 1546 1697 1811
926 8 49 457 476 772 1177 1747 1766 1799
508 5 89 1011 1317 1883 1957
1249 5 156 184 1170 1724 1733
435 3 824 1048 1372
403 4 11 211 712 1393
767 7 95 168 977 1035 1671 1735 1809
847 5 306 651 750 1521 1931
313 2 681 773
985 2 1517 1935
1105 4 248 625 825 1929
1293 8 12 46 63 468 558 848 942 1507
1302 5 450 1071 1427 1492 1683
1163 4 162 361 778 1272
902 7 279 323 703 918 1715 1791 1879
48 6 955 1159 1409 1424 1723 1777
825 4 577 1235 1350 1792
428 4 598 1275 1406 1937
726 4 161 623 1350 1502
505 4 496 708 996 1436
1136 5 1083 1444 1732 1806 1931
204 4 225 659 851 1664
1797 3 736 1454 1493
1981 6 970 1061 1198 1468 1610 1909
1330 2 419 1842
884 3 1318 1846 1893
1011 6 108 260 570 930 1107 1284
972 5 46 234 533 1214 1317
1869 4 456 531 655 1990
1578 5 477 732 819 1260 1525
1620 3 457 1211 1883
1262 5 126 735 1482 1729 1837
330 6 745 747 934 1144 1292 1974
1860 2 171 1343
1960 7 298 525 751 871 922 1489 1695
9 3 271 1283 1993
1527 5 56 91 1898 1917 1918
1351 5 207 445 1146 1427 1645
1875 4 219 654 778 1975
813 3 215 483 1664
941 4 557 1033 1317 1632
857 4 1377 1521 1754 1848
1083 6 500 573 602 669 900 1236
1329 3 341 1107 1331
1802 3 300 380 1283
1216 4 432 1594 1982 1995
1125 4 178 1326 1449 1709
1407 2 1253 1612
1436 2 1218 1858
1308 3 301 554 1011
1254 4 649 1215 1583 1761
787 3 321 842 1216
149 2 1039 1745
1108 4 933 1271 1734 1847
370 1 1696
1404 4 604 917 1244 1486
1582 2 207 1414
535 12 44 124 271 294 456 570 689 1208 1245 1694 1738 1897
869 13 171 596 617 959 1188 1202 1307 1334 1374 1598 1610 1893 1994
1876 3 1571 1674 1862
1741 5 24 26 386 1641 1664
201 4 300 1039 1404 1957
1961 5 394 1116 1181 1287 1305
714 4 1107 1345 1499 1761
928 4 8 67 221 1599
87 5 301 548 635 1516 1861
1938 5 215 1634 1789 1862 1893
144 3 282 536 1292
1782 5 409 1020 1620 1885 1929
30 3 144 591 1400
1907 4 514 540 745 1912
849 5 477 606 1150 1203 1803
535 4 307 331 824 1984
1805 4 2 369 643 1653
1026 2 1437 1602
1822 1 1085
1352 6 102 173 478 843 1653 1933
1028 7 207 878 1218 1227 1641 1673 1778
225 1 1685
885 2 410 804
1781 3 995 1205 1537
331 2 225 1549
1957 4 147 517 846 1391
233 5 229 706 878 1464 1957
353 4 58 465 833 1748
1230 4 7 30 129 1493
1028 4 785 1155 1276 1584
788 1 773
364 3 127 525 1114
1152 4 219 519 1274 1449
1121 3 431 1052 1409
595 3 532 656 857
1659 2 1525 1980
1663 3 270 1540 1550
725 7 54 219 445 1341 1465 1492 1856
205 4 178 273 330 619
216 4 744 933 1505 1617
1983 1 1964
1235 2 269 1167
1871 5 668 945 1089 1742 1894
900 7 35 162 684 764 882 978 1506
120 3 168 955 1393
1498 1 1011
1041 4 67 198 633 1401
390 2 751 1189
1274 2 447 1766
1488 3 579 633 1400
914 4 172 600 606 1423
1542 5 95 547 968 1031 1071
1787 3 868 997 1931
208 6 195 396 502 641 1150 1802
1735 5 602 918 991 1290 1852
322 3 972 1013 1381
1209 9 10 42 324 373 387 474 575 1287 1816
677 2 146 573
1444 2 138 1045
1879 2 55 758
285 5 260 301 1367 1734 1880
1440 2 1361 1629
1556 5 448 556 1417 1549 1784
1129 5 640 869 1432 1471 1597
1907 2 300 1174
401 6 260 279 671 920 1195 1694
239 11 11 67 353 466 808 1199 1404 1843 1895 1989 1994
43 4 914 1414 1457 1843
306 5 358 445 951 1327 1992
92 3 160 720 1131
1767 3 497 1692 1885
716 10 70 166 265 576 1166 1271 1288 1706 1797 1944
926 5 81 460 900 1150 1360
1543 2 577 1694
1612 2 366 480
1332 6 112 275 1183 1281 1608 1621
1814 4 730 903 1134 1627
1808 4 324 1374 1443 1674
351 4 577 596 1597 1721
1037 3 771 1347 1728
50 1 1218
36 3 869 1225 1580
404 6 1 469 691 968 1145 1208
220 2 1471 1507
666 8 15 714 817 1528 1559 1583 1709 1999
1176 4 8 57 330 1397
1871 3 108 735 1513
860 6 337 522 537 641 1701 1702
311 6 833 1135 1217 1491 1792 1803
921 2 172 675
1194 9 304 458 474 1091 1326 1409 1501 1691 1732
59 3 221 1398 1713
676 5 347 1092 1177 1676 1994
925 8 299 458 594 663 781 1276 1905 1943
844 5 102 636 748 1553 1639
1382 3 126 982 1444
50 4 311 1544 1653 1777
1524 3 26 923 1074
900 1 449
508 6 55 501 689 724 1144 1962
1126 5 482 1299 1346 1368 1838
1631 5 1493 1511 1557 1684 1986
62 6 439 651 773 935 1113 1772
1632 2 676 1884
942 4 1077 1552 1764 1906
444 4 556 1280 1610 1699
1616 3 1232 1502 1954
895 7 557 587 1069 1237 1896 1898 1991
1165 3 536 751 1771
1340 2 534 1021
400 3 1177 1361 1695
857 5 1103 1309 1336 1464 1625
11 4 91 556 802 1670
818 4 235 841 918 1723
453 3 1057 1170 1340
1320 5 380 772 886 1327 1923
1559 6 373 810 1616 1621 1660 1754
1198 6 831 968 1183 1847 1884 1924
286 6 467 1199 1585 1613 1885 1951
397 4 161 445 1626 1985
496 6 219 245 882 1130 1257 1361
1739 2 533 911
23 3 387 1450 1867
797 6 434 562 833 1829 1856 1947
1547 4 363 851 1000 1698
1803 6 32 469 607 654 851 1222
1822 6 258 325 993 1571 1588 1766
252 2 1283 1591
1490 4 1203 1392 1464 1884
552 6 410 882 1336 1617 1932 1989
1127 5 11 33 904 1033 1867
1442 1 836
141 5 35 745 762 1083 1393
1008 6 49 221 808 947 1205 1582
441 2 1554 1944
153 8 57 603 658 800 1539 1812 1893 1975
972 3 591 1366 1491
1869 2 166 802
158 1 1620
689 2 477 696
1115 5 757 983 1366 1468 1728
1713 4 138 610 715 1795
368 5 331 814 1448 1474 1984
785 5 458 810 1144 1808 1831
928 1 1942
215 5 752 917 1060 1280 1541
587 5 335 544 556 657 931
1157 5 478 924 1342 1457 1589
599 3 7 26 1549
1741 2 321 1502
1106 3 481 557 804
140 6 293 403 857 957 1367 1393
1917 4 335 761 1801 1923
844 1 324
367 4 532 1167 1341 1531
81 4 1003 1135 1253 1888
808 4 377 1075 1300 1884
1194 5 384 562 838 1499 1795
1057 4 714 1327 1779 1816
252 3 625 1291 1615
1198 4 33 167 1366 1596
301 3 390 1810 1945
1426 5 159 891 1011 1350 1949
419 6 774 1041 1295 1296 1586 1591
130 4 879 1203 1553 1894
569 6 389 465 730 1206 1602 1612
1536 2 172 422
1492 3 315 458 1296
996 2 403 1641
1819 3 1237 1393 1980
1106 5 567 1253 1735 1858 1880
613 2 604 1305
1198 2 319 1683
1194 7 613 758 1111 1304 1342 1401 1660
787 2 521 736
21 4 1080 1119 1432 1906
1505 2 855 1626
873 7 38 208 235 579 876 1346 1459
1952 3 522 540 1082
507 2 95 481
204 3 1644 1861 1890
152 6 72 439 469 1292 1312 1695
1171 2 102 548
1625 3 540 544 1491
435 2 62 1383
1333 4 130 471 793 1216
1028 2 388 593
397 4 507 657 1109 1199
1107 2 171 1889
1429 3 316 1169 1381
466 5 209 675 857 1634 1921
311 1 589
610 1 1244
1449 5 711 1000 1166 1608 1630
597 4 279 1189 1448 1647
849 3 985 1529 1673
1235 4 1491 1711 1784 1816
525 4 109 293 914 1602
272 4 103 924 1246 1908
1111 3 21 75 319
1662 3 421 478 1145
1537 2 480 1679
522 4 37 422 477 1383
508 4 623 950 1218 1945
1477 4 9 103 300 1032
163 3 1324 1524 1541
535 5 9 307 689 1561 1958
1645 5 301 342 353 1177 1589
770 5 102 583 627 1744 1949
1344 3 26 1281 1539
679 6 500 1177 1375 1483 1836 1991
1545 5 108 366 972 1104 1560
632 4 720 895 1237 1584
1893 6 4 492 737 1582 1671 1964
930 2 1281 1835
865 2 1643 1657
1090 3 399 554 810
1968 2 1611 1974
1570 2 975 1924
728 2 108 997
1076 3 282 390 1071
61 5 99 313 587 1468 1985
1440 3 311 544 1613
361 3 392 1478 1678
944 3 1283 1598 1713
452 1 587
205 4 529 754 1532 1753
414 4 89 521 572 1654
404 7 577 604 990 1331 1498 1906 1933
34 3 319 508 882
1560 5 515 569 1471 1660 1798
9 7 121 651 1069 1269 1491 1666 1761
63 2 456 1152
225 5 15 163 709 1196 1524
1590 3 41 986 1690
1946 3 237 1000 1645
1319 4 319 448 1279 1730
1512 2 1498 1604
1037 5 596 686 908 1867 1932
1498 5 658 1126 1342 1789 1943
1742 3 1107 1592 1995
234 2 178 849
286 3 623 1039 1766
1379 2 91 1309
194 4 294 452 548 1071
831 5 161 342 1057 1399 1881
268 1 1684
1855 1 1802
1967 3 488 621 854
828 3 613 640 1149
676 5 52 732 1017 1075 1539
1503 7 494 707 730 1176 1314 1370 1464
854 4 177 331 351 971
700 6 102 166 340 512 1206 1917
1209 3 109 1359 1852
250 4 8 322 744 1629
1125 4 387 554 791 1698
1981 3 612 950 1092
568 6 180 434 846 1156 1557 1834
865 3 177 876 1158
138 3 210 458 1217
808 3 691 829 1263
1235 4 224 415 619 1896
641 3 446 845 1397
308 2 1272 1344
937 6 177 562 1074 1155 1300 1714
1056 7 485 526 829 1145 1558 1891 1931
1361 5 485 758 983 1372 1975
1326 3 1195 1459 1969
855 3 210 334 914
618 4 918 922 1229 1398
210 2 1198 1635
1546 5 523 1089 1103 1195 1785
71 3 29 1158 1628
1779 3 915 1514 1810
158 5 876 941 1054 1336 1625
1067 5 313 845 1088 1134 1181
1883 2 235 1153
536 4 77 571 1275 1634
765 1 317
1943 3 186 330 635
961 6 341 544 591 643 1443 1577
1748 4 758 1224 1464 1648
713 4 24 211 845 1554
1569 5 198 497 806 1165 1809
1425 5 390 922 1000 1524 1697
236 5 588 1236 1285 1541 1625
1150 2 487 1272
1726 2 943 1614
1022 6 613 655 863 1359 1774 1890
1250 2 523 894
341 6 162 817 1305 1417 1543 1552
1436 3 968 1170 1225
81 7 278 579 693 764 990 1294 1896
73 2 1722 1829
18 3 1202 1314 1370
1365 5 317 1040 1520 1753 1985
1542 4 147 1059 1692 1978
1544 4 66 307 658 1912
770 4 910 917 929 1439
754 7 963 1307 1413 1487 1521 1734 1894
1875 6 260 536 1080 1520 1527 1735
1596 5 91 793 983 1246 1345
243 4 422 643 802 1392
237 2 144 1340
1196 3 606 1109 1676
1731 2 272 1847
204 3 394 1381 1802
428 2 186 824
1128 6 57 110 390 615 649 863
135 5 384 474 705 845 1194
1570 5 48 299 447 1538 1940
1523 3 902 1386 1891
306 6 8 235 448 488 909 1922
931 1 307
1740 5 100 742 1391 1409 1511
1600 4 72 528 913 1897
864 3 269 1253 1852
1952 3 478 931 1048
180 3 415 1126 1810
981 3 89 776 1511
1487 1 434
539 4 812 1031 1491 1867
222 4 99 1086 1173 1715
1689 4 206 215 974 1742
1165 6 432 520 604 857 1326 1819
1426 4 318 465 513 1444
1719 7 496 735 752 1045 1179 1238 1329
647 3 388 1493 1995
1054 3 125 326 1298
554 7 208 526 629 843 1149 1358 1509
1993 3 502 555 1715
1364 3 234 1331 1641
954 5 49 228 593 1392 1957
657 4 46 275 1216 1774
740 6 513 605 1312 1525 1553 1945
355 5 279 467 499 1020 1674
151 3 108 483 1230
81 2 219 433
444 2 340 1580
1503 5 253 294 864 1302 1684
162 5 824 1329 1411 1501 1507
1887 3 1227 1610 1937
1663 2 342 732
1868 5 428 511 665 697 1361
676 4 594 817 1040 1514
883 6 254 591 1286 1371 1538 1683
799 5 72 1130 1558 1650 1894
1593 4 576 995 1372 1982
51 4 275 337 1156 1639
248 6 206 217 695 939 1173 1994
1175 3 430 829 1721
1194 1 307
1948 3 1252 1296 1457
1583 3 91 949 1781
35 6 178 186 352 1024 1549 1981
857 6 403 539 959 1131 1272 1323
1134 4 636 693 1785 1897
1462 4 931 956 1448 1951
1299 5 315 450 461 723 975
676 4 319 1454 1588 1625
1543 3 260 432 1049
1938 3 107 221 1243
898 2 1411 1724
1431 6 66 440 683 1274 1954 1981
1957 4 341 774 818 961
127 8 126 204 858 1144 1414 1512 1749 1838
346 4 506 1350 1949 1975
1466 1 553
1848 4 589 1401 1577 1808
1107 6 245 467 533 1153 1248 1452
33 1 205
1252 5 113 644 684 773 1126
1267 5 77 1290 1384 1848 1878
1660 2 488 1372
1606 3 316 579 1669
878 4 221 367 742 1144
687 5 1221 1331 1371 1819 1862
769 7 288 1167 1227 1294 1746 1845 1884
822 4 26 1151 1598 1891
1453 6 388 610 1135 1373 1521 1673
208 3 525 1149 1799
623 3 81 515 1237
1223 3 157 1218 1683
1198 3 744 758 1554
716 2 663 1978
106 3 103 118 972
1194 3 879 888 1417
1366 7 138 201 344 409 772 1446 1588
829 5 54 639 957 1057 1999
86 5 199 387 695 1107 1895
1741 4 261 1183 1237 1779
1536 4 125 130 670 812
456 5 864 931 1167 1198 1893
828 5 218 488 787 1318 1670
1371 3 116 311 1597
201 2 1244 1694
1729 3 904 1040 1560
1809 2 1347 1937
1760 5 6 103 596 1235 1747
1081 4 225 621 953 1196
1811 2 931 1253
397 4 812 1111 1359 1577
522 3 118 358 990
898 4 483 499 748 934
291 5 591 641 1349 1367 1866
1367 5 116 340 544 894 1970
1395 4 483 858 1583 1632
204 6 241 868 1605 1626 1696 1792
873 3 121 315 1926
51 2 511 1660
682 5 279 419 686 1473 1990
127 4 113 1493 1612 1947
871 1 968
1292 2 312 843
872 3 768 931 1734
1163 4 235 246 617 1265
1069 2 307 817
778 3 758 772 1427
1113 6 460 757 770 883 1083 1648
150 4 77 1028 1163 1531
952 3 332 1473 1893
1456 7 224 512 610 757 1277 1492 1731
279 3 778 1091 1367
1599 2 278 869
700 6 114 115 501 502 1257 1908
1511 4 177 1437 1554 1641
696 4 629 1173 1490 1645
655 2 251 1704
1702 3 474 494 588
182 3 138 1022 1248
403 6 538 728 737 864 1280 1992
1687 4 448 578 765 1359
397 3 110 466 529
1147 6 235 806 1020 1749 1803 1818
1887 3 683 794 1071
1952 3 894 1437 1749
1368 6 267 1076 1104 1190 1577 1795
1053 3 173 859 1152
855 5 911 1218 1260 1312 1738
1195 4 105 937 1055 1474
1258 4 325 670 964 1811
1547 10 314 497 519 736 828 1211 1512 1635 1691 1992
962 4 420 1295 1470 1694
1904 3 130 584 913
781 1 282
1136 7 95 111 451 689 691 1489 1741
733 3 221 621 1135
1917 4 511 643 1644 1679
1035 6 130 670 1230 1589 1766 1850
64 7 300 491 492 1060 1412 1528 1584
9 5 156 676 956 1113 1532
549 3 973 1690 1878
162 4 9 325 596 1671
849 6 258 518 737 1074 1348 1959
970 1 745
1959 6 54 475 891 1037 1471 1986
1439 2 234 1878
846 4 285 351 925 1133
907 5 431 517 748 871 1895
1693 5 37 651 1227 1370 1888
1735 2 1116 1195
211 2 1495 1621
330 5 445 914 1176 1445 1635
1443 6 962 1107 1391 1771 1816 1980
1442 4 12 325 1445 1498
1326 4 246 613 1470 1924
465 3 44 91 269
925 6 466 471 476 1153 1702 1912
1640 4 458 540 947 1382
400 5 467 1229 1741 1746 1912
177 5 333 531 1033 1134 1669
1578 2 578 1585
786 8 109 863 1048 1246 1361 1384 1524 1734
1414 6 600 914 1061 1183 1271 1812
1877 3 177 691 1671
654 4 43 48 1341 1503
861 5 752 805 1217 1292 1841
1041 4 903 1145 1288 1367
1192 4 523 1639 1829 1964
1315 7 254 506 644 807 997 1489 1980
1194 4 103 747 1474 1507
1855 7 91 933 1035 1088 1421 1516 1795
1185 6 165 547 594 656 712 1093
467 7 817 1092 1104 1243 1292 1543 1721
842 2 317 855
381 3 1057 1939 1985
489 4 432 436 971 1030
1122 4 340 617 951 1339
1795 8 106 477 1105 1345 1413 1677 1735 1747
1844 4 75 405 1283 1802
837 6 70 111 326 1276 1295 1959
274 5 436 778 972 1168 1599
393 5 295 386 818 1347 1795
425 5 349 459 1345 1514 1845
1988 2 562 995
235 2 251 1358
1036 6 160 165 764 888 1644 1693
279 4 1039 1089 1507 1975
454 8 56 360 736 742 1237 1626 1691 1697
351 2 147 773
732 6 114 514 578 715 737 1664
260 4 135 230 744 1152
245 3 1207 1361 1905
695 4 315 481 1019 1417
246 7 230 358 476 1060 1178 1495 1580
912 4 351 526 557 825
1669 7 207 228 445 971 1594 1690 1693
708 6 110 610 730 774 1257 1714
284 4 55 270 1642 1915
914 8 452 606 723 817 995 1263 1706 1905
1738 3 38 750 1255
660 5 210 711 843 1492 1890
1194 4 324 373 841 1744
1560 6 4 571 1397 1632 1778 1940
494 5 481 1163 1170 1301 1571
172 5 953 1155 1188 1211 1384
1949 3 848 1181 1985
166 3 763 838 1243
1526 3 157 691 808
1171 4 67 920 945 1932
496 3 732 1644 1905
127 3 818 1093 1524
1660 6 323 1127 1165 1208 1366 1541
111 4 786 1179 1579 1880
1394 8 127 246 564 939 1216 1493 1540 1803
337 7 324 419 432 1236 1692 1792 1898
1964 2 781 1292
1810 2 755 1088
1828 3 98 1130 1644
1258 4 101 529 650 1527
912 3 388 1000 1604
1163 4 40 403 615 1791
1202 5 732 915 1592 1917 1919
1687 4 118 440 895 1529
513 7 8 895 1074 1463 1517 1700 1847
410 3 90 783 1921
1379 10 163 229 324 532 711 763 818 1048 1243 1414
1624 5 10 172 342 859 1092
296 3 675 945 1088
1063 6 633 686 1033 1492 1560 1802
1719 5 765 825 941 1151 1884
1785 4 1637 1829 1969 1974
1695 6 433 493 547 629 686 931
830 3 458 755 1626
948 4 32 221 327 1690
64 5 102 269 502 581 1597
1017 2 358 845
1331 7 243 522 700 1450 1617 1714 1927
1696 4 829 973 1057 1674
1578 6 549 607 657 758 1346 1471
1083 4 44 1255 1629 1867
645 7 394 665 935 993 1336 1850 1898
135 2 512 539
21 2 2 497
1340 5 90 230 426 1846 1940
235 5 99 450 841 909 1620
236 3 318 845 1477
21 6 2 760 933 947 1315 1513
1773 2 352 786
1136 4 255 450 1144 1532
962 3 421 986 1008
1262 2 314 1611
1062 6 201 224 367 652 814 1128
308 3 352 1055 1950
1116 3 522 557 1598
1892 4 817 1206 1334 1713
1879 7 166 219 311 502 706 800 1621
41 4 634 772 931 955
272 3 284 1618 1695
780 5 135 829 836 1527 1846
1155 5 307 349 1087 1414 1802
1942 6 347 445 478 857 963 1569
1133 4 168 399 1225 1312
1367 8 140 203 903 1301 1307 1309 1397 1597
1429 6 162 436 635 776 1290 1880
1785 4 116 576 739 1183
1423 3 523 1336 1559
9 2 146 973
1128 4 580 723 757 1777
1783 2 396 658
1041 2 909 1076
1902 5 81 425 482 487 1930
1570 9 549 857 1032 1057 1113 1146 1489 1706 1781
143 3 1242 1580 1861
1614 2 939 1166
689 4 138 564 1295 1690
825 7 5 98 555 649 1004 1048 1751
590 6 161 334 581 666 1028 1962
1132 2 48 1550
1361 3 7 610 1970
282 4 219 533 1511 1924
1283 5 562 824 908 1358 1949
467 5 221 449 642 1280 1390
277 4 587 607 1366 1554
1923 4 1128 1208 1329 1987
53 4 763 857 1327 1790
1927 7 137 208 322 914 1026 1826 1856
1386 4 1475 1502 1604 1950
1880 5 261 435 726 1168 1457
1073 8 430 522 849 941 1276 1670 1772 1845
858 2 1075 1778
1673 4 344 934 1390 1671
1678 3 126 1742 1985
976 4 7 950 1055 1704
963 3 134 1055 1634
562 3 229 307 536
204 5 538 1128 1691 1715 1790
763 3 944 990 1506
85 2 761 1035
2 3 426 1106 1400
1012 2 210 1883
1883 5 572 756 895 1074 1488
1091 5 11 545 673 1470 1748
1216 2 373 742
910 4 351 1091 1553 1709
135 5 639 1135 1202 1298 1463
1902 5 162 272 301 439 738
785 4 448 709 1287 1810
63 5 62 461 1124 1654 1754
449 6 724 1012 1113 1151 1421 1498
885 4 488 1412 1838 1886
1553 2 1516 1812
1927 4 327 468 1529 1697
1185 2 1075 1539
504 3 243 991 1086
1992 3 269 481 1954
1873 4 553 735 773 1151
1416 3 126 770 894
92 4 793 1076 1577 1932
1103 4 26 228 1207 1501
397 2 334 1942
1426 6 115 207 791 1286 1552 1592
1316 3 562 776 1156
1138 2 613 659
676 7 29 192 739 824 1033 1751 1785
568 3 35 633 1215
405 5 327 913 914 1032 1495
615 6 5 172 1309 1742 1862 1939
1993 2 81 135
1641 2 165 668
971 3 116 253 323
1029 4 373 467 663 793
1208 5 7 269 643 709 1446
1713 2 327 1035
325 4 207 495 863 1919
949 6 184 658 962 1131 1660 1728
1810 2 217 300
1938 2 480 1936
1685 2 886 1328
452 3 655 1437 1611
1322 5 1047 1133 1189 1492 1677
873 6 598 604 711 1178 1309 1754
981 3 449 809 920
1617 5 419 553 1721 1742 1880
1185 5 493 1161 1372 1927 1995
780 7 24 108 300 756 986 1112 1304
1572 4 344 696 1145 1314
1059 4 365 1045 1229 1524
263 7 5 147 269 365 507 589 1538
870 3 29 1664 1974
937 5 273 469 825 1594 1792
957 3 933 1375 1582
714 2 367 1713
1523 3 629 676 1801
780 2 1373 1377
1194 3 564 1085 1260
1500 1 292
1895 1 1083
1964 5 265 487 972 1642 1791
1556 4 15 56 351 488
1204 2 241 1374
962 3 299 428 1112
1226 2 332 1263
282 6 225 241 366 513 688 1133
343 3 1181 1374 1448
393 7 337 419 914 1628 1692 1812 1969
1147 6 349 446 519 786 1561 1929
467 6 7 205 246 600 1818 1909
1599 3 369 663 697
384 9 1 849 1413 1723 1816 1835 1849 1890 1994
410 2 1130 1630
458 4 8 293 538 1480
1426 5 11 159 428 1102 1413
404 1 630
508 4 29 110 115 651
512 4 162 1367 1480 1991
787 5 44 567 914 1300 1561
1108 5 318 491 589 836 1908
1136 2 272 1760
1071 5 809 1202 1417 1490 1564
1281 9 786 1024 1033 1217 1377 1489 1501 1509 1930
80 7 515 876 970 1412 1475 1969 1982
49 3 7 315 1669
835 3 162 261 1744
1496 1 1858
1204 7 529 668 732 922 1300 1702 1905
694 8 426 925 1303 1359 1412 1451 1588 1627
1524 6 103 778 869 1449 1734 1929
1071 6 221 522 1127 1559 1627 1670
1521 6 75 161 466 1347 1650 1653
1895 8 439 511 951 1305 1343 1541 1741 1810
631 7 280 726 908 1260 1495 1772 1834
1704 3 757 918 1271
217 1 707
513 4 481 714 855 1884
397 7 266 436 1300 1373 1458 1544 1867
1477 2 284 1438
62 2 1309 1523
1488 2 978 1444
521 2 540 1777
554 8 366 523 739 982 1099 1235 1279 1645
688 3 318 742 1834
1255 8 37 43 298 313 732 836 1329 1506
235 6 327 354 587 1272 1339 1552
1196 3 493 750 1049
716 5 895 937 971 1116 1476
236 6 588 805 1236 1698 1980 1997
111 2 387 711
672 2 157 324
1605 4 613 1304 1524 1585
1716 6 217 344 1208 1476 1571 1856
1931 6 399 530 615 1318 1669 1943
1479 5 106 124 814 1031 1700
166 4 765 997 1594 1784
997 5 1183 1464 1621 1834 1962
856 3 160 1217 1365
614 1 1041
1411 7 8 558 1326 1437 1511 1537 1898
1201 5 632 1008 1471 1584 1866
1438 5 49 469 829 1099 1544
1121 4 531 833 1559 1605
1394 4 49 929 943 1849
456 5 216 531 800 1275 1318
1470 5 411 493 732 877 1229
1172 6 431 474 895 943 950 1134
1578 4 491 868 1013 1642
1971 6 126 446 854 900 1351 1604
456 2 751 1592
1590 7 15 125 270 1041 1300 1314 1376
1254 2 157 1887
768 5 146 1405 1500 1610 1975
283 5 507 633 763 1318 1657
313 3 1 500 1500
284 9 21 66 165 267 700 972 1372 1741 1843
1216 5 802 894 977 1459 1798
769 3 178 655 1307
453 1 1222
1138 4 63 818 1237 1799
1304 5 327 913 1843 1919 1987
1343 4 475 574 643 723
1094 6 326 629 642 774 1406 1917
177 4 100 695 1033 1525
1004 3 124 983 991
489 5 562 773 1729 1748 1785
217 3 326 1454 1983
1929 3 399 562 1731
397 4 389 696 1299 1812
1960 5 536 641 1746 1894 1949
970 5 640 1188 1339 1527 1645
1755 5 30 554 583 886 1715
1844 2 571 922
1590 5 903 1133 1339 1634 1704
1662 6 275 538 853 1867 1947 1952
829 4 46 451 776 804
146 4 157 591 594 833
1340 3 804 857 1474
103 5 52 463 481 754 1147
820 3 307 804 1905
1381 3 1047 1406 1696
343 6 1203 1276 1279 1848 1869 1970
66 5 289 1045 1532 1835 1862
1204 6 323 773 883 1159 1495 1974
993 5 315 493 509 920 1735
398 3 266 1798 1970
386 4 1276 1287 1654 1704
448 5 450 536 1245 1283 1287
1650 6 33 298 458 670 750 1612
1194 3 318 1208 1384
1971 3 280 1432 1647
213 5 60 75 700 1151 1284
295 3 234 488 534
1668 6 203 528 849 1134 1260 1301
545 3 1012 1055 1371
1485 2 1643 1974
404 6 98 474 564 855 1008 1470
1499 3 1274 1628 1947
1011 6 1 30 75 771 1480 1735
106 3 717 1207 1315
428 2 102 642
1511 4 1001 1211 1275 1514
1480 4 596 846 1514 1816
1381 4 962 1020 1648 1926
861 5 21 101 683 1543 1802
1600 1 575
609 5 108 389 544 1484 1598
1453 4 255 1074 1145 1978
1375 5 347 384 386 757 949
937 5 237 979 1158 1367 1992
972 4 684 1747 1758 1999
1015 4 235 696 957 1449
478 5 56 192 670 1032 1608
130 3 166 962 1990
1294 4 525 791 1091 1344
966 5 81 737 1133 1244 1747
230 5 23 1158 1605 1695 1849
23 5 908 1033 1285 1650 1709
832 2 118 425
288 7 294 483 600 1564 1610 1696 1894
831 6 211 354 403 415 526 1082
493 864 327 972 1559 1774 1971 1391 606 341 488 157 1350 1537 333 1454 1699 66 850 1263 639 871 532 237 1296 1560 659 337 1165 1847 1726 985 1490 1560 1837 1890 335 1907 451 1888 918 1459 1763 326 742 1039 625 1417 1742 1283 1150 89 127 129 691 536 99 632 949 1867 1894 1523 1777 1513 155 783 452 1650 765 1891 1377 1734 319 747 1829 868 1632 57 542 1744 917 466 1947 1944 1983 294 321 1959 495 1666 1922 1684 900 218 125 1470 726 98 1134 1086 1001 1421 829 1691 603 1539 331 748 7 1252 1255 1199 235 126 1397 1870 477 1724 390 974 121 1959 1957 40 1931 349 508 676 1985 1298 1781 1236 1537 1526 1048 1484 922 1842 1802 610 447 760 1700 271 1653 836 1365 724 265 919 717 1626 1637 557 1826 738 1103 1517 1714 575 781 584 1303 1883 1495 1550 636 1413 37 1344 1367 1527 1156 925 439 754 58 1414 24 177 210 294 306 1279 556 991 1451 1302 1255 1852 842 956 1395 1020 1951 742 1315 106 917 275 805 1800 1225 968 1214 659 1427 1704 1390 545 344 1585 957 1040 1281 1617 135 954 1134 996 160 913 502 974 1120 1748 910 655 947 512 33 1795 377 506 1109 1724 877 772 449 1917 1846 1564 43 389 436 1799 785 619 642 1004 986 1211 1464 1128 1918 1991 1981 279 1086 1411 500 1450 828 540 700 208 774 886 1634 1975 751 1500 421 178 224 588 1964 1978 1831 1489 354 1124 299 52 26 1543 494 770 1326 1935 1405 1406 523 1031 1927 755 533 534 1279 1105 686 1082 1128 1208 140 1169 810 457 56 1841 771 869 270 683 422 979 1531 517 521 1244 420 1650 1059 1730 342 1641 1723 1372 877 1327 860 1423 1758 111 1850 1252 991 1170 1939 1004 915 965 1721 959 152 38 1846 1734 1090 635 1671 571 663 1774 216 134 1550 612 600 573 854 636 203 114 1412 62 1978 1658 208 354 106 814 953 650 223 1766 705 1829 1475 1099 377 604 1128 1879 1432 1075 572 506 1383 943 285 91 588 1818 1845 225 130 219 867 878 1760 165 1709 1092 15 241 833 538 1245 572 944 1698 671 1995 234 112 617 67 295 1415 1604 1329 223 285 1797 896 1588 340 1835 752 1745 1102 606 911 1061 159 278 1146 299 1771 165 134 1630 1501 1365 1655 310 284 124 1981 227 932 1484 491 1772 818 1376 960 1764 696 514 711 668 1744 1 1931 1174 605 1326 1557 1520 1507 520 811 192 1678 48 1144 363 1114 1507 1588 1754 1983 1296 577 886 1371 9 1694 530 1483 1033 1111 925 853 1107 1030 1123 1048 1215 1312 251 786 1786 747 1479 598 525 697 373 358 1374 859 530 1861 493 806 1225 521 676 1926 1947 557 295 619 903 1909 492 771 1315 1448 737 1979 1243 352 1 1778 376 195 210 432 1538 1329 1334 537 1644 392 562 1035 243 531 255 679 1499 942 282 982 344 43 1277 1936 578 1696 1099 1982 235 1806 576 1179 10 1612 1329 114 649 1386 1785 1080 52 399 1438 1785 879 583 705 332 802 1366 1178 1726 426 365 481 1981 824 41 1163 670 863 229 853 866 1207 554 1521 1021 1252 203 615 728 1791 1959 1505 293 1952 1924 1834 1206 1049 1238 517 596 440 537 906 1312 1244 1135 1153 1816 1302 166 326 215 1806 1975 1615 675 1242 1698 1738 1884 407 480 1245 1102 1309 1671 102 1885 1489 1166 1554 975 1 342 1546 449 1307 1478 1866 932 580 1468 836 1810 1969 1173 467 876 493 1749 411 360 1431 144 656 138 1198 1571 669 613 1392 1494 113 863 1731 270 1999 845 1553 324 1935 1923 1482 431 447 1645 1714 1024 1907 1260 1838 260 1625 768 1310 931 831 1553 425 1035 1343 468 1446 1476 1022 327 1923 1702 1651 101 555 919 1693 1525 1715 1405 709 15 930 215 95 1921 1722 1642 1654 1126 1756 1446 253 205 107 1698 1409 858 1744 1502 521 1733 1509 1127 675 185 1152 1729 1248 1735 1221 253 955 430 1645 1808 1517 5 353 906 1906 170 819 1111 301 863 492 1976 134 1984 1713 1144 1732 300 361 1970 1525 742 224 129 369 365 1290 1792 1361 54 752 1935 848 1848 1614 686 1074 321 1621 1386 925 502 1170 657 804 209 911 1790 706 1112 30 420 163 1224 388 1810 1529 1803 467 1218 752 1399 1881 1275 1405 1275 325 491 1222 1803 373 584 1330 1982 1326 1276 553 1580 30 1537 349 1514 696 405 843 1797 230 1255 243 915 311 673 335 1999 509 894 156 228 1035 1104 1709 1812 744 758 1443 282 1516 459 171 341 1088 1943 1554 495 1052 1232 1558 1278 961 1635 963 1704 1858 1071 1639 529 1620 623 807 1013 171 1301 221 203 1384 11 1643 512 317 902 35 1937 319 1178 1202 1077 1610 1965 869 1637 1227 280 451 1224 1415 1423 791 1520 1414 1303 11 1760 990 380 804 612 1541 500 1323 962 564 1494 271 1648 1069 720 1924 1156 817 943 717 44 1294 764 632 776 1190 643 924 450 1650 947 991 808 1265 918 1019 186 492 219 1174 1582 529 548 279 321 1484 1849 1151 970 1177 322 1582 211 118 514 439 1373 337 1324 269 1342 1745 1856 1093 1647 1628 659 907 1099 1060 1318 1195 1248 273 924 629 1458 103 1222 1958 1207 846 1116 212 1471 1131 351 1879 1614 589 1489 12 655 526 1524 1315 1083 100 1670 665 1338 1471 866 914 751 1189 248 514 929 511 1207 1706 1344 1366 253 684 286 4 1060 1992 544 1819 110 1919 1657 1591 1666 973 1161 825 1944 1544 46 1151 526 1826 431 1582 419 1582 1898 1429 29 1671 621 180 1272 228 574 1952 1183 313 1436 1037 642 1076 742 142 316 739 1188 753 392 1734 553 1317 1918 1650 957 1728 7 1411 127 204 1722 651 1618 245 1476 1639 146 851 1181 640 1328 1464 253 617 1617 522 205 1427 990 1726 1404 137 579 258 933 254 42 1246 499 376 1037 1028 1437 536 606 1959 66 736 1883 1741 1886 920 1196 581 1625 9 446 318 331 433 326 1010 1795 1465 1257 499 554 1443 1848 663 1292 1488 1205 714 1296 1539 183 931 186 909 941 317 1543 1754 106 931 1950 1286 10 975 115 278 569 1723 683 810 1605 315 1669 1897 753 954 1295 1457 435 549 1690 1041 1227 689 446 237 171 300 1492 1999 1586 1498 476 570 1026 1531 474 173 21 1106 451 715 467 199 1113 1679 394 1032 384 600 192 7 1850 1673 608 1511 602 1917 1111 218 1540 1370 180 1133 428 55 1719 739 1085 500 1304 532 1798 1561 1987 1645 1812 753 1837 126 707 162 933 1464 752 778 1895 246 825 1135 459 1448 367 1285 1491 1942 1745 1445 1004 896 1265 773 1377 1701 32 501 337 1713 693 266 1424 67 1761 737 1305 432 1166 12 1969 1594 322 1487 1980 757 955 243 403 1676 1336 1359 1083 1724 1021 32 1935 1238 633 763 525 497 1463 409 458 228 1189 1637 1711 1477 1484 607 1608 38 670 1777 478 1494 386 1253 794 1613 1616 1685 292 1809 1176 1932 458 1397 1236 1198 1350 691 1514 487 1329 1194 1202 97 6 1216 1841 974 613 1660 1346 1091 1651 184 245 949 52 1275 448 410 650 883 933 105 1577 983 569 903 1035 1862 540 937 1170 1347 1222 1112 753 1008 1205 1629 997 113 975 52 588 757 324 934 1269 168 1331 558 23 1340 496 809 665 979 634 475 1492 1214 337 517 520 1639 1054 461 1318 1614 1397 519 871 1933 279 1149 1351 440 1168 471 299 1856 248 1382 663 1103 691 127 19 819 1602 1454 1940 22 720 1789 456 1189 29 1236 1126 1506 1846 1949 1734 156 327 1994 1075 513 1930 1113 1089 1421 1116 295 1176 1229 564 1516 1158 1954 1287 60 1645 334 1274 658 663 275 786 1348 1690 1130 138 1152 1869 1299 1927 1013 1674 791 1198 1328 1110 1398 1523 1940 1584 206 1158 172 712 75 641 147 1492 691 1405 127 1358 982 625 1586 1878 1327 158 727 1580 591 1625 1611 1120 446 1217 1582 1437 654 1784 1745 525 1747 1474 800 1087 703 1512 1077 681 978 1167 990 1971 1230 1280 594 452 923 871 235 515 433 1207 1424 1127 167 160 1799 1896 1738 1166 173 56 848 1666 1701 271 1909 482 1505 1314 882 1969 1929 523 977 1145 1812 1145 220 723 950 387 295 42 1199 644 367 945 904 237 1003 261 675 1343 485 77 833 975 1271 1843 836 1048 908 1893 452 1596 1343 108 1166 1310 1513 895 1888 644 1990 1597 1520 1584 208 849 625 499 888 495 1360 539 1503 1617 957 1811 1828 982 487 100 1082 1922 774 181 1457 1589 388 1486 896 1912 116 761 728 1660 939 1751 1028 838 1695 1677 756 1339 1163 1436 1438 260 1229 282 1592 760 1721 160 564 1153 260 396 387 218 833 1061 1989 1401 90 845 1128 1552 853 1158 1630 1887 1789 1119 783 261 1511 81 945 1012 8 630 465 547 1041 332 1055 708 411 481 1942 964 330 1683 1343 298 1393 688 623 911 1473 289 518 1454 1047 1836 322 311 1399 1328 1294 389 1962 1368 517 186 415 1039 630 587 181 1285 335 1690 1155 1994 1893 1203 279 1104 1444 849 1061 1513 1011 201 1598 72 374 1693 1549 109 1341 89 435 1156 855 1870 246 917 288 851 507 1790 1958 198 787 841 115 1449 266 1345 995 1605 294 656 882 802 1284 1358 732 1147 750 971 1393 562 1617 506 1639 868 1746 217 1908 1027 1958 380 469 307 1849 161 1809 1742 935 762 1733 63 1756 1722 207 396 1677 1986 534 757 1077 1753 22 1099 675 857 1288 1915 347 855 1889 814 693 1978 1664 1339 1650 1102 70 1862 891 1398 1845 1726 1905 312 793 1302 347 1951 1997 1866 1120 1176 735 1906 205 666 267 341 812 314 593 1045 608 1861 855 1105 1880 604 1229 1161 92 1599 1801 1400 333 1159 1291 1252 1161 1375 483 1724 1190 1467 1414 1017 1057 745 667 1995 1300 321 1407 1196 1552 1528 501 1459 1741 850 275 1452 206 695 1000 605 950 1611 922 583 91 323 1999 657 1597 162 1692 1869 1507 272 960 460 161 1676 342 582 1340 463 191 810 567 410 652 1237 49 589 1381 1480 1891 1285 1779 1318 1887 1371 993 1627 434 951 1841 1945 1569 706 896 207 594 1194 627 911 540 1993 1299 304 1697 1074 761 366 395 2 420 1670 574 483 1235 1166 528 1439 1532 1517 751 1620 67 639 1349 706 1493 1579 1696 1253 1583 1618 144 1439 445 1540 267 730 1601 776 1020 1216 1028 1974
