2000 1999
1731 7 397 617 1022 1131 1173 1519 1994
60 5 606 830 970 1406 1992
1937 5 225 658 1455 1649 1882
1850 6 284 367 734 755 1080 1113
700 3 980 1277 1391
207 6 136 466 605 672 1593 1960
356 2 533 1382
1404 2 226 959
1733 3 258 1210 1991
147 3 1380 1503 1517
462 3 1300 1695 1830
1789 7 17 311 728 928 1010 1745 1788
804 2 459 1875
1363 2 302 1786
1372 4 213 1382 1837 1925
1757 6 100 208 717 1584 1631 1689
329 1 542
1821 3 485 608 922
1059 9 126 172 219 500 521 716 1006 1769 1791
1908 5 621 1262 1442 1801 1891
147 2 280 1312
1613 6 1069 1112 1429 1455 1887 1900
446 7 111 244 759 1092 1351 1445 1817
700 3 660 664 1245
438 6 1 550 697 1441 1450 1777
1387 3 380 547 641
133 6 683 1003 1612 1797 1899 1956
237 5 89 813 936 1441 1888
1685 7 562 573 622 718 1077 1243 1770
1928 2 716 1710
899 4 667 837 1074 1301
340 4 112 271 674 1245
1683 5 84 148 531 788 1251
1516 6 194 408 925 1419 1921 1951
878 4 348 485 975 1957
488 5 1072 1193 1351 1761 1777
1396 8 619 1314 1685 1707 1825 1855 1983 1993
1548 3 1149 1403 1981
1786 3 505 913 1932
1728 8 1 299 631 925 1319 1342 1646 1744
1113 1 769
698 3 333 689 1012
752 7 84 400 498 1103 1585 1776 1995
1933 8 9 179 560 815 990 1333 1485 1586
228 3 19 1044 1772
1308 7 93 97 1233 1319 1527 1548 1834
1166 5 207 885 1083 1331 1421
1034 2 370 1214
1097 6 112 183 619 1078 1117 1853
901 5 456 900 940 1812 1863
1467 5 88 412 490 994 1954
1706 4 325 709 778 1554
968 3 421 1631 1674
1213 2 740 1524
574 3 487 557 977
381 2 455 1103
105 4 600 609 1677 1842
1777 7 225 518 1012 1331 1351 1433 1875
1610 4 526 1008 1276 1893
372 5 233 543 845 1015 1647
836 5 395 574 1448 1773 1850
400 4 2 19 1582 1984
756 1 1724
864 1 1402
1897 5 265 268 303 1379 1447
837 4 48 142 262 1966
374 5 172 541 585 1120 1787
1326 6 354 395 664 699 1060 1115
416 5 187 699 772 914 995
587 3 80 173 1096
898 6 107 323 448 1204 1277 1881
1850 5 11 568 918 1038 1510
1421 8 705 748 885 995 1146 1390 1486 1960
1237 2 641 1286
1566 5 580 1007 1188 1583 1735
23 4 63 690 1356 1622
1195 5 335 1357 1369 1733 1807
1917 3 265 534 1825
1195 5 361 1307 1448 1553 1827
468 3 1236 1540 1602
534 2 533 1758
1937 7 44 412 881 1001 1157 1485 1788
1506 5 243 423 1276 1559 1931
1386 4 229 971 973 1409
1991 2 709 1721
1767 4 1559 1808 1812 1952
787 4 206 1188 1240 1581
555 6 1162 1245 1275 1689 1772 1954
1974 3 1008 1219 1263
630 3 1032 1379 1930
1247 5 190 837 1293 1351 1790
528 3 690 1274 1355
179 3 159 1057 1709
937 7 174 547 814 1456 1545 1814 1838
461 2 852 1136
1851 8 481 827 847 1265 1339 1445 1565 1963
1595 3 203 268 483
1850 3 1655 1718 1877
352 3 58 247 1785
185 3 431 1026 1707
185 7 84 136 596 1083 1485 1570 1765
1844 3 900 1204 1836
1082 6 499 512 798 1011 1728 1952
913 3 148 155 462
53 3 648 861 1503
1786 2 751 1437
400 2 686 1544
1816 3 1221 1738 1813
1054 3 760 1538 1900
696 2 424 809
654 4 756 980 1947 1988
839 7 15 24 1487 1551 1631 1772 1804
1075 4 229 249 395 1574
1055 5 310 930 1027 1093 1814
753 8 159 303 335 644 848 928 1602 1783
439 4 652 1233 1314 1886
874 5 510 705 913 1115 1214
1787 6 162 235 685 968 1545 1812
1381 6 28 792 958 1362 1604 1945
1570 4 155 1008 1357 1494
356 4 1114 1172 1704 1824
1908 4 418 1293 1778 1947
604 5 126 431 753 1047 1996
101 4 874 917 1035 1300
1096 3 171 1263 1848
1831 3 685 1623 1639
931 8 127 1043 1228 1426 1446 1538 1809 1858
972 2 391 1895
1692 4 1123 1464 1574 1950
52 4 1596 1723 1737 1763
1220 2 493 1144
1310 3 529 949 1205
1626 4 148 316 429 1548
751 4 453 558 1345 1576
1771 5 166 398 1038 1693 1706
1605 4 193 709 1098 1266
251 5 279 361 460 592 1832
1937 4 158 222 1164 1695
1725 7 99 119 502 689 1428 1435 1639
741 2 742 1625
76 3 113 476 787
654 4 93 324 1344 1442
746 6 213 728 1030 1562 1600 1692
203 3 753 1438 1842
638 2 1262 1811
1812 5 84 134 269 1134 1320
854 2 252 1175
722 5 267 279 1044 1390 1494
252 4 4 874 974 1513
311 4 361 659 779 1878
759 3 1282 1650 1899
1709 3 84 1066 1989
406 7 260 290 307 600 830 1319 1994
937 4 86 639 852 1631
913 7 706 1029 1104 1137 1199 1371 1580
1932 6 160 836 1085 1204 1551 1600
864 4 23 466 994 1110
1839 4 340 557 1179 1864
22 4 174 583 913 1438
373 7 208 291 298 389 1213 1260 1758
1629 5 454 1291 1634 1710 1748
1389 4 58 808 958 1219
1613 3 634 827 1113
1279 4 500 669 1115 1419
601 4 16 723 743 1029
974 5 431 769 888 1849 1982
1658 3 867 1195 1379
1233 2 49 512
203 5 145 418 792 867 1684
1704 4 914 1464 1766 1990
1527 3 435 905 909
154 6 62 269 404 1488 1906 1937
1542 4 29 374 1026 1146
1654 3 337 1239 1750
669 4 922 1419 1473 1941
759 4 2 122 951 1258
468 5 52 405 778 1547 1679
1597 3 262 1204 1957
91 6 689 898 1017 1070 1421 1950
1724 4 104 666 1823 1983
246 5 105 337 1348 1823 1853
1583 5 271 940 1149 1265 1267
1824 3 890 985 1539
1595 5 269 401 1069 1800 1969
468 3 1356 1449 1623
618 2 1456 1466
1771 7 161 366 819 1486 1649 1961 1962
58 5 0 911 1221 1657 1766
820 2 1738 1844
346 4 59 319 1309 1993
1920 5 356 590 833 1549 1649
1546 4 66 253 552 1933
676 3 1372 1513 1974
1474 4 84 538 1667 1850
1343 2 1305 1748
820 2 988 1954
1050 4 126 1395 1429 1628
365 6 402 420 592 974 1345 1450
241 6 129 269 289 965 1864 1997
1108 5 532 567 576 697 1081
617 5 366 526 599 707 746
711 4 206 409 1307 1436
1449 5 161 298 431 1228 1595
1665 4 163 598 1259 1683
1491 5 178 252 522 1205 1956
1334 4 315 1395 1540 1917
1920 6 19 524 737 767 1706 1947
1965 1 1204
58 6 295 368 1265 1685 1968 1974
318 4 207 482 1613 1800
1781 3 634 1627 1841
1831 3 703 1309 1911
1278 8 68 474 529 671 808 1277 1896 1974
916 4 655 1017 1927 1930
1565 4 688 1044 1114 1263
1836 5 353 454 485 1379 1916
781 5 393 925 1096 1595 1834
1317 5 364 485 896 1540 1800
1322 4 319 485 809 1065
1991 4 419 1123 1466 1503
1381 6 235 609 993 1477 1776 1983
164 5 123 815 1003 1485 1501
901 5 67 190 1204 1657 1841
1655 3 1236 1573 1985
1241 6 791 1005 1305 1565 1898 1932
1712 4 663 1016 1097 1417
1733 2 1644 1929
1242 5 289 900 1103 1668 1707
11 3 1331 1613 1899
1138 7 154 529 1199 1214 1215 1528 1622
1138 5 88 759 1004 1317 1599
181 8 37 280 1151 1230 1317 1774 1817 1916
1214 5 423 570 970 1204 1647
1908 4 933 1116 1479 1718
1523 4 148 921 1433 1758
468 3 737 975 1990
1897 1 1291
293 5 22 379 900 1210 1749
1990 6 249 944 1412 1487 1713 1823
1645 8 67 120 215 325 876 881 917 1548
643 5 347 526 538 888 1662
148 4 238 247 787 1077
149 6 909 925 971 1339 1606 1887
554 4 1445 1546 1831 1872
865 9 106 203 244 471 1097 1357 1706 1769 1837
256 2 699 1355
1461 4 283 1214 1306 1427
36 4 1072 1461 1464 1770
143 4 134 845 1146 1824
1064 2 98 797
1337 4 861 1332 1380 1838
488 4 374 706 828 1747
1696 3 203 219 1395
1800 5 2 988 1417 1482 1754
431 7 314 1093 1234 1275 1596 1750 1863
115 2 425 1250
1654 6 373 1066 1139 1160 1445 1941
1118 2 358 1434
1443 4 2 129 679 1485
796 3 351 481 1667
1242 1 1309
820 8 154 432 541 913 1277 1314 1344 1454
1639 6 129 405 460 573 1017 1076
80 2 444 905
721 4 1321 1608 1892 1982
1650 4 709 913 1007 1865
862 7 31 532 1164 1623 1737 1835 1865
72 5 351 450 973 1844 1960
900 6 139 342 885 1539 1710 1853
1031 6 243 490 673 1259 1278 1428
385 7 518 787 839 979 1245 1549 1745
1459 6 289 295 944 1431 1549 1571
1227 3 249 295 812
328 4 110 1025 1832 1966
316 7 248 580 637 772 1179 1284 1321
1352 3 378 499 1713
1051 4 666 1159 1205 1874
1015 3 803 861 1557
1310 7 132 172 434 724 796 1104 1266
1348 6 206 738 979 1006 1517 1835
1592 4 179 501 904 1634
847 3 600 1190 1855
1368 3 342 1261 1267
447 2 1256 1266
22 5 242 690 924 1450 1570
1070 5 573 883 1093 1121 1261
1044 4 276 411 735 1117
53 2 378 1788
914 3 28 104 579
1619 2 382 1995
535 5 236 985 1167 1243 1921
1733 1 1944
1222 3 15 1081 1429
1510 5 702 818 974 1120 1315
1150 8 15 301 591 858 1020 1321 1380 1697
1301 4 208 1681 1733 1831
221 5 466 568 988 1113 1162
149 6 174 178 1205 1266 1301 1894
1910 5 665 916 1213 1766 1989
1039 6 909 985 1016 1222 1488 1939
1697 6 57 404 461 1294 1618 1941
523 4 1015 1362 1673 1678
643 5 310 612 1315 1714 1769
777 7 302 524 970 979 1331 1595 1706
273 3 113 1260 1441
1626 4 573 1261 1479 1595
1776 3 533 1130 1193
1509 6 96 152 542 734 1098 1649
115 4 93 347 348 1995
913 3 319 736 1431
569 9 1 172 511 556 706 1005 1206 1694 1948
812 3 604 717 1496
1405 6 333 448 746 1069 1546 1989
53 6 99 481 1161 1456 1560 1618
1459 4 393 510 984 1256
1442 4 568 685 1334 1958
1536 5 112 416 993 1527 1971
1613 3 549 706 1612
576 5 129 792 1015 1717 1945
750 5 498 548 589 1596 1613
515 6 119 310 641 1454 1610 1937
752 7 71 160 531 751 1134 1792 1808
1597 5 513 1043 1339 1599 1654
1083 3 310 1665 1950
1506 4 80 243 1302 1504
680 4 1057 1627 1872 1877
1941 5 438 1479 1504 1659 1697
879 6 682 1251 1544 1697 1949 1955
469 3 401 779 1582
1075 3 867 1323 1657
346 1 1157
385 5 712 736 899 1238 1496
653 7 76 128 366 609 776 955 1290
533 3 136 658 1503
1101 4 661 1290 1348 1681
1476 4 1036 1144 1484 1513
293 4 23 314 1146 1152
1941 3 35 759 1868
1482 6 0 197 658 1315 1657 1937
1373 5 230 461 1744 1749 1998
879 5 690 1410 1479 1602 1639
1921 4 279 296 1092 1865
517 1 1046
1847 7 197 204 750 1357 1524 1557 1942
968 7 654 681 1268 1571 1636 1827 1858
85 7 164 168 462 1030 1286 1334 1783
304 8 95 229 301 792 839 970 1175 1913
1750 3 197 1321 1807
467 1 844
532 4 721 1060 1454 1559
1212 4 419 682 1494 1717
763 4 483 716 1348 1666
1272 3 714 1025 1251
876 4 1267 1745 1786 1880
1064 6 183 399 521 1133 1622 1754
1832 3 525 970 1630
856 2 609 1786
1389 6 133 325 707 846 1298 1538
250 2 225 1817
393 3 681 930 1752
1831 6 215 253 683 805 1018 1911
901 5 389 702 801 1100 1465
290 5 283 316 343 674 915
1718 6 152 321 1288 1407 1571 1639
741 3 1558 1662 1714
453 4 97 538 697 1954
1396 8 167 606 619 621 658 690 1206 1971
1118 5 42 192 1634 1830 1971
13 5 1133 1309 1665 1701 1804
764 2 1067 1206
1059 6 401 755 773 854 1593 1943
97 3 718 924 1372
1084 3 238 631 958
202 6 57 101 1482 1665 1673 1853
662 5 164 576 993 1126 1978
840 8 128 392 483 1044 1066 1167 1402 1821
1250 4 364 861 1692 1826
289 3 113 462 1809
41 7 159 1011 1216 1252 1322 1697 1964
1031 1 382
202 2 1027 1925
1786 6 141 605 734 990 1438 1830
1728 3 404 1939 1981
315 1 1315
1515 3 162 949 1130
1380 1 1379
1044 4 316 511 1581 1753
1979 3 771 1370 1761
1306 4 697 974 1072 1613
1738 2 1089 1461
1696 5 335 534 748 1939 1997
987 3 675 682 1960
1346 3 173 405 1748
1832 5 377 423 1003 1222 1984
1648 2 447 705
1741 4 147 460 1078 1379
199 5 415 1267 1339 1519 1939
1738 7 219 485 830 840 1357 1655 1679
1633 5 184 219 464 547 1461
1604 4 66 456 750 1858
412 7 315 586 828 1017 1089 1151 1242
1631 4 1160 1339 1433 1825
1189 5 753 836 1069 1600 1776
1039 3 947 1185 1450
94 3 924 1007 1043
288 5 728 1260 1417 1689 1957
1777 1 68
1645 3 205 302 861
1247 5 105 766 974 1370 1610
1675 2 1598 1733
478 4 290 863 1114 1152
1216 4 22 660 937 1679
1494 5 249 993 1093 1447 1622
73 3 60 1713 1955
200 2 71 96
1108 6 489 660 885 984 1027 1123
163 7 814 1032 1157 1447 1559 1606 1932
1872 2 1160 1492
1587 6 921 1066 1204 1210 1559 1989
822 6 24 411 490 1319 1351 1841
1160 7 66 301 606 1028 1151 1276 1542
50 4 459 681 1175 1901
921 6 76 366 819 915 1545 1628
770 3 49 934 1274
372 2 213 1160
215 6 141 249 296 1046 1373 1790
1168 7 948 1194 1268 1553 1584 1928 1992
1044 5 659 905 1081 1345 1929
1026 3 631 714 1076
770 10 4 24 120 272 761 1175 1234 1351 1602 1771
990 5 382 1074 1117 1411 1576
1409 1 1693
507 5 583 842 1228 1545 1713
1008 8 59 274 573 726 984 1814 1817 1831
58 3 736 1450 1603
1838 4 166 1805 1862 1888
27 5 145 265 702 1003 1336
1229 5 698 785 1103 1267 1991
1621 8 641 1072 1194 1448 1693 1803 1819 1834
1774 7 742 1157 1210 1492 1633 1771 1993
1748 6 3 316 438 612 1432 1737
587 5 190 876 915 1079 1782
1064 8 47 147 313 993 1040 1307 1485 1891
368 3 918 1373 1665
536 4 4 57 1558 1600
1031 6 588 900 1154 1406 1427 1841
1959 5 260 747 1077 1260 1460
1996 5 965 1120 1240 1539 1890
1662 4 1610 1827 1880 1968
586 5 62 110 251 1720 1896
812 4 529 840 1079 1538
1833 4 253 464 1002 1395
263 5 268 450 591 747 1154
798 5 226 741 756 1309 1681
146 2 966 1783
1162 3 183 904 1230
488 4 48 482 608 1049
649 5 649 741 839 1085 1758
1396 6 689 1306 1493 1717 1808 1997
1564 2 359 1487
1996 8 335 512 1117 1242 1586 1646 1689 1824
1215 4 226 1441 1513 1775
1910 5 259 375 1022 1333 1943
5 4 184 423 816 1634
1008 6 397 461 1089 1482 1601 1777
488 6 574 689 925 1222 1378 1948
493 5 460 554 732 1944 1997
968 4 439 734 1115 1299
1331 4 398 447 781 1720
1565 5 53 57 216 280 1287
1405 3 60 1260 1345
1160 6 103 729 1083 1114 1316 1825
1182 6 359 1002 1004 1415 1826 1961
293 5 2 824 1126 1581 1714
345 4 260 267 1167 1390
173 3 38 184 1873
612 3 1194 1374 1930
1738 4 106 429 1151 1623
591 3 1250 1400 1954
1121 3 66 502 1188
1317 1 424
928 4 896 916 1409 1584
365 5 32 521 916 1133 1788
323 6 16 48 80 553 996 1835
1263 5 47 298 401 1823 1928
301 4 149 397 485 765
1700 9 35 161 163 222 290 499 513 740 1971
901 5 38 347 589 1018 1038
1119 5 50 951 1546 1704 1777
1844 7 22 82 173 1201 1275 1496 1733
1250 3 238 948 1685
1159 6 230 450 1121 1445 1511 1709
1613 5 227 251 269 1319 1966
1775 2 1713 1761
1870 6 100 340 510 1240 1465 1562
1421 5 826 1066 1116 1650 1993
733 11 76 153 649 776 845 1043 1146 1348 1453 1749 1797
39 2 1007 1799
404 6 100 204 259 474 1298 1410
491 6 220 243 474 840 1093 1773
1603 7 748 776 1067 1085 1294 1391 1760
603 5 204 608 650 1299 1799
1269 3 888 1066 1181
540 5 460 552 608 703 1896
280 6 368 398 482 984 1533 1746
155 6 421 568 905 1477 1549 1808
1566 5 60 244 598 808 957
1350 6 225 717 785 842 1260 1974
1263 7 771 783 1453 1701 1801 1873 1977
813 6 746 837 1242 1517 1636 1657
1001 5 110 579 761 1011 1018
541 3 71 493 1763
1990 2 581 1348
675 3 445 605 1827
392 3 726 1157 1355
1933 5 247 476 489 682 1400
804 6 36 276 560 667 933 1461
1235 7 152 404 877 1195 1348 1477 1571
1189 6 581 900 949 1322 1654 1785
770 4 52 183 251 1683
898 4 1345 1675 1927 1998
53 3 192 276 1792
565 6 340 655 692 1274 1315 1737
734 6 32 505 679 686 697 1723
1846 5 206 271 489 1449 1931
110 3 888 1072 1243
265 7 525 681 940 1098 1303 1411 1683
1517 4 98 183 492 877
256 3 949 973 1154
475 5 44 289 333 656 1018
177 4 112 585 1758 1832
447 2 389 656
54 2 305 1613
793 7 244 637 659 798 1114 1724 1749
1764 5 15 919 1270 1309 1933
514 7 374 456 847 1243 1527 1553 1834
1513 5 1205 1321 1758 1811 1983
1086 7 353 619 1162 1185 1199 1528 1821
396 4 283 384 1772 1780
293 4 379 1228 1243 1717
1063 8 2 174 429 442 675 834 988 1581
293 7 276 644 940 987 1373 1406 1753
823 5 71 206 729 1718 1797
1417 1 842
1000 4 1096 1190 1689 1998
289 4 660 740 798 1284
749 5 9 123 644 930 1675
23 4 904 1172 1534 1548
983 4 303 377 1685 1799
1935 3 385 448 1580
1833 4 272 461 779 922
1700 7 1167 1355 1482 1585 1713 1823 1898
64 6 190 263 666 936 1115 1770
804 7 192 473 502 765 1151 1282 1873
1587 8 122 310 342 990 1032 1425 1441 1766
227 3 518 1369 1429
1346 5 353 389 801 846 1127
1641 6 409 466 538 585 1696 1849
1920 4 267 269 325 1842
1816 5 158 525 769 993 1812
1035 4 241 601 709 1586
44 3 15 86 296
1989 4 541 598 1618 1649
108 2 978 1103
138 6 80 530 658 1438 1765 1858
1184 2 1120 1454
1089 4 954 1230 1287 1480
795 3 915 1073 1312
624 4 337 505 741 1410
484 5 972 1291 1323 1470 1622
478 2 183 1981
1376 3 119 490 1301
1710 4 213 481 1134 1788
20 4 310 708 1100 1911
851 7 126 195 259 440 596 1482 1988
763 6 177 930 975 1012 1301 1484
1617 4 54 490 541 1560
1812 6 724 1267 1371 1527 1641 1724
831 2 836 1146
1997 2 66 1268
1834 6 100 1787 1822 1831 1872 1992
427 3 195 259 1879
550 3 816 1293 1593
948 4 70 75 1772 1798
1822 2 136 949
1724 5 31 96 276 924 1069
87 3 317 934 1381
1326 7 219 267 617 622 641 1160 1641
31 5 159 219 1339 1728 1913
138 6 473 521 937 1293 1402 1426
607 5 425 538 1120 1139 1790
1227 6 139 331 735 1067 1772 1885
398 8 356 826 978 990 1536 1645 1976 1981
727 4 23 395 1110 1442
990 3 592 1848 1941
700 3 296 1562 1827
924 3 1080 1243 1879
809 3 343 608 648
292 4 323 408 666 1885
1294 7 190 541 562 1675 1761 1879 1939
1054 3 693 792 831
1797 3 88 529 1221
1305 2 455 1812
795 3 38 153 1473
1056 4 937 1570 1745 1832
154 7 729 858 1098 1487 1627 1776 1850
1698 8 378 472 1072 1539 1573 1723 1726 1871
1467 4 389 1185 1263 1863
476 2 404 1885
44 2 547 1650
732 2 1026 1453
1812 3 136 1314 1691
1138 6 31 289 550 741 1234 1982
493 2 919 1376
1421 5 1016 1234 1747 1825 1939
1520 2 37 98
237 3 325 1613 1841
1764 5 31 92 374 747 1210
1825 6 461 723 1029 1065 1775 1850
1389 4 93 570 1546 1549
844 4 395 1250 1847 1891
864 6 328 512 760 991 1753 1887
910 3 234 273 1639
931 5 177 452 896 1077 1739
155 5 101 105 190 975 1898
1627 6 502 510 518 995 1242 1357
892 3 99 424 1691
911 3 71 236 328
1370 7 54 75 801 1073 1331 1584 1613
806 3 160 487 1747
1389 4 106 732 1164 1807
1953 3 796 1026 1893
675 7 301 416 786 925 1046 1786 1936
357 3 47 419 1493
1014 7 370 392 453 644 675 943 994
448 3 839 1210 1585
576 4 60 829 1130 1583
838 9 805 1466 1558 1565 1573 1870 1878 1933 1984
1487 5 107 265 462 693 1262
968 9 32 208 412 462 672 814 936 1017 1795
931 8 1049 1154 1260 1286 1622 1634 1657 1888
80 3 1236 1435 1933
811 5 489 683 816 1336 1966
928 4 77 391 601 1426
1003 4 253 440 1219 1803
546 3 60 666 1113
907 2 585 1689
1193 3 325 914 1107
1924 4 659 777 1646 1701
1324 4 244 1073 1303 1685
1337 6 325 385 461 772 1122 1875
359 8 690 842 1060 1428 1528 1563 1570 1807
1949 6 50 267 1686 1714 1827 1963
1327 6 136 220 1005 1371 1461 1900
1793 4 78 949 975 1003
1771 4 972 1333 1334 1761
1243 3 658 1309 1348
1828 1 1081
434 7 2 89 92 560 966 1309 1448
794 3 1602 1693 1952
1427 3 530 1172 1819
1396 2 166 1320
682 4 267 453 529 786
144 7 112 267 374 415 429 570 655
1861 3 693 919 1315
613 5 127 299 583 836 1889
187 4 139 650 1585 1630
1337 3 179 548 1544
539 4 112 481 621 1835
907 7 3 75 92 106 425 454 584
175 3 604 773 1761
764 4 385 654 1328 1836
603 1 1854
1214 4 249 1554 1603 1928
1022 5 737 1288 1466 1527 1941
523 5 89 1863 1865 1898 1983
995 4 198 609 844 1933
1163 4 589 826 1288 1989
1394 2 370 1582
1421 7 77 689 729 751 807 1823 1933
452 6 62 420 1448 1693 1849 1988
43 4 84 324 337 1112
1165 7 96 636 682 1301 1435 1849 1855
974 3 708 1096 1245
493 5 58 511 634 1355 1885
1420 5 370 609 777 1282 1952
120 4 103 187 1336 1636
1647 7 416 943 1103 1114 1487 1695 1800
1650 7 542 905 928 1357 1371 1771 1890
1698 4 500 1539 1816 1937
1224 3 1030 1397 1576
1911 2 202 1804
1771 4 502 848 1461 1628
1880 3 1060 1625 1659
315 7 219 518 675 1320 1429 1685 1990
452 5 38 314 424 890 1721
969 3 162 518 1154
1554 3 476 1545 1636
1558 6 106 473 486 592 1717 1988
899 1 724
1797 5 1020 1120 1179 1591 1616
594 4 172 675 1011 1879
365 5 1268 1584 1667 1848 1879
698 3 384 568 1937
585 4 213 1164 1694 1770
918 5 49 104 1446 1870 1977
1868 5 247 313 1925 1956 1968
397 5 368 472 787 1332 1963
259 3 273 1493 1792
759 3 233 558 1220
1422 5 358 439 649 911 1466
928 6 30 177 716 1319 1942 1945
1770 3 19 92 1548
1039 5 0 706 1167 1875 1913
1737 2 87 1159
1765 9 425 570 736 949 1191 1445 1489 1608 1954
1597 1 330
728 11 251 311 464 690 951 1160 1276 1412 1549 1769 1830
1448 7 52 641 1259 1554 1606 1646 1888
794 5 111 502 1240 1549 1693
1237 2 279 423
889 6 562 699 829 1167 1213 1997
989 6 15 184 648 909 1528 1582
1748 5 485 604 675 1316 1540
1820 6 29 435 454 722 1454 1696
532 2 330 746
777 4 380 1486 1511 1868
1516 7 331 359 584 628 787 829 1470
1581 1 1894
798 5 380 846 1115 1674 1880
1757 1 198
535 5 5 23 38 753 1791
1540 4 579 809 1248 1850
73 8 185 194 898 1073 1110 1240 1251 1431
904 2 9 942
587 4 1191 1303 1705 1803
1108 3 392 736 1060
1405 5 38 299 486 1747 1929
1405 7 161 202 296 346 1425 1486 1679
161 3 5 1294 1593
901 6 393 401 485 934 1275 1627
279 4 419 801 1527 1595
1527 5 399 714 1382 1554 1813
348 7 301 665 672 809 1070 1604 1701
145 5 389 533 867 978 1141
473 4 251 450 1026 1977
1730 3 573 1771 1998
466 6 204 453 1195 1331 1563 1728
1738 1 1705
1812 2 519 1323
145 1 410
362 6 68 236 314 769 923 1625
1022 4 59 380 570 1842
570 9 22 112 248 366 474 877 1013 1081 1369
844 2 1510 1689
380 4 1001 1172 1415 1463
777 3 126 673 1968
791 6 230 863 1089 1221 1522 1713
1439 3 398 970 1964
1872 5 244 631 991 1536 1982
1879 3 877 1504 1890
1013 4 606 928 1038 1782
618 4 445 644 796 993
1994 5 173 370 418 911 1294
1428 4 985 1043 1772 1852
431 1 737
1293 6 101 1001 1162 1259 1593 1595
115 6 330 522 580 1044 1096 1426
1326 3 97 831 890
272 4 38 206 669 948
1616 8 87 242 298 432 1333 1428 1890 1971
310 5 155 388 788 1412 1949
837 2 284 375
297 5 1133 1185 1734 1744 1871
344 5 9 648 1040 1047 1417
1998 3 722 845 1650
1247 3 119 994 1713
1237 3 609 1100 1900
1841 4 123 1146 1164 1618
1417 9 64 367 402 714 756 845 909 944 1623
968 3 62 1107 1205
1537 5 284 556 1112 1890 1992
941 4 742 1646 1879 1888
559 5 524 674 796 1562 1697
1527 2 492 993
434 6 796 1072 1130 1328 1331 1700
1626 3 830 1421 1994
1531 10 129 483 492 585 702 940 1016 1219 1697 1893
37 3 399 510 812
1798 4 609 761 1243 1686
532 5 538 756 1361 1554 1899
825 4 340 1223 1761 1847
907 4 461 1283 1842 1889
1421 7 658 700 776 1126 1395 1734 1932
1301 3 206 631 885
1124 4 269 452 456 1221
698 5 63 455 840 1199 1305
82 2 305 1346
1334 6 5 108 424 1030 1380 1655
1983 4 243 272 1222 1694
215 2 68 1114
152 6 388 511 845 1141 1309 1790
1581 3 84 698 1425
1524 2 392 1705
1115 4 1379 1406 1480 1747
1459 6 665 712 861 900 909 1434
705 5 343 717 1067 1312 1994
297 5 574 729 778 845 1425
58 6 302 771 874 913 1345 1813
732 5 29 103 112 423 1659
197 7 68 183 872 1342 1763 1813 1982
1534 3 743 1673 1766
5 4 445 562 933 1122
890 6 177 252 706 1157 1456 1913
1028 1 59
202 4 791 1286 1601 1624
1380 6 167 562 693 767 1202 1312
1379 3 325 1456 1581
263 6 15 398 521 928 1284 1639
545 3 77 836 1606
825 4 176 1139 1293 1315
506 3 968 1121 1694
839 3 904 1407 1760
1057 7 54 108 232 358 1331 1602 1772
638 8 59 290 379 760 925 970 1239 1464
1130 8 86 354 410 830 1076 1185 1261 1628
1137 4 349 693 1096 1453
124 3 664 1433 1788
1660 4 274 541 827 1086
1832 6 951 1122 1558 1886 1956 1971
675 3 59 1559 1709
118 2 489 1242
1970 6 47 659 1072 1783 1848 1950
440 3 510 1429 1580
1998 4 513 656 747 1131
616 5 385 818 1185 1205 1334
1566 3 966 1172 1190
968 7 177 622 656 818 1584 1744 1812
1687 6 612 898 1252 1549 1584 1710
711 8 328 718 898 915 1234 1429 1862 1998
1494 6 32 898 1199 1560 1717 1766
731 4 819 922 985 1845
1858 5 937 1069 1073 1608 1772
1272 3 748 894 1353
1736 8 472 723 974 1092 1447 1460 1770 1899
1546 2 92 916
1474 5 251 1425 1456 1604 1871
1046 7 333 692 861 1067 1303 1333 1974
1227 6 60 107 658 738 896 1259
1088 5 54 1268 1276 1312 1460
1461 5 1164 1260 1519 1618 1836
50 3 592 726 1306
911 2 419 1202
223 4 42 484 848 1299
248 2 241 1871
468 4 284 905 1020 1409
952 10 86 197 594 1015 1113 1157 1299 1434 1446 1930
532 3 423 748 1733
423 6 819 867 1242 1645 1911 1945
1507 5 258 259 940 1115 1463
1292 7 101 187 761 900 937 1492 1780
482 7 19 107 248 1057 1076 1259 1451
291 6 107 405 528 532 675 1328
968 6 44 97 392 636 845 1519
1124 7 689 791 861 1098 1436 1470 1689
429 11 167 244 548 783 839 985 1242 1492 1937 1974 1977
75 1 1591
643 3 650 1522 1545
975 1 1455
417 3 385 1130 1470
157 4 302 1248 1585 1933
1673 2 1092 1905
1878 3 459 771 1194
1010 4 35 161 1453 1610
461 4 424 656 1092 1332
627 5 58 621 699 712 1351
1855 12 112 215 243 265 660 680 952 1141 1243 1417 1718 1880
429 2 444 1580
1374 9 402 747 809 826 1115 1220 1252 1370 1419
1738 1 980
1165 4 296 822 1220 1403
457 2 115 444
1422 7 481 522 765 1127 1404 1822 1948
1920 3 395 1408 1892
1700 6 195 408 914 1035 1808 1925
534 4 42 826 1131 1733
889 6 485 773 919 1136 1309 1478
1342 5 95 226 397 729 1665
1524 5 335 573 1631 1945 1994
1337 2 381 1969
1030 5 24 107 771 1376 1785
585 7 167 267 1233 1353 1790 1853 1854
788 5 185 543 1060 1089 1353
441 8 160 589 734 1195 1322 1435 1479 1752
1377 4 272 1172 1421 1737
1389 3 172 325 1877
892 6 378 631 829 872 1585 1852
864 4 158 606 1145 1805
1833 8 82 939 1748 1801 1808 1816 1921 1968
794 2 940 1057
968 4 380 751 1202 1351
838 7 160 222 343 803 863 1017 1412
731 3 485 530 1761
1929 5 27 36 272 698 1098
1974 7 166 253 1070 1303 1372 1429 1875
1090 3 452 875 1562
1855 5 195 215 721 1460 1885
450 3 519 1081 1453
700 5 606 666 1001 1236 1455
1750 8 105 126 195 548 791 815 1655 1769
478 2 296 529
491 5 1015 1154 1613 1720 1823
948 5 128 474 1216 1739 1744
1566 4 476 787 1282 1816
1137 5 321 367 932 1317 1852
1731 11 0 305 398 766 1137 1282 1380 1381 1454 1513 1596
504 5 262 347 938 1435 1763
1845 2 247 351
358 4 29 456 562 1504
1498 4 848 1259 1644 1788
1531 5 393 805 1146 1504 1962
1345 6 453 1066 1122 1139 1622 1900
1846 5 78 274 334 663 1288
838 3 227 594 1849
516 2 574 1104
1881 5 97 259 830 990 1120
762 5 305 586 681 1193 1929
638 2 683 904
721 3 434 600 1117
1797 7 164 769 783 809 1427 1450 1913
1584 2 87 1210
1706 3 179 299 557
1591 3 1094 1421 1773
609 4 185 766 1382 1668
625 4 328 1051 1683 1771
677 4 16 490 1373 1989
753 9 95 148 171 192 267 392 682 905 932
357 5 583 716 717 1003 1966
1744 3 845 1067 1076
16 6 31 272 780 958 979 1463
1054 7 172 552 631 650 671 1646 1728
1069 3 729 872 1778
1249 3 16 606 1256
1854 4 460 671 1213 1274
1001 5 98 404 505 1229 1380
1737 3 547 553 803
562 10 50 142 872 1007 1100 1160 1262 1409 1705 1958
1222 5 260 592 902 1258 1879
507 6 556 816 872 1370 1397 1766
1301 1 599
31 7 78 755 842 1116 1493 1713 1990
35 3 1408 1714 1775
1876 4 78 1419 1706 1977
750 2 1135 1229
1632 4 408 449 1236 1548
431 3 75 202 460
1975 4 208 881 896 1409
553 6 473 474 529 1069 1258 1734
1557 4 1100 1608 1802 1981
394 6 242 554 1007 1438 1576 1713
1273 3 160 335 560
62 5 148 393 732 1797 1824
1108 7 78 220 489 1199 1380 1400 1812
1467 6 92 207 890 1051 1885 1966
746 3 807 1409 1892
279 4 773 779 1188 1585
738 7 80 320 830 933 1038 1484 1504
1396 2 263 621
1141 5 141 216 1332 1726 1985
1573 4 423 432 636 1644
1674 3 340 737 1479
1533 3 120 235 1511
879 4 236 301 315 663
914 3 410 792 1371
1532 3 1656 1709 1949
1329 6 333 399 1233 1720 1847 1916
1072 5 89 220 368 801 1694
333 5 542 641 644 1123 1370
518 4 242 524 1480 1879
1140 8 797 995 1066 1284 1539 1895 1916 1997
202 5 461 690 872 1070 1777
1487 3 547 916 1969
1858 6 100 393 533 769 1453 1701
342 3 985 1410 1583
1143 5 5 174 425 737 1001
1985 5 305 453 753 991 1737
692 2 296 777
1902 7 128 155 521 532 592 1412 1546
1222 4 22 579 913 1678
1147 5 712 1005 1581 1773 1790
391 3 1157 1276 1348
1828 7 36 86 225 1453 1584 1593 1785
23 5 347 760 861 1812 1898
417 2 337 521
1966 5 909 1371 1679 1737 1937
124 5 833 1022 1353 1855 1878
144 4 247 574 1267 1573
614 1 1700
799 6 287 726 1251 1718 1803 1821
1765 3 162 1030 1123
1215 4 637 1060 1947 1998
1517 6 160 259 714 718 776 1135
1391 3 822 1167 1679
901 7 629 785 1043 1585 1763 1853 1901
974 5 548 781 1080 1381 1783
699 8 0 226 405 698 858 1503 1726 1772
1456 6 310 724 788 1606 1900 1958
1994 4 675 1230 1685 1862
1866 4 456 481 1215 1675
1227 8 9 16 84 172 588 677 699 1787
98 5 15 813 959 1513 1701
1427 3 129 542 1624
468 4 1104 1417 1982 1989
468 4 432 748 779 1581
631 4 366 818 1563 1941
1166 4 67 445 681 1558
423 4 9 378 1409 1942
472 3 930 944 948
242 2 905 1584
1162 3 489 1278 1826
654 7 167 319 425 519 699 952 1549
968 6 244 655 796 854 1008 1511
1157 5 112 1003 1094 1117 1714
956 2 439 1978
1009 5 284 372 601 807 1647
1342 5 75 335 773 1415 1591
1518 4 385 995 1346 1890
507 3 489 588 978
1380 2 1286 1817
189 3 459 526 1889
1639 4 542 1252 1256 1968
641 4 136 852 913 1734
1994 4 141 429 608 1379
1430 8 80 152 788 1005 1407 1485 1775 1872
1194 6 313 700 1018 1291 1738 1917
1520 4 58 119 916 1963
533 2 490 591
31 7 75 260 305 438 734 940 994
1833 2 521 840
711 5 229 279 325 1049 1873
866 2 1415 1775
1208 3 1167 1831 1944
1580 4 235 1276 1534 1838
177 5 24 481 1468 1721 1723
1140 3 755 1774 1850
1975 8 364 741 842 899 1127 1221 1412 1836
382 6 702 1214 1557 1709 1780 1942
141 8 412 524 673 814 1010 1223 1250 1797
1429 6 460 483 1251 1574 1608 1691
900 5 64 92 402 420 533
133 4 57 438 751 1925
1755 3 177 354 1519
657 6 16 333 1213 1549 1657 1919
902 3 405 1263 1916
478 4 548 734 1069 1131
1282 6 1011 1463 1466 1707 1853 1896
184 4 819 1181 1355 1749
133 1 606
481 5 271 424 1144 1442 1780
200 3 149 1276 1971
1608 7 132 134 171 298 583 1011 1558
212 7 92 133 392 591 671 915 1133
1741 3 301 968 1628
649 6 4 331 930 1339 1450 1705
1743 5 932 1093 1175 1674 1747
197 4 141 373 1811 1885
317 6 244 303 894 930 1692 1848
97 4 397 1333 1373 1540
126 4 684 959 1188 1853
347 4 267 1429 1454 1704
462 4 16 119 204 680
32 3 1332 1660 1684
1090 2 814 1283
1645 3 442 472 829
616 6 471 656 746 1202 1336 1586
1138 5 80 675 952 1018 1917
285 3 197 667 918
1655 7 374 452 1159 1190 1573 1895 1977
1151 6 153 279 605 666 1040 1210
41 3 877 1236 1602
1619 2 328 1951
1687 4 368 544 1473 1714
1451 3 878 1580 1625
777 4 331 343 498 1002
1089 6 1127 1480 1778 1858 1901 1996
1757 4 803 965 1357 1880
100 7 419 693 1013 1445 1610 1933 1971
1458 2 128 1277
865 3 639 955 1299
1516 7 75 511 1239 1348 1449 1527 1862
127 6 167 1044 1534 1623 1847 1960
1629 1 576
17 2 168 1771
1676 3 95 1100 1144
291 4 348 411 700 792
1777 1 1496
1711 3 519 1788 1993
613 2 484 1103
453 1 1931
1651 5 781 919 1219 1371 1802
1880 7 247 822 1081 1419 1674 1697 1724
856 3 532 781 1460
507 10 160 511 534 792 839 1146 1223 1252 1761 1992
285 4 62 203 718 725
36 3 872 1100 1816
403 8 608 712 728 952 987 1028 1083 1527
612 7 251 525 743 773 1018 1258 1978
1538 2 1029 1267
1934 4 82 573 581 1025
9 4 206 703 1120 1887
56 9 238 388 567 680 925 1298 1562 1678 1862
1599 2 556 1944
519 2 909 1627
269 7 167 343 658 1030 1159 1299 1919
914 4 47 380 1065 1410
380 3 252 667 1737
1750 4 658 705 759 1693
1577 5 605 874 1258 1302 1657
9 5 1013 1152 1316 1362 1438
454 8 346 405 1202 1242 1306 1493 1667 1809
1941 3 598 1547 1958
1306 3 232 1097 1745
923 3 683 831 1191
1706 6 154 450 1265 1379 1766 1911
367 5 538 831 1104 1761 1888
1824 1 1430
751 7 848 1309 1403 1513 1633 1841 1882
535 5 608 1077 1080 1098 1892
805 3 82 985 991
884 2 1205 1455
662 6 389 522 1195 1466 1892 1995
1775 2 1001 1811
65 6 2 554 685 1151 1694 1899
601 2 139 1799
1998 5 251 453 597 900 1645
95 4 106 461 759 1306
1433 5 185 381 628 781 883
1474 2 1092 1992
1731 6 234 993 1044 1431 1628 1763
1377 4 350 444 521 589
1699 6 502 1303 1501 1582 1780 1850
567 9 207 591 617 661 837 932 1157 1348 1888
475 4 314 560 712 1016
1008 3 1116 1154 1496
1516 4 547 934 970 1485
1459 3 1412 1544 1695
58 2 98 280
1841 7 30 661 783 875 1004 1030 1534
1454 4 213 872 898 1836
373 6 1 510 568 681 1361 1562
1282 6 4 364 612 816 995 1480
1603 6 16 111 172 747 934 1185
1505 11 2 84 263 461 556 760 1201 1230 1351 1461 1655
797 5 54 193 529 1893 1916
301 3 216 358 503
1213 3 1234 1616 1895
294 5 259 272 325 1812 1813
93 8 23 172 590 666 712 748 888 1916
616 5 28 354 621 1161 1248
1022 4 87 190 219 470
1764 5 702 707 778 1113 1437
1403 4 197 848 975 1748
1272 6 205 316 919 1230 1841 1919
671 5 364 547 1263 1461 1834
398 6 36 664 831 1098 1283 1723
386 8 805 938 1290 1591 1627 1657 1873 1949
888 4 54 249 814 1823
376 7 60 343 419 674 922 977 1691
250 2 474 1573
1081 5 88 273 995 1538 1942
197 1 1151
1616 7 17 333 501 597 875 966 1430
1306 1 1336
1786 3 128 136 576
452 6 162 164 621 760 776 792
1796 6 776 837 1697 1780 1803 1889
1707 2 1421 1787
14 4 1332 1595 1749 1788
695 7 36 84 486 1141 1206 1215 1601
1275 4 1248 1403 1511 1744
1908 2 136 1713
1657 9 375 667 1265 1333 1353 1573 1625 1692 1966
1984 2 1453 1827
185 5 227 230 340 924 943
1207 5 581 699 1645 1808 1847
1346 5 444 778 1123 1560 1599
1441 3 314 325 1738
1124 4 216 1204 1267 1679
1937 5 418 460 510 991 1891
1073 5 287 951 1040 1206 1777
459 2 424 702
1092 3 484 596 1911
105 1 1613
80 5 19 510 743 1038 1522
1331 4 35 37 324 1233
186 4 203 474 1542 1882
756 10 75 207 216 358 533 581 970 1862 1885 1949
1507 6 88 321 354 881 1720 1760
1631 5 589 765 1175 1234 1845
1474 3 1242 1803 1823
297 11 50 176 178 268 403 431 606 700 837 1419 1933
240 6 259 342 343 763 798 1949
1693 5 208 822 1570 1785 1899
752 1 67
1759 5 24 129 171 1488 1797
777 1 1397
753 2 455 1317
1887 4 35 370 444 1586
719 7 176 503 890 991 1270 1432 1482
1803 2 152 238
1812 5 58 796 925 1441 1994
1621 9 340 358 583 637 1126 1282 1430 1633 1769
263 5 834 836 994 1251 1838
138 5 110 303 503 845 917
662 3 485 1645 1960
54 8 160 317 574 888 1649 1665 1679 1929
1451 7 581 867 1096 1121 1372 1562 1968
251 7 1100 1372 1445 1468 1694 1960 1997
1305 5 639 1141 1489 1494 1801
1864 5 656 932 1772 1852 1995
819 3 367 1320 1644
1639 4 203 874 894 1351
1743 3 380 492 1191
1743 5 49 591 816 842 1819
483 3 35 127 177
605 3 435 503 1160
272 4 512 543 979 1951
376 5 562 1299 1492 1838 1992
16 4 685 1479 1692 1898
711 11 183 368 389 1291 1333 1487 1581 1598 1612 1675 1939
683 4 681 1528 1603 1612
896 5 27 498 792 1817 1874
1049 6 489 1076 1160 1517 1723 1807
1933 4 47 328 1402 1429
1970 3 434 1600 1630
1348 4 460 1229 1636 1929
367 6 432 852 923 942 1585 1853
1507 9 58 160 633 649 813 948 1229 1332 1604
1832 3 155 410 619
1142 2 1754 1850
914 4 80 786 1199 1836
186 3 59 1700 1927
1698 4 1234 1616 1644 1746
831 3 379 524 1665
1404 4 290 1479 1600 1825
1086 5 298 461 704 938 984
1737 2 1427 1842
1314 4 158 533 621 1433
76 7 798 824 845 1020 1773 1782 1978
1031 4 57 1100 1136 1707
274 4 187 783 996 1803
133 2 82 1949
848 6 89 107 238 951 1028 1583
181 3 222 243 1168
310 4 423 721 1205 1772
1980 8 225 420 979 1049 1320 1409 1517 1804
1505 6 11 532 728 1077 1104 1290
1044 4 279 547 885 1157
1029 10 36 58 324 597 675 829 1173 1305 1534 1754
1492 5 474 1043 1145 1400 1942
1131 6 129 351 648 1013 1130 1266
590 5 487 959 1049 1079 1783
212 2 184 1245
1289 4 82 1137 1314 1750
1260 6 324 462 1378 1395 1721 1841
117 1 744
784 5 176 473 474 528 1695
501 6 173 573 585 1402 1951 1956
475 7 164 812 858 936 1065 1834 1929
1374 4 358 472 690 1144
1803 4 87 173 807 997
1633 4 391 994 1060 1063
1866 4 601 702 1448 1524
155 8 105 129 305 358 382 978 1694 1738
1933 4 31 220 570 1538
969 7 164 499 699 1266 1536 1544 1599
1260 3 1230 1345 1952
1565 12 106 107 154 296 302 343 737 741 896 1114 1157 1601
1033 2 644 1684
698 5 128 460 471 826 1028
32 4 252 742 1551 1739
1108 6 142 707 809 974 1263 1850
1535 7 434 633 932 1181 1435 1465 1618
1239 5 93 108 132 160 1047
299 6 15 111 916 1381 1487 1988
1565 5 342 400 966 1442 1624
263 9 213 328 750 764 890 1431 1753 1836 1955
1394 4 621 905 1553 1945
1750 10 198 252 258 840 943 1066 1127 1527 1778 1798
1575 6 173 313 858 1043 1557 1644
1222 8 425 450 594 913 1251 1460 1553 1817
1334 4 342 673 1583 1814
1737 3 1044 1201 1411
1765 7 159 325 378 461 729 751 1027
856 6 290 765 867 1085 1435 1886
1770 4 471 592 1068 1816
36 2 485 1957
1566 5 19 220 235 248 1334
11 2 123 1947
179 6 353 521 809 1361 1432 1675
995 7 271 377 380 744 1008 1528 1889
1603 4 203 328 1026 1717
1235 5 959 1618 1639 1691 1995
1063 5 669 1081 1126 1692 1927
1639 3 350 1660 1713
23 4 36 503 813 1480
1766 4 585 1797 1813 1875
851 6 586 1002 1144 1333 1641 1865
1558 4 541 958 1441 1882
1459 3 343 455 1813
98 4 389 729 930 1944
1780 6 202 229 310 1188 1334 1931
566 4 11 807 991 1433
715 4 333 746 1454 1957
1593 4 154 714 1681 1868
1498 4 412 972 1162 1283
1108 8 54 133 271 779 1185 1298 1545 1811
1556 3 391 438 444
794 3 48 100 1013
377 5 1010 1017 1146 1306 1639
1071 9 377 590 629 828 1002 1402 1558 1623 1848
616 5 435 553 777 890 1557
625 2 973 1301
924 5 80 317 644 729 1322
675 4 29 88 1160 1421
314 5 408 639 858 1100 1410
827 7 311 717 718 769 894 1097 1801
376 6 780 984 1266 1294 1425 1807
1476 2 185 1906
1054 2 42 227
1897 4 211 378 1080 1960
1833 6 93 204 313 886 1517 1745
101 8 84 310 333 842 990 1097 1314 1684
36 6 87 265 315 977 1179 1877
1950 2 302 741
785 2 104 874
263 3 622 631 1160
1812 2 1243 1791
1068 4 586 809 944 1974
1367 2 1266 1830
73 5 456 574 773 1681 1997
1160 2 9 1164
841 3 324 1173 1928
108 10 393 558 597 709 834 1066 1122 1355 1879 1991
126 3 241 522 1800
1738 4 311 885 974 1449
1647 8 798 1008 1181 1758 1881 1982 1985 1995
1824 5 166 735 1240 1453 1739
1376 3 364 1548 1875
1049 1 274
434 8 397 404 689 814 816 1104 1135 1252
1163 2 459 1006
432 4 679 778 852 1131
1510 5 59 202 267 1372 1886
517 6 32 844 1022 1511 1646 1835
138 6 296 1185 1585 1825 1927 1963
624 3 111 919 1181
1801 2 153 1130
1882 1 1746
1832 3 827 1463 1766
813 7 70 233 666 1036 1278 1896 1950
907 4 831 1157 1466 1968
1983 3 163 914 1573
416 2 343 1079
479 4 62 190 772 1790
427 3 628 947 1294
1940 2 179 434
1324 4 105 405 1837 1945
376 7 351 1044 1278 1344 1528 1913 1995
1431 3 966 1190 1346
782 5 279 952 1220 1772 1911
133 4 358 681 1035 1039
309 5 64 364 598 631 1693
1348 3 589 1737 1747
1918 4 31 101 1464 1654
1007 3 881 899 1989
491 3 205 493 1213
611 3 152 202 1696
1900 4 111 133 1824 1890
1346 6 206 317 459 1006 1654 1950
787 4 113 289 489 736
1720 4 115 898 1718 1976
11 3 1266 1613 1985
477 6 58 442 562 1299 1302 1905
542 1 490
133 4 805 1115 1252 1886
1241 4 216 831 1038 1477
1595 9 31 303 454 511 637 679 1288 1745 1808
1832 4 35 141 268 1448
1131 3 954 1179 1245
1281 6 105 449 1126 1144 1805 1911
1139 4 543 1274 1431 1517
1716 6 233 732 939 1276 1306 1370
403 2 54 1674
1510 4 440 742 1517 1960
1621 2 1339 1544
85 7 303 542 1080 1136 1293 1487 1870
1883 2 845 1381
699 4 167 331 677 1288
1978 5 531 688 692 1007 1374
1833 10 108 213 393 528 830 1035 1219 1302 1706 1778
1348 2 253 1622
660 4 115 303 1772 1831
1554 4 700 1072 1602 1770
1536 5 57 735 936 944 1558
323 4 11 129 925 942
416 2 486 1982
1515 4 354 968 974 1066
1137 5 988 1410 1718 1803 1812
827 3 1322 1786 1889
1565 3 166 787 1786
1947 5 410 1110 1191 1802 1893
391 4 708 809 840 1695
1260 4 32 356 1181 1328
805 5 498 874 1382 1842 1916
285 11 3 353 724 807 829 1060 1157 1429 1545 1583 1600
488 2 389 917
1262 3 679 1175 1850
533 7 324 697 827 1263 1293 1464 1812
1187 6 447 500 650 1020 1250 1715
1396 3 359 805 1522
1737 5 361 439 732 1697 1809
420 1 471
540 2 335 805
884 6 29 139 219 1603 1641 1929
1512 8 333 340 385 842 934 1539 1665 1726
272 6 588 604 1761 1838 1929 1971
576 5 391 763 904 944 1571
1346 6 87 1080 1513 1701 1783 1894
618 5 3 23 1323 1798 1841
1645 4 139 1268 1563 1804
1850 3 769 1622 1695
1786 7 464 601 605 658 663 839 1078
1322 5 63 108 449 1283 1488
1471 8 530 854 1040 1191 1240 1542 1665 1888
1247 3 100 867 875
1290 3 1558 1602 1695
1434 3 404 586 848
1764 4 1121 1215 1243 1381
665 4 335 447 533 1697
1331 4 337 747 1679 1955
902 4 276 372 409 1783
1771 8 105 273 402 677 703 972 1817 1971
658 2 434 621
1410 5 127 307 852 1570 1710
1520 3 178 474 917
1066 2 330 1370
1404 3 100 1353 1408
1706 5 160 521 876 1026 1706
1764 6 32 111 415 1837 1919 1928
833 3 361 592 723
1605 5 366 805 905 1229 1822
5 4 272 973 1065 1221
1793 6 149 1314 1681 1695 1713 1868
1300 6 38 534 716 990 1266 1879
998 7 103 251 498 902 1332 1362 1533
1066 4 542 702 965 1744
1466 3 305 617 1581
280 5 529 548 948 1270 1527
1706 3 193 335 1222
1506 4 96 289 424 1479
1222 8 163 324 408 648 886 1270 1299 1825
1603 3 208 1309 1646
997 5 139 455 740 1855 1873
820 4 867 1245 1288 1801
1125 1 1397
1765 4 63 251 1162 1544
1166 5 108 432 1411 1477 1864
1748 5 80 249 518 1284 1655
1917 1 1560
794 2 316 1952
304 4 202 307 1644 1998
1674 6 1028 1379 1493 1557 1650 1944
289 6 325 425 667 918 1266 1968
625 5 247 703 1191 1770 1928
1640 4 605 717 1477 1996
591 4 279 881 1435 1888
353 7 71 203 464 628 747 1117 1745
1805 3 766 1016 1299
913 3 95 663 1017
131 4 1036 1275 1848 1893
662 2 273 401
919 1 590
1565 3 190 226 1149
998 5 505 937 1199 1854 1947
773 7 419 586 809 996 1098 1681 1739
192 4 792 1283 1390 1770
221 3 588 932 1040
1388 4 9 684 756 1854
1168 5 113 361 1369 1445 1747
609 5 80 236 459 742 1958
1998 7 101 235 1201 1234 1302 1842 1865
1747 4 526 636 737 746
1439 5 100 279 1618 1772 1864
933 5 705 1307 1446 1585 1854
1699 6 1112 1395 1527 1721 1949 1985
434 6 60 470 1160 1185 1487 1870
273 5 185 249 1332 1582 1854
1494 7 547 1145 1161 1167 1379 1746 1786
1714 4 712 1353 1819 1985
482 4 194 780 925 1223
1753 4 688 990 1213 1668
1393 4 836 896 1001 1348
173 5 120 732 1206 1560 1573
297 5 141 262 704 1086 1559
1346 6 519 639 665 743 970 1216
1834 3 552 1046 1769
782 4 485 874 1868 1963
329 4 289 827 1361 1868
1443 5 686 1258 1320 1436 1631
1161 4 574 1144 1700 1795
1071 1 783
34 3 366 541 1984
1698 4 84 382 1121 1287
1306 5 87 136 756 936 1524
522 3 500 949 1790
670 4 187 298 1020 1465
4 4 815 1356 1369 1485
1173 3 30 939 1891
27 6 133 425 513 827 1317 1830
106 5 82 780 940 1486 1939
1097 5 700 717 925 1754 1906
901 3 1151 1533 1936
838 1 1007
1599 3 270 359 1346
1947 5 529 665 716 760 1486
1250 1 486
524 4 197 296 1299 1374
674 3 1409 1511 1715
1429 7 418 541 562 1454 1468 1738 1925
360 5 385 542 1157 1380 1519
356 4 112 1534 1819 1988
899 3 301 1004 1992
21 2 756 1376
1004 5 107 636 1093 1415 1677
741 2 242 1608
1506 4 493 601 1287 1769
1765 4 438 606 1210 1456
281 4 744 769 888 1455
1512 3 425 510 966
1249 9 161 379 440 482 658 660 1025 1357 1885
585 3 110 179 1896
908 6 485 942 1027 1625 1765 1773
795 6 86 301 415 878 1116 1625
264 6 155 482 519 1157 1477 1627
531 6 373 883 1115 1193 1954 1978
1713 2 4 1585
620 3 888 1524 1694
1892 3 219 1051 1558
1961 3 378 388 1941
1218 3 1006 1434 1544
1908 3 410 1463 1995
1822 3 448 675 1063
1125 3 712 842 1381
819 6 521 534 876 1409 1666 1786
780 4 30 321 1204 1707
1637 3 58 641 1948
1056 8 89 190 914 1223 1487 1547 1777 1799
888 7 132 505 716 747 1036 1613 1976
305 1 163
1263 7 57 229 397 721 1044 1559 1573
450 2 258 1622
1711 3 57 393 873
1504 5 579 985 1120 1391 1419
11 2 1524 1989
989 3 93 530 949
696 5 501 502 1123 1650 1817
486 3 1301 1706 1921
415 4 402 1277 1437 1825
769 2 194 831
1527 4 127 299 416 737
908 7 353 622 973 1116 1199 1681 1996
581 5 111 269 384 991 1204
1698 3 15 973 1763
1258 7 298 1083 1236 1316 1624 1817 1998
1646 3 4 877 1022
1008 2 353 1346
1843 5 4 588 898 1110 1850
1239 6 167 368 803 1015 1039 1545
1772 5 253 777 1013 1692 1809
540 6 93 847 932 1115 1655 1982
1228 6 162 439 690 1644 1766 1905
1558 6 472 650 796 1005 1233 1887
1754 4 77 84 122 846
904 5 173 316 1081 1182 1998
758 10 1 379 431 652 997 1168 1306 1558 1593 1899
1014 5 129 952 1013 1390 1831
22 4 265 1043 1686 1949
1216 5 343 404 1004 1181 1748
272 2 382 681
602 7 481 574 641 1230 1356 1627 1964
940 2 814 1215
787 3 531 1046 1051
1966 4 87 648 1252 1657
291 6 783 816 970 1551 1812 1905
809 4 402 828 1479 1971
1524 4 335 828 1901 1931
884 1 370
1001 4 207 924 1002 1123
880 3 493 1826 1993
1278 2 409 985
844 5 172 598 974 1026 1275
289 6 62 354 382 1028 1286 1978
1890 1 431
1864 4 679 1126 1256 1466
1850 7 307 560 755 1072 1219 1807 1821
343 5 1043 1195 1342 1390 1602
1476 4 22 171 714 1804
317 4 171 359 512 973
505 3 49 429 522
1537 4 252 270 490 980
405 2 617 916
1346 3 179 411 1065
223 4 316 677 1030 1144
1067 5 483 1077 1168 1199 1488
1010 3 48 1333 1438
1709 3 19 1262 1596
1336 6 161 699 732 740 1601 1678
1195 6 80 93 801 861 1010 1765
256 3 402 916 1681
1386 4 207 373 476 1976
1367 4 107 902 1362 1406
1995 5 273 459 1301 1305 1936
1644 3 373 747 1127
1085 3 11 899 1076
662 5 111 215 302 1206 1434
3 3 538 1728 1819
422 4 574 591 1008 1823
1855 3 127 1121 1798
576 5 149 161 325 1435 1582
491 7 404 442 585 748 785 1551 1945
1531 5 152 557 839 1126 1429
1933 2 550 1943
1922 6 106 335 959 1501 1675 1936
215 6 726 872 1072 1339 1573 1726
13 4 1454 1463 1608 1992
531 4 148 543 1353 1775
1109 2 1036 1881
1552 4 320 421 732 1812
1222 5 57 751 966 1123 1822
999 2 848 1098
1362 4 57 1370 1599 1948
1102 4 785 1008 1470 1941
586 3 378 1078 1141
1421 8 248 340 461 671 874 1527 1892 1942
1537 3 453 1096 1882
616 5 208 765 886 1538 1761
706 2 111 112
845 6 17 98 524 1466 1786 1881
902 3 244 617 1240
819 2 499 1252
262 3 665 697 1080
230 3 852 1210 1487
394 3 714 830 1145
1780 7 32 934 947 1113 1411 1586 1799
627 3 238 449 1431
202 8 128 177 252 454 721 1154 1695 1974
555 5 161 500 928 1432 1586
599 5 472 648 1624 1630 1633
1512 5 106 538 1735 1824 1831
813 3 324 586 1778
899 4 325 398 973 1027
1868 6 485 549 639 991 1112 1320
1455 3 50 854 885
1818 3 373 1079 1135
1546 2 461 919
310 4 227 693 954 972
338 5 346 735 1065 1436 1746
853 4 1096 1248 1817 1936
75 3 204 1029 1489
1531 5 238 354 359 813 1675
1549 2 351 1188
841 5 54 67 778 1230 1694
1100 4 30 518 877 1157
535 5 290 656 988 1117 1988
315 5 105 567 726 1123 1447
788 5 364 501 655 1533 1911
13 4 243 873 1733 1792
1113 3 232 686 1362
1432 1 1808
1639 4 609 682 955 1584
353 5 464 471 706 714 1262
877 3 388 649 1522
1335 4 663 974 1293 1591
1435 4 249 704 756 1804
664 2 1562 1865
1421 3 154 744 1391
1677 7 236 680 1449 1601 1696 1728 1825
373 7 460 605 830 1315 1449 1522 1811
84 5 71 666 814 1317 1636
1084 1 1022
1566 6 134 187 845 1466 1627 1785
1467 4 741 1004 1409 1930
1631 3 556 1066 1931
982 2 248 1665
1095 7 364 761 771 816 949 1403 1539
590 3 11 534 1204
1933 3 466 612 1448
833 7 38 84 434 1069 1205 1316 1660
1306 3 368 938 1686
594 7 325 533 944 1083 1647 1694 1695
1134 8 44 50 92 152 750 780 1303 1695
389 7 722 830 899 1007 1342 1937 1990
1972 3 511 679 1841
1786 4 568 1441 1769 1800
468 7 251 732 1193 1468 1583 1852 1993
115 5 68 236 543 1214 1266
611 7 777 787 1696 1782 1826 1936 1994
263 3 474 1213 1245
1961 7 349 519 648 658 736 777 831
1241 2 661 1707
1816 3 1522 1695 1752
545 1 454
565 4 852 913 923 1618
303 6 375 683 697 930 1546 1563
1772 5 226 490 548 1464 1558
173 3 785 1006 1669
169 5 251 316 429 747 1678
85 3 736 921 1079
381 6 42 401 518 816 974 1900
246 5 273 472 689 1025 1943
291 6 580 766 863 957 1026 1369
851 4 753 997 1527 1772
1220 1 382
1857 5 302 452 1063 1339 1544
154 7 59 166 438 705 716 736 1937
1849 8 392 660 690 847 1236 1315 1542 1995
1466 7 302 392 570 765 1442 1599 1733
138 4 206 462 568 1573
135 2 302 1419
675 6 76 97 723 761 1228 1344
1956 5 168 484 735 985 1808
864 4 163 1068 1774 1892
1563 7 888 1020 1259 1267 1478 1598 1984
1963 5 98 779 985 1149 1412
1031 3 22 259 511
968 5 115 429 501 1039 1831
1924 3 1283 1425 1465
1791 5 358 556 1441 1544 1634
1789 4 213 718 896 1006
203 4 184 453 1020 1976
1626 10 454 858 1011 1489 1622 1644 1707 1724 1738 1797
233 7 16 1113 1214 1395 1562 1598 1659
255 2 82 581
1864 8 49 280 409 456 1080 1112 1788 1930
1716 8 59 287 359 429 481 1300 1705 1826
457 4 267 777 1551 1863
1272 5 388 839 1216 1748 1758
1861 3 637 922 1627
1729 6 30 299 939 975 1395 1795
1383 2 31 777
358 5 64 317 347 1201 1848
1737 7 190 267 751 932 1017 1647 1813
1738 4 204 621 680 1992
953 7 358 438 785 1078 1146 1259 1715
145 3 380 381 1002
662 3 683 1403 1753
1742 3 476 659 714
1691 3 683 1120 1215
180 6 252 351 586 985 1456 1616
1711 4 350 1570 1858 1966
475 5 88 423 861 975 1460
1257 9 689 700 828 1022 1213 1582 1769 1770 1894
1908 4 845 878 1267 1660
367 3 464 1547 1801
1383 2 722 1391
717 5 557 1068 1489 1551 1618
1818 5 184 553 734 1333 1761
409 5 385 1068 1152 1412 1583
1527 3 699 942 1584
256 7 265 418 722 792 1345 1936 1955
317 3 672 818 1717
1618 3 101 1107 1149
73 4 836 1430 1510 1527
31 3 667 726 970
1895 4 229 238 1402 1627
1247 1 1988
1354 7 36 93 583 665 819 1282 1886
23 5 89 178 660 848 1493
1084 5 190 249 361 438 1683
1675 2 1185 1301
1180 4 331 1201 1602 1977
1610 4 220 359 1631 1927
271 4 381 1141 1562 1890
1013 1 591
864 3 15 183 1834
374 3 232 1139 1549
452 4 247 415 1162 1880
468 7 113 398 663 809 818 1557 1949
720 3 107 1229 1701
813 2 1547 1659
1440 5 328 470 473 1081 1662
578 6 351 899 1070 1464 1542 1855
884 4 115 767 1628 1807
641 4 574 692 965 1826
5 4 476 684 1259 1307
347 8 533 1461 1494 1645 1739 1842 1933 1960
1095 3 216 471 939
960 5 27 372 581 1542 1937
535 6 921 1038 1074 1303 1342 1978
412 5 171 259 375 973 1715
1099 3 612 847 1689
1994 3 307 1157 1679
1038 7 134 385 393 399 510 1270 1758
1293 6 459 605 641 1076 1243 1431
524 3 242 1850 1886
1157 7 127 334 512 854 1446 1966 1976
1877 4 456 461 824 1862
1959 1 1603
1833 2 599 1553
1439 5 107 442 449 824 845
1252 8 115 265 453 631 704 1245 1750 1949
608 6 728 904 1107 1145 1504 1901
1851 4 27 172 742 1994
1056 5 4 115 236 975 1602
1595 5 247 990 1181 1510 1538
16 1 429
1552 5 410 454 599 1161 1421
325 3 669 1036 1754
1005 1 1576
147 3 590 1067 1770
97 3 939 1152 1233
664 3 236 1334 1746
1908 5 655 1146 1546 1854 1885
493 5 404 490 771 1015 1478
1131 3 518 1332 1489
233 3 861 1446 1887
80 3 139 142 1185
776 3 519 1182 1892
91 7 78 330 723 778 888 997 1051
1581 4 486 830 1692 1962
1125 3 119 1334 1830
535 6 104 342 631 1251 1693 1724
31 7 315 321 570 660 667 1721 1800
1794 4 368 1173 1489 1835
1031 3 361 510 1978
44 8 162 827 1002 1044 1159 1667 1766 1997
1674 5 1805 1871 1961 1968 1976
409 4 111 391 489 767
554 5 22 558 1822 1875 1879
1897 3 159 447 1395
1887 3 37 395 548
185 7 766 786 955 988 1574 1630 1861
1442 7 238 291 772 1328 1334 1539 1998
1199 2 1487 1813
310 5 77 184 556 738 1771
277 2 570 1428
394 3 289 1695 1838
1834 6 147 211 315 1049 1604 1971
1513 3 502 1115 1882
1449 3 303 403 1173
885 3 253 400 1612
1760 5 470 707 922 1792 1822
798 7 440 470 639 779 885 1283 1737
1552 3 350 1081 1302
1698 3 1007 1752 1825
398 5 313 1004 1284 1547 1606
1937 5 913 1078 1598 1807 1887
982 8 64 485 644 681 1309 1332 1433 1496
126 2 1314 1832
924 5 122 259 542 675 1130
1820 5 244 636 1450 1482 1536
83 4 709 1006 1167 1470
1754 9 418 973 1080 1353 1453 1608 1645 1787 1933
1182 6 252 726 1233 1288 1749 1842
1022 3 356 452 1951
796 8 100 518 628 664 1501 1747 1813 1911
890 6 291 372 404 942 1581 1707
1124 5 600 644 1202 1305 1312
800 6 314 464 933 1800 1814 1830
420 3 585 932 1836
1086 6 704 1133 1252 1402 1602 1929
602 7 368 534 584 922 1665 1692 1998
1915 5 295 660 819 1980 1994
472 4 172 456 1274 1604
2000 5 82 395 682 698 1835
1216 4 179 236 854 1749
1282 4 68 459 809 1107
1786 6 53 80 128 358 556 772
589 2 1899 1982
1184 4 636 930 1758 1782
301 7 0 2 779 848 1613 1785 1890
336 7 155 728 759 886 1215 1453 1963
13 4 917 1162 1258 1693
431 3 229 265 970
750 4 49 173 529 1493
1163 4 560 1679 1692 1882
385 2 22 877
532 5 50 791 923 1016 1038
592 3 936 1268 1888
221 3 1487 1548 1707
825 5 226 1243 1376 1456 1513
1931 6 120 208 812 914 1167 1928
418 4 425 489 708 827
731 6 227 330 608 1316 1442 1977
1387 5 141 1228 1361 1362 1372
1733 1 1006
133 8 66 75 412 628 842 1216 1351 1889
1186 6 348 1022 1190 1772 1942 1943
1442 5 110 431 680 1044 1963
346 4 419 1005 1185 1431
14 5 466 819 1160 1188 1686
323 5 487 489 735 791 1035
519 4 456 888 973 1705
1587 2 485 1494
1905 3 53 482 1969
53 8 17 649 763 845 984 1151 1213 1800
367 6 366 574 699 1850 1917 1995
291 1 1539
889 5 171 172 307 1766 1944
1407 3 531 736 1068
1802 5 881 1043 1278 1370 1675
1440 2 1229 1581
1447 2 340 586
31 4 129 423 984 1573
1013 3 604 1005 1404
1222 1 805
1547 6 11 484 844 937 1154 1875
1438 3 106 753 1885
1058 3 263 459 1221
1252 5 1080 1083 1230 1473 1855
1896 4 113 1339 1649 1880
1524 5 179 1005 1372 1837 1850
1022 5 64 247 349 1089 1701
169 3 1317 1778 1842
854 7 86 815 837 1470 1489 1631 1667
1110 6 486 503 772 918 1378 1659
701 3 49 1623 1675
317 7 505 658 1256 1278 1369 1717 1873
1567 4 139 204 658 1239
223 3 573 682 1952
1818 3 289 584 596
888 2 1411 1862
1793 7 215 521 712 778 1036 1309 1879
889 7 1 636 654 772 878 1482 1678
1031 8 532 550 598 1027 1259 1750 1838 1958
185 5 392 1001 1057 1613 1845
1439 7 31 447 1038 1201 1404 1486 1700
1482 3 17 372 1887
1996 2 1460 1686
366 6 510 1278 1538 1595 1599 1714
506 3 283 735 1441
442 3 562 594 1624
1832 3 247 1154 1345
1772 1 1046
1970 7 58 634 766 894 1026 1065 1802
1241 5 510 977 1161 1710 1919
1422 6 38 100 829 885 1747 1980
1466 7 58 222 302 588 751 1493 1978
1161 3 1103 1683 1945
1451 3 104 847 1096
1795 7 119 233 1145 1278 1334 1442 1581
1999 2 225 952
1369 3 1449 1863 1981
305 6 75 101 373 663 671 1159
1794 5 247 466 502 553 722
1845 6 86 324 435 763 1270 1893
318 1 637
1219 5 284 1063 1438 1570 1835
750 3 674 792 1406
1300 5 732 878 1012 1182 1449
1633 1 1631
1360 4 280 685 1717 1811
1770 4 17 486 737 1362
323 3 211 798 1565
1289 4 351 916 1282 1616
1201 4 147 1068 1557 1941
950 4 272 743 1018 1951
262 6 380 398 612 637 1018 1524
396 4 677 724 798 925
1727 3 359 933 1862
1631 5 716 744 1301 1697 1707
1130 4 16 471 1482 1539
1162 3 149 1390 1639
782 4 594 1104 1407 1721
1288 2 464 1081
119 4 744 985 1679 1788
200 3 208 721 1356
225 5 260 473 580 942 1076
696 1 1695
788 3 1079 1199 1406
132 1 1262
1855 4 195 476 1093 1836
1031 6 412 896 1022 1039 1120 1977
1160 3 280 1494 1511
755 7 66 126 780 1612 1862 1886 1888
393 5 184 1060 1089 1123 1845
1135 2 305 1898
1103 5 89 215 629 1229 1503
547 5 512 1316 1580 1692 1905
1419 1 510
750 1 1079
405 4 424 648 833 1294
1215 8 84 353 404 824 877 1636 1890 1996
588 2 148 289
1833 2 401 1284
1506 3 274 1332 1576
1028 5 142 265 1879 1947 1978
1243 5 166 279 854 899 1404
145 4 142 317 1493 1891
750 404 735 1797 486 1853 267 1892 279 1194 1283 271 1812 1028 1585 1298 1786 1370 928 858 1570 1553 674 1804 1593 1290 148 276 1868 677 1720 661 185 206 215 1580 1415 991 1391 267 829 833 1284 1752 141 1559 1842 661 714 1319 295 1600 1003 1831 1771 690 1718 1190 717 1585 485 786 1060 836 1373 87 1020 95 88 1885 393 667 1715 1342 122 1852 1750 846 1421 1554 922 1834 737 562 1093 597 1985 1891 1527 1548 179 1438 753 97 1511 1872 307 44 1236 1917 1321 1029 1214 461 763 1426 101 913 1932 557 923 753 659 1763 917 738 753 1996 1446 185 219 1709 1361 1284 896 1274 974 429 1094 373 510 351 1862 58 1043 700 1919 1216 1346 392 669 659 900 1941 50 296 1205 1591 1260 1437 1339 608 1306 984 466 1522 1949 1077 1780 658 808 198 726 38 936 1693 1419 1430 1777 534 106 133 1921 1473 975 132 177 905 244 455 194 1027 1901 1601 385 1411 1761 639 828 672 994 1032 198 502 619 669 1015 1838 1456 604 1832 1603 1397 119 513 374 1571 1122 1312 1976 1455 1761 1766 1144 766 402 88 518 204 1863 1802 952 1036 1985 1947 321 706 532 68 617 1466 298 1447 1287 48 1890 105 1749 1248 729 1276 411 1098 552 1199 1544 1134 1011 1017 1644 937 192 384 1583 1623 100 388 746 31 529 31 987 30 1173 1957 815 592 938 28 314 421 476 1701 1936 1951 949 778 1074 1213 449 741 415 1547 942 591 1130 379 213 965 291 1334 67 160 1677 759 171 324 973 822 28 1822 1885 1362 161 337 315 735 574 1097 163 772 1735 1817 809 761 1624 4 1814 461 29 1770 1172 1845 1428 68 738 1847 445 1320 1542 1681 1251 1288 1625 1370 1968 24 435 743 23 1871 197 1374 1133 1293 1760 1267 1968 1114 273 675 321 923 813 1701 489 548 738 1689 1983 1107 166 104 1141 405 780 1028 1735 1807 343 1022 1544 1769 1126 481 858 581 1282 1760 283 1250 1848 938 1595 333 1955 1408 364 1085 1950 688 289 1826 122 1097 233 724 1461 498 9 462 400 298 119 274 15 1546 1453 77 1100 1814 235 1919 550 1301 28 1733 881 1172 1969 1786 1948 96 1117 1852 106 1931 1641 1991 1906 272 1277 729 368 1657 1441 176 316 1278 115 77 680 128 71 252 831 1788 1893 77 301 242 493 723 438 1872 253 1309 159 1542 1660 1446 737 1705 974 1179 1558 1008 1939 1159 1480 1824 1887 1517 827 1164 1844 1018 1076 1160 584 1307 1086 1969 1598 251 985 474 1985 247 813 1737 403 970 1006 666 1966 899 70 1067 1696 375 580 1442 848 844 374 542 801 1893 894 1238 1261 1947 1448 661 1994 453 22 1332 1724 236 455 1470 1442 1328 202 896 4 164 751 370 35 1656 1080 1190 62 59 743 692 473 1323 367 1878 1168 641 1517 75 709 1402 766 1835 296 898 440 1817 1206 1190 1549 656 471 1185 107 454 1233 1406 808 354 1123 1919 1100 1035 1865 1 755 1753 1320 493 1157 1320 222 1004 258 1068 1890 1258 382 1283 1098 1074 1270 1137 93 1317 1267 1875 106 1894 654 876 659 1874 1480 1842 1122 904 528 434 238 1412 1861 425 1580 1167 108 1683 586 1538 499 1666 1726 17 1782 313 1917 123 1028 287 735 1659 1551 1303 1479 459 16 671 948 113 193 771 1353 84 606 219 1582 740 174 1275 302 1291 570 1540 660 557 303 1961 861 1465 268 1239 225 629 1002 1007 204 1898 449 1982 1466 452 814 596 1266 748 1739 139 374 1847 875 153 1855 1007 885 845 842 679 1094 1627 1136 1674 1245 434 1816 1069 424 2 366 269 556 1501 1872 1823 1199 1849 421 1612 215 1936 1432 605 1798 128 732 1944 542 957 1960 49 1565 52 410 1205 455 234 1913 1245 1137 460 4 274 1060 1265 1018 854 673 576 431 1677 167 205 814 147 641 400 273 86 1079 791 136 921 0 1713 629 1425 1683 378 1831 64 1025 1072 828 1955 1454 543 1353 424 1539 609 831 470 970 1733 1721 296 601 1783 543 1974 744 890 881 1322 1858 997 1746 1083 738 154 1683 1012 1901 453 1574 1542 259 442 310 1871 1978 487 1288 867 707 64 408 1487 1855 1634 1431 1044 874 975 1259 3 1871 184 313 4 970 1425 1886 590 501 744 1421 751 377 1136 801 1887 1314 766 32 1404 919 721 911 543 1785 1723 712 580 145 1185 736 557 568 548 1486 1707 299 652 1441 59 628 1371 553 1029 42 1328 836 176 1604 1863 1998 844 990 788 1984 172 886 22 867 698 185 544 1645 1879 765 1306 1880 380 660 649 1717 1477 1581 1160 1713 1795 36 579 319 485 512 796 584 525 162 1378 863 263 996 987 1427 933 1600 840 1647 1875 1161 168 585 1267 672 174 1265 1317 444 412 831 977 1173 1812 1929 349 263 1808 639 1807 104 655 1351 538 1804 358 226 966 769 1157 1892 1379 1485 726 1636 1355 544 1522 1837 1720 361 1706 1242 1997 1152 159 633 1778 534 1929 1230 550 1428 1079 164 178 1669 103 1139 1213 1565 1006 305 521 1309 723 19 1005 23 1710 702 574 787 925 718 492 533 1382 307 693 579 1766 1717 1121 1665 409 381 1548 1175 1616 1510 809 442 1433 588 973 781 1329 861 1790 1838 938 57 1850 524 697 1445 1260 4 984 530 1881 1524 728 298 1618 729 1758 1870 440 111 1046 1553 1193 1390 741 1293 873 1202 415 899 1827 957 215 1464 1853 1503 432 1479 958 519 1958 44 1305 1761 1159 599 48 399 1027 1113 818 1336 686 1073 113 1482 970 1522 1202 1721 1534 149 1460 955 1947 1947 19 1181 1120 379 505 334 803 1346 725 872 502 342 1233 899 340 1057 84 1993 1228 1919 1356 1610 162 1797 1470 1011 606 919 1710 1830 658 1754 401 979 914 1803 325 591 276 1342 1692 1256 1243 476 1981 1879 734 503 837 233 28 126 685 1599 313 1852 1078 717 346 1488 1954 47 1126 1838 918 1047 1519 902 997 216 1777 807 594 31 98 826 1630 62 1 0 1930 1089 1195 923 1262 1875 890 1905 1353 242 988 335 1963 1792 187 878 173 816 249 1435 1494 1980 1943 92 1686 1348 399 1706 1223 1899 1010 1639 1188 833 683 934 872 915 1773 1080 1527 1633 67 767 1331 1236 1159 1989 1451 1674 1738 829 27 1433 1709 193 650 503 1809 1534 1114 1686 1939 660 803 1528 942 16 777 89 1107 1684 298 1983 1407 978 1847 1403 490 1162 1691 248 128 1320 1836 270 592 899 1339 1533 877 373 1038 723 492 1932 215 280 824 669 1065 503 337 1995 1004 808 1608 53 747 1842 311 1557 621 1361 1236 1268 589 1110 596 796 1066 911 973 1425 1528 134 1092 1825 1928 1493 317 1504 596 1455 148 364 873 80 366 372 403 1655 583 93 900 269 1622 211 1574 1240 1817 637 112 544 1222 1844 1900 693 1824 194 1504 522 1821 1668 808 612 875 1286 1631 1427 139 1127 1010 622 885 1013 1772 1606 550 1234 1317 1116 456 722 1773 1139 1990 230 951 423 1563 682 682 248 723 1761 1832 142 262 462 622 1294 1436 265 735 364 557 1100 905 356 834 108 1937 418 819 972 1239 756 123 913 1667 876 1040 158 728 1154 1219 1223 1748 1093 337 661 1942 840 1745 1734 1685 1834 1933 1573 1395 979 1704 1044 1115 129 183 1681 1750 1545 1777 1962 1303 420 1344 1047 1293 1551 1356 253 22 684 129 1221 1408 54 510 66 382 1892 548 707 198 82 1477 1560 1096 1630 909 208 1069 260 1112 1288 1679 419 142 485 397 1591 1675 1376 1371 11 439 44 1302 1533 1848 76 663 1536 1744 1896 771 1925 686 1802 1854 1210 1496 764 1977 984 1985 644 484 331 1333 1560 890 1862 1739 814 1204 63 1896 742 283 648 971 1787 724 1051 1596 1201 1958 1067 785 554 1985 171 568 177 1404 482 1220 1007 1049 1805 464 1993 830 1674 395 229 1162 1492 1478 597 1230 1819 1188 461 783 916 1595 1808 1689 763 1877 724 244 1434 798 1873 1145 772 438 316 487 1888 1215 840 1493 1696 1718 1450 1977 50 1188 738 1639 1419 152 1323 703 1656 993 649 253 1952 438 1956 738 852 1726 227 1522 398 980 805 432 489 1410 1182 1586 1978 1233 1214 917 23 1321 416 637 37 474 813 195 1429 511 705 120 596 1835 975 148 1204 1583 1596 923 541 943 421 1774 1879 688 1886 1628 213 340 567 1562 330 994 243 997 1463 1309 1604 1811 1705 1871 289 954 1864 1449 1315 1522 1776 883 1646 172 699 1372 1252 303 1250 207 1455 48 1747 1878 949 549 598 1093 17 779 1707 888 1094 1841 1911 1613 1406 1737 1988 526 380 328 1580 683 1823 872 975 1026 940 1728 35 1901 1216 1234 1573 141 1489 1089 1673 1492 1714 1131 959 1252 1814 671 136 1300 1660 1591 78 1772 705 447 532 500 1695 88 970 489 1766 402 1513 1654 773 518 644 232 348 597 1964 1063 88 1381 1299 184 0 409 450 1433 1710 38 439 1425 816 1813 1290 1477 590 1700 1602 389 320 979 590 1576 568 847 1478 704 1449 100 655 483 203 801 347 1649 759 1011 1694 92 1078 1524 1086 1001 1644 1945 547 241 1465 236 1799 408 1195 1697 1952 1895 1791 759 1144 801 434 1927 416 1149 1468 511 659 1036 1070 192 1606 1425 1981 1800 1328 133 1881 1345 1127 1585 377 1662 1769 905 846 1765 1678 936 1484 314 60 1536 760 1710 1911 573 290 350 296 453 359 110 681 323 1948 1835 661 1369 86 472 1901 1548 391 1916 448 995 190 1430 353 803 106 771 324 1905 1584 1433 1774 1333 194 1400 1945 1016 562 664 1674 242 1657 899 1830 636 665 1879 708 1438 741 1718 421 746 1971 1104 716 269 1968 631 839 76 634 531 284 1096 822 1812 939 600 1445 334 1887 1003 671 1639 445 984 780 213 1357 631 248 1775 1229 1992 717 547 1628 1889 1012 1681 1792 1103 1243 1191 672 725 342 1404 1669 812 761 1194 89 674 1576 932 797 1081 1380 661 734 1650 249 1240 533 378 948 1792 776 1258 689 1039 968 44 1291 707 1146 84 155 552 1040 732 303 1068 498 558 1715 562 1316 944 1486 1819 839 877 1460 1501 270 1151 947 23 560 419 1096 924 1889 725 1382 930 155 127 1361 724 486 1400 597 1409 922 761 756 1593 99 5 1030 542 3 792 1145 1135 1960 82 1496 220 1434 1992 1234 291 1263 1451 1369 1275 1157 1945 1801 1882 95 1417
