1916 2000
502 2 525 1470
705 2 409 1553
380 8 246 273 583 870 969 1163 1773 1993
1196 1 722
710 6 454 1030 1505 1769 1882 1905
1344 4 725 1015 1171 1703
1 3 986 1391 1808
1524 7 1108 1176 1202 1207 1303 1743 1849
105 8 212 636 653 779 1021 1201 1417 1876
1162 2 105 361
123 4 267 875 1587 1874
45 3 215 472 983
106 3 24 146 1319
1123 4 684 810 1558 1857
1669 1 899
1244 6 259 265 675 1016 1406 1426
668 2 357 1706
568 4 79 1250 1424 1658
800 3 417 1054 1104
246 5 20 859 972 1451 1855
866 5 67 291 615 714 1793
664 4 608 1196 1210 1513
993 2 51 1557
351 4 232 960 1065 1263
1260 2 580 1620
649 7 11 108 697 1413 1730 1837 1840
1670 4 300 1098 1385 1996
1019 3 130 138 500
296 3 13 1108 1947
1717 1 1708
1817 10 452 561 618 919 1105 1182 1406 1727 1850 1926
430 4 508 583 1067 1729
55 6 777 1275 1521 1652 1884 1978
1158 2 190 912
1641 7 341 901 936 1124 1383 1550 1815
268 3 317 375 586
1776 5 32 170 577 1331 1843
1866 2 1101 1743
1608 3 184 1128 1646
513 8 412 661 711 1235 1275 1482 1856 1904
184 2 966 1559
1227 2 605 912
315 6 556 837 1444 1535 1570 1971
147 1 1021
1490 3 59 441 1026
1111 3 449 868 1137
1385 5 650 833 950 1091 1784
162 8 178 197 716 912 938 1158 1292 1994
1837 3 119 279 1109
764 4 562 792 1031 1637
537 3 706 1147 1405
1600 6 278 641 830 1511 1666 1741
623 1 1273
1469 2 981 1572
306 4 331 1026 1336 1533
1175 3 1347 1483 1917
1552 3 282 300 1933
1034 6 70 221 427 664 726 1436
1622 4 45 268 845 1529
1812 1 1099
1091 2 284 1861
536 3 496 1128 1351
1635 2 120 1199
262 7 354 450 786 1128 1290 1851 1969
70 4 449 1233 1401 1658
944 6 246 1089 1103 1325 1371 1534
490 2 600 658
1047 5 424 647 890 1297 1361
642 4 777 1459 1893 1971
291 3 315 1311 1435
112 3 1050 1054 1975
1570 5 455 599 897 994 1121
1433 5 148 321 973 1862 1892
704 3 577 709 1476
936 5 39 1704 1719 1881 1943
747 4 63 208 860 1134
460 4 617 978 1372 1632
381 5 487 520 547 1370 1474
1285 6 88 155 428 772 829 844
5 3 531 1665 1668
1459 2 880 1671
604 2 1369 1464
1839 4 224 459 589 1636
369 3 550 1522 1777
987 3 403 1124 1330
465 6 47 84 958 1391 1551 1868
339 3 745 1037 1357
1717 5 403 1051 1448 1464 1831
437 6 463 571 754 1118 1681 1993
380 7 186 312 634 1193 1280 1317 1848
571 5 292 1058 1300 1815 1841
415 3 109 1479 1524
1139 2 690 980
1728 1 631
344 3 441 1279 1326
1697 3 345 546 948
1829 6 224 361 1306 1393 1591 1951
218 6 170 965 1235 1659 1755 1932
463 4 497 955 969 1004
748 3 740 1634 1925
1338 1 1976
260 4 213 928 1075 1188
1675 2 216 1139
1548 3 812 1620 1740
450 6 341 483 1039 1149 1553 1845
656 5 136 683 881 1157 1594
1361 7 50 252 369 749 794 952 1101
529 8 704 882 1266 1342 1528 1565 1804 1834
1160 4 484 984 1253 1990
1388 3 289 1401 1745
1182 5 16 93 709 783 1245
970 6 96 311 474 996 1003 1550
637 3 314 456 1342
612 9 129 131 179 305 363 532 885 1430 1526
1394 8 530 719 858 994 1128 1245 1412 1487
1713 4 752 798 903 1930
299 3 122 314 1971
1060 8 188 324 953 960 1620 1643 1666 1774
822 6 600 664 692 961 1507 1882
1850 2 977 1968
1456 5 478 697 1049 1173 1405
1516 3 592 597 870
1111 4 46 1514 1779 1806
1836 1 257
1874 4 140 191 264 655
1773 2 688 1136
199 5 2 178 399 970 990
660 6 159 181 264 644 1629 1827
365 2 1410 1527
1345 4 630 1171 1467 1793
1640 3 1016 1042 1888
1766 3 262 321 830
1341 5 159 225 1362 1908 1951
651 4 172 330 1353 1441
1841 4 43 176 854 893
391 4 40 225 476 1288
1853 3 746 1310 1341
1058 4 1191 1329 1507 1550
1187 2 49 777
1253 6 1 129 164 254 633 1548
1058 4 170 204 607 848
1560 6 59 545 1206 1221 1402 1516
1299 6 265 865 945 1027 1356 1613
1007 4 512 1330 1871 1960
1002 6 169 233 974 1229 1874 1899
380 2 1103 1686
490 3 121 862 1545
1787 7 68 477 683 722 799 1331 1787
1033 1 772
100 4 2 89 529 1665
650 7 47 537 721 1074 1076 1579 1942
19 4 395 710 718 1030
491 6 293 1032 1194 1378 1498 1929
1091 4 906 1016 1330 1832
1148 6 883 925 1357 1736 1906 1951
446 5 698 775 1201 1210 1273
1810 4 72 1409 1630 1650
1605 5 964 1069 1675 1692 1968
160 3 525 652 1623
733 5 71 774 864 1539 1586
1660 5 505 547 571 711 1798
1478 4 12 65 262 1441
1111 4 664 806 1753 1866
592 3 1245 1267 1841
1553 2 1435 1449
366 6 4 518 549 849 1052 1141
1451 2 482 1431
1565 5 310 1032 1103 1105 1446
155 3 1357 1430 1855
1674 5 605 664 927 1513 1617
1235 6 620 622 888 1298 1468 1876
1127 6 85 187 302 1200 1608 1985
1030 4 202 819 1068 1764
785 7 781 900 1132 1302 1723 1897 1932
1827 4 531 542 1232 1328
1401 6 847 856 1046 1188 1289 1897
1047 2 709 1296
1295 2 506 944
1310 5 884 898 942 1018 1908
668 2 422 1082
1111 2 798 1978
1531 4 501 1026 1246 1957
707 7 79 144 851 1020 1157 1708 1977
528 3 703 705 1504
1691 4 442 528 690 1968
351 2 1301 1909
1358 3 1279 1482 1993
907 5 429 865 1066 1422 1624
1239 2 1316 1724
1780 6 509 605 732 1073 1534 1745
1894 2 1576 1970
9 2 118 1361
152 5 60 206 701 1243 1344
106 5 115 242 1045 1083 1135
267 6 317 333 549 765 1174 1525
1879 3 559 799 1821
1490 4 90 1021 1297 1922
979 4 505 1444 1516 1621
1850 7 36 1092 1487 1602 1691 1771 1990
1640 3 494 645 1491
979 4 943 1458 1612 1737
1828 8 204 388 740 1054 1354 1579 1828 1848
160 3 33 56 1393
1098 7 74 898 1029 1487 1783 1844 1968
897 5 598 1010 1419 1478 1579
324 5 334 1327 1396 1484 1818
1826 2 1688 1955
40 3 172 481 1468
738 4 836 953 1471 1738
466 5 228 868 1501 1761 1787
794 4 88 267 297 970
1216 7 246 376 394 475 1304 1841 1903
1876 7 399 862 870 1033 1511 1801 1849
119 8 44 281 422 513 651 1100 1479 1646
974 4 309 1074 1803 1981
1144 3 251 261 502
1353 1 597
1429 3 97 356 1412
876 4 0 1 711 1025
239 5 163 572 822 991 1700
979 6 343 626 682 895 1234 1994
14 2 161 1983
1498 3 3 975 1790
401 2 160 1571
184 2 1203 1481
542 1 1413
45 4 240 686 1417 1540
1874 4 515 1434 1465 1834
1543 4 295 357 1573 1829
571 3 1312 1455 1726
1272 2 686 1663
1507 7 51 378 387 1521 1771 1818 1831
1858 3 792 1044 1519
80 4 107 1954 1955 1961
1369 1 888
166 4 531 1285 1653 1679
1173 3 579 1235 1603
147 5 256 1469 1551 1628 1760
536 5 390 1667 1711 1862 1932
1838 2 647 1770
1515 4 84 383 835 1503
362 6 241 665 1334 1416 1682 1714
730 6 392 488 565 1527 1687 1714
1694 6 112 424 606 1072 1751 1754
1129 7 543 623 1268 1337 1460 1654 1966
215 1 1421
738 4 149 478 560 911
1515 3 127 275 821
440 5 35 763 803 1146 1474
1017 3 117 828 1159
847 5 430 857 1030 1315 1427
918 4 704 1191 1262 1585
190 2 180 806
305 3 257 825 1202
915 3 119 717 1205
1415 1 621
1744 5 24 308 627 630 1237
1718 5 253 279 1047 1254 1597
740 1 1967
1866 6 54 452 1297 1502 1596 1771
514 5 382 1056 1443 1690 1918
19 6 16 168 831 1722 1893 1928
1808 10 65 429 550 672 873 961 1223 1501 1508 1704
299 5 342 642 937 1460 1955
306 2 316 1292
1251 5 116 444 974 1060 1607
1427 4 369 801 1141 1463
662 4 212 808 1315 1925
83 5 532 876 1180 1640 1808
1020 5 797 907 965 1389 1521
624 6 906 1197 1251 1618 1783 1811
404 4 89 555 695 1890
338 4 778 1369 1560 1800
217 3 1125 1784 1926
1694 2 921 1640
3 4 721 811 916 1893
1814 3 395 606 895
711 5 467 712 1396 1556 1606
970 1 1927
1454 2 97 740
381 4 1044 1397 1554 1669
1091 3 287 334 1573
58 5 19 22 120 516 1336
1365 4 168 174 1349 1858
544 4 8 531 572 1711
1490 4 471 1678 1721 1935
193 6 94 225 294 698 798 1697
894 2 288 1852
454 4 101 847 1396 1925
328 6 175 229 643 1248 1561 1704
1691 4 565 589 664 1204
106 2 1464 1671
1838 5 231 878 1703 1802 1814
488 3 801 839 1373
1805 3 720 1363 1528
1063 4 72 686 949 1317
158 4 974 1469 1481 1890
218 1 903
1513 8 319 464 518 1037 1212 1364 1573 1619
51 4 59 1098 1347 1615
146 2 160 840
1507 7 238 774 914 999 1008 1230 1371
437 2 162 1198
1882 5 254 1240 1294 1440 1832
884 3 130 720 1727
822 6 19 134 362 1426 1821 1846
1412 5 227 345 644 1143 1872
1557 4 378 383 680 771
815 3 1 689 1287
1303 4 292 776 1792 1878
576 3 38 1114 1130
1407 3 249 320 690
1165 4 69 575 771 800
1494 4 172 652 1227 1997
1625 5 8 754 1193 1552 1791
690 2 769 1503
1389 5 283 749 815 1154 1359
1180 1 235
1660 4 390 682 859 1699
1079 5 85 643 779 1570 1749
403 5 324 977 1159 1457 1530
1211 3 532 1741 1752
1600 3 1384 1874 1924
1904 6 135 188 435 639 982 1346
751 4 371 476 808 935
568 1 1404
267 5 66 537 1650 1680 1841
1634 4 273 398 1340 1996
1104 4 514 533 1011 1705
1178 4 447 497 1078 1196
598 4 9 109 1148 1785
871 6 189 630 1229 1530 1554 1814
406 3 419 1284 1511
734 2 1034 1054
1062 5 237 980 1098 1364 1913
392 5 261 889 1470 1472 1736
1025 5 276 463 515 1076 1875
903 4 655 866 1130 1680
630 2 31 1713
843 2 256 1560
680 5 521 1407 1469 1641 1930
1700 5 168 581 1149 1635 1815
850 4 166 636 1563 1790
391 1 884
311 4 124 237 341 1406
1847 4 124 157 188 747
207 3 426 1405 1468
767 1 1135
1597 4 679 1063 1271 1548
1301 4 517 548 1136 1330
1693 5 641 985 1014 1188 1321
338 1 708
1083 4 316 454 581 1437
412 2 1591 1947
1235 2 1342 1907
1663 4 496 771 1646 1664
1007 4 207 920 1412 1519
421 2 327 1030
1477 5 211 306 492 853 1007
580 2 845 1994
311 4 679 874 893 1954
293 3 91 842 1082
942 6 69 545 560 1590 1880 1931
1479 2 542 1361
669 3 1054 1454 1476
719 1 7
1205 8 13 327 573 868 1016 1202 1392 1449
668 7 589 612 824 1154 1227 1732 1786
353 3 813 1236 1762
310 4 1556 1880 1963 1985
568 6 54 173 255 548 916 1781
1790 6 577 867 1016 1277 1832 1989
1512 3 334 420 1636
1515 5 77 186 771 1684 1793
1490 4 141 383 564 1007
138 4 197 786 1357 1888
1606 8 406 497 498 820 828 1150 1194 1475
1866 6 257 571 1331 1660 1832 1996
810 8 119 250 388 414 497 876 1367 1980
1487 3 7 1370 1488
1162 6 332 977 1026 1220 1530 1567
664 6 285 356 609 952 1111 1691
1174 2 1019 1146
1713 3 1673 1744 1884
1139 2 10 586
953 7 2 466 692 740 953 1369 1770
1610 4 1082 1264 1770 1871
1853 5 126 464 909 1337 1816
1677 3 585 1257 1339
1165 4 262 1647 1688 1976
1541 6 351 531 552 649 1215 1973
154 3 36 882 1932
1267 2 1318 1698
1855 6 483 709 1127 1140 1713 1864
580 3 335 600 1771
1650 5 360 518 1871 1895 1920
1221 7 265 438 692 838 1111 1534 1673
954 3 34 1145 1243
1883 6 480 515 609 837 1031 1410
227 3 288 459 1076
209 6 82 434 490 1350 1642 1919
1867 6 251 408 719 849 1132 1679
594 9 62 357 555 1015 1102 1324 1722 1926 1946
539 4 32 377 620 1125
1462 3 707 1449 1701
394 6 1102 1281 1293 1599 1724 1802
1498 5 548 971 1867 1906 1913
604 4 750 1614 1930 1950
1033 4 189 808 990 1786
1739 3 19 222 643
566 3 263 1050 1210
1135 3 463 588 937
161 4 363 804 1107 1293
736 4 109 1056 1364 1854
1706 9 453 785 877 949 996 1318 1387 1702 1867
1645 3 82 1115 1919
78 3 1358 1539 1554
1595 5 1018 1293 1414 1514 1876
88 4 35 1253 1879 1967
1346 7 42 653 961 1186 1325 1530 1737
1792 5 1056 1082 1088 1489 1928
1307 5 45 151 294 721 1725
1139 3 133 745 1866
1600 4 57 83 266 1207
1542 7 144 236 260 426 1009 1048 1087
1838 4 344 1199 1206 1842
193 7 373 389 588 590 856 1702 1851
642 4 462 678 1453 1788
516 3 213 820 1597
112 3 857 1160 1663
1390 4 760 1317 1357 1993
1068 6 105 1002 1030 1243 1726 1964
1427 6 35 156 526 1105 1529 1633
656 2 237 647
1029 4 315 1015 1436 1490
1501 5 464 1202 1479 1904 1997
368 4 361 1512 1855 1911
1537 2 1518 1722
1095 4 925 1059 1304 1582
151 2 1061 1825
1823 4 451 1461 1610 1990
143 3 822 1936 1945
344 3 952 962 1104
842 7 175 182 689 741 890 1531 1556
1549 5 8 32 137 479 1436
1010 2 218 838
1050 5 384 524 1060 1509 1972
1382 6 7 21 353 456 505 1882
447 4 138 583 1216 1334
1674 5 1103 1104 1310 1620 1884
491 4 893 954 1960 1981
1596 4 242 847 890 1840
342 3 364 373 997
1380 2 1025 1221
1343 5 136 469 1010 1017 1238
343 5 96 787 1049 1315 1362
1782 4 866 1101 1452 1655
1085 4 929 1001 1469 1524
345 3 387 410 1080
1352 6 1 196 330 475 1201 1664
1544 5 259 485 1082 1722 1802
1835 2 1037 1710
413 3 504 1231 1371
655 5 263 300 772 1038 1973
484 6 127 226 275 434 981 1085
283 7 256 526 1069 1106 1309 1488 1646
968 4 497 626 1102 1902
540 4 310 397 1389 1710
738 5 559 1129 1265 1443 1891
847 4 1101 1492 1909 1920
261 2 1133 1200
1483 7 580 874 1097 1543 1760 1843 1953
1894 1 453
608 5 250 535 894 967 1637
276 2 1319 1361
502 2 1022 1890
836 1 1108
889 3 150 469 564
555 6 260 434 752 793 1106 1891
1226 1 1889
1307 7 7 56 135 245 993 1184 1533
421 7 114 304 669 759 767 809 834
1732 4 900 1156 1348 1802
1507 3 351 796 1715
113 5 14 69 531 1207 1889
927 6 115 1092 1176 1401 1862 1873
1107 8 100 249 1424 1450 1546 1982 1992 1999
1703 3 494 973 1635
1305 5 242 356 1072 1553 1729
595 6 418 1064 1499 1662 1766 1961
427 5 233 421 1211 1213 1839
1287 5 1025 1068 1303 1483 1621
1476 7 80 450 887 934 1345 1520 1654
893 4 319 1113 1551 1610
1527 3 408 437 1700
1702 6 321 428 636 1199 1474 1586
1378 4 263 879 956 1496
948 5 28 367 398 714 1380
905 2 993 1814
234 2 515 1003
1863 9 176 339 757 1142 1253 1615 1635 1648 1768
1056 5 556 588 804 1140 1420
1095 2 87 1788
800 2 334 1947
17 3 930 1219 1300
312 7 60 572 1047 1504 1559 1569 1624
1377 7 268 603 1023 1527 1583 1617 1896
619 3 93 142 1316
371 4 491 780 929 1931
1017 6 630 997 1009 1243 1848 1969
1584 4 384 1545 1618 1788
1469 4 420 469 872 1454
855 3 38 738 1025
72 4 1002 1449 1643 1921
1911 5 428 437 656 974 1049
1410 6 346 573 693 775 1000 1075
1626 1 1091
1812 3 585 703 750
1175 6 314 423 1156 1476 1862 1879
1751 2 152 947
1637 4 343 584 615 1023
868 2 1139 1531
1339 4 634 1116 1155 1753
802 4 116 144 450 1538
1187 5 291 424 455 939 1063
1087 2 243 1880
478 4 578 689 981 1079
1460 5 557 652 1207 1550 1558
1703 3 297 971 1506
1091 4 333 380 1130 1516
450 2 865 1294
1165 3 723 1031 1410
187 3 537 683 1642
1041 5 293 738 749 1103 1765
322 5 219 224 527 1343 1490
591 3 193 1060 1414
1080 6 59 312 492 611 950 1215
1194 6 75 465 1198 1384 1519 1819
1527 7 44 51 239 450 931 1040 1817
341 2 193 1402
1239 2 306 567
362 6 55 887 1553 1618 1721 1979
1468 3 16 980 1479
216 2 203 253
1655 2 326 1242
1570 2 20 210
196 1 554
46 5 96 377 424 839 1986
73 4 329 484 784 1137
446 3 205 1303 1886
1103 6 139 487 493 1005 1163 1527
316 4 1046 1307 1690 1869
835 6 460 720 1091 1360 1555 1654
529 3 573 650 1645
1420 3 229 636 1025
1305 1 93
648 3 127 685 1508
930 6 429 638 647 753 853 1308
1555 5 335 463 958 1183 1489
1773 6 24 117 966 1297 1458 1516
1318 4 639 972 1366 1410
1703 4 195 231 1731 1744
496 3 218 1251 1813
1310 4 735 1303 1508 1848
964 4 743 1150 1347 1927
1369 1 784
942 1 634
106 3 320 388 1365
1907 3 921 1115 1351
805 2 208 333
237 3 81 303 1838
266 1 471
111 2 877 1629
42 4 28 314 319 1296
105 3 454 845 1568
454 3 57 381 674
34 2 529 1432
61 1 107
1501 4 128 244 383 732
37 4 671 1441 1794 1990
407 6 834 1206 1559 1610 1660 1814
1148 5 209 222 567 1265 1557
1419 5 382 549 1181 1359 1887
853 5 129 600 1186 1334 1465
1268 4 106 1483 1566 1836
322 2 1236 1509
61 5 470 561 1459 1480 1821
46 5 249 388 673 952 1326
1783 4 212 674 809 1808
289 2 25 692
1007 1 16
807 4 117 460 1444 1712
1369 2 888 1481
1467 4 50 1469 1535 1722
465 3 671 1385 1458
727 8 361 567 870 873 1228 1311 1805 1867
953 4 148 754 782 1903
1204 4 138 1113 1521 1755
1875 1 1152
454 2 1410 1632
836 6 102 564 1026 1118 1691 1764
15 1 149
1836 4 160 254 541 1199
1202 5 26 823 852 919 1060
1642 4 517 723 1551 1569
1200 4 172 547 975 1163
955 5 7 31 986 1118 1229
733 4 111 274 662 935
410 2 1011 1568
437 4 312 523 848 1689
982 3 1175 1330 1679
1774 4 181 282 538 1558
267 7 381 533 1074 1139 1230 1393 1588
955 3 1297 1376 1928
1060 4 580 1702 1783 1875
34 5 270 655 1128 1688 1997
1082 4 812 1234 1344 1659
293 4 390 1415 1417 1777
1304 9 532 560 1091 1094 1270 1595 1638 1895 1984
575 4 10 878 1535 1601
108 8 364 472 696 882 949 1758 1766 1803
533 3 1137 1244 1500
704 8 409 605 978 1017 1118 1422 1635 1683
549 7 86 284 436 457 654 1098 1291
675 1 977
1104 3 441 982 1285
1649 8 408 623 789 824 874 1389 1767 1963
1460 5 382 1018 1560 1701 1826
243 4 166 329 881 1144
957 3 289 1165 1670
1260 2 1051 1468
960 4 214 283 461 1986
1386 4 270 352 430 1350
1562 5 135 806 1192 1215 1692
693 4 47 682 778 1191
800 2 746 1938
351 4 490 773 1054 1683
1578 2 163 1222
111 6 120 388 394 1269 1388 1842
1695 3 299 1015 1982
970 3 858 1706 1970
1780 5 12 203 367 1532 1665
1879 3 910 945 1235
779 4 1252 1477 1505 1873
1746 3 226 1451 1765
1491 4 174 1633 1682 1805
38 6 499 710 903 1145 1421 1529
1712 3 1544 1784 1975
1741 2 771 1123
386 7 711 949 1103 1180 1448 1485 1746
1066 8 334 776 781 952 1050 1328 1607 1743
1148 4 226 390 767 1031
1208 6 9 697 935 952 1272 1354
1390 5 229 575 800 975 1904
1039 3 304 1398 1752
408 4 67 105 250 1937
1015 4 327 1273 1401 1715
1169 7 14 54 470 516 532 1286 1313
1734 5 260 993 1001 1539 1919
964 3 316 1270 1329
285 3 314 1919 1980
1415 5 1529 1577 1711 1712 1738
1068 4 835 965 1533 1558
894 5 1 127 399 1186 1921
1039 2 91 1677
1663 3 1186 1240 1475
1265 2 284 1213
1200 2 22 1399
312 4 118 748 1014 1076
137 5 81 493 624 1363 1883
1085 5 169 677 1226 1584 1685
614 5 777 1283 1452 1551 1889
1393 4 479 977 1171 1639
1533 3 155 1112 1347
847 4 269 1493 1565 1890
1182 3 700 967 1317
1461 3 435 1145 1545
613 3 733 1209 1529
1632 4 772 1422 1731 1998
1488 3 1576 1867 1887
1105 4 182 1402 1780 1843
1358 3 603 1137 1198
164 3 273 1169 1342
618 2 797 964
628 5 1029 1184 1291 1422 1851
22 6 127 861 1013 1771 1913 1941
1362 6 228 265 669 1203 1416 1978
745 7 936 1241 1291 1436 1621 1739 1839
1851 5 641 926 1341 1640 1691
253 2 544 1698
1258 5 193 679 1377 1630 1720
1039 5 441 492 505 935 1919
70 4 683 1067 1627 1760
185 3 125 142 1898
1056 6 274 286 348 643 934 957
1629 8 333 637 838 867 1040 1392 1904 1948
1349 3 1094 1734 1762
1194 4 355 408 827 1741
1826 4 727 957 1803 1828
624 3 159 887 1284
855 4 262 895 1464 1787
1617 5 136 393 515 832 1374
1914 3 399 595 1738
1717 5 257 359 1253 1328 1356
423 2 535 597
303 6 207 857 864 1210 1385 1601
1639 4 306 1193 1577 1586
276 6 713 733 925 1085 1381 1706
159 6 320 511 1082 1421 1460 1672
199 3 1344 1645 1808
1655 4 250 320 372 1661
1260 5 759 913 1624 1787 1817
1242 3 504 1084 1511
1469 3 453 751 1627
322 5 5 914 1209 1474 1966
528 6 86 210 818 844 1240 1884
1471 3 888 1511 1932
509 5 502 774 841 1004 1698
193 3 634 1775 1967
1478 6 25 60 859 1074 1114 1413
853 3 767 883 944
1688 4 25 695 806 1416
1211 3 46 131 1001
1496 3 117 973 1735
1388 10 88 598 782 891 1261 1560 1673 1727 1788 1958
401 1 1878
830 3 505 531 1526
1560 3 553 608 1090
1776 2 534 1160
1676 6 198 394 528 715 1744 1925
1301 3 586 604 928
1095 2 519 1771
193 4 97 1072 1618 1959
733 6 208 909 1024 1071 1099 1729
1445 1 364
1822 5 82 759 1457 1579 1645
1222 2 1496 1960
905 4 217 416 1370 1662
464 8 109 287 412 971 1334 1397 1614 1679
1 2 430 1426
1491 6 308 544 614 1588 1791 1813
1751 5 944 1061 1358 1627 1914
226 6 503 729 1009 1706 1759 1856
4 6 205 222 337 737 821 1711
314 3 199 1369 1520
1790 5 724 1157 1441 1455 1988
541 6 152 366 1151 1162 1621 1834
109 3 446 461 1778
739 3 796 1057 1898
1694 2 531 1551
1353 1 462
1746 4 315 898 1625 1921
1229 8 232 479 719 726 772 948 1194 1929
451 2 849 1172
77 9 49 294 453 612 1198 1510 1807 1843 1904
452 3 200 1213 1931
591 4 663 1478 1495 1750
1226 7 789 1074 1128 1256 1345 1617 1799
612 3 660 1150 1539
1661 2 1054 1219
667 1 1457
541 4 1313 1352 1531 1901
1523 5 169 835 884 1735 1962
108 4 167 803 879 1852
986 4 99 631 1926 1947
287 8 252 257 537 635 833 1414 1771 1925
1331 7 181 203 210 876 1071 1616 1879
1549 6 148 249 1159 1281 1382 1952
335 7 121 170 213 224 601 1202 1386
1660 4 624 842 1214 1612
1560 5 125 814 967 1009 1480
989 6 193 329 776 957 1172 1245
1763 4 108 294 1104 1798
355 2 1283 1439
157 2 242 853
310 2 421 886
1273 7 99 676 1261 1296 1316 1341 1985
1796 5 238 459 936 1203 1734
1347 4 97 214 411 1954
262 8 225 436 503 1279 1395 1473 1625 1952
1178 3 380 1646 1880
1634 3 74 603 1976
1268 2 1391 1908
112 4 724 1110 1661 1915
913 3 1323 1696 1945
1291 8 314 532 813 1095 1568 1749 1768 1790
750 2 459 482
641 6 142 188 299 438 1326 1832
584 5 809 897 1574 1712 1758
1368 5 726 1147 1239 1534 1595
1422 3 246 752 1528
44 4 6 386 559 593
352 6 94 450 1461 1554 1587 1712
514 4 900 1023 1123 1526
1635 4 211 846 957 1389
335 6 187 441 506 653 784 887
485 3 832 878 1927
563 7 230 266 293 543 708 1328 1798
440 7 408 950 1368 1404 1551 1621 1911
785 4 384 1608 1682 1977
261 5 144 1336 1378 1438 1968
619 3 446 905 1364
717 5 539 654 1177 1263 1693
1057 5 316 868 1393 1580 1820
472 3 262 1456 1985
1017 2 850 909
327 5 426 964 1081 1139 1438
1890 2 677 1046
756 7 52 537 560 888 1863 1896 1935
939 4 703 1475 1757 1785
1088 3 313 723 1295
952 4 51 74 358 1590
1510 3 811 1425 1809
1831 7 146 175 393 971 990 1745 1865
4 6 114 309 687 1529 1573 1847
1622 3 159 911 1640
558 9 31 164 839 904 1004 1347 1378 1449 1954
707 5 28 211 721 1626 1775
1569 4 262 688 754 877
1269 7 4 456 575 1181 1399 1737 1875
944 4 583 1430 1881 1944
1308 3 433 1449 1943
423 5 433 492 982 1048 1364
664 6 429 612 804 1297 1331 1393
125 5 220 519 576 1258 1400
1307 3 192 614 1308
1761 3 203 651 1500
1080 4 450 1519 1568 1973
137 3 146 1557 1656
519 4 644 1184 1220 1946
140 3 379 1686 1998
1081 5 579 880 1079 1501 1632
337 7 57 603 636 1301 1647 1823 1847
595 5 478 865 892 900 1327
1296 3 153 1653 1848
1422 2 993 1161
1288 4 232 348 1048 1567
1347 4 267 453 505 905
272 10 179 197 213 395 591 834 970 1054 1084 1432
911 2 44 711
352 9 91 346 674 697 799 873 1014 1140 1703
1595 3 305 387 1298
1021 5 351 363 538 769 1146
1824 6 112 232 314 407 1082 1663
1714 5 147 1085 1586 1731 1955
164 3 1050 1356 1842
1730 5 102 464 1264 1501 1516
1646 1 1427
271 6 536 554 821 1065 1086 1183
1406 6 248 812 884 928 1402 1649
296 5 73 565 1456 1626 1792
625 3 750 1489 1782
641 3 787 889 1398
1488 3 418 1233 1997
1915 7 95 251 570 786 935 1190 1271
63 4 741 1300 1362 1840
1236 2 582 1398
314 3 295 509 1627
1831 5 88 334 406 496 1212
746 5 18 427 1037 1617 1674
1297 3 899 1851 1907
1199 2 56 721
1165 8 146 264 319 445 633 656 947 1032
1480 5 261 583 675 1395 1761
250 4 520 831 1155 1729
186 3 577 1194 1655
379 4 188 573 1055 1739
514 4 198 536 917 1449
1760 7 559 674 922 1504 1704 1732 1949
293 5 131 309 590 876 1985
1270 3 847 884 1395
1238 5 359 404 517 1187 1598
501 2 21 1552
539 6 857 1158 1521 1798 1866 1934
1588 7 23 99 483 751 1231 1846 1906
989 4 418 462 491 1856
530 2 699 830
1263 4 46 1082 1173 1996
257 4 203 1120 1184 1773
1359 3 72 351 804
262 4 545 816 1051 1406
1592 8 1318 1331 1524 1539 1748 1783 1899 1996
1496 4 123 276 1513 1857
1138 3 602 1214 1920
1884 4 891 1102 1435 1517
51 3 299 1543 1807
965 2 408 1923
1518 3 150 543 1642
1265 5 62 293 407 1261 1637
1552 3 380 1714 1905
1563 6 115 396 747 975 1121 1439
1281 4 1240 1476 1572 1966
466 4 16 166 1968 1989
250 3 411 442 1922
1302 5 706 743 927 1427 1738
1232 6 284 723 890 1008 1419 1618
154 6 647 745 1049 1402 1421 1891
1493 6 43 543 1054 1153 1246 1610
1187 3 612 640 1219
1109 4 300 1128 1450 1918
998 3 96 1309 1600
1313 4 313 940 956 1259
897 4 641 739 1133 1666
1489 3 197 994 1152
134 1 1749
737 2 801 827
821 5 615 899 1428 1513 1563
1373 2 705 1584
1791 4 803 1299 1449 1932
1433 3 113 783 1179
767 1 1209
290 2 74 747
564 2 1438 1542
172 7 784 824 934 1167 1236 1582 1994
728 2 734 1844
176 3 140 628 1470
1264 3 386 1069 1351
557 2 155 1733
1193 4 587 662 1000 1257
25 6 119 494 647 857 1649 1930
1433 5 182 866 976 1153 1252
76 4 1205 1385 1826 1859
579 5 229 534 1116 1215 1731
957 6 241 835 1288 1338 1469 1626
686 4 513 963 1573 1677
235 2 181 1233
265 2 1377 1974
24 3 142 498 824
446 5 272 428 865 1135 1519
1702 4 380 713 1428 1448
1109 4 623 1081 1288 1979
380 4 944 1203 1419 1495
437 1 1309
1850 2 1056 1172
134 4 89 689 1337 1469
1521 3 1157 1505 1947
557 4 409 684 1055 1229
1154 2 42 225
161 5 196 509 564 985 1679
1654 3 608 1047 1057
1202 5 183 467 838 1278 1553
109 4 433 793 1353 1935
360 5 49 1018 1025 1760 1917
80 8 150 167 190 490 655 1253 1491 1901
1714 5 460 665 756 874 1856
1747 4 661 1617 1640 1741
1144 5 69 513 683 1329 1908
802 8 330 350 490 1217 1313 1377 1748 1869
160 7 62 209 336 396 853 1564 1786
1751 3 50 1020 1777
738 2 467 525
117 2 122 1343
1630 7 368 609 649 1035 1722 1750 1808
1044 4 198 369 849 1756
1515 6 168 783 1208 1561 1584 1982
1863 4 57 714 1785 1816
1172 4 59 106 1431 1583
171 6 94 374 689 1002 1127 1451
1300 1 1246
1554 3 47 903 1076
722 6 464 466 690 1418 1475 1527
1334 6 22 141 221 589 797 1490
123 4 604 672 1651 1797
335 4 102 175 530 1365
1788 4 195 507 942 1812
1776 3 382 1352 1942
268 2 435 1216
745 4 257 952 1060 1723
1069 7 364 404 599 877 992 1880 1993
1072 4 209 974 1235 1635
1033 5 78 243 321 1079 1822
1119 4 161 204 318 905
1483 4 488 1499 1879 1892
1358 7 0 387 508 797 1421 1435 1743
149 5 293 992 1099 1248 1549
607 7 57 175 842 936 1464 1534 1719
974 2 557 964
723 3 160 679 1440
1579 5 388 410 942 1504 1701
514 6 140 365 450 823 1184 1595
238 4 222 224 528 1624
1615 2 791 1535
1029 2 30 1373
123 2 366 626
272 2 1141 1551
394 1 1864
779 3 89 1035 1643
38 2 1823 1918
1317 4 745 1149 1524 1804
897 5 137 300 671 1180 1433
1570 3 987 1249 1385
954 6 195 694 919 963 1543 1992
1370 1 1011
1572 7 911 920 972 1096 1517 1827 1878
1136 3 438 833 1486
1635 3 166 474 1237
1082 2 823 1904
1404 4 106 380 712 760
1751 5 305 322 362 1353 1693
1674 2 66 1994
720 5 151 864 1220 1405 1966
864 4 73 612 1277 1409
1254 3 70 298 1445
566 4 32 927 1225 1456
1792 3 915 1120 1133
716 3 736 884 1268
1510 4 236 444 1049 1878
1299 1 1726
422 4 76 731 1153 1178
1874 2 26 1503
1477 3 494 877 1981
427 2 1317 1897
1679 2 1089 1111
1390 4 301 353 1266 1531
628 3 145 1124 1341
281 1 858
316 3 82 748 1726
1097 1 50
1477 2 1102 1904
290 1 1344
1826 2 869 1908
1279 6 154 610 837 1041 1226 1239
341 3 193 539 1078
456 7 158 926 957 1077 1121 1231 1809
261 5 555 755 772 1102 1159
354 4 1582 1593 1849 1995
311 6 47 100 254 997 1652 1895
1275 6 81 193 657 959 1405 1846
1386 4 449 471 707 1951
224 3 407 1515 1935
1496 5 169 303 1044 1454 1548
618 4 247 1330 1536 1631
1345 5 697 767 1069 1252 1715
892 5 773 1397 1465 1675 1897
1392 5 214 892 1186 1497 1883
491 4 323 596 980 1462
1310 3 175 1311 1342
698 3 407 807 885
347 4 647 701 1601 1635
311 5 592 639 740 953 980
137 4 215 301 1852 1966
1593 4 416 679 829 978
147 3 409 452 1545
911 6 7 59 295 403 938 957
600 3 335 1676 1708
557 2 263 760
1639 5 107 889 1278 1740 1788
1326 2 40 954
432 6 109 491 620 969 1240 1992
1073 2 969 1122
696 6 5 296 417 536 954 1851
48 4 280 323 665 1753
875 2 78 1417
432 3 1057 1107 1432
777 4 95 908 1496 1991
655 2 808 1558
307 1 895
1677 3 146 1124 1925
1270 2 1396 1861
892 2 271 1689
1785 5 384 621 796 846 1628
992 6 71 1101 1290 1584 1693 1748
1582 5 82 646 1302 1373 1985
1805 3 354 1335 1688
1560 2 1149 1419
46 4 78 641 1426 1850
1307 1 446
993 5 102 219 376 1207 1475
541 8 88 532 816 1228 1307 1501 1692 1962
583 4 770 1699 1756 1764
1234 3 709 879 1192
1636 1 78
971 2 462 877
1275 2 1115 1290
1548 2 1501 1706
1175 7 157 631 689 697 987 1334 1664
313 4 46 1224 1666 1980
254 2 181 531
1176 1 158
238 4 221 1108 1117 1596
1510 5 10 464 913 1021 1291
323 10 253 363 641 682 777 1552 1596 1764 1850 1984
75 6 776 1055 1079 1199 1344 1696
668 2 108 1685
1518 5 795 1476 1510 1750 1901
1193 6 301 749 783 1341 1738 1741
853 5 968 1317 1335 1544 1734
1572 2 1254 1614
568 4 674 769 1412 1897
250 6 1030 1140 1151 1196 1610 1637
506 5 0 1130 1172 1235 1315
1296 5 718 895 1407 1849 1927
362 8 18 325 1197 1260 1344 1666 1712 1862
828 4 2 794 1291 1312
662 2 1062 1773
1647 4 11 996 1451 1497
1637 6 383 564 603 1203 1658 1774
501 3 892 1227 1652
1480 2 1502 1512
400 1 331
617 1 705
1688 4 1230 1446 1806 1978
1409 4 155 213 1259 1642
1717 5 306 571 1153 1983 1998
1617 1 1102
1359 3 218 274 827
860 3 162 721 1000
671 9 383 771 812 1108 1358 1402 1454 1774 1998
1175 5 25 332 465 607 1968
1139 4 409 883 960 1484
443 2 875 1871
1295 4 23 263 1281 1502
339 1 438
1893 6 18 95 767 1546 1641 1733
1095 11 401 497 538 748 777 916 1106 1214 1741 1755 1978
1542 3 376 1199 1805
1575 4 425 604 867 1347
777 2 405 1097
630 3 179 507 1480
1569 3 583 998 1367
976 8 89 374 448 926 982 1575 1691 1926
769 1 224
981 3 582 1374 1408
1817 4 481 1206 1502 1900
836 3 874 1028 1384
1799 5 138 687 794 1002 1844
1158 3 1392 1790 1892
290 3 152 291 1201
1182 3 396 685 699
826 2 1636 1894
283 4 133 594 778 1207
923 5 397 821 1077 1795 1864
1172 4 185 1487 1876 1936
74 3 462 471 1932
156 5 993 1597 1802 1883 1935
1460 3 755 1109 1142
1077 4 1074 1259 1788 1950
1563 7 414 702 705 867 1064 1259 1689
536 1 228
989 5 145 238 921 1050 1224
1426 6 114 348 498 509 931 1394
707 1 825
955 6 437 752 1212 1524 1605 1699
511 3 265 273 961
343 4 51 75 315 1777
172 4 574 647 960 1657
1580 3 1140 1252 1514
661 3 150 766 1074
431 5 522 921 1054 1409 1444
1468 5 547 579 1019 1197 1792
756 5 343 663 1083 1579 1920
42 3 452 839 1239
1283 1 1733
1605 4 430 496 838 1663
176 4 154 1645 1693 1748
1527 6 798 1547 1605 1636 1672 1994
5 5 138 598 723 907 1328
1153 4 253 1024 1342 1945
437 6 186 483 1238 1304 1748 1750
649 4 347 805 1297 1795
36 3 639 982 1021
40 5 280 808 971 973 1939
774 6 401 881 906 1372 1640 1780
466 8 39 510 1028 1271 1663 1673 1760 1966
683 4 518 744 1004 1344
1863 8 130 431 524 769 1375 1427 1577 1664
1772 3 372 747 1015
201 2 1034 1474
1693 3 396 867 1381
1029 2 613 1266
1447 4 1258 1369 1566 1730
940 9 356 493 653 1042 1446 1565 1591 1766 1980
664 3 510 788 1125
793 3 69 106 1033
1639 1 1737
583 3 222 376 1517
568 5 391 574 995 1289 1427
213 4 651 1030 1036 1916
1140 2 1260 1891
1459 5 308 1318 1350 1755 1912
303 4 86 195 686 865
1071 4 277 747 1008 1471
1788 5 409 707 849 1446 1920
131 6 18 98 206 281 839 1615
1373 4 198 1048 1609 1793
163 2 1046 1227
1178 8 77 481 724 1134 1232 1330 1807 1908
600 3 385 1540 1555
212 4 87 930 1059 1558
1178 6 649 711 728 1318 1515 1824
45 7 505 597 1049 1498 1645 1770 1773
1150 4 434 452 467 630
800 3 705 950 1318
1363 4 257 1409 1647 1852
1062 4 103 148 1219 1317
603 2 1169 1662
1864 7 94 253 653 790 907 992 1469
970 3 347 794 1430
393 4 667 920 1220 1607
579 6 1032 1124 1172 1235 1455 1743
530 5 273 1088 1101 1279 1827
1127 5 684 926 1109 1578 1787
401 2 42 1094
765 5 388 1079 1306 1906 1976
1461 4 199 870 922 1197
648 4 56 85 95 1082
1174 6 409 449 595 1458 1773 1787
990 4 204 1223 1541 1787
662 1 947
912 1 405
512 2 301 564
752 2 224 645
1449 2 280 1603
1669 7 133 968 1220 1645 1655 1727 1750
1853 1 653
1339 2 101 1487
1848 3 295 671 1498
1576 3 742 950 1159
1253 2 518 1837
134 6 3 421 441 609 631 1257
307 4 132 1757 1864 1957
450 3 671 1656 1733
17 4 399 1325 1707 1981
1413 6 583 672 1278 1444 1519 1894
813 2 146 1775
944 5 371 569 1020 1340 1466
1161 4 889 1330 1653 1835
6 4 1657 1797 1898 1978
592 5 586 696 1001 1415 1566
1639 4 1027 1149 1380 1907
185 2 592 951
42 3 356 530 1419
750 4 650 879 977 1370
994 3 132 243 664
460 3 410 726 1432
106 3 161 325 1437
1856 4 441 455 1148 1918
1144 6 136 517 1049 1199 1342 1878
1123 5 364 399 687 1165 1246
1528 2 360 747
1812 6 482 654 1231 1254 1382 1944
1713 2 1088 1224
288 2 1020 1051
262 6 41 537 580 834 1224 1808
1017 8 51 852 1382 1501 1747 1785 1786 1842
1879 2 533 608
1572 7 85 173 590 993 1542 1835 1851
511 3 904 966 1569
587 3 1071 1293 1820
572 5 914 1490 1600 1684 1779
1551 5 114 230 1365 1806 1828
104 3 559 1138 1240
137 6 504 1043 1374 1402 1500 1877
1528 5 174 1430 1541 1569 1571
469 5 501 680 1726 1769 1786
1716 4 943 1247 1753 1865
588 3 83 1321 1776
1490 5 535 815 849 1233 1770
597 5 162 552 673 1633 1893
1063 5 36 297 682 703 1367
1722 4 346 472 644 1528
350 4 498 974 1125 1931
1320 5 349 861 1461 1711 1909
430 4 6 407 462 1325
368 6 778 780 877 906 1413 1515
248 8 210 327 346 387 757 1215 1220 1453
341 2 9 1939
1158 3 200 360 1045
1023 8 235 714 860 1124 1184 1218 1505 1629
1331 3 232 1124 1967
596 5 175 207 550 1338 1799
1703 6 449 757 937 945 975 1633
1373 2 341 1122
783 3 525 1626 1949
737 3 947 1388 1530
539 5 99 314 1254 1320 1868
643 7 723 864 934 1378 1520 1597 1971
162 1 4
140 2 990 1087
1465 1 1108
1125 5 827 869 1049 1208 1403
27 2 394 1428
1450 2 12 1403
895 5 41 116 1112 1119 1953
1357 3 402 455 1329
3 5 337 929 971 1018 1116
1703 8 162 387 749 1092 1228 1815 1865 1871
1829 2 1001 1434
1490 4 315 424 945 1781
1099 4 351 647 730 1073
1363 9 201 311 660 713 1172 1218 1329 1846 1952
693 4 862 1193 1398 1835
70 2 964 1623
134 4 23 1079 1229 1263
1206 6 571 760 1088 1374 1533 1650
1752 5 404 815 1479 1640 1973
400 4 298 628 923 1496
548 4 655 694 1384 1966
1062 5 3 458 609 612 1721
675 4 347 1112 1255 1509
1548 3 244 599 1430
496 3 1091 1189 1898
1011 6 79 1110 1620 1691 1801 1965
1291 5 577 1209 1277 1311 1919
221 4 96 290 1176 1887
213 5 63 714 764 949 1955
190 2 756 890
1139 3 80 1334 1782
190 1 1393
1653 2 1270 1824
1124 2 1147 1313
1670 1 474
1139 5 39 61 613 1145 1492
54 4 382 828 1107 1881
1104 5 251 419 874 1084 1470
22 2 237 1963
1814 4 86 899 1539 1597
1062 3 611 1136 1184
349 3 961 1013 1514
374 3 999 1238 1697
72 4 533 847 902 1326
1850 6 448 477 493 979 1438 1775
747 3 421 1178 1693
1757 4 132 151 1489 1740
668 5 355 466 782 1247 1819
485 5 1295 1415 1636 1753 1925
1806 2 361 1442
91 2 1062 1778
1817 4 549 981 1004 1310
822 2 782 1782
1392 5 462 716 864 1202 1612
798 3 1124 1488 1965
786 4 279 367 841 1097
1758 3 195 1751 1879
376 1 107
66 6 4 23 41 486 717 1896
1675 3 977 1208 1615
230 4 268 1556 1622 1659
33 3 1008 1276 1390
154 7 196 225 327 426 754 1026 1607
14 3 82 813 1285
1432 3 467 542 1041
710 5 299 901 1335 1380 1423
5 3 685 800 1573
943 3 723 822 1397
533 8 393 885 943 1118 1506 1537 1697 1733
40 4 240 648 1387 1833
1515 2 697 1857
13 8 287 319 636 717 749 1214 1473 1647
1879 5 276 983 1200 1390 1988
1544 5 251 326 1281 1420 1574
1372 3 683 903 950
1028 4 271 931 944 1794
268 5 95 758 1103 1229 1913
232 2 1055 1901
1658 8 217 386 770 1262 1375 1417 1569 1781
1780 4 193 1291 1510 1593
1657 1 526
1268 3 54 122 1607
14 5 627 883 1127 1299 1897
80 3 236 576 1530
502 4 1441 1516 1591 1848
66 3 351 585 762
415 6 22 379 540 555 733 934
765 4 716 774 1501 1535
432 9 17 286 636 1129 1373 1454 1735 1944 1945
1652 3 132 498 1503
542 6 117 534 712 918 975 1556
807 2 735 1624
100 4 42 372 1580 1941
1362 2 662 1415
1282 3 1101 1821 1923
1894 2 587 881
1352 3 716 1054 1716
1412 5 95 451 791 1003 1013
1686 5 453 482 954 990 1145
1345 5 594 1314 1706 1841 1878
1162 6 54 188 860 1007 1181 1254
1564 2 183 586
1338 6 41 176 712 1112 1200 1447
1171 4 753 1369 1370 1994
1468 5 432 497 646 1510 1821
1617 6 6 453 807 883 977 1862
628 6 569 603 670 844 1250 1624
943 4 199 1178 1259 1587
1404 5 28 637 667 867 1647
1879 7 675 683 831 1187 1328 1538 1805
1153 4 206 1091 1291 1931
1562 6 219 540 676 1032 1145 1868
1252 2 127 354
279 2 254 1302
1176 3 66 1269 1894
1052 7 471 478 522 845 990 1854 1858
315 4 245 574 648 895
1605 5 51 1453 1781 1863 1957
683 3 719 1514 1926
842 7 430 858 1025 1117 1324 1624 1645
1347 4 247 799 803 1031
644 7 214 401 518 706 1002 1477 1989
241 4 106 620 1392 1966
1566 2 100 1290
38 6 806 1511 1571 1583 1625 1642
868 3 118 464 1584
221 3 167 1189 1424
288 6 175 842 863 981 1771 1985
1425 6 86 235 293 629 1184 1745
1706 7 144 165 587 765 792 1272 1999
533 5 183 806 891 1070 1275
1063 2 786 791
311 6 132 688 770 971 1014 1218
312 5 328 875 1154 1378 1962
835 5 627 715 1738 1803 1824
1111 1 1356
1462 6 657 678 752 912 1473 1827
309 5 137 369 449 1684 1973
827 5 135 373 1471 1817 1847
382 6 445 520 586 1040 1913 1960
1144 4 243 485 706 1924
1562 8 119 132 397 758 820 1410 1844 1960
1194 3 1394 1717 1722
37 3 259 1104 1427
1875 3 39 405 693
102 6 606 802 913 1043 1052 1095
694 6 178 564 725 1009 1374 1396
1796 2 406 1303
1507 3 901 1241 1710
661 6 833 1039 1144 1226 1433 1851
868 3 135 1230 1596
432 5 677 907 1252 1366 1976
329 3 1678 1904 1943
1005 3 542 715 1750
308 4 409 552 653 1573
717 4 71 636 647 1284
386 2 874 1836
1089 9 18 85 870 1028 1180 1273 1393 1559 1894
1653 7 126 457 515 936 1223 1369 1383
875 4 262 268 1277 1501
1278 4 757 1280 1518 1563
683 6 28 215 361 1011 1781 1933
1682 2 936 986
406 5 177 1490 1613 1785 1940
999 1 869
1353 6 407 979 1394 1749 1772 1940
370 7 280 488 569 1039 1359 1815 1926
1338 5 53 233 489 926 1179
876 5 200 634 878 1502 1723
1097 5 91 1280 1768 1819 1861
568 10 163 557 601 898 938 1432 1553 1576 1649 1721
1061 3 437 609 1003
720 3 679 1105 1621
1135 2 562 1071
311 3 336 677 1373
130 3 7 539 1617
1358 4 262 968 1047 1127
867 4 103 115 599 1864
160 2 162 1710
240 8 48 217 295 448 601 1139 1229 1994
1087 3 1195 1506 1531
1095 5 468 910 1032 1047 1752
1758 4 413 530 730 903
737 6 301 668 741 1348 1359 1542
87 5 21 449 1329 1441 1631
1507 1 459
658 3 455 1575 1769
1138 3 525 866 1593
1385 6 156 376 418 637 903 1451
1254 4 921 1370 1871 1884
437 3 753 1579 1785
1295 3 522 1341 1712
206 6 93 999 1300 1384 1608 1699
1615 3 238 718 1318
1363 4 321 873 1097 1800
834 7 174 672 1416 1673 1785 1842 1929
1178 4 399 1114 1383 1895
957 4 846 1153 1228 1271
1251 3 203 696 1950
1831 4 84 773 1136 1588
853 2 639 1806
87 4 501 706 711 1574
803 3 380 787 791
47 4 998 1287 1369 1794
854 2 545 1465
743 5 87 805 1006 1718 1961
3 6 217 280 979 1364 1670 1942
113 6 233 437 569 690 1519 1914
1643 4 370 1424 1497 1863
1542 4 261 375 944 1590
660 4 230 304 559 1981
192 2 551 819
254 4 1092 1425 1627 1669
1861 4 134 591 825 1407
654 8 31 256 1234 1270 1350 1408 1793 1972
702 6 77 169 261 1415 1680 1703
102 7 19 60 134 800 866 1194 1587
1 4 71 514 574 1618
237 6 369 849 995 999 1201 1510
311 3 435 475 1575
1559 7 621 622 1280 1398 1748 1786 1825
285 2 800 973
1049 6 505 509 801 942 1416 1511
3 2 222 591
116 4 116 1328 1489 1890
1175 2 822 895
1877 4 272 312 1613 1720
784 4 514 845 1208 1276
573 3 745 1426 1459
733 8 82 475 578 947 1165 1584 1696 1964
1834 2 606 1100
606 2 1207 1687
1692 6 238 324 354 805 922 1418
1518 4 419 607 688 1534
1879 3 1052 1179 1796
713 5 73 713 1209 1817 1943
888 1 1557
839 6 310 872 1246 1358 1452 1819
167 5 294 786 832 936 1857
912 2 801 1597
1791 5 272 1389 1458 1481 1594
841 6 100 452 459 759 933 1009
345 5 48 290 410 1434 1747
1326 4 592 896 1297 1784
1078 2 513 1861
1733 3 391 1623 1923
393 7 313 325 355 1160 1361 1404 1639
1195 4 447 699 850 1243
446 3 155 549 1839
206 5 315 534 1516 1864 1912
257 2 1345 1413
1340 4 639 968 1432 1752
282 2 191 1964
1165 2 416 1049
158 3 128 481 1152
1331 4 5 1177 1650 1975
1285 4 191 540 1040 1164
313 5 480 1422 1508 1554 1904
1449 4 129 410 417 719
1275 4 11 442 803 1221
193 3 729 1542 1589
765 4 584 885 1259 1885
842 1 695
1339 4 434 744 1123 1583
875 8 0 814 1018 1195 1212 1247 1331 1424
1611 3 181 586 769
543 3 405 579 1739
739 7 583 771 1219 1440 1458 1461 1517
25 5 826 1015 1401 1712 1726
911 3 64 865 1211
1375 7 311 448 789 1006 1186 1793 1901
1140 4 445 876 1495 1954
715 3 102 417 1871
403 3 9 855 1029
1422 5 1111 1266 1316 1731 1923
822 5 254 311 626 1092 1628
1419 5 439 599 1168 1260 1704
401 2 320 1851
648 10 552 608 700 985 1023 1178 1308 1368 1418 1818
41 5 272 362 413 717 1829
397 2 137 1832
171 3 1243 1867 1884
1351 4 113 119 227 956
726 4 137 343 1284 1918
976 2 581 1407
1658 2 646 1116
343 3 478 763 1751
519 7 57 162 934 1019 1191 1558 1734
1543 3 80 518 1205
1541 2 1513 1832
1769 6 80 180 706 921 1247 1467
48 5 460 557 1009 1411 1676
1151 4 733 1134 1578 1619
786 1 1159
715 4 579 587 606 1543
1077 4 729 841 1089 1221
557 3 62 522 1903
291 3 269 435 536
1331 5 226 539 1570 1810 1832
1528 1 219
1406 5 594 1078 1349 1358 1935
1353 5 401 965 1212 1268 1575
409 1 1675
1372 3 240 306 659
1747 9 178 185 240 354 886 1252 1402 1755 1920
564 5 994 1094 1525 1531 1588
464 5 210 1274 1671 1751 1946
216 4 76 367 1411 1515
1166 3 31 748 1435
1605 6 333 422 659 1055 1805 1990
752 4 293 474 1035 1332
1692 5 467 549 651 885 989
423 1 1106
791 8 247 749 815 848 1106 1140 1432 1727
1176 4 614 909 998 1712
323 2 190 1014
1608 1 196
1476 5 207 679 694 1550 1629
1397 1 726
1498 4 79 208 785 984
999 3 12 457 1394
563 4 642 1000 1441 1485
445 3 1394 1507 1591
510 4 909 1498 1610 1621
1206 2 289 654
1464 4 124 1091 1271 1626
1055 5 371 814 937 1133 1861
347 5 381 690 765 1502 1698
376 4 386 758 926 1766
1283 3 26 595 1656
756 4 196 1049 1674 1689
514 6 312 766 846 997 1318 1470
1137 6 447 650 706 907 1007 1931
1823 2 279 1170
1817 2 167 721
302 7 259 415 1010 1139 1335 1569 1865
1230 2 421 1115
1514 7 340 690 1247 1250 1267 1679 1914
216 5 20 471 540 1601 1673
559 1 38
1555 2 280 311
131 8 217 259 313 400 936 998 1406 1661
650 4 1006 1185 1311 1327
1433 1 760
625 3 780 1620 1666
1242 4 127 192 918 1236
86 4 740 909 1414 1721
15 4 238 264 296 1832
1432 2 324 501
1708 3 71 661 1905
467 1 1831
573 7 34 86 322 488 1272 1336 1686
1506 1 713
323 2 435 1501
717 3 530 833 839
1278 4 498 782 1523 1576
1622 5 15 630 1094 1188 1929
1811 7 250 434 508 1062 1153 1230 1993
1305 4 1034 1101 1216 1234
563 6 21 613 1197 1280 1491 1848
1520 3 707 1152 1262
600 4 718 1105 1241 1770
1479 2 1532 1538
1439 2 418 662
1229 5 511 672 828 939 1544
1802 3 1 535 836
1806 4 221 347 1124 1163
292 7 112 478 753 1220 1266 1497 1814
1549 4 160 173 764 1496
1426 4 8 885 1059 1873
1541 2 1708 1840
582 3 1528 1550 1857
156 4 620 728 1226 1677
1548 3 149 171 177
16 3 7 444 940
1089 7 333 968 1042 1114 1594 1748 1791
968 2 916 1202
1632 1 936
807 7 97 250 520 610 701 1532 1850
1267 4 405 406 1779 1796
899 3 129 205 209
131 5 313 1040 1063 1217 1588
1342 6 175 377 532 573 1600 1846
260 4 585 611 891 1965
1764 4 140 572 1443 1631
1703 7 61 395 519 843 995 1133 1699
117 6 879 931 1274 1647 1660 1877
1240 4 244 1591 1747 1883
1654 4 22 889 933 1191
529 5 328 545 1507 1800 1946
1788 8 153 445 1008 1037 1553 1576 1739 1923
1734 9 213 331 480 490 620 825 1002 1380 1589
1145 5 286 1095 1225 1359 1818
22 1 1082
319 7 113 979 1163 1537 1568 1761 1976
75 3 230 1129 1409
1625 6 40 465 938 1089 1316 1885
722 4 357 588 1478 1727
1717 4 366 384 666 1022
466 2 389 894
568 4 464 524 650 1058
1603 6 225 281 350 593 1242 1574
822 7 347 454 467 634 1570 1722 1826
1080 5 137 249 602 677 1967
200 3 614 1923 1985
1162 4 123 310 1186 1603
1349 1 1788
1163 6 594 825 1005 1370 1453 1893
230 4 126 704 995 1286
1440 5 35 95 97 700 1037
1631 1 189
189 4 293 1627 1812 1858
1469 5 93 185 936 1022 1248
1068 4 283 640 1273 1324
108 3 855 1485 1537
1822 4 597 1120 1479 1662
226 4 78 708 1082 1431
788 3 189 386 689
579 4 877 1116 1405 1532
1323 5 657 1400 1548 1693 1911
1705 3 665 868 1249
815 4 82 741 1407 1589
1893 2 1180 1251
1484 3 567 945 1391
802 4 693 1365 1754 1980
1787 5 58 731 1031 1478 1827
582 4 760 1188 1578 1697
1523 3 198 1060 1532
776 4 596 1618 1679 1968
624 4 67 264 441 687
1193 3 480 1089 1145
1213 6 408 743 984 988 1026 1164
992 3 467 1161 1616
1490 3 538 768 1421
1882 2 49 795
400 6 716 742 1015 1628 1727 1988
1900 4 41 1292 1454 1974
33 4 95 141 1513 1820
836 2 260 1356
1279 5 122 716 1308 1386 1780
667 5 63 127 1447 1859 1983
548 3 150 1512 1624
1717 5 405 665 697 795 1666
349 2 444 1371
1640 2 1323 1396
1730 6 89 886 1173 1293 1458 1462
696 6 109 142 557 708 1407 1724
595 2 991 1793
1549 4 856 1217 1282 1733
1759 5 85 279 858 934 1024
989 3 645 834 1768
953 2 1571 1609
373 6 6 646 824 892 1002 1611
1756 4 506 610 1471 1960
777 3 240 507 1571
75 7 37 430 985 1211 1232 1254 1484
1676 2 999 1736
619 6 332 408 820 1263 1464 1705
138 3 617 1055 1193
15 5 114 363 399 702 1767
78 1 809
1643 10 28 110 155 211 520 530 1013 1793 1948 1951
1480 1 1512
1523 3 1233 1811 1848
1408 5 36 50 579 1239 1404
796 5 846 956 1068 1184 1579
103 3 134 143 192
431 3 84 1005 1836
787 3 353 994 1774
702 7 58 84 435 814 1717 1732 1861
1717 2 1169 1403
1337 6 88 176 485 722 1070 1937
195 3 1073 1663 1914
603 2 301 1722
1714 2 1317 1512
237 2 513 1589
693 5 484 1409 1461 1658 1795
1674 3 823 956 1551
698 3 187 255 626
1174 7 56 971 982 1119 1401 1459 1544
765 3 141 526 1617
1169 1 1473
875 2 448 1811
955 7 68 81 246 268 1066 1481 1955
190 4 1076 1125 1686 1878
353 1 346
930 5 314 497 690 790 1871
953 6 651 808 1516 1626 1645 1764
842 2 98 1380
834 3 155 954 1156
1215 2 139 881
828 2 131 1021
324 1 1574
1100 5 193 879 1178 1323 1968
1670 5 711 849 908 1288 1799
1461 3 520 1374 1691
490 5 26 340 677 1076 1586
707 7 19 444 537 1151 1617 1823 1945
915 4 200 405 1659 1774
296 6 21 594 838 908 1874 1940
989 4 370 861 1514 1550
1841 6 55 299 766 975 1229 1865
138 5 256 384 784 1157 1989
1873 3 161 764 1964
1559 3 1012 1556 1875
1634 3 1149 1171 1831
1004 8 96 273 348 369 479 482 1189 1721
624 3 951 955 1872
185 4 380 1066 1414 1900
1227 4 126 507 1489 1690
675 4 638 751 809 1582
175 6 438 487 671 1199 1857 1867
974 6 68 233 528 1639 1958 1965
328 6 346 613 759 911 1246 1653
1202 2 297 1599
1025 3 729 1420 1909
619 4 938 1055 1221 1724
583 3 703 1051 1884
131 3 321 623 1425
484 2 22 1617
1194 2 962 1914
1319 2 649 1841
362 4 124 492 1698 1827
272 4 161 1283 1364 1791
1137 1 1961
1474 1 719
204 6 585 1051 1143 1731 1815 1985
1372 5 183 424 1422 1463 1523
936 4 966 1008 1654 1818
1218 5 143 583 1434 1725 1961
1649 4 209 596 1737 1959
731 4 116 761 934 1160
306 5 417 619 821 911 1617
1490 4 195 300 905 1698
470 3 409 990 1121
1295 2 446 1075
1109 5 632 636 737 1102 1106
194 3 400 1298 1983
719 5 207 325 530 1066 1203
299 4 599 916 1102 1797
21 3 110 1401 1760
1426 3 143 676 1220
1817 3 848 942 1187
1034 6 266 463 545 585 996 1971
281 3 594 663 850
1757 6 156 611 1340 1798 1888 1992
643 2 386 591
894 3 268 1409 1549
1566 2 649 900
552 5 819 1000 1272 1401 1624
24 5 40 49 467 671 1839
585 5 107 879 1680 1682 1864
126 6 353 834 1059 1188 1751 1857
1097 6 648 816 1014 1114 1302 1683
1445 4 18 792 808 877
883 5 274 360 1021 1710 1968
51 3 1385 1748 1984
368 6 436 493 530 1575 1979 1996
1449 5 656 1101 1765 1839 1889
1055 7 419 784 822 967 1022 1080 1283
1643 2 277 931
1158 5 479 584 1663 1747 1749
1295 6 528 541 752 1052 1691 1966
191 4 563 726 1621 1925
640 7 241 386 732 982 1351 1546 1752
326 5 16 565 726 1322 1820
559 2 381 1279
723 7 167 283 355 956 1277 1737 1749
791 3 690 1324 1928
1826 6 237 627 1137 1778 1827 1898
1772 2 910 1197
946 9 315 622 1476 1648 1685 1714 1806 1868 1889
354 7 49 514 718 838 897 1146 1571
131 5 262 686 892 976 1265
528 3 186 1000 1317
1454 3 32 1308 1449
158 4 253 1124 1740 1969
1055 2 1603 1870
536 4 46 932 1117 1488
989 3 367 403 1602
594 3 361 1092 1115
1163 3 365 1092 1608
1111 3 173 396 1391
433 3 429 1126 1580
995 6 233 1122 1142 1340 1403 1591
1265 6 144 220 847 933 1256 1475
1071 5 155 178 470 573 1918
123 4 281 706 1492 1941
762 4 260 759 789 840
1707 2 286 601
166 1 1623
1759 5 210 850 1189 1346 1629
753 5 934 1165 1181 1232 1911
1463 2 237 1134
1624 3 180 706 1497
241 6 920 930 1382 1401 1551 1770
349 4 502 622 643 1729
1455 3 174 424 1388
70 7 279 717 1134 1213 1456 1672 1741
1236 1 1128
415 2 605 1820
975 3 1347 1385 1668
1523 3 1203 1327 1609
1074 3 101 380 491
1390 4 120 147 668 1903
194 4 888 960 1789 1965
1584 4 7 78 797 1166
1677 2 1118 1853
762 5 569 611 974 1344 1875
662 5 945 1394 1708 1939 1999
369 3 709 1055 1381
1439 6 576 636 1616 1739 1955 1975
699 4 393 819 1447 1768
512 2 738 837
1028 5 158 291 896 1330 1369
1542 3 317 612 1713
650 4 67 1162 1453 1810
140 3 794 872 1762
1751 3 379 621 731
839 3 594 695 1128
1879 2 233 861
331 5 414 1072 1292 1529 1831
1612 5 146 334 983 1212 1508
601 2 536 1401
155 6 315 579 600 1052 1736 1954
1201 2 344 1734
337 4 1037 1094 1318 1940
1263 5 288 448 1538 1863 1886
1907 2 864 892
1224 4 263 1131 1336 1804
970 4 232 380 633 1446
10 1 1773
1062 2 218 1557
1617 1 287
1594 4 109 554 1467 1957
1347 3 194 1462 1850
747 4 242 276 1339 1987
1260 6 73 349 560 1051 1146 1438
748 4 180 231 437 447
1430 203 592 647 1791 1879 1890 1147 612 97 240 1875 1904 206 1039 469 1247 421 1691 686 421 243 207 208 858 1199 283 1377 1837 963 1666 1788 1820 1453 1102 191 950 256 1919 1874 283 1775 695 237 1318 410 444 301 1587 847 1401 1442 1391 124 1573 1710 56 1889 708 1906 1731 498 459 388 228 1245 1090 786 16 725 254 107 1082 1643 1753 1530 1247 1874 778 1464 299 1515 209 1781 1806 1082 1172 1159 1481 1341 719 1135 1233 280 1871 1715 1465 1367 1898 1102 346 486 898 1733 151 627 857 1107 909 1108 755 1401 1857 331 1074 1302 1003 430 1350 1501 957 1489 1485 224 1488 699 522 1184 494 263 896 178 1496 493 1172 272 1370 43 1511 333 1997 531 1115 525 1856 874 96 434 1416 1128 1145 1559 1568 798 966 1714 513 94 936 1537 67 1279 664 320 947 550 1500 1341 1227 942 921 280 663 193 1098 1774 1818 1342 1967 1808 1616 498 705 1580 724 1080 1923 947 321 1671 641 1965 1161 136 1660 1451 397 556 69 650 1965 642 159 222 174 1118 7 531 1141 1889 49 1091 1125 259 1184 661 530 1532 1418 1181 254 1469 1308 1798 10 531 895 1071 953 1179 1446 304 770 764 1519 714 1684 1120 371 303 268 1325 1435 1699 1700 647 1597 161 50 1295 138 212 957 1542 1396 282 1706 1744 1315 1888 183 1118 32 262 939 722 18 1340 1193 1159 219 907 471 507 1894 686 203 1548 271 1124 822 1828 690 1303 520 1102 280 1036 1764 198 476 771 1983 205 1836 1640 658 474 1627 1777 74 1185 1506 1082 728 173 25 1587 948 828 357 1396 193 1637 1499 1001 459 1908 784 1082 1623 583 1208 1025 700 238 187 404 1044 1361 574 1617 1382 241 1573 1250 1626 196 203 1856 1554 492 1574 508 1270 531 148 1464 361 636 608 471 1309 585 51 1197 808 1557 576 673 1181 1302 1191 945 1566 1474 1 1735 1693 237 136 649 839 709 1107 1686 1133 1726 78 1814 1910 758 90 237 382 478 247 1282 1169 1153 1058 903 1188 233 1011 1284 380 770 1900 438 1534 1945 980 1 286 595 1893 218 1374 1035 344 1160 937 1903 1785 226 1476 111 1444 219 1785 1170 1474 1485 38 462 929 169 806 1786 849 91 1316 526 1141 382 398 991 1478 1062 1803 1237 977 1797 1726 1135 1819 1539 513 1793 962 376 395 1765 1147 314 1144 1908 800 263 1039 1428 1513 621 311 679 875 418 1027 1201 763 1878 1959 1979 1303 403 590 409 1907 1189 1642 721 1784 1099 215 1122 1680 1029 346 1426 1098 1401 1149 1401 335 1341 40 256 1923 1557 343 997 710 580 1755 450 621 581 1112 1773 1940 402 311 68 1481 1387 711 1626 409 286 1121 612 1438 1137 947 1404 424 1396 1840 781 1245 107 1377 707 1026 1076 1998 1653 998 1220 993 1815 361 1417 1470 5 320 275 327 864 1738 1780 1821 1545 1415 695 142 1198 1193 1806 233 431 1846 434 477 1254 804 1050 490 1597 832 1697 1072 146 762 1576 6 1744 264 1406 1345 463 1082 1224 1261 433 962 1999 3 933 1254 450 703 891 462 1927 1684 353 1905 107 1777 1503 1121 1247 1794 1514 1994 1514 1995 1326 137 401 1407 993 868 288 1508 637 1476 651 1818 18 1439 1552 254 1106 498 387 1220 951 964 706 1236 1375 134 1381 1124 1394 1334 1511 1740 1162 605 383 1391 700 1753 304 22 114 778 457 1733 435 623 1342 1776 518 1645 1685 534 1097 1766 1257 1404 259 1037 1436 556 1805 115 1968 0 557 787 363 482 97 1452 1251 834 766 1846 1629 1115 1455 562 180 319 1 102 1163 379 1583 634 671 1220 1797 383 1014 564 466 1927 552 1661 1590 30 283 460 1064 983 1075 1502 726 316 1444 454 1230 1960 1385 1021 622 459 892 1571 705 168 441 1646 1769 24 1693 372 227 554 221 1082 1514 530 879 1253 803 8 455 433 1361 373 626 531 1507 494 505 678 640 994 1288 1655 964 598 1617 934 1774 145 1394 607 1723 186 1931 589 210 1127 1214 893 240 1449 860 1549 504 407 920 603 650 931 977 257 662 107 1468 1588 1518 716 189 170 139 1784 424 485 1675 1926 409 693 68 1243 1498 1932 1356 1691 1706 1935 1206 841 1906 1884 491 276 181 782 636 557 1251 1578 1504 1255 1356 536 1461 1243 1453 1563 984 1857 515 1875 1646 438 954 1862 1624 277 1658 1509 348 1241 791 386 1555 1152 720 185 1325 1954 1260 344 1574 294 1669 1807 1073 84 769 46 745 1582 113 1738 250 364 771 397 1487 532 39 1981 653 1864 774 1259 974 608 610 1172 1549 1434 1344 230 356 1620 845 1028 1205 293 272 238 1740 820 337 1994 996 1751 1458 1111 800 242 1280 1220 1897 1529 327 138 371 455 1624 1361 282 1094 1846 250 1191 42 1834 714 6 1145 1161 1981 47 677 1710 1679 1941 146 1024 1276 613 1308 1896 865 832 1313 976 1713 1091 980 28 655 49 1553 41 1932 1863 314 671 760 898 880 1961 1167 1097 1233 1054 1175 321 1849 717 1522 636 674 1104 1384 1380 262 1156 631 861 79 422 1531 287 345 1645 389 903 1614 1968 320 815 1252 262 1248 992 65 1188 1629 1624 517 1092 1338 1836 177 1163 1955 1311 564 900 1226 1284 155 1967 505 244 1787 604 1205 224 24 448 1130 1692 935 1635 1140 1123 1024 863 794 1088 840 1771 587 1871 1054 447 1003 1976 1593 1591 189 544 172 544 1104 771 7 1164 1089 502 1758 1347 1226 1399 983 993 471 272 648 71 1945 1834 1923 1079 491 1101 48 98 506 1782 741 853 109 1275 1108 607 287 1246 653 1061 828 1985 393 646 1541 1446 337 1396 1393 1405 497 1673 1240 418 1939 586 1512 193 286 167 184 1066 530 1000 1496 149 1814 885 1635 465 1908 1773 1217 162 1755 1760 372 1337 228 66 1530 25 124 519 1277 310 879 1550 471 1146 1022 1464 355 1724 93 1206 1476 42 969 1524 183 1749 147 529 1924 144 818 1291 1698 1878 213 414 1279 643 699 394 1616 1347 1378 1069 1188 874 639 1599 1665 1832 643 1961 1101 1249 532 334 888 521 1529 747 441 1616 93 1512 1184 1124 1265 1087 196 966 617 968 351 1788 542 1234 1074 775 284 699 772 354 56 1748 1947 1821 1402 1802 382 1257 1921 131 271 1693 102 1308 1025 1271 86 729 405 1134 437 1693 1068 59 936 1854 1569 1319 166 1393 1412 1940 778 194 1737 705 1094 36 364 804 284 1095 734 819 1741 386 1722 602 505 579 1 1307 1140 952 1210 533 1795 268 977 80 125 284 257 405 505 151 1503 1760 1980 433 1030 1944 1020 196 1221 1443 1635 49 1917 849 166 633 1124 1996 670 923 200 687 20 850 1827 801 161 190 1494 674 1633 1405 40 1247 1240 1329 1690 1825 32 647 143 141 1955 1050 1768 1476 312 1575 523 52 869 1438 1393 284 1703 199 135 1291 849 1791 1276 1904 26 922 1923 1556 1460 957 1964 1768 496 1706 719 1085 207 1506 1762 965 388 844 453 1117 459 620 1857 997 87 1653 1213 1157 314 1203 518 385 572 451 1927 454 430 1407 346 1624 1054 246 1016 1814 84 1241 1912 1569 108 1236 1566 954 492 1290 584 244 1300 98 305 463 613 1975 1425 1898 1907 713 23 707 1617 224 751 1117 243 1650 652 1968 1118 410 1858 1394 647 369 190 1713 1336 536 1698 262 1145 1000 1187 930 1788 42 119 1397 160 1000 1128 983 118 366 1410 903 316 1479 1159 1487 483 561 1762 1812 1989 1985 714 981 1279 1410 150 745 1025 1417 1664 4 1410 1370 1296 127 120 257 1105 375 643 112 1136 1171 1550 539 1737 1271 986 905 1435 333 434 1666 1412 587 846 353 1011 1631 1427 1634 1597 334 1046 1666 1636 595 1383 1473 140 1027 173 1441 408 1108 858 497 417 578 873 1076 206 95 898 1933 872 626 1105 453 1211 1052 706 979 1610 1356 376 952 1551 1866 483 1249 717 676 1197 1207 1413 1960 916 619 1870 839 1021 1239 1831 1925 549 746 1026 306 1318 620 1864 1872 1935 418 1672 430 120 682 1082 599 1635 273 70 1576 1003 579 1195 96 1060 458 1336 1438 425 647 54 1184 471 890 1102 1761 1207 848 509 997 411 1765 1502 195 1889 1233 314 181 26 1924 445 868 1123 242 911 953 171 1713 1371 1636 1209 354 1981 1749 1557 1790 1992 1955 1141 405 236 1571 582 971 143 985 583 387 396 990 1469 1398 306 872 732 1850 317 1692 535 1556 434 1625 1413 897 679 555 996 1787 514 724 314 1385 267 909 922 1101 1945 1627 139 800 899 760 1645 584 648 760 1120 116 158 11 906 1029 370 1926 1341 1799 1034 1463 989 1931 549 903 1908 1103 351 786 78 464 390 696 93 1823 1328 261 1852 24 868 947 1623 809 1556 623 703 874 14 1012 1274 632 519 464 1575 1708 1145 654 1137 611 1159 293 1650 1273 1092 224 703 588 1708 877 1137 178 1350 384 172 222 477 291 1201 453 690 651 586 884 1372 306 1458 1324 1028 1820 809 1653 869 915 1224 1068 446 497 1268 1640 87 235 829 12 324 73 1901 95 462 370 1714 315 1992 1335 1811 1925 1447 405 1697 1467 1943 1022 1619 1343 1898 1848 876 769 444 539 167 1919 380 155 1362 1209 759 1467 274 1481 639 914 1918 534 1899 661 1755 490 1365 714 513 1150 907 766 1401 1207 1251 1391 416 1968 1794 1996 1329 1588 125 1528 1100 1186 1726 1269 182 583 110 479 1998 1086 713 912 1181 1278 1468 22 32 1250 1519 1216 1284 813 1028 1457 16 54 1312 174 321 1675 1065 715 769 100 50 944 1841 463 149 380 300 1317 1330 1297 1610 231 193 293 1169 982 875 467 6 103 684 723 1591 1489 1032 1481 1835 216 1047 1803 1165 1788 1618 909 931 582 225 1984 1815 683 838 1403 1716 1347 1345 406 1495 409 805 1344 304 738 510 1317 597 1178 1427 1750 657 1918 1628 809 545 1820 1736 704 1967 718 1954 1624 845 32 1855 905 747 776 163 1317 1186 204 787 1456 1487 1160 735 388 1031 1082 513 54 538 1599 1479 502 1501 1909 1421 389 863 437 1871 803 825 1842 1046 981 1435 1296 1051 130 1191 1031 892 1405 365 1545 1492 745 550 708 1741 1361 1682 660 1007 532 74 884 166 213 617 748 1045 444 1285 777 1806 791 446 1156 72 1207 326 721 1137 497 1152 189 36 899 586 1344 511 1994 1539 1498 1739 1344 1928 1645 235 1943 1349 1361
