2000 1999
1391 3 0 5 6
1039 2 0 4
1888 4 0 7 8 10
1415 2 4 6
342 2 5 10
1356 1 10
864 4 0 1 3 9
366 4 5 7 8 9
454 4 0 1 4 9
553 5 1 2 5 8 10
1949 4 0 4 7 10
920 3 4 7 10
1869 4 2 5 8 10
758 2 0 4
1973 3 0 1 5
653 3 1 3 8
530 2 4 8
1241 2 1 4
551 5 1 2 4 7 8
1231 1 7
658 3 2 7 9
1525 1 2
535 2 7 9
104 4 1 6 8 9
303 3 0 5 8
283 3 3 5 6
1786 2 2 4
567 5 1 2 3 7 10
1137 4 4 5 8 9
734 3 0 6 10
1450 1 2
1806 8 0 1 3 4 6 7 8 10
1701 1 5
823 4 2 5 9 10
42 3 4 8 10
47 3 0 5 6
162 2 8 9
214 4 5 6 7 9
976 4 0 5 7 9
463 3 2 5 8
1881 3 2 3 10
1120 1 7
1632 4 0 1 6 10
1337 4 0 6 7 9
1756 6 0 3 4 6 8 10
634 2 8 10
1467 3 0 2 5
596 9 0 1 2 3 5 6 7 8 10
270 3 3 4 8
543 1 4
533 2 4 5
1881 1 1
1340 1 0
694 4 2 3 4 6
1878 3 0 8 10
561 2 1 10
671 2 1 10
1480 2 3 6
1056 2 3 10
1546 5 0 2 5 9 10
674 2 7 10
1396 5 1 6 7 9 10
1031 6 0 1 2 3 7 9
162 3 0 2 8
1103 2 6 7
124 4 4 5 9 10
366 5 4 5 8 9 10
373 3 1 4 9
1354 4 1 3 8 10
847 3 1 3 10
848 2 3 5
383 2 9 10
1824 3 0 1 8
554 5 0 1 4 6 7
1477 3 1 5 7
732 4 0 8 9 10
415 2 8 10
1959 2 2 6
1369 3 3 8 10
1929 1 5
1341 7 1 2 4 5 6 7 10
332 3 0 5 7
208 1 0
106 3 0 6 9
1337 4 5 6 9 10
656 1 0
1391 3 2 4 10
1238 1 9
198 4 2 4 5 7
405 2 0 1
653 3 1 3 10
683 5 0 1 4 6 7
1948 2 5 7
1616 1 4
236 3 5 6 7
85 1 3
1644 3 3 4 10
687 3 1 2 10
952 4 0 1 8 9
1618 5 0 1 3 4 10
1819 1 3
1203 1 5
996 3 1 4 7
928 3 3 5 10
1920 3 2 7 9
1294 6 0 1 2 6 7 8
968 2 0 3
1740 3 0 6 7
1997 4 0 1 4 6
656 6 0 3 6 8 9 10
877 4 0 6 8 9
1672 3 2 3 10
744 2 0 9
1750 1 0
15 1 5
793 4 0 3 5 6
1286 2 4 9
1979 2 3 9
1283 3 1 7 10
119 4 0 2 5 9
1765 5 3 4 5 6 7
932 2 7 10
656 5 2 3 4 6 8
254 5 3 4 5 6 7
1153 3 2 3 6
386 3 4 9 10
1355 4 0 4 8 9
1954 5 2 4 5 8 9
807 1 10
483 1 8
1531 5 0 2 3 5 8
1530 1 1
446 3 1 2 7
342 2 2 8
123 2 2 9
1758 3 2 4 8
859 4 1 4 6 10
471 5 4 5 6 8 10
1496 6 1 4 5 7 8 9
1466 2 1 5
1286 3 1 7 9
1323 2 2 5
1426 2 4 10
163 2 5 6
1722 5 0 2 3 4 5
799 3 5 9 10
626 9 0 1 2 3 4 7 8 9 10
194 2 8 9
1838 3 0 4 8
202 2 3 4
406 1 9
564 3 0 7 10
580 3 0 7 10
477 5 0 3 5 6 7
978 1 10
1723 4 1 4 6 8
624 5 0 1 5 6 9
456 3 2 3 9
904 2 0 9
1067 2 5 7
8 7 0 2 4 5 7 8 10
1159 3 3 5 9
715 3 6 8 9
1383 6 0 1 3 4 6 8
1761 4 0 2 6 10
1275 5 0 2 5 6 7
181 1 1
1465 2 9 10
1596 3 0 1 5
1838 3 1 2 4
922 3 0 5 10
137 2 2 3
922 1 3
1015 4 0 3 6 8
1951 3 0 2 10
1265 2 1 7
1563 1 7
1076 2 6 8
324 5 0 3 4 6 9
1652 1 7
823 5 1 2 6 8 10
1745 3 0 2 4
823 3 0 3 7
296 2 5 8
1850 2 7 9
876 3 0 4 10
1441 1 10
1503 2 6 7
1249 3 0 1 6
945 1 0
1508 2 0 1
788 4 1 5 6 7
1413 4 0 7 8 10
380 2 0 10
1467 2 1 5
775 2 0 7
440 5 1 3 6 7 8
762 4 0 1 2 4
1240 3 0 3 10
837 3 3 4 7
1018 4 1 3 6 10
1294 4 1 3 8 9
629 2 6 7
699 3 4 9 10
761 4 3 6 8 10
406 3 3 8 10
977 2 1 8
949 5 0 1 8 9 10
1258 3 4 6 8
304 3 1 5 10
1133 3 0 2 9
1546 3 2 6 7
646 2 0 3
839 2 4 5
1715 4 0 7 8 10
1617 5 0 4 6 8 10
1909 4 1 2 8 9
1728 2 2 7
1178 2 2 4
1601 3 1 3 4
551 3 2 6 7
1081 3 3 4 5
1283 1 2
272 5 0 1 4 6 10
651 3 0 1 8
157 3 0 4 6
76 1 5
1469 3 4 5 7
133 3 0 7 9
359 3 0 5 7
1439 4 1 2 6 9
1081 3 5 6 10
1544 2 7 9
1256 3 0 8 9
91 3 5 6 8
819 5 0 3 7 8 10
1728 2 0 10
1969 3 7 9 10
1463 7 0 2 3 4 5 7 8
288 2 1 7
1517 4 1 2 6 9
1536 3 0 2 3
1290 2 7 8
765 2 0 8
1286 3 1 2 10
68 2 9 10
387 5 1 3 5 6 9
421 2 4 10
1498 5 2 5 6 9 10
1290 4 3 4 6 8
1837 2 2 7
416 8 1 2 3 6 7 8 9 10
385 6 0 3 4 7 9 10
76 6 0 1 2 4 5 7
324 2 4 6
1490 1 4
1826 2 3 6
979 2 0 2
1697 1 8
243 1 9
598 3 1 3 6
653 6 1 2 3 4 8 10
1960 2 1 2
1058 3 0 3 6
1231 1 9
1955 4 0 1 5 6
670 3 8 9 10
1588 1 8
502 2 3 9
949 4 0 2 5 10
171 3 0 9 10
846 2 6 9
1594 3 3 7 8
805 4 3 4 5 7
1270 3 1 2 9
830 2 0 3
352 6 1 3 4 8 9 10
237 3 3 6 8
929 1 0
1886 4 0 1 4 9
468 4 1 4 5 9
846 3 4 9 10
176 2 2 4
393 5 1 3 5 8 9
509 4 0 2 4 5
602 2 0 2
1516 2 1 4
1193 5 0 2 4 6 7
321 1 10
10 5 2 3 4 5 8
1984 4 2 6 9 10
1101 4 5 6 8 10
1354 3 0 6 9
1806 3 6 7 8
573 2 7 8
1279 7 0 1 3 5 6 7 9
1628 2 0 3
977 3 0 1 6
613 4 1 3 5 6
1013 2 5 7
550 2 4 8
835 4 1 3 6 9
1840 2 2 6
732 5 4 5 6 8 9
295 3 2 4 6
765 1 6
1383 5 1 2 3 5 8
474 2 1 7
915 5 0 2 3 6 9
426 3 2 7 10
308 3 3 4 5
194 4 1 2 7 10
685 2 4 7
1641 5 1 2 5 6 9
837 4 0 3 7 8
1767 3 0 7 8
555 2 6 8
99 3 1 2 9
708 2 0 1
1419 4 0 2 6 9
1785 3 5 8 10
1695 2 6 9
1611 4 3 7 9 10
1567 2 1 5
933 5 0 2 3 7 9
1827 4 1 3 7 9
1172 1 3
1530 4 0 1 5 8
681 2 0 5
927 3 2 4 10
1433 5 0 1 6 8 10
855 1 4
342 3 0 4 5
421 1 7
1801 2 2 10
505 1 10
892 1 10
1355 5 0 1 6 7 10
630 1 0
1151 3 2 4 8
104 5 2 5 6 9 10
1466 4 2 5 6 8
1997 3 7 9 10
859 1 8
1882 4 0 3 6 10
656 1 1
66 3 0 8 9
1406 2 1 3
405 3 0 3 10
1840 1 3
502 3 0 3 6
1582 7 1 2 3 4 6 7 9
176 2 0 8
1990 6 0 4 5 8 9 10
614 6 1 2 4 5 6 7
847 4 1 3 5 6
731 5 0 6 7 8 10
475 3 0 1 3
1254 2 8 9
902 2 3 10
1335 2 0 7
676 3 5 8 10
1207 4 0 1 6 10
887 4 1 2 5 6
256 2 3 6
1009 2 1 7
734 4 0 4 5 8
53 5 0 2 5 6 9
325 5 3 4 5 8 9
1285 4 6 8 9 10
1360 1 10
104 2 6 9
653 4 5 6 9 10
1719 6 1 3 5 6 8 9
1056 1 2
1891 2 6 10
1566 2 0 9
259 2 2 3
79 1 2
203 4 0 1 7 8
232 2 0 8
1293 5 0 3 5 7 10
877 3 2 4 6
296 7 0 1 3 5 6 7 9
1015 2 6 8
877 1 6
1084 1 7
1369 6 0 1 2 5 7 10
1145 6 1 2 3 5 7 9
858 2 0 8
44 3 2 3 10
1506 6 0 2 3 4 7 8
243 4 0 5 6 8
1826 1 8
1943 4 2 4 8 9
1401 4 2 3 4 6
653 2 5 7
456 8 0 1 2 3 4 5 6 9
154 2 4 8
573 3 1 3 7
748 2 0 4
1839 3 0 2 10
1515 4 0 3 7 9
249 2 7 9
698 2 2 10
1218 3 5 7 9
846 2 3 7
1477 3 0 3 5
904 4 0 7 9 10
455 4 3 4 5 10
234 3 3 4 6
1882 3 4 5 8
14 3 3 6 8
1829 4 1 2 9 10
288 3 0 4 8
653 1 4
1422 2 3 6
1012 2 3 7
474 4 2 3 8 10
1977 2 2 7
467 1 6
1525 3 4 9 10
868 3 0 7 8
1622 3 0 1 4
879 2 1 5
1679 4 5 6 7 10
283 4 2 4 6 7
1270 3 2 3 5
959 1 2
176 2 1 6
536 2 3 5
141 4 2 3 6 8
1717 4 2 5 7 9
1026 4 2 5 7 9
45 3 0 2 8
1565 2 3 6
1841 2 0 2
775 2 2 10
607 9 1 2 3 4 5 7 8 9 10
1733 2 2 7
1126 5 0 1 4 8 9
910 2 9 10
1559 5 0 2 6 8 9
167 3 4 8 9
183 6 0 3 5 7 9 10
1165 3 0 4 8
1227 3 1 4 7
851 2 1 9
1159 4 1 3 8 10
629 2 2 5
142 3 6 7 8
1955 4 0 1 3 4
49 4 0 1 5 10
749 3 2 5 10
1562 2 4 7
1290 3 1 6 8
267 2 2 4
1924 1 0
959 2 4 7
1751 2 1 2
699 1 3
888 3 2 7 9
837 2 9 10
1530 1 2
948 1 6
931 3 1 8 9
1728 3 3 9 10
408 2 3 5
1795 2 7 10
1989 3 0 3 8
1776 4 4 5 6 10
846 5 0 3 4 5 7
1406 6 0 2 3 4 7 10
1858 2 3 6
1882 1 5
1448 3 5 7 9
837 5 0 3 6 8 10
699 3 4 7 9
981 3 2 3 6
1723 3 3 6 8
85 2 1 6
1449 3 5 6 7
791 3 0 4 10
130 1 9
664 5 0 3 5 7 9
1846 4 3 8 9 10
1849 5 0 2 5 6 7
432 2 0 8
1576 3 4 9 10
298 1 7
1419 5 1 5 6 7 9
1057 2 5 10
848 4 0 2 3 5
1979 4 0 1 2 5
2 2 2 9
117 3 3 5 10
246 4 2 6 7 9
330 4 2 3 5 7
1067 5 0 4 7 8 9
949 3 5 6 10
1103 1 6
1679 4 3 5 6 10
289 5 0 1 5 6 8
9 7 0 1 2 3 6 7 8
1990 2 1 8
1047 3 2 3 10
1949 3 1 2 7
430 3 0 3 8
1895 2 0 5
311 7 2 4 5 6 8 9 10
634 3 0 6 10
1697 4 0 1 2 6
629 2 1 4
676 3 2 5 6
357 2 5 7
911 6 0 2 4 5 6 8
626 4 4 5 8 9
1235 2 0 10
606 6 0 1 3 5 8 9
1218 3 2 6 9
155 3 2 3 6
596 4 1 2 7 9
165 2 0 7
1451 3 0 4 5
1616 1 6
1327 1 6
846 4 1 6 7 8
1384 1 9
1879 3 1 3 5
1311 3 3 9 10
959 4 2 4 5 10
1422 3 0 7 9
378 4 0 4 5 7
1096 3 0 5 6
1785 6 1 3 5 6 7 9
1605 4 0 2 4 10
1939 4 0 2 8 9
536 6 3 5 6 8 9 10
1829 6 0 3 4 6 7 8
357 6 0 2 3 4 6 10
382 2 1 10
1017 1 6
1785 3 2 4 6
1772 3 1 2 3
925 5 1 2 4 6 8
507 3 1 3 7
1102 4 2 3 5 8
651 5 1 3 5 6 7
1693 10 0 1 2 3 4 5 6 7 9 10
177 6 0 1 7 8 9 10
174 5 0 3 4 6 7
1886 3 2 6 9
1290 3 0 5 9
1056 2 7 9
734 4 1 4 7 8
920 6 1 4 6 7 8 10
1369 3 3 4 8
1735 2 5 10
605 2 9 10
554 5 3 6 8 9 10
688 4 5 6 8 9
928 3 4 5 6
288 4 0 8 9 10
1658 2 0 9
1868 3 0 2 6
1385 1 7
624 4 3 5 8 10
259 2 2 9
346 4 2 4 7 9
1225 2 2 7
653 4 3 5 8 9
1298 2 3 5
1697 4 1 3 7 9
460 6 0 1 2 5 7 8
753 4 4 5 6 8
915 4 0 4 6 8
180 2 2 8
1700 3 2 3 7
1326 4 0 1 2 10
698 4 1 2 5 10
102 2 1 9
1580 5 4 5 7 9 10
141 1 2
130 3 0 1 6
433 3 0 1 4
393 2 5 7
1256 3 0 5 7
196 6 3 5 6 8 9 10
755 3 1 4 10
1572 8 0 1 2 4 5 6 9 10
1000 2 2 8
286 3 2 4 10
952 5 0 2 4 5 10
1717 4 1 5 8 9
1917 4 0 1 5 8
75 2 2 9
1397 6 4 5 7 8 9 10
1437 3 4 8 10
1522 1 10
755 5 2 5 7 8 9
1735 4 0 1 4 9
949 1 3
1127 3 0 4 10
552 7 0 2 4 5 6 9 10
1662 4 0 1 6 7
432 4 0 1 2 7
1288 3 3 5 6
1245 5 1 2 4 6 9
1596 2 0 7
1991 4 0 3 6 8
1240 3 3 5 6
1390 1 0
543 6 1 4 5 7 8 9
1867 5 0 1 2 7 10
1814 4 4 5 7 10
1757 5 2 4 5 8 10
1334 2 2 3
1384 3 0 3 5
862 2 4 8
347 3 0 9 10
43 2 5 7
1761 7 0 1 4 6 7 8 10
1289 4 2 5 7 9
1477 4 2 3 4 6
1619 2 4 5
629 2 4 7
1589 3 0 5 10
1892 2 2 7
176 6 1 4 6 8 9 10
137 4 1 6 8 10
693 2 4 9
240 4 1 7 9 10
469 5 1 2 3 6 10
150 4 3 5 8 10
1003 3 0 3 8
1972 4 1 3 8 9
1741 2 1 10
648 5 1 5 6 7 9
203 3 0 8 9
710 4 1 2 6 8
848 4 1 2 4 9
979 2 4 9
1198 2 5 9
959 2 3 9
1862 2 2 3
1308 3 2 7 9
1399 3 3 4 6
208 4 3 4 7 8
1475 2 1 2
781 3 1 2 8
1620 4 3 4 6 8
1869 3 0 5 8
23 5 4 5 6 8 10
1998 5 3 4 5 7 9
930 1 6
624 2 4 5
759 2 2 8
1166 4 0 1 3 4
181 1 5
951 2 7 10
299 4 1 4 9 10
1076 4 0 1 9 10
1072 4 0 3 6 9
1915 3 1 7 8
1363 3 1 2 6
275 4 0 7 9 10
750 5 1 2 4 7 8
236 4 2 4 6 9
1418 3 6 8 9
2000 3 1 4 9
1856 4 3 5 6 9
208 5 1 2 5 6 9
1038 1 2
1159 3 1 2 9
1608 3 2 3 6
1501 3 4 5 7
509 1 3
1268 1 3
394 2 6 9
1467 5 0 3 4 7 10
315 2 9 10
1695 4 1 4 6 7
945 4 1 5 6 9
1279 3 0 4 9
1454 2 8 10
1706 2 1 7
567 4 3 4 5 8
295 1 0
551 2 5 7
268 4 0 7 8 9
753 3 1 3 7
1868 5 1 2 6 8 10
725 2 8 9
176 3 1 2 9
332 3 2 3 8
1102 5 0 1 4 6 7
1467 2 3 8
837 2 0 1
1756 2 8 9
818 1 9
1262 2 8 9
1765 3 1 9 10
874 4 1 3 5 9
1258 4 6 8 9 10
307 7 2 3 4 5 7 9 10
1640 2 3 8
674 1 0
288 4 2 3 5 6
620 2 7 8
1452 4 0 1 2 7
1092 1 5
1126 2 0 3
1886 4 2 6 8 10
1909 3 0 1 4
221 5 1 4 5 6 7
1450 3 3 4 6
989 4 4 7 8 10
732 1 5
855 2 2 5
1269 3 4 6 7
1095 4 2 5 6 10
1337 3 1 2 6
1669 2 6 7
481 5 0 3 6 8 10
1683 2 5 7
1390 1 2
76 3 1 4 10
1806 3 2 3 8
403 2 2 9
1648 3 6 8 10
1218 5 1 2 4 5 6
1265 3 0 3 7
1562 2 0 6
1728 1 0
1121 4 0 7 9 10
1787 5 2 3 5 7 9
1992 3 2 7 10
512 4 3 5 6 7
960 3 0 8 10
1339 1 6
380 3 2 3 7
1831 2 0 6
1949 1 4
1663 2 0 7
1783 3 2 5 7
1972 1 7
1084 4 0 3 4 8
1651 2 9 10
1499 3 6 7 8
1293 4 0 5 8 9
413 1 3
772 1 2
502 4 0 1 7 10
1298 1 10
900 3 0 1 7
700 6 3 4 6 7 9 10
79 3 0 6 7
1881 5 3 5 8 9 10
189 4 0 2 4 7
373 3 0 5 10
1844 2 5 8
1687 3 3 8 10
194 3 3 8 10
1516 2 4 9
525 4 3 4 5 8
1256 5 1 2 3 6 10
1344 3 4 5 9
328 3 4 5 9
1258 4 2 5 7 9
1086 6 0 3 6 7 8 9
626 2 3 5
1764 2 1 10
805 5 3 6 7 8 10
1258 4 1 2 4 9
1286 3 7 8 9
239 4 0 6 7 8
593 1 9
973 2 3 10
765 3 3 9 10
652 3 5 8 9
37 2 9 10
719 2 3 6
295 1 10
1963 2 4 8
782 2 6 8
1121 6 1 3 6 7 8 9
1129 7 2 3 5 6 8 9 10
426 2 2 3
990 4 1 4 5 7
614 4 0 3 4 9
1290 5 0 2 3 9 10
66 2 7 10
1251 3 4 6 8
213 6 2 5 6 8 9 10
885 4 2 3 7 8
36 4 0 2 8 9
331 4 2 8 9 10
173 2 7 8
1453 2 3 7
1301 2 6 7
1149 2 8 9
257 6 0 2 3 5 8 10
1850 3 0 3 6
895 6 0 1 3 4 6 8
1084 5 1 2 3 4 10
1420 3 2 9 10
1761 2 2 7
1836 3 1 7 10
481 3 3 9 10
1375 3 7 9 10
918 6 4 5 6 7 8 10
788 6 2 3 4 5 8 9
1171 2 1 3
889 6 0 1 3 6 7 9
1974 1 4
878 4 1 4 5 6
1669 2 7 9
535 3 3 7 9
1751 4 5 6 8 10
1590 2 2 5
899 2 4 6
91 5 3 5 6 7 8
174 3 1 5 7
793 5 2 4 6 7 9
1746 1 5
1466 4 0 3 4 6
1723 5 1 3 4 6 7
260 2 8 9
533 4 1 2 3 9
1763 2 1 8
1528 1 6
1972 5 2 4 5 6 7
1744 5 3 5 7 9 10
28 4 1 4 8 9
240 5 1 3 4 5 9
1356 3 0 3 10
1751 3 2 4 7
638 3 0 2 4
1901 3 5 7 9
996 3 2 4 9
630 1 4
245 3 2 3 4
746 3 0 3 7
1307 3 1 2 10
1603 4 6 7 8 10
513 3 0 2 10
949 3 3 4 5
1463 1 6
346 2 4 10
1728 2 4 10
47 3 5 8 9
1313 1 10
1929 2 4 6
640 5 2 3 4 7 8
1046 3 6 7 9
1718 2 6 10
1402 4 0 1 3 7
1858 5 0 4 6 8 10
1203 1 9
587 2 4 10
973 3 5 9 10
1470 3 1 4 10
281 4 0 6 7 10
823 3 2 6 9
832 4 2 8 9 10
1342 4 5 6 8 9
1939 2 1 7
141 2 5 10
252 4 1 5 6 8
286 2 5 6
534 1 2
989 3 1 2 9
176 5 3 4 5 8 10
1202 2 9 10
1572 2 0 7
928 3 5 9 10
1171 5 1 2 3 5 8
270 1 8
1955 4 2 8 9 10
1701 2 2 8
237 3 5 8 9
1504 2 2 3
396 3 0 1 5
1166 2 4 9
750 3 5 7 8
474 2 2 5
1157 5 2 4 6 7 10
729 2 0 4
1097 4 3 5 7 9
137 4 1 5 6 9
609 5 3 5 6 7 9
297 5 0 2 5 6 7
1390 8 0 3 4 6 7 8 9 10
456 2 0 10
807 1 2
879 4 0 2 6 9
1159 3 0 8 9
186 2 3 6
887 4 0 3 5 7
180 1 1
1020 5 0 4 6 7 10
667 4 1 3 4 6
1214 5 0 4 5 8 9
467 5 0 3 8 9 10
1452 5 0 4 6 8 9
1545 4 0 4 5 10
1972 3 0 1 7
1980 1 1
943 6 1 2 3 4 5 6
846 3 5 7 10
419 2 6 10
83 3 1 4 6
1227 5 0 4 5 6 8
1819 4 2 4 6 9
1997 3 2 7 8
243 4 0 3 9 10
187 1 9
1115 5 0 1 8 9 10
805 3 1 8 9
1990 4 2 4 7 9
1442 3 3 4 6
1084 3 0 5 7
272 2 0 4
525 1 6
1481 1 0
1751 5 1 2 3 6 10
1687 3 1 3 6
949 4 2 3 8 10
1452 3 0 1 4
1167 4 1 4 6 9
1015 2 1 9
82 6 0 1 3 5 6 8
23 2 5 7
1195 4 0 2 3 9
1166 6 0 1 2 5 7 10
975 3 1 3 5
1287 4 0 2 7 8
823 2 1 8
1437 2 0 4
1048 2 8 9
1042 3 0 5 10
1702 4 1 3 4 7
1567 5 1 2 3 5 6
813 3 0 1 2
1231 5 1 2 3 5 7
670 3 4 5 6
624 4 0 3 5 6
1567 2 3 10
1751 2 5 6
1915 5 0 4 6 8 9
56 2 2 8
23 2 6 7
536 3 5 8 10
1549 1 7
1891 4 0 3 7 9
1030 7 2 3 4 6 7 8 10
1005 3 5 8 9
402 5 0 5 7 9 10
551 6 1 2 3 4 5 8
1983 1 1
1224 3 3 6 7
1948 2 5 6
973 2 1 8
365 2 0 6
219 3 6 7 10
1204 5 0 4 7 8 10
1475 4 1 5 8 9
560 5 0 3 6 9 10
537 4 0 6 7 9
1835 5 2 4 5 7 10
194 2 9 10
1204 1 10
305 5 1 3 6 9 10
337 3 0 8 10
227 2 4 8
1355 3 2 8 9
1577 3 4 7 9
400 1 5
543 2 3 9
833 5 2 3 4 5 10
75 2 4 8
1965 7 0 3 4 6 7 8 10
565 1 10
1913 2 0 1
1566 2 3 5
830 6 2 3 4 6 9 10
347 4 2 3 6 8
1750 4 0 2 3 5
1241 5 0 1 8 9 10
634 5 2 4 5 7 10
774 3 1 7 10
317 4 0 2 8 9
1714 3 5 8 10
1522 3 2 3 9
1575 2 1 2
554 3 2 6 8
1738 3 0 5 6
341 5 0 4 6 7 10
293 2 7 8
867 4 0 2 7 8
1162 5 4 7 8 9 10
937 5 0 1 4 7 9
1850 4 1 2 4 9
145 2 0 8
927 3 1 4 5
1368 3 0 6 7
283 3 0 2 6
1437 2 8 10
699 2 7 8
1265 3 1 4 6
500 4 3 5 7 8
1697 2 0 5
1582 2 2 9
246 1 0
1265 1 3
1738 2 2 6
1256 4 1 2 4 9
1686 3 1 4 9
768 5 2 4 5 9 10
444 2 1 4
769 1 7
147 6 3 4 5 6 7 9
734 3 5 8 9
1097 5 1 5 6 8 10
1291 1 4
1169 3 1 4 6
620 2 5 7
1287 1 9
920 4 1 2 3 8
293 3 0 1 10
1265 4 3 5 8 10
796 3 1 6 7
826 1 6
403 3 0 1 3
1651 2 0 1
513 5 2 3 4 7 8
859 4 0 4 5 9
227 6 0 1 2 3 5 8
629 2 3 10
914 4 3 4 8 9
763 5 0 3 4 6 8
808 1 1
889 3 3 6 7
1793 3 1 8 9
1420 2 0 5
1819 7 0 2 3 4 5 9 10
1772 1 6
1870 3 0 4 7
1901 4 1 2 5 6
100 2 5 8
270 3 1 5 9
415 3 3 4 7
1281 1 4
69 5 2 3 7 9 10
1234 3 4 6 7
385 5 2 3 4 5 10
1794 3 0 4 5
60 6 2 4 5 8 9 10
1192 2 6 9
1112 2 3 8
141 3 3 4 10
1501 2 0 8
927 1 7
835 4 1 4 8 10
922 4 3 6 7 8
1899 3 0 9 10
203 6 0 2 3 4 6 9
1737 4 1 2 3 4
182 2 0 1
1676 3 6 7 9
139 2 2 5
434 3 4 5 7
949 7 1 3 4 5 8 9 10
671 1 1
1973 4 6 8 9 10
1627 4 2 5 6 9
1235 4 0 4 5 7
1148 3 4 5 10
535 1 9
1772 2 4 9
1582 1 1
264 7 2 4 6 7 8 9 10
394 1 0
174 6 0 3 4 7 8 9
1499 3 5 6 7
930 3 1 6 7
1263 5 0 2 4 5 9
1291 1 7
1337 3 1 2 3
1226 3 2 5 10
3 4 0 1 3 5
45 2 9 10
1536 5 0 2 3 8 10
653 2 1 3
1437 5 0 3 4 6 8
1562 2 1 3
1901 6 1 4 5 7 9 10
494 3 0 1 9
242 1 3
1745 3 6 7 8
573 3 3 6 10
1472 2 4 9
926 3 4 8 10
243 5 2 3 5 6 7
930 4 1 2 4 5
242 3 1 2 8
410 2 1 2
440 4 1 3 5 10
624 5 0 1 6 8 10
1575 4 0 1 8 9
127 2 9 10
181 2 2 6
938 4 1 2 4 7
512 2 4 10
202 2 1 9
959 1 8
1480 4 0 3 4 8
1178 3 6 7 10
415 5 0 3 6 8 10
1094 2 3 10
926 3 4 8 10
953 4 0 2 3 8
1340 6 1 2 3 4 7 9
814 3 2 4 6
1949 6 0 1 2 3 5 6
1673 3 2 3 8
700 3 5 7 9
1502 4 2 3 6 10
1525 6 1 4 6 8 9 10
1567 2 1 3
1185 1 4
236 2 0 9
1990 2 8 10
430 5 2 3 4 8 9
1012 3 2 6 8
759 2 0 2
181 3 2 3 9
1742 4 0 3 4 7
957 4 0 3 9 10
256 3 0 7 10
1012 3 1 4 7
1972 5 0 3 5 7 9
629 3 0 2 3
1832 5 0 3 6 7 10
531 1 2
1351 4 4 5 9 10
1140 3 2 5 8
1194 5 0 1 6 7 9
1756 1 5
791 2 0 2
1637 4 2 4 8 10
356 4 0 2 3 4
876 3 1 5 8
339 2 5 7
749 4 2 3 8 9
1933 2 2 4
1094 4 1 3 7 8
1017 3 1 5 8
758 2 5 10
1835 5 1 4 5 7 10
1169 1 4
1025 7 0 1 4 6 7 9 10
328 3 1 8 9
1995 3 2 4 10
41 4 0 1 6 7
1756 5 1 5 8 9 10
344 2 5 10
1019 4 4 5 6 8
1525 2 5 7
859 2 6 7
321 5 0 5 6 9 10
1772 4 1 2 7 8
622 1 9
750 4 0 3 8 10
1107 3 4 7 10
1777 5 0 3 4 6 9
1940 3 2 7 8
1839 3 0 6 8
1929 2 4 7
1511 3 0 3 7
289 7 0 3 4 5 6 7 10
1700 5 2 5 6 8 9
76 5 0 2 3 4 7
1126 3 3 8 9
842 8 0 1 3 4 6 7 9 10
912 3 2 5 9
1881 2 4 9
1785 2 3 4
3 4 2 3 4 8
283 2 0 2
356 4 0 2 7 8
483 2 4 6
1256 4 0 1 2 10
203 3 2 4 5
1249 5 0 1 2 7 9
538 4 0 1 7 9
368 3 0 4 8
1287 4 0 5 7 8
1022 5 1 4 5 7 8
1646 5 1 5 6 8 10
107 2 3 7
1562 5 3 6 7 8 10
1193 5 2 3 4 5 6
1290 4 1 3 8 10
1370 3 6 8 10
891 2 7 10
537 5 1 4 5 6 9
253 2 2 9
250 4 3 4 6 9
667 1 2
312 3 7 8 10
1283 4 4 5 9 10
517 3 0 1 9
1620 5 5 7 8 9 10
1213 4 0 7 8 10
949 3 0 3 7
1976 6 1 4 7 8 9 10
1503 3 0 3 5
1986 2 3 9
889 3 0 1 6
167 3 1 5 8
860 6 2 3 5 6 8 10
1729 3 0 1 3
1690 3 0 7 10
799 6 0 2 4 7 9 10
1194 2 9 10
1465 3 7 8 10
447 3 4 5 10
1158 3 0 1 4
927 1 6
952 1 2
752 3 0 5 9
720 4 0 4 6 8
1482 5 0 3 6 8 10
1450 6 0 1 2 5 6 8
315 2 5 9
570 4 3 7 9 10
1840 4 1 3 5 8
1860 4 2 3 4 6
1377 2 8 10
1972 5 0 6 7 9 10
1120 2 1 10
297 2 4 9
372 2 2 5
1974 5 0 1 3 4 9
550 2 1 8
365 4 3 5 6 8
891 5 1 2 3 7 8
959 2 1 2
496 3 3 4 10
741 2 4 10
1736 3 0 6 9
1072 3 1 4 7
228 3 1 5 10
534 2 1 7
332 6 1 2 3 4 5 9
1690 2 0 4
1524 3 3 7 10
325 4 1 5 8 10
1772 4 1 2 3 7
943 4 0 4 6 8
1420 2 3 5
1751 3 1 4 6
560 1 5
1792 3 3 5 8
779 5 4 5 7 8 10
161 5 0 1 3 4 5
1214 5 1 3 4 8 10
1454 1 5
411 2 2 4
1038 6 3 5 6 7 9 10
1767 6 1 2 3 4 5 6
1490 3 2 5 6
538 3 0 1 5
524 4 2 4 7 8
188 3 1 3 4
1589 1 0
91 3 2 8 10
1158 4 2 3 4 7
1561 1 2
978 1 4
468 5 0 5 6 7 8
367 4 2 5 6 9
1120 3 2 3 5
1834 2 4 7
34 3 4 6 8
1486 3 2 5 8
280 4 2 3 5 8
354 3 0 2 4
1437 3 1 6 8
680 1 5
1763 2 0 7
75 2 3 7
1293 4 0 2 4 5
537 3 2 4 10
1767 2 6 10
343 1 3
1026 3 0 5 7
1015 5 0 2 3 9 10
323 4 2 4 8 9
1744 4 0 3 4 8
1059 5 2 3 6 7 10
1773 4 0 2 5 8
1881 6 1 2 6 7 8 9
414 1 2
1806 5 0 1 3 4 6
1420 2 3 7
949 1 2
937 4 1 4 5 10
304 1 2
1680 3 4 5 10
1886 4 0 2 6 9
1683 4 1 2 7 8
999 2 3 10
1528 1 3
315 4 3 7 8 9
659 2 2 10
1190 6 1 3 5 6 7 10
1917 2 7 9
1467 4 1 5 6 8
375 1 0
1582 4 3 6 8 10
1522 4 0 1 5 6
563 3 1 4 7
1026 3 2 4 6
281 1 8
1045 3 0 1 6
304 2 2 10
1598 2 5 7
531 1 4
1687 1 1
347 2 6 7
593 5 0 1 2 6 9
1319 8 0 1 2 3 4 5 7 8
535 2 5 9
588 5 0 3 5 9 10
1193 2 8 9
515 4 4 5 9 10
416 3 2 3 9
825 2 4 10
1406 2 5 8
1640 5 0 2 3 7 9
373 4 2 5 6 7
1574 4 0 1 2 8
981 2 2 10
1139 4 0 1 2 3
346 5 0 1 3 6 7
1729 3 0 9 10
758 2 3 5
699 2 2 5
555 3 4 6 8
1221 3 0 5 7
1457 3 4 6 8
288 4 1 5 7 9
560 3 2 4 7
1765 3 1 6 10
1996 2 2 6
941 3 5 8 10
659 2 4 5
959 3 3 4 8
182 3 2 3 8
75 3 2 4 8
1102 4 1 3 4 5
1176 3 6 7 8
1258 2 1 6
1198 2 8 9
535 4 1 6 9 10
1717 3 0 5 7
211 5 1 3 4 5 7
1683 2 8 9
1168 3 0 2 3
870 1 3
492 1 0
1469 2 0 1
553 3 0 1 7
1770 4 0 5 9 10
513 2 3 6
1229 4 1 4 6 10
256 5 0 1 2 3 4
998 3 4 6 9
100 2 1 3
1096 3 4 5 6
1765 2 0 9
1948 3 4 8 9
595 2 4 7
453 4 5 6 9 10
365 1 1
1991 2 4 10
76 7 0 2 3 4 5 7 8
926 6 0 1 2 4 5 8
1776 2 0 5
1662 4 3 5 6 10
487 1 3
560 2 8 10
9 6 0 1 3 4 5 6
1867 2 3 6
109 4 1 3 9 10
1693 9 0 1 2 4 5 6 8 9 10
1005 3 5 7 8
1977 2 0 5
2000 1 4
848 2 3 9
733 5 1 3 5 8 10
1267 3 4 6 9
1333 2 3 10
104 5 0 4 5 6 8
1591 3 2 3 7
1598 2 4 10
1797 3 6 9 10
1860 3 0 6 10
783 3 0 8 9
1991 3 0 1 8
1862 3 0 1 3
1126 3 0 3 6
239 3 3 5 10
1840 4 2 4 5 9
1633 6 0 1 3 6 7 10
1547 3 1 9 10
421 4 0 1 2 3
1135 5 0 1 4 8 9
111 4 1 3 6 10
1680 4 1 3 4 7
1680 3 2 8 9
289 2 3 6
922 3 0 1 3
304 5 0 6 8 9 10
330 4 4 5 8 10
1133 5 0 1 2 3 9
1823 3 3 7 10
648 3 0 1 10
766 2 6 10
470 3 1 4 6
841 8 2 3 5 6 7 8 9 10
1443 1 2
928 4 0 4 5 10
264 1 8
1265 2 6 8
1419 2 0 6
1287 3 0 1 9
131 3 1 7 9
147 2 2 4
1774 7 1 2 3 4 7 8 10
630 4 0 5 7 8
101 2 3 8
1355 1 8
15 4 4 5 6 8
702 2 0 7
991 2 4 9
1855 3 5 6 7
1149 1 8
1546 4 1 4 6 9
1046 4 1 6 7 9
1765 5 2 5 8 9 10
1489 1 4
1805 3 2 3 8
694 4 1 2 5 8
1908 5 0 3 6 7 9
412 1 8
136 3 5 6 9
1698 2 1 4
1467 3 0 4 8
1575 5 1 6 7 9 10
928 3 3 7 9
613 1 0
1216 2 1 7
1785 3 6 8 10
629 2 1 7
456 3 3 8 9
1202 2 1 4
1486 3 3 7 10
1515 5 1 4 5 6 7
1770 4 0 1 8 10
1084 3 3 9 10
1138 4 3 6 9 10
605 2 2 3
1945 3 3 4 7
1015 3 2 4 7
1108 4 1 4 7 8
1323 3 1 2 3
1641 1 4
495 3 3 5 6
651 4 0 1 6 7
229 1 8
400 3 5 7 10
794 3 2 5 8
959 1 2
1342 3 0 3 4
109 2 3 8
957 5 2 3 5 7 10
1655 4 0 1 2 3
1811 5 0 1 2 5 6
752 2 1 8
414 5 0 1 4 6 7
1365 4 0 4 5 10
4 5 0 1 2 5 7
341 4 0 1 4 10
816 2 2 4
1505 4 0 3 4 6
1584 3 0 5 7
1885 4 5 7 9 10
1941 4 1 2 3 5
158 4 2 4 7 8
1929 3 0 3 8
974 4 2 3 6 8
371 3 1 2 6
1159 3 3 8 10
1311 3 1 7 10
554 5 1 3 4 5 9
1681 4 3 5 6 10
1261 5 0 1 2 5 10
438 5 0 2 4 6 10
64 1 10
791 2 4 6
613 3 2 4 6
438 1 9
1653 2 2 4
245 1 6
846 4 1 4 8 9
60 5 1 2 3 5 10
1860 2 5 6
1475 4 1 4 7 10
76 1 9
1418 3 3 4 8
1396 2 4 6
1437 1 3
47 3 4 5 10
743 3 2 5 6
174 5 0 4 5 7 10
117 4 0 3 7 10
1785 2 9 10
874 6 1 3 4 6 8 9
1155 2 7 9
348 5 0 1 3 7 10
1590 2 1 10
1522 4 0 1 2 5
573 2 4 6
1742 5 2 3 4 8 9
1677 4 2 3 6 8
1722 1 9
335 3 0 4 8
778 5 1 2 4 5 9
455 5 3 4 5 8 9
862 5 0 1 3 4 9
1795 2 3 5
937 3 4 9 10
849 3 0 4 9
308 4 0 3 9 10
1763 6 1 3 4 6 9 10
858 5 4 5 7 8 10
447 3 3 5 7
46 3 5 6 10
1294 3 2 4 6
1466 5 0 4 5 7 9
1442 3 0 1 5
559 5 0 2 3 7 8
1951 2 3 7
416 3 2 6 7
321 1 8
225 2 0 2
1584 4 1 2 5 7
295 6 0 1 3 5 9 10
1751 3 3 8 9
1331 5 1 2 3 4 5
412 3 4 5 7
802 2 0 10
167 4 1 3 5 10
1017 2 9 10
86 3 1 3 4
1715 4 1 3 4 6
1218 2 0 3
1149 3 4 6 8
1662 4 2 4 6 7
1159 3 4 8 9
1490 1 6
408 6 1 4 5 7 9 10
1775 2 4 7
124 2 6 7
1149 3 1 3 5
495 4 3 5 8 10
1159 2 0 1
571 2 4 8
1986 3 2 3 5
875 4 5 6 7 9
346 4 1 2 9 10
1256 2 2 10
1470 3 0 2 3
702 4 2 6 7 9
468 2 2 6
1806 3 0 1 9
183 2 3 6
1470 6 2 4 5 6 8 9
1436 5 2 6 8 9 10
965 2 2 10
932 4 2 5 7 9
1466 2 5 8
889 1 6
1653 2 4 6
1499 1 1
768 4 4 5 7 8
1605 4 0 2 4 9
1573 2 3 8
791 1 10
137 2 0 10
412 3 3 4 7
23 3 2 4 6
96 3 0 1 3
791 3 5 8 10
1203 6 0 1 2 4 7 8
1872 2 2 9
141 4 0 2 5 9
430 4 0 2 3 6
1078 1 6
1724 2 2 5
603 5 0 5 6 7 8
1909 4 0 7 8 10
947 3 0 1 4
1464 4 1 6 7 9
837 4 2 8 9 10
338 5 0 2 4 6 10
408 5 0 2 5 8 10
1391 5 5 7 8 9 10
1466 6 0 1 3 4 9 10
1843 3 0 6 9
1567 2 3 10
1785 6 1 5 6 8 9 10
629 5 0 2 3 5 10
33 4 0 5 8 10
1453 3 1 8 9
1009 3 3 5 7
600 3 1 7 9
1496 4 0 2 3 6
405 3 0 5 9
1885 3 3 7 10
710 5 0 1 3 5 10
748 5 0 1 2 3 8
1938 1 9
837 3 3 6 9
1179 2 8 10
1058 3 0 3 9
1486 3 1 3 8
1046 2 1 4
1775 4 0 4 5 8
31 5 3 4 7 9 10
560 1 6
1687 7 1 3 4 5 6 8 10
1530 4 4 5 7 8
235 3 1 3 6
517 1 6
634 6 1 2 3 6 7 10
1779 3 0 4 9
23 4 0 2 7 10
837 6 2 3 4 7 8 10
479 2 2 6
994 5 0 2 3 5 6
1017 3 2 7 10
121 7 0 1 3 4 6 8 9
1431 1 3
1681 2 0 8
718 3 2 3 9
462 1 5
468 3 1 3 10
101 1 7
1617 2 1 10
1945 2 5 8
1015 2 5 9
1745 7 2 4 5 6 8 9 10
633 4 2 6 7 9
221 4 0 2 3 9
1602 5 0 2 4 5 7
810 3 4 9 10
626 2 5 6
1574 2 0 4
766 4 4 5 6 8
1588 4 1 6 8 9
1986 3 0 1 9
1903 6 0 2 4 6 8 10
259 4 1 3 4 7
1823 1 5
109 4 1 3 6 8
915 3 1 2 5
902 2 5 8
1620 6 0 5 7 8 9 10
328 6 1 3 5 7 9 10
831 6 0 1 5 6 7 9
553 3 5 6 8
494 5 0 1 4 5 10
1525 4 2 5 6 9
1329 2 6 8
322 3 0 1 8
479 2 1 7
778 3 4 7 10
1204 6 0 1 3 4 7 8
1221 4 0 1 2 5
1121 3 3 8 10
1490 3 2 7 10
1169 2 1 7
823 3 1 8 10
1605 8 0 2 3 4 5 7 8 10
782 3 3 6 9
885 5 2 3 4 5 7
211 3 3 7 9
295 5 2 3 5 6 9
1529 5 0 2 5 6 9
1729 2 3 9
1134 2 0 3
1396 3 1 6 10
1530 7 0 1 4 5 6 7 10
628 4 3 5 7 10
1850 4 0 4 7 9
254 3 0 2 5
477 4 1 5 6 8
1299 2 1 6
328 7 0 1 2 6 7 9 10
18 2 0 7
620 3 0 6 10
312 6 0 1 4 5 7 8
823 5 1 3 5 8 9
1124 2 0 4
188 1 5
1034 5 0 1 4 8 10
1775 4 1 6 7 8
1941 3 2 5 10
59 4 0 3 4 5
1513 6 0 2 3 4 5 7
813 3 2 3 8
1696 2 5 10
785 3 1 6 10
1651 7 1 2 4 5 7 8 9
440 7 3 4 5 6 7 9 10
1979 3 6 9 10
1981 4 0 1 3 8
900 4 2 3 6 8
551 1 8
293 3 0 4 7
91 5 0 1 2 7 9
948 5 0 3 4 6 7
245 3 0 5 10
1762 2 6 10
1819 2 4 9
1794 3 2 6 9
1543 2 1 9
256 5 0 1 3 7 8
500 2 6 8
1850 6 1 3 4 5 6 10
849 7 0 1 3 5 7 9 10
562 4 1 4 5 8
52 6 1 2 3 7 8 9
1816 3 1 5 6
1376 4 1 2 8 10
37 1 5
1015 1 9
1240 3 2 3 4
1168 2 4 8
592 5 2 4 5 6 7
1917 3 6 8 10
846 6 0 1 4 6 7 10
900 2 3 4
915 3 6 7 8
1583 2 4 10
1466 4 1 4 5 9
385 1 8
928 1 10
1450 4 0 7 8 9
535 4 0 2 4 10
234 5 3 4 5 7 8
1113 2 1 2
253 3 2 3 8
1363 7 0 1 2 4 6 7 8
1646 4 1 4 7 9
536 4 2 4 6 9
1811 3 0 3 6
1567 4 0 1 3 5
288 4 1 7 8 10
122 4 0 2 5 6
1785 3 2 7 9
1331 3 2 6 8
562 3 1 2 5
1806 3 1 5 10
1623 5 0 2 5 6 7
851 1 4
366 2 2 9
236 4 2 4 7 10
1652 3 3 5 6
1574 5 1 3 7 8 9
1046 4 2 3 4 9
1626 5 0 1 4 7 8
1351 3 1 5 9
1546 5 0 4 6 7 9
1715 3 1 6 9
304 3 0 4 8
1356 3 1 4 7
698 5 1 4 5 9 10
1728 3 4 5 9
573 4 0 1 4 9
699 3 0 2 7
1282 3 6 8 10
816 2 2 6
1915 4 3 7 8 9
1803 3 0 3 10
855 2 2 7
191 5 2 5 6 7 9
1721 2 4 5
1026 4 2 8 9 10
1837 5 1 2 5 6 7
1742 5 0 3 4 8 9
416 3 3 6 8
1947 1 0
1892 2 2 4
928 6 0 2 3 5 9 10
791 8 0 1 5 6 7 8 9 10
1588 3 5 6 7
1405 2 0 5
1583 1 1
618 2 0 8
1031 3 0 4 7
778 5 0 3 4 7 10
1218 1 3
918 2 3 9
1265 2 6 7
1935 5 0 2 3 9 10
739 5 0 2 8 9 10
124 7 0 1 3 4 5 8 10
630 1 10
1626 3 2 5 6
1167 5 2 3 6 7 10
837 2 3 6
459 4 1 3 5 10
1194 3 4 7 10
670 4 3 7 8 10
1867 1 4
1213 2 1 10
1097 3 6 8 9
1862 3 1 7 8
1263 4 2 3 8 10
1466 4 0 1 4 8
1331 1 2
823 4 3 4 8 9
1819 3 0 1 7
931 3 2 9 10
1525 5 1 4 6 9 10
202 2 1 4
587 2 0 2
874 6 5 6 7 8 9 10
1169 3 2 5 9
1983 1 7
378 5 0 5 7 9 10
1687 2 7 9
1431 3 0 6 9
787 2 4 7
1761 1 6
1785 5 0 3 5 6 9
1628 6 0 3 4 6 9 10
1462 4 0 1 5 7
630 3 5 6 9
1956 2 8 10
1762 3 5 6 9
1238 2 1 3
1881 6 1 2 4 8 9 10
1127 3 4 9 10
862 3 1 6 9
1093 3 4 6 8
1442 3 0 7 9
1578 4 0 5 6 9
1577 1 7
117 4 1 5 6 8
1204 5 3 7 8 9 10
1585 3 0 8 10
1869 1 10
141 3 1 6 8
1758 3 0 3 10
1591 1 7
560 2 6 8
1872 6 0 1 6 8 9 10
1284 8 1 2 3 4 5 6 8 9
1121 3 0 1 10
743 3 2 5 8
676 3 0 2 7
703 4 1 3 6 7
551 1 3
596 6 0 2 3 4 5 6
855 2 0 2
699 5 2 3 8 9 10
19 2 2 7
1629 4 4 6 7 8
141 1 8
968 3 0 8 9
53 1 7
573 3 0 7 8
719 1 1
256 2 2 5
1929 6 0 4 6 7 8 10
1499 3 2 3 5
1582 2 0 7
435 4 0 6 9 10
1322 4 1 4 5 9
1306 1 8
208 2 0 1
205 4 0 1 4 8
1746 4 0 4 5 8
1364 7 1 2 4 6 7 8 10
968 5 3 4 5 6 8
1481 3 6 7 10
1499 5 0 3 4 6 9
1194 4 0 4 5 9
1329 4 0 2 5 10
1730 4 4 6 8 9
203 8 1 2 3 4 5 8 9 10
748 2 0 10
513 4 0 2 3 4
1165 4 1 4 5 8
1039 2 1 6
1690 3 1 7 8
1420 4 4 5 6 7
1452 2 1 5
1530 2 0 2
856 2 0 2
573 3 3 9 10
1737 1 8
839 1 7
1360 4 5 7 8 9
1567 7 0 1 3 4 5 7 8
595 4 1 2 3 4
776 1 8
1908 4 1 2 7 10
1150 5 0 1 2 3 7
1971 2 6 8
944 4 1 7 9 10
537 2 5 8
1093 3 1 4 7
1264 1 0
1851 2 1 3
1225 4 4 7 8 10
1979 4 0 6 7 9
10 3 2 7 8
1121 3 2 5 9
818 4 0 1 5 10
259 2 7 9
1441 2 2 5
734 4 5 7 8 10
1429 4 2 4 7 10
886 1 8
1094 1 6
500 5 1 5 6 8 9
988 3 5 9 10
1150 4 1 2 8 10
446 5 1 2 3 7 8
82 4 1 2 4 8
1616 3 1 3 10
1501 2 0 9
386 3 1 3 10
1441 3 0 1 9
1171 2 6 10
1171 4 7 8 9 10
1451 3 3 5 9
1687 2 0 9
949 2 5 6
732 4 2 4 7 9
23 5 0 3 4 6 7
1051 7 0 1 2 3 4 6 9
885 3 5 7 8
1470 1 5
1274 2 5 10
1071 2 0 6
1443 3 0 1 10
440 3 1 3 5
482 1 4
630 4 0 1 4 9
130 1 0
957 2 3 7
360 4 1 3 4 9
1211 2 0 1
762 3 3 9 10
281 3 1 3 4
535 2 2 8
569 7 2 3 4 5 8 9 10
1616 4 1 2 4 6
1530 5 0 1 2 4 9
695 5 2 4 7 9 10
14 1 5
1188 5 0 1 2 5 7
523 3 4 8 10
928 2 9 10
1313 4 1 6 8 10
1462 4 2 3 5 9
1198 4 2 5 8 9
1680 3 0 7 9
1187 3 0 1 6
1626 5 3 5 7 8 10
1745 2 2 4
234 2 6 7
1286 3 2 5 10
420 5 0 1 5 6 9
915 6 1 3 4 5 8 9
879 5 2 4 6 8 9
422 3 0 2 8
1207 3 2 4 5
385 5 3 4 5 6 8
1503 3 0 7 10
1858 3 0 5 10
194 4 0 3 5 7
10 0 7 0 8 6 10 7 8 4 6 2 9 9 8 0 1 8 5 2 8 2 7 9 0 7 9 9 3 4 7 0 2 7 1 5 5 8 5 5 7 1 6 0 0 4 1 5 7 5 8 2 1 8 8 7 8 3 8 10 5 5 5 8 2 8 2 8 0 1 0 10 1 4 7 7 1 5 3 1 8 4 3 3 9 3 6 7 6 3 9 7 6 7 7 5 6 2 7 8 4 7 1 0 10 0 10 9 7 6 1 7 3 4 10 0 0 1 10 1 2 7 9 5 3 3 4 10 10 8 6 6 3 8 6 2 10 4 0 2 6 8 8 5 8 4 1 4 5 10 1 7 9 4 2 4 5 3 7 1 5 2 0 2 8 9 7 5 2 7 6 2 4 2 2 8 8 10 10 10 7 1 4 3 3 7 4 5 2 10 3 2 9 8 5 7 2 10 0 5 2 6 3 7 6 5 2 1 5 8 8 10 0 8 1 2 8 10 0 6 9 2 6 0 0 10 0 6 2 4 8 0 8 8 1 8 0 10 9 8 5 0 9 10 2 9 4 2 0 8 9 2 0 9 10 4 0 1 7 8 6 5 9 9 1 2 5 4 2 6 2 6 1 0 4 2 2 3 2 5 10 9 10 6 9 2 3 0 10 7 5 8 2 8 10 9 0 6 1 1 5 7 0 2 3 6 8 2 5 7 0 6 10 7 8 3 0 2 1 5 5 6 7 9 10 8 4 2 9 2 6 10 8 1 10 6 3 4 6 5 2 1 2 6 6 0 3 8 10 5 4 0 2 1 3 6 2 3 10 0 8 4 7 6 10 3 7 1 9 4 0 2 8 7 10 8 4 5 1 2 1 10 6 1 8 6 4 0 10 10 0 4 9 6 10 10 0 10 0 7 10 6 10 3 2 2 7 1 2 10 2 1 1 8 1 0 4 8 6 1 9 6 1 3 4 10 4 3 7 3 3 1 2 3 7 5 1 3 3 0 3 0 2 3 6 5 2 7 4 9 3 6 8 6 3 8 8 10 5 1 6 9 6 10 6 10 9 8 5 7 6 5 4 3 7 4 2 4 7 2 8 2 5 1 2 0 3 3 6 2 4 7 6 5 0 5 6 2 4 9 0 10 0 4 9 9 5 5 7 9 7 2 5 6 9 8 2 9 3 6 4 0 2 6 10 1 0 1 2 6 3 10 2 1 0 6 3 2 10 7 4 5 3 6 10 7 8 10 3 4 8 1 1 2 0 4 10 5 8 2 0 3 7 4 6 2 5 0 5 10 3 3 5 9 5 2 9 6 2 10 7 4 7 9 3 1 0 9 1 0 9 7 8 0 2 5 3 9 0 5 4 7 10 10 7 2 0 8 6 6 9 5 9 0 8 1 1 8 3 8 6 6 9 7 4 0 5 1 10 1 8 9 4 0 1 10 9 4 2 1 8 0 9 3 4 3 8 3 9 7 0 4 4 10 10 10 8 9 4 2 8 7 7 3 0 9 6 10 5 4 8 5 7 6 5 0 6 1 4 9 1 2 9 9 3 2 4 9 1 2 9 3 7 4 0 9 0 8 6 4 7 6 2 9 4 8 2 10 9 6 3 2 3 3 3 10 5 2 1 3 8 0 4 7 0 8 6 6 5 5 0 5 8 1 7 9 2 8 4 1 2 4 1 9 5 5 9 2 6 4 4 3 10 6 3 7 4 0 4 2 1 0 10 3 2 4 8 4 3 8 7 0 6 10 9 0 7 5 9 10 0 2 10 1 6 7 2 6 2 10 4 6 0 2 7 2 7 9 1 1 3 4 1 0 7 10 7 10 1 6 5 3 7 5 1 0 9 8 0 0 10 8 5 6 6 4 10 5 4 2 3 1 8 2 2 9 3 6 8 7 0 10 2 0 2 10 10 1 8 3 10 0 0 0 7 4 3 3 2 4 5 3 0 6 5 10 0 9 5 9 0 0 6 2 3 5 10 6 2 4 6 5 8 0 0 7 10 0 4 5 0 0 3 1 9 7 5 6 5 5 7 7 1 2 0 2 1 9 7 7 5 0 3 7 7 10 1 3 2 5 5 10 3 0 2 9 3 5 2 0 5 4 9 2 7 7 6 1 5 2 0 0 1 1 6 3 1 4 2 5 3 6 7 1 3 9 6 7 10 10 1 7 2 5 4 9 4 0 9 7 9 9 3 4 10 9 0 5 3 3 5 0 7 6 2 7 5 10 9 3 8 9 9 8 1 6 5 1 6 5 9 9 1 3 3 8 3 8 3 1 1 4 3 6 1 3 7 5 5 2 3 8 10 7 2 3 10 6 6 0 6 6 4 7 0 9 10 9 5 2 10 10 4 0 7 6 9 10 10 2 4 8 5 8 10 2 10 8 9 4 8 3 0 5 10 8 4 2 6 8 5 5 3 1 6 3 0 1 9 7 8 1 5 10 8 8 3 4 5 5 2 2 0 10 1 9 10 1 3 1 4 4 8 3 10 6 7 8 1 1 6 6 4 5 10 8 3 8 4 0 0 7 2 7 9 10 3 4 8 4 1 3 8 2 4 1 4 7 0 0 5 7 10 1 6 6 5 0 7 10 4 10 6 10 4 6 5 6 2 1 6 4 10 0 6 6 6 8 7 10 0 6 2 5 10 2 2 8 0 2 3 1 3 10 3 2 9 10 10 9 7 9 7 10 10 10 1 8 5 2 7 6 5 7 9 4 7 10 4 1 4 4 0 0 7 5 6 3 3 0 6 10 3 0 3 0 7 8 2 7 3 8 9 9 2 7 8 0 0 4 4 9 8 10 8 0 10 10 7 10 1 0 9 10 8 10 9 7 4 0 7 8 8 3 9 9 0 0 6 10 9 1 8 6 6 2 9 6 2 5 0 4 6 3 8 9 3 8 10 0 7 9 3 8 2 8 1 3 7 7 10 3 0 8 9 10 1 2 2 8 2 0 10 6 10 8 4 0 5 7 7 9 3 7 0 10 3 7 9 5 5 7 2 1 3 2 2 10 9 2 1 5 5 0 3 6 3 4 2 10 5 2 2 4 4 4 2 10 3 9 4 7 2 1 9 6 1 9 7 2 1 1 0 9 2 7 3 8 3 2 3 6 4 10 9 1 3 3 6 9 2 5 4 6 10 9 10 5 3 9 5 1 5 3 9 0 7 5 3 6 9 5 5 0 1 3 3 6 10 5 3 7 7 6 0 8 8 2 1 5 4 1 2 3 5 5 2 10 2 8 7 2 3 0 7 4 7 9 0 8 3 0 4 8 8 8 1 8 5 4 7 4 7 7 1 9 4 3 1 6 6 2 8 2 5 8 2 10 6 3 8 0 8 8 7 2 2 2 2 3 2 2 7 6 8 4 8 1 5 4 3 5 3 6 3 1 3 8 5 8 9 8 5 10 2 4 6 4 8 10 9 6 9 3 4 10 10 2 4 3 4 6 3 8 10 6 9 5 2 0 7 3 4 0 7 5 9 7 5 3 8 0 9 8 2 5 3 9 8 1 0 2 2 5 5 5 0 8 1 1 6 1 6 4 1 6 4 4 5 7 10 7 5 7 1 10 7 8 9 9 10 4 2 1 0 8 1 0 0 9 2 7 3 0 6 10 10 6 4 5 4 2 5 8 9 7 2 0 6 7 0 5 0 3 4 6 1 8 8 5 1 2 2 8 6 6 10 2 8 3 7 6 0 2 2 5 2 7 1 0 1 4 10 6 4 1 2 7 1 4 2 6 3 8 0 3 9 3 10 3 6 0 4 8 10 7 7 8 9 10 5 4 9 3 2 10 0 2 8 9 1 3 4 7 8 3 9 5 10 1 1 8 5 9 5 9 6 5 0 5 0 2 5 10 7 10 6 9 7 0 9 10 10 0 9 8 4 4 9 0 2 6 5 3 4 9 3 7 4 6 7 10 7 0 3 9 10 2 3 9 7 6 4 2 9 8 2 4 9 0 9 9 4 1 1 8 2 2 6 0 10 2 6 4 8 6 0 0 7 3 7 9 8 7 0 4 4 8 10 0 10 10 6 1 7 0 2 10 8 5 9 3 6 9 7 9 1 2 0 2 6 0 3 10 1 4 1 10 3 2 4 5 4 4 5 1 8 7 7 1 3 4 3 10 0 5 10 2 7 0 8 7 1 6 5 2 10 7 5 8 2 5 0 5 6 1 10 3 1 5 4 1 7 1 8 6 0 7 2 0 8 5 9 5 4 7 8 3 0 10 3 8 9 8 9 7 9 9 5 5 8 4 4 10 1 4 9 2 0 7 6 0 3 2 0 10 7 7 2 0 4 1 5 2 10 5 6 10 5 0 6 1 0 7 6 9 0 9 4 8 8 4 4 3 4 7 6 4 6 7 9 7 8 3 3 6 10 5 2 7 6 2 5 6 7 3 5 2 1 1 7 7 9 2 8 0 7 7 3 3 3 1 9 5 9 6 0 1 1 3 6 10 3 2 0 8 6 5 9 1 1 10 6 0 5 3 6 0 4
