1936 2000
1926 5 403 1340 1393 1454 1756
740 5 61 748 1044 1499 1547
62 4 59 534 710 1057
549 4 184 1150 1591 1768
1301 5 560 1065 1172 1175 1763
1489 3 506 1188 1986
1762 5 94 450 1218 1331 1893
566 3 19 267 1794
1188 7 246 487 647 966 986 1091 1150
1175 9 84 584 715 895 1153 1450 1459 1544 1787
1269 6 560 675 1301 1477 1610 1943
1826 9 180 259 532 821 871 887 976 1348 1409
1073 2 1015 1999
1501 6 162 350 459 932 1040 1831
74 4 49 1463 1504 1655
1645 7 206 659 688 974 1191 1401 1643
461 5 814 1237 1306 1968 1985
1033 3 149 1412 1872
1204 6 338 380 450 638 1127 1864
1621 4 437 1152 1583 1814
1751 5 241 1119 1196 1584 1749
784 5 185 275 537 947 1106
1807 4 191 1064 1069 1422
117 1 1156
285 3 238 434 1286
374 6 159 473 494 924 1394 1805
370 8 653 950 1400 1490 1621 1718 1730 1914
1136 4 596 774 813 1180
195 3 300 854 955
250 8 339 507 863 1165 1449 1552 1636 1662
1236 3 171 537 1862
297 4 1328 1351 1386 1780
1322 4 81 919 1138 1304
1360 6 53 279 442 634 1209 1859
130 7 223 881 1136 1143 1147 1300 1870
638 2 1373 1747
1455 7 968 1115 1227 1441 1748 1894 1951
706 6 137 379 665 848 1030 1807
1904 9 94 526 619 751 792 1012 1413 1455 1596
994 2 789 1010
782 5 623 713 844 1473 1550
348 4 1086 1609 1743 1834
1414 3 424 652 957
72 8 319 700 1029 1171 1229 1354 1878 1891
960 5 10 107 837 841 1201
1079 7 394 956 1467 1471 1737 1977 1996
95 7 227 442 612 957 992 1284 1320
1199 4 512 1125 1587 1913
867 5 518 1022 1396 1540 1922
1659 7 186 243 280 774 1410 1477 1890
1074 3 430 505 937
916 1 886
731 5 14 655 962 1215 1393
1678 3 150 1118 1883
1767 4 291 963 992 1480
1534 3 56 126 909
492 6 283 723 906 1485 1643 1790
909 1 1214
1664 4 28 308 554 956
1290 3 230 653 1307
1115 5 139 272 369 464 659
951 5 330 1430 1471 1792 1934
1751 5 355 378 783 985 1592
307 2 214 1448
1103 5 208 520 1638 1673 1992
1885 7 472 678 1060 1404 1425 1481 1511
619 2 318 395
706 5 402 730 1114 1468 1789
1306 5 353 896 1151 1198 1822
1086 6 242 471 769 1218 1678 1930
521 6 193 305 337 362 426 810
566 3 557 702 1284
67 3 79 256 1662
1912 9 133 363 477 815 836 884 973 1194 1351
300 2 75 840
400 7 369 383 818 1597 1637 1719 1728
65 1 1688
1 8 24 339 446 705 716 1040 1331 1721
383 4 469 651 1308 1829
35 5 613 686 1363 1389 1662
1468 6 147 479 919 1436 1458 1665
1278 7 154 291 315 658 1046 1497 1594
540 6 192 683 697 878 1194 1681
1282 4 521 1061 1235 1454
723 6 110 299 882 1194 1251 1609
1174 11 38 140 851 949 1101 1163 1289 1300 1538 1639 1887
221 8 141 360 471 475 1158 1339 1554 1996
1583 5 67 781 1156 1257 1834
577 6 601 617 822 1135 1218 1815
1643 7 2 232 681 693 697 842 846
1351 6 194 460 610 1228 1518 1541
1086 3 1146 1259 1683
305 6 305 340 1475 1492 1874 1903
1292 3 216 994 1231
768 8 169 485 611 901 1166 1259 1363 1587
1474 4 470 646 1172 1569
369 3 689 1090 1600
182 3 42 383 1914
462 2 126 1156
172 6 692 1082 1121 1257 1576 1797
1552 2 1947 1976
288 6 33 42 177 248 1291 1775
502 4 446 1020 1266 1742
740 6 26 104 305 589 690 1240
1357 4 487 1446 1776 1915
822 7 19 38 203 449 1138 1756 1826
562 1 514
75 10 280 454 552 735 807 812 953 1029 1811 1831
741 3 532 1546 1688
874 2 250 323
663 6 549 1121 1640 1738 1752 1829
1590 3 667 1684 1892
240 6 80 90 837 1145 1197 1966
1859 9 181 225 230 475 1157 1225 1365 1774 1778
1247 3 801 1132 1635
86 7 377 586 1377 1561 1629 1796 1988
1624 4 153 326 680 1166
584 4 770 1589 1644 1711
1597 1 122
374 7 71 769 786 807 815 893 1282
1522 6 331 501 658 736 1603 1718
881 1 1830
1768 4 349 365 567 915
475 1 711
1064 4 145 422 897 1827
1157 3 342 553 1634
1798 5 675 776 852 985 1592
841 6 45 189 556 818 1168 1716
816 5 149 369 1675 1761 1794
1789 4 660 818 1109 1362
1837 5 123 818 1535 1627 1657
895 4 288 641 1513 1700
1046 3 822 1261 1788
1722 3 50 416 1371
1901 7 381 920 1079 1513 1618 1792 1895
948 6 620 849 889 1043 1074 1791
1507 2 361 1748
577 3 278 957 1814
1108 7 149 235 546 678 777 1161 1336
1607 5 2 990 1151 1237 1594
1812 5 113 144 821 1545 1960
33 8 303 704 842 865 1204 1708 1787 1943
1735 4 286 474 861 1939
59 2 317 1524
1476 3 502 1157 1929
103 3 556 1080 1267
1760 7 256 774 1038 1384 1576 1824 1876
1682 4 786 1219 1697 1919
701 6 725 1256 1398 1416 1550 1837
1750 1 523
1174 3 406 1277 1937
1159 4 158 545 699 729
359 3 722 1004 1259
431 4 515 915 941 953
776 6 686 1279 1393 1438 1702 1866
632 4 587 850 1645 1761
200 5 460 1175 1414 1644 1970
293 3 851 1445 1998
1586 4 767 1061 1638 1979
1721 4 1450 1597 1803 1896
646 4 392 964 1293 1867
579 1 1321
1758 4 84 544 1690 1860
951 5 299 357 1611 1736 1772
694 9 81 84 169 416 887 1193 1296 1360 1688
1878 4 335 1637 1852 1881
1733 5 448 484 1126 1424 1995
1827 3 147 482 1321
1271 5 1209 1320 1354 1554 1818
1412 3 1 1171 1995
674 4 189 376 1727 1918
1590 6 82 1161 1338 1364 1546 1571
1375 6 439 582 895 913 1172 1355
337 8 213 310 342 515 637 689 1174 1495
58 3 935 1204 1467
1875 4 262 359 1108 1333
195 4 741 1041 1513 1889
1202 4 205 234 480 1782
1837 5 126 240 386 516 662
1208 8 250 460 611 985 1472 1683 1805 1825
492 2 1 628
1545 6 556 1249 1275 1576 1622 1940
1705 1 801
1726 2 911 1297
1530 5 544 568 1036 1390 1794
1171 5 11 331 684 883 960
1884 3 1066 1627 1781
780 4 211 517 646 1364
316 5 152 269 364 441 1208
117 7 459 845 1222 1282 1325 1644 1737
1072 6 160 315 777 792 1698 1945
1773 9 261 416 820 1163 1169 1231 1451 1816 1865
1644 7 525 1233 1283 1287 1384 1633 1929
1188 10 334 513 535 702 842 1457 1500 1895 1902 1921
221 6 10 164 326 365 670 1013
731 4 415 843 854 1710
1695 4 142 455 675 1122
1722 6 169 716 1138 1148 1248 1327
718 3 76 785 1452
1271 4 22 375 695 1311
1800 3 647 939 1059
1657 2 508 1860
1008 3 410 1116 1870
692 8 120 890 914 1199 1331 1571 1591 1897
1454 5 1079 1097 1266 1469 1680
757 4 389 1154 1715 1853
1179 2 1485 1808
1615 4 656 783 1156 1698
718 2 1572 1594
1249 2 803 1711
166 4 63 535 1360 1808
503 7 315 520 590 637 1755 1786 1882
1818 7 290 448 499 952 1166 1467 1794
920 7 292 563 1162 1408 1532 1562 1850
372 5 227 337 1208 1412 1438
244 5 83 742 924 1155 1728
1429 6 121 161 301 487 551 1504
466 5 82 173 462 554 730
245 5 420 809 905 1053 1328
1064 4 880 1413 1731 1754
250 4 140 725 943 1657
1891 6 79 296 468 856 985 1181
1518 5 884 1114 1437 1455 1645
1779 2 597 1860
926 3 1223 1680 1935
1818 3 694 1329 1342
36 7 549 576 736 1101 1239 1428 1857
1175 5 269 817 880 1284 1953
599 7 69 461 471 517 973 1082 1134
1760 5 87 632 664 1676 1723
695 4 14 173 532 966
973 4 337 1594 1711 1802
1054 4 218 845 1773 1900
1709 5 223 446 492 1325 1645
1005 3 58 460 473
900 4 132 490 979 1204
1780 3 160 579 682
1172 5 483 1188 1521 1640 1645
1824 6 446 744 1020 1204 1602 1611
1689 2 395 934
1648 3 460 1315 1961
1121 4 751 1217 1509 1516
279 2 479 1133
692 2 224 510
357 5 174 551 648 956 1562
1086 3 964 1224 1413
722 5 792 963 1198 1699 1708
297 5 217 266 324 1734 1898
1448 5 659 1119 1274 1739 1879
933 1 1547
1842 9 276 324 1032 1430 1448 1555 1587 1605 1723
1572 5 388 638 839 1176 1567
1160 5 786 892 1081 1087 1477
1456 4 124 197 1389 1574
1287 4 589 1042 1495 1552
415 5 1218 1413 1506 1566 1825
609 8 342 561 705 1286 1576 1659 1770 1986
646 3 184 499 1792
1179 2 1684 1991
56 3 13 90 206
1073 4 120 994 1652 1845
456 9 64 624 771 871 948 1314 1597 1873 1904
1427 4 136 1331 1340 1457
1169 9 116 154 198 231 459 543 1432 1557 1775
658 4 607 907 927 1897
276 6 751 1255 1421 1615 1685 1925
755 4 261 437 510 749
1691 5 16 30 304 317 1352
1242 4 75 975 1186 1460
784 5 270 592 650 1146 1787
692 5 15 283 918 973 1909
355 6 716 943 982 1163 1429 1726
1881 3 741 1250 1610
297 6 119 425 799 867 1473 1639
471 3 278 700 1871
1208 6 218 316 459 704 1414 1752
914 8 585 747 1152 1316 1365 1687 1737 1805
1630 3 247 264 1603
1696 3 382 1354 1638
1053 4 115 667 1207 1351
1898 3 736 1317 1692
1552 3 279 1380 1647
938 2 691 1900
1556 5 439 709 974 1852 1965
1603 9 253 813 1385 1413 1431 1511 1530 1646 1764
1051 5 199 394 448 537 1655
201 2 83 556
694 5 203 547 1110 1283 1897
1514 9 125 130 224 547 762 997 1506 1543 1981
673 2 565 1671
933 8 273 301 302 364 881 1519 1702 1951
1269 3 685 863 1343
1208 1 1553
595 5 392 423 493 557 1613
1850 6 976 1149 1260 1355 1653 1936
197 3 128 1665 1690
1919 8 200 223 904 1035 1076 1271 1500 1537
235 2 265 1803
1071 10 397 458 645 779 1144 1182 1597 1630 1655 1848
1666 4 8 1180 1278 1642
1745 1 311
706 3 1154 1314 1879
1695 6 145 560 705 1417 1440 1483
1192 7 188 434 456 489 694 813 935
1375 6 546 812 865 883 1677 1695
715 3 829 947 1427
1904 3 827 1276 1473
4 6 48 81 454 571 1124 1501
995 5 748 968 1150 1680 1776
1514 4 193 539 949 1934
40 7 470 1231 1483 1498 1524 1542 1837
1866 3 602 1074 1899
552 3 522 656 1722
1631 5 218 318 459 721 1675
735 3 39 1069 1374
1385 4 404 616 728 1637
1771 9 249 299 550 599 727 962 1241 1374 1976
30 5 688 1168 1305 1499 1949
540 6 273 379 971 1177 1301 1702
1428 4 529 854 893 1120
1501 5 193 262 948 957 1963
1467 10 26 57 85 182 355 975 1339 1419 1654 1928
730 5 88 532 619 1158 1322
1053 4 133 584 727 1740
817 2 526 675
703 3 1333 1389 1477
291 8 95 233 422 470 1306 1442 1508 1771
276 7 44 416 614 803 1264 1522 1602
504 5 7 727 866 1081 1896
1670 3 145 148 862
1023 5 236 337 666 1652 1794
1691 4 1336 1603 1736 1931
789 2 205 1079
1389 8 277 312 440 744 927 1402 1539 1656
1898 5 768 1347 1416 1492 1663
657 4 738 756 771 1731
496 4 258 475 515 1041
1072 5 724 913 1010 1321 1555
1239 5 697 789 1206 1225 1541
1186 2 1573 1780
297 5 681 822 1051 1812 1907
1411 3 74 196 565
1641 4 115 865 1495 1939
759 5 459 789 1083 1103 1138
1634 4 1186 1423 1796 1829
542 4 8 1306 1433 1944
1696 3 425 550 735
1639 5 107 114 119 769 1076
521 6 200 615 1435 1520 1539 1762
619 1 1368
1837 5 756 786 1070 1269 1649
1735 3 869 1115 1475
1908 5 729 950 968 1219 1559
1246 3 65 76 682
209 4 127 901 1523 1712
829 5 99 159 302 1178 1881
158 6 124 265 1449 1560 1696 1820
118 4 169 479 878 1050
1545 8 5 107 235 248 267 617 692 1320
1121 4 420 577 759 1965
1648 3 202 1702 1913
987 4 5 1076 1265 1834
1280 3 722 736 1511
1453 5 176 186 628 1193 1769
969 5 244 297 422 974 1647
343 4 509 603 970 1938
1936 7 76 141 890 999 1188 1397 1749
1214 5 184 421 1233 1269 1962
1789 3 796 1272 1455
1078 7 177 454 572 618 1054 1245 1336
701 7 58 391 526 731 1292 1510 1673
1355 7 64 119 972 1101 1343 1546 1942
1868 5 472 1083 1229 1700 1855
797 1 2
1435 4 329 775 1133 1179
768 6 137 936 1253 1301 1508 1786
174 3 526 573 1046
138 1 461
1757 2 752 1751
288 6 19 188 1004 1291 1516 1753
530 3 744 929 1891
1701 5 309 911 1134 1591 1707
30 7 118 349 1016 1231 1286 1460 1559
1496 3 512 1750 1835
1841 7 150 177 371 618 1073 1177 1484
532 4 37 688 703 1727
726 4 749 867 1185 1560
1202 7 790 949 983 1188 1312 1416 1696
691 4 1005 1236 1376 1468
1526 3 453 731 973
1698 3 136 1607 1811
829 8 497 541 663 1202 1445 1460 1615 1910
1109 6 474 493 652 748 1048 1305
651 6 175 798 1635 1646 1977 1986
1154 4 262 511 591 1112
1913 4 749 859 1285 1690
830 4 201 380 1168 1784
165 6 284 1006 1145 1239 1519 1969
374 5 977 1246 1329 1819 1884
1623 3 228 415 1364
191 3 1020 1514 1601
222 5 6 132 288 1403 1936
1319 5 0 297 453 1065 1122
1819 3 364 1025 1904
1292 3 393 550 1682
186 6 157 289 536 740 1231 1282
51 2 1219 1401
1495 5 248 690 1261 1550 1865
263 6 527 1034 1120 1338 1459 1868
279 2 718 1881
339 5 697 863 1041 1540 1798
1749 3 580 653 1872
57 3 533 541 1046
1448 8 29 73 1272 1397 1780 1835 1892 1971
207 2 1134 1715
1852 5 79 1018 1206 1762 1781
1148 8 462 705 1107 1122 1231 1563 1785 1835
797 5 314 653 762 1404 1908
1530 9 527 562 667 699 850 937 1231 1307 1834
144 3 292 1545 1644
673 5 99 292 925 1775 1817
1926 3 125 964 1266
1453 2 611 1898
1560 7 230 240 651 964 1298 1299 1468
1233 5 150 428 526 1333 1869
788 4 576 642 1256 1602
163 3 197 1583 1956
1807 2 384 1375
1732 3 268 1234 1997
694 6 334 1085 1102 1177 1399 1500
1385 3 534 1700 1831
901 3 231 907 1106
263 2 222 1127
331 2 757 1759
1351 5 267 515 667 739 1730
1484 5 236 297 428 557 1384
1255 5 817 1233 1304 1514 1549
1589 5 744 1073 1289 1762 1848
1454 6 4 6 297 654 943 1947
726 4 127 368 1128 1535
1165 3 107 379 846
970 7 2 22 226 286 342 1156 1180
1126 8 47 316 486 883 1205 1411 1684 1987
1903 3 80 1684 1899
220 6 194 373 997 1301 1581 1912
1699 3 711 1242 1294
865 2 373 431
823 6 310 621 1351 1742 1775 1876
1110 3 103 699 1464
1412 5 474 606 1497 1578 1704
1815 6 225 237 498 783 1297 1890
22 5 649 796 1252 1265 1790
1885 8 58 201 332 548 626 862 1486 1640
814 5 981 1002 1217 1423 1942
252 3 1326 1402 1944
1820 5 847 941 1486 1576 1999
436 5 68 166 215 850 1032
1888 4 15 273 335 1153
1660 8 57 690 699 742 845 1027 1134 1268
1122 4 188 374 623 1216
740 2 924 1036
572 6 41 47 447 784 1402 1524
1671 2 903 1272
1260 5 621 869 1181 1300 1773
894 8 215 449 836 878 1226 1564 1576 1712
1891 4 208 213 1074 1202
212 2 788 1439
1827 4 198 721 738 1672
761 4 393 671 703 1695
1450 5 190 296 379 723 814
1153 5 1214 1358 1514 1607 1725
1236 5 144 336 447 731 954
895 8 6 54 424 1006 1061 1167 1381 1942
1666 5 629 997 1141 1518 1844
182 5 24 142 262 904 1513
1202 7 366 472 493 548 1243 1317 1807
1209 8 198 388 411 1708 1757 1790 1838 1934
1443 3 601 1219 1547
1904 4 330 1202 1453 1542
1359 3 835 899 1593
740 7 89 411 926 998 1128 1331 1896
1507 3 409 734 1718
1632 4 215 358 534 1474
1247 5 116 308 351 490 1929
1250 2 116 574
950 4 339 1410 1677 1680
1484 6 14 441 883 983 1787 1866
343 4 370 1093 1329 1356
601 3 650 827 1564
841 5 199 236 416 954 1624
51 10 194 655 1119 1268 1276 1530 1670 1759 1855 1978
1152 5 786 1250 1305 1440 1792
1750 6 193 351 702 1021 1332 1364
15 5 397 1156 1586 1797 1988
1096 4 2 377 861 1216
1086 4 386 413 667 863
1085 6 119 508 1005 1083 1283 1353
694 2 1222 1562
198 4 378 545 998 1093
1494 3 452 1109 1660
572 6 13 95 461 899 950 1814
264 4 920 1003 1165 1967
1219 6 95 777 795 1142 1330 1864
195 4 200 1087 1249 1980
962 3 315 1778 1829
1447 2 548 1043
625 5 76 786 1273 1454 1991
862 1 197
1859 6 477 563 1054 1381 1523 1652
1137 4 253 645 1006 1636
1402 1 1467
638 7 41 54 128 207 1034 1232 1859
1317 3 170 431 1178
1539 5 272 409 581 1237 1701
686 4 559 1178 1346 1395
930 2 523 601
234 4 709 773 1518 1725
1103 3 1075 1608 1792
1486 4 147 1118 1226 1697
1693 2 906 1168
1138 6 438 916 1515 1721 1868 1881
1560 6 390 911 1022 1091 1597 1961
1696 5 276 284 940 1573 1780
994 4 390 529 794 1441
1636 5 122 287 446 508 1203
359 9 91 165 604 762 864 938 1072 1526 1780
1124 6 111 125 344 530 643 1316
1494 1 1293
1420 3 318 1206 1284
757 3 171 392 511
498 4 1057 1136 1717 1741
1481 6 334 610 781 892 1649 1808
1005 6 278 1351 1520 1548 1681 1773
1024 6 12 88 548 781 1667 1775
1487 8 905 1031 1108 1298 1618 1742 1798 1933
1157 7 151 840 1116 1239 1255 1395 1698
1854 5 853 1346 1594 1719 1847
1237 6 209 915 1118 1339 1505 1988
1140 2 568 727
1374 8 158 162 170 360 982 1116 1680 1841
742 4 84 452 1202 1546
1448 3 63 176 496
933 3 244 1100 1617
1773 2 1005 1401
1612 3 438 504 1316
309 5 620 886 974 1416 1721
1179 4 99 801 1051 1379
1227 6 181 210 820 890 1072 1918
566 5 70 306 797 1070 1851
1725 7 48 209 243 563 1362 1636 1768
1729 4 217 434 643 1083
1385 6 183 753 1018 1031 1469 1816
787 4 193 1030 1644 1768
1305 6 118 178 325 525 1383 1714
1662 6 245 1028 1150 1510 1704 1897
367 2 1597 1876
1840 6 137 337 1138 1295 1320 1381
1712 5 196 1492 1528 1794 1935
81 5 210 639 779 1618 1930
1893 4 144 936 1204 1981
62 8 171 637 984 1032 1143 1588 1939 1962
86 6 279 665 1143 1495 1573 1937
1134 5 2 645 837 1165 1639
815 7 216 657 796 847 855 1060 1251
246 5 231 386 1042 1280 1647
1818 4 194 1161 1391 1595
1754 7 116 214 1237 1321 1514 1798 1882
1317 5 242 818 1092 1153 1814
1096 2 904 942
514 5 770 781 1381 1619 1952
284 10 183 217 327 578 599 677 765 791 1058 1309
1493 4 263 385 1075 1106
856 7 714 941 1105 1519 1521 1709 1934
967 3 124 1339 1918
890 3 820 1430 1877
192 6 2 166 639 753 1131 1869
466 2 684 955
1293 1 1451
759 7 200 880 892 922 1389 1866 1983
1191 7 17 458 574 1225 1667 1848 1878
1508 4 554 854 1763 1988
1121 1 1531
1897 6 466 612 1198 1238 1316 1498
1759 4 534 1413 1500 1566
284 9 16 320 507 592 758 865 1384 1422 1873
927 2 45 1887
1252 2 1250 1910
807 6 571 1433 1440 1442 1795 1801
1219 5 161 468 516 1755 1837
643 5 102 1328 1536 1681 1787
951 5 54 168 913 1238 1581
637 4 247 622 1630 1789
1732 8 381 714 822 926 1616 1747 1780 1865
568 7 128 237 317 1005 1483 1613 1817
1936 5 33 275 829 1206 1611
1480 4 617 740 965 1209
1789 4 580 1095 1363 1925
502 5 2 203 1138 1269 1901
1116 3 17 1611 1666
1919 8 178 427 601 932 994 1398 1728 1974
1536 4 33 1181 1829 1867
1521 6 230 630 649 805 1109 1658
1651 4 817 1222 1228 1278
171 6 528 559 848 943 951 1699
946 3 616 730 1779
981 3 29 164 742
1083 3 210 859 1061
1599 4 642 826 1314 1669
502 6 307 511 625 792 1156 1753
293 2 171 383
1659 3 598 1156 1370
1004 1 1707
1697 3 1574 1659 1787
1454 5 319 345 1493 1537 1949
163 2 1451 1529
1295 8 40 291 365 847 1074 1458 1917 1962
725 4 616 918 962 1702
807 4 96 450 911 1640
1229 2 1398 1473
1494 6 121 786 1395 1556 1861 1969
1868 5 230 870 1559 1579 1797
1155 3 26 242 1133
250 5 13 14 33 614 1819
172 6 367 808 1323 1363 1554 1629
1427 5 259 329 673 706 1399
411 7 120 132 555 1113 1175 1767 1909
933 5 646 817 1703 1766 1787
1292 4 246 543 687 1247
1852 3 1110 1436 1985
1645 5 114 191 573 605 1097
1657 2 110 685
425 4 804 1493 1879 1919
319 5 534 549 684 1127 1377
1225 5 218 503 637 652 653
413 4 262 275 607 674
962 3 8 778 1465
10 7 626 805 1063 1203 1295 1706 1859
713 5 51 255 293 1723 1853
1190 5 816 850 1544 1739 1800
1385 8 519 610 639 734 806 1492 1536 1627
1750 6 139 790 878 898 1179 1411
1419 6 158 606 773 1224 1513 1865
898 6 154 306 382 1004 1262 1806
920 6 480 835 1106 1459 1612 1922
58 9 16 177 412 595 1034 1185 1389 1633 1787
811 4 9 15 534 1230
1090 6 76 196 625 1498 1797 1935
49 3 180 443 1532
477 6 440 648 1078 1200 1366 1737
1582 5 125 1056 1366 1517 1536
96 2 430 1163
1008 3 1100 1213 1633
1557 4 3 969 1000 1889
1175 3 69 417 1678
1174 2 460 710
91 3 203 1074 1346
1634 4 331 374 693 1709
1314 7 331 337 912 1324 1532 1592 1620
436 7 114 595 617 826 1223 1598 1681
559 6 109 1176 1369 1403 1578 1952
1209 3 671 1635 1847
1292 7 352 610 636 778 1054 1249 1389
1509 3 512 1094 1484
425 2 1200 1384
79 5 176 505 649 1293 1428
1848 6 229 244 792 1341 1495 1894
1641 3 189 352 837
1840 3 187 294 640
1905 5 201 206 377 688 1272
220 5 26 1409 1745 1824 1871
1202 2 837 1400
461 6 442 599 894 931 1924 1980
462 4 873 955 1630 1671
50 6 265 281 376 578 1372 1456
697 5 333 652 727 1302 1451
1745 7 464 482 751 1234 1236 1529 1951
1202 7 611 865 1117 1424 1595 1784 1800
761 4 242 473 1064 1472
835 4 465 1300 1793 1900
5 6 260 289 418 1039 1131 1351
221 6 40 438 529 905 1493 1569
1317 4 990 1681 1720 1939
909 5 74 916 1225 1546 1901
627 5 254 507 576 1342 1563
1141 4 208 224 1219 1222
1192 11 68 240 358 398 739 1393 1398 1540 1575 1743 1858
1535 4 47 1160 1235 1321
521 5 45 535 714 1099 1411
358 4 357 455 1163 1599
1215 2 943 1818
577 9 97 618 660 883 1071 1275 1398 1811 1827
1427 3 378 479 691
1670 1 158
589 2 988 1933
1689 5 357 758 974 1014 1280
103 4 72 641 1413 1630
1424 5 36 466 862 1068 1944
1271 8 252 530 605 1083 1259 1327 1509 1839
204 3 393 991 1653
194 3 751 821 1374
646 5 445 872 1144 1309 1756
760 5 364 395 805 873 1163
1680 3 605 1528 1897
1509 3 607 1324 1576
1648 4 489 505 588 873
625 4 22 683 1784 1971
1794 3 508 658 1002
48 6 61 628 1075 1080 1398 1948
125 4 39 750 832 1797
595 9 93 455 596 752 1143 1449 1544 1812 1842
1389 4 122 800 1602 1833
922 4 778 1307 1458 1588
871 3 197 479 1345
1170 4 341 479 686 1893
740 4 744 957 1363 1579
68 3 1042 1784 1925
828 10 284 367 371 391 505 897 1231 1291 1395 1586
230 5 101 245 453 597 1786
171 3 688 699 1502
168 2 133 1937
1299 4 318 1583 1879 1978
1508 3 458 1532 1768
1454 4 212 470 1523 1609
207 4 747 1255 1309 1786
1199 5 289 1475 1590 1852 1861
1758 5 1105 1230 1262 1638 1826
99 8 69 388 588 592 681 759 875 1196
1279 5 296 534 1117 1302 1907
165 4 170 471 1300 1383
1411 4 188 592 1284 1637
1176 4 583 1176 1316 1477
1621 7 263 411 661 835 1217 1614 1683
1008 4 11 322 1189 1275
786 4 1336 1547 1658 1664
944 3 1167 1554 1708
19 2 69 167
1428 1 219
1141 2 59 1940
1285 4 75 311 1123 1840
1453 12 224 399 415 484 497 596 981 1170 1219 1231 1285 1641
695 5 511 1528 1531 1688 1840
244 3 8 557 873
829 7 161 274 484 662 793 1071 1898
1352 6 228 414 790 1011 1110 1324
894 4 255 513 1021 1245
627 4 1022 1261 1357 1811
980 2 63 1216
431 2 69 426
209 6 311 522 1010 1113 1687 1892
1380 3 170 1245 1992
564 2 662 704
686 6 178 331 373 714 825 1075
819 2 1665 1879
766 2 246 1453
568 7 93 397 408 907 1385 1541 1912
207 6 165 431 899 934 1195 1486
150 6 45 515 676 1525 1833 1930
1052 6 537 1240 1383 1556 1581 1586
99 2 266 1406
811 4 861 1137 1476 1557
718 5 1126 1447 1452 1474 1716
1032 6 531 668 988 1105 1791 1910
1639 1 612
86 5 241 385 641 1122 1502
1834 3 18 708 985
1904 4 184 271 1054 1674
582 5 576 767 813 1948 1975
360 3 16 328 1212
1603 4 909 921 1487 1587
353 6 273 509 576 607 1088 1402
1510 4 669 862 997 1284
1793 6 250 637 975 1228 1277 1446
128 7 183 524 849 1107 1137 1294 1483
349 4 450 1117 1245 1938
1467 3 809 1875 1955
168 4 21 609 1005 1951
1171 5 797 821 947 1035 1548
156 4 131 1699 1949 1996
1651 8 465 1037 1056 1116 1498 1597 1640 1789
1325 5 166 871 1168 1232 1830
1037 4 199 429 693 734
1219 9 103 245 280 560 644 1191 1506 1576 1813
304 7 138 330 392 466 919 954 1904
1865 5 105 336 746 855 1743
1545 7 750 865 1021 1293 1310 1889 1994
1722 4 1307 1710 1728 1927
911 4 658 1439 1738 1883
142 8 124 257 353 404 407 1064 1370 1488
1456 4 366 460 993 1994
221 4 906 1114 1182 1471
1221 5 543 664 670 1436 1615
1450 5 73 499 672 768 925
1387 4 464 517 672 1202
85 2 1188 1192
201 3 287 538 627
1500 2 374 1199
92 6 371 555 1499 1530 1629 1702
605 4 322 466 1121 1801
442 7 242 361 759 1035 1258 1297 1852
325 5 87 280 299 1197 1370
1310 4 87 382 1045 1977
1779 1 847
450 5 504 531 558 1128 1886
1522 4 1034 1203 1379 1731
787 4 204 1126 1202 1758
1162 6 384 814 1010 1354 1488 1806
1322 3 36 1515 1625
720 6 328 752 1286 1576 1658 1683
532 8 52 106 195 1320 1588 1819 1907 1959
612 6 499 841 1000 1001 1769 1910
112 5 470 764 886 1486 1496
91 3 59 949 1693
288 3 760 1103 1298
1449 3 1116 1712 1961
1782 4 427 874 1544 1876
1326 2 1393 1536
640 4 137 318 869 1511
99 6 57 373 380 563 1157 1406
1053 4 588 847 1527 1639
950 4 584 910 1562 1985
1913 6 265 344 842 1091 1693 1715
1659 3 398 804 1056
631 4 471 1354 1392 1557
1759 4 815 996 1642 1912
550 3 1110 1290 1852
998 7 132 227 406 1083 1365 1794 1799
1518 3 96 635 1743
1864 7 327 337 384 388 1301 1482 1605
628 5 347 1402 1507 1827 1924
1054 6 101 766 858 888 1895 1909
496 9 323 335 460 547 667 773 1022 1453 1560
1118 6 166 188 310 918 924 1692
602 6 376 677 1361 1550 1552 1600
72 8 56 100 601 972 1239 1714 1784 1945
572 6 257 436 938 1084 1559 1752
1311 4 722 1215 1675 1857
1854 2 226 1093
112 6 55 179 725 1268 1271 1619
1080 4 267 502 562 1984
1030 5 184 455 655 1517 1932
367 4 504 755 811 1480
207 5 548 1235 1537 1927 1990
1927 4 35 841 1294 1956
1175 6 273 527 757 967 1090 1702
200 7 276 400 418 1427 1788 1834 1865
62 8 1151 1414 1442 1457 1503 1556 1670 1922
1050 4 263 382 1108 1120
909 5 752 976 982 1320 1866
309 4 123 508 566 674
49 2 853 1448
1511 3 1012 1257 1401
270 4 1497 1622 1900 1903
1848 5 473 1269 1683 1745 1993
1612 5 373 471 493 514 1568
462 6 404 459 628 791 948 1738
1351 3 369 1256 1432
478 3 442 954 971
958 5 107 1408 1511 1562 1984
172 4 548 692 1410 1721
1322 5 43 697 1003 1295 1355
600 4 91 1168 1275 1994
118 7 385 488 639 787 837 1250 1883
292 6 366 528 938 1161 1397 1722
1182 6 610 625 683 726 1420 1686
532 5 935 1183 1639 1800 1963
1052 7 268 369 434 1132 1154 1635 1642
130 3 290 763 959
1385 4 242 809 1587 1735
769 4 238 695 855 1599
1653 5 71 113 490 1028 1130
1689 5 8 549 673 1440 1748
566 4 641 738 925 1787
1578 1 1230
1494 4 447 708 725 829
229 6 748 807 824 1473 1610 1676
822 7 197 218 1063 1226 1327 1630 1655
288 3 520 726 1556
1859 1 1344
471 5 809 1230 1576 1707 1862
566 4 493 1365 1420 1967
930 7 316 581 642 804 844 1045 1449
1696 4 167 427 1596 1956
1249 4 64 199 1715 1947
1293 7 104 109 270 1379 1510 1546 1613
1449 6 277 391 802 1043 1220 1508
1190 4 194 388 620 1278
826 6 33 100 132 271 379 1990
1338 4 127 1124 1234 1816
1518 6 265 649 701 1376 1911 1955
1179 4 323 847 1623 1821
558 3 637 1330 1340
412 7 52 290 749 1178 1458 1687 1719
109 4 60 798 1065 1737
868 3 458 533 851
1846 6 106 250 509 738 895 1685
655 4 921 1372 1827 1828
832 3 783 964 1593
933 7 25 687 701 868 1549 1568 1889
1166 3 1119 1188 1887
1722 6 170 1197 1234 1686 1767 1911
383 8 119 183 242 622 965 1345 1469 1474
1154 6 214 583 695 709 1867 1944
1034 7 91 422 1032 1375 1646 1783 1967
998 6 69 127 227 278 338 914
1178 4 398 781 1271 1325
1837 5 359 1243 1497 1621 1633
307 5 188 283 1499 1534 1953
1179 7 67 681 870 897 1289 1344 1963
1121 6 853 998 1444 1462 1611 1885
305 6 154 427 920 958 1401 1621
1481 6 54 116 1710 1782 1887 1902
316 4 23 610 808 1763
1687 5 212 978 1090 1436 1872
790 7 405 713 830 1305 1532 1773 1888
577 7 24 216 289 714 1103 1286 1881
1231 4 372 598 613 643
877 2 489 986
1838 3 301 539 1135
1454 7 558 588 848 1345 1448 1567 1629
723 2 1311 1555
423 5 82 518 633 718 1774
1133 4 281 485 716 1906
15 6 64 296 1145 1381 1571 1692
109 6 144 428 863 1411 1595 1620
36 7 195 389 600 626 797 1651 1891
1086 7 221 275 601 1114 1255 1374 1515
1388 6 144 149 1036 1529 1581 1619
967 7 465 506 972 1283 1641 1659 1905
65 6 306 425 512 839 1062 1974
1219 2 348 1862
295 4 152 218 1760 1854
184 5 403 1007 1075 1162 1945
1865 3 694 1242 1806
973 4 95 213 1044 1997
1357 4 458 957 1152 1906
1377 3 529 610 767
1523 6 127 292 434 552 961 1456
951 6 99 412 753 1616 1624 1799
218 2 249 813
1000 5 724 792 1111 1482 1766
811 3 598 906 979
1609 5 581 674 746 749 1926
692 2 581 966
849 4 202 407 1567 1756
1031 2 275 1457
1103 4 952 1219 1401 1776
1692 6 60 76 362 667 1834 1886
299 7 54 73 195 330 637 1559 1590
1654 4 749 755 847 948
961 6 176 707 1266 1591 1679 1682
723 4 533 1013 1050 1239
1270 3 46 219 1824
329 7 263 513 903 990 1095 1272 1712
469 6 132 261 1148 1621 1923 1974
1109 4 467 1406 1669 1943
513 3 717 1361 1386
811 4 266 516 1646 1799
1896 2 414 838
255 2 1155 1416
1910 4 725 957 1394 1789
589 3 137 430 1596
536 1 1313
776 4 187 530 840 1273
1771 3 11 697 910
44 6 541 633 640 730 1240 1935
907 9 237 747 1182 1225 1417 1517 1572 1577 1665
1542 4 905 1453 1607 1722
890 5 121 661 789 871 1802
421 6 104 564 711 1174 1547 1956
763 4 598 1285 1739 1762
623 4 466 517 1064 1411
706 6 630 1006 1199 1264 1846 1924
977 5 81 1445 1732 1931 1953
1166 4 1232 1280 1798 1892
1235 6 1 187 1127 1494 1750 1791
179 5 747 842 1192 1439 1570
1697 2 404 1541
96 3 347 401 1117
1053 3 106 362 1633
1498 2 628 980
324 1 897
1449 4 144 161 1399 1698
1824 2 326 450
471 6 716 886 1008 1180 1290 1468
1044 2 267 1642
244 7 522 690 754 1660 1818 1964 1972
1501 4 162 632 1152 1776
1684 8 1 418 604 757 1014 1913 1916 1972
1632 4 553 1340 1793 1977
290 3 514 1314 1900
741 3 1339 1420 1597
158 3 171 1419 1720
901 5 317 489 957 1070 1479
1420 3 499 1005 1933
1118 4 105 805 925 1615
96 5 409 452 1075 1089 1563
1891 4 449 1017 1158 1384
1453 10 331 514 637 652 722 919 1005 1141 1168 1408
1256 3 368 1724 1846
250 2 112 1989
1854 3 421 1377 1508
818 2 907 1893
66 6 329 440 697 820 1113 1786
1358 5 224 1007 1314 1689 1968
496 2 1426 1562
1701 3 112 1259 1653
1401 3 285 658 1451
35 4 434 954 1134 1805
843 1 473
1287 3 19 47 1689
1081 4 637 729 732 1005
1485 1 1748
999 8 91 112 431 570 714 769 1496 1504
1689 7 200 588 745 1320 1479 1636 1972
208 6 22 197 253 592 814 1929
1160 3 474 1813 1998
708 6 779 819 1050 1187 1194 1304
1771 6 7 573 1045 1152 1254 1637
684 5 229 723 856 1202 1664
961 6 569 1050 1477 1671 1829 1880
1614 4 155 568 1096 1942
1270 5 421 650 867 910 1366
221 5 900 932 950 1033 1576
1925 7 551 1046 1262 1344 1397 1541 1643
735 3 148 263 292
550 5 18 340 381 878 1077
1809 4 1129 1257 1589 1600
686 3 442 904 1233
1641 2 50 1966
1761 3 1376 1465 1765
909 3 953 1511 1812
1322 8 42 131 156 277 1436 1518 1577 1821
553 4 91 1497 1798 1825
306 5 423 1522 1735 1755 1760
1311 3 5 1357 1454
470 6 102 249 403 1095 1295 1967
776 3 250 1696 1883
1358 5 311 492 696 871 1141
65 4 182 458 732 973
1826 5 268 482 573 1230 1708
461 3 193 1207 1229
73 8 80 86 105 367 473 1548 1747 1832
718 5 144 202 856 935 1448
93 3 1160 1628 1653
708 7 272 481 575 649 1051 1247 1694
1119 5 249 806 1226 1579 1681
228 6 499 565 785 858 1179 1615
1311 5 334 355 610 668 984
253 8 50 108 124 247 961 963 1272 1885
1032 6 231 359 414 503 1329 1448
817 5 2 373 590 1315 1562
532 4 518 687 802 1049
1322 6 161 440 1068 1878 1879 1908
1353 3 86 145 1826
401 4 766 1146 1379 1728
1525 2 1664 1878
172 5 122 418 451 876 1739
1558 7 74 727 1048 1216 1310 1421 1664
1492 5 354 412 602 1138 1312
784 3 31 752 791
1782 8 178 367 1039 1175 1485 1607 1621 1930
1923 7 590 630 691 789 1119 1524 1711
1624 5 653 746 1020 1284 1881
1591 4 513 1521 1725 1952
579 5 121 707 1680 1847 1997
1419 2 810 1025
694 3 34 129 154
134 4 553 832 1341 1718
1685 5 623 709 912 1415 1500
491 6 53 124 980 1046 1359 1820
50 4 132 322 1484 1501
130 4 273 838 869 1972
1371 3 235 312 1068
1697 5 213 684 894 1040 1624
1591 5 143 1113 1118 1970 1973
682 7 43 51 291 912 1174 1257 1494
593 6 311 416 746 972 1338 1753
713 7 366 602 1063 1379 1533 1683 1725
1889 8 3 332 592 805 857 873 1251 1341
1691 3 979 1338 1636
1492 5 73 849 1296 1380 1823
26 2 257 1632
423 3 695 1074 1737
1589 5 167 707 878 897 1229
1072 4 388 853 1270 1457
1590 2 205 596
1563 4 835 847 1225 1422
1836 4 128 688 1151 1302
1857 10 0 218 226 618 704 1292 1383 1432 1657 1873
50 3 59 513 1407
1797 2 947 1700
92 5 357 489 673 733 1016
395 5 1020 1169 1327 1438 1447
1375 2 259 511
1227 7 594 709 829 1038 1106 1301 1869
109 4 247 432 741 1507
41 5 1235 1263 1551 1668 1718
1357 4 369 787 829 1744
894 4 850 1042 1347 1717
267 5 186 741 1039 1179 1757
883 5 658 851 1871 1973 1983
222 1 1256
112 3 439 1189 1250
504 4 227 707 1173 1583
1404 4 111 233 1385 1993
1386 2 559 1960
517 1 1857
1314 5 114 1115 1298 1848 1951
589 6 6 267 340 1782 1788 1881
944 3 150 1521 1608
387 6 564 610 961 1880 1918 1939
1420 5 395 640 981 1057 1919
933 6 34 83 95 630 705 1710
815 5 122 387 1160 1309 1425
1372 3 69 661 1477
566 5 955 1371 1753 1944 1955
1748 5 595 1007 1162 1566 1868
1893 3 73 1310 1876
1381 5 113 263 1042 1045 1728
1138 5 359 1463 1563 1726 1974
223 4 383 520 1682 1927
221 6 62 114 135 357 799 986
1672 1 608
1697 2 67 1241
1331 4 987 1018 1141 1422
1379 6 40 378 489 1377 1390 1431
1738 9 280 296 441 448 515 954 1376 1414 1859
1489 7 198 908 914 1161 1298 1630 1714
348 3 475 483 581
1709 7 460 694 769 777 996 1320 1697
1108 4 34 515 1377 1544
1372 5 321 1054 1253 1403 1711
1604 9 175 393 478 605 782 838 1466 1750 1796
1489 4 41 723 810 942
1675 5 616 936 1176 1641 1977
930 4 221 1732 1870 1880
654 7 276 588 683 863 895 921 927
1295 6 596 917 1032 1204 1579 1877
1050 7 164 590 715 771 1340 1435 1729
311 3 19 641 1125
1023 3 102 532 819
470 4 309 550 569 745
364 12 76 180 183 272 726 1106 1115 1255 1377 1499 1553 1597
1907 5 316 767 809 978 1895
1121 4 327 808 1013 1434
652 6 411 950 986 1055 1439 1703
1905 6 476 790 807 1512 1559 1845
998 4 264 1253 1344 1991
504 7 240 456 547 584 1350 1470 1794
894 3 837 1204 1492
44 6 239 493 536 1264 1697 1927
1072 3 1008 1706 1805
158 5 131 476 966 1249 1347
1632 5 176 1261 1306 1596 1867
1535 3 528 744 1855
655 3 10 998 1973
811 7 401 433 1555 1666 1749 1926 1980
1030 5 543 549 658 847 1793
1269 4 51 941 1405 1774
1453 7 28 243 576 615 1114 1229 1714
1347 5 1002 1024 1465 1806 1982
723 9 218 456 595 982 1081 1087 1135 1797 1844
265 2 314 677
1456 2 207 1072
1107 4 221 581 1736 1867
180 5 256 674 1090 1259 1992
378 5 185 787 1095 1637 1733
919 3 661 724 1281
1916 6 194 682 1405 1416 1458 1627
369 3 39 942 1202
718 4 309 350 800 1959
94 2 695 970
531 4 21 670 1030 1297
611 4 261 333 805 1308
1385 2 769 819
161 2 481 1337
729 7 42 437 903 1084 1283 1537 1991
1126 7 83 86 419 879 1106 1121 1861
957 5 866 1254 1289 1307 1791
513 2 1561 1820
697 5 745 759 1046 1705 1709
1267 5 345 699 856 1368 1919
1859 3 446 756 930
1709 3 482 947 1183
772 6 374 632 784 812 1254 1857
263 1 1686
1636 4 411 704 922 1943
1291 5 571 693 1090 1278 1478
170 5 48 194 205 670 1724
316 4 183 410 447 968
1797 4 186 493 1252 1609
1659 4 484 544 563 1425
1664 5 134 615 1133 1643 1858
1864 2 1407 1920
1499 7 125 442 732 1011 1077 1743 1961
1481 5 81 350 575 756 1899
1424 4 238 626 763 1756
1326 8 435 560 667 710 743 929 1521 1675
1493 4 1010 1271 1646 1914
1043 6 190 247 935 1274 1297 1705
1906 4 255 387 1363 1885
1590 4 368 657 852 1132
365 4 938 1500 1514 1665
299 4 473 995 1178 1190
777 5 251 269 432 1473 1746
49 3 205 1046 1595
838 11 178 355 423 680 972 1059 1070 1102 1249 1743 1922
1427 3 778 891 1601
738 3 833 1597 1954
1449 5 258 618 897 1468 1771
835 2 1379 1825
580 7 244 373 743 1078 1251 1582 1904
787 7 372 398 463 1785 1852 1860 1877
131 6 156 398 781 886 1615 1739
682 3 839 1363 1841
822 6 44 446 860 957 1430 1535
971 3 1 236 1599
740 7 37 48 83 739 1134 1344 1367
1590 5 21 791 1096 1509 1998
523 4 1280 1608 1939 1965
9 3 442 890 1295
1415 4 248 502 603 1015
1004 8 212 218 291 958 1019 1143 1631 1787
1414 6 570 595 716 961 989 1992
1254 3 502 795 1416
208 5 56 106 1073 1364 1567
946 3 197 807 857
1811 7 409 878 1045 1250 1711 1716 1818
1159 9 120 319 758 810 872 1082 1738 1835 1895
558 1 1044
1699 9 105 130 133 340 424 435 563 1748 1864
978 1 1815
713 3 426 802 1856
1123 4 841 966 1088 1459
733 4 732 1219 1230 1520
503 8 201 218 334 453 959 1022 1308 1961
391 6 178 194 807 897 1880 1985
970 2 1067 1613
1461 6 344 452 688 862 909 1771
453 6 326 909 921 1114 1600 1941
842 4 472 1416 1640 1789
1883 3 66 304 1769
898 2 154 456
1818 6 169 1014 1057 1282 1836 1985
550 3 146 846 1123
1681 5 357 368 401 789 1720
543 2 56 1339
1035 6 186 1047 1074 1112 1878 1899
1582 5 220 998 1031 1191 1612
1014 4 44 486 1328 1833
1547 4 902 1435 1477 1604
220 2 872 1388
1255 4 1213 1568 1737 1867
565 5 458 466 853 1782 1796
1317 4 1154 1241 1295 1761
584 3 276 296 1070
194 3 619 1529 1991
299 6 349 575 718 1127 1290 1464
522 5 25 211 978 1095 1864
1755 5 69 896 957 1240 1828
789 5 124 777 1206 1568 1990
749 2 187 1578
1695 5 27 255 469 1802 1921
1779 4 440 652 1289 1623
1752 8 50 305 310 494 1671 1706 1765 1785
336 5 598 885 1473 1754 1794
1846 3 1234 1621 1843
1806 6 450 662 872 1817 1885 1913
1040 4 40 895 1508 1535
138 2 443 1796
563 5 69 112 276 531 1425
386 3 329 343 1645
1755 3 349 1293 1920
1145 2 334 677
1071 4 150 1368 1615 1788
1470 4 171 414 608 1483
1157 6 404 954 1154 1156 1303 1359
694 9 151 192 341 356 366 602 865 1374 1850
1594 5 1159 1296 1436 1679 1933
224 6 236 682 857 1133 1281 1284
284 1 200
769 5 397 890 1204 1578 1641
1872 5 175 490 860 1365 1973
842 7 263 692 909 1218 1318 1440 1482
695 4 670 932 1005 1970
1833 6 1051 1171 1333 1566 1655 1929
1253 6 139 196 284 999 1435 1473
130 3 1264 1528 1723
358 5 560 1014 1346 1441 1778
1474 5 250 713 992 1268 1593
1219 4 701 911 967 1714
1293 4 233 331 377 1928
1891 3 311 918 1764
1531 3 637 1076 1499
291 6 340 1232 1249 1357 1466 1624
1820 4 398 1163 1400 1967
581 6 413 713 821 1001 1452 1549
302 6 675 979 1286 1454 1706 1999
248 3 511 946 1172
579 9 134 216 913 944 993 1007 1397 1591 1995
318 2 113 1162
1183 4 305 403 1798 1812
536 4 872 1030 1431 1962
1071 6 9 873 954 1178 1510 1740
784 3 645 672 1920
1860 8 214 216 497 691 739 857 1294 1784
330 4 382 413 1677 1901
989 1 1276
1301 3 491 1533 1566
56 2 1143 1572
1235 8 193 593 687 892 1018 1113 1137 1304
356 8 267 420 519 579 1390 1460 1716 1765
1687 4 185 754 932 1899
1420 6 909 1249 1548 1764 1827 1964
164 4 816 1165 1289 1934
132 5 194 254 580 1337 1368
930 5 269 1514 1705 1869 1950
1586 4 238 771 859 1084
354 7 180 493 575 1394 1480 1602 1813
1402 4 73 203 463 1446
645 4 258 978 1625 1822
1427 9 60 412 580 709 733 864 948 1663 1793
1333 4 159 420 787 1599
1196 3 238 1598 1725
1020 6 59 381 1211 1212 1288 1891
205 5 218 525 591 659 1761
415 5 296 1338 1357 1557 1892
938 5 309 768 1329 1387 1997
1348 6 1140 1361 1719 1755 1782 1928
160 6 420 468 935 980 1435 1496
529 6 66 415 994 1029 1401 1862
497 5 204 240 278 1241 1824
1902 4 116 1111 1222 1892
377 3 750 938 1257
187 2 637 1150
1455 6 513 1058 1297 1684 1829 1914
1207 5 91 427 497 519 1292
1499 4 585 613 1547 1753
1684 2 1130 1491
1142 6 107 840 1185 1375 1558 1995
965 7 197 270 553 1159 1670 1678 1804
952 3 133 560 1011
67 4 218 219 365 1824
299 9 3 276 718 1070 1149 1387 1657 1872 1933
980 4 1051 1183 1377 1927
579 6 355 821 1190 1200 1362 1468
566 4 10 1737 1819 1869
685 6 57 377 584 960 1577 1671
702 7 17 29 46 175 386 607 1619
1064 3 104 685 927
205 7 406 642 1108 1177 1262 1686 1779
1162 2 794 1797
1326 8 141 453 759 964 1171 1264 1754 1782
1291 6 235 708 938 1083 1224 1919
1530 8 54 187 730 1261 1590 1633 1822 1932
16 2 291 1973
44 3 294 1147 1973
1453 2 319 1681
769 3 333 615 1954
1327 3 1218 1577 1593
1553 5 249 631 750 1036 1100
1834 7 422 642 1035 1078 1382 1433 1683
40 2 903 1404
1752 4 157 683 728 1994
433 5 169 420 526 671 850
994 2 855 1980
1463 3 56 500 1446
1264 6 86 146 713 1217 1706 1758
166 5 146 411 492 762 1234
1451 5 292 906 1133 1588 1897
93 5 890 978 1223 1421 1864
691 3 180 983 1606
1200 4 181 1365 1630 1956
658 3 130 936 1560
1314 2 412 1053
986 4 497 637 728 1399
190 4 1022 1058 1556 1613
1246 7 334 497 734 1027 1070 1364 1626
91 5 646 766 1298 1369 1687
1284 5 94 539 996 1368 1806
1891 4 9 599 1128 1385
343 5 150 301 606 754 1343
165 6 63 260 1116 1202 1331 1797
439 5 568 645 1423 1639 1735
1590 3 8 639 744
969 3 64 71 281
433 4 31 323 573 1046
1374 6 634 775 1240 1430 1447 1852
161 7 57 520 954 1243 1487 1654 1757
428 8 236 525 553 1045 1415 1473 1779 1957
497 4 321 1009 1314 1702
130 4 943 1115 1532 1976
468 4 102 189 377 530
1608 4 474 649 1504 1505
961 6 761 848 948 973 1264 1635
342 6 63 156 337 930 1454 1757
1108 3 435 1510 1890
1631 4 222 328 1197 1690
1176 7 707 795 1457 1608 1648 1855 1858
821 5 203 305 830 1117 1413
214 3 920 1636 1982
690 4 795 1265 1735 1764
912 4 142 217 373 1369
16 3 548 564 1513
506 5 171 384 664 1899 1978
986 4 240 1099 1233 1473
1618 7 392 393 977 1297 1402 1422 1771
178 7 474 594 643 775 1197 1261 1931
535 8 304 358 721 917 1062 1114 1501 1590
1629 10 123 450 469 805 819 875 1227 1518 1985 1992
904 4 882 1163 1175 1684
998 5 415 784 907 1576 1634
1815 6 293 477 869 1772 1859 1960
1177 5 31 179 622 773 1671
1341 4 201 447 1481 1723
604 5 418 588 670 897 1141
1745 3 518 753 1523
638 1 1081
638 6 790 976 1041 1071 1324 1930
1486 2 757 1231
1139 1 1207
300 7 538 1022 1338 1453 1531 1573 1878
992 6 521 859 1461 1615 1659 1761
291 6 539 770 1303 1361 1426 1906
1904 7 6 156 1079 1471 1522 1659 1836
468 5 524 533 777 864 1809
1086 4 775 938 1748 1971
1205 5 563 628 701 865 1524
578 4 179 967 1707 1817
1204 8 236 314 566 1092 1329 1339 1456 1776
895 2 742 1074
912 3 410 905 1449
1054 5 347 1195 1272 1739 1878
176 5 467 573 793 1868 1962
1503 6 50 156 162 969 1935 1998
329 7 404 616 650 984 1229 1371 1634
567 5 375 783 1272 1666 1936
1651 5 45 679 1200 1529 1582
1360 9 239 240 329 351 440 983 1152 1690 1917
201 4 1179 1395 1847 1895
1165 2 695 1425
169 4 63 359 904 1608
178 5 93 409 460 1213 1425
1304 4 181 787 912 1696
250 8 158 252 644 752 983 1216 1235 1767
1485 4 444 906 1408 1779
1154 3 12 310 1548
1239 9 23 171 534 695 1449 1451 1457 1715 1937
1568 6 62 644 834 949 1218 1269
715 3 722 930 1601
835 4 162 348 1093 1906
930 5 230 666 826 898 1246
1493 5 572 762 892 1651 1727
1291 8 6 336 496 753 833 1026 1088 1533
41 5 726 1000 1182 1349 1357
785 8 270 324 733 1226 1314 1343 1502 1925
1821 3 600 1276 1934
1687 4 444 639 1161 1987
1154 5 744 937 1692 1893 1993
425 3 831 975 1662
1116 6 315 449 1296 1366 1492 1587
1228 4 652 1001 1285 1315
1108 3 463 1184 1289
1268 4 446 1307 1823 1855
836 5 4 856 1013 1453 1606
1650 4 736 1333 1405 1951
1143 4 106 120 547 1408
399 5 155 223 1670 1818 1830
747 1 338
1175 11 27 81 584 611 1049 1115 1265 1298 1601 1782 1795
1 3 1054 1234 1385
1468 3 1660 1711 1755
909 7 62 159 264 332 990 1197 1214
627 2 392 1139
53 6 128 646 869 1036 1086 1604
475 4 906 1300 1421 1775
354 4 301 402 1276 1690
583 5 91 172 701 1590 1627
1779 8 629 1003 1108 1257 1380 1578 1780 1926
1350 7 283 364 661 1121 1194 1236 1798
1427 3 87 978 1803
326 2 1009 1663
304 3 244 1847 1934
691 2 65 1150
613 3 605 691 1538
1292 2 1697 1911
1075 4 202 442 1326 1468
641 2 722 1859
466 9 49 382 855 1055 1143 1203 1390 1590 1751
1235 5 12 251 286 558 924
1523 4 1180 1303 1616 1821
1936 6 228 349 575 1196 1613 1743
1659 5 574 888 1061 1240 1361
1837 7 112 538 715 785 1184 1207 1245
1722 4 503 1084 1461 1922
423 2 160 488
1175 3 135 191 994
468 3 834 970 1921
1553 4 561 1167 1283 1614
1072 3 79 377 723
1192 2 483 1336
353 3 137 1128 1975
1288 3 450 794 1161
876 2 386 577
1036 4 40 1120 1728 1763
38 3 434 1162 1278
883 5 392 690 1220 1594 1912
1699 4 430 441 1130 1891
481 4 395 468 896 1692
1157 1 968
735 8 673 834 970 1016 1022 1376 1570 1999
741 4 100 378 638 1193
1620 3 158 1800 1849
1757 3 3 157 870
1889 1 319
288 3 51 285 1160
1720 4 625 987 1472 1908
462 9 13 271 346 973 977 1312 1462 1687 1718
1175 7 365 588 816 1109 1274 1593 1990
1022 5 636 760 906 1070 1957
695 10 579 773 1145 1146 1181 1260 1281 1381 1611 1893
1898 6 945 1099 1461 1672 1942 1945
1385 2 786 1249
1689 2 191 851
1143 7 60 178 497 773 1216 1325 1393
361 2 992 1474
1832 3 868 1423 1955
425 3 725 812 1038
652 8 65 141 533 1148 1343 1609 1647 1806
1196 3 1100 1183 1582
616 6 239 325 744 1670 1726 1998
1670 4 35 456 510 1135
1562 6 286 313 516 934 1346 1623
973 5 106 583 1000 1656 1886
374 3 185 1091 1595
878 6 297 647 927 1234 1887 1954
1738 3 12 906 1715
667 3 982 1617 1627
1691 7 77 358 526 639 654 1910 1962
1232 7 255 1020 1219 1373 1384 1597 1769
259 5 895 909 1387 1397 1929
521 3 251 1139 1299
1088 6 737 772 1138 1185 1225 1925
1085 4 58 504 1108 1388
1208 5 123 404 1307 1357 1778
619 5 110 361 425 930 1755
1197 1 1138
911 7 725 926 1163 1254 1516 1679 1697
1709 4 243 769 796 1069
1318 5 754 1316 1516 1685 1820
989 6 136 138 819 1027 1315 1628
1767 7 275 477 511 1235 1613 1864 1972
1208 2 277 674
640 5 439 588 1251 1335 1831
1393 4 466 496 974 1780
127 4 402 491 604 1629
1878 4 432 749 1130 1503
130 6 46 100 424 526 555 1215
1260 1 661
1597 5 8 400 1179 1755 1976
878 4 373 472 1007 1606
1134 4 44 1041 1470 1658
568 9 394 400 612 1227 1242 1397 1581 1583 1923
673 3 64 177 1731
514 6 150 600 780 863 1596 1859
1092 6 228 287 669 692 1848 1886
1486 5 417 1068 1256 1492 1657
138 5 364 870 1070 1854 1957
986 6 113 115 1072 1406 1906 1914
1264 6 664 679 934 944 1587 1908
1142 3 305 472 1374
946 6 97 318 687 899 1202 1884
879 5 565 1092 1335 1382 1866
1568 4 1351 1399 1517 1665
1726 8 107 137 184 1151 1421 1514 1588 1647
1314 2 1071 1193
1740 4 597 743 1193 1847
421 6 165 177 524 1012 1126 1865
1697 5 103 684 1134 1789 1992
1031 3 19 1225 1826
1854 7 193 395 460 909 1136 1398 1794
572 3 143 253 810
168 3 44 1154 1974
220 5 93 362 378 1055 1819
701 6 119 335 641 923 1118 1792
594 3 610 725 952
9 5 559 1004 1031 1472 1737
1501 6 112 428 666 1001 1116 1482
613 6 965 1003 1275 1419 1966 1980
572 5 207 617 901 1533 1737
1659 3 1156 1581 1832
913 4 1138 1567 1764 1834
1498 8 120 172 910 968 1217 1399 1690 1742
1431 4 77 1423 1974 1987
651 2 630 1916
1717 5 182 478 1145 1442 1524
1454 2 22 1538
374 6 242 316 697 724 1204 1881
218 6 364 601 800 1052 1460 1674
857 5 513 627 688 888 1848
1625 6 30 59 604 815 829 1080
38 6 5 415 610 1092 1484 1530
897 5 306 1079 1470 1520 1562
963 5 16 942 1163 1425 1502
426 6 152 249 883 948 1321 1692
1604 3 37 273 1817
1860 6 355 1341 1378 1573 1695 1759
299 5 457 536 691 960 1273
1606 4 539 1003 1691 1888
1043 4 740 846 1030 1528
711 7 376 839 947 1055 1065 1360 1366
1204 3 156 186 1156
137 7 408 1233 1304 1576 1674 1719 1800
1711 6 176 310 729 1406 1505 1608
741 2 796 1010
1440 4 346 1179 1588 1880
295 2 406 1146
1682 4 272 653 1470 1919
583 4 385 826 1191 1999
996 8 87 199 817 912 1506 1751 1783 1832
1591 7 107 1043 1083 1151 1727 1817 1871
655 4 472 743 994 1770
1333 4 916 1499 1777 1945
1746 6 479 585 918 1156 1852 1954
1624 6 32 124 1395 1692 1709 1850
337 6 473 507 752 809 1144 1472
1138 4 214 449 712 1632
1039 4 548 927 1367 1606
415 6 53 215 762 827 1216 1975
1227 3 28 1344 1602
1317 3 126 554 904
1518 1 1236
167 2 98 903
1590 4 53 1505 1828 1857
144 8 683 771 865 914 915 1138 1409 1759
718 5 89 300 1363 1849 1879
1493 5 477 1209 1386 1611 1788
973 2 190 658
991 7 430 577 1091 1278 1464 1746 1817
87 5 349 898 967 1410 1784
1454 7 104 633 1133 1188 1374 1512 1609
1175 5 790 1076 1124 1266 1479
1891 9 230 1159 1234 1235 1312 1353 1377 1605 1851
72 2 298 563
933 5 720 770 914 1030 1315
1461 6 657 930 1125 1166 1306 1467
1882 2 778 1122
877 5 290 1129 1544 1821 1920
445 3 1035 1092 1103
1832 4 97 777 894 1504
1196 5 1115 1142 1496 1605 1653
268 4 107 1014 1796 1892
1197 7 275 526 738 836 1442 1445 1663
822 3 54 928 1395
1518 4 370 607 1099 1967
691 5 285 885 1127 1642 1941
1615 4 38 133 598 796
497 4 287 712 1531 1969
1420 3 915 1328 1920
832 4 169 382 698 807
1681 5 634 742 1379 1455 1770
1641 4 143 587 984 1081
1793 6 501 1016 1034 1266 1275 1653
1483 2 345 567
151 6 97 240 624 1149 1562 1575
182 6 619 671 985 1570 1734 1738
654 4 196 926 1627 1727
1223 6 118 449 826 1198 1499 1661
306 2 984 1250
1192 6 28 111 116 184 210 1609
1612 6 666 668 777 1217 1578 1683
378 8 155 189 602 638 718 909 1598 1741
1014 5 191 625 975 1129 1593
594 5 244 268 334 347 1888
890 3 523 640 678
658 7 56 274 671 1323 1515 1831 1921
521 4 292 351 520 740
1292 5 11 618 1024 1266 1986
1279 5 169 375 1441 1723 1827
99 3 424 1036 1715
1659 4 199 348 1202 1683
1523 4 197 279 652 1139
1448 5 568 845 1733 1876 1916
602 6 163 167 848 1183 1717 1781
1621 4 345 777 874 1105
374 4 265 300 1198 1601
100 5 375 431 698 1205 1877
1447 4 298 662 1267 1561
1493 2 422 1637
288 6 272 719 727 1418 1552 1790
309 10 81 131 193 875 956 990 1072 1231 1297 1445
174 3 920 1520 1976
1501 3 6 720 1093
977 3 121 325 828
1872 7 27 335 901 1570 1596 1737 1998
364 2 209 588
1827 3 1520 1544 1613
1293 3 787 1122 1403
1451 3 637 1037 1557
513 3 508 628 796
182 3 663 1771 1798
375 8 532 751 832 1039 1268 1378 1474 1893
809 5 435 1481 1689 1813 1929
811 5 64 197 435 630 801
256 3 772 988 1320
1265 5 466 753 984 1059 1644
1852 3 79 1702 1868
1591 4 490 1026 1253 1291
1919 9 348 375 1157 1171 1239 1355 1524 1676 1779
946 3 1200 1817 1897
314 6 200 763 1272 1388 1859 1988
230 4 584 1151 1277 1576
1496 2 1053 1518
1378 7 254 1305 1539 1562 1667 1705 1974
760 8 18 156 850 1144 1262 1371 1608 1735
1485 4 1133 1323 1366 1784
849 8 126 541 570 1275 1370 1665 1755 1996
1846 5 93 175 908 1640 1795
1672 7 156 219 442 470 560 632 1301
1656 2 1320 1588
492 5 67 101 595 768 1811
1317 4 0 1162 1906 1937
1739 4 313 1002 1722 1949
1510 5 203 739 1114 1703 1933
534 7 647 912 1323 1548 1555 1679 1775
1293 3 289 446 1633
1235 5 217 308 661 1403 1533
825 5 260 877 974 1407 1910
147 5 98 165 183 1434 1538
641 4 444 935 1080 1784
244 2 1023 1324
89 7 194 315 324 399 880 964 1142
478 4 121 416 737 1785
1641 1 203
353 6 693 747 1142 1165 1464 1584
578 2 789 1169
279 5 437 759 914 1027 1893
1798 3 1152 1638 1923
1444 5 374 423 592 780 781
1481 4 17 978 1126 1942
329 5 625 1164 1684 1942 1994
437 3 107 1409 1959
718 3 195 470 774
1755 3 12 817 918
1373 6 57 245 337 1142 1273 1356
1467 3 374 777 1184
914 5 101 550 689 1446 1870
1297 3 1153 1728 1867
279 4 51 620 1414 1461
1293 7 622 736 990 1171 1728 1918 1926
1563 4 403 1195 1453 1931
1934 5 152 1425 1483 1569 1845
944 5 197 598 1040 1275 1327
1888 4 1046 1281 1848 1858
813 4 120 1389 1791 1809
1245 4 143 1027 1231 1646
998 6 75 161 1159 1395 1664 1695
684 7 161 537 656 1522 1726 1785 1989
1840 8 905 1035 1282 1363 1381 1528 1680 1727
1008 6 495 850 1046 1531 1672 1823
1426 2 1161 1968
1826 10 55 286 743 878 917 1208 1228 1297 1321 1668
271 3 5 1822 1981
759 2 556 1975
1463 4 343 470 1585 1914
1926 1 862
1206 8 181 203 230 731 780 803 888 1432
203 2 652 1837
80 4 75 1119 1299 1428
1799 7 50 509 854 1057 1140 1534 1763
434 3 960 1196 1715
504 7 63 292 322 525 538 672 1477
506 1 1106
338 10 146 221 433 447 522 745 850 956 1085 1779
1712 8 388 1046 1223 1386 1485 1526 1827 1942
601 4 473 809 1880 1954
559 7 250 302 372 872 1334 1386 1920
1184 4 166 206 986 1748
1591 7 218 289 519 1071 1250 1445 1928
772 3 462 1532 1686
643 3 587 1088 1911
1865 3 331 447 1758
894 6 54 96 731 905 1223 1634
408 4 217 1393 1428 1804
1231 3 506 1532 1855
1409 5 486 1022 1341 1445 1892
784 6 147 414 780 810 1414 1547
1235 1 1612
1219 6 243 384 539 617 678 1776
842 5 1146 1240 1605 1612 1807
784 5 513 784 868 1180 1442
1893 6 156 619 1350 1788 1838 1956
1064 7 402 1004 1053 1227 1373 1750 1945
1208 4 69 599 1041 1726
136 3 105 1632 1840
389 5 30 197 449 1327 1536
1317 4 112 1175 1177 1709
1385 4 38 54 466 1275
1859 4 35 430 451 1580
1157 6 654 915 1128 1154 1207 1504
1453 5 283 861 945 1109 1509
667 4 79 113 714 1840
1438 6 329 342 347 628 1201 1831
797 5 277 513 817 969 1738
640 8 532 730 947 1236 1329 1653 1770 1884
1218 3 612 1641 1771
1015 4 144 467 1393 1539
742 8 232 291 304 671 821 1239 1260 1491
1509 7 354 514 557 699 762 1149 1803
734 4 495 921 1105 1543
112 4 119 942 1887 1892
222 4 755 1393 1784 1792
1242 3 121 168 1447
518 6 63 989 1204 1266 1592 1636
1067 5 143 250 328 361 603
1689 4 110 756 830 929
492 3 490 725 1576
572 5 41 88 144 233 1212
265 6 121 241 576 605 715 1112
1386 7 51 200 488 1086 1576 1934 1972
1246 6 148 723 801 819 1540 1786
700 7 306 482 525 654 808 942 1985
1191 3 118 1489 1569
1576 7 544 680 735 1090 1371 1390 1840
933 5 227 425 472 527 1613
742 7 177 508 938 1118 1433 1641 1769
1659 7 347 499 1064 1128 1334 1342 1673
1865 4 934 1007 1665 1980
1153 8 442 734 878 994 1120 1658 1813 1830
295 3 336 1917 1985
1725 5 465 898 1146 1240 1810
597 5 160 1343 1379 1518 1996
94 4 589 1592 1674 1898
738 4 1077 1576 1657 1796
1814 3 357 975 1919
1699 3 247 280 1344
1657 5 82 501 606 900 1939
1385 5 355 1241 1302 1357 1780
602 4 137 367 880 1163
205 4 152 943 983 1971
1174 6 304 623 790 1183 1630 1694
639 6 101 537 624 1090 1094 1414
259 3 686 930 1337
916 6 151 244 999 1630 1692 1943
1104 2 262 1145
1086 5 187 412 696 1643 1944
1725 3 120 764 1618
1166 4 903 1253 1299 1598
1641 5 478 563 1318 1695 1866
1301 5 144 522 640 1138 1502
128 4 191 349 409 553
1846 4 522 602 796 1706
1676 7 199 378 526 813 1281 1830 1903
566 7 427 601 609 666 991 1731 1895
1645 1 684
407 2 1710 1782
930 8 142 197 234 237 1199 1377 1452 1744
302 6 532 734 972 979 1328 1418
1521 7 110 121 208 595 1112 1427 1787
584 4 1002 1641 1915 1964
485 4 1078 1172 1495 1766
1571 2 248 1472
959 2 1646 1666
1477 4 1138 1229 1748 1936
1202 4 8 295 835 1038
1096 3 338 1488 1809
558 4 655 720 1153 1974
646 3 235 610 1954
1804 4 47 95 557 1086
787 6 37 60 243 1301 1437 1716
638 3 830 1059 1816
364 4 337 1046 1210 1980
1799 5 584 638 653 1098 1358
1477 5 591 1202 1860 1912 1957
205 3 240 583 1714
70 1 1038
1074 3 629 990 1907
1373 5 215 797 1403 1407 1576
1725 4 236 551 898 935
1386 7 161 789 986 1164 1412 1502 1837
809 3 211 354 865
263 6 112 119 295 497 1001 1567
1680 3 767 1102 1679
1171 8 178 209 512 513 559 694 1505 1520
1118 3 1145 1587 1639
423 5 625 803 1085 1180 1192
1486 3 357 1585 1862
1717 7 178 239 355 499 966 1256 1984
1582 2 395 1160
119 4 133 706 851 1111
1453 5 57 447 1096 1542 1842
998 1 962
572 7 179 555 683 1262 1319 1380 1614
1715 6 134 603 859 1567 1629 1723
1131 3 1372 1475 1674
77 7 129 675 949 1135 1723 1812 1958
466 4 139 1046 1380 1641
111 3 329 1261 1268
225 8 180 263 535 868 912 921 1267 1992
487 7 22 251 749 899 1316 1579 1854
1166 2 602 1699
1410 3 57 90 482
894 5 886 1121 1421 1692 1770
614 5 370 621 1104 1194 1841
131 6 465 486 592 634 1488 1625
1031 5 437 1462 1766 1791 1887
900 4 289 1336 1570 1882
1590 4 354 376 425 1732
1814 5 792 1082 1235 1771 1917
1872 4 621 767 1206 1471
484 4 185 1053 1466 1860
1722 3 866 1032 1394
1622 4 72 967 994 1296
1290 3 129 255 293
1043 3 214 545 1731
1819 4 222 558 576 655
730 2 94 1548
339 3 747 1624 1781
627 4 26 1138 1642 1967
876 6 84 332 1016 1324 1901 1907
324 3 723 1160 1967
294 11 109 156 165 273 385 681 813 1128 1191 1384 1971
80 5 465 818 1058 1300 1972
1208 6 32 224 269 491 831 1602
1695 2 525 1711
1738 4 749 951 976 1436
564 7 285 480 624 808 1161 1271 1881
1127 3 662 1326 1570
56 3 562 1166 1785
1282 4 1157 1214 1849 1906
1076 4 23 288 950 1689
1285 6 55 257 482 1560 1689 1975
917 6 764 1210 1396 1627 1930 1966
809 4 989 1373 1447 1534
1690 2 1134 1204
1782 4 502 633 1659 1968
1252 161 933 1172 1445 908 1529 1979 994 134 250 1153 1659 1044 1446 1752 312 1698 1646 562 7 1672 376 237 512 1596 690 110 1598 1368 110 1498 52 1250 679 1355 984 1994 911 1480 60 907 3 1746 1759 351 1479 1777 425 1579 507 1408 244 1442 1333 1055 458 364 1165 698 1661 1858 798 1222 399 88 180 1714 1996 589 1238 1797 131 1201 145 1560 1464 1394 328 1357 1581 1833 547 1169 238 797 517 1545 1695 1082 779 42 915 1399 225 58 402 781 1315 203 102 1250 940 1479 333 225 112 1141 354 1758 1814 312 712 422 49 1606 210 393 267 1467 1298 1411 1791 743 39 1089 909 160 428 739 1942 1035 1504 764 1600 197 812 393 104 1485 493 725 75 1645 1297 376 988 1302 367 113 324 231 1997 1658 1300 545 1422 1284 1879 63 696 746 1863 29 673 703 1486 1154 1549 961 1823 325 1016 1503 872 394 76 35 1393 428 920 809 617 100 1711 1400 889 544 1823 1739 1318 957 462 1141 1135 687 1221 1878 1421 544 1782 1413 980 292 1052 1967 897 616 1900 1661 746 1105 1722 1079 1687 1680 1969 1967 1663 1916 124 1036 497 1203 1739 586 1854 1936 633 215 446 1216 1671 131 211 454 1022 1112 538 400 695 1806 118 1802 229 1426 1583 1153 330 1646 43 1205 937 638 1738 879 841 1847 774 1431 1740 976 500 1921 1532 760 1227 1133 1461 1800 280 1311 1247 243 917 58 1486 906 274 612 131 766 1391 246 1798 22 1523 138 149 1134 1414 187 1524 1075 216 1404 1196 1265 909 600 1749 1902 1153 872 1721 936 1444 481 79 1896 124 1364 604 1248 287 167 420 501 1665 1834 920 259 41 841 147 1361 223 1503 23 1767 28 1118 1105 1020 1618 648 1023 1103 221 28 432 160 1296 49 1194 1523 1183 1954 1550 758 1687 596 855 854 1020 543 1093 246 1834 1450 28 764 211 3 397 760 689 1211 333 667 1154 1964 606 1891 1510 1058 0 1748 829 572 250 1485 1210 147 1817 94 1590 1314 1284 1195 141 790 314 1752 1736 259 1732 1836 431 597 1137 200 1271 978 115 1314 1218 429 911 555 98 162 1004 1515 1836 865 684 1717 1248 1302 522 998 1467 1058 1086 94 1544 1215 684 1815 501 867 1697 838 1402 539 494 579 868 981 1694 643 1711 739 471 1956 378 759 1589 1064 1814 9 775 846 385 1431 417 1443 21 82 443 706 148 65 1415 2 722 1931 664 1410 1097 1701 1035 1608 1135 1760 1230 260 1587 1612 385 167 1917 1243 1195 1659 1637 884 1207 65 1445 1258 263 870 1339 1061 665 946 1087 732 1751 1270 1982 1354 297 94 1174 672 584 768 1059 1494 1137 1716 1387 1162 1248 571 644 95 1540 538 1610 1159 903 1616 48 1047 158 187 1382 1629 1629 1321 1715 979 824 1032 870 713 904 1545 1646 1123 1128 432 379 1243 924 1345 1374 688 592 810 1054 99 680 391 481 204 85 1872 1437 641 1124 1583 540 430 1361 876 227 1643 966 868 62 806 1243 823 167 793 1525 388 40 40 1155 1111 41 458 1734 894 1361 1971 447 1454 1144 111 80 931 557 1511 1974 1707 1188 433 439 1228 229 1954 1327 1555 120 1787 1866 1883 376 1067 1643 595 1041 1716 1968 105 751 524 111 1507 435 1005 1130 863 1808 746 493 191 845 1083 378 1685 554 1377 762 70 1275 467 771 1245 837 975 822 1945 129 661 1412 1410 265 395 716 1896 1361 1254 34 1158 1610 1536 1480 1425 991 1264 1807 508 1909 268 864 390 302 105 191 822 1582 113 1159 790 1855 670 1993 891 691 91 682 1678 241 160 392 1414 1168 1594 577 1828 1586 356 1809 1478 1551 1232 1698 1500 336 890 1475 1553 1336 1785 1901 350 1130 95 86 1980 1950 1591 144 951 852 330 764 84 1495 820 1270 1363 594 584 579 1417 1625 16 198 1475 1574 1925 1944 512 874 489 853 1691 174 24 121 330 761 1924 397 66 1962 976 256 1852 40 1302 690 292 1078 833 85 578 1513 1880 78 1960 979 1984 355 822 1809 272 132 834 1410 1483 22 1970 681 1010 1396 685 1431 1755 26 715 122 1064 1295 407 1147 422 1866 1398 477 1421 846 261 1719 761 857 1718 458 1737 1911 1525 1548 1045 614 1448 1974 455 737 574 919 1148 735 1419 1261 198 834 267 621 1470 3 121 366 487 1148 355 1145 1969 1875 1655 1314 76 244 51 334 674 137 1450 50 1307 673 1254 1362 1986 1452 1981 1865 1043 793 141 1121 319 1796 354 1174 1459 1058 185 417 1263 922 1631 971 522 14 1552 1561 1799 1258 195 1085 1877 518 967 886 473 842 1214 1715 1300 649 959 1677 1457 31 1368 1344 827 1054 504 941 1131 672 1179 602 1927 524 313 1395 987 1358 594 1556 1187 1960 1120 1018 1799 1963 47 1655 1538 1264 1562 1027 1117 1896 685 835 960 1613 1466 866 1344 1899 92 995 956 1581 1221 1596 485 948 941 1020 1425 1756 438 90 1081 1318 1633 1942 1347 1912 310 1083 557 1201 1402 432 1587 72 1867 60 208 1259 1331 441 436 441 372 1549 1406 271 209 306 54 1965 1136 71 1622 443 1364 1289 444 721 573 764 1355 299 786 681 1910 172 1178 1370 1036 1880 171 1315 1360 715 1510 1764 488 480 1972 1385 154 1308 1881 1796 1252 1191 1478 1927 542 376 548 1926 1924 1802 1789 993 505 1860 148 1321 729 1347 723 1031 1846 1534 459 1393 1938 480 265 1535 844 1889 1542 1745 1850 1636 1324 222 1458 447 241 606 1349 1259 1589 1639 226 1710 1412 726 48 1767 1832 1851 1151 1089 523 1888 1043 1939 1388 1277 300 1513 625 1286 33 573 1092 1771 168 343 272 1727 536 1172 952 13 1447 397 1618 1871 933 100 1240 94 712 330 1467 949 441 406 1709 1534 988 1446 1757 1485 1197 1234 294 856 484 425 756 1968 838 1118 1289 255 1544 1932 788 1298 546 33 675 942 0 908 129 1760 1660 1232 361 590 1270 1543 1316 762 1129 1387 364 978 484 247 447 1965 578 547 739 1842 181 1188 1600 99 1509 1108 81 143 1722 879 934 1257 670 958 1671 927 1008 1592 1390 1398 444 1940 1216 345 887 238 1426 1098 262 1952 1714 61 141 1770 1155 1933 719 1151 124 1332 1161 153 546 261 824 1545 20 1621 316 1290 199 719 982 1251 85 828 1554 1595 1875 228 705 1094 1515 1633 407 490 1213 515 753 111 1007 1141 1597 555 446 421 190 1300 1185 1911 1767 1035 1958 360 281 1276 645 620 1243 1325 627 1400 1166 1354 756 1551 1439 1060 396 1183 214 865 1247 1416 775 1349 210 655 1694 1557 46 896 1157 1392 915 55 455 276 605 113 446 1048 982 395 210 1038 1156 1494 1857 677 1971 180 326 884 989 131 1467 426 1857 423 501 1993 235 1474 1982 1055 132 722 1764 917 474 1824 1814 594 213 777 1611 1317 1248 1287 1419 1058 1069 732 1928 1743 365 1360 236 1782 1595 1573 409 37 1332 1277 493 426 1934 544 1716 107 1889 454 1882 265 1508 369 888 1437 553 140 94 1885 642 1232 356 1722 692 1746 132 1112 372 1829 214 123 1482 367 1967 36 853 590 652 1237 1710 130 1604 750 1791 545 1553 239 84 1893 1774 174 256 958 1700 1373 833 1216 607 1751 1769 1961 414 360 122 513 98 1726 1149 359 575 1263 1509 846 601 1808 1219 1437 1958 165 555 1239 1665 480 1081 496 1580 1282 1964 1581 1949 1004 207 775 1194 1186 954 1225 1522 1927 1444 1101 1196 626 309 1686 134 1053 1779 1128 1407 485 1707 166 1360 478 0 1172 398 1155 89 1543 513 1016 141 1378 1932 119 548 1350 1654 347 1735 1672 946 971 1914 1613 269 787 401 465 1343 656 1371 1390 1217 913 1247 1732 1014 1038 1492 36 1502 289 241 1899 561 536 1687 1197 1705 248 517 97 681 103 1380 1168 1970 1255 1555 1456 1962 908 1198 1960 474 1512 1119 1559 1096 81 98 1357 210 1899 1672 207 1561 193 386 288 1789 43 1957 1891 226 1266 1856 1404 1809 1678 1381 1760 914 1888 1492 360 245 1073 792 1103 520 1864 25 1039 1613 540 1488 281 1542 1119 1502 1447 1337 1080 112 1512 1195 302 610 375 1863 307 512 1828 818 329 160 1884 70 255 711 931 154 1119 1347 813 1256 1726 1569 1250 592 956 1393 726 573 530 1261 1777 1577 1112 1414 1319 845 897 823 882 1646 1621 400 376 1436 1843 243 1749 442 573 996 176 1841 1935 395 620 1067 766 1158 1722 1397 739 1489 1035 1386 207 935 455 800 257 1516 397 897 781 1876 155 1003 913 1757 178 411 18 160 401 1661 232 1211 993 1625 864 538 1408 1078 760 1867 374 186 1418 1292 1402 1440 1247 1354 1258 707 1067 1931 1709 816 397 827 845 352 1247 418 1336 902 934 217 893 1585 1254 241 87 1422 1084 1775 71 1917 150 739 778 1992 975 885 189 743 231 1843 470 1116 1679 507 1538 924 803 1605 1939 825 1429 1395 1768 1053 584 711 952 1360 57 1442 1549 1538 1264 360 1860 485 1268 1527 633 1718 1165 949 536 1625 519 275 957 1176 121 1867 1299 1440 1207 663 1563 1137 1074 1091 371 15 976 176 863 1086 47 1999 185 589 1772 1581 942 829 1091 909 1811 1761 890 838 1575 533 18 1345 1759 115 451 890 1023 1999 1439 248 257 48 1040 277 1213 895 425 1954 1171 284 514 1597 1214 1933 670 150 405 983 1599 1555 1813 1857 369 1324 1020 1447 1902 1936 1137 1187 491 674 739 1057 546 1199 1513 691 1846 1514 1460 979 1208 1022 1573 78 417 455 888 1686 352 1718 483 993 1297 1025 787 1679 510 1690 368 879 1909 1791 1554 1893 561 281 1560 549 498 1486 1010 1176 1256 1264 677 759 1714 1627 1717 1615 1318 1809 781 1534 746 490 1307 1796 466 1127 869 857 1624 733 1133 953 1840 641 1185 736 1567 1694 1728 901 1501 78 1799 157 103 1656 106 167 1471 1598 1208 1075 538 297 1494 1726 1940 1684 276 1563 343 327 122 234 600 321 1723 66 220 137 284 101 414 183 1167 876 1914 1854 1282 694 664 1788 272 819 1509 1263 1346 231 1281 552 1106 176 1865 312 1265 1538 1521 1141 839 1849 1648 1792 1342 583 1407 381 1520 836 1074 862 1379 1733 879 1014 532 1479 447 1022 129 1615 1041 1902 1746 605 1659 277 1557 132 138 587 1884 1147 1212 1928 771 1355 1864 1349 1467 1004 1638 1875 80 593 1943 1381 308 1085 39 926 679 288 230 24 623 227 868 1238 1922 187
