2000 1999
1128 1 7
322 1 1
1121 2 4 10
1904 2 4 5
811 1 4
1832 1 1
49 1 0
793 1 10
829 1 7
514 3 2 6 9
1781 2 2 6
1607 2 5 6
283 1 5
275 1 5
267 1 3
345 1 4
98 1 9
582 1 10
372 1 2
824 1 9
793 2 2 4
1888 3 0 7 10
16 2 1 6
204 2 3 5
675 2 6 8
1376 2 1 7
1594 2 9 10
317 4 1 3 4 5
663 1 3
153 1 5
609 1 9
1782 1 7
142 1 5
374 1 8
953 2 4 7
895 1 9
313 1 7
1170 1 1
461 1 5
1018 1 1
1632 1 6
540 1 8
439 2 1 2
1928 1 2
203 2 5 9
1626 2 0 5
924 1 10
1104 4 0 2 3 9
457 1 6
510 3 4 7 9
1467 1 8
30 2 5 8
490 1 3
240 1 9
917 2 5 7
1793 1 0
1313 2 7 10
1644 1 5
1310 2 1 8
240 2 1 3
83 1 3
146 1 9
1159 3 0 3 7
420 1 8
1190 1 2
1901 1 7
1048 1 9
1823 1 6
301 3 2 5 9
1703 1 8
1639 1 0
1856 4 2 6 7 8
981 2 0 8
216 2 7 8
1593 1 10
1504 1 1
1630 1 8
1124 1 0
1627 3 0 1 2
66 2 8 10
1142 1 6
729 1 4
738 1 2
1587 1 10
1033 2 3 8
236 1 6
1765 2 6 9
869 1 8
808 1 10
172 2 1 3
244 2 0 1
500 1 7
556 3 1 6 8
1376 1 8
692 1 8
1600 1 5
634 1 6
1061 1 10
1806 2 2 8
1222 3 0 5 7
697 2 3 9
571 1 1
14 2 7 8
1015 2 5 10
166 1 9
937 2 0 5
548 1 3
214 1 8
633 4 0 2 3 4
1153 3 2 3 6
255 1 5
346 1 7
1381 2 0 2
1740 1 0
800 3 0 1 3
1037 3 0 2 8
1082 1 10
1533 2 6 10
298 1 4
824 3 1 2 8
1858 1 5
1558 1 7
1646 1 4
1267 2 0 5
814 2 4 6
836 2 2 3
1651 1 1
1271 2 0 2
225 3 3 5 10
96 2 1 6
1329 1 4
1441 1 3
1181 1 2
486 1 6
461 1 10
1561 4 3 4 6 7
972 1 3
1854 2 3 8
933 1 2
1784 2 5 8
1285 1 2
466 1 6
836 1 7
1471 1 0
1964 1 9
1392 1 5
534 1 8
301 1 3
1447 1 0
155 1 5
1027 1 0
535 1 2
418 2 4 6
802 2 3 4
104 1 1
734 2 3 8
1444 3 0 1 4
1373 3 0 8 9
1991 2 6 10
1229 4 1 2 8 10
1099 2 2 7
440 3 1 2 6
380 1 8
1773 2 0 7
347 1 1
1856 1 0
1672 3 2 9 10
1258 1 6
285 2 1 9
876 1 1
122 3 4 5 7
1396 1 4
293 2 0 6
1843 1 1
581 1 3
975 1 6
1863 1 9
1123 1 1
39 1 6
1211 1 6
1510 1 1
1849 2 6 10
666 2 3 10
995 2 4 9
608 3 4 9 10
1673 1 2
1581 3 1 3 7
392 1 5
1944 1 1
315 1 1
228 2 1 7
1919 1 2
1628 2 6 7
1710 1 1
808 2 0 4
1125 1 6
1576 1 6
1000 1 8
1295 1 3
490 1 2
1730 1 1
1529 2 0 2
1609 1 5
438 2 6 9
920 1 2
908 1 9
1195 3 0 2 10
806 2 0 7
838 3 4 7 10
687 2 3 5
425 1 2
780 3 7 8 9
1665 1 0
1984 1 7
1901 1 0
1720 1 3
804 1 7
1230 1 8
1510 1 10
391 2 5 8
1741 3 3 6 10
131 3 2 3 5
500 2 0 9
761 5 0 2 6 7 8
1573 2 0 5
742 1 8
585 1 6
1650 1 4
1732 2 3 9
1319 1 5
1895 1 10
1697 2 0 2
635 2 5 9
1445 1 9
701 1 4
731 1 7
1837 2 5 6
1950 1 8
1534 2 0 8
266 1 6
1484 1 9
633 1 6
258 1 10
887 1 2
781 1 0
411 1 3
44 1 9
1088 1 10
162 1 7
404 1 6
1634 1 3
1576 2 1 7
1835 2 3 8
1945 2 2 5
1825 3 0 3 5
1364 1 9
203 1 10
788 2 3 5
1034 2 5 6
991 1 9
34 2 0 9
1591 2 1 7
937 1 9
741 1 9
1939 2 4 10
675 1 6
751 2 4 8
1380 1 5
1474 1 10
1903 4 2 5 8 9
1524 2 0 9
118 1 1
1248 1 3
1172 2 0 2
1278 1 1
668 1 4
504 1 3
77 2 7 8
640 1 8
550 2 3 6
1282 1 5
1696 1 9
253 1 1
565 1 1
1231 1 1
778 1 0
651 1 1
997 1 5
1461 3 1 5 9
1326 1 9
1518 1 1
1889 1 1
1870 1 9
243 2 2 5
1601 2 0 3
605 1 2
169 3 2 4 8
1456 1 5
851 1 1
1652 1 6
1330 1 5
1159 1 2
1067 1 4
1901 2 0 4
1170 2 0 9
71 2 2 10
1864 1 6
1764 2 5 10
1247 2 3 7
1466 2 5 7
775 2 4 7
500 1 3
879 2 1 4
113 2 3 5
1629 2 2 7
146 3 2 4 9
1288 1 9
871 1 6
1781 2 2 10
1203 1 4
594 2 2 6
1053 1 8
1432 2 2 8
1071 1 9
1392 1 3
1692 1 2
1201 1 1
1616 1 10
824 2 7 8
1329 1 0
1259 3 0 4 8
1493 2 4 8
1536 1 7
599 3 0 6 7
1015 2 3 6
939 1 8
1952 1 8
927 1 9
949 2 4 8
658 1 5
1524 2 0 5
142 2 1 2
1175 2 3 5
1674 1 8
621 1 4
384 1 7
1806 1 6
1079 1 6
322 3 2 4 6
1492 1 6
249 1 6
1597 1 2
40 1 5
1135 2 4 6
1112 1 8
1892 1 9
1963 2 7 10
437 1 3
225 1 10
1721 2 1 3
1731 1 0
1122 1 8
576 1 5
1778 1 1
370 1 5
1073 2 2 10
1444 3 0 2 5
1540 1 2
907 2 3 7
117 2 4 8
224 1 8
128 1 10
851 1 3
1695 1 7
208 2 3 7
65 4 0 1 2 9
1941 1 5
1055 1 0
867 2 8 9
838 2 4 6
408 1 3
171 1 3
11 2 0 7
1709 1 2
1623 2 7 8
673 1 5
247 1 2
174 1 6
839 1 10
199 2 3 10
215 1 3
1258 1 0
710 1 8
178 1 0
140 1 1
1886 1 8
1491 1 8
323 2 3 7
936 1 0
759 1 5
1148 2 5 8
735 2 1 9
155 2 0 2
1500 2 1 5
1970 1 9
179 5 1 3 5 8 10
804 2 7 9
65 1 9
1384 1 8
386 1 10
1006 1 9
1963 1 5
552 1 0
1915 2 9 10
1729 2 3 8
1651 2 4 10
945 2 0 6
682 1 2
1726 1 3
162 1 6
1579 1 6
748 1 9
458 3 4 7 9
1102 1 5
1328 1 7
1488 1 9
1151 1 5
1693 2 1 3
1216 1 0
764 2 3 8
654 1 4
639 2 8 9
1776 1 8
249 2 3 10
1490 2 3 9
1557 1 7
535 1 4
1025 1 3
657 2 7 8
272 3 0 1 7
100 1 8
982 2 1 4
726 2 1 10
701 2 4 5
1745 1 7
297 2 2 4
859 2 2 8
1967 2 3 6
1861 1 4
616 1 4
459 1 9
1892 3 0 9 10
391 2 0 4
1755 1 1
1954 1 3
243 1 7
1974 1 8
604 1 5
1454 1 0
1703 1 1
6 2 5 9
1525 2 0 2
916 1 6
31 1 5
1677 1 6
779 1 4
34 1 2
1375 2 0 3
1431 1 8
1869 1 9
1224 1 4
840 1 7
1205 1 8
1066 1 0
358 2 2 3
206 3 3 5 6
1354 3 0 5 10
241 2 3 8
1311 3 5 7 9
1950 1 4
721 1 8
1138 2 6 7
1359 3 1 4 7
249 2 0 6
1334 1 0
666 1 10
70 1 7
822 1 2
1288 2 0 2
610 1 9
1375 3 1 9 10
1024 2 2 6
883 1 9
995 2 3 7
283 1 1
963 1 8
918 1 4
127 3 0 1 6
1855 1 0
32 5 1 2 4 7 9
1527 2 0 3
1675 2 1 7
590 3 4 6 9
1254 1 0
985 1 10
938 1 5
749 1 8
180 1 8
1977 1 10
727 1 0
1060 1 4
325 3 1 8 9
1855 1 4
1616 1 1
723 2 0 5
1455 3 0 5 8
1722 1 9
25 1 1
1833 1 6
447 1 0
133 1 0
341 2 1 9
970 1 0
170 1 10
34 1 4
965 2 2 9
860 3 2 4 6
2 1 7
1283 2 3 7
1545 1 5
421 1 7
1753 1 6
1652 1 6
182 1 2
1701 1 2
1952 2 3 7
1301 1 4
1803 1 6
382 1 0
874 1 3
14 1 3
1357 1 1
1755 1 1
1981 2 1 7
1196 1 1
506 1 7
1527 4 0 4 8 10
1197 3 1 3 6
575 1 1
992 1 6
980 2 1 2
744 2 2 9
1007 2 1 9
1099 3 1 4 5
1870 2 0 4
1357 2 0 7
1279 2 5 7
1469 2 0 8
1814 1 5
1269 2 2 4
927 2 3 7
968 2 0 9
1077 1 1
1662 1 5
267 1 6
1059 3 4 6 7
1719 1 5
1039 1 8
1230 1 5
875 1 9
860 1 2
1152 1 5
1295 1 6
1584 3 0 4 6
170 2 1 10
773 1 5
111 2 3 8
1584 3 6 7 9
112 2 1 5
1399 1 2
1088 2 0 1
651 1 4
1034 1 5
1598 2 2 9
96 1 0
276 3 0 4 6
34 2 2 3
1625 1 5
277 1 9
1976 2 2 8
843 2 4 5
563 3 6 8 9
1018 2 3 10
1116 1 7
1727 1 3
1305 1 3
594 2 0 7
503 1 0
878 1 10
992 2 2 5
547 1 6
212 2 0 6
1685 2 0 3
1538 1 2
796 3 0 7 10
704 2 7 8
44 1 3
1929 1 0
1529 1 4
1539 1 7
439 1 6
1518 1 7
1556 3 5 7 9
239 1 9
1264 1 4
265 1 1
1658 2 1 10
1901 1 10
907 2 3 5
1577 1 7
1658 2 0 4
1313 1 0
918 1 3
1841 1 2
44 1 6
933 2 4 6
754 1 2
598 1 9
1886 1 8
1520 1 6
1581 2 1 5
85 1 8
50 1 10
1026 2 7 10
947 2 2 7
1527 1 5
937 2 1 10
1268 2 1 2
409 1 9
766 2 2 9
292 1 5
1877 1 7
368 2 5 8
568 1 6
1067 1 1
124 2 3 7
564 1 8
1151 2 1 5
1466 2 5 10
1513 1 0
243 1 9
1800 1 7
106 1 4
403 1 2
821 1 3
1766 2 5 9
1173 2 6 10
478 2 1 8
1557 3 4 8 9
1813 1 7
1985 1 3
998 2 1 4
907 1 6
1600 2 0 5
976 1 0
1710 1 8
360 1 3
1845 1 8
1677 2 1 6
1550 2 3 10
1778 1 5
1105 3 5 7 10
1450 1 5
1091 1 0
481 1 5
822 1 7
1370 1 3
1878 1 0
1310 1 8
1434 2 3 4
1235 1 4
137 1 9
111 1 5
1112 1 3
935 1 4
1001 1 2
61 1 1
1602 1 0
447 2 3 6
97 2 0 10
1756 2 4 8
1215 1 7
50 1 1
1018 1 4
1690 1 4
452 2 3 6
1535 1 1
1831 3 1 2 3
1171 1 9
124 3 0 1 5
1036 3 1 3 10
1879 3 0 5 9
1739 2 6 10
523 2 4 9
768 1 1
736 2 3 4
595 1 7
1890 1 8
160 1 6
262 3 2 3 9
152 2 2 5
865 1 3
1458 2 2 6
219 1 10
562 2 4 10
761 2 1 9
1550 2 0 4
1202 1 3
1291 1 10
319 2 2 3
1772 3 1 7 8
110 1 9
1673 1 4
1161 3 3 5 10
1460 1 9
215 1 3
198 1 0
528 2 4 8
1088 1 4
236 2 1 2
1491 2 7 8
1918 2 2 5
1119 2 6 8
386 1 0
1891 1 5
1426 1 5
15 1 10
1230 2 5 6
1267 1 0
1158 2 0 5
1858 1 10
945 3 3 5 6
69 1 10
698 1 10
585 1 4
1732 1 1
855 3 2 4 8
1349 4 3 6 8 9
202 1 6
166 1 1
1349 1 10
474 2 1 7
1518 1 4
93 1 7
1535 1 1
297 2 1 3
205 2 2 3
1085 1 9
721 2 1 9
502 1 3
402 1 9
712 2 4 5
1168 1 4
1740 2 7 8
1799 1 7
192 3 0 5 7
612 2 7 9
173 1 1
537 1 5
1251 1 0
160 1 6
925 1 8
1737 1 5
1960 2 1 10
1368 2 2 9
354 1 1
458 1 2
1841 3 2 5 6
687 1 7
1262 1 5
543 2 6 9
360 2 2 4
821 1 9
1901 1 7
1244 1 10
1533 1 0
1313 2 0 8
1726 4 0 3 4 9
920 2 1 9
885 1 6
73 2 0 3
87 1 6
1260 2 1 5
1279 2 6 7
1196 2 9 10
871 2 0 6
716 1 8
1770 1 0
1554 1 6
801 4 3 4 5 8
1455 1 3
1441 1 2
1717 2 1 2
825 2 5 9
1857 1 2
88 1 7
765 2 0 1
1113 2 2 4
1861 2 0 9
857 1 1
59 1 9
973 1 6
819 4 2 5 8 9
985 2 0 3
1577 1 9
753 5 1 4 5 7 10
886 1 3
1615 2 0 10
1485 1 8
1159 2 1 10
608 2 4 7
1854 1 2
879 1 4
1797 2 2 8
1554 2 2 9
562 1 7
1235 1 2
330 2 4 9
905 1 2
66 2 2 10
684 1 5
153 1 7
119 2 7 10
1537 1 5
337 3 2 3 5
1051 1 0
1661 1 7
1524 2 4 9
1616 2 3 7
1351 2 2 4
142 1 2
803 3 0 7 8
1097 2 5 9
192 2 6 10
1156 1 3
1411 1 2
94 2 1 10
1064 2 7 9
1558 1 0
307 1 2
978 2 8 9
1587 1 8
584 1 8
172 1 1
973 1 9
433 2 4 10
1615 1 3
949 1 6
558 1 3
1487 1 3
9 2 7 9
1844 1 6
232 2 2 3
983 2 9 10
672 3 6 7 8
92 2 6 9
587 1 2
339 1 5
1587 2 5 9
1523 1 4
1837 1 5
379 1 9
1322 1 9
1639 2 0 7
966 1 3
265 2 6 9
1850 1 6
67 1 5
708 2 1 2
722 1 9
1571 1 0
698 1 9
471 1 8
1849 1 2
564 2 1 9
531 2 1 4
192 1 2
806 2 3 4
204 3 1 3 5
425 2 2 3
1909 2 4 8
1399 1 6
590 2 2 4
1757 3 2 5 7
1736 1 9
153 1 5
1434 1 4
1308 1 4
1828 1 1
228 2 3 7
909 1 6
828 1 3
1217 1 9
1734 2 0 7
1460 1 4
1860 1 8
1607 1 6
1886 1 9
801 1 4
1334 1 1
1581 2 3 6
1543 2 6 10
543 1 5
1557 2 1 8
1572 2 5 9
1411 2 0 3
562 1 6
1084 1 6
216 1 8
1155 1 5
1760 2 5 7
646 1 10
1967 2 0 3
1813 2 1 2
881 2 4 7
710 1 10
1174 1 9
43 1 1
410 1 2
1889 1 9
1933 1 2
425 2 7 10
1860 2 4 5
51 1 4
1957 1 7
1952 1 7
1057 1 2
948 1 10
1793 1 8
1947 2 1 9
1022 1 8
267 1 0
338 2 1 8
1545 1 8
1335 1 9
1653 2 3 7
1411 2 3 6
676 2 4 10
500 1 2
1061 2 5 9
1695 1 1
380 1 8
775 1 10
525 2 5 6
810 1 5
385 2 0 2
660 2 4 7
1271 1 1
1623 2 1 9
388 2 1 2
1514 1 6
1879 2 8 9
1669 2 8 9
92 1 10
1918 1 4
275 1 7
412 1 6
1762 2 1 9
774 2 0 10
840 1 3
810 1 1
1610 5 3 4 6 7 8
1451 1 3
673 2 2 8
592 2 2 8
47 1 10
779 1 10
1301 1 10
370 2 7 9
1523 1 9
819 1 6
1650 1 7
1547 1 2
517 1 4
1454 1 1
687 2 2 8
1529 1 3
1050 1 1
1929 1 0
1657 1 5
282 1 4
417 1 5
796 3 1 3 6
1488 1 5
1932 2 6 8
1092 1 4
416 1 7
480 2 2 8
128 4 0 3 5 6
1714 2 2 8
831 1 10
412 1 8
687 2 2 4
1411 3 5 6 10
1523 1 8
1507 2 3 9
528 1 1
1978 1 9
160 2 5 7
1033 2 1 3
1192 1 5
720 1 9
802 1 8
861 1 1
193 2 0 8
439 1 0
497 1 8
1415 1 1
819 1 10
1441 1 9
113 1 1
203 1 5
1063 1 7
923 1 1
1116 1 2
239 1 5
846 1 9
1694 1 3
780 2 1 8
403 1 5
1584 3 1 5 6
92 1 6
1461 1 3
168 1 1
1049 1 9
1182 1 2
1044 1 10
1319 1 3
1433 1 4
1607 1 9
347 1 0
1794 2 5 10
877 2 7 9
1152 1 3
330 1 7
943 1 5
1515 1 4
659 1 7
79 1 1
1417 2 5 10
100 1 8
1593 1 5
136 3 1 6 8
28 1 1
577 1 2
758 1 8
515 1 0
387 1 6
828 2 5 9
1455 1 4
47 2 3 6
1493 2 2 10
700 1 2
1970 1 0
234 2 0 6
944 2 6 7
1431 1 5
940 1 2
639 1 0
1501 1 6
1712 2 8 9
220 1 1
517 1 5
958 2 5 6
1381 4 2 6 8 10
261 1 3
718 1 2
1559 1 3
1381 1 3
232 1 1
1689 1 4
1525 2 0 1
1706 3 2 4 5
337 2 2 8
35 1 4
603 2 0 6
804 2 0 10
1442 1 0
1208 1 2
133 1 4
813 2 3 5
1864 2 7 8
1490 2 2 10
60 1 4
1800 4 0 1 5 10
73 1 1
1221 1 7
1164 2 0 4
823 2 0 2
1488 1 2
1249 2 2 10
1239 1 9
971 2 2 4
1799 2 3 10
93 3 5 8 9
1007 1 4
804 1 4
1726 1 7
977 2 4 9
118 1 0
774 1 1
1033 2 6 8
1982 2 2 9
1433 2 1 9
1853 2 4 10
1250 1 6
859 1 6
1191 1 10
778 2 2 9
865 2 7 10
1220 1 9
1905 1 2
859 1 8
970 1 3
1849 2 1 5
418 2 4 6
824 1 1
1070 4 2 5 9 10
337 1 8
348 1 3
556 3 4 8 10
1838 2 0 5
1766 1 0
1049 1 3
1294 3 6 7 10
474 2 4 7
814 2 5 8
12 2 8 10
1732 2 6 8
75 1 2
114 2 5 10
959 1 7
1540 1 0
1797 2 1 9
528 2 2 8
582 3 2 5 9
1141 1 5
1387 2 7 10
1026 1 5
1208 3 5 6 10
1760 1 7
1264 2 5 9
1905 1 9
1281 1 7
260 2 3 8
962 1 6
1033 3 2 8 10
1054 2 0 6
1016 1 8
1399 1 0
1049 1 6
1421 2 0 1
654 2 6 10
824 2 1 8
1778 2 7 9
1985 1 1
847 1 6
789 1 7
1329 1 6
491 1 6
578 1 8
1917 2 6 8
479 3 5 6 8
1083 2 8 10
1089 1 6
1905 1 3
1798 1 2
83 3 8 9 10
710 1 6
1569 2 3 9
1640 1 1
1546 2 0 5
184 1 5
412 3 0 4 9
1528 2 2 9
259 1 6
1919 1 6
1707 1 5
479 2 5 8
370 3 4 7 8
1056 2 2 6
1948 2 5 9
588 1 3
413 1 6
1733 1 2
409 1 6
1130 2 8 9
1882 1 7
1283 1 9
1128 1 10
1286 1 2
1745 1 3
1731 1 4
1952 2 6 10
754 2 2 6
410 1 10
411 1 6
1062 1 2
28 1 10
1194 1 6
323 1 0
200 1 2
1343 2 4 5
1520 1 5
109 1 1
642 2 3 6
1198 1 8
1242 1 2
962 3 0 2 5
1476 2 4 10
42 3 8 9 10
1326 2 1 5
909 1 0
1111 1 9
1282 1 4
1130 1 5
625 2 6 7
243 2 5 10
681 1 4
1100 1 1
642 1 1
579 1 3
1931 1 10
969 1 5
1499 1 4
1927 1 6
1443 2 4 9
1421 1 5
532 1 0
927 1 2
435 1 10
1588 1 2
684 1 2
1531 1 2
137 2 0 8
1211 1 4
604 1 0
1116 2 8 9
344 1 5
109 1 5
985 1 5
1845 2 2 9
631 2 0 3
577 1 1
875 3 1 7 9
1753 3 1 4 9
1259 1 2
1508 1 4
1037 3 1 6 8
804 2 3 8
1029 2 0 7
1483 2 2 10
202 3 5 7 8
477 1 10
1071 1 3
239 1 4
521 2 0 6
1103 1 6
1639 2 8 10
129 3 8 9 10
960 2 2 5
527 1 10
1417 3 3 5 6
953 1 3
1246 1 6
1801 3 4 5 9
697 2 1 5
1759 1 2
1853 1 5
645 2 3 5
465 1 9
1718 2 6 10
444 2 6 8
539 1 3
1798 1 4
584 1 0
521 1 7
107 1 10
813 2 4 9
848 2 1 6
1527 1 9
869 1 9
277 2 4 8
1838 1 9
1200 1 9
1051 1 10
1009 1 1
1806 3 0 4 5
1755 1 2
1550 1 7
224 2 5 8
8 1 1
1175 2 0 6
87 1 7
660 2 1 3
1612 1 4
34 3 1 5 9
687 1 6
961 1 10
1581 1 10
1444 2 2 5
778 1 2
1741 4 0 6 8 9
1050 1 3
1969 4 0 3 5 8
1478 1 7
1969 1 2
463 2 2 9
1977 3 1 2 9
1475 2 0 6
637 1 1
1446 1 7
1492 1 3
1042 1 5
588 1 3
16 1 1
972 1 2
1713 1 5
907 2 4 10
1400 1 9
1000 1 1
1516 2 2 7
1837 1 2
1172 2 8 9
1171 1 9
1319 2 5 8
570 1 5
732 1 1
1040 1 3
503 1 7
1235 1 1
374 1 8
1495 1 4
139 1 1
1279 3 2 6 10
443 3 7 8 10
924 3 0 1 10
1350 3 0 3 8
1964 2 4 8
683 1 6
1481 1 1
1835 1 10
577 2 0 6
1164 1 3
1706 2 6 10
908 1 7
862 1 4
466 2 0 4
630 1 5
587 1 9
549 1 0
1850 1 0
103 2 1 4
745 1 2
829 2 0 2
1857 1 9
1301 1 9
356 2 5 8
8 2 6 8
277 1 4
1210 1 1
1325 2 6 9
1899 2 2 8
1491 3 0 1 8
1300 2 5 7
1430 2 0 5
1099 1 1
1288 2 4 9
1577 1 3
1709 1 8
1801 3 0 5 9
764 1 5
480 2 2 5
1210 1 7
1562 1 5
968 2 2 6
675 1 10
1518 1 2
1191 1 9
1929 2 3 10
533 2 5 7
1702 2 1 6
1255 1 1
1964 1 5
1470 1 0
1047 1 0
1845 1 2
538 1 0
1624 2 2 7
1175 1 4
1271 1 5
1825 2 6 10
669 2 7 9
1092 1 1
460 1 4
1081 2 0 3
1391 2 6 10
214 1 9
1306 1 9
1017 1 10
102 2 0 2
1612 1 1
821 1 10
647 2 3 8
1284 1 8
970 1 1
449 2 0 6
82 3 1 8 9
1843 1 4
1448 1 1
854 1 8
829 1 1
1294 3 2 4 6
814 1 0
1394 2 0 2
497 2 1 4
1243 1 7
262 2 3 8
247 2 2 7
1646 1 2
1897 1 7
1743 1 0
971 2 5 10
1724 2 6 8
1964 1 10
1618 1 6
1712 2 1 9
13 2 2 3
934 1 4
1845 1 2
1072 2 4 9
680 1 5
179 4 3 4 5 6
509 2 3 8
527 3 3 6 8
154 2 2 6
1105 1 7
1694 2 5 7
1886 1 9
547 2 7 9
756 1 10
1155 2 2 6
1167 1 0
634 1 1
1043 1 3
1599 3 1 7 9
533 1 7
303 1 10
1741 3 4 6 7
72 2 2 4
1893 1 8
523 1 1
825 1 9
66 1 3
681 1 6
1400 3 6 7 8
506 1 7
731 1 6
1359 1 2
1861 2 4 6
625 1 9
548 3 1 7 8
459 2 4 5
1507 1 6
1009 1 5
1973 1 8
1192 2 4 10
698 1 8
1936 1 5
619 3 0 1 3
425 3 1 3 4
568 1 5
1093 1 6
1769 1 2
1448 1 5
1456 2 3 5
1626 2 1 4
110 2 4 9
1083 1 9
1001 1 6
904 2 2 7
256 1 0
1201 1 5
69 1 8
360 2 0 2
1901 1 6
1552 2 4 8
1129 2 0 7
69 1 0
1601 1 8
1325 2 1 3
1767 2 0 8
1304 1 2
605 1 5
445 2 0 1
1518 4 0 5 7 9
794 2 7 8
854 1 4
1685 2 7 8
1986 2 4 6
583 1 10
701 2 0 4
171 3 3 5 10
1055 2 2 9
1225 1 2
1000 2 2 8
665 3 2 3 9
246 1 3
794 1 1
354 1 2
1391 1 5
763 1 10
643 1 6
705 1 1
1650 2 0 1
1355 1 2
691 2 6 10
1387 1 10
1978 2 2 5
465 2 1 7
153 2 0 2
434 1 6
1647 2 3 8
1690 1 4
3 2 0 8
397 1 2
175 1 5
783 1 8
325 1 5
65 1 9
1391 1 6
1471 2 0 2
1562 1 2
1940 1 2
1195 1 7
1669 1 6
1002 1 0
63 2 3 5
148 1 2
1556 1 8
1870 1 4
861 1 0
966 1 7
1285 2 9 10
156 1 3
303 2 0 6
952 2 6 10
1050 2 2 10
1803 2 2 4
205 2 0 9
5 1 5
648 2 1 9
834 2 5 9
1962 1 2
340 1 10
764 1 6
867 4 3 4 6 9
1102 1 10
1539 4 3 4 6 8
1089 1 2
883 1 8
1629 2 0 4
1762 1 10
836 1 9
859 1 10
1843 1 10
1376 2 6 10
1745 1 6
1092 1 0
1338 1 4
1552 3 3 5 10
1116 3 0 3 6
143 1 1
1548 2 2 5
1060 1 10
165 1 4
926 1 10
475 1 1
515 2 1 5
533 2 0 10
1007 1 0
1729 1 1
1973 3 2 3 5
185 2 2 7
1828 1 4
113 1 2
114 1 6
438 1 10
1768 1 0
798 1 7
878 1 7
1970 1 1
1151 1 9
626 1 5
1235 1 7
1976 2 7 10
886 1 7
1803 2 4 8
491 1 0
76 1 8
1986 1 3
82 1 10
615 1 7
1108 2 6 9
333 2 2 5
1592 1 9
964 1 9
312 2 0 1
34 2 3 5
673 2 8 9
286 1 7
210 2 4 7
1168 2 0 6
1118 3 0 8 10
1731 1 7
283 1 10
98 1 3
1509 1 3
1731 2 1 4
1234 1 6
685 2 4 8
997 1 8
987 1 8
1163 2 4 5
260 4 0 1 3 8
1260 1 0
210 1 5
1850 2 2 3
1732 4 0 5 6 8
873 2 4 7
1594 1 9
909 1 4
1085 1 9
680 2 2 8
1448 2 1 6
497 3 3 7 10
89 1 6
206 1 6
610 1 5
1412 1 6
254 1 0
1244 1 7
375 1 3
1067 1 10
778 1 8
1721 2 7 10
1392 1 0
1911 1 3
708 3 3 5 10
917 2 2 5
632 1 8
833 1 10
231 1 5
1520 2 0 3
1776 3 1 7 9
111 1 3
283 1 4
858 1 1
1104 1 9
51 1 9
407 2 4 6
631 1 3
1165 1 9
258 1 3
458 2 3 4
1928 2 3 4
514 2 4 10
1617 3 2 6 9
39 3 0 8 10
1081 1 9
1838 1 2
108 1 1
1211 2 2 3
701 2 0 2
1562 1 10
544 1 7
1628 1 1
1098 2 1 9
637 1 1
74 2 7 10
1588 2 3 5
1548 2 5 9
1195 2 2 8
908 3 2 7 10
895 1 7
1102 1 5
243 2 6 10
691 2 0 5
608 1 7
1035 2 3 9
600 3 2 7 10
372 2 4 7
566 1 5
588 1 8
1648 1 0
457 1 9
1274 1 1
651 3 2 9 10
1523 2 0 5
286 1 5
390 1 4
666 1 9
1443 2 0 3
1058 1 8
659 1 0
1187 2 4 10
1044 4 2 6 8 9
1617 1 8
390 1 1
1559 1 0
847 3 3 6 7
704 2 5 8
823 2 3 7
549 1 10
1558 1 1
1510 1 3
1595 1 4
1187 1 3
1741 2 1 7
1166 2 6 9
700 1 7
975 4 3 4 5 9
819 1 8
1370 3 5 8 10
1330 1 5
1373 2 1 10
499 1 3
40 2 0 2
288 1 10
1806 2 4 5
851 2 3 4
1235 2 1 8
1492 1 2
549 2 3 4
1099 1 2
1745 2 2 8
1635 1 2
1379 1 4
1985 1 8
1351 4 0 3 8 9
1781 1 1
1064 1 8
251 1 1
1597 2 2 3
1597 1 7
1819 1 2
199 1 7
1083 1 1
702 1 2
520 2 5 9
1843 1 4
1320 1 2
1097 1 10
1952 1 10
1215 3 2 7 10
1484 1 1
1611 1 8
1369 2 4 7
1360 1 0
492 3 1 2 6
215 2 2 3
159 1 3
1581 2 1 3
815 3 1 6 9
1610 1 4
905 1 8
1012 2 5 6
1670 2 7 10
773 3 4 5 7
1128 1 4
40 1 0
1653 1 0
1936 2 5 7
1662 2 8 10
240 2 4 7
757 1 3
1172 2 2 8
1039 1 9
1545 1 10
1300 1 4
501 1 3
1625 3 0 2 3
662 2 4 9
1000 1 2
1118 1 7
923 1 0
800 1 4
250 1 1
1337 1 3
1221 2 2 10
1802 2 6 7
1262 1 2
1277 1 3
1963 1 8
820 3 1 2 7
610 2 3 10
89 1 8
981 2 5 10
246 1 1
63 2 0 7
111 3 1 6 9
1985 1 8
1918 1 0
1007 2 5 10
952 1 10
433 1 10
1632 3 1 4 10
1559 1 0
1011 2 3 10
1973 2 0 3
920 2 0 10
744 1 1
1356 1 5
1603 1 5
210 1 1
534 1 5
1269 2 2 10
363 1 3
1947 1 6
1471 1 3
1826 2 1 4
1777 1 2
1581 1 3
1977 1 6
1544 1 3
903 1 9
126 2 2 7
814 2 4 8
1012 1 0
600 3 2 5 9
502 3 0 6 8
1981 2 9 10
414 1 4
1719 1 2
565 1 2
886 1 0
207 1 3
392 3 3 4 10
18 1 7
639 2 1 5
657 2 4 9
1024 2 1 8
1340 1 7
959 1 8
931 1 1
842 2 1 8
1941 2 6 9
151 1 1
1933 2 0 7
398 3 1 2 3
465 1 1
309 1 4
1653 3 7 8 9
930 1 3
1684 2 0 5
1173 1 7
975 1 3
82 1 1
479 1 6
1407 2 5 6
1656 2 5 10
1481 2 0 2
751 1 6
433 3 2 4 7
1894 3 5 8 10
1325 1 2
1787 1 6
538 1 10
1136 2 7 10
217 3 2 5 9
288 1 10
1604 2 0 10
1573 1 6
750 1 4
639 2 7 9
1906 2 6 9
56 1 0
279 1 6
434 1 8
1730 2 3 6
203 1 1
1511 2 1 7
1660 2 4 9
1727 1 10
1262 1 2
1508 1 1
54 1 1
1570 1 3
568 1 10
407 1 5
202 2 2 3
265 2 1 2
792 2 4 7
533 1 10
366 1 2
848 1 1
219 2 5 8
1858 1 5
1095 2 4 7
1234 1 6
1631 1 0
1153 1 5
1508 1 0
444 2 5 8
790 1 3
1235 1 6
1857 1 0
276 1 1
1183 1 2
1956 1 8
775 1 9
1731 1 4
1204 1 5
920 1 2
485 1 8
1570 1 5
1172 1 10
781 2 0 6
1495 2 0 9
1020 1 5
496 1 6
1555 4 1 5 6 10
724 2 4 8
1523 1 0
556 2 5 7
1599 1 0
529 2 3 8
1919 2 6 7
1054 1 6
1632 1 3
1836 2 2 5
735 3 4 5 6
882 1 10
672 2 1 2
772 2 1 10
199 2 0 1
323 1 6
1894 1 4
851 1 3
338 1 10
1579 1 10
864 1 5
960 2 4 7
825 1 2
210 1 9
1347 1 8
1218 1 1
1474 2 2 7
1301 1 4
1199 1 5
701 1 4
176 2 9 10
1081 1 3
1887 2 0 10
1268 2 0 10
119 1 0
1399 1 5
1214 1 3
1763 1 8
384 1 8
1700 1 7
110 1 9
753 1 10
1265 1 4
337 2 6 7
1405 1 6
865 1 9
1317 2 9 10
351 1 7
829 3 5 7 10
1858 1 3
340 1 0
1699 1 5
1889 2 0 6
1888 1 10
1686 1 10
672 1 0
570 1 9
168 1 6
456 2 7 9
855 1 10
687 2 1 10
1165 2 3 4
564 1 8
812 1 1
1099 2 5 9
1917 3 2 5 6
88 2 1 3
655 1 9
1680 1 6
3 4 8 2 9 8 2 2 9 3 9 8 3 0 4 3 6 7 6 2 9 2 2 1 5 7 5 6 2 7 2 0 4 9 2 10 8 0 3 4 7 1 9 0 2 1 9 3 8 0 0 10 10 1 8 4 1 0 6 3 2 5 4 1 3 2 4 8 3 0 8 5 4 2 10 7 5 5 1 1 1 7 10 0 9 9 10 5 8 10 0 9 3 1 6 2 4 1 10 3 9 1 8 2 2 7 0 1 10 10 7 5 1 5 7 4 2 6 10 6 5 3 6 6 9 10 8 10 9 2 8 8 2 1 1 9 0 9 0 6 6 7 4 7 9 8 2 6 8 2 3 1 3 2 2 9 3 0 1 9 4 9 2 2 9 3 1 1 5 1 6 5 8 2 10 2 2 3 9 8 8 3 2 3 0 0 2 1 6 5 6 7 2 2 6 10 2 4 6 8 6 5 7 2 6 0 0 5 4 6 0 6 4 10 0 4 0 8 8 3 8 10 2 2 3 0 8 10 4 2 1 1 5 1 4 2 5 7 9 2 2 5 3 9 10 8 3 7 7 3 3 5 1 5 3 6 4 0 4 3 5 3 3 3 4 0 3 1 10 4 7 3 3 0 10 0 8 10 0 0 1 5 1 4 10 2 3 10 5 1 10 4 8 7 10 4 6 1 10 9 1 3 8 3 10 10 2 1 3 6 5 10 8 5 2 1 0 5 9 10 4 5 6 0 8 2 10 5 9 5 6 7 8 10 0 10 1 7 9 8 0 6 7 3 7 7 10 10 8 2 8 8 3 7 10 0 6 6 6 2 1 3 7 6 3 4 8 0 3 10 8 0 1 2 6 9 1 10 9 1 9 10 4 7 7 1 7 8 9 10 2 6 5 10 9 7 4 3 3 8 0 6 10 2 4 9 6 10 9 10 9 10 7 9 8 4 0 5 4 6 4 10 0 6 9 3 4 4 10 10 6 5 0 3 8 0 4 7 3 7 9 3 10 10 8 7 7 2 1 3 6 0 0 10 2 9 10 0 8 4 1 0 2 10 8 6 0 3 6 8 9 10 7 4 2 8 10 7 0 0 10 3 8 1 10 3 3 1 10 4 2 0 4 8 5 2 9 10 3 10 4 5 10 7 6 5 8 10 6 5 1 10 6 7 1 5 0 1 0 7 6 7 10 9 5 0 2 4 9 9 10 8 3 4 9 4 5 2 7 8 8 4 5 5 10 2 4 9 9 8 8 0 6 1 10 10 10 9 1 0 6 0 0 3 6 2 9 4 6 8 7 7 5 6 7 2 0 10 6 9 8 6 4 8 4 2 2 2 8 4 8 3 10 1 2 1 1 8 7 7 10 10 2 0 8 9 2 3 9 3 6 2 3 5 8 7 3 4 1 8 8 9 4 6 3 10 0 1 4 7 1 9 6 5 8 7 10 7 9 0 6 5 9 8 10 1 3 8 3 2 10 2 1 10 7 2 8 3 4 1 0 8 6 9 2 1 2 2 9 4 5 0 4 3 3 0 5 6 4 3 2 9 10 2 4 1 8 3 3 8 4 3 7 10 9 4 1 10 0 9 5 4 0 10 2 3 1 5 5 1 10 2 1 3 6 5 4 6 5 1 0 8 4 6 4 10 6 5 8 9 0 3 4 5 9 5 3 9 4 3 6 7 1 1 9 8 3 10 1 3 5 4 7 3 10 2 10 0 7 4 2 3 4 8 8 9 3 8 1 8 2 10 0 1 3 7 8 3 6 5 9 9 4 3 10 2 2 6 5 6 0 10 3 3 3 8 6 3 8 4 10 6 2 10 2 9 0 7 0 4 3 7 4 1 3 7 1 0 6 7 10 1 1 4 0 6 3 1 2 2 5 4 3 6 5 8 4 0 1 8 9 7 3 1 2 4 9 0 3 2 1 9 5 9 8 0 8 2 4 8 1 9 0 3 0 2 2 3 3 1 5 1 2 9 6 0 8 3 0 6 6 6 5 3 10 0 7 3 2 10 10 1 5 3 3 4 1 6 6 5 6 0 3 3 9 10 1 8 3 6 3 7 9 5 9 4 7 7 10 6 4 2 3 5 1 10 2 7 9 2 0 2 3 10 7 0 2 4 4 8 2 10 10 5 8 3 9 10 9 0 9 2 5 5 0 1 4 5 3 1 1 4 5 1 6 4 2 3 6 9 6 7 7 10 7 5 2 9 1 10 2 6 2 7 8 7 10 5 6 1 5 8 8 5 1 0 0 7 6 2 6 6 4 9 3 9 4 6 7 2 0 10 2 0 7 6 7 2 4 9 2 4 3 9 10 6 7 0 1 0 4 0 2 8 2 4 7 6 2 2 10 3 5 0 6 8 6 3 5 10 6 1 10 8 8 0 4 8 10 2 1 4 3 6 3 6 7 2 7 3 0 2 3 1 9 5 7 8 9 3 3 9 5 10 7 1 10 5 6 6 5 0 9 1 6 1 9 8 1 7 9 3 5 3 10 3 7 6 6 2 10 10 3 7 3 6 9 3 6 8 8 10 5 9 8 1 0 9 1 9 10 10 0 2 7 8 8 2 3 8 6 1 8 1 5 10 5 3 6 6 9 0 10 10 8 5 0 8 1 10 7 3 8 2 9 2 6 6 1 8 7 10 5 5 0 6 4 3 0 10 5 5 9 9 5 4 9 4 1 9 0 4 3 0 0 10 6 9 1 6 7 9 2 5 10 1 5 9 4 3 10 4 8 0 2 5 1 5 0 6 9 8 1 6 5 7 1 6 7 3 0 9 6 7 8 6 2 1 9 2 5 8 8 1 3 8 2 4 6 5 9 5 7 0 9 3 5 9 10 7 3 4 2 2 0 2 4 1 4 3 0 0 0 1 4 9 8 8 7 1 10 4 2 1 10 1 3 1 5 5 8 1 4 9 3 6 2 10 6 4 0 5 8 5 1 8 5 4 5 5 2 2 6 6 3 4 1 7 3 9 7 2 1 0 5 8 1 1 4 0 6 7 0 0 0 0 9 8 1 3 7 5 2 2 9 8 10 7 0 1 7 2 7 5 2 8 0 7 2 6 2 10 3 3 8 5 1 3 5 10 8 5 1 4 9 4 4 3 1 9 4 8 2 2 6 0 2 2 7 4 3 3 3 6 5 2 0 9 9 7 3 1 3 8 10 6 6 10 3 0 5 6 1 1 10 4 10 0 10 4 1 3 4 7 8 0 5 3 7 2 2 6 0 8 6 7 0 8 5 0 3 7 0 1 4 2 10 0 8 4 2 4 10 3 9 4 3 1 4 5 7 10 1 2 2 2 2 3 3 1 5 3 4 5 8 7 9 8 5 0 0 7 5 10 10 9 9 8 5 6 2 10 3 4 4 1 3 3 4 4 4 4 1 2 8 8 6 8 2 6 10 6 6 4 7 7 7 4 3 4 4 10 5 10 1 8 4 7 4 9 5 4 5 0 1 4 3 2 6 6 5 4 4 1 8 3 3 9 6 8 10 3 9 6 9 7 2 6 7 2 10 1 5 9 1 10 2 8 7 5 3 5 2 8 7 8 5 9 7 3 4 10 9 6 2 7 1 5 4 9 3 8 7 10 3 4 2 3 7 2 2 10 6 10 4 7 9 8 5 3 5 0 4 0 2 9 8 6 1 1 5 0 0 5 3 8 7 4 1 1 9 5 0 0 10 7 6 5 5 1 4 3 1 1 8 7 4 4 7 6 5 3 0 8 10 9 2 1 2 10 4 4 6 1 2 1 6 5 6 8 6 9 7 4 8 0 3 2 4 3 10 10 0 3 2 7 6 10 9 2 10 7 1 9 9 10 3 5 7 9 6 1 6 2 5 10 7 5 1 0 8 0 3 0 3 10 8 5 2 7 5 0 6 9 9 0 7 4 2 10 8 2 10 1 9 1 0 2 2 1 8 4 10 0 1 3 5 6 6 7 6 2 4 6 2 2 9 2 8 2 2 7 5 7 10 7 3 4 0 3 4 1 3 5 10 2 0 2 10 3 5 1 6 1 4 3 9 7 3 5 3 3 7 3 6 1 3 7 2 8 4 1 9 7 9 7 4 6 10 0 8 2 0 5 0 3 5 10 4 0 2 5 1 2 0 1 7 6 9 8 9 1 10 4 6 2 2 4 5 2 0 5 1 3 9 9 7 3 9 9 3 7 0 0 2 2 7 5 2 3 8 3 10 0 3 6 9 4 5 4 3 10 7 9 8 4 2 6 0 5 2 3 9 6 0 0 6 1 3 9 2 9 3 8 5 6 4 6 6 0 10 4 4 4 6 1 9 3 1 3 9 3 8 10 8 1 6 8 0 3 5 9 5 8 1 9 7 3 7 0 5 2 0 3 2 4 7 8 2 10 1 9 10 3 0 1 8 6 0 2 6 6 10 4 1 3 10 9 7 9 7 1 6 8 2 9 8 4 3 10 5 6 4 6 7 9 5 2 6 4 4 5 1 7 5 7 4 6 2 7 9 8 0 5 6 9 9 5 3
