2000 2000
446 1 5
1489 3 0 3 6
1146 1 6
288 2 1 6
1187 1 4
887 2 0 3
380 2 4 7
1580 2 2 7
955 2 2 8
1287 1 3
1165 1 10
1871 1 1
1777 1 6
102 1 4
1899 2 1 10
793 1 6
1910 1 1
1808 3 2 3 10
1442 1 1
1424 1 7
98 1 10
1341 1 9
741 2 4 8
1907 1 9
1624 3 2 5 9
1058 3 2 8 10
833 2 2 10
958 1 0
1048 2 3 9
345 2 2 10
201 3 1 2 3
93 1 5
500 1 8
1054 3 1 4 10
854 1 2
1219 3 3 9 10
1098 2 7 10
1963 1 8
1168 3 2 4 9
1487 1 6
1668 1 9
896 1 3
1973 2 4 5
1415 2 2 4
1235 1 8
830 1 5
1385 2 0 5
948 2 4 8
1971 4 0 3 6 7
1113 2 3 5
704 2 2 7
181 1 3
1534 1 7
870 2 3 7
965 3 1 7 10
1793 1 7
1355 2 1 7
241 2 1 4
1945 2 1 10
1435 2 4 5
144 2 3 7
745 3 2 3 6
94 1 4
994 1 8
585 1 3
211 1 8
867 1 10
1337 2 0 7
1932 2 4 9
1094 2 1 6
1359 1 7
611 2 1 10
804 1 10
1797 1 3
782 2 5 9
866 2 2 7
1609 1 10
1064 5 5 6 7 8 10
1667 1 4
1464 2 0 3
1820 1 7
676 2 0 7
465 2 3 8
1309 1 3
368 1 0
820 2 3 6
1431 1 10
632 3 1 7 8
1336 1 10
1783 3 0 3 8
1307 1 8
648 1 8
1633 1 0
1254 2 4 8
1318 1 6
864 2 0 8
328 1 1
1412 1 7
1029 1 2
1771 1 5
390 1 9
1222 1 7
344 2 1 6
763 3 0 7 9
337 2 0 3
1127 1 1
687 1 3
1840 2 5 7
1062 3 3 6 10
136 3 3 6 8
79 2 1 10
227 4 1 2 6 9
1014 3 1 5 6
1384 2 7 10
60 1 10
1740 1 3
624 1 10
1131 1 1
775 1 4
909 1 1
1574 1 10
1230 1 7
1096 1 0
1967 1 8
1306 1 7
1653 1 3
526 1 4
1803 1 5
1720 2 0 8
1682 2 4 10
603 1 4
57 1 5
1326 1 7
1069 1 3
683 2 7 8
1966 2 7 8
494 1 2
163 2 4 10
602 1 9
516 2 4 6
1611 1 4
1563 2 4 5
1764 1 2
346 1 3
1177 2 6 10
431 2 2 6
1508 4 4 5 9 10
663 2 6 10
651 2 9 10
450 2 2 9
361 1 5
248 1 5
72 2 2 5
203 2 1 6
1786 4 0 4 8 9
1214 1 6
1623 4 3 4 7 9
1411 1 2
351 2 4 5
1835 1 9
818 2 6 9
1001 3 0 5 9
647 1 0
1512 3 6 7 9
1770 1 4
539 2 0 10
90 2 1 4
1652 2 0 6
306 1 3
1702 1 9
1503 3 1 7 9
403 1 10
1024 2 1 5
1988 2 8 10
524 1 7
871 1 1
1079 4 0 1 5 6
1277 5 0 5 7 8 10
595 1 3
1055 1 7
1293 2 4 9
1565 1 1
643 3 0 2 7
40 1 6
1812 3 5 8 9
1370 2 2 4
1191 1 10
1468 1 9
1395 4 3 5 7 8
923 2 0 6
849 1 8
1376 1 0
1949 2 5 10
104 1 5
519 2 4 8
495 2 1 6
1036 1 4
1669 2 1 2
473 1 3
1363 1 8
138 2 0 7
1300 1 10
1844 1 2
1704 1 2
652 3 3 6 7
983 1 3
449 2 2 8
1883 1 9
352 2 1 7
506 1 4
200 1 1
2000 1 1
834 1 10
408 2 3 8
499 2 3 9
81 1 7
155 2 6 10
674 2 1 3
254 1 0
243 1 4
678 4 1 4 6 7
1176 1 4
1092 1 0
167 1 3
551 1 3
1124 1 8
1815 2 2 10
999 1 10
794 2 8 9
1270 1 5
882 1 1
962 1 4
327 1 7
281 1 7
816 2 0 8
1657 1 2
1585 1 8
945 3 1 7 9
1890 1 6
878 2 2 5
137 2 1 4
1774 2 4 6
1710 2 0 5
1410 3 5 6 9
1225 1 1
466 1 8
572 1 2
634 1 1
544 1 1
726 1 5
1677 2 5 6
276 4 0 5 9 10
811 2 0 2
537 1 10
822 1 2
419 1 1
197 2 3 10
873 1 7
770 3 2 5 9
278 1 0
42 2 0 7
1172 1 5
1483 1 2
1174 1 10
1063 2 0 3
1197 4 0 2 4 5
630 2 3 10
1549 2 1 2
1331 2 1 3
1223 1 7
266 1 6
1831 2 0 10
279 2 6 10
146 2 3 8
116 1 8
1068 1 7
287 1 8
1517 2 4 7
623 2 1 2
1601 2 0 1
1830 3 0 1 10
1599 1 4
1982 1 7
724 2 2 7
993 2 2 10
1268 2 2 6
1595 2 0 3
1156 1 0
1543 2 2 3
956 1 6
1107 1 2
493 2 1 8
1909 1 9
1751 1 8
1996 3 0 3 9
668 1 10
1666 2 0 9
1544 2 5 6
1275 1 5
1049 2 0 8
1914 2 4 9
182 3 5 6 8
1593 1 8
1941 1 6
1918 2 3 7
1648 1 6
1768 1 3
1523 2 0 4
1994 1 0
1115 2 5 7
1112 1 10
135 1 4
799 2 1 2
320 1 4
765 2 0 7
1248 2 1 2
1369 3 0 5 10
1215 1 1
583 2 0 4
1446 1 4
1461 2 7 8
1603 1 2
1678 2 0 2
658 2 3 9
1490 1 8
1649 1 8
1961 1 8
335 1 1
1765 2 0 2
696 1 2
425 2 6 7
1504 1 7
1161 1 1
1510 2 3 7
903 1 1
1806 2 3 5
257 1 4
1076 2 0 6
1617 1 2
1947 2 5 10
1334 2 4 7
1511 1 3
67 2 7 8
43 2 5 8
1105 2 4 5
1709 1 6
386 1 1
1432 2 2 3
1862 1 7
568 2 2 6
580 1 6
1358 2 1 8
1701 1 1
1540 1 2
223 1 2
1494 2 0 3
39 2 1 5
1375 2 3 4
1134 2 0 3
1531 3 1 3 8
1550 1 6
1449 3 6 8 10
900 1 5
1893 3 2 3 5
1022 1 5
1231 1 9
1654 1 2
44 2 9 10
821 1 2
1904 5 0 5 6 9 10
1180 2 0 9
1727 2 5 7
740 1 0
225 1 1
1902 2 0 2
538 2 0 7
1456 3 3 4 6
728 1 3
1175 1 3
444 1 5
594 1 5
1353 1 6
928 3 1 5 9
600 1 9
1077 2 4 10
1013 1 4
1162 2 1 3
170 2 1 5
1143 2 4 10
1147 1 10
467 1 5
710 1 7
125 1 1
1790 2 1 10
807 1 0
784 1 10
1 3 2 5 9
709 2 3 7
30 2 1 4
316 2 0 7
384 2 0 2
727 1 0
759 1 6
1821 2 6 10
1269 3 1 6 10
1008 2 4 7
12 3 3 6 9
47 2 6 10
1509 1 6
1419 1 3
245 2 1 7
664 2 5 9
1878 1 3
749 4 2 4 6 10
1915 1 3
682 1 2
781 1 5
1528 3 0 1 8
1627 1 9
133 2 3 9
977 3 3 8 10
697 4 1 3 7 9
642 2 9 10
275 1 10
1956 1 10
588 3 7 8 10
853 2 0 9
798 1 3
1418 1 2
756 2 4 5
1294 1 7
689 2 1 10
1591 1 0
1955 2 4 10
321 1 9
410 1 10
1414 2 0 5
1673 1 2
1913 1 9
1218 1 5
73 2 9 10
665 1 5
376 1 8
1612 1 7
1953 2 0 5
722 2 5 8
242 3 3 8 10
1048 1 5
884 1 6
589 1 7
1005 1 0
141 1 3
177 1 8
944 1 4
202 3 1 2 10
343 1 2
608 1 9
1145 4 3 4 6 8
814 3 5 6 8
464 1 8
1190 2 3 4
1670 1 4
192 2 1 2
1760 1 0
1718 1 4
487 2 5 8
1745 1 9
950 1 0
650 2 1 6
1393 2 3 5
1781 2 5 7
1182 4 0 1 4 6
1687 1 6
995 1 2
1596 1 10
926 3 0 3 8
1240 1 8
639 3 6 7 8
166 3 2 5 9
525 2 0 3
1859 1 3
1519 3 1 3 5
375 2 5 10
367 3 4 6 7
174 1 8
738 1 6
441 2 3 10
766 1 4
1894 1 9
101 2 9 10
1700 4 3 4 6 8
1592 1 1
932 2 0 2
1867 3 4 5 8
188 1 7
1974 3 1 2 8
598 3 3 4 8
776 2 1 3
666 1 1
1849 1 9
559 1 7
1960 2 2 8
1962 1 1
1518 1 4
769 2 9 10
378 4 0 1 2 7
1386 2 7 10
450 1 10
33 1 5
1110 3 0 2 3
809 1 8
1033 2 5 7
730 1 3
214 2 6 10
240 1 0
1843 2 4 7
1099 1 9
1233 4 1 5 8 10
548 1 7
1402 1 3
691 1 3
1824 1 1
998 2 4 5
1863 2 0 9
1663 1 7
359 1 0
1705 2 2 6
1030 1 1
457 2 0 9
1532 1 10
839 2 0 8
739 2 3 8
1086 3 0 1 9
1993 3 1 6 9
743 1 2
1344 3 3 5 10
773 2 8 9
1787 1 8
190 3 2 3 8
1430 2 3 9
1198 3 2 4 8
1841 3 0 2 6
437 2 3 4
1989 1 7
1398 1 8
1754 1 0
1394 4 3 5 9 10
554 2 1 5
1969 1 8
1155 1 2
790 1 8
470 2 9 10
1330 2 0 1
1877 3 0 2 9
435 1 6
1046 1 5
19 2 0 5
1196 3 1 2 7
1516 1 0
768 4 0 1 3 8
1583 1 6
1347 1 2
513 1 8
969 2 2 7
1293 1 2
1744 3 2 5 7
921 1 5
461 3 4 7 10
423 1 4
1515 1 9
1862 1 10
575 1 6
1486 2 3 10
1938 1 4
220 1 6
535 1 5
1676 2 8 10
534 2 7 9
1393 1 7
1965 2 7 10
1171 1 0
384 3 0 1 3
980 1 7
831 2 7 10
348 3 1 5 8
1584 3 1 8 10
1987 1 8
460 1 0
29 1 4
626 3 6 7 10
1346 3 0 2 9
679 1 6
256 2 0 10
1533 2 3 8
1792 1 1
382 2 5 7
1255 1 3
1708 1 7
404 2 9 10
1527 2 7 9
1614 2 3 6
1776 1 10
1716 2 3 4
1823 1 1
1258 2 2 8
420 3 1 6 8
134 2 7 10
97 3 1 4 8
1562 1 1
1426 2 8 10
264 1 7
1572 2 9 10
1206 2 0 3
91 2 0 4
1969 1 7
783 1 0
51 1 7
353 2 0 3
621 2 3 7
1640 2 3 5
1748 2 0 3
74 1 10
1608 1 8
1529 1 3
714 1 3
1282 1 8
1970 2 3 5
1246 1 7
58 2 0 3
1480 1 1
92 1 6
212 1 4
187 1 10
817 2 1 4
1148 2 2 7
199 3 0 2 3
1354 1 4
1900 2 0 6
1441 1 3
1161 1 4
1067 2 7 9
1696 3 3 5 8
541 1 5
1525 4 3 5 9 10
13 2 6 7
395 2 0 3
1791 1 10
1672 1 7
755 1 10
1328 2 0 6
303 1 1
732 1 1
1537 2 3 4
540 1 9
1093 3 0 1 9
675 2 8 9
468 1 7
626 2 8 10
45 3 2 6 10
1635 1 3
1244 1 5
1397 2 6 7
1665 1 3
1923 1 3
1826 1 2
447 1 1
692 2 2 5
82 3 0 1 3
927 1 7
1699 2 3 7
1003 1 3
1582 2 3 10
729 1 8
1629 1 3
49 1 0
1860 1 3
158 2 5 8
1459 1 0
1399 1 4
797 2 8 9
436 1 0
930 3 3 7 10
1804 2 2 7
1690 2 2 10
1071 1 1
1451 2 7 8
1816 1 4
35 1 4
369 1 5
230 1 6
770 2 6 9
322 1 3
169 2 4 9
1836 2 0 7
1889 3 0 4 6
577 1 0
1012 3 0 1 6
1276 1 6
530 2 0 7
635 1 5
265 1 9
78 1 10
1436 2 1 7
1618 1 9
1091 1 1
1454 3 4 8 10
1936 2 4 7
785 2 4 9
496 1 7
654 2 7 9
393 1 3
1632 2 0 1
2 1 10
224 2 1 4
951 1 3
601 1 6
1379 2 8 9
416 1 1
1241 1 3
1711 1 9
744 1 3
1499 1 2
1548 1 2
617 2 2 6
1479 3 1 5 6
660 1 10
1400 3 3 8 9
1939 2 3 5
142 1 8
1610 1 4
606 2 6 7
1212 1 7
1041 2 0 3
1522 1 6
1505 3 6 8 9
1267 2 3 8
1492 1 2
206 2 6 10
1683 1 9
1934 2 1 8
1450 1 0
1128 1 4
148 1 2
1378 1 4
880 3 1 3 10
1097 2 2 7
196 2 3 4
1396 1 7
812 1 10
1515 3 2 3 9
1922 2 1 10
1739 3 0 7 9
469 1 2
1940 1 0
1741 2 5 9
750 2 7 8
803 2 4 5
284 2 1 4
394 1 5
1802 2 0 7
1950 2 6 9
890 2 4 5
1686 1 0
1343 1 3
1924 1 8
484 1 1
934 1 5
571 2 3 4
18 2 3 9
718 1 2
593 1 6
1762 1 8
1730 2 3 9
413 2 0 3
34 1 3
205 2 5 9
586 1 8
905 3 3 7 9
1007 1 5
1847 1 0
20 1 0
1919 1 6
1080 1 3
892 1 6
915 2 1 7
511 2 4 8
1873 1 9
1474 1 4
289 1 2
108 2 2 9
972 1 7
1715 2 2 3
1869 1 7
1818 1 10
401 1 1
1289 1 8
291 1 0
1521 1 8
979 2 0 10
889 3 3 7 10
194 2 3 5
801 2 0 9
628 2 0 1
918 4 1 3 6 9
1737 1 6
1324 1 8
342 1 1
1047 1 7
1065 1 7
1227 1 3
1680 1 9
48 3 2 6 8
742 1 2
574 1 9
553 1 2
1852 1 7
1503 1 6
1495 3 2 3 5
1404 1 3
1427 2 5 9
970 1 8
338 1 3
270 1 6
54 1 0
1729 3 2 5 6
304 1 4
1545 2 7 9
41 1 4
1141 2 5 10
1917 1 8
443 1 0
1160 1 9
1814 2 3 8
1558 1 2
1117 1 7
1552 2 0 10
1066 2 2 8
1154 1 9
1520 2 4 5
331 2 3 7
1264 1 4
899 1 8
881 3 3 5 6
549 2 0 3
1042 3 0 4 10
518 1 5
1301 1 9
1905 1 5
1692 3 3 4 9
504 2 4 9
620 3 1 3 8
1743 1 7
596 1 5
55 1 8
670 1 1
151 1 6
760 2 4 7
1671 1 7
32 1 7
1530 1 9
1539 2 7 10
119 1 7
960 3 5 8 10
1788 2 3 9
1150 2 6 8
175 2 4 9
21 2 0 7
1772 2 1 4
672 1 10
294 1 10
1339 1 4
123 2 4 10
1061 2 2 7
1020 2 0 10
355 2 7 10
841 1 4
1281 1 9
1302 1 5
829 3 0 1 4
1921 2 0 8
295 1 0
1016 2 1 3
106 2 5 8
1102 2 3 8
1360 2 5 6
411 2 1 3
1706 1 10
1697 2 2 10
757 1 6
1598 1 6
83 2 4 8
505 1 4
929 2 3 9
307 1 4
480 2 2 9
1759 3 3 6 10
1372 1 0
844 1 4
1719 1 6
1903 3 2 3 4
736 1 4
317 1 3
1405 2 8 10
1211 3 0 5 10
1401 3 5 6 8
28 3 1 9 10
1485 1 10
1415 2 4 7
762 1 0
1265 2 7 9
397 1 0
389 1 7
1455 1 8
1158 1 9
301 2 3 9
1345 1 3
1334 1 7
159 3 5 6 8
8 4 1 4 8 9
1496 3 3 5 7
22 1 1
1801 2 7 8
764 1 5
228 4 4 6 9 10
1931 2 3 9
1027 1 1
631 2 1 5
1138 1 7
1002 2 6 7
63 2 1 9
916 2 7 9
876 4 3 4 8 9
1279 2 4 10
100 2 0 8
273 1 1
1625 3 0 3 6
1954 2 1 7
1469 2 3 5
1159 2 1 2
329 2 7 10
1557 2 2 4
837 1 8
933 2 2 5
520 3 3 9 10
1407 2 1 6
107 1 6
1586 1 4
296 1 0
1753 1 2
646 2 3 8
1308 1 2
1273 1 7
734 2 1 3
1050 1 5
311 3 1 2 7
1951 4 4 5 7 10
383 2 2 3
582 2 3 7
869 1 1
1299 4 3 5 8 10
161 1 9
421 2 1 5
1316 1 4
1342 2 5 7
292 2 3 6
900 1 4
373 2 3 4
1467 3 2 6 9
417 1 1
1104 3 4 8 10
53 1 6
1615 4 1 2 3 6
1674 1 5
723 2 5 9
777 1 7
1789 2 6 7
1428 2 0 6
1547 1 7
1983 1 9
1320 1 7
612 2 4 8
1733 2 1 10
1553 1 1
1746 1 6
1207 1 2
405 1 9
1335 4 0 1 2 9
545 2 1 4
1019 2 1 7
407 1 8
459 1 10
515 2 7 9
1920 1 8
1725 2 5 10
1813 1 8
1573 2 0 3
967 1 2
796 1 6
340 2 0 5
1043 2 4 10
1305 2 6 8
1832 3 0 2 9
80 1 4
56 1 2
274 1 2
1286 1 6
701 1 1
399 3 1 3 6
1721 1 5
1186 1 1
858 2 6 9
1476 1 5
1875 2 2 4
1842 1 4
1889 1 0
456 2 5 8
1081 1 0
538 2 1 9
1409 1 5
694 2 1 8
1136 3 0 8 10
432 1 10
173 2 1 7
1779 2 1 10
758 2 0 5
252 1 9
4 1 5
1322 1 0
283 2 4 5
657 1 10
1642 1 9
810 3 2 4 6
1125 1 8
1184 2 5 7
1734 1 0
826 2 4 6
1332 1 6
1854 1 4
561 2 1 5
247 1 5
721 2 5 7
1578 2 4 7
1304 2 3 8
1570 1 5
1594 3 2 3 5
1272 3 2 4 10
690 2 1 5
1329 2 2 4
318 1 3
771 3 2 5 7
1157 2 7 9
860 1 5
1749 2 0 7
720 1 9
50 1 5
906 1 9
434 2 3 8
1605 1 7
989 5 1 3 7 9 10
398 1 5
235 2 5 9
507 1 6
1621 1 0
483 3 3 5 8
215 2 0 3
1659 3 3 6 10
418 2 2 7
1834 2 3 6
126 2 0 3
925 4 0 4 6 7
1892 4 0 5 7 9
618 1 1
1829 2 2 9
1868 1 0
325 1 0
917 3 0 2 9
1874 2 1 9
399 1 8
1561 2 1 2
1795 1 6
209 2 2 7
481 4 0 5 7 9
805 1 3
1891 1 9
1420 2 1 5
478 3 3 6 8
828 1 3
36 2 4 7
1466 1 3
136 2 1 10
1288 1 4
644 1 6
1101 2 2 4
1217 3 4 8 9
488 1 2
808 2 1 3
1912 1 5
1296 1 0
607 2 2 7
1374 2 0 2
712 2 4 7
1694 2 3 5
510 2 6 10
1202 2 2 4
1290 4 0 2 8 9
1278 1 4
258 3 2 5 6
751 1 0
1732 1 10
231 1 4
815 1 2
414 1 10
512 1 0
1607 2 0 1
835 1 4
1437 3 3 7 10
1766 1 1
1365 1 7
17 1 6
1199 1 6
688 2 0 9
1747 2 5 8
806 1 1
558 4 1 6 8 10
1641 2 0 8
876 6 2 3 6 7 9 10
1569 1 8
124 3 2 7 10
884 1 8
1858 1 1
913 4 1 2 6 7
1848 3 1 2 10
914 1 3
1340 1 8
984 2 6 8
1151 1 2
1866 1 1
698 2 1 6
976 1 3
452 1 10
1356 1 1
1882 1 3
260 1 6
894 2 1 2
752 1 1
954 1 1
645 2 8 10
16 1 4
824 2 0 4
96 1 4
1280 1 10
1245 2 1 9
685 2 1 10
1247 2 1 6
959 5 2 4 5 8 9
176 1 3
1646 3 0 7 9
997 2 8 9
1556 2 3 9
371 2 7 10
1403 2 1 10
1291 1 0
23 2 4 9
105 1 5
514 2 3 10
1250 2 0 2
990 1 0
1443 2 2 10
1809 1 3
982 2 6 10
1031 1 6
1463 2 2 8
191 1 1
113 2 0 2
851 1 3
947 1 7
110 1 9
1811 2 1 2
298 1 8
748 2 7 8
669 2 4 9
1010 1 5
1352 1 3
942 1 8
415 1 3
1195 2 0 9
154 4 0 3 5 6
1042 1 5
1366 1 5
285 3 2 5 10
719 1 4
232 2 4 10
788 1 6
350 2 3 4
271 2 6 7
1039 2 4 10
388 1 8
1628 2 6 10
139 1 3
921 1 4
114 1 3
895 1 4
1152 2 0 3
1876 1 9
1169 1 1
1205 1 10
502 1 6
392 1 7
985 2 5 7
1421 2 3 5
1236 1 0
310 2 6 9
347 2 0 8
935 2 3 8
272 2 3 9
1381 1 1
1724 1 1
1935 1 9
1895 2 2 3
787 2 0 8
1252 2 5 9
1975 3 4 5 9
713 4 0 1 3 4
297 2 3 5
3 1 3
1408 3 2 6 9
677 1 1
1083 2 1 4
1764 2 2 4
695 1 4
792 1 2
268 1 9
65 4 0 4 6 10
1221 2 0 1
1017 1 7
1472 1 7
1566 1 4
780 2 7 9
195 2 3 10
360 1 9
912 3 0 6 8
686 2 2 5
217 1 8
943 2 5 6
1057 2 6 7
1448 2 0 2
560 3 1 3 10
1390 2 5 9
523 4 0 6 8 10
1655 1 0
1588 1 10
968 1 5
573 1 6
255 2 4 10
1239 1 5
66 4 3 4 5 9
95 1 3
70 1 9
852 3 4 5 6
877 2 0 4
1311 2 0 1
1886 2 6 10
842 1 5
1819 2 0 7
552 3 0 4 10
850 2 2 7
339 1 7
1073 2 0 10
1271 2 1 7
1261 1 4
1349 1 7
393 2 1 8
802 2 0 5
1114 1 1
1714 2 6 9
1023 3 0 7 8
1662 1 9
233 2 3 9
846 3 3 9 10
1978 2 3 6
1742 1 4
1943 1 2
1109 1 6
581 1 0
1460 2 1 2
356 1 10
207 1 9
733 4 1 2 8 10
111 1 8
1526 3 3 5 9
1736 1 4
6 3 3 6 10
637 2 0 5
120 3 7 8 10
827 1 10
786 2 2 6
1120 2 4 9
445 1 6
1052 4 3 5 8 10
69 1 2
26 1 8
1072 2 7 8
707 2 7 10
1879 1 9
937 1 3
1283 1 6
610 2 5 8
936 1 10
179 1 6
458 2 0 4
1325 1 8
1796 4 3 6 9 10
1555 1 0
1850 2 2 6
1149 2 4 8
547 2 0 10
1972 1 9
1657 2 4 6
888 2 1 2
859 2 0 10
1186 1 6
521 2 5 7
1501 1 1
1204 1 9
490 1 6
1948 2 2 4
1161 3 7 8 10
31 1 2
84 1 10
1251 2 7 10
857 2 2 6
1122 1 0
1025 1 6
1216 3 2 3 4
891 1 1
566 3 0 6 8
1137 2 2 4
130 1 5
1310 2 4 7
1348 3 7 8 9
1074 1 9
262 2 4 7
1898 5 0 5 6 7 10
277 3 0 4 7
143 2 2 3
1916 2 2 9
1259 2 0 6
86 2 5 7
1616 2 4 8
1167 1 0
314 2 4 6
1979 1 0
1991 1 3
898 4 0 6 7 10
1897 1 8
1999 2 1 2
789 2 2 6
422 1 7
636 2 8 10
59 1 10
1484 2 0 1
1997 4 0 1 3 7
578 1 4
14 2 6 7
9 1 6
1256 2 1 9
428 1 2
1139 2 2 10
1357 2 7 9
1571 1 8
75 3 0 6 9
957 1 5
605 1 9
746 1 6
1367 2 6 8
1130 2 0 8
883 1 10
1780 1 10
239 1 7
1183 2 9 10
952 1 7
1600 2 2 5
183 3 0 3 4
61 1 5
680 3 2 6 7
1908 1 4
907 1 0
153 2 4 6
843 2 1 2
1213 1 4
673 3 4 8 10
43 1 7
1620 3 0 1 4
1262 1 1
587 1 7
1794 3 0 4 8
1644 1 6
1992 2 3 4
409 1 3
252 2 1 9
1568 1 9
1661 2 2 8
653 2 0 8
1465 3 3 5 7
172 2 6 8
244 2 2 8
1577 1 8
78 3 1 3 10
1959 1 4
716 2 1 10
1452 2 1 3
531 1 5
633 2 0 7
1471 2 0 5
1805 2 0 3
1274 2 4 9
1383 1 1
1758 3 1 5 9
1977 2 0 10
546 3 0 2 9
25 1 2
1144 2 4 7
1651 1 2
1884 1 5
747 2 3 4
609 2 2 5
64 1 2
332 1 5
454 3 2 9 10
1551 2 4 8
365 1 9
293 1 9
1249 1 7
1100 2 4 7
379 2 5 9
430 2 0 7
218 3 1 8 9
152 3 1 3 8
482 2 4 6
1946 1 2
946 2 3 5
1391 2 3 10
1911 2 4 8
1506 2 1 2
855 3 8 9 10
1404 2 6 7
1045 1 8
1266 1 3
263 1 9
472 2 5 8
234 3 0 1 8
1142 1 2
1650 2 1 3
649 2 1 3
532 2 1 10
1995 2 8 9
1312 2 0 3
114 2 3 4
1851 1 0
772 2 2 3
987 2 0 7
10 1 2
1475 2 5 9
1581 2 5 10
1238 1 7
38 1 10
700 1 5
180 1 0
1767 1 5
886 1 2
761 2 5 7
426 2 2 6
1761 2 0 8
109 3 1 2 6
1297 2 5 8
556 1 6
372 2 6 7
1338 2 5 10
1051 2 5 6
1968 1 9
1782 2 9 10
1838 1 6
1613 1 4
1769 1 7
118 2 4 6
1116 1 5
226 1 7
1178 1 9
442 1 8
840 1 6
15 2 2 8
87 2 1 5
476 1 8
1514 1 7
88 3 0 8 10
1361 2 8 9
269 1 5
1314 1 6
1232 2 6 7
1380 1 4
1298 3 1 5 9
104 1 6
1755 2 9 10
671 2 7 10
910 2 3 10
920 2 5 7
911 1 8
975 2 0 3
655 3 1 2 9
305 1 9
1985 3 3 6 8
963 1 9
399 1 9
754 3 3 5 6
964 2 4 5
77 1 0
1285 1 0
1807 1 6
1406 3 4 5 10
813 2 2 6
1473 1 6
904 2 9 10
1980 3 0 4 10
1703 2 0 10
1784 1 1
89 1 10
1060 1 2
1990 2 2 5
1984 1 10
753 1 2
1173 1 3
370 3 0 3 7
1631 2 7 9
127 1 8
62 2 4 10
622 2 5 9
1434 1 7
85 2 4 6
1634 1 7
1976 2 2 4
1881 1 1
924 2 3 5
1440 1 9
1193 1 9
1203 1 7
1084 2 2 5
485 1 0
267 3 3 4 9
557 2 4 7
1006 2 1 4
1785 2 6 9
1417 1 8
1855 2 1 10
1481 3 2 9 10
1817 2 0 3
1500 1 1
433 2 2 6
1166 3 0 1 6
24 2 1 9
1773 1 2
1691 1 7
767 1 1
1220 2 7 9
316 3 1 2 8
1722 3 3 7 8
919 2 1 7
503 1 8
1164 1 9
1194 1 2
438 2 4 9
1712 1 4
973 2 1 4
1121 1 7
290 1 8
823 1 6
1179 1 8
1656 1 0
1317 1 1
387 2 1 4
150 2 5 9
1108 2 6 7
627 1 8
717 1 2
1009 2 1 10
208 2 6 7
374 1 8
1056 1 5
1822 2 3 7
479 1 9
1200 2 1 9
380 1 0
825 1 4
282 1 8
1086 1 0
991 1 0
1163 1 10
185 2 2 3
1638 4 2 5 8 9
1643 1 3
1870 1 5
1576 1 3
708 3 0 2 8
940 1 5
604 1 7
1926 2 4 8
938 1 4
667 2 3 10
1038 1 1
800 1 5
132 1 0
131 3 2 6 7
1228 2 0 6
1626 1 8
1037 2 7 8
280 1 10
1757 2 5 8
681 2 5 10
308 3 1 2 7
791 1 0
1684 1 3
1647 3 1 3 10
1930 2 5 7
597 2 6 8
1689 3 2 4 5
1362 2 0 4
429 2 0 4
872 2 0 1
659 3 3 5 6
1453 2 3 5
309 1 10
492 2 2 10
509 3 2 6 10
1089 1 8
1185 2 0 4
11 1 0
300 2 6 8
497 2 7 10
981 1 6
1341 1 3
1118 1 0
1567 2 2 3
856 1 0
1477 2 0 1
1425 2 0 7
1827 2 0 9
1752 2 1 3
168 1 3
76 3 5 7 10
616 1 7
861 1 6
1368 1 1
1726 3 4 9 10
1723 2 5 7
147 1 3
471 1 10
1937 2 6 7
703 1 6
412 1 10
1828 3 0 3 4
1493 3 2 3 6
550 1 1
1132 2 3 10
641 1 8
1953 4 0 3 5 7
1295 1 1
868 1 2
1488 2 9 10
1234 1 4
1439 2 1 2
27 1 1
1637 2 5 10
1044 3 0 2 10
1373 3 2 7 10
1388 2 0 9
1798 1 9
396 2 2 10
1925 3 1 2 4
1462 3 2 5 10
1864 1 5
1887 2 1 3
1731 1 4
1303 1 4
312 1 10
1535 1 2
1507 1 4
1140 3 3 4 7
1088 1 8
169 1 2
160 1 9
1865 1 10
1622 1 8
1000 2 1 9
1333 3 1 8 9
391 1 10
847 3 1 5 10
1861 2 1 8
52 2 5 8
315 2 5 6
1070 3 1 2 3
1053 2 3 9
364 1 4
122 1 6
1028 2 0 7
1604 2 1 10
1575 1 8
1351 1 5
1524 1 3
629 1 0
1257 1 3
1075 2 1 10
1606 3 3 9 10
1429 2 0 4
1208 1 0
1237 1 9
475 1 3
778 2 1 7
1292 2 2 5
1243 4 1 6 9 10
1389 2 7 8
1564 1 3
931 2 4 6
1630 1 9
1896 1 1
941 2 5 6
1698 2 4 7
354 1 2
1833 2 0 7
250 1 10
145 2 3 6
229 2 4 8
1853 1 9
978 1 8
451 3 3 4 8
1717 3 0 5 6
68 1 6
489 2 3 10
1944 1 10
1964 1 7
1587 4 2 4 5 10
402 2 6 10
1856 1 5
1021 1 1
1888 1 10
1942 2 4 10
406 1 9
1382 1 7
251 1 1
996 2 0 3
1242 1 7
323 2 3 5
1284 4 4 6 9 10
901 2 1 8
1542 2 7 10
1059 2 2 9
865 1 3
640 2 1 5
178 2 1 2
592 1 7
362 1 10
1268 4 1 5 8 9
1253 2 8 9
576 2 7 9
569 1 7
528 1 9
330 5 0 5 6 7 10
774 2 2 3
1350 1 3
182 3 5 6 9
705 1 6
1707 3 1 3 5
427 2 5 10
1364 2 2 7
527 1 9
584 2 5 10
1226 1 5
1377 1 2
543 1 1
862 1 8
737 1 8
706 2 2 6
140 1 0
1210 2 0 2
184 2 4 5
477 1 3
715 1 5
1011 1 8
1444 5 1 3 4 7 9
1224 1 0
1750 3 3 8 9
863 2 9 10
1119 2 8 9
662 1 9
1192 3 7 8 9
491 2 0 8
1423 3 3 7 9
385 1 1
253 2 0 7
358 1 5
893 2 3 4
1040 3 4 5 6
210 2 0 3
313 1 5
324 2 0 4
1602 2 7 9
1679 2 2 9
1810 3 4 9 10
1681 2 5 7
613 2 1 8
198 2 4 10
1209 1 8
614 1 1
1958 3 7 9 10
1735 3 3 7 9
1004 3 3 5 8
453 2 7 9
1189 2 4 8
103 1 7
165 1 10
1387 1 2
1491 1 6
1181 1 5
1538 2 1 6
1964 1 7
424 2 1 9
1170 1 7
563 1 7
46 2 3 5
1713 1 8
1438 2 4 9
517 1 7
529 1 6
112 2 1 9
1927 2 1 2
334 4 0 2 6 10
1695 2 2 4
1433 2 0 5
1880 3 4 7 8
625 1 4
283 1 6
1315 1 2
299 2 5 9
1133 1 4
1693 1 7
498 3 2 8 9
1685 3 0 2 6
555 3 4 8 10
939 3 2 5 7
237 2 6 9
1536 1 2
1986 2 2 7
204 2 5 7
1323 1 8
1498 1 5
462 2 2 5
1082 1 3
1929 2 2 7
1124 2 2 5
885 1 0
1497 3 1 2 8
1087 2 7 8
1933 1 3
966 2 4 9
638 1 10
986 2 0 9
115 1 1
1111 2 2 5
1554 1 2
1957 3 0 1 3
992 1 1
1756 3 0 2 7
542 1 9
225 1 9
1597 3 0 5 9
1413 2 0 8
319 2 3 9
1319 1 6
1728 1 8
149 2 2 9
99 1 3
1260 2 0 2
1775 3 0 9 10
988 2 2 10
1778 2 0 4
1470 2 1 8
246 2 5 6
261 3 0 4 10
536 1 7
661 1 3
219 3 3 5 6
1263 1 0
1371 1 9
1478 2 1 8
1579 2 2 5
336 2 0 4
317 1 2
974 3 1 8 9
1034 1 6
971 2 2 9
474 1 7
213 1 9
1658 3 3 8 9
874 4 0 2 7 9
1546 1 10
439 1 3
366 3 3 4 7
164 1 2
71 2 0 1
156 2 1 7
961 3 0 1 3
1445 1 5
1457 1 0
848 1 3
1901 2 2 8
522 2 0 2
1799 1 1
1645 1 5
1541 2 1 10
922 2 6 10
486 1 8
121 1 4
779 2 7 8
1660 4 0 4 5 6
1619 2 0 1
1095 3 1 3 9
1636 3 2 7 10
1800 2 7 10
1135 2 2 9
1916 2 0 10
731 1 4
949 2 7 8
1278 2 2 8
1846 1 10
699 2 5 10
1085 3 5 7 10
37 4 1 4 6 7
1675 1 7
1589 2 0 7
735 4 0 1 7 8
725 1 10
1590 1 8
1906 2 3 7
836 2 3 6
129 1 10
463 1 4
189 3 4 9 10
1482 2 2 8
381 1 0
501 1 4
564 2 6 8
675 1 3
377 2 0 6
1110 1 0
1416 2 1 9
1825 1 8
619 2 3 7
222 4 6 7 9 10
953 2 1 8
440 1 4
1144 1 3
186 2 1 6
1447 2 3 8
591 2 1 9
117 1 3
1035 1 4
879 1 9
326 1 1
249 1 4
5 2 5 9
1845 2 1 7
1032 1 9
1885 1 2
1153 2 1 5
1123 2 1 7
238 2 7 8
562 1 9
1763 1 7
838 3 0 4 7
216 2 1 10
157 1 2
128 1 10
1373 1 5
1201 2 0 1
875 4 0 1 6 8
684 1 2
357 3 2 6 7
193 1 5
1560 1 10
221 1 9
1837 1 5
1103 3 0 1 10
832 3 0 1 9
1559 1 1
599 1 9
897 1 9
455 1 7
1188 1 2
1313 2 2 9
496 2 2 4
162 1 1
1688 1 1
10 3 1 2 4 2 1 10 0 3 6 6 4 8 4 5 10 10 2 1 2 10 9 3 8 7 9 0 9 2 2 4 7 6 1 2 1 0 8 6 10 10 3 0 10 0 2 4 6 7 3 9 0 0 4 0 0 10 8 0 6 1 5 4 5 1 5 4 3 3 5 2 2 7 5 7 1 10 2 8 4 1 5 6 8 10 5 0 0 0 8 1 9 8 4 7 4 6 1 0 1 0 8 5 5 1 8 2 9 4 6 7 6 2 2 1 0 5 5 7 6 9 10 2 1 0 4 8 0 0 1 6 5 10 4 7 8 10 9 5 7 0 6 2 7 9 0 8 10 10 7 5 5 4 3 8 9 7 0 6 10 9 2 0 8 10 5 4 0 6 9 2 4 8 8 6 3 3 2 4 0 5 9 5 8 7 3 10 9 9 1 0 10 10 3 3 1 10 4 5 7 8 4 6 7 5 5 1 0 2 10 5 8 4 4 9 8 7 5 9 7 4 3 9 5 2 10 10 3 6 9 9 9 0 4 9 2 10 9 3 10 4 0 2 4 0 8 5 1 2 5 5 2 7 3 4 7 3 0 3 9 3 10 3 1 7 6 8 9 4 7 10 8 6 2 3 9 5 5 2 10 2 9 4 0 8 7 9 4 10 3 8 8 3 6 9 0 8 2 9 2 7 9 7 8 3 4 7 4 3 8 10 8 5 10 2 0 3 9 6 7 5 9 8 5 5 4 10 6 5 2 2 4 6 3 0 7 7 3 8 1 6 2 5 6 8 4 9 4 6 9 0 0 6 10 4 2 9 9 2 9 9 8 7 7 9 7 0 1 7 8 10 0 5 5 10 2 7 5 3 5 9 7 0 5 9 9 6 2 4 5 6 3 7 7 8 0 5 0 9 3 2 9 0 2 2 6 1 6 10 4 0 10 6 10 2 10 9 5 8 0 10 7 5 5 5 10 8 3 9 0 5 10 5 7 9 7 3 1 5 8 2 2 6 5 0 4 0 6 8 8 10 7 1 5 1 6 1 6 2 6 10 9 6 9 1 9 8 10 4 9 10 2 6 4 7 0 10 5 8 9 1 4 6 1 3 4 9 2 2 9 2 10 10 6 0 5 4 10 6 9 6 3 6 5 3 3 1 0 6 8 6 3 0 7 1 8 2 2 8 9 10 3 3 5 2 2 3 9 7 5 1 4 6 9 1 6 8 0 10 2 1 6 7 10 9 1 9 9 5 1 6 8 9 8 0 4 1 1 8 2 4 0 6 3 8 7 1 0 9 5 6 6 2 6 8 1 2 5 1 8 3 1 3 6 0 3 8 6 0 6 1 7 3 5 7 9 10 9 4 0 3 9 10 3 5 4 1 1 8 6 2 1 8 10 6 0 10 0 7 6 10 4 9 9 5 10 10 0 0 0 3 2 2 2 9 1 3 10 9 10 2 1 6 0 6 8 7 6 5 6 6 8 6 7 4 8 1 8 1 2 8 8 10 2 2 1 1 0 3 2 8 0 6 4 9 4 0 10 3 5 3 8 4 7 8 6 9 0 5 6 7 7 7 3 8 5 4 3 0 0 4 4 8 0 2 1 8 10 1 2 9 10 3 0 4 7 6 9 6 9 3 9 5 4 1 4 10 4 0 1 8 2 6 7 9 2 7 1 7 3 3 2 3 9 10 10 5 1 4 8 9 1 10 2 8 0 1 5 2 10 9 1 10 9 3 2 5 2 1 4 2 1 9 2 3 9 6 10 1 3 0 5 4 9 3 9 2 0 3 6 6 6 7 4 4 9 10 3 3 0 4 6 7 6 3 0 0 7 4 10 3 6 7 6 0 6 7 2 10 10 2 0 4 1 3 7 8 2 7 9 4 6 3 8 0 5 0 0 0 5 0 2 2 9 9 0 9 3 0 2 2 9 5 6 1 2 2 4 6 4 2 6 2 7 2 6 10 6 4 9 2 4 3 1 6 9 9 3 2 5 8 6 10 2 6 7 5 0 9 4 3 8 10 7 7 2 10 2 3 5 4 3 6 7 2 2 0 2 8 2 0 4 3 1 1 0 5 10 7 5 3 8 4 0 5 10 6 9 9 5 2 3 0 8 7 9 7 7 10 9 7 5 8 6 4 7 8 8 7 4 2 3 6 6 2 3 6 10 5 2 3 9 1 8 1 10 7 0 7 1 9 10 3 2 0 3 6 4 4 10 5 6 9 1 3 6 8 9 10 9 10 9 10 6 9 4 8 9 0 2 1 8 4 6 1 5 4 2 6 9 7 7 3 3 4 6 6 4 6 2 7 9 2 3 4 1 4 7 6 10 8 7 1 1 2 2 3 7 1 3 1 5 5 3 5 3 10 6 9 10 1 3 6 3 2 8 9 0 1 10 4 4 8 9 3 5 3 0 7 8 2 0 6 2 6 4 9 10 4 2 6 4 3 8 1 4 2 2 0 3 0 8 6 10 1 6 6 5 10 4 3 2 10 4 3 1 1 5 5 6 1 6 4 6 5 4 2 1 4 8 0 0 7 7 1 9 7 9 2 8 7 4 3 2 7 10 7 6 5 9 10 2 1 0 4 7 0 7 4 10 10 3 4 9 0 0 10 9 9 8 5 8 1 0 8 6 3 1 8 9 5 9 0 9 8 7 3 8 0 3 1 3 7 1 1 0 0 1 10 10 9 1 1 4 10 6 8 8 8 4 4 6 2 6 0 3 1 2 9 0 0 8 7 4 10 9 3 3 2 1 7 3 7 3 9 10 0 0 5 2 1 9 8 8 8 2 4 4 7 0 7 10 8 9 7 6 0 2 5 5 1 1 6 4 10 8 1 3 6 10 7 0 5 4 4 9 4 7 10 6 1 4 1 0 0 8 5 1 3 0 9 5 10 2 8 10 6 1 5 1 6 3 6 4 1 1 2 10 4 4 9 5 2 3 9 9 9 4 5 5 0 5 9 10 0 5 8 9 8 3 10 2 3 4 6 5 9 3 5 8 2 8 1 0 7 0 0 1 5 3 7 1 9 6 5 5 0 1 10 6 3 3 3 8 4 5 3 7 5 3 7 8 8 4 4 10 5 9 2 3 7 3 1 1 6 7 2 1 3 8 4 0 1 1 7 8 1 1 4 8 4 7 6 10 1 8 8 9 10 4 10 1 2 6 0 10 5 0 7 9 7 7 10 10 8 1 2 9 6 4 5 8 8 4 7 9 4 7 6 5 0 7 1 10 0 9 2 10 2 2 7 2 8 6 2 10 5 6 5 2 4 1 0 10 2 2 1 3 6 5 1 2 3 6 10 3 5 0 5 10 0 0 2 8 1 4 8 8 8 4 9 9 8 0 2 2 4 9 2 3 5 4 4 3 2 2 8 10 0 6 6 4 1 9 10 2 0 9 3 1 5 2 10 1 5 3 10 10 9 5 1 6 5 4 2 9 4 7 8 7 7 4 3 1 7 2 10 10 4 0 5 9 9 6 0 7 2 6 8 0 7 1 2 7 10 2 7 0 2 2 6 1 3 6 8 1 9 6 2 3 10 3 5 10 10 3 2 4 2 8 4 1 2 5 0 10 9 3 2 0 4 4 10 4 6 0 7 9 4 7 10 9 4 7 3 3 0 3 9 7 6 1 9 7 1 8 4 7 10 10 1 6 3 10 0 7 9 3 8 3 4 7 7 10 8 9 7 4 3 0 7 6 9 7 4 0 2 7 5 4 8 5 4 8 7 1 5 6 10 5 6 0 1 9 0 0 5 1 6 6 3 0 4 5 8 10 4 2 9 4 6 10 3 10 0 0 3 9 3 10 1 0 5 3 6 7 8 2 7 4 7 4 2 10 3 4 10 6 9 6 1 3 2 3 5 4 9 8 8 2 7 10 7 7 8 0 10 2 7 10 2 10 0 1 10 4 10 7 1 2 4 6 8 9 9 5 2 4 3 6 7 2 5 7 5 8 1 0 6 0 4 2 1 10 6 8 7 9 1 8 8 6 4 10 2 5 4 10 10 4 9 8 7 10 9 2 2 7 3 10 0 7 8 3 10 10 8 9 10 3 0 10 2 10 10 0 5 7 4 7 7 5 6 3 0 3 5 6 3 4 10 2 10 7 2 0 5 4 6 4 0 8 10 2 8 7 7 1 7 1 7 5 1 4 7 7 4 1 1 6 2 1 1 1 6 6 4 9 9 4 1 5 2 7 5 10 8 9 2 3 2 5 3 8 9 6 7 9 3 6 8 2 2 10 8 7 5 5 5 0 0 0 10 8 8 0 10 0 6 7 8 4 3 3 5 7 6 1 8 1 0 2 7 7 0 5 8 7 7 2 2 5 4 2 9 7 9 3 5 4 6 7 5 7 7 10 3 1 0 5 8 5 10 7 5 3 8 7 0 10 10 9 7 9 6 9 2 2 3 6 8 2 8 7 4 2 4 7 1 7 8 5 7 5 4 6 6 8 2 0 1 4 1 2 5 10 6 9 10 4 1 4 9 8 0 2 4 5 8
