22 165
0 0
6 249
1 50
5 192
0 0
2 196
0 0
52 6
0 0
55 110
0 0
3 85
0 0
7 118
63 29
13 89
0 0
0 0
0 0
118 9
16 33
4 49
89 72
0 0
128 25
0 0
44 108
0 0
0 0
124 132
0 0
10 79
0 0
150 10
0 0
137 4
0 0
64 206
17 194
67 147
45 152
0 0
221 113
18 7
0 0
8 112
0 0
163 115
0 0
232 28
0 0
0 0
88 90
0 0
0 0
0 0
206 21
9 127
0 0
11 43
12 98
14 142
15 163
233 44
0 0
78 232
0 0
0 0
0 0
92 246
90 82
253 93
0 0
101 226
0 0
19 65
20 182
0 0
127 37
96 156
154 11
0 0
0 0
31 195
0 0
175 221
36 77
0 0
38 154
0 0
131 239
0 0
132 31
146 164
0 0
0 0
39 73
178 38
21 15
0 0
0 0
179 60
0 0
0 0
23 12
40 153
0 0
0 0
24 125
25 172
0 0
43 99
26 92
27 241
0 0
0 0
0 0
0 0
176 201
222 114
0 0
0 0
46 120
0 0
47 52
0 0
0 0
0 0
53 74
28 176
0 0
0 0
0 0
56 133
0 0
0 0
0 0
0 0
0 0
183 124
58 210
0 0
0 0
59 150
0 0
187 254
0 0
199 61
29 39
0 0
65 117
0 0
0 0
0 0
66 42
0 0
0 0
225 30
0 0
239 242
0 0
0 0
0 0
0 0
0 0
0 0
247 126
0 0
251 19
0 0
0 0
0 0
0 0
0 0
30 240
0 0
0 0
73 24
0 0
0 0
0 0
0 0
0 0
32 222
0 0
0 0
0 0
0 0
0 0
0 0
0 0
0 0
0 0
0 0
33 102
0 0
0 0
0 0
0 0
0 0
0 0
0 0
0 0
0 0
0 0
0 0
0 0
0 0
0 0
0 0
0 0
0 0
0 0
75 220
34 39
0 0
0 0
35 198
76 191
0 0
0 0
37 17
0 0
77 231
0 0
0 0
0 0
0 0
0 0
0 0
0 0
0 0
41 3
0 0
42 144
0 0
0 0
0 0
0 0
79 57
0 0
0 0
0 0
0 0
0 0
0 0
0 0
0 0
0 0
0 0
0 0
48 5
82 139
49 162
0 0
86 216
0 0
94 37
50 180
0 0
0 0
0 0
0 0
0 0
0 0
95 4
0 0
0 0
0 0
0 0
0 0
0 0
0 0
0 0
0 0
0 0
0 0
0 0
0 0
0 0
0 0
0 0
0 0
97 140
0 0
51 188
0 0
0 0
0 0
0 0
0 0
0 0
0 0
0 0
0 0
0 0
0 0
0 0
0 0
0 0
0 0
0 0
100 54
0 0
0 0
0 0
107 78
108 16
0 0
110 228
0 0
0 0
0 0
0 0
0 0
0 0
0 0
0 0
0 0
0 0
0 0
116 18
0 0
0 0
0 0
0 0
0 0
0 0
0 0
0 0
120 227
0 0
0 0
0 0
0 0
0 0
122 223
0 0
0 0
129 179
0 0
136 177
0 0
0 0
0 0
0 0
0 0
0 0
0 0
0 0
0 0
0 0
0 0
0 0
0 0
0 0
0 0
0 0
0 0
0 0
0 0
0 0
0 0
140 27
0 0
0 0
0 0
54 76
141 91
0 0
0 0
0 0
0 0
144 255
57 214
60 59
0 0
0 0
61 203
0 0
0 0
62 101
0 0
0 0
0 0
0 0
0 0
0 0
0 0
0 0
0 0
145 141
0 0
0 0
0 0
0 0
0 0
0 0
0 0
0 0
0 0
0 0
0 0
68 217
0 0
148 123
0 0
0 0
0 0
153 131
69 122
0 0
0 0
0 0
157 62
0 0
0 0
0 0
0 0
161 75
0 0
164 210
0 0
0 0
0 0
0 0
0 0
165 183
170 36
190 222
0 0
0 0
0 0
70 119
0 0
0 0
0 0
71 149
0 0
0 0
0 0
0 0
0 0
0 0
0 0
72 253
0 0
0 0
0 0
0 0
0 0
0 0
0 0
0 0
0 0
0 0
0 0
0 0
0 0
0 0
0 0
0 0
74 189
192 146
0 0
0 0
194 170
0 0
0 0
0 0
0 0
0 0
0 0
0 0
0 0
0 0
0 0
0 0
0 0
0 0
0 0
0 0
0 0
0 0
80 14
0 0
0 0
0 0
0 0
0 0
0 0
0 0
81 56
0 0
0 0
0 0
0 0
0 0
0 0
83 64
0 0
0 0
0 0
200 202
84 86
0 0
0 0
0 0
0 0
85 8
0 0
202 105
0 0
0 0
0 0
203 205
0 0
205 18
0 0
0 0
208 211
0 0
87 184
91 184
0 0
93 136
0 0
0 0
0 0
0 0
0 0
0 0
0 0
98 22
99 245
0 0
0 0
0 0
0 0
0 0
0 0
0 0
0 0
102 46
0 0
0 0
0 0
0 0
0 0
0 0
0 0
0 0
0 0
0 0
0 0
0 0
0 0
209 256
0 0
0 0
0 0
0 0
0 0
0 0
0 0
211 83
0 0
0 0
0 0
0 0
0 0
0 0
0 0
0 0
0 0
0 0
0 0
0 0
0 0
0 0
0 0
0 0
0 0
0 0
0 0
0 0
0 0
0 0
0 0
0 0
103 155
0 0
0 0
0 0
0 0
0 0
0 0
0 0
0 0
0 0
0 0
0 0
0 0
0 0
0 0
0 0
0 0
0 0
104 215
0 0
0 0
0 0
0 0
0 0
0 0
0 0
0 0
0 0
0 0
0 0
105 66
0 0
0 0
0 0
0 0
0 0
0 0
106 70
109 230
0 0
0 0
0 0
0 0
0 0
0 0
0 0
0 0
212 130
0 0
0 0
0 0
214 169
218 106
111 47
0 0
0 0
0 0
0 0
0 0
0 0
0 0
0 0
0 0
0 0
112 212
0 0
0 0
0 0
220 123
0 0
113 244
228 138
114 159
115 135
0 0
0 0
0 0
0 0
0 0
0 0
0 0
0 0
0 0
0 0
0 0
0 0
0 0
237 13
0 0
0 0
0 0
0 0
0 0
0 0
0 0
0 0
0 0
117 129
0 0
0 0
242 35
0 0
0 0
0 0
0 0
0 0
0 0
0 0
0 0
0 0
119 2
0 0
0 0
0 0
0 0
0 0
0 0
0 0
0 0
0 0
0 0
121 167
0 0
244 67
123 186
0 0
0 0
0 0
125 95
246 12
0 0
126 252
0 0
0 0
248 41
250 97
130 80
0 0
0 0
0 0
0 0
0 0
0 0
0 0
0 0
0 0
0 0
0 0
0 0
0 0
0 0
0 0
0 0
0 0
0 0
0 0
0 0
0 0
0 0
0 0
0 0
0 0
0 0
0 0
0 0
0 0
0 0
133 250
0 0
134 200
0 0
0 0
135 20
0 0
0 0
0 0
0 0
0 0
0 0
0 0
0 0
0 0
0 0
0 0
0 0
0 0
0 0
0 0
0 0
138 251
0 0
139 104
0 0
0 0
0 0
0 0
0 0
142 84
0 0
0 0
0 0
0 0
0 0
0 0
0 0
0 0
0 0
0 0
0 0
0 0
0 0
0 0
0 0
0 0
0 0
0 0
143 48
0 0
0 0
0 0
0 0
0 0
0 0
0 0
0 0
0 0
0 0
0 0
0 0
0 0
0 0
0 0
0 0
0 0
0 0
0 0
0 0
0 0
0 0
0 0
0 0
0 0
0 0
0 0
0 0
0 0
0 0
0 0
0 0
0 0
0 0
147 187
0 0
0 0
0 0
0 0
0 0
0 0
0 0
0 0
0 0
0 0
0 0
0 0
0 0
0 0
0 0
0 0
0 0
0 0
0 0
0 0
0 0
0 0
0 0
0 0
0 0
0 0
0 0
0 0
0 0
0 0
0 0
0 0
0 0
0 0
0 0
0 0
0 0
0 0
0 0
0 0
0 0
0 0
0 0
0 0
0 0
149 100
0 0
0 0
0 0
0 0
0 0
0 0
0 0
151 1
0 0
0 0
0 0
0 0
0 0
0 0
0 0
0 0
0 0
0 0
0 0
0 0
0 0
0 0
0 0
0 0
0 0
0 0
0 0
0 0
0 0
0 0
0 0
0 0
0 0
0 0
152 236
0 0
0 0
0 0
0 0
0 0
0 0
0 0
0 0
0 0
0 0
0 0
0 0
0 0
0 0
0 0
0 0
0 0
0 0
0 0
0 0
155 68
156 149
158 239
0 0
159 218
0 0
0 0
0 0
0 0
160 237
0 0
0 0
0 0
0 0
0 0
0 0
0 0
0 0
0 0
0 0
0 0
162 247
0 0
0 0
166 75
0 0
0 0
167 174
0 0
0 0
0 0
0 0
0 0
0 0
0 0
0 0
0 0
0 0
0 0
0 0
0 0
0 0
0 0
0 0
0 0
0 0
0 0
0 0
0 0
0 0
0 0
0 0
0 0
0 0
0 0
0 0
0 0
168 63
0 0
0 0
0 0
0 0
0 0
0 0
0 0
0 0
0 0
0 0
0 0
0 0
0 0
169 248
171 225
0 0
0 0
0 0
0 0
0 0
0 0
0 0
0 0
0 0
0 0
0 0
172 190
0 0
0 0
0 0
173 88
0 0
0 0
0 0
0 0
0 0
0 0
0 0
0 0
0 0
0 0
0 0
0 0
0 0
0 0
0 0
0 0
0 0
0 0
0 0
0 0
0 0
0 0
0 0
0 0
0 0
174 171
0 0
0 0
0 0
0 0
0 0
0 0
0 0
0 0
0 0
0 0
0 0
0 0
0 0
177 109
180 168
0 0
0 0
181 214
0 0
0 0
0 0
0 0
0 0
0 0
0 0
0 0
0 0
0 0
0 0
0 0
182 199
0 0
0 0
0 0
184 96
0 0
0 0
0 0
0 0
0 0
0 0
0 0
0 0
185 95
0 0
0 0
0 0
0 0
0 0
0 0
0 0
0 0
0 0
186 209
0 0
0 0
0 0
0 0
0 0
0 0
0 0
0 0
0 0
188 103
0 0
0 0
0 0
0 0
0 0
0 0
0 0
0 0
0 0
0 0
0 0
189 151
0 0
0 0
0 0
0 0
0 0
0 0
0 0
0 0
0 0
0 0
0 0
191 157
0 0
0 0
0 0
0 0
0 0
193 197
0 0
0 0
0 0
0 0
0 0
0 0
0 0
0 0
0 0
195 74
0 0
0 0
0 0
0 0
196 121
0 0
0 0
0 0
0 0
0 0
0 0
0 0
0 0
0 0
0 0
0 0
0 0
0 0
0 0
0 0
0 0
0 0
0 0
0 0
0 0
0 0
0 0
0 0
0 0
197 237
198 107
0 0
0 0
0 0
0 0
0 0
0 0
0 0
0 0
0 0
0 0
0 0
0 0
201 81
0 0
0 0
0 0
0 0
0 0
0 0
0 0
0 0
0 0
0 0
0 0
0 0
0 0
204 255
0 0
0 0
0 0
0 0
0 0
0 0
0 0
0 0
0 0
0 0
0 0
0 0
0 0
0 0
0 0
0 0
0 0
0 0
0 0
0 0
0 0
207 175
0 0
0 0
0 0
210 51
0 0
0 0
0 0
0 0
0 0
0 0
0 0
0 0
213 145
0 0
0 0
0 0
215 143
0 0
0 0
0 0
0 0
216 69
0 0
217 26
219 208
0 0
0 0
0 0
0 0
0 0
0 0
0 0
0 0
0 0
0 0
223 25
0 0
0 0
0 0
0 0
0 0
0 0
0 0
0 0
0 0
0 0
0 0
0 0
0 0
0 0
224 178
0 0
226 173
0 0
0 0
0 0
0 0
0 0
0 0
227 134
0 0
0 0
0 0
0 0
0 0
229 224
0 0
0 0
0 0
0 0
0 0
0 0
0 0
0 0
0 0
0 0
0 0
0 0
0 0
0 0
0 0
0 0
0 0
0 0
0 0
0 0
0 0
0 0
0 0
0 0
230 110
0 0
0 0
0 0
0 0
0 0
0 0
0 0
0 0
0 0
0 0
0 0
0 0
0 0
0 0
0 0
0 0
0 0
0 0
0 0
0 0
0 0
0 0
231 234
234 229
0 0
0 0
0 0
0 0
0 0
0 0
0 0
0 0
0 0
0 0
0 0
0 0
0 0
0 0
0 0
0 0
235 40
0 0
0 0
236 193
0 0
0 0
0 0
238 61
0 0
0 0
240 175
0 0
0 0
0 0
0 0
0 0
241 213
0 0
0 0
0 0
0 0
0 0
0 0
0 0
0 0
0 0
0 0
0 0
0 0
0 0
0 0
0 0
0 0
0 0
0 0
0 0
0 0
0 0
243 235
0 0
0 0
0 0
0 0
0 0
0 0
0 0
0 0
0 0
0 0
245 45
0 0
0 0
0 0
0 0
0 0
0 0
0 0
0 0
0 0
0 0
0 0
0 0
0 0
249 243
0 0
0 0
0 0
0 0
0 0
0 0
0 0
0 0
0 0
0 0
0 0
252 233
0 0
0 0
0 0
0 0
0 0
0 0
0 0
0 0
0 0
0 0
0 0
0 0
0 0
0 0
0 0
0 0
0 0
0 0
0 0
0 0
0 0
0 0
0 0
0 0
0 0
0 0
0 0
0 0
0 0
0 0
0 0
0 0
0 0
0 0
0 0
0 0
0 0
0 0
0 0
0 0
0 0
0 0
254 161
0 0
0 0
0 0
0 0
0 0
0 0
0 0
0 0
0 0
0 0
0 0
0 0
0 0
0 0
0 0
0 0
255 219
0 0
0 0
0 0
0 0
0 0
0 0
0 0
0 0
0 0
0 0
0 0
0 0
0 0
0 0
0 0
0 0
0 0
0 0
0 0
0 0
0 0
0 0
0 0
0 0
0 0
0 0
0 0
0 0
0 0
0 0
0 0
0 0
0 0
0 0
0 0
0 0
0 0
0 0
0 0
0 0
0 0
0 0
0 0
0 0
0 0
0 0
0 0
0 0
0 0
0 0
0 0
0 0
0 0
0 0
0 0
0 0
0 0
0 0
0 0
0 0
0 0
0 0
0 0
0 0
0 0
0 0
0 0
0 0
0 0
0 0
0 0
0 0
0 0
0 0
0 0
0 0
0 0
0 0
0 0
0 0
0 0
0 0
0 0
0 0
0 0
0 0
0 0
0 0
0 0
0 0
0 0
0 0
0 0
0 0
0 0
0 0
0 0
0 0
0 0
0 0
0 0
0 0
0 0
0 0
0 0
0 0
0 0
0 0
0 0
0 0
0 0
0 0
0 0
0 0
0 0
0 0
0 0
0 0
0 0
0 0
0 0
0 0
0 0
0 0
0 0
0 0
0 0
0 0
0 0
0 0
0 0
0 0
0 0
0 0
0 0
0 0
0 0
0 0
0 0
0 0
0 0
0 0
0 0
0 0
0 0
0 0
0 0
0 0
0 0
0 0
0 0
0 0
0 0
0 0
0 0
0 0
0 0
0 0
0 0
0 0
0 0
0 0
0 0
0 0
0 0
0 0
0 0
0 0
0 0
0 0
0 0
0 0
0 0
0 0
0 0
0 0
0 0
0 0
0 0
0 0
0 0
0 0
0 0
0 0
0 0
0 0
0 0
0 0
0 0
0 0
0 0
0 0
0 0
0 0
0 0
0 0
0 0
0 0
0 0
0 0
0 0
0 0
0 0
0 0
0 0
0 0
0 0
0 0
0 0
0 0
0 0
0 0
0 0
0 0
0 0
0 0
0 0
0 0
0 0
0 0
0 0
0 0
0 0
0 0
0 0
0 0
0 0
0 0
0 0
0 0
0 0
0 0
0 0
0 0
0 0
0 0
0 0
0 0
0 0
0 0
0 0
0 0
0 0
0 0
0 0
0 0
0 0
0 0
0 0
0 0
0 0
0 0
0 0
0 0
0 0
0 0
0 0
0 0
0 0
0 0
0 0
0 0
0 0
0 0
0 0
0 0
0 0
0 0
0 0
0 0
0 0
0 0
0 0
0 0
0 0
0 0
0 0
0 0
0 0
0 0
0 0
0 0
0 0
0 0
0 0
0 0
0 0
0 0
0 0
0 0
0 0
0 0
0 0
0 0
0 0
0 0
0 0
0 0
0 0
0 0
0 0
0 0
0 0
0 0
0 0
0 0
0 0
0 0
0 0
0 0
0 0
0 0
0 0
0 0
0 0
0 0
0 0
0 0
0 0
0 0
0 0
0 0
0 0
0 0
0 0
0 0
0 0
0 0
0 0
0 0
0 0
0 0
0 0
0 0
0 0
0 0
0 0
0 0
0 0
0 0
0 0
0 0
0 0
0 0
0 0
0 0
0 0
0 0
0 0
0 0
0 0
0 0
0 0
0 0
0 0
0 0
0 0
0 0
0 0
0 0
0 0
0 0
0 0
0 0
0 0
0 0
0 0
0 0
0 0
0 0
0 0
0 0
0 0
0 0
0 0
0 0
0 0
0 0
0 0
0 0
0 0
0 0
0 0
0 0
0 0
0 0
0 0
0 0
0 0
0 0
0 0
0 0
0 0
0 0
0 0
0 0
0 0
0 0
0 0
0 0
0 0
0 0
0 0
0 0
0 0
0 0
0 0
0 0
0 0
0 0
0 0
0 0
0 0
0 0
0 0
0 0
0 0
0 0
0 0
0 0
0 0
0 0
0 0
0 0
0 0
0 0
0 0
0 0
