1 1540
90 1219
30 1588
4 1856
2 674
31 1572
8 1814
42 82
41 694
49 886
11 45
10 361
5 1870
3 892
13 917
52 1314
12 1961
50 265
24 1522
26 758
55 1459
93 489
64 1226
54 1589
68 818
9 1122
96 529
21 1027
58 1868
254 437
119 1253
91 963
22 1168
95 1396
126 1542
106 1320
98 1827
101 1162
116 751
139 777
135 1127
142 841
148 125
67 1978
266 692
6 1777
29 9
7 223
25 564
14 174
19 1961
162 52
160 1011
169 1247
15 631
45 1010
345 772
171 1115
140 1950
365 1750
71 35
109 1637
78 79
28 1830
16 1805
73 103
388 1174
173 1654
174 291
18 1680
17 97
189 1830
23 1344
212 1324
48 1515
143 1984
75 1993
161 232
170 904
186 903
248 598
260 1005
40 1738
172 1139
207 182
420 103
77 1467
43 69
218 651
175 17
472 1709
273 602
227 887
225 702
20 577
53 1472
482 341
236 1966
27 626
489 56
76 549
250 142
193 400
509 618
274 323
208 844
455 291
271 1355
272 440
503 109
65 730
513 745
32 1960
33 1062
82 1473
34 872
47 1994
587 1997
607 1960
84 1064
213 1841
97 754
281 968
79 1506
85 232
244 291
136 1578
51 183
105 1386
284 406
336 158
775 1057
343 126
214 1076
615 1296
150 1966
176 1535
35 525
61 1420
36 1917
323 1242
37 370
99 644
102 1754
368 946
793 102
369 897
38 451
39 1706
220 1074
361 995
338 1115
222 181
63 1482
44 1259
46 804
229 1428
111 540
181 765
117 353
195 1945
56 295
378 1401
381 563
401 905
389 1605
202 695
242 644
113 824
72 1136
408 1155
57 1471
437 291
262 926
801 114
204 1030
444 275
59 1811
209 1589
806 1193
817 787
267 625
851 1645
60 804
279 117
123 222
114 598
149 918
125 295
289 1692
159 1963
165 1023
396 1010
151 547
875 383
889 1728
166 1309
83 1467
895 479
86 1404
405 1158
293 715
153 1728
216 1185
439 295
303 806
446 306
463 665
62 641
228 1963
452 1620
183 219
453 889
237 1546
241 717
167 765
465 251
493 211
650 1902
177 1956
596 384
66 135
108 608
694 1135
648 1381
483 1430
69 1174
729 1051
110 777
898 11
660 1971
187 853
911 1074
70 409
495 232
191 1830
497 1885
201 397
74 1521
922 1759
231 1341
249 504
115 776
235 1616
188 1703
757 845
514 786
315 712
320 1959
238 940
197 1567
347 1086
667 1956
672 361
120 1384
251 844
80 1275
681 1091
200 1211
233 957
240 126
278 625
256 1497
81 1144
357 174
359 715
715 1648
990 1756
265 1341
764 1681
1003 1378
494 400
121 1497
122 375
499 1653
87 1359
718 1615
774 102
527 391
734 625
377 965
823 1596
132 1889
300 396
304 1673
810 247
380 1010
88 1558
89 304
572 840
583 1881
591 1074
386 1542
243 1726
1020 1205
308 33
1021 1787
268 723
246 1936
399 1560
829 715
288 1880
612 567
641 894
610 1289
624 167
1071 1227
92 1948
410 1655
412 852
1086 1348
643 1219
94 1326
652 198
831 98
850 759
100 608
647 505
252 1973
312 1906
654 1382
885 118
103 284
291 1158
297 1255
1091 990
134 977
305 1906
307 1843
310 667
418 671
324 1008
146 1582
877 1664
1134 1580
152 1601
335 139
653 1402
1135 738
423 754
317 1479
883 1348
913 729
322 1560
154 1456
337 639
914 462
430 1755
449 988
157 1252
341 1127
1154 1051
668 1600
669 1689
104 125
927 1233
258 1105
451 1686
285 10
1163 935
168 328
179 1589
107 1572
112 475
656 1949
286 586
118 1522
701 520
661 1219
124 1444
1168 1190
180 1185
710 999
342 1526
190 408
893 1681
352 526
287 1036
978 191
980 918
192 51
732 1577
292 1080
194 923
982 952
356 101
1175 1494
897 1384
294 694
364 1501
296 1881
379 1121
456 765
1177 1397
1209 1034
740 736
915 1611
675 885
755 486
466 1201
761 783
480 1527
127 955
1211 1259
1244 573
792 982
385 1804
196 1473
1257 1902
298 1361
994 815
1273 1426
128 1315
917 291
678 388
129 255
299 1906
394 738
397 727
306 1940
1281 1136
1288 455
683 775
686 216
691 1147
406 869
918 682
510 219
702 375
998 1651
1293 1499
130 845
517 1909
931 450
309 46
707 300
325 1645
328 894
518 1834
796 1334
526 613
721 817
339 1837
199 799
731 1607
528 1612
934 1326
936 396
340 1393
1301 935
538 875
736 517
808 217
815 58
947 547
542 929
548 396
827 278
853 625
409 516
741 1061
348 625
744 1490
311 458
416 348
1015 1499
1317 1620
855 58
205 497
1320 1546
1023 1358
349 834
745 1852
1024 657
422 1386
318 1110
131 611
960 1832
133 690
1354 1219
549 337
319 1608
1362 1328
551 696
976 650
137 357
992 1465
206 409
557 343
862 400
1006 1173
1009 644
1382 1720
1019 1854
138 673
210 443
321 59
141 1317
1392 455
426 219
1027 717
432 240
1396 384
1414 174
560 1303
1029 1954
564 1845
1037 885
434 1052
144 1683
1440 1110
461 1971
565 1597
1446 564
566 1421
469 1705
327 1504
869 23
567 1789
1035 220
471 17
145 92
147 1049
870 353
353 802
568 1676
1049 433
473 545
582 840
595 1506
491 1205
1056 1364
1452 17
1054 1568
211 181
155 777
603 375
511 1136
609 569
215 357
1059 1008
613 1040
362 113
874 102
746 1950
616 92
329 437
1057 1830
1454 184
1481 1410
879 1020
371 380
1063 919
217 508
880 108
908 1956
221 1703
521 1252
751 390
910 1006
522 458
1484 1139
1070 601
523 656
618 449
620 734
156 1610
1488 1080
1075 542
916 1074
158 1236
621 497
376 1378
625 1688
391 1272
1081 1089
1099 572
920 564
946 892
334 893
163 1324
344 472
531 1654
164 1098
178 1759
182 1467
395 417
223 1036
952 1506
226 609
184 207
1499 558
626 183
185 58
630 1764
1139 586
1514 400
1098 965
1145 346
398 968
956 109
975 1785
230 353
983 174
989 383
1111 650
1520 390
1120 243
545 1399
400 291
198 1195
753 370
759 1449
640 717
203 375
1521 316
219 633
771 1764
772 628
224 1210
1523 1834
997 288
232 1374
642 1406
403 1238
247 1162
1121 601
553 1845
776 681
779 94
1147 1876
1130 885
350 1691
780 160
407 294
555 632
234 788
239 1779
245 1231
253 1259
786 1421
425 400
1529 1845
645 228
255 1027
788 1522
269 1236
999 576
571 292
354 917
574 1855
257 1955
358 1710
259 813
799 323
646 1851
800 409
1136 1242
1530 1950
1001 1536
579 621
261 628
1004 1723
802 765
1533 1918
360 1356
282 99
1167 1600
1176 1494
1179 1885
590 602
366 736
370 1605
283 646
1149 1919
431 1968
326 880
433 1664
593 1118
435 187
373 797
594 357
811 1302
1156 961
374 850
436 1638
332 1948
1007 99
263 285
1161 721
1172 1186
333 1739
602 449
375 1158
1178 1421
839 526
655 1577
1183 1553
1185 845
440 153
484 1655
264 1778
1189 505
1535 1608
1011 754
842 1663
1536 484
1538 416
658 1384
846 14
536 1886
383 935
270 1897
1541 640
608 1374
1543 1009
387 1323
614 1168
392 1519
847 1225
1206 911
662 1923
1195 139
664 792
441 1768
447 1001
275 400
1018 1529
1545 1499
1036 530
577 1655
848 1558
1039 967
393 207
1207 1534
703 409
666 1170
1212 1111
1214 1625
1196 831
711 54
402 599
857 1766
1546 182
1216 1654
781 1242
1552 503
1553 187
849 1472
1058 380
1200 1334
1563 1329
276 921
1061 163
904 1563
1565 221
622 740
860 1655
277 1868
1208 822
1576 281
629 125
1065 1061
671 1963
679 1247
280 1322
949 1744
1069 1431
873 1585
1220 836
1228 887
290 118
886 1078
684 189
1234 902
295 462
404 569
636 1358
890 1150
968 169
687 496
1242 1473
1227 159
1237 1105
301 437
411 416
987 674
637 1127
892 1484
1074 1158
1577 1374
413 135
896 340
693 348
902 1525
302 331
905 864
313 1608
1077 864
415 248
1238 1540
1253 1473
907 25
1271 964
1088 564
1276 917
644 599
448 563
1279 1351
923 1597
1247 576
450 1368
1280 1111
417 142
1283 1287
314 1824
457 1141
695 563
941 1675
316 1633
1585 1302
458 770
1090 456
459 1629
1249 1842
1285 1554
1016 31
957 1341
1292 1086
330 287
419 861
475 1556
698 1968
699 864
1594 1088
704 525
1294 587
680 1348
717 1459
1296 983
1306 826
1105 1626
722 125
421 503
478 1774
1106 819
331 348
479 492
1031 874
346 181
496 782
1055 90
498 1616
1068 356
682 1747
966 1868
424 645
351 1803
1126 13
724 1447
355 1654
692 1008
427 1491
363 468
505 1305
967 1230
506 633
725 541
1595 952
1598 110
428 1648
367 247
1250 468
1251 982
429 123
438 950
1159 1822
726 1255
969 1381
696 529
1258 1907
727 1219
372 141
1107 1079
382 316
1109 1813
1601 17
970 1928
1263 1794
700 793
730 1399
442 661
1604 500
443 1321
706 490
1307 507
709 754
1114 1082
713 546
507 868
1203 100
716 1997
1612 185
720 195
445 925
972 1705
735 256
1115 748
739 1353
454 1808
1322 1513
384 1515
742 529
1613 1536
508 1891
723 1193
1117 1498
460 767
747 1076
973 108
524 644
728 865
1323 53
1326 1177
1616 777
1118 1325
1264 1595
1124 1426
1205 1778
1290 1378
1217 1827
1222 1985
1232 1278
1297 1779
390 23
1621 23
1299 1441
1269 961
1286 125
462 1247
1291 297
464 381
977 1141
467 1127
756 1771
530 1703
1311 390
414 1694
1330 1971
758 1969
762 1619
1127 97
534 1880
763 1436
986 1185
733 1460
1312 462
737 170
486 47
1314 919
1628 304
738 1288
1302 1505
1315 416
1637 1137
988 97
765 1288
1337 1378
743 1310
543 265
1641 1316
768 1051
769 576
748 1177
1131 1880
749 94
541 406
1133 862
628 552
1310 239
770 1484
1339 660
468 802
1316 1845
777 1158
1647 1655
470 791
474 1414
657 1706
750 812
1138 16
546 1613
476 1393
1650 1923
1144 1893
1155 1657
477 1458
991 1411
1321 1830
552 1384
1164 248
708 1499
993 1329
754 291
1165 1653
1324 990
865 68
554 1043
569 122
760 377
1655 122
1166 854
1319 177
1661 680
573 908
1340 719
1336 1683
1171 721
1000 168
1005 201
1180 676
954 1563
1013 1383
1671 135
1673 1305
578 1971
1350 530
1325 219
1348 1703
481 37
984 1909
1014 745
1079 118
1327 567
485 1941
581 1014
1374 174
1675 1844
1384 853
1351 651
1679 52
487 402
778 1049
766 1668
782 1688
1092 113
592 49
488 317
1389 1123
1410 163
1186 357
1379 493
1430 1876
1680 295
597 1160
1026 455
1332 1198
1032 1672
1034 175
1386 23
490 1397
1102 1449
1192 385
1433 1127
767 1985
599 1247
1112 390
1387 1529
1129 1985
1395 6
1143 505
1406 1344
492 1653
500 187
783 376
1201 599
784 1800
787 497
1451 1744
1182 486
1038 1062
1333 769
785 187
1460 1042
790 1287
601 1011
1407 1723
501 1190
1461 1288
1342 1647
789 163
502 977
1210 1063
1472 1653
605 777
504 201
1344 174
1346 1848
1413 57
1040 864
795 552
1689 100
1695 315
1364 853
1699 1763
512 431
1368 232
606 1312
1043 777
515 390
791 1288
1474 1040
1044 14
1213 1703
516 187
519 957
1376 644
520 898
805 351
794 1555
1418 932
1710 1397
1188 433
1221 942
812 633
1047 1721
1224 1457
818 917
1494 1401
1495 1365
1380 674
1713 1205
611 1434
1391 752
1717 273
1730 316
1731 627
1394 1311
819 468
797 572
525 1107
1501 1242
529 1739
1515 1971
1240 505
1051 608
1218 1702
824 1848
1401 1542
1419 1949
1282 598
798 916
803 1507
804 887
1421 1657
1053 182
1519 1089
826 845
1526 535
1060 409
1411 381
1241 1388
807 1774
617 37
532 1834
1528 40
1534 1206
1732 267
828 780
1423 625
1735 1252
830 1033
1245 599
1062 232
1295 1848
619 575
1373 160
1378 1344
1246 566
533 1019
1424 379
535 752
1540 931
1066 1863
537 1327
1425 1853
1431 742
1434 1968
1439 540
1248 965
1448 873
835 1589
840 1139
841 99
809 1930
1404 530
1555 1344
1072 1326
623 500
627 120
1556 182
843 993
1738 903
1437 1601
854 1381
813 644
631 636
632 738
1449 655
1457 712
856 646
1254 566
1464 1084
1443 1475
1570 1822
1255 291
1073 1793
1465 963
1745 1917
633 853
1083 47
1444 1473
1089 1769
859 885
866 1545
1256 1064
1746 1633
1259 511
1618 501
1626 187
1261 193
814 696
1467 911
1422 203
1753 1986
816 1248
1769 1127
539 323
1445 1061
867 295
634 530
1265 662
1469 21
1660 842
872 1852
1267 1515
1470 1335
1094 1884
1447 625
1683 1963
1426 1529
876 394
540 1028
544 1225
547 603
1268 1315
881 1842
887 563
1453 674
1458 1789
1475 1195
1485 1830
1492 1076
1770 911
1500 802
1502 760
1100 1891
820 1467
1687 1827
1696 123
550 1465
888 510
1466 400
635 411
1506 155
821 691
1471 400
638 393
1101 1579
1701 793
1473 530
1103 535
639 906
1270 1501
649 139
1476 457
1510 140
822 1946
651 380
1429 1725
556 408
1272 1035
1513 892
659 1433
1477 494
1517 300
1479 409
1104 1522
1551 1064
1493 1856
825 748
1774 1326
832 496
558 288
1490 601
1703 375
1274 172
1496 169
1108 1778
833 1681
1507 197
1516 1370
891 1502
834 918
1503 302
1110 1937
1275 1505
1524 995
1277 1206
1712 1387
1113 1479
900 710
663 1872
1527 966
1777 853
836 1241
837 1348
1284 1120
1561 1725
1567 490
1729 1457
1289 971
838 1009
665 1926
844 1890
1571 1364
1572 680
1298 1144
1504 1350
845 1471
670 863
1733 845
559 725
1579 1409
1749 1053
901 1433
1505 1719
673 993
852 791
1300 1784
1779 1656
1303 1856
906 1242
1580 968
1549 281
561 637
1781 789
1751 1522
562 1703
1304 585
1550 89
1508 37
858 629
1582 1242
1782 1384
1755 1412
1787 1399
676 640
861 239
1792 1251
685 51
1116 656
563 1703
1789 37
1794 1478
1305 894
1119 1612
1308 761
1583 1508
1795 841
688 934
909 1071
1584 724
925 37
863 1076
929 348
1587 663
1509 2
1557 988
570 503
864 490
1511 694
1309 586
868 258
1797 1174
1805 1329
1122 633
689 325
932 1651
1512 244
575 1878
871 1787
1590 1686
690 617
1803 955
1600 859
935 275
937 186
1318 572
576 1158
580 1244
1804 625
1808 1577
1328 1733
1329 1397
1810 1060
1602 1163
878 261
1331 1467
1813 1651
1125 18
1518 920
1603 1384
1522 1374
697 750
1334 956
1606 1288
882 1678
1335 1326
884 470
1806 108
939 853
1608 107
894 802
940 1036
1574 1936
705 1757
942 1527
1128 764
1812 956
948 1310
951 1562
1610 1956
1615 660
584 1285
1617 400
1817 1758
953 558
1814 527
585 1184
899 781
903 562
1619 1468
1525 625
1341 1158
1625 1136
1343 1320
1132 1710
1531 576
1532 621
912 1465
1345 610
1638 250
712 1201
1648 1621
1651 983
1349 503
586 1688
1630 925
1352 1011
1631 990
714 1926
1633 1777
958 961
1642 288
1820 608
1659 1897
1822 1136
971 60
1823 86
974 1788
1656 400
1141 1018
1662 1683
979 1358
1828 1648
719 1787
919 603
1829 1731
588 561
1146 1673
921 1746
1666 1350
1832 1994
1353 1176
1690 894
924 707
1355 1586
1148 1884
1667 1135
752 1845
589 1058
1840 1610
926 1030
981 946
1835 1885
985 1289
1676 440
928 244
1537 1130
1836 1750
598 1923
1151 1137
1544 760
996 1444
1837 1222
1152 108
773 1489
930 845
995 442
1677 1464
1153 1009
933 1970
938 1826
1157 1621
1841 920
1843 1137
1678 1807
1357 1880
1002 1628
1842 1501
943 1485
1558 1242
600 1415
1697 1863
1845 1688
1704 1252
1010 1747
1846 1458
944 1365
1707 1162
1850 1364
1681 400
1360 178
1852 586
1559 1706
1560 504
945 1562
1854 495
1564 1289
1008 563
1064 596
1855 1091
950 1555
1160 1074
1361 1060
1727 1771
1856 1174
1012 1830
955 1994
1365 462
1566 1247
959 914
1366 813
604 1311
1737 1365
961 1764
1137 1158
1682 1077
962 1213
1568 1405
1847 965
1140 1501
963 85
1857 333
1858 763
1573 449
1575 1720
964 650
1162 97
1262 444
1367 1494
674 1621
1743 716
1859 383
1017 558
677 530
1744 203
1871 377
1685 1129
1278 456
1022 151
1872 302
1169 1931
1170 1688
1369 367
1358 804
1025 1840
1370 1776
1371 1070
1747 1397
1686 887
1173 861
1578 521
1174 999
1581 1582
1076 416
1028 169
1691 1981
1142 290
1692 1098
1375 605
1693 704
1372 700
1377 603
965 267
1045 760
1385 121
1050 1395
1860 1509
1388 1315
1864 421
1865 1305
1158 1688
1181 174
1866 928
1752 1030
1390 383
1230 983
1252 1830
1266 1124
1409 1123
1764 1595
1694 356
1873 640
1867 39
1030 918
1698 1400
1287 1010
1868 696
1260 1213
1700 1285
1876 1133
1884 1683
1338 802
1356 651
1586 1140
1874 1338
1765 391
1875 1434
1877 1542
1359 1127
1184 1672
1893 1739
1313 1733
1702 1086
1879 1008
1773 118
1705 1639
1393 1250
1706 777
1709 300
1901 494
1432 114
1363 1886
1398 45
1399 160
1711 836
1905 1289
1381 680
1775 787
1383 491
1187 56
1780 196
1190 1756
1397 1374
1910 753
1033 633
1478 472
1715 1534
1539 1900
1786 606
1400 1250
1487 1033
1793 1577
1041 1471
1402 777
1042 557
1191 691
1718 1373
1634 473
1403 770
1588 1274
1046 231
1911 503
1880 660
1589 992
1885 608
1193 547
1591 947
1592 1060
1635 174
1547 1870
1889 966
1405 183
1719 1397
1194 109
1408 1970
1644 419
1197 1182
1799 871
1198 1826
1913 981
1427 832
1199 1430
1202 1217
1442 1734
1720 1404
1811 1581
1721 1605
1728 1344
1412 353
1891 1971
1736 206
1739 916
1897 1785
1816 1247
1914 220
1597 1293
1740 1013
1741 1993
1899 341
1742 1171
1204 925
1904 1359
1754 291
1562 1357
1569 795
1215 1310
1219 1923
1756 1074
1757 182
1223 1779
1909 99
1758 24
1760 1577
1653 1897
1415 1703
1048 1971
1599 653
1826 1063
1596 1431
1605 1852
1609 402
1416 1329
1225 1397
1915 140
1654 1531
1831 1634
1919 1622
1226 1249
1912 501
1229 1506
1489 1268
1417 1281
1657 1522
1420 1910
1664 1136
1669 1085
1714 1796
1716 1590
1734 1115
1231 1217
1722 1381
1428 675
1723 1225
1052 724
1761 1968
1067 1495
1771 1885
1917 521
1921 333
1078 867
1920 1814
1611 1743
1614 1909
1778 791
1233 845
1498 564
1759 1701
1435 425
1542 586
1922 1533
1766 694
1933 1091
1796 1475
1923 1213
1762 123
1438 1433
1783 415
1080 1014
1554 1305
1935 781
1620 122
1763 649
1441 916
1455 1246
1622 1423
1768 1285
1456 615
1848 682
1798 1763
1624 1739
1459 1577
1800 978
1801 750
1462 495
1463 457
1082 1160
1084 389
1623 455
1468 1674
1480 1139
1844 1276
1772 1100
1853 871
1869 317
1085 1600
1627 558
1878 1902
1482 1264
1924 408
1235 1265
1087 1751
1939 381
1809 377
1629 1737
1776 196
1784 187
1940 516
1948 391
1886 655
1093 323
1824 1473
1849 79
1632 850
1862 9
1950 1501
1636 612
1236 1162
1927 1354
1958 952
1839 19
1863 1158
1959 497
1892 1119
1239 1910
1095 62
1931 1757
1934 164
1961 983
1243 1807
1881 1936
1936 1158
1964 567
1347 1111
1450 1770
1966 85
1888 824
1096 1688
1639 1484
1785 1936
1483 595
1097 1186
1724 920
1941 572
1607 1703
1882 37
1968 400
1906 1089
1883 614
1894 237
1949 1071
1975 273
1748 393
1951 1750
1750 1447
1976 400
1977 1094
1486 1043
1960 501
1491 565
1767 1994
1930 363
1640 884
1802 561
1980 1529
1497 955
1932 1855
1937 423
1962 723
1708 1663
1123 172
1890 1433
1908 289
1788 902
1818 1657
1643 1866
1645 657
1984 136
1150 1316
1827 58
1646 1174
1938 1036
1825 625
1926 1534
1963 1091
1725 741
1821 353
1790 68
1895 1498
1898 586
1944 1775
1833 752
1969 23
1946 1048
1436 1848
1900 242
1649 1087
1861 345
1943 1824
1985 1900
1652 1130
1970 1105
1838 1443
1945 1324
1834 1671
1907 366
1658 1968
1548 545
1791 1520
1952 716
1851 1968
1593 884
1887 1057
1929 1285
1902 586
1896 715
1971 102
1674 168
1972 1986
1953 1827
1684 1852
1903 353
1947 84
1992 304
1663 765
1925 1886
1815 239
1957 1737
1830 1368
1665 1562
1981 103
1918 840
1978 1008
1668 608
1995 717
1807 727
1983 1690
1942 1759
1670 1756
1928 1447
1870 1464
1990 486
1996 625
1979 162
1954 1133
1965 1103
1955 1645
1973 1968
1672 420
1956 244
1989 101
1982 1121
1986 1513
1916 166
1988 620
1987 404
1967 1130
1994 1466
1997 864
1726 1358
1993 114
1991 748
1998 972
1999 1357
1819 1057
1974 1185
2000 235
0 0
