10 1715
8 1453
4 1480
9 1235
6 440
22 521
20 1169
5 495
3 1298
2 588
7 286
12 797
25 1551
1 1114
37 1506
11 432
13 56
50 53
38 1111
49 664
28 946
51 897
15 150
58 1603
61 596
21 779
45 183
67 689
31 1283
44 1781
56 283
14 152
24 770
41 1651
16 1270
59 1513
47 1401
68 1718
76 512
53 1347
54 1579
55 1551
18 1689
32 335
57 1767
98 1902
52 1557
69 417
80 1223
70 1437
91 335
17 1027
72 1413
46 1207
82 972
89 981
94 781
60 114
96 763
26 979
134 732
36 1603
40 1733
27 355
73 935
33 1222
145 1418
154 768
64 949
106 965
102 461
19 1814
156 1763
108 473
65 655
103 1792
107 186
74 178
136 1156
23 411
35 190
139 972
165 149
144 1795
43 841
71 40
29 783
81 1168
30 1426
66 906
143 48
178 104
169 1719
87 319
77 931
79 523
207 1321
110 431
182 274
62 1842
187 848
48 1428
88 1795
104 1510
220 1277
197 1489
85 813
116 17
119 1900
236 846
120 777
109 1828
63 1321
238 642
93 211
75 431
137 456
34 1416
78 849
208 1371
167 787
95 442
175 1049
115 409
99 706
210 81
39 656
121 175
179 1861
129 1559
221 609
42 1834
123 737
191 1319
248 1278
92 737
140 1641
100 1196
130 1853
146 34
83 806
270 1147
133 1808
153 728
271 1216
84 69
192 1322
141 1868
142 275
219 1561
118 334
86 196
252 1121
97 328
122 177
257 1955
282 1955
101 129
147 1033
265 1356
292 498
149 224
159 1971
171 7
198 1364
124 941
281 802
105 1992
163 1634
157 1936
113 494
275 180
111 845
168 93
291 1888
294 1235
90 1098
125 577
117 11
276 731
152 875
183 1917
201 725
193 821
148 1603
317 1517
112 251
158 483
173 1633
114 882
188 227
348 1500
352 443
128 386
126 1813
127 1020
131 1758
204 901
132 1419
310 844
135 724
138 1772
185 1672
206 813
150 119
277 234
194 1815
353 1652
212 495
357 971
181 707
213 1298
222 346
155 787
151 1749
216 297
164 985
365 14
223 886
280 290
455 348
324 1027
476 1710
209 1617
161 996
162 1994
225 1130
246 471
480 313
180 1858
327 728
218 1270
170 1768
497 92
232 56
251 1437
283 170
189 1153
230 965
172 542
174 412
340 1672
234 1711
285 1502
176 1763
343 1858
268 1668
247 1871
241 1404
347 1834
184 1521
253 1347
286 353
287 470
250 915
195 1882
160 1055
290 523
320 996
166 137
258 1872
295 1129
264 1648
299 1222
332 1385
349 52
177 1394
306 423
273 1535
186 644
199 1868
239 1678
308 1315
500 1183
196 575
312 223
200 544
315 368
314 1446
316 644
506 779
202 466
354 1691
203 447
205 1048
369 1293
211 1579
243 1048
328 249
376 810
387 1717
190 917
214 847
254 1184
245 618
224 1554
217 450
395 1109
255 1712
229 1834
215 1794
322 3
256 1222
262 1126
362 1813
231 980
337 1921
226 1156
227 550
391 1583
233 812
311 304
346 1174
244 85
351 971
526 1725
534 1546
228 1173
249 1693
359 737
235 101
263 1510
336 1019
266 97
259 1580
339 1703
279 1138
370 851
418 1119
420 1577
432 1000
237 1193
397 802
284 1758
240 226
401 115
296 1184
372 82
288 813
541 27
377 1026
438 703
545 319
304 1770
267 976
242 1603
272 1315
326 405
298 844
278 1180
333 395
364 1319
562 146
565 1672
580 1461
459 85
307 1666
400 715
260 1751
293 1172
592 766
629 862
300 54
261 727
471 1557
341 254
269 1212
302 722
366 309
408 1914
410 1942
649 1356
274 1141
374 1661
338 1672
673 1799
472 1278
289 306
323 1037
688 483
378 875
342 1114
360 624
385 13
318 1702
389 972
367 1548
394 933
301 16
695 1138
696 1807
321 710
421 14
334 196
445 1764
313 1710
297 483
325 1624
379 1608
381 1734
414 59
392 1981
303 370
396 1084
424 678
717 712
475 1074
742 1356
305 1722
358 1976
417 319
331 264
393 685
402 1243
458 892
747 875
750 1940
350 1834
466 1461
768 1410
363 716
479 878
486 150
491 837
493 1095
779 578
425 1860
423 1771
335 783
431 1985
375 815
490 1973
442 1132
309 1771
780 1326
443 1507
405 1715
448 1919
492 935
382 44
319 531
527 918
383 545
436 131
329 1420
494 1664
415 485
411 531
419 1807
371 988
430 1277
330 512
422 1693
413 171
453 851
440 715
450 1155
368 272
511 175
439 1755
373 621
426 1382
429 1280
478 722
344 1033
530 1887
789 480
532 493
517 1293
457 1464
521 1948
552 1326
447 1631
345 359
801 667
804 1330
524 1296
380 324
384 1950
563 282
444 1768
460 327
388 737
390 1800
407 659
488 290
468 1378
409 313
412 631
456 845
462 1401
403 1316
564 1507
533 526
355 685
461 510
465 290
434 905
484 1948
487 951
482 849
356 351
501 1089
406 1498
824 1585
361 1107
557 902
567 1021
473 1759
386 1397
483 224
416 575
454 167
463 1948
485 1333
612 1382
449 280
624 730
469 527
841 1021
398 1105
906 1507
509 296
399 1098
911 1305
474 187
467 316
477 1710
510 1448
496 1054
404 1499
573 1588
630 529
498 979
433 146
582 681
639 1616
515 470
495 313
427 1161
428 703
605 230
654 1164
622 1168
512 313
663 1835
923 808
547 1762
632 512
927 633
513 1551
437 1932
525 1966
435 996
556 447
677 1786
529 764
543 1222
633 518
516 977
446 759
451 812
583 977
441 661
452 417
548 52
645 1498
481 1157
570 707
931 935
470 1267
559 1991
508 1073
579 1852
591 416
464 767
520 748
595 949
721 1520
727 1317
730 1905
617 1957
499 1759
661 345
535 1869
504 1925
939 1871
684 1804
502 392
489 1365
739 480
689 1174
561 983
503 1999
626 1024
948 1605
965 1674
600 191
537 1655
507 1759
692 1018
539 218
603 12
980 3
648 879
604 1579
611 480
514 1700
614 1196
505 744
618 1777
745 1280
519 1880
528 1579
657 1382
569 983
542 283
536 967
522 579
585 820
702 1959
672 313
518 1588
637 1714
641 628
531 81
643 1244
755 143
1014 1569
554 1651
540 925
771 1297
568 426
523 881
679 1416
1026 477
646 1428
707 1965
718 470
651 1682
723 1481
546 290
731 931
1027 1168
538 145
550 787
716 1415
669 1290
571 719
555 294
686 1063
544 1898
1034 1651
712 1027
774 1955
1060 1278
589 386
574 211
601 1437
581 273
715 1815
549 450
792 1250
1071 1359
628 671
631 1951
719 949
577 703
800 1246
635 103
572 22
593 87
743 1656
578 131
744 1284
1073 1976
770 307
615 1035
1075 601
623 1368
586 813
752 1870
732 1382
1078 1684
736 1332
638 643
551 1609
773 875
783 223
627 1895
738 1321
652 1401
756 458
644 1557
782 1789
785 545
658 1059
662 330
553 370
575 1026
558 391
660 1201
799 1256
599 1330
806 1453
759 1829
807 1498
805 1105
606 1654
1100 814
590 642
671 1378
674 1939
802 948
576 1211
609 795
808 1109
760 949
1104 225
596 48
587 1322
827 560
809 1201
610 732
835 1444
613 383
843 1924
685 1513
675 931
620 703
616 918
1138 1684
1139 881
1156 1761
680 90
698 1752
647 1569
625 1376
811 1917
560 70
1160 835
705 812
701 1480
1170 1553
860 1951
566 264
891 920
706 1711
763 70
653 1951
664 1444
682 276
825 795
764 527
584 753
765 1525
687 192
636 1301
709 1348
607 948
608 340
829 266
1179 1955
839 781
777 763
810 1807
621 1253
816 1039
852 296
588 412
699 96
655 264
640 1282
650 1155
837 1352
659 671
728 841
893 1839
904 1156
794 662
790 1872
667 949
908 1261
729 1184
864 380
594 1102
795 1985
746 266
912 548
597 1436
1180 935
791 1191
676 1046
681 1640
867 1512
668 919
678 1118
798 1574
690 729
814 1733
703 521
873 652
817 1792
846 1687
826 929
1183 1956
733 999
734 198
1187 1919
818 1028
691 345
700 1910
847 1759
1194 873
1197 923
918 313
928 213
704 215
735 130
882 1201
748 671
598 1781
796 1363
740 43
751 1789
929 732
834 92
602 1481
776 1857
1201 81
803 1032
619 1309
714 1985
844 1401
849 81
788 1487
793 1574
1204 273
797 1413
812 1956
942 350
851 1081
854 1079
815 575
862 868
1209 1629
822 187
1235 181
634 1353
1252 879
855 691
832 744
848 1948
713 220
874 370
869 1771
951 1669
875 76
722 879
720 1559
914 662
725 388
901 29
857 1637
830 1796
1255 980
877 1887
961 671
838 1406
754 101
858 1955
907 875
879 417
878 1796
724 176
976 979
642 1155
840 936
861 1280
863 1704
888 540
913 1024
926 263
757 914
890 361
940 175
749 854
898 1548
991 819
897 1543
1002 1075
947 409
881 1073
656 578
887 712
761 783
894 892
895 1172
1004 569
896 735
902 218
1257 591
903 638
758 1654
900 1382
959 1345
922 440
1012 578
865 164
989 139
870 612
1265 518
953 1605
665 1612
666 1132
933 1316
978 1933
997 1217
1010 1979
915 1326
1017 1874
1025 787
766 1118
775 1791
1269 1760
909 131
670 1037
781 1821
1021 809
787 531
683 1101
876 719
883 996
990 701
1032 1835
1035 1290
884 1956
889 717
1044 1751
992 273
910 257
813 1107
1279 164
995 1455
925 886
1039 1923
1282 510
1007 178
1040 733
1011 1630
1297 1318
833 533
935 1656
949 787
917 949
1042 671
1033 1211
762 1900
836 1795
1057 1767
767 1033
693 1027
943 1137
955 657
966 1861
850 1702
1008 1877
1013 1718
1049 251
1016 730
1020 472
975 1648
886 1437
1054 1557
769 246
1068 1266
977 354
1058 194
694 757
1307 967
1339 657
982 1828
983 1711
930 323
987 896
772 43
778 1430
1067 1831
1070 667
1023 278
697 1458
1029 1586
1059 1267
1062 300
1102 1780
1341 458
932 59
784 1156
1045 1698
916 1063
1344 206
831 1619
1064 1559
1125 961
1063 137
919 1155
1076 1415
1361 441
1130 1141
1132 830
1048 1121
960 1184
1083 1394
1093 1885
842 246
1097 1222
1112 947
1065 1264
946 1554
1098 996
1072 1691
1114 170
920 1792
950 953
1084 737
1118 1588
708 333
710 1037
962 913
1074 845
963 1881
1128 212
1095 1108
1147 1378
1107 1656
967 1893
711 1674
1366 1862
924 944
1085 82
934 780
856 351
1119 1290
1142 1694
971 808
726 1127
1152 509
1124 1950
1133 181
936 1163
979 1201
866 1057
1144 1893
988 631
1406 625
993 457
737 935
1088 460
1148 251
1155 601
741 1455
1162 246
1190 1574
753 1437
1176 1321
871 1400
786 1192
819 1448
885 1101
1196 264
1163 1541
937 1902
1005 1404
1205 830
1134 516
1003 761
820 1028
1009 1791
1191 1967
1206 897
821 672
1193 1290
1151 935
1091 1554
1407 395
1195 1877
1200 33
1022 1577
1037 1731
1031 1824
1237 628
1036 1388
1168 266
899 611
941 304
921 680
1215 499
1047 1464
938 1201
1182 713
823 773
1221 1691
954 1301
1210 118
945 1455
1081 1696
1090 809
1220 93
1216 447
1094 1283
1242 1404
1096 1957
1276 266
1223 844
1103 383
1433 112
952 351
1061 1869
1079 1457
968 665
1277 1347
1437 405
1245 1615
1236 1234
1108 821
1283 979
1248 1149
1440 1511
1256 1843
1250 249
1111 1821
969 886
828 472
1290 1401
1246 1021
1116 162
1105 1416
1292 819
1087 1959
1311 1278
1254 1887
1262 1363
1315 470
1120 173
1264 1842
1099 869
972 1965
1322 82
1127 1763
974 1729
845 531
1258 1507
984 1528
1143 1160
1331 834
1461 480
1270 313
1275 732
1462 1148
1467 875
1294 137
1153 391
1325 148
1117 1283
1122 238
1129 1793
1263 1667
958 206
1473 1167
981 550
1333 1171
1169 349
853 1348
1337 813
1136 802
1347 845
1123 847
1266 158
1126 1761
1287 1888
1357 1879
859 1148
999 1073
1172 574
1480 1990
1288 1747
1173 926
1146 1196
1137 693
1159 1761
1488 1167
1141 272
1167 1352
1389 1888
1181 59
1289 1864
1489 1206
1397 296
1184 1948
1424 699
1427 1813
1350 1098
1145 254
1171 545
1299 970
1446 1006
985 1733
1043 384
1495 1046
1306 650
1521 1696
1465 1444
1466 106
1149 841
1175 1314
1174 251
1324 1605
868 703
1483 274
1326 81
872 1645
1527 1032
1189 1623
1212 1908
1213 53
1329 1256
1359 881
1178 80
1365 907
1222 1382
1192 1727
1224 1796
1203 518
1066 453
1291 683
1227 628
1378 845
1532 795
986 345
1069 162
1484 1436
1533 1115
1381 414
1188 1524
1332 286
998 954
1226 381
1207 1404
1303 1216
1493 1254
880 1376
1231 466
1239 674
1304 1184
1551 809
1346 1669
1211 1810
892 841
905 1706
1552 1187
1230 45
1233 485
1355 923
1390 1977
1497 718
1082 841
1232 278
1244 57
1553 405
1555 1607
1019 1740
1253 1928
944 712
1560 951
1028 845
1261 1287
1086 1816
956 1794
1247 92
1316 1413
1284 453
1317 960
1234 703
1273 1965
1386 88
1030 55
1281 673
957 974
1388 1035
1395 586
1046 1254
1285 75
1509 1428
1564 282
1323 1666
1251 1971
1513 1298
1293 1235
1056 1167
1364 808
1340 473
1077 1893
1368 851
964 1321
1575 494
1101 1330
1423 1490
1434 51
1520 214
1286 50
970 186
1396 1984
1295 412
973 754
1301 181
1369 404
1080 1521
1089 411
994 612
1092 835
1113 1554
1404 935
1582 814
1106 535
1312 943
1591 1048
1321 405
1373 608
1354 1198
1121 1027
1328 102
1338 1147
1150 586
1157 183
1535 1517
1342 394
996 1656
1405 1974
1000 1842
1607 405
1447 175
1469 1321
1298 1796
1109 1893
1475 1115
1374 1802
1544 1620
1345 1973
1611 1849
1110 9
1408 1692
1620 346
1622 1090
1418 1739
1001 1925
1491 1320
1360 857
1636 1250
1417 548
1370 1549
1115 86
1500 881
1420 1178
1006 331
1165 1834
1131 1057
1166 1362
1015 747
1651 906
1511 1397
1563 1738
1514 478
1517 1727
1018 667
1436 965
1140 1354
1526 92
1419 496
1349 131
1375 1815
1439 687
1024 1186
1154 53
1572 223
1302 1751
1161 1767
1583 882
1185 490
1314 456
1199 1143
1038 1229
1319 1184
1428 1148
1442 175
1177 1415
1202 672
1198 611
1208 58
1443 1330
1540 1728
1219 348
1584 1991
1656 1579
1330 211
1228 210
1573 1143
1657 951
1576 1694
1596 1731
1457 350
1450 557
1592 1696
1666 1942
1471 52
1371 405
1458 1821
1041 1284
1599 105
1476 815
1623 1055
1387 782
1050 765
1477 1453
1487 953
1051 670
1669 711
1214 1893
1229 91
1241 88
1372 1950
1496 1147
1343 772
1498 181
1052 1512
1516 509
1382 531
1384 576
1542 447
1217 1155
1225 78
1240 424
1385 728
1259 660
1678 1084
1634 1118
1600 1569
1503 615
1353 1127
1680 300
1612 1660
1053 1957
1267 1948
1399 323
1379 420
1617 1535
1524 869
1243 1928
1272 672
1401 521
1392 1605
1393 218
1402 689
1640 1219
1409 224
1274 731
1645 655
1548 346
1688 1826
1410 633
1416 1499
1539 1699
1411 44
1691 1517
1278 1976
1412 644
1280 451
1296 1223
1260 809
1654 223
1425 1560
1055 1898
1135 1451
1421 1984
1300 269
1268 346
1305 1603
1670 334
1671 1702
1413 313
1621 479
1694 1596
1681 377
1550 1159
1158 157
1541 1768
1415 1656
1164 1693
1271 96
1685 1129
1438 96
1545 1035
1441 346
1444 1164
1448 1959
1426 1276
1186 1684
1320 919
1693 1437
1429 308
1460 285
1327 85
1218 1159
1435 1192
1557 266
1706 600
1490 1909
1718 1469
1492 883
1430 967
1696 230
1432 1631
1451 914
1725 586
1567 1077
1459 844
1445 1063
1571 672
1499 1378
1308 1671
1334 1415
1449 1799
1238 1939
1502 1518
1310 563
1452 1286
1504 935
1726 815
1453 367
1507 1956
1454 1307
1649 931
1547 1631
1463 1834
1455 266
1704 367
1470 1657
1335 1957
1515 364
1663 1853
1549 55
1737 1532
1528 1976
1536 848
1249 662
1543 1382
1472 1416
1581 1494
1587 1643
1456 1596
1561 446
1468 548
1367 679
1313 264
1664 1914
1556 12
1376 881
1474 130
1739 1229
1380 1499
1309 1992
1318 971
1391 471
1348 1149
1570 1592
1673 1264
1478 607
1683 1772
1748 773
1479 976
1703 1267
1593 1203
1481 925
1377 544
1562 1159
1574 969
1577 1413
1431 479
1705 664
1598 827
1708 949
1398 1620
1400 1376
1749 595
1494 1728
1485 1362
1586 715
1590 617
1760 1017
1403 1512
1720 1882
1602 1049
1625 1598
1727 1168
1614 761
1486 48
1501 878
1464 900
1506 1201
1508 16
1510 550
1588 1834
1336 31
1505 1579
1627 539
1518 1469
1647 20
1709 498
1653 520
1731 1500
1522 1668
1523 1301
1662 1860
1529 476
1736 1674
1525 1378
1745 396
1638 1382
1512 483
1742 1804
1531 1174
1747 1596
1761 1107
1701 1561
1351 12
1646 101
1538 94
1674 886
1565 249
1601 1725
1710 81
1530 1905
1755 674
1716 166
1686 808
1751 1991
1537 22
1697 1063
1352 1965
1721 813
1585 862
1558 831
1724 747
1753 211
1762 817
1595 784
1769 1255
1763 1965
1616 1648
1764 1587
1768 1437
1422 36
1713 806
1779 1293
1356 981
1534 599
1608 1023
1610 1056
1358 651
1579 1437
1613 1888
1619 1789
1771 1710
1787 531
1597 1718
1569 1719
1728 359
1519 490
1624 69
1603 1715
1546 605
1604 84
1758 845
1554 672
1362 1821
1618 1003
1363 121
1790 624
1775 1707
1793 601
1630 1526
1609 1992
1808 925
1767 417
1631 531
1782 854
1783 660
1615 1413
1566 307
1778 1290
1632 372
1809 1597
1812 141
1637 137
1733 1413
1639 1262
1735 1320
1635 1425
1642 1436
1628 213
1770 129
1810 1763
1652 671
1811 598
1641 1631
1660 927
1814 1760
1854 1229
1568 1096
1655 1413
1659 1870
1383 391
1675 683
1682 815
1650 1568
1711 1382
1717 1789
1860 593
1867 495
1695 474
1802 447
1815 1985
1803 731
1870 886
1806 324
1719 1500
1773 1455
1668 428
1394 570
1821 1091
1785 611
1822 293
1665 1503
1734 550
1700 40
1676 444
1827 278
1831 1619
1837 1481
1752 1725
1580 517
1818 519
1672 821
1823 1084
1832 1543
1841 223
1838 1973
1792 1382
1794 1461
1786 103
1799 85
1873 637
1797 751
1798 1699
1876 334
1846 1413
1738 16
1679 951
1801 1324
1677 249
1594 981
1853 1579
1606 1633
1626 94
1826 1526
1871 1902
1707 868
1629 137
1835 607
1842 834
1750 927
1746 617
1804 249
1843 876
1414 1857
1817 32
1482 45
1875 1501
1765 722
1756 1119
1858 863
1829 1415
1863 112
1633 1687
1847 1044
1856 929
1559 949
1684 642
1836 876
1643 611
1857 1710
1907 420
1578 909
1859 600
1589 267
1839 590
1845 1369
1605 1267
1648 1965
1776 1091
1689 1821
1898 152
1658 1925
1883 918
1886 385
1852 131
1889 553
1864 1017
1644 1758
1661 849
1849 1287
1714 210
1840 248
1844 1219
1667 816
1885 892
1690 1293
1687 1091
1855 479
1894 483
1788 970
1904 1851
1910 1936
1698 1702
1692 600
1862 1028
1890 6
1702 103
1699 350
1865 511
1914 574
1877 607
1868 1700
1866 965
1722 196
1872 1332
1899 500
1729 907
1712 1808
1909 1721
1928 1316
1878 609
1880 1548
1789 70
1723 1089
1887 845
1791 76
1921 770
1879 819
1892 1493
1902 359
1940 711
1908 515
1795 1929
1772 1739
1805 818
1730 1605
1881 1829
1732 162
1781 1378
1882 797
1891 588
1912 1164
1897 422
1784 1464
1807 1710
1917 1796
1900 81
1924 542
1929 1304
1901 1928
1918 96
1740 53
1743 785
1915 689
1935 1148
1816 1702
1932 112
1947 1494
1820 414
1949 1626
1954 1003
1896 453
1828 1687
1926 1216
1963 1183
1741 1683
1893 249
1824 703
1956 266
1757 1955
1903 483
1957 1853
1922 1089
1933 1100
1905 1027
1744 1795
1759 166
1965 1168
1780 1835
1754 1143
1939 598
1913 1990
1919 416
1920 1808
1923 319
1916 1155
1930 1812
1925 211
1941 964
1942 152
1943 238
1927 1828
1766 972
1861 1545
1931 1394
1959 1499
1825 694
1975 870
1869 688
1979 1324
1934 1793
1944 770
1976 1758
1952 1389
1980 1264
1774 718
1895 1549
1830 1605
1971 227
1974 1348
1945 411
1936 1425
1977 177
1938 1123
1953 1399
1777 1672
1983 811
1937 1258
1948 266
1796 1107
1964 1617
1800 763
1950 1223
1967 331
1981 1659
1813 878
1819 404
1833 1989
1851 1054
1973 563
1874 953
1989 1721
1960 1496
1968 10
1955 1057
1999 1055
1958 1984
1951 196
1978 612
1961 1213
2000 1301
1993 939
1834 810
1962 868
1848 1400
1850 788
1906 915
1970 1603
1985 1714
1996 680
1995 1824
1911 759
1884 1738
1998 725
1888 845
1982 1851
1987 419
1946 1168
1988 1896
1969 1728
1990 1155
0 0
1994 672
1966 483
1972 1887
1997 1883
1991 1167
1986 1922
1984 967
1992 1834
