1916 2000
1696 4 1012 1290 1669 1708
4 2 1281 1517
375 4 442 1336 1786 1840
950 1 983
215 4 66 629 1287 1525
830 5 28 349 686 730 1777
527 7 193 352 769 790 1370 1722 1954
1097 6 226 549 1240 1630 1633 1823
463 2 904 1581
210 5 334 407 680 902 1796
381 4 1204 1665 1712 1939
1348 3 465 1385 1955
697 4 343 386 524 892
1109 5 52 645 675 1304 1527
810 3 583 591 1285
1052 4 514 760 1382 1699
1794 3 1094 1293 1979
98 7 574 777 968 1082 1409 1614 1687
1105 6 857 1172 1220 1594 1871 1990
1332 3 1256 1583 1843
1355 4 818 1185 1302 1505
1841 1 1512
1543 8 389 615 1015 1132 1488 1617 1738 1792
1533 4 297 998 1007 1523
1746 6 414 687 956 1248 1860 1937
234 5 313 350 1107 1305 1692
310 8 73 344 462 784 917 1014 1855 1999
755 3 1047 1372 1433
797 6 313 423 735 1430 1494 1979
1841 2 801 1136
1052 3 15 74 1633
692 2 999 1662
1168 4 818 1197 1239 1358
166 6 139 918 1287 1441 1466 1599
1869 4 578 637 1315 1981
1626 3 324 881 1664
562 8 13 196 577 838 912 922 1364 1543
1372 1 129
400 5 623 843 1134 1322 1487
859 2 545 1191
772 3 657 1441 1710
102 4 63 953 1804 1832
172 4 258 872 1446 1949
1355 6 124 480 920 1019 1584 1640
273 7 160 183 682 937 1158 1431 1703
1745 6 415 443 1445 1589 1712 1725
779 9 123 189 258 1471 1623 1685 1818 1932 1934
601 4 48 393 602 683
143 2 1118 1255
1094 6 234 252 287 460 1048 1661
1892 7 10 250 280 343 476 854 1186
820 10 14 204 227 349 572 742 755 758 861 1594
1730 5 237 298 442 659 1767
179 4 709 1292 1328 1687
1605 3 133 141 653
1048 3 72 1050 1634
395 2 1001 1990
1721 3 813 951 1118
1286 3 274 579 812
1064 4 358 668 779 1369
810 4 1003 1851 1876 1894
1892 7 250 805 842 854 1375 1808 1833
1246 3 29 63 1145
1905 3 721 1707 1858
176 10 0 197 570 1439 1557 1583 1610 1827 1941 1956
668 6 6 289 475 548 1343 1499
72 5 342 448 1097 1499 1629
556 2 1511 1601
830 5 442 496 744 873 1320
1646 5 346 398 1180 1302 1585
1381 6 214 623 674 929 1239 1591
862 3 66 1388 1487
1913 4 448 1831 1840 1883
512 4 377 1743 1782 1881
79 6 456 582 949 1540 1542 1552
150 5 380 994 1735 1756 1875
1405 6 318 414 495 596 898 1091
1389 7 7 186 359 509 778 1120 1847
1743 6 503 959 1149 1220 1363 1851
460 4 451 526 1521 1630
1022 9 83 168 186 352 563 812 991 1103 1579
1171 5 589 953 1089 1469 1701
1842 6 177 400 526 575 1587 1781
487 5 73 262 391 745 853
1743 4 116 141 618 1015
1140 6 741 743 1113 1261 1331 1691
1739 3 128 760 1873
754 6 240 992 1037 1136 1292 1539
668 5 384 513 1295 1752 1836
1868 5 335 561 562 780 884
631 5 155 835 981 1522 1704
1747 5 80 165 826 902 1587
879 3 733 791 799
1343 5 502 859 1218 1220 1378
1238 3 90 702 1232
1231 3 1403 1473 1514
1307 2 472 487
301 7 22 618 779 1071 1452 1621 1763
1795 4 567 789 1465 1864
904 4 609 1072 1615 1826
1027 3 105 245 633
817 3 243 902 1923
1367 4 224 454 627 1822
987 8 94 240 306 382 645 951 1013 1401
532 5 237 284 312 1454 1620
143 4 106 663 1175 1837
1308 11 78 643 812 813 821 1317 1368 1484 1590 1704 1974
928 4 262 609 1145 1289
475 5 251 965 1278 1528 1631
443 2 1923 1994
30 4 19 202 248 1362
592 9 708 771 1019 1048 1089 1094 1343 1356 1569
344 2 1160 1548
1057 4 135 480 805 1589
1573 3 302 465 1341
1272 4 287 990 1892 1907
1310 6 308 610 1136 1230 1659 1904
1506 1 335
1237 4 1085 1278 1426 1836
165 7 508 550 741 1119 1744 1763 1998
821 3 854 1433 1990
596 3 37 1239 1451
359 4 387 815 1343 1722
272 4 400 868 1448 1871
821 3 44 966 1537
1024 5 32 1081 1306 1317 1772
112 3 878 1260 1461
370 5 343 365 518 979 1248
870 2 189 916
1176 5 260 270 811 1620 1628
1290 4 879 1042 1141 1288
1276 4 270 273 873 936
1310 5 485 511 944 1432 1863
1008 3 947 1177 1557
1506 5 226 681 1471 1667 1980
1321 3 177 1491 1932
1481 4 179 1064 1134 1350
1048 3 842 1441 1779
383 3 101 1445 1663
35 3 837 1395 1402
947 6 705 880 998 1372 1849 1962
1198 4 15 571 1614 1717
1721 9 26 808 1014 1142 1319 1322 1645 1904 1989
125 6 251 378 764 1304 1391 1438
1402 4 209 740 1411 1863
657 3 1270 1682 1748
1057 7 50 64 378 1347 1444 1590 1629
1380 6 117 260 303 726 750 1837
689 2 956 1270
55 3 284 988 1591
831 8 123 401 511 521 747 750 1199 1563
1366 4 415 473 851 1392
208 6 466 859 954 1296 1369 1810
1696 6 183 188 335 455 490 1114
321 8 43 460 527 562 1005 1315 1364 1474
946 9 740 773 978 1054 1086 1440 1582 1766 1861
1860 2 120 216
1350 5 1069 1220 1317 1330 1608
1186 3 476 1296 1786
2 4 12 91 142 1730
711 3 578 1128 1322
350 5 603 820 864 1766 1939
1522 4 519 565 590 1318
1186 4 90 577 1311 1904
94 5 507 524 707 783 1560
1573 4 371 927 1122 1459
559 3 986 1106 1728
90 5 147 207 675 892 1530
742 4 1235 1314 1742 1925
428 4 116 1106 1649 1683
689 3 225 616 1697
789 4 318 1074 1416 1629
51 5 219 783 884 1917 1946
1867 6 212 309 630 664 1541 1848
1276 5 48 192 618 1293 1854
716 4 158 452 453 1668
1306 5 145 915 926 1406 1706
1690 6 122 298 512 588 1597 1843
310 6 363 401 525 547 752 1867
16 2 432 746
348 4 1147 1178 1255 1605
1631 3 456 1073 1975
811 5 772 847 1179 1199 1870
10 4 344 753 932 1645
621 2 1479 1598
468 7 182 873 1156 1516 1633 1812 1976
987 5 174 940 1028 1349 1622
1413 4 65 511 765 981
328 7 296 727 876 1134 1198 1266 1334
174 10 80 228 521 598 920 974 1139 1316 1378 1826
774 2 902 1336
842 8 270 448 1283 1497 1608 1791 1798 1994
841 5 618 679 881 1765 1943
1799 1 1203
1901 6 16 346 526 912 1344 1547
1739 4 1503 1722 1922 1966
1739 4 845 888 1419 1962
1284 5 801 1076 1281 1400 1981
640 2 1020 1241
581 2 836 840
749 7 103 353 715 907 999 1375 1990
104 4 732 841 970 1137
295 6 263 312 339 1207 1426 1975
904 6 205 239 572 1029 1055 1841
406 5 50 416 755 1559 1959
363 5 430 704 1335 1560 1860
1915 5 554 618 1046 1385 1818
727 3 330 1329 1381
1091 3 61 498 1971
241 7 27 182 685 730 732 795 1003
1053 3 959 1894 1953
1600 1 763
1748 7 12 222 306 348 444 1590 1994
1634 5 765 1103 1147 1236 1748
1355 5 133 821 1194 1852 1951
1469 5 15 92 498 1338 1860
576 2 368 1436
451 3 606 1183 1240
261 1 1606
1244 3 141 961 1969
379 4 48 1479 1551 1701
1367 5 241 954 965 1279 1522
689 4 286 1003 1921 1965
463 7 125 1058 1424 1503 1627 1735 1749
519 2 767 1391
896 2 1050 1236
1808 5 123 536 1053 1453 1672
1262 8 117 163 247 591 623 663 1513 1906
1343 5 424 1183 1328 1875 1897
650 3 256 280 1706
72 8 402 417 515 613 655 921 1070 1381
1437 4 459 474 1088 1596
1079 7 306 646 1335 1481 1557 1564 1636
362 12 20 49 162 177 213 425 495 858 1183 1325 1364 1689
696 4 78 565 713 1634
1902 5 89 335 410 482 1441
1909 7 259 746 1349 1367 1639 1748 1797
863 2 169 636
1729 4 696 1104 1640 1933
740 8 14 94 1234 1253 1295 1776 1822 1990
1588 3 846 1060 1974
559 5 351 1214 1267 1317 1388
745 5 249 402 913 1046 1596
1366 6 162 440 594 606 738 1241
646 7 184 665 889 1270 1363 1527 1803
1061 5 1044 1145 1633 1827 1897
1254 6 46 222 712 843 1458 1958
833 4 85 711 1342 1556
924 3 596 895 1261
1914 3 542 1280 1555
1682 2 627 1077
1210 4 223 744 1578 1769
61 5 38 163 1131 1435 1747
139 2 17 1697
1366 9 71 155 780 915 1475 1677 1756 1866 1898
1321 8 636 791 823 838 912 1009 1212 1865
699 7 224 318 486 699 811 1349 1748
327 9 38 207 435 523 1109 1116 1628 1696 1702
1879 3 487 844 1583
279 8 675 777 838 884 888 1219 1426 1627
1514 1 683
330 5 342 478 733 745 986
1826 4 348 959 1019 1219
671 5 481 1150 1555 1641 1853
1527 4 105 127 740 1291
1627 4 997 1332 1546 1986
1367 4 25 1668 1769 1948
1131 8 68 163 570 596 723 739 1324 1733
450 7 213 579 961 1300 1448 1585 1914
647 5 254 718 1141 1647 1958
1372 7 434 628 657 1130 1377 1629 1792
147 4 300 1029 1192 1653
569 2 720 1635
1750 3 1149 1197 1619
1801 8 235 568 640 807 951 1353 1362 1528
1231 2 335 1893
551 2 751 804
147 3 813 1397 1625
451 3 122 762 1502
1422 5 131 513 1387 1517 1888
32 3 80 1465 1778
628 7 39 133 410 887 1350 1597 1654
809 1 1515
837 6 340 610 1344 1467 1577 1627
1395 3 191 1017 1620
1798 5 1059 1138 1367 1546 1899
1739 6 119 540 796 1088 1368 1893
335 4 36 545 1489 1921
755 1 1451
601 5 556 622 1042 1426 1569
1688 3 333 341 404
933 3 511 1295 1883
1879 3 236 651 1832
459 7 313 472 791 931 986 1020 1989
72 4 1393 1595 1839 1908
1117 8 195 724 835 883 1470 1616 1846 1855
411 3 1008 1209 1327
1761 4 777 923 1006 1093
1420 6 61 324 880 1447 1580 1622
1710 3 328 796 1481
1405 7 47 200 844 1086 1088 1919 1980
94 6 381 590 981 1505 1935 1991
846 5 13 353 450 1070 1918
1278 3 349 506 1181
581 3 79 626 1819
1619 2 181 571
1119 4 682 834 868 1187
556 5 154 199 1023 1817 1851
167 7 393 726 729 735 747 1115 1663
1402 6 8 320 425 686 705 1351
617 3 997 1418 1948
1695 3 113 266 372
439 3 233 463 1356
1520 3 457 809 1037
214 4 606 996 1265 1693
9 8 16 407 414 1112 1171 1200 1279 1584
1793 5 250 820 1062 1634 1765
772 5 257 311 422 794 1955
1053 5 916 1165 1193 1306 1450
465 3 803 1173 1426
1227 3 474 935 1194
765 3 222 810 1294
1256 3 163 366 1300
3 5 137 278 892 1587 1593
1710 5 120 217 665 808 1567
1003 8 215 696 829 862 1024 1292 1761 1865
1196 4 16 425 520 1675
1343 5 41 472 1127 1157 1943
776 2 1245 1322
532 7 121 261 374 531 907 1058 1771
1002 3 889 1028 1598
1391 5 493 865 1101 1114 1731
485 6 412 751 1134 1372 1402 1581
1527 5 6 869 916 929 1280
1289 3 625 815 1786
353 5 819 977 1716 1775 1799
455 4 631 703 1276 1839
1457 6 627 812 1526 1735 1957 1993
215 6 811 1193 1466 1586 1884 1888
1573 5 628 1105 1411 1885 1958
545 9 128 244 270 454 720 1001 1192 1368 1816
302 5 820 981 1170 1382 1908
113 4 102 658 760 1945
374 5 792 943 1050 1659 1726
1102 9 526 563 849 863 890 1021 1699 1919 1991
971 5 194 554 700 1641 1929
1495 5 212 326 1252 1772 1808
1478 7 56 285 354 1267 1621 1777 1877
1638 5 403 790 899 1487 1741
55 4 148 660 1308 1708
1232 2 42 735
52 3 456 1319 1737
703 6 197 691 833 1068 1071 1142
403 2 292 1967
381 5 126 147 412 583 1025
1379 5 798 1515 1727 1834 1969
390 2 630 1121
1879 3 166 360 986
442 4 336 933 1292 1479
723 3 170 304 1763
554 5 217 397 716 1075 1407
1007 5 224 349 496 508 1587
1038 2 946 1591
201 3 953 1212 1479
559 4 1121 1199 1736 1869
1355 8 405 786 917 1441 1543 1577 1674 1885
363 5 465 626 1300 1511 1632
317 5 470 529 540 1326 1855
1137 4 131 805 1179 1848
1537 4 1049 1337 1477 1511
1908 7 150 594 806 833 1629 1645 1910
1336 7 237 647 1192 1382 1493 1501 1849
1620 5 342 936 1144 1193 1876
463 4 99 384 1298 1610
1405 2 727 1034
1472 6 246 467 709 762 1017 1588
924 4 33 271 350 782
1227 7 16 352 1284 1531 1583 1891 1928
1290 5 338 467 919 1342 1667
547 2 1040 1138
287 4 305 983 1255 1865
1155 6 109 131 255 818 1333 1944
690 5 53 439 908 1322 1512
1865 5 319 710 1189 1515 1561
186 2 479 803
831 12 303 720 774 854 1051 1260 1386 1460 1506 1823 1850 1857
272 3 135 346 978
1209 3 1164 1890 1947
86 6 36 716 1002 1160 1265 1357
843 5 61 944 1064 1299 1615
415 3 470 550 1423
559 4 875 1380 1392 1881
1589 5 656 696 1252 1432 1434
1023 3 41 834 1343
325 11 9 811 836 904 956 1019 1062 1202 1455 1501 1987
235 4 684 870 1046 1323
422 1 1456
638 3 266 326 1883
370 4 621 1264 1481 1572
1419 5 787 825 1024 1446 1635
1588 9 4 88 89 261 338 633 806 1054 1351
812 4 7 185 562 1101
621 4 96 446 1060 1470
211 1 254
143 6 283 443 674 980 1185 1260
1268 5 501 618 1130 1200 1496
1522 9 58 133 384 710 809 968 1006 1241 1554
1047 3 290 342 1938
1610 2 125 1242
1731 2 641 1917
855 8 186 244 350 617 1062 1522 1830 1915
1243 3 665 673 748
1378 2 199 274
690 7 490 720 1021 1168 1253 1484 1659
1514 6 953 1174 1252 1325 1369 1951
533 4 236 652 1247 1398
1915 5 400 655 1349 1823 1929
1250 1 72
1806 5 257 386 743 1278 1552
1879 5 284 678 1741 1781 1835
1152 5 288 390 924 954 1570
482 3 410 927 1427
721 5 740 1012 1017 1121 1162
1841 3 1384 1631 1949
1554 3 764 1331 1395
1728 5 179 717 924 1067 1992
216 4 89 458 1207 1854
1497 6 769 878 1060 1143 1318 1346
929 2 854 1161
934 1 1716
632 6 157 214 339 710 882 1347
40 3 5 1240 1933
950 11 53 76 159 260 909 1099 1547 1629 1639 1663 1795
1639 4 187 319 1263 1905
886 7 415 465 575 758 1493 1556 1976
87 7 341 383 711 872 1017 1190 1391
725 3 65 532 1678
305 5 33 167 750 1258 1774
139 3 32 1139 1610
650 7 54 92 389 441 953 1371 1497
1639 9 52 679 953 967 984 1015 1383 1695 1733
106 7 56 98 229 1034 1417 1484 1552
214 7 49 82 106 688 1035 1557 1978
1130 5 37 667 1073 1491 1836
31 5 263 374 1049 1579 1914
1454 5 29 152 417 1167 1328
755 7 35 346 517 707 1084 1372 1748
1899 7 209 865 991 1388 1454 1573 1820
374 6 126 212 994 1504 1747 1834
1012 3 974 1134 1505
1632 9 214 466 623 836 869 885 1075 1128 1690
274 4 350 406 490 1978
1601 8 178 221 261 599 1126 1148 1891 1944
1262 1 894
632 4 79 1435 1488 1882
1609 7 52 91 134 573 736 1292 1511
1307 5 2 667 818 1166 1818
779 7 148 366 561 1192 1240 1255 1307
555 6 41 123 192 471 562 1529
826 2 339 823
170 3 38 756 1360
310 7 408 478 543 957 1414 1673 1711
1634 7 272 461 492 617 641 1566 1649
1277 4 59 465 510 571
1468 5 515 955 1074 1369 1383
261 6 99 450 1201 1208 1417 1579
1674 3 632 875 1304
451 6 170 454 875 1046 1329 1754
1799 3 168 1404 1608
137 5 211 238 281 324 1718
1891 7 242 392 779 1156 1374 1678 1695
1259 7 262 277 433 530 554 644 864
1842 3 56 138 1723
1593 6 12 131 286 832 1493 1991
324 6 56 271 872 901 1205 1230
1169 3 661 982 1145
642 5 292 599 928 1662 1762
30 3 590 752 1526
403 5 83 225 734 902 1412
503 5 85 250 308 1594 1653
64 3 97 428 1397
1844 4 558 891 1237 1581
692 5 347 762 1501 1543 1963
249 5 162 466 1011 1780 1790
1879 2 380 1046
1067 4 492 1412 1433 1702
671 6 286 684 1172 1455 1642 1781
1529 4 27 403 1484 1749
211 6 434 614 1031 1062 1214 1784
986 5 156 571 591 648 1777
1825 8 9 457 514 636 822 892 965 1319
150 7 438 656 908 1262 1619 1639 1669
1709 2 1244 1479
746 3 661 1363 1993
1869 3 97 782 1733
941 9 21 130 473 494 682 814 897 1482 1629
310 4 665 1150 1631 1654
1474 6 238 330 429 594 1734 1865
1044 6 699 708 1385 1557 1618 1888
1458 4 357 420 1064 1305
1643 2 1554 1958
1811 4 744 1341 1557 1930
1696 2 816 1916
719 4 205 973 1135 1903
925 7 81 162 211 1012 1350 1387 1546
468 2 439 564
752 3 120 374 658
346 6 456 808 961 1140 1463 1690
1832 2 389 1814
608 6 383 936 1166 1386 1657 1790
133 3 0 342 1837
451 5 67 375 681 817 1640
1475 4 292 423 1274 1608
177 3 313 323 1144
687 5 1151 1609 1647 1687 1807
1621 5 268 534 1111 1571 1925
1581 10 91 188 197 253 649 730 1222 1525 1778 1946
105 3 936 1523 1639
670 4 127 172 1448 1530
143 6 526 868 1195 1341 1579 1705
449 3 502 1411 1679
563 6 103 203 323 865 1087 1690
1656 5 214 530 917 1217 1228
1141 7 47 133 901 1054 1387 1969 1997
1343 5 648 1010 1193 1657 1695
1605 4 12 534 747 864
1222 5 505 1498 1784 1803 1867
1725 5 51 747 889 1327 1448
1445 2 603 1364
1369 2 545 743
1364 6 519 629 691 722 736 1442
434 3 599 647 1472
47 1 1561
959 6 494 1365 1367 1429 1549 1884
47 3 1282 1513 1931
301 8 238 630 889 991 1296 1591 1685 1729
438 4 361 1058 1712 1770
385 8 454 511 648 1028 1140 1170 1205 1883
924 3 301 1306 1387
1738 4 102 599 1050 1950
1614 7 282 313 678 837 1108 1246 1725
1276 1 364
906 6 124 151 903 1074 1646 1938
707 4 333 349 1625 1635
49 3 685 742 1740
714 5 1119 1397 1531 1560 1589
906 9 142 421 425 748 1107 1115 1575 1710 1886
624 7 463 476 532 629 906 1243 1793
1486 2 410 1044
1784 5 392 1485 1790 1805 1950
599 6 71 260 378 1002 1344 1518
1798 2 1202 1892
1746 6 62 1119 1180 1208 1280 1300
896 6 26 88 630 704 1037 1754
1284 9 252 383 1303 1404 1448 1560 1741 1800 1934
1053 10 360 379 491 504 750 892 1431 1542 1614 1700
636 4 127 932 1176 1452
1844 6 9 124 266 1300 1383 1477
1844 4 316 1266 1315 1532
1432 8 50 699 1064 1111 1178 1474 1758 1803
549 4 66 475 874 1854
408 13 59 199 316 427 453 546 1098 1215 1522 1694 1726 1937 1993
1912 6 54 678 927 1089 1212 1567
1434 6 574 1167 1180 1312 1505 1680
1591 3 19 94 443
961 6 104 629 1162 1430 1566 1674
1284 3 664 1322 1868
774 2 1241 1324
1549 6 2 1103 1194 1678 1940 1991
1607 2 844 1779
1503 5 933 1450 1506 1791 1832
1636 4 811 1014 1132 1418
1222 5 155 188 377 948 1231
1096 3 394 679 1578
125 4 726 1540 1779 1914
1574 6 64 273 800 1193 1523 1877
96 5 83 957 1210 1342 1358
1841 2 444 1429
420 3 544 1498 1632
120 4 438 1183 1394 1463
555 3 814 1875 1932
308 2 921 1363
626 2 224 478
335 8 65 206 466 690 1069 1193 1250 1744
800 6 17 331 867 910 1541 1777
259 5 44 134 1132 1173 1876
934 3 321 1070 1531
1592 5 315 563 984 1138 1276
245 7 160 305 543 560 823 1067 1136
1824 4 755 992 1019 1146
950 5 395 804 1036 1389 1682
244 4 477 580 735 1862
613 1 115
580 10 178 297 681 954 972 1164 1166 1360 1384 1864
1010 7 406 421 457 815 1289 1311 1452
1152 4 185 490 1039 1757
90 2 156 704
1122 5 339 628 760 1118 1554
860 7 35 165 239 656 884 1360 1979
1387 7 11 204 598 1400 1417 1492 1875
304 6 157 970 1100 1169 1252 1472
96 5 57 744 901 990 1000
1500 5 904 1121 1441 1551 1785
191 3 775 1530 1990
612 6 89 837 1149 1276 1352 1601
872 3 279 1538 1598
199 4 434 1325 1522 1978
259 3 1343 1389 1450
904 8 205 210 429 547 617 967 1219 1372
1432 6 764 912 1042 1211 1415 1898
140 5 33 663 789 973 1424
1696 2 47 1996
125 6 493 673 792 1090 1544 1929
205 4 365 899 919 1931
152 2 840 997
1153 7 186 213 413 694 1115 1155 1374
339 2 1031 1562
368 9 352 574 685 1144 1508 1596 1607 1655 1863
1913 3 17 957 1853
1262 7 27 306 592 767 929 1263 1362
1241 4 811 1157 1201 1325
133 2 802 1221
1306 4 149 1294 1330 1425
524 4 14 17 766 1607
744 4 184 246 289 908
1079 8 50 235 274 512 835 895 1825 1834
601 3 194 1269 1674
201 6 5 466 1255 1571 1829 1844
755 5 225 438 635 1438 1579
1102 3 365 669 1314
956 8 116 321 442 505 678 1247 1439 1723
1572 3 68 141 651
779 4 373 663 708 1044
214 3 1177 1444 1802
1341 4 477 755 875 1999
1308 7 245 301 1107 1116 1125 1514 1589
1721 2 117 1224
447 7 64 387 490 1122 1337 1658 1687
1791 3 559 853 1116
798 5 299 378 1021 1030 1159
1061 4 113 1145 1429 1720
868 9 938 984 1079 1252 1272 1298 1476 1527 1805
224 4 620 635 1710 1973
348 4 46 1357 1424 1843
971 3 558 810 1261
165 3 178 757 1954
1811 4 274 667 863 1594
596 4 9 327 1047 1389
1712 3 214 1632 1679
414 6 31 573 817 995 1147 1539
1798 3 643 1099 1382
687 6 1 806 979 1074 1298 1470
1637 2 1584 1597
1387 9 36 68 108 198 749 758 1527 1722 1985
1263 6 1099 1300 1332 1490 1545 1600
1115 5 314 605 1482 1724 1928
1366 3 698 794 1270
1490 6 143 655 1232 1563 1786 1787
165 6 66 556 1111 1565 1899 1945
1634 4 989 1099 1231 1793
1063 2 340 1532
887 5 6 120 659 1418 1887
1898 4 1364 1399 1734 1980
95 6 299 385 812 879 1232 1371
1113 3 71 391 757
1290 4 408 431 614 1008
411 6 209 400 539 612 1070 1758
1537 9 8 195 452 466 792 1435 1490 1816 1829
659 6 472 589 659 746 901 1100
557 5 95 733 1248 1268 1492
290 4 877 1670 1810 1904
553 3 468 1047 1191
1126 3 103 629 1022
834 4 193 1277 1364 1652
1432 7 294 536 614 825 1546 1719 1844
1324 4 509 833 956 1832
699 2 311 1650
1230 4 933 1029 1569 1940
1421 4 957 1300 1346 1869
726 5 43 78 419 1020 1448
327 5 250 397 822 991 1175
211 3 1776 1796 1819
332 4 184 560 949 1511
1846 4 163 1005 1146 1872
1370 4 41 149 1269 1472
256 5 744 866 1610 1851 1935
769 6 678 1252 1762 1810 1920 1973
1444 4 434 667 1263 1620
1022 4 1093 1378 1396 1459
1172 6 221 901 1125 1367 1678 1844
826 5 535 597 1163 1504 1755
1022 4 147 869 1038 1714
1091 4 732 883 1508 1669
182 4 1187 1409 1491 1797
94 7 289 392 490 821 824 1424 1918
1308 9 541 710 847 1215 1257 1292 1313 1745 1988
448 6 220 227 865 1202 1535 1843
1298 5 997 1135 1473 1583 1877
76 7 76 448 548 577 1478 1594 1810
168 4 267 433 792 1967
1783 6 192 502 624 864 1244 1469
1369 3 256 454 1015
1503 3 1102 1255 1917
1003 5 245 828 1087 1761 1837
830 4 81 306 895 1280
205 4 116 648 1675 1894
1310 3 294 1238 1245
1520 5 40 51 125 899 1736
577 2 1028 1214
1810 9 96 632 1011 1021 1190 1772 1873 1904 1946
1354 7 27 163 847 1140 1356 1837 1910
1344 7 48 67 986 1025 1166 1643 1655
186 5 196 1077 1421 1499 1819
646 4 449 490 1357 1932
301 4 641 752 851 907
179 4 576 618 1183 1873
366 7 591 699 737 1365 1982 1983 1996
10 9 306 410 757 968 1215 1503 1745 1798 1906
669 2 1126 1994
167 7 455 496 904 1117 1235 1508 1924
731 5 92 246 708 926 1269
796 2 607 1875
1209 5 815 1100 1490 1610 1714
723 3 729 1346 1847
1640 4 446 652 1683 1869
527 4 327 902 944 1055
1002 7 515 732 1654 1728 1791 1839 1895
1052 5 106 417 953 1250 1639
1775 3 404 1659 1801
1848 3 262 800 1868
304 5 62 262 1356 1568 1610
1743 4 263 830 875 1741
636 6 24 412 587 635 1867 1924
404 2 223 376
976 5 393 608 706 987 1838
1602 2 799 1535
1852 9 164 844 877 1093 1379 1446 1457 1723 1857
772 2 686 1612
1739 3 35 1595 1897
1540 3 381 731 1827
1652 6 194 684 1347 1858 1899 1943
1506 2 617 821
1303 2 378 427
177 4 572 722 1045 1778
559 6 248 307 704 743 1380 1517
728 7 20 260 443 485 649 1687 1920
375 3 516 1466 1708
298 8 70 566 605 746 860 1056 1798 1822
1341 5 319 642 1202 1645 1887
1153 6 805 1148 1182 1196 1530 1718
1601 5 339 815 1383 1384 1565
1602 2 1211 1326
374 8 531 755 892 1023 1146 1323 1851 1929
746 3 646 1660 1981
1634 6 109 576 676 832 992 1254
1318 6 237 448 1188 1281 1443 1715
1620 7 266 286 381 620 935 1267 1552
764 7 126 165 376 691 1394 1461 1740
959 5 344 892 1310 1470 1773
1355 3 753 800 1787
1881 2 649 1303
1652 6 83 368 434 568 644 1629
222 4 293 394 497 1551
450 6 607 851 950 1417 1867 1943
51 5 296 696 965 1663 1836
640 4 478 1069 1367 1487
739 3 81 1117 1990
651 4 188 725 1093 1306
1655 4 712 747 1465 1540
1469 3 62 441 1927
145 5 719 1408 1430 1619 1976
388 7 333 815 998 1153 1478 1845 1896
1567 1 1723
463 3 273 594 1744
1295 7 312 355 578 1240 1536 1769 1833
234 6 253 255 729 989 1031 1784
1469 5 476 879 1022 1043 1146
955 5 710 906 966 1814 1834
1262 4 123 432 949 1068
1527 2 499 1953
447 4 1770 1812 1924 1943
1242 4 9 179 447 648
576 4 508 1178 1449 1677
1601 2 1502 1992
971 6 272 675 1252 1333 1454 1923
1069 3 417 675 1569
434 6 173 178 398 854 1250 1615
1085 4 145 958 1147 1994
1348 5 703 1077 1630 1732 1932
1328 5 81 292 470 1152 1993
1802 3 19 354 1824
642 3 303 994 1666
931 5 288 944 1238 1371 1487
1336 3 1418 1551 1842
774 4 173 327 1297 1453
1537 6 16 87 203 623 868 1288
468 6 416 479 494 875 986 1195
1902 4 368 450 1802 1849
1347 4 90 476 1354 1909
816 6 341 540 919 936 1004 1652
971 5 380 387 801 1293 1314
1793 4 553 646 899 1825
1601 3 442 1370 1785
1621 3 67 219 1901
1334 4 94 118 1174 1410
519 3 35 827 1702
945 2 791 1478
1238 3 699 711 1549
52 8 163 498 651 849 1032 1039 1430 1731
81 3 662 750 1056
475 4 567 676 693 1718
179 3 447 1058 1281
231 3 223 791 1603
1611 6 39 60 234 385 480 827
1844 4 370 672 795 1343
1308 7 105 262 431 499 664 1020 1921
1041 4 233 866 959 1202
321 4 516 1589 1634 1792
1880 3 270 667 1423
1872 3 660 864 1983
1743 6 99 861 1017 1105 1402 1628
821 5 259 890 1297 1638 1737
624 8 187 431 515 926 1006 1264 1305 1782
734 8 27 219 786 966 1218 1484 1863 1899
1172 5 596 619 1403 1930 1978
927 2 453 1719
689 3 1222 1228 1392
133 5 292 445 688 1338 1446
301 6 333 1151 1202 1226 1435 1975
1030 3 244 346 1850
965 7 36 394 514 904 917 1180 1592
947 6 20 226 534 1184 1199 1682
559 3 72 250 1635
1023 5 296 1110 1144 1656 1663
538 4 643 809 870 1293
229 8 268 767 874 1013 1098 1381 1782 1787
973 7 141 285 726 787 1489 1752 1925
1202 2 906 1861
328 4 147 339 850 1607
1580 5 287 294 319 708 1867
970 2 340 1084
558 4 88 582 1500 1800
110 3 344 656 1666
1686 5 457 999 1026 1303 1494
1793 7 14 92 811 1016 1205 1227 1454
1097 8 356 386 766 768 1220 1453 1517 1699
150 2 1020 1175
1658 6 93 363 468 547 1023 1557
1340 6 279 514 1169 1432 1433 1970
1284 2 974 1160
1587 8 25 69 494 1210 1217 1611 1619 1790
1870 5 41 1153 1270 1584 1729
1534 7 87 115 181 320 382 566 1804
940 8 110 336 652 765 833 1103 1256 1882
229 8 91 533 825 973 1252 1763 1900 1905
161 3 653 738 1480
980 2 1242 1365
296 5 112 879 1354 1612 1976
1108 5 92 519 1408 1647 1803
414 6 404 459 1063 1184 1217 1481
1503 4 432 466 857 1419
241 6 154 441 1118 1201 1268 1461
1092 5 251 634 699 1219 1619
1649 8 142 270 594 687 1054 1680 1776 1870
1318 4 39 1043 1459 1728
342 5 201 239 491 671 1422
987 7 54 275 347 954 1390 1457 1958
735 4 214 464 490 1423
1488 3 669 963 1690
27 3 264 588 1969
1180 6 563 1080 1133 1764 1850 1977
180 7 24 709 807 840 1068 1153 1520
349 3 162 1796 1968
660 2 1365 1894
157 5 36 844 897 1082 1614
1296 2 201 268
1137 2 45 1624
50 5 126 984 1288 1703 1794
290 5 32 351 570 1022 1409
432 4 946 1125 1418 1932
1461 5 52 951 1018 1208 1977
514 4 17 137 755 1762
1229 2 1489 1884
1868 3 302 1225 1525
104 3 141 1561 1590
527 6 242 475 724 846 1043 1578
859 3 1225 1809 1898
812 1 212
12 1 514
677 6 20 61 80 627 1488 1552
1510 6 716 761 970 1056 1078 1821
1557 4 19 1202 1809 1870
1152 4 23 322 1361 1752
1458 4 102 932 1185 1843
1003 4 48 613 1165 1959
388 4 684 818 879 1372
1792 7 724 759 792 1207 1531 1584 1635
1593 5 417 873 1049 1094 1363
580 3 715 1493 1696
54 6 200 465 552 589 675 1292
1688 4 1032 1073 1649 1962
362 3 633 1011 1939
1055 2 790 1730
739 4 509 1300 1457 1603
1657 1 578
392 5 554 930 1049 1448 1467
1284 5 704 897 993 1586 1752
214 2 197 843
1811 5 560 616 1109 1140 1689
1364 5 826 963 1027 1040 1975
869 1 696
1813 5 4 905 1584 1724 1858
143 5 161 253 689 1659 1772
48 5 1 233 634 752 1823
1869 5 282 485 1152 1435 1978
250 3 235 1569 1701
1731 6 461 861 1200 1520 1649 1849
555 5 330 396 621 1666 1799
852 4 420 1269 1492 1581
555 4 142 729 769 1794
16 3 595 837 1386
335 3 390 1561 1945
164 8 328 490 844 1359 1524 1676 1764 1921
1308 6 102 286 355 1359 1439 1742
350 8 92 137 184 190 1153 1276 1641 1957
488 7 149 424 497 581 680 1172 1931
1757 5 27 100 198 296 1751
760 4 0 689 1140 1436
1725 4 802 1477 1563 1934
898 9 104 325 484 778 852 1030 1560 1702 1968
1863 3 46 196 1490
599 6 121 145 264 351 551 759
335 3 211 555 1396
1588 5 278 509 618 1759 1832
47 3 797 860 1087
148 5 178 576 1535 1660 1797
167 2 1705 1949
840 6 602 1403 1550 1738 1844 1857
1029 4 74 477 1280 1318
317 4 239 433 1518 1537
1140 6 26 239 514 890 1213 1927
887 5 208 353 722 859 970
204 5 59 727 959 1462 1857
1712 4 792 795 959 1354
399 6 450 888 1446 1471 1525 1644
571 6 84 847 1552 1637 1928 1986
1634 3 717 912 1001
894 3 823 1004 1566
909 4 250 434 696 1456
1599 3 371 1041 1660
384 5 36 1239 1606 1759 1938
928 6 204 268 741 1049 1198 1264
1435 7 184 194 835 922 980 1518 1814
690 2 183 793
970 4 3 304 827 1762
728 6 607 973 1333 1376 1383 1421
902 3 64 186 392
558 4 564 1168 1614 1788
893 3 8 30 1751
1645 8 130 448 486 768 850 869 1461 1745
404 7 749 883 1148 1488 1705 1741 1979
443 6 116 461 531 790 978 1364
1186 6 2 29 533 725 1167 1922
1799 4 130 618 1094 1319
1821 7 7 1041 1276 1372 1500 1621 1907
1376 11 105 763 1021 1234 1239 1361 1510 1605 1611 1716 1772
54 6 190 273 1300 1368 1507 1919
646 3 36 72 1808
1124 5 80 488 1214 1273 1688
1813 5 378 856 1153 1960 1964
781 5 392 572 709 916 1852
1197 7 739 1351 1572 1576 1606 1777 1890
133 7 178 333 381 1297 1349 1486 1642
771 3 179 290 1704
1051 6 310 650 734 1198 1264 1900
1380 3 360 886 1551
771 3 309 906 1717
285 3 113 260 1126
575 2 518 921
558 2 1700 1802
1910 2 215 1295
552 6 59 217 1029 1469 1775 1946
656 5 24 62 119 1458 1811
512 4 1047 1089 1431 1745
1873 6 279 408 1182 1302 1494 1626
1205 5 87 113 222 991 1985
569 3 655 753 1799
1069 8 9 125 153 237 485 922 1608 1938
1108 3 952 1568 1842
904 7 79 81 415 536 875 986 1146
986 2 1186 1725
970 3 604 1552 1663
127 9 356 602 677 793 1144 1527 1634 1637 1800
210 4 46 309 1273 1457
862 5 383 480 634 1059 1530
1359 8 51 179 239 461 1262 1316 1549 1698
129 10 150 174 259 739 795 1040 1282 1692 1703 1721
1348 2 809 1962
1802 4 677 761 1174 1579
735 6 556 669 1072 1764 1876 1999
1585 3 1542 1649 1797
249 7 163 406 851 1655 1907 1935 1993
107 2 108 661
1457 2 1134 1143
1402 3 1258 1811 1840
1632 3 1052 1412 1484
1599 4 735 894 1859 1881
435 8 76 911 1168 1283 1311 1424 1619 1690
1652 7 120 691 810 1239 1286 1377 1772
1419 4 497 938 1602 1982
264 3 1482 1565 1902
558 4 573 764 1342 1520
849 6 111 578 1119 1414 1880 1909
1731 3 312 710 1725
1532 3 425 808 1174
121 5 667 1118 1230 1431 1949
1632 4 117 674 736 1942
1842 3 1448 1488 1888
819 4 42 597 1626 1748
1080 2 1048 1982
38 5 314 1002 1066 1622 1778
1343 4 106 154 432 562
1343 5 363 533 1556 1768 1966
1901 3 565 1088 1399
39 4 15 281 1455 1665
1757 5 76 346 676 939 1301
434 6 234 356 450 1711 1771 1863
1770 3 32 619 958
1549 6 457 577 749 775 785 1355
1237 4 115 1360 1471 1489
1176 4 482 628 811 1618
613 5 414 509 1169 1612 1671
17 4 695 710 906 1027
989 7 140 248 494 534 1041 1252 1267
55 6 54 230 309 506 855 1878
778 7 72 268 450 483 558 862 1373
795 6 157 259 391 580 928 1002
85 3 606 836 1284
559 8 357 805 828 1052 1231 1525 1908 1918
414 3 747 1136 1705
796 3 1526 1598 1730
807 7 102 594 596 723 812 1292 1401
1537 4 199 689 1418 1473
1622 5 174 189 277 627 960
1801 5 364 549 561 748 1827
1828 3 348 926 1420
836 4 188 708 927 1925
297 2 211 622
568 5 519 1086 1410 1432 1534
1798 7 589 597 890 928 1053 1900 1953
1872 3 608 819 1541
1343 6 140 245 287 1020 1877 1905
841 4 204 760 919 1533
733 3 1029 1835 1885
1402 9 5 54 79 933 1598 1666 1841 1870 1936
94 5 266 960 1531 1648 1778
120 2 269 909
375 3 491 845 1061
661 8 395 434 505 538 601 895 1090 1229
455 4 105 170 916 1511
363 8 170 347 364 565 1010 1394 1426 1904
1758 3 989 1493 1894
152 5 213 244 776 1071 1639
1217 5 890 1058 1092 1143 1865
1310 6 241 638 777 1546 1695 1902
519 6 953 1448 1526 1544 1725 1873
186 3 268 756 1691
741 4 441 824 1495 1574
143 3 169 668 1538
723 7 353 560 677 1222 1390 1720 1978
821 5 341 405 411 688 1969
482 5 93 336 1264 1914 1936
193 6 308 487 835 1069 1118 1362
994 7 135 238 387 867 1328 1330 1800
1152 2 278 1156
1254 1 550
913 6 339 493 993 1136 1418 1705
1391 3 91 660 987
87 6 186 191 198 702 1305 1371
1344 2 570 1234
740 4 1 889 1272 1396
826 4 110 133 158 1284
985 2 359 1528
1688 8 6 127 152 399 649 903 1504 1861
947 4 26 648 1456 1772
1451 3 227 679 1312
1027 8 201 341 410 737 1033 1300 1322 1870
933 6 369 538 1021 1081 1097 1719
1324 5 819 903 1244 1455 1787
852 3 460 705 1314
1634 2 570 1138
995 6 334 437 868 1092 1119 1402
1703 5 43 54 669 978 1286
955 5 6 142 741 1704 1710
1667 3 548 1922 1964
216 4 118 991 1112 1414
1003 6 256 447 1473 1701 1735 1824
1604 5 101 397 890 956 1338
886 5 220 405 1092 1135 1816
1907 3 592 1235 1681
636 5 170 380 458 514 1705
1485 5 326 1242 1271 1571 1791
1552 6 540 1030 1157 1244 1468 1656
724 12 22 322 1050 1266 1345 1379 1396 1539 1630 1719 1922 1943
947 7 368 1674 1712 1720 1784 1995 1996
965 2 138 1012
1276 6 18 338 766 1150 1653 1860
249 7 174 197 208 502 1022 1293 1745
1507 8 28 155 353 556 834 1251 1295 1657
732 6 659 1060 1339 1346 1355 1842
1195 3 494 1019 1539
1063 5 115 728 762 1484 1799
663 5 475 867 1031 1174 1849
1853 5 133 412 842 1131 1191
1784 4 446 660 734 1737
976 5 558 679 743 1011 1636
1209 6 64 327 660 764 1326 1610
741 3 329 1629 1817
1430 6 223 239 444 456 1330 1487
1197 6 714 725 835 855 961 1692
1400 4 92 800 1154 1859
515 7 283 601 692 938 1036 1381 1757
258 5 27 140 553 1201 1370
1420 4 1030 1518 1608 1792
1380 6 384 634 1405 1927 1951 1972
536 9 402 531 896 1173 1377 1400 1490 1803 1819
442 6 118 248 596 679 939 1367
942 3 165 341 1289
1167 4 817 1175 1255 1749
1055 2 124 494
148 3 45 989 1551
373 9 229 267 448 844 887 1189 1417 1584 1799
1258 2 478 608
1014 4 456 864 1330 1892
1430 4 326 338 1512 1707
399 3 307 1181 1562
1079 2 1548 1799
1336 6 285 673 862 1004 1063 1965
947 5 83 564 818 1624 1657
1761 4 136 492 1446 1945
559 7 790 1055 1177 1220 1463 1508 1805
1359 3 5 1428 1754
728 4 373 837 903 1781
96 5 539 1273 1413 1569 1924
1186 6 413 429 1074 1228 1308 1739
1325 3 79 849 1694
38 2 269 946
150 3 1102 1640 1666
682 6 262 269 768 1247 1360 1424
682 9 43 350 416 686 694 1174 1236 1302 1872
821 4 41 651 1749 1881
1827 6 235 431 441 631 1696 1809
671 6 116 375 811 1141 1175 1526
1678 3 1057 1441 1844
774 3 0 1137 1317
1468 2 1732 1794
436 5 237 829 980 1319 1632
353 8 163 385 469 502 878 1018 1105 1874
1731 3 525 1260 1534
1188 4 326 568 766 1836
417 2 202 1671
186 6 103 366 503 1381 1444 1739
1601 2 669 1009
689 5 463 1211 1693 1716 1879
1593 6 40 342 608 1054 1228 1371
802 5 688 1256 1443 1563 1661
1361 3 24 92 855
40 8 107 421 884 995 1019 1752 1757 1959
579 4 210 319 1054 1241
1602 2 523 579
755 4 966 1426 1614 1662
1602 7 323 531 664 868 872 1284 1977
850 4 628 1033 1819 1991
1130 3 755 918 1802
965 3 111 1764 1884
1591 3 1006 1102 1198
557 4 445 618 713 807
1171 3 302 519 660
559 8 391 1095 1332 1413 1668 1705 1719 1792
439 3 393 1783 1989
1105 7 15 568 973 1452 1533 1722 1934
1105 7 608 813 1071 1329 1539 1668 1716
301 8 593 646 1067 1444 1616 1747 1959 1976
1475 4 187 292 1042 1902
1227 5 90 225 449 453 1957
290 3 635 1533 1815
1099 4 454 458 682 1983
144 2 1113 1164
1739 7 150 797 860 1035 1080 1099 1211
1783 4 411 533 606 1123
397 3 609 902 1811
1007 3 372 1033 1221
48 4 189 950 1558 1805
1238 4 180 1153 1230 1532
1563 9 16 24 125 167 677 757 1335 1433 1980
964 7 23 770 858 1039 1358 1798 1921
816 4 451 500 1405 1654
818 3 829 968 1397
924 5 32 606 1043 1597 1997
48 4 783 879 1337 1989
508 7 292 342 769 812 1261 1396 1917
274 3 574 855 1292
1760 3 479 1696 1851
806 2 1085 1935
152 6 92 127 544 715 758 809
789 2 1 1721
240 6 557 573 814 1048 1173 1668
1478 6 674 951 1354 1383 1694 1863
414 4 1302 1384 1479 1929
777 7 6 397 944 952 1003 1006 1989
776 6 300 537 812 1238 1507 1749
1223 5 155 1482 1581 1692 1844
1612 6 361 369 545 552 611 1331
559 3 73 83 1526
1293 5 67 200 895 1285 1672
83 6 184 213 1243 1365 1759 1905
1819 4 266 619 894 1055
220 5 1100 1156 1170 1274 1529
1358 4 30 607 1058 1605
1602 6 381 1024 1230 1433 1781 1849
1594 7 201 346 756 953 1166 1450 1521
1860 6 610 1130 1155 1219 1564 1863
750 5 129 294 1037 1735 1797
172 2 861 1122
646 5 1535 1555 1796 1905 1983
224 5 25 408 544 603 1809
760 6 302 524 610 1515 1670 1976
506 6 448 505 1128 1601 1798 1836
695 7 42 541 675 739 965 1507 1786
321 5 316 587 806 862 1203
1757 7 471 644 679 709 964 1407 1717
204 3 291 1508 1895
442 3 579 707 1935
447 4 411 1011 1412 1897
1690 3 66 144 572
1406 4 1090 1212 1765 1820
707 1 1582
577 1 572
741 2 558 579
1757 3 103 900 1294
1580 4 673 759 852 1618
301 8 867 1085 1423 1476 1513 1588 1822 1978
690 2 1234 1243
118 7 299 548 1076 1247 1697 1803 1910
1652 7 136 199 307 389 462 652 1002
1622 2 974 1983
1343 7 811 954 1304 1311 1429 1926 1966
875 5 522 982 1015 1689 1804
696 4 70 681 693 1022
55 5 251 656 924 1019 1338
597 5 282 870 906 1339 1507
520 7 424 615 681 956 1117 1238 1818
612 7 256 621 828 900 1305 1521 1931
549 7 534 567 1142 1259 1488 1531 1713
898 6 11 202 254 731 1327 1949
1196 3 713 1029 1075
601 5 117 334 467 850 975
557 5 664 797 1180 1434 1963
214 7 123 1020 1147 1196 1489 1896 1983
1106 3 1315 1483 1636
579 2 841 1254
1511 6 404 746 868 1324 1559 1748
632 2 982 1558
1 5 624 1265 1560 1816 1949
171 7 244 308 662 952 1062 1284 1304
1206 4 1130 1570 1624 1631
1435 5 240 936 949 1664 1722
924 5 537 628 1399 1516 1720
398 3 1122 1385 1920
213 2 1655 1983
735 3 205 978 1648
1461 5 256 739 906 1078 1504
1209 6 59 288 570 766 1306 1511
1648 4 801 1256 1409 1981
1578 6 360 560 893 1038 1639 1756
971 4 169 1452 1463 1799
1367 6 1199 1223 1321 1945 1983 1991
1721 5 34 37 1693 1789 1881
1254 5 524 864 1247 1745 1894
56 5 138 1358 1497 1559 1624
1701 5 374 1419 1682 1812 1859
771 4 404 439 613 1205
60 8 115 536 898 1363 1422 1491 1628 1887
1405 6 236 645 982 1027 1034 1721
1905 5 107 531 628 736 1159
728 3 1215 1609 1943
599 3 461 1178 1769
85 3 747 1639 1659
1091 6 712 997 1172 1275 1536 1918
1047 6 771 957 1146 1372 1548 1765
1793 4 1064 1108 1233 1554
784 4 89 327 1441 1600
1101 3 202 528 1344
443 2 1455 1824
1483 4 449 1095 1418 1953
316 3 183 383 1988
1491 4 305 346 1010 1332
302 2 701 830
1511 3 572 1493 1724
1622 4 597 1119 1137 1785
427 4 491 958 1071 1481
567 4 186 350 1916 1955
1761 5 87 860 926 1190 1956
317 7 302 877 1276 1346 1431 1475 1984
365 7 559 806 890 896 944 1047 1845
690 4 651 1189 1713 1996
1691 5 204 359 581 848 1372
1632 7 104 132 324 866 1516 1617 1625
1548 4 1329 1532 1660 1893
1258 5 366 476 622 1715 1805
736 7 44 82 123 220 222 659 1053
315 5 711 884 940 1174 1852
328 7 112 739 1058 1602 1710 1811 1930
1411 5 377 792 811 1695 1880
73 6 143 319 957 1000 1012 1089
1328 5 142 750 860 1325 1947
830 6 704 851 1025 1075 1158 1454
927 2 397 1280
1450 5 54 487 748 968 1917
77 10 53 230 403 801 992 1018 1437 1537 1795 1837
186 5 364 587 769 1560 1733
9 3 41 1487 1836
1760 11 133 206 245 457 502 581 1327 1442 1567 1579 1985
223 6 112 469 505 507 1265 1849
1512 3 289 339 344
222 7 24 568 627 762 1338 1922 1987
254 2 1306 1533
1823 7 191 326 931 1096 1212 1542 1643
619 5 723 1090 1355 1362 1413
1724 4 162 1160 1347 1473
1237 4 452 1188 1603 1629
289 6 515 908 968 1243 1406 1684
932 6 71 920 1409 1494 1603 1906
711 2 1096 1479
1408 2 317 1161
375 4 874 914 927 1354
1739 4 191 979 1013 1319
772 6 905 989 1246 1421 1761 1819
1733 11 143 211 252 804 890 906 939 1020 1040 1736 1982
68 3 1133 1769 1933
1750 6 22 87 630 696 945 1259
1391 4 892 923 1034 1505
1632 8 306 367 625 1111 1302 1377 1496 1981
447 3 127 693 1631
1321 3 312 463 1766
1582 7 97 615 629 656 1078 1793 1964
640 1 1031
1573 5 336 345 394 539 1408
1845 4 221 360 621 1472
559 2 44 1110
1634 4 329 370 667 1096
601 7 408 416 484 1050 1184 1240 1488
1800 5 561 891 1491 1685 1890
816 10 18 43 225 587 681 785 1009 1277 1493 1941
1343 3 398 764 1618
400 2 1143 1191
948 8 1055 1139 1229 1404 1729 1771 1815 1902
1400 3 494 1180 1578
690 7 294 538 606 706 928 1274 1879
400 3 649 1003 1706
1911 7 698 959 1311 1709 1720 1894 1913
847 6 52 729 749 1549 1706 1981
1809 6 36 349 373 1109 1150 1783
833 4 554 957 1452 1949
1670 1 619
44 4 324 1086 1372 1488
571 2 758 772
961 4 336 1393 1842 1899
1573 10 399 452 590 852 956 1272 1464 1646 1802 1932
327 4 1177 1501 1638 1879
1084 6 411 805 868 1251 1358 1634
1126 8 25 71 150 275 581 765 1256 1336
1334 6 209 247 1038 1118 1715 1975
1590 4 275 758 901 1953
1125 4 230 263 804 1703
1222 4 1076 1142 1926 1948
1516 9 551 673 787 1025 1374 1379 1394 1482 1578
569 6 22 128 882 1510 1604 1632
1012 3 758 1553 1985
924 9 20 22 536 661 774 868 1273 1745 1806
231 5 796 1167 1346 1383 1438
507 4 49 505 1659 1912
887 6 751 881 1073 1276 1452 1924
1807 1 1948
1520 2 763 1271
402 7 27 84 335 451 551 569 824
896 4 403 929 1255 1274
1192 5 38 526 1187 1622 1880
1802 5 210 212 296 654 1337
1647 4 411 600 1736 1976
660 6 386 544 818 1105 1246 1730
1330 4 613 711 736 998
965 2 227 545
1323 2 1144 1679
1646 5 490 618 826 1404 1473
848 3 184 1725 1758
310 7 94 598 949 965 1049 1270 1708
1810 2 528 673
1691 4 734 737 940 1127
517 4 1110 1373 1540 1860
263 3 249 738 1731
1024 8 539 581 591 637 869 989 1677 1735
1472 7 765 824 990 1257 1401 1815 1986
954 8 625 712 806 1209 1278 1373 1526 1769
249 5 46 948 1079 1082 1666
249 6 343 497 923 1513 1642 1878
961 8 47 344 420 584 814 838 1089 1291
502 3 1079 1139 1253
659 6 46 395 733 983 1500 1940
1142 6 389 938 1081 1090 1981 1993
387 5 738 893 1082 1386 1834
1141 7 165 200 389 478 698 1229 1609
1024 6 492 1059 1093 1322 1807 1853
1610 4 810 1622 1753 1988
1756 2 720 1964
1668 6 119 891 1385 1426 1542 1829
1308 2 12 189
656 4 984 1587 1624 1667
1721 5 296 652 1408 1535 1891
451 2 870 948
1140 3 55 319 1628
1227 5 587 877 953 1179 1482
469 6 10 137 720 911 1005 1128
375 7 148 287 367 528 534 933 1423
6 3 1602 1640 1672
912 7 906 931 1319 1622 1637 1683 1745
912 8 273 1080 1105 1153 1435 1554 1666 1688
768 4 682 1088 1855 1955
1334 2 778 1442
1638 7 551 628 643 771 779 1151 1392
839 4 45 435 482 1169
1332 2 1301 1824
1783 6 42 796 1457 1721 1735 1997
189 4 215 393 568 1332
1793 4 0 479 1534 1584
1914 3 343 424 569
1605 4 56 249 821 1902
1 5 83 150 756 867 1791
350 4 394 744 1172 1181
442 4 263 699 872 1633
840 4 24 187 639 1256
1819 9 313 381 624 895 994 1137 1637 1758 1941
261 2 40 504
1526 4 1665 1848 1917 1929
482 7 263 616 1388 1401 1515 1582 1849
1078 2 292 1364
331 3 162 684 1082
620 4 7 84 516 1272
1911 4 260 467 1411 1562
400 7 95 122 201 665 691 1032 1206
590 4 20 138 234 1669
776 6 159 1024 1328 1574 1734 1915
302 2 1080 1962
1721 3 866 1452 1935
133 5 358 565 892 895 1292
73 5 581 1106 1290 1594 1833
1701 5 407 711 1270 1345 1387
28 5 59 737 875 1346 1717
1409 8 155 528 570 800 834 1328 1420 1519
284 4 478 639 657 1793
1643 3 1545 1771 1791
263 6 428 961 1211 1281 1469 1900
31 3 313 1310 1792
1679 6 185 286 488 1436 1688 1863
618 2 535 1913
1400 6 710 1119 1287 1618 1723 1757
638 4 180 554 1505 1602
728 6 10 243 719 1268 1311 1613
1258 4 736 1348 1560 1946
1750 2 466 1960
321 10 290 435 513 628 671 922 1190 1390 1774 1878
204 9 13 226 305 377 809 995 1528 1802 1826
1634 4 203 225 921 1773
1905 7 74 652 659 1105 1168 1193 1541
115 8 69 574 690 910 1211 1399 1717 1999
1865 2 394 1927
86 6 4 63 373 633 648 1662
762 4 775 885 1055 1103
1006 4 1 561 1607 1914
443 5 80 791 1124 1634 1868
637 2 439 728
657 7 229 254 401 576 876 939 1647
106 4 287 534 694 883
601 4 191 854 885 1743
263 4 463 847 867 1115
1746 6 365 1277 1721 1727 1958 1980
1680 3 937 1349 1715
1420 2 766 1644
1886 2 206 252
209 7 369 648 762 1375 1719 1964 1979
1345 5 867 1240 1681 1866 1901
1079 4 746 1012 1820 1831
493 7 42 157 626 1197 1413 1643 1887
1779 6 181 218 860 1054 1108 1372
198 5 59 308 430 1446 1608
1903 8 722 750 1036 1077 1139 1294 1512 1929
1318 4 253 1040 1330 1396
1384 4 142 363 987 1362
1708 8 213 424 651 1334 1558 1604 1610 1878
1356 6 51 637 816 1079 1183 1919
241 6 72 376 754 1302 1424 1938
1794 5 234 677 1040 1155 1260
1227 5 418 987 1339 1600 1971
304 4 242 532 1904 1920
1877 4 268 576 1192 1255
557 4 572 658 1379 1391
1634 4 590 1553 1811 1849
1228 6 610 890 1042 1369 1649 1792
1301 4 174 834 845 1897
508 3 288 1535 1867
696 6 96 511 1099 1389 1590 1867
414 6 320 868 1510 1808 1966 1992
1590 4 252 694 1630 1952
668 4 54 1157 1227 1836
1110 4 93 1535 1559 1868
1487 3 36 727 1528
1337 6 48 408 594 1071 1756 1972
1085 2 721 1836
993 4 151 728 1113 1921
519 4 194 733 1089 1578
1663 5 268 861 924 1670 1870
363 8 242 270 316 399 415 478 1041 1473
1336 9 97 119 329 711 1178 1467 1623 1819 1859
958 3 338 696 705
626 4 0 687 1226 1345
183 3 1443 1808 1971
693 6 376 703 839 1020 1486 1524
742 5 419 675 796 1450 1893
613 2 172 1512
1819 4 406 887 1205 1454
1153 3 2 1574 1979
1053 7 332 393 454 822 1100 1673 1809
1844 3 72 584 1370
875 8 13 136 237 512 528 810 1303 1652
449 4 549 749 969 1719
841 4 558 592 1405 1726
1710 3 1003 1206 1551
1303 2 317 596
1785 2 830 1194
1737 2 1062 1427
1007 8 561 812 1127 1263 1578 1647 1854 1894
1718 9 162 249 502 519 1135 1413 1492 1788 1871
1534 6 208 244 386 811 1142 1256
1082 4 1084 1504 1569 1737
1539 3 4 1062 1585
1245 6 133 525 859 956 1335 1955
533 6 594 724 1114 1425 1567 1934
1037 3 120 652 671
482 8 132 545 611 735 844 977 1552 1668
1883 3 778 1416 1740
412 7 974 996 1074 1187 1319 1835 1839
599 7 124 188 1062 1070 1178 1481 1843
1783 4 223 553 1052 1498
27 5 20 39 277 1296 1707
940 8 405 543 669 787 1076 1473 1794 1976
259 8 0 384 431 553 641 841 946 1035
1105 6 81 331 588 596 1020 1301
1556 4 96 367 695 1843
1303 3 280 350 1331
1315 4 608 680 742 1385
398 4 314 980 1258 1800
1894 9 394 463 572 611 728 1069 1180 1499 1649
696 4 223 457 576 694
1620 4 370 467 1254 1953
1867 7 139 185 979 1127 1207 1275 1859
1422 4 156 1117 1379 1478
1318 5 371 1044 1399 1621 1724
708 6 1163 1449 1527 1687 1756 1976
511 3 659 1043 1557
1125 5 496 714 1422 1706 1727
1601 4 776 1227 1338 1395
94 4 14 879 1075 1474
451 5 48 183 970 1586 1843
862 8 138 232 244 1000 1166 1229 1457 1964
569 5 168 289 459 1373 1951
1737 3 623 831 1699
965 2 985 1765
1746 4 534 989 1328 1882
1355 5 147 605 746 1024 1042
328 7 81 264 564 1466 1609 1683 1884
1197 6 453 692 1414 1505 1753 1759
1636 7 205 330 788 911 1170 1280 1789
201 8 71 122 472 807 1132 1419 1744 1839
621 5 33 770 1585 1721 1856
1643 6 389 811 876 1508 1886 1938
400 3 649 1181 1889
503 5 134 145 1196 1852 1963
781 6 44 120 184 317 406 1387
384 2 430 614
1898 6 553 832 1213 1369 1777 1874
1776 5 387 399 930 1213 1629
1739 9 53 899 1338 1495 1581 1730 1856 1871 1980
833 7 225 504 592 714 1011 1190 1351
1012 2 1083 1095
249 7 123 318 875 1273 1279 1643 1812
951 2 14 1441
1108 5 304 482 1195 1449 1591
1350 4 622 859 1080 1596
165 8 1085 1131 1256 1439 1506 1519 1652 1861
638 3 74 1609 1886
816 6 219 449 899 1323 1681 1716
1901 6 429 613 624 782 930 1463
1501 5 60 142 379 942 999
768 3 96 794 1851
1844 4 352 670 929 1028
124 3 145 585 1392
1055 7 172 423 449 789 1142 1369 1786
83 7 241 723 732 781 1206 1317 1655
28 7 688 912 1003 1076 1232 1837 1937
1731 2 1085 1603
274 4 32 775 1303 1716
1743 4 918 1491 1517 1999
772 4 698 749 1471 1863
643 7 238 669 1036 1240 1701 1775 1806
134 6 179 260 755 1136 1528 1711
1332 6 17 292 900 901 1718 1985
1603 2 1280 1417
1651 3 485 817 1742
58 9 61 250 484 900 938 1001 1082 1205 1548
1277 4 559 616 690 1968
1387 4 522 581 846 1871
1356 4 232 1095 1589 1941
849 2 1205 1329
635 5 305 405 1367 1559 1628
1195 4 393 430 1625 1883
1278 3 318 1642 1676
1794 4 55 320 1356 1766
1626 4 618 716 1018 1606
1826 4 206 864 1221 1942
409 3 909 1084 1975
273 5 371 775 1365 1658 1992
636 6 47 654 910 966 1013 1398
1102 5 26 674 798 1118 1921
1308 4 178 251 1105 1655
1465 2 104 1744
638 6 492 764 1056 1316 1439 1511
573 5 90 262 1064 1163 1185
952 4 9 388 393 702
1746 7 434 549 794 854 1079 1247 1918
1554 2 32 602
1266 5 180 395 1271 1576 1994
1734 7 338 859 1167 1540 1804 1822 1998
493 6 452 917 1116 1833 1931 1969
1766 5 117 486 699 1399 1449
1366 3 627 994 1635
728 7 359 779 966 1044 1159 1522 1901
1123 6 582 828 1275 1302 1773 1987
1760 2 679 1088
1761 5 218 897 909 1346 1736
1722 6 417 423 556 657 766 1216
1814 2 44 283
692 4 1421 1445 1659 1708
1358 4 197 1081 1329 1349
1050 3 1688 1695 1888
1599 6 667 705 1044 1060 1439 1712
214 3 685 1056 1786
1263 4 171 213 1223 1724
1057 5 378 480 658 819 1295
1242 4 573 1359 1376 1514
774 3 441 1645 1935
935 4 507 1038 1555 1913
833 8 17 150 227 544 1071 1178 1716 1849
400 7 151 165 592 1016 1304 1602 1853
1844 4 1603 1648 1683 1817
633 3 1056 1460 1924
554 4 488 790 1417 1671
334 4 481 1080 1389 1766
226 9 191 335 677 1273 1479 1539 1550 1818 1939
974 4 147 928 1276 1747
182 4 450 757 960 1013
850 5 535 818 1571 1603 1963
326 7 284 668 850 941 970 1439 1734
1905 4 295 521 1487 1852
548 2 656 1169
224 3 420 1152 1326
1730 2 75 261
182 4 201 1581 1656 1850
1716 6 481 1037 1145 1643 1668 1838
918 4 55 135 757 1711
671 4 635 1061 1754 1839
204 2 610 1707
875 4 440 590 1219 1338
1450 3 284 368 454
1773 5 124 262 821 973 1894
459 4 322 519 603 680
31 4 533 830 1152 1804
1596 5 544 1145 1413 1814 1995
781 5 56 198 467 918 1453
1861 3 439 1117 1562
1593 4 28 934 1368 1882
1563 3 1257 1411 1657
396 6 559 574 1516 1619 1691 1806
875 4 879 1167 1611 1906
1510 6 103 595 767 968 1531 1918
1629 2 314 363
1079 4 470 1051 1666 1954
1465 5 676 762 1126 1465 1854
388 5 945 976 1293 1701 1797
1079 7 50 63 263 516 635 1171 1988
1528 4 176 184 796 1124
671 8 282 301 547 742 838 1197 1600 1903
1810 7 383 433 918 1144 1154 1386 1860
1259 4 26 224 432 1847
881 7 184 229 311 447 1009 1224 1927
1620 5 255 352 544 1449 1828
1748 4 224 310 580 1417
1284 6 597 925 1443 1490 1515 1538
1192 5 270 357 630 1278 1397
94 5 75 866 1065 1606 1939
451 3 428 545 1184
1761 6 112 613 844 950 1175 1518
1315 4 1 565 1159 1788
197 6 14 52 675 926 1068 1901
1551 3 701 848 1163
1832 4 624 1488 1685 1964
971 3 186 1019 1305
1488 4 456 897 1595 1755
1724 6 394 883 1005 1226 1688 1938
454 4 734 887 944 1003
167 4 139 302 1514 1624
87 7 326 349 506 1044 1059 1451 1772
1724 6 119 209 1306 1437 1536 1720
875 6 785 1110 1446 1452 1707 1807
1165 4 118 645 1239 1830
846 7 58 120 254 756 1181 1267 1615
109 3 301 819 1167
1343 6 287 500 659 1372 1576 1878
999 4 1103 1115 1547 1636
172 2 975 1895
189 4 1431 1669 1695 1853
44 6 9 118 291 450 626 683
1778 5 105 775 983 1933 1953
186 2 772 1896
1094 5 226 600 944 1134 1749
547 3 640 1135 1988
325 5 495 821 1296 1418 1545
119 5 281 477 562 616 1429
1419 6 308 539 1167 1502 1837 1852
1573 4 122 324 791 1304
515 3 75 140 1767
1573 8 653 857 948 1193 1212 1378 1481 1970
965 1 37
1369 3 488 782 1428
1907 4 829 996 1016 1607
337 6 29 749 1475 1812 1904 1977
1757 6 98 286 316 431 1446 1766
1527 4 586 753 1740 1916
1005 8 12 361 432 465 906 1218 1843 1854
1472 6 815 1075 1128 1202 1439 1680
1343 5 167 1075 1080 1211 1220
1836 6 186 600 936 1294 1838 1977
1004 3 12 146 1007
942 1 1631
787 2 117 823
1425 6 222 868 975 1525 1775 1904
806 5 22 216 525 690 1656
249 8 75 770 775 848 972 1238 1375 1661
365 4 569 898 1250 1955
868 4 204 1552 1817 1820
321 3 847 930 1620
118 7 289 406 411 752 912 962 1577
1868 4 540 1692 1693 1732
1303 9 76 111 439 607 613 1106 1348 1467 1725
1801 3 512 539 1597
1553 6 492 846 1354 1547 1659 1897
1012 3 91 529 533
1334 3 643 685 1053
1899 7 318 383 934 1250 1285 1305 1438
1383 2 1213 1961
1507 6 43 356 760 823 863 1681
1014 1 350
1648 6 207 401 1078 1165 1600 1902
1891 6 134 296 465 492 505 769
1408 5 765 895 1205 1715 1719
1552 4 1001 1188 1296 1458
1802 4 89 255 666 1490
771 4 541 1112 1752 1819
717 4 628 1732 1835 1940
1902 5 72 141 553 1652 1872
209 5 368 403 513 741 1366
188 6 275 1277 1487 1530 1539 1654
1279 5 21 464 1171 1251 1621
904 3 469 1011 1591
571 2 609 1954
77 6 536 1036 1050 1731 1762 1984
1561 3 235 911 1081
1290 4 704 884 1158 1162
138 4 122 332 648 1449
760 4 229 247 1060 1543
473 7 211 337 559 640 879 1281 1873
620 6 196 757 819 1030 1739 1951
396 2 128 556
1108 5 1013 1106 1276 1299 1893
550 4 200 424 594 1380
689 4 133 1198 1236 1744
1188 8 458 591 855 1149 1360 1438 1695 1918
240 8 689 791 884 1130 1228 1310 1337 1829
328 9 22 38 39 662 710 1128 1282 1512 1832
1387 6 413 1447 1649 1773 1882 1894
620 4 781 1127 1148 1777
913 2 1518 1844
955 7 561 1003 1224 1239 1513 1664 1683
68 5 443 597 636 990 1222
760 9 336 803 931 1147 1535 1581 1763 1844 1961
40 4 692 1096 1122 1530
1134 6 151 952 1067 1146 1437 1649
207 3 223 1243 1373
324 8 120 130 712 826 1134 1138 1563 1774
1136 5 372 497 903 1340 1561
101 7 428 747 848 916 1318 1397 1830
1026 3 333 470 870
1394 4 542 1155 1422 1615
1417 2 287 1052
1239 3 153 244 1517
1069 4 437 1129 1939 1974
1694 6 500 570 592 1039 1114 1818
1137 4 619 1123 1465 1563
1319 6 433 1025 1071 1229 1264 1440
1587 6 87 508 953 1204 1984 1988
941 4 571 819 824 1305
1639 6 496 564 711 1109 1248 1872
1192 4 312 325 455 1541
422 3 182 1270 1902
1493 5 713 719 741 1239 1511
290 7 166 226 286 397 656 1720 1997
1234 6 23 54 62 521 1401 1946
1186 4 852 1246 1639 1648
494 4 149 370 781 1175
1877 6 242 323 954 1596 1657 1705
601 4 126 243 362 746
629 10 124 376 687 694 870 1270 1502 1559 1620 1621
129 4 494 1150 1435 1603
1442 4 66 552 589 1588
635 4 432 608 654 1963
1587 2 86 1377
201 4 953 1126 1218 1371
955 6 112 756 1174 1354 1467 1585
966 6 122 362 448 898 1696 1862
1529 5 439 616 821 1867 1982
398 4 128 207 262 560
119 8 105 271 509 1107 1413 1502 1695 1920
1844 2 1372 1684
1540 4 658 884 1074 1142
1634 8 13 193 571 666 797 1683 1859 1966
241 5 118 359 705 729 838
460 3 438 1171 1746
731 5 83 311 437 881 1632
335 5 198 678 1077 1485 1995
1041 6 948 997 1155 1313 1461 1998
274 8 144 270 648 1020 1199 1320 1347 1679
1361 6 491 1277 1489 1678 1707 1777
1466 4 882 886 1409 1799
1457 2 660 811
457 6 265 629 699 946 1018 1849
1085 5 457 497 553 685 1479
83 2 160 1416
987 4 263 1230 1440 1466
395 8 376 428 745 947 1422 1446 1510 1648
59 6 123 187 404 972 1151 1166
482 5 42 639 749 1808 1841
896 5 210 554 1416 1510 1893
717 4 750 823 957 1182
843 2 637 1827
1602 5 1227 1571 1621 1673 1805
1731 4 87 1186 1758 1842
533 3 26 726 1862
374 7 109 198 467 520 750 1381 1494
561 3 238 711 808
896 3 493 1448 1997
1737 8 146 269 422 580 632 861 1762 1854
231 5 9 34 1028 1180 1355
1402 5 105 531 769 1457 1786
551 3 426 717 1938
1784 3 868 1125 1140
101 4 358 523 728 1667
1536 5 430 623 842 893 1159
436 5 212 1194 1503 1779 1846
586 7 327 419 554 856 1330 1776 1998
16 6 159 460 943 1003 1182 1418
1097 7 35 356 396 450 755 997 1812
1911 5 487 732 906 1169 1882
1511 4 990 1723 1754 1835
177 2 1084 1180
70 7 91 320 551 1020 1484 1708 1854
1573 6 165 526 563 803 859 1792
1705 3 609 638 1679
1804 7 85 523 809 1313 1724 1840 1956
1017 6 178 597 793 854 1370 1724
1023 2 1062 1665
1499 4 994 1323 1597 1689
751 5 611 985 1006 1577 1795
1052 3 660 1454 1565
450 5 33 82 339 1432 1686
1262 3 1453 1656 1953
739 4 430 1061 1668 1719
1113 4 736 1449 1691 1994
1850 6 239 731 752 1053 1219 1918
94 3 44 505 1475
1864 4 803 1346 1742 1752
578 4 518 995 1465 1800
197 2 813 1743
235 5 200 389 591 1214 1972
1600 2 659 1822
919 4 917 979 1201 1701
690 2 554 1102
104 4 878 1079 1846 1853
68 5 125 442 1159 1634 1661
568 2 491 938
1164 3 790 1281 1778
110 5 217 784 1044 1181 1454
1140 4 938 1133 1725 1733
635 5 258 397 536 1165 1450
655 6 138 322 544 836 1074 1691
98 4 360 530 1162 1737
1313 6 18 275 382 1648 1728 1891
818 5 3 856 910 1399 1915
200 15 839 926 1349 723 681 1173 1871 183 62 446 1839 54 1351 1196 1497 1271 530 1316 1252 167 466 1913 1567 1871 1288 572 649 24 1808 289 19 1520 1666 78 1931 1183 40 302 39 167 1559 554 802 1915 18 1463 1823 1071 1768 1834 271 393 141 5 454 94 1987 1808 1035 1799 1842 621 1017 1805 1720 491 904 27 199 1705 185 401 1240 258 402 359 411 42 451 32 475 1983 1119 1796 1329 1354 796 105 1938 1455 1346 1138 202 1092 1773 511 207 1597 1048 1492 1330 269 1455 1270 18 1954 1895 536 942 1472 1099 1608 45 1546 191 1325 1809 1019 1442 338 502 919 1666 404 268 702 1553 1226 908 54 925 1752 1786 1452 1269 1732 99 23 1602 353 1603 1491 1527 624 1691 1961 1959 1181 1702 622 1682 1781 1348 72 1629 1336 1971 165 1005 1620 766 1168 1086 545 485 879 755 1852 31 333 616 655 1832 386 1567 1684 1725 1479 333 145 138 350 1052 836 1817 733 1606 1215 314 1357 1011 1041 1612 1511 1006 1270 756 1805 746 320 1011 381 1505 413 1067 1541 244 1050 1305 1955 1504 1181 465 614 1391 1792 17 756 1835 1581 442 1679 1205 60 1138 1595 1693 52 76 1104 438 1892 757 978 521 725 1342 1784 79 1664 1692 1234 133 836 1241 707 1562 1920 953 249 1967 562 1310 516 64 170 1864 1435 1629 1824 1683 1449 938 1132 124 660 342 1630 141 890 1042 881 1006 667 1515 1893 733 1335 339 1334 1273 952 781 1213 1717 1848 1714 1314 273 853 279 1693 860 1797 916 1794 1266 648 1603 764 1554 1158 1159 660 806 1081 1977 997 1125 403 1129 81 1844 821 1719 1315 660 422 373 630 431 979 1027 741 64 224 1368 1837 1053 1241 714 1206 1945 1629 720 1748 1730 1899 1240 974 1589 346 1372 1894 1274 1247 1278 716 1507 1494 1028 1020 1526 465 1161 1238 1809 142 1156 833 666 35 492 122 736 1862 694 548 96 1991 174 935 481 1247 224 537 824 86 830 696 1176 957 1237 1606 1624 1134 20 1512 521 1531 1843 1420 1056 1723 1273 843 186 1451 1836 870 339 270 38 1304 1503 1085 1260 582 1625 1515 237 1069 1827 992 1624 556 1846 213 1364 454 1166 1479 1217 1876 948 545 1530 196 9 899 772 719 499 516 543 420 1304 711 1933 902 989 544 675 1062 366 1254 87 934 1508 1345 1923 1990 1418 1062 1585 1615 105 475 1611 819 1888 1145 1996 665 1184 1384 80 1057 1702 1602 935 793 464 830 1776 954 1274 1247 1893 774 1606 1786 172 1695 1281 1569 763 1107 1011 1241 1308 700 15 360 895 908 115 1544 954 1016 470 376 419 1056 1701 340 1490 555 1099 1496 1668 803 1009 393 897 1342 1511 250 1134 51 1295 497 1947 478 599 994 1881 565 949 259 1742 432 794 1555 296 35 1587 1719 999 317 764 1882 1793 1569 1703 732 1948 673 1890 827 735 1481 1067 1150 592 1917 1401 551 1088 1915 1993 443 1220 589 632 1595 452 929 591 450 1501 219 1044 823 1840 89 430 1819 939 614 1929 825 1848 1287 1842 210 1715 1529 1183 900 80 1169 937 1488 141 314 170 595 735 1109 1179 632 910 1863 1716 1853 1175 1914 102 323 126 1537 122 1094 1607 212 980 1463 349 864 1498 904 1723 538 1552 1144 1038 1969 865 1488 1770 482 1482 927 1015 82 494 382 1484 1170 457 358 1868 1939 1657 1118 939 649 1518 1976 1670 838 1561 64 1180 1380 1882 142 1598 129 643 1368 661 1578 805 1981 1851 1206 775 1758 627 1494 1214 1122 1055 77 570 519 986 1473 948 1397 571 803 449 1149 679 1431 1011 709 1914 1417 1895 966 616 1343 1427 1922 1793 1725 705 16 748 1939 1589 242 1512 32 1865 1581 1194 1122 1759 1168 125 679 741 1824 974 1293 15 187 1354 1721 1816 360 244 1031 842 178 1375 54 1995 779 525 1868 1487 752 32 1857 1531 1141 1248 1811 41 1218 33 734 1256 1810 539 737 965 101 1037 1959 1077 251 1889 1883 647 1198 89 1177 1523 572 1368 457 609 81 1207 1783 358 763 91 193 1998 1428 336 756 870 1552 1965 1561 1614 1350 1776 997 874 667 1403 1682 1025 1396 683 1933 482 1565 1350 1584 817 145 319 227 911 1860 1603 1607 1749 1930 488 1242 1502 495 1338 90 1180 443 312 189 1299 801 33 1076 1805 391 1073 365 558 619 1280 1659 832 1962 1056 996 1119 808 720 657 1298 1014 867 323 1691 639 155 677 912 1973 181 222 271 251 269 223 669 43 433 154 428 1075 721 69 494 307 1721 792 927 1151 1620 251 61 1901 1703 782 65 545 1591 1310 1687 1337 1646 120 1632 26 1802 133 1695 1514 723 434 1535 1376 419 1031 1850 755 223 1052 534 1019 1318 1659 812 250 417 14 654 1251 750 90 352 1690 728 597 965 1402 868 761 2 212 838 968 265 1142 1978 1707 1884 164 517 669 743 1705 288 1118 769 811 1163 439 518 1080 1453 429 772 1269 1123 1691 1253 63 404 1560 26 1582 1478 142 1469 696 1008 1545 1451 1416 1528 674 990 955 1033 1230 1548 379 693 536 1149 1084 134 1361 243 177 304 1533 1924 731 1775 1799 1598 466 1326 659 208 1124 381 1184 1046 452 1551 728 1446 1650 623 11 883 57 906 35 1644 125 292 1555 1513 768 575 828 783 1636 1916 79 688 1942 1526 1252 335 1733 1174 1281 1127 1884 346 750 1541 1725 1634 545 1 346 103 908 689 1630 1102 1927 1090 1805 27 1230 119 52 437 1790 1128 1614 1112 607 1156 540 1253 423 1273 1657 456 572 485 807 296 1504 1449 281 223 1019 466 298 1888 1716 346 81 844 454 549 47 1839 1638 709 1099 116 982 117 336 1042 1255 570 1095 1868 1142 984 1609 751 1106 1344 1086 1526 1656 584 1932 869 1155 627 1103 153 1211 704 46 1236 1346 762 1096 945 1370 973 1629 682 1955 37 184 1578 40 1055 1875 969 1466 563 1071 1411 966 651 1175 1487 1478 1293 254 1579 397 1452 1341 327 1029 1628 1894 712 1203 1695 1632 1704 117 424 550 380 1652 654 661 975 1933 1013 1479 1337 617 1924 608 1225 1416 1338 41 1047 1409 252 1683 286 1357 373 1718 1586 1387 1858 842 1385 339 1606 976 275 868 1681 755 828 1030 1213 1847 1178 544 1853 877 432 680 26 434 1797 1085 918 375 1929 650 1029 798 1971 1511 0 978 319 1127 588 1875 59 1229 1843 1301 1708 1923 676 1239 1305 162 463 1332 1281 108 1060 1727 1110 854 818 1125 809 1917 252 1631 1535 565 1867 96 1523 660 1096 640 378 1416 1024 1855 440 1153 1447 1852 1033 15 1149 1661 895 1003 603 1954 152 690 282 1738 1053 628 838 1660 1719 1114 711 750 59 523 1598 191 1328 810 1263 1049 613 1905 1115 1830 15 1039 234 1475 1295 450 76 1356 1836 263 1792 61 1131 1877 1994 163 334 425 1701 548 183 466 117 1384 659 221 133 249 261 1005 1707 1255 1830 757 1025 1310 1683 933 1831 1748 260 255 1587 87 1779 750 286 1612 528 1029 368 626 1461 1968 514 317 408 1192 185 607 616 1642 136 973 204 1633 1796 1744 711 540 1483 133 1873 487 1375 1921 558 254 1126 1311 1778 881 1199 1594 211 1119 1800 1499 1637 1421 378 812 1564 621 1609 1122 142 79 851 331 611 1836 221 866 152 359 1184 1990 655 262 1674 1280 492 1387 459 366 1006 1295 986 691 1673 135 1582 90 341 468 1645 1357 1705 306 1166 1019 1164 669 444 1962 1059 733 1953 1804 1059 1444 415 1811 804 1178 1671 476 1816 591 1627 1371 1979 1245 1570 1138 1696 266 595 1772 1444 1387 1700 1808 365 562 1094 20 834 917 362 1186 224 669 753 1432 1356 829 32 1136 223 1414 420 1935 1453 1417 1167 526 1894 193 1778 1078 333 466 1546 675 273 1047 336 1007 1311 477 341 586 1779 1569 1779 640 705 380 1692 1755 1557 1048 613 1043 893 1565 1108 1935 250 627 213 1041 320 1448 1988 253 1481 1281 1897 623 1994 1342 1212 124 45 841 959 1363 1215 1402 213 1061 1416 1740 1256 990 1826 967 956 1991 1409 1329 619 1898 599 480 140 994 113 851 1430 909 280 1596 1060 1296 364 281 1927 1493 760 1654 216 1383 124 374 1724 1868 636 1605 227 354 1976 1743 1224 1962 367 1809 1005 673 75 1590 450 1733 1324 364 1281 719 55 985 1105 862 719 948 1404 1848 43 1015 1214 1632 83 956 1300 211 469 389 1082 926 222 838 1800 847 660 1561 1608 1149 360 1949 1647 1472 1917 1654 1006 333 212 226 1404 854 1817 1904 42 270 1634 1706 1711 400 1757 1374 1980 207 359 376 533 1863 259 712 669 692 1799 983 53 1001 1020 919 1656 87 727 1927 667 1984 1639 892 260 14 16 1044 1317 1934 597 1988 109 1302 79 1239 130 289 1903 1803 207 215 1772 1777 818 463 1315 1034 509 1706 1487 476 360 1389 597 1364 772 565 843 1717 1193 728 1721 512 1873 875 1631 47 715 1705 1601 1341 1280 1888 1036 227 637 4 1214 459 1175 587 1999 78 431 1536 1228 1656 44 679 1153 1975 400 1902 165 683 901 1765 1539 710 1837 550 1044 816 1093 1439 1062 1565 1535 1318 746 1674 733 1193 8 308 1314 143 1073 838 1770 689 335 32 122 578 1704 518 1799 1815 1639 524 718 830 1832 1905 864 785 1055 339 1049 1925 353 1164 781 109 1211 158 1143 796 1581 1081 266 755 446 1019 736 1769 1786 1635 105 1734 56 895 558 1908 1727 628 791 1181 1003 457 520 66 286 658 1541 606 53 1003 814 642 461 1839 644 1087 482 888 685 255 163 1778 273 1085 1072 1147 1155 1953 1269 1840 1202 936 1764 1639 629 239 630 627 1491 32 443 350 6 1579 722 64 1855 1787 901 721 1160 1799 1230 1244 1159 813 928 859 1519 1380 1549 329 818 662 1664 1489 1090 1584 1037 664 145 1859 624 764 235 629 1386 133 738 1822 1363 1475 524 660 1343 1090 1072 1289 652 844 767 1330 1171 1196 912 608 1145 1504 743 1810 1849 641 879 1705 1059 1369 133 490 1817 1328 1140 76 83 1959 1602 241 1050 1557 659 1660 610 467 665 430 1734 1271 1042 300 1108 1089 1282 42 564 541 829 852 1138 899 1596 1976 926 1311 1456 1679 1827 1538 1408 894 848 1765 98 1475 830 1503 717 150 1964 1429 155 553 1744 1056 1221 1302 1134 217 1274 12 1773 570 1200 65 152 397 637 574 1399 1568 1495 887 350 1180 1591 837 1825 1222 1601 1343
