256 1938
50 7 0 1 2 3 4 5 7
196 10 0 1 2 3 4 5 6 8 9 10
85 6 0 3 4 6 7 8
49 7 0 1 3 4 5 8 9
192 5 2 4 5 7 9
249 5 1 2 5 7 8
118 8 1 2 3 5 6 7 9 10
112 9 1 2 4 5 6 7 8 9 10
127 8 1 2 3 4 5 6 7 9
79 5 0 2 3 4 6
43 5 1 3 6 7 10
98 7 1 2 3 6 7 8 9
89 4 3 7 9 10
142 1 1
163 7 1 4 6 7 8 9 10
33 4 2 6 8 9
194 4 0 5 6 8
7 5 0 2 3 5 6
65 6 0 4 6 7 8 9
182 7 0 3 4 5 6 8 9
15 5 0 1 2 8 10
165 3 6 9 10
12 5 0 2 5 8 9
125 11 0 1 2 3 4 5 6 7 8 9 10
172 8 0 1 2 3 5 6 7 10
92 4 0 2 4 6
241 3 0 3 6
176 8 0 1 2 3 4 5 6 7
39 6 0 2 4 8 9 10
240 6 0 1 3 4 8 10
195 5 1 3 6 7 8
222 5 0 1 2 8 9
102 3 0 2 10
39 6 0 2 4 8 9 10
198 8 0 2 3 5 7 8 9 10
77 2 1 8
17 10 0 1 2 3 4 5 6 7 8 9
154 7 1 2 3 5 8 9 10
73 3 1 5 6
153 7 1 2 3 4 6 7 9
3 8 0 1 2 4 7 8 9 10
144 9 0 1 2 3 4 5 6 8 9
99 7 1 2 3 4 7 8 9
108 2 2 10
152 5 3 5 6 7 10
120 7 1 2 3 6 8 9 10
52 6 1 2 6 7 9 10
5 5 0 1 4 7 10
162 5 0 6 8 9 10
180 8 0 1 2 3 5 8 9 10
188 5 0 1 8 9 10
6 6 4 6 7 8 9 10
74 5 1 4 5 8 9
76 4 0 1 4 5
110 4 4 7 9 10
133 5 1 2 3 7 9
214 11 0 1 2 3 4 5 6 7 8 9 10
210 6 1 2 3 5 6 9
150 7 1 3 5 6 7 8 10
59 7 0 1 2 4 5 9 10
203 6 0 1 3 6 8 9
101 6 0 1 4 6 8 10
29 3 4 7 9
206 3 2 4 6
117 7 1 2 4 5 8 9 10
42 9 1 2 3 5 6 7 8 9 10
147 4 2 4 6 7
217 9 0 1 2 4 5 6 7 8 10
122 8 0 1 2 3 5 7 9 10
119 9 0 2 4 5 6 7 8 9 10
149 7 0 2 3 4 6 7 9
253 4 0 3 7 8
24 4 1 3 5 8
189 11 0 1 2 3 4 5 6 7 8 9 10
220 9 1 2 3 4 5 7 8 9 10
191 4 1 4 6 10
231 6 1 3 4 5 7 9
232 3 3 6 10
57 6 1 3 4 5 6 10
14 10 0 1 2 3 4 5 6 7 8 10
56 9 0 1 3 4 5 6 7 9 10
139 6 1 3 4 6 8 9
64 5 0 1 4 9 10
86 7 0 1 4 5 6 8 9
8 11 0 1 2 3 4 5 6 7 8 9 10
216 4 1 2 5 7
184 9 0 1 2 3 4 5 7 8 9
90 7 2 4 5 7 8 9 10
72 6 4 5 6 7 8 10
82 6 2 3 4 5 7 9
184 8 0 1 2 3 4 5 6 9
246 2 3 10
136 4 0 1 3 8
37 7 1 2 4 5 6 7 8
4 3 1 2 3
156 4 3 8 9 10
140 7 1 3 5 6 7 8 10
22 9 0 1 3 4 5 6 8 9 10
245 11 0 1 2 3 4 5 6 7 8 9 10
54 4 1 5 6 9
226 4 2 3 4 6
46 4 0 4 7 9
155 7 0 1 2 4 8 9 10
215 5 0 3 4 7 9
66 7 0 1 2 4 5 6 8
70 5 0 1 2 9 10
78 4 1 5 8 10
16 7 1 2 3 4 5 6 8
230 7 0 1 2 4 5 7 8
228 4 1 3 5 8
47 6 0 1 3 5 7 10
212 10 0 1 3 4 5 6 7 8 9 10
244 7 0 3 5 6 7 9 10
159 11 0 1 2 3 4 5 6 7 8 9 10
135 6 0 1 4 5 9 10
18 4 1 4 9 10
129 5 0 2 4 5 10
9 3 5 7 9
2 8 0 1 2 3 4 5 9 10
227 7 1 3 4 7 8 9 10
167 7 0 1 2 3 4 6 8
223 7 1 2 3 5 6 7 9
186 4 0 1 2 10
132 2 7 9
95 6 0 2 4 5 8 10
252 7 0 2 4 5 6 7 9
37 5 2 5 6 7 10
25 3 5 7 9
179 6 1 3 5 6 7 9
80 8 0 1 2 6 7 8 9 10
239 7 2 3 4 5 6 8 10
31 1 2
250 4 0 3 6 7
200 8 0 1 2 3 4 5 6 9
20 5 0 2 3 6 8
177 6 1 3 5 7 8 9
4 5 4 6 7 8 9
251 8 0 3 4 5 6 7 8 10
104 5 0 5 6 9 10
27 8 1 2 4 6 7 8 9 10
91 6 1 2 4 8 9 10
84 11 0 1 2 3 4 5 6 7 8 9 10
48 11 0 1 2 3 4 5 6 7 8 9 10
255 5 1 2 5 8 9
141 7 1 3 5 6 7 8 9
164 6 2 3 4 5 7 10
187 9 0 1 3 4 5 6 7 9 10
123 6 1 2 3 4 6 9
100 5 0 4 7 9 10
10 3 5 8 9
1 10 0 1 2 3 4 5 6 7 8 10
236 4 0 4 9 10
131 8 1 4 5 6 7 8 9 10
11 6 3 4 7 8 9 10
68 7 0 1 3 4 6 8 10
149 11 0 1 2 3 4 5 6 7 8 9 10
62 8 1 2 3 4 6 7 8 9
239 10 0 1 2 3 4 5 7 8 9 10
218 10 0 1 2 3 4 5 6 7 8 10
237 4 0 3 7 9
75 4 1 2 4 10
247 5 0 2 3 7 10
115 1 5
210 7 1 2 4 5 6 8 10
183 3 1 2 4
75 5 0 5 7 9 10
174 8 0 2 3 5 6 7 8 10
63 4 0 4 6 8
248 7 0 1 2 4 5 7 9
36 7 1 2 3 5 6 7 9
225 9 0 1 2 4 5 6 8 9 10
190 8 0 1 3 4 5 6 9 10
88 3 0 5 7
171 8 0 3 5 6 7 8 9 10
221 6 3 4 7 8 9 10
201 6 2 5 6 8 9 10
109 8 0 2 3 4 6 8 9 10
38 4 3 5 6 9
60 6 3 6 7 8 9 10
168 8 0 1 2 3 4 5 8 10
214 5 0 1 2 7 9
199 9 0 2 3 4 5 6 7 9 10
124 7 2 3 4 5 7 8 10
96 5 0 4 5 6 7
95 7 0 3 5 6 7 8 9
209 6 0 2 5 6 9 10
254 4 2 4 5 8
103 10 0 1 2 3 4 5 6 7 8 10
151 9 0 1 3 4 6 7 8 9 10
222 5 1 2 4 6 8
157 5 0 1 2 4 10
146 7 1 4 5 6 7 8 10
197 8 0 2 3 4 6 7 9 10
170 2 1 9
74 5 0 2 6 7 8
121 5 0 1 2 3 10
237 10 0 2 3 4 5 6 7 8 9 10
107 11 0 1 2 3 4 5 6 7 8 9 10
61 5 2 3 5 6 10
202 7 1 3 4 5 7 8 10
81 3 0 3 5
105 4 1 3 5 9
205 5 1 3 6 8 10
255 7 0 1 2 4 6 8 9
18 10 1 2 3 4 5 6 7 8 9 10
21 2 5 8
175 5 0 6 7 8 9
211 8 1 2 3 5 6 7 9 10
256 7 1 5 6 7 8 9 10
51 8 0 1 2 3 6 7 8 10
83 6 1 4 5 6 8 10
130 4 1 2 8 10
145 5 0 3 4 5 10
169 6 1 3 4 7 8 10
143 5 0 2 4 7 9
69 4 0 5 7 8
26 7 0 1 5 6 8 9 10
106 5 1 2 3 4 8
208 6 0 2 3 5 6 8
123 6 1 2 3 4 7 10
113 2 4 6
114 4 3 5 9 10
25 4 0 2 9 10
178 3 0 7 8
30 7 2 3 5 6 7 8 10
173 8 0 1 4 5 6 7 8 9
134 10 0 1 2 3 5 6 7 8 9 10
138 7 1 3 4 6 8 9 10
224 4 0 1 9 10
110 9 0 1 3 4 5 6 8 9 10
234 10 0 1 2 3 5 6 7 8 9 10
28 2 4 10
44 3 5 6 10
229 6 0 3 6 8 9 10
40 6 0 2 3 6 7 8
193 5 0 4 6 7 8
13 4 1 2 7 8
61 7 0 1 2 3 5 7 8
242 6 2 3 4 8 9 10
175 5 0 1 3 6 8
213 7 0 1 3 4 6 9 10
35 3 1 6 7
235 10 0 1 2 4 5 6 7 8 9 10
67 4 1 2 7 8
45 6 0 3 4 5 6 8
12 4 1 3 4 5
126 6 2 3 5 6 7 9
41 3 1 3 5
243 7 0 2 4 5 7 8 10
97 3 1 4 6
19 5 2 6 7 8 9
233 6 0 1 4 5 7 10
93 3 5 9 10
161 4 0 5 9 10
219 10 0 1 2 3 4 5 6 7 8 9
111 3 0 2 9
6 8 1 0 2 10 0 6 4 10 4 9 0 8 1 4 3 9 10 10 5 2 0 4 9 5 10 2 8 10 7 7 0 10 5 9 4 6 2 0 2 3 7 4 0 9 1 6 5 6 4 6 9 2 9 4 8 5 1 8 1 1 1 1 5 6 3 4 10 4 3 2 5 5 2 9 0 0 7 2 3 3 8 9 1 10 3 1 7 1 8 2 8 2 2 10 6 1 3 0 5 8 3 4 5 0 1 7 9 0 0 9 1 0 0 10 8 10 5 2 3 7 4 1 8 1 4 8 9 1 0 7 8 8 1 4 6 4 10 9 2 1 6 3 1 6 2 6 2 0 3 1 5 8 6 1 4 10 2 3 2 7 9 5 4 3 10 2 6 2 9 2 3 10 6 0 2 7 1 3 4 7 5 10 0 5 2 7 2 7 7 8 2 7 6 0 8 6 9 9 8 8 9 2 9 8 3 5 9 6 7 7 6 10 1 0 10 8 0 1 4 8 0 4 1 7 5 3 7 8 6 5 8 0 5 0 2 9 7 7 1 2 6 7 5 8 4 4 4 3 7 2 0 1 0 10 1 9 1 0 9 8 4 2 3 7 1 9 3 9 10 6 7 2 10 2 10 10 3 6 3 6 10 10 1 6 0 3 7 6 10 8 7 7 9 6 10 8 7 7 8 4 9 1 10 9 5 1 1 7 1 10 9 4 6 10 3 9 10 5 10 6 1 8 2 4 8 10 3 7 4 1 2 5 6 6 4 1 6 6 1 7 1 6 9 10 7 2 3 4 9 9 2 2 3 4 2 6 8 9 5 8 4 7 1 8 3 3 0 1 3 6 10 10 1 0 0 3 3 0 2 8 0 3 9 6 7 4 10 2 2 10 1 5 3 4 10 7 6 6 3 7 3 9 0 10 1 9 8 7 1 0 9 10 8 1 2 6 4 5 1 7 1 3 10 3 10 7 1 1 1 5 6 10 0 4 7 5 0 5 7 2 2 3 6 10 0 5 10 4 10 7 5 2 3 4 3 5 8 6 4 3 7 0 1 9 5 1 2 5 8 9 2 4 8 3 7 10 7 9 5 3 4 9 3 0 3 6 9 10 9 6 2 0 10 2 8 4 2 7 0 5 6 2 1 0 5 3 10 5 0 3 1 7 5 9 1 9 1 2 8 1 2 0 0 2 0 2 6 6 2 7 2 2 0 0 10 3 7 3 8 4 8 3 0 10 10 10 5 2 4 8 2 3 9 4 6 4 1 5 6 4 2 7 8 6 1 9 7 5 9 3 6 5 8 5 3 10 4 9 10 8 3 6 10 6 2 3 10 10 4 0 9 2 3 6 9 7 8 5 4 4 3 5 6 8 5 2 4 0 9 7 6 2 2 2 10 9 9 4 7 0 10 4 10 3 5 5 0 0 10 5 3 4 9 2 5 7 1 2 9 4 1 1 0 9 8 10 7 5 3 10 8 3 7 0 2 6 5 1 8 0 1 0 0 7 2 10 7 4 9 3 10 5 10 7 8 9 1 4 3 7 9 6 10 6 4 10 0 10 8 1 6 10 8 4 6 5 9 6 7 0 3 9 10 7 10 5 3 3 7 5 0 8 1 0 8 9 4 0 1 7 0 8 9 1 1 0 7 3 2 7 2 9 5 9 7 6 3 7 3 2 10 8 4 2 3 3 10 2 6 1 6 5 1 1 2 4 0 1 0 7 4 0 5 1 2 3 4 5 6 4 5 10 10 8 5 7 1 8 0 7 0 3 5 1 1 6 0 5 9 9 3 2 2 7 9 6 6 7 3 3 5 2 1 2 3 0 8 8 7 9 2 5 3 1 3 4 4 9 5 9 3 1 3 10 2 5 10 8 1 3 7 3 1 2 4 1 4 7 5 9 0 7 10 2 7 10 10 4 3 7 7 7 1 8 9 10 5 5 8 7 8 5 5 1 6 5 4 1 6 1 3 6 4 3 6 7 1 8 6 5 3 6 8 9 3 2 0 6 6 9 4 2 4 8 0 5 9 7 8 6 7 9 8 1 7 2 10 3 9 7 1 9 2 8 5 4 6 2 6 7 10 0 6 10 4 10 4 3 2 8 10 2 2 2 4 2 5 7 8 4 4 2 0 0 0 1 0 8 5 3 2 0 6 9 6 8 5 10 10 10 6 7 6 0 8 10 0 8 1 0 10 1 3 4 10 9 7 8 9 10 1 8 8 10 2 6 8 1 7 3 8 2 5 8 7 4 4 8 2 0 10 2 2 10 1 4 9 9 6 6 5 7 8 0 0 4 10 9 8 5 7 9 8 8 6 10 0 2 6 10 0 8 6 2 4 1 8 1 3 9 10 10 3 6 10 6 7 4 9 1 4 9 6 6 2 4 0 6 3 8 1 4 7 4 3 2 2 1 10 1 0 0 6 7 0 3 3 4 10 1 2 3 2 2 8 5 6 0 5 7 10 0 10 6 3 10 6 9 7 4 0 5 10 4 5 2 6 6 8 2 0 7 4 10 4 6 7 8 4 10 0 8 10 9 3 8 8 5 4 4 2 8 0 6 5 8 5 2 6 1 10 3 5 7 0 2 6 2 8 1 0 6 5 8 2 9 1 2 5 3 0 4 4 6 10 0 9 7 3 10 9 7 9 6 6 8 10 3 2 2 10 2 7 10 2 8 4 8 8 2 0 0 4 3 2 4 7 1 9 2 5 10 3 7 0 9 8 1 4 3 6 7 1 4 10 4 6 8 0 3 3 8 8 4 7 4 1 1 9 4 8 5 7 5 5 2 3 7 5 3 0 6 4 3 0 3 2 6 6 2 7 1 2 0 7 3 8 0 5 6 1 3 0 8 0 0 7 8 8 5 10 4 1 9 4 8 0 1 2 6 9 6 4 9 7 2 7 5 10 8 8 0 5 0 3 9 4 3 3 6 0 5 4 6 4 8 0 4 9 4 3 8 2 7 6 3 10 5 5 9 3 5 3 3 5 5 2 3 6 1 6 0 7 9 6 2 6 9 4 9 4 7 7 4 8 7 6 3 9 6 9 6 8 10 0 0 6 8 4 10 10 2 6 3 7 8 7 4 9 9 4 2 0 10 6 0 6 5 3 0 6 2 0 2 6 9 1 10 0 2 7 2 10 7 6 2 3 9 9 7 2 10 10 8 4 7 2 9 3 7 0 1 8 5 3 5 9 2 9 1 1 0 10 5 5 5 10 6 4 7 6 1 1 3 3 0 3 9 7 6 4 9 7 8 1 9 3 0 1 2 7 4 10 1 3 8 7 3 5 2 2 5 5 9 3 5 5 2 8 9 1 3 3 8 8 1 2 3 4 7 5 6 10 4 8 5 3 5 7 6 0 7 4 1 9 9 3 9 1 5 9 8 4 8 3 3 10 0 2 10 10 4 6 2 4 0 9 4 3 8 3 0 6 9 1 0 7 5 4 2 7 0 9 9 4 5 3 3 4 0 0 0 5 1 8 7 4 4 1 9 6 8 4 9 2 0 8 0 3 10 6 6 9 1 5 5 9 10 9 2 6 9 5 0 3 6 4 5 0 6 2 0 9 5 7 3 8 3 8 9 4 3 1 6 5 6 8 2 0 5 3 2 8 0 0 9 6 0 4 1 3 10 2 6 8 0 2 0 3 7 2 10 5 3 2 0 5 4 10 6 0 7 0 0 8 2 5 2 7 0 10 7 8 10 6 10 9 0 6 1 8 4 3 1 8 8 9 7 3 0 6 1 8 5 1 1 3 9 1 9 7 0 1 7 3 1 2 2 9 0 4 9 6 3 5 6 2 6 9 10 6 2 5 7 9 3 10 0 4 8 5 6 6 0 8 3 6 3 3 0 10 6 6 2 6 9 6 0 7 3 5 1 8 9 2 2 10 5 0 2 10 0 3 3 8 10 9 10 5 4 1 1 4 8 0 3 8 6 9 8 8 10 8 5 6 10 3 7 2 4 2 4 6 2 3 2 8 0 0 6 3 4 1 0 4 2 10 2 6 2 6 3 1 0 2 7 9 2 7 5 2 2 5 1 9 0 3 2 5 1 8 4 6 10 8 1 10 1 4 6 4 6 5 5 9 9 1 9 7 4 7 6 7 0 5 5 7 0 2 4 10 2 2 2 3 8 9 7 9 1 5 3 6 3 10 1 6 6 10 6 3 8 9 10 2 9 10 2 8 7 0 1 8 3 4 1 4 3 4 5 8 10 7 1 8 2 2 8 2 8 3 5 10 10 1 6 2 2 1 10 6 7 7 0 0 3 4 5 0 5 2 8 4 6 8 5 3 2 2 7 7 1 8 2 2 7 9 1 4 9 3 10 8 8 2 7 8 2 10 9 0 8 1 8 5 0
