4 161
2 570
27 634
159 1980
3 636
1 1082
622 1547
10 486
15 566
5 1993
71 836
16 1836
201 1173
639 1733
11 713
80 1270
150 1793
222 1760
25 1980
157 130
716 11
21 1240
40 87
36 314
737 364
6 102
181 1333
275 1635
22 794
7 850
205 1083
218 1338
114 993
129 1646
31 1642
55 371
42 1980
52 986
60 1773
14 1785
312 1140
28 1157
65 73
773 1122
316 1890
293 1379
302 1267
138 648
182 753
85 1493
101 1345
64 473
44 1252
372 276
32 1731
774 1631
68 752
18 1537
340 687
82 159
102 1628
112 433
271 519
877 111
50 1692
38 551
139 32
887 430
39 552
906 1597
497 796
909 1857
116 349
59 1269
26 58
935 586
163 431
30 481
322 1224
72 1940
353 488
63 1609
141 762
364 1560
173 702
89 1790
374 1625
54 540
165 1981
67 422
192 1770
241 110
357 1865
447 698
448 142
91 1707
449 835
466 135
482 1835
8 1478
387 1016
33 845
170 881
528 1324
95 909
9 1857
83 975
143 1360
90 799
12 1423
485 1700
93 196
396 703
491 1875
13 423
641 343
988 1059
255 1287
257 405
97 415
409 1176
509 123
105 192
96 951
17 579
688 3
145 814
210 1653
35 1785
720 1674
527 1630
108 1974
19 227
1030 367
424 1889
134 520
536 1243
155 1338
172 890
443 624
174 1
292 1142
319 744
543 1777
1061 661
450 1932
490 782
228 704
534 1416
567 219
202 841
552 1674
578 1627
595 501
213 1979
20 1733
749 1550
1082 481
249 1971
269 387
308 1900
23 1213
783 303
580 662
619 1188
345 1686
125 1016
147 1986
804 161
230 1161
178 159
149 1301
1102 725
352 906
324 140
811 1926
603 411
821 1872
365 601
620 1252
186 33
621 1778
189 205
24 1061
29 232
874 786
197 848
407 1456
240 53
604 1899
204 983
37 661
41 79
607 1217
1127 1027
209 1981
888 911
410 11
894 212
34 1241
636 778
43 1825
45 1911
376 190
46 489
260 787
151 1775
1134 1082
216 404
609 1568
270 202
48 1524
625 708
647 1786
900 1338
51 590
47 703
380 1774
655 1641
904 283
391 1513
220 1539
1166 1911
656 1117
233 159
49 10
57 135
657 1641
629 316
911 196
917 401
644 561
392 957
53 1865
700 990
420 615
398 739
58 909
158 156
702 1786
405 79
1191 1274
430 97
413 142
160 530
942 1230
56 442
61 1090
953 99
234 396
445 1513
432 1242
436 606
959 981
284 1327
1192 517
475 1692
451 135
62 456
288 473
167 1780
989 957
235 586
298 230
66 631
237 1697
673 495
455 306
1194 117
169 202
686 1483
1036 613
171 883
694 1423
1204 556
70 398
695 1815
73 672
506 405
483 1420
1041 435
69 805
1052 813
75 1148
484 760
699 757
722 191
243 1756
254 83
76 1131
1059 1269
1072 1140
175 910
266 537
705 58
493 1724
723 867
709 1640
1207 1192
731 575
1078 1924
187 1465
86 1561
725 1049
1214 124
87 1130
74 1877
1229 1397
188 905
743 1317
1079 95
277 117
499 521
762 1297
193 968
504 113
77 1269
195 1635
88 942
301 1082
740 1606
311 1663
199 1565
745 445
529 1137
1235 299
94 1150
1238 223
1248 142
78 1096
505 1790
79 1875
776 1617
81 1078
764 521
84 1886
1256 1357
200 1397
318 500
212 984
772 1956
325 103
92 58
103 1797
1108 266
98 503
510 952
775 71
1264 615
278 1942
789 1669
330 1435
538 1651
283 126
778 1140
286 196
214 12
805 99
781 114
295 194
545 1033
788 424
565 908
588 1705
338 935
215 1547
106 1
1117 401
223 1355
99 1350
354 1066
1130 1217
596 1996
1161 1087
229 1666
100 269
1195 152
1269 1329
823 1688
296 1625
1282 1159
512 654
236 249
238 1342
104 261
801 477
825 863
239 828
597 235
366 125
303 828
1201 152
852 902
513 1082
869 829
826 401
377 909
242 452
875 1379
107 543
1205 494
379 739
109 1302
1287 738
304 687
1296 1868
845 613
395 401
306 1907
1301 146
598 1988
110 365
1212 1147
519 249
882 1106
1227 695
524 488
860 1971
890 1194
865 1986
1232 744
402 187
600 703
244 1663
913 1454
870 1327
113 1724
914 1211
537 173
323 1726
1236 1074
403 1924
115 1934
111 1620
117 1980
539 1749
412 1904
872 1939
605 710
118 1128
884 1797
1321 845
119 590
916 911
542 1420
1239 703
611 1968
121 1828
923 1454
245 861
419 109
618 1018
892 1294
120 1086
928 1998
544 1746
551 1016
248 1881
123 156
1323 1360
624 951
651 1240
126 258
127 708
1273 200
899 1318
556 911
250 1891
652 720
665 786
253 883
1278 1183
327 1625
1288 772
128 297
1337 1867
936 1506
130 392
1289 225
921 140
941 1464
667 12
925 1872
671 208
951 1875
429 753
558 1662
256 581
435 1759
446 1748
681 845
454 787
1342 53
133 1240
135 127
685 576
1343 1704
335 1563
576 1054
346 1093
934 1989
1292 520
706 373
259 995
1300 1687
347 102
1306 1796
458 1690
579 484
957 1786
122 708
124 738
262 1547
713 1315
938 523
131 1765
142 1886
146 1110
349 269
355 1987
944 822
472 1853
152 1079
153 1670
594 876
719 1290
1346 1941
265 1805
267 311
1371 692
1319 817
268 1963
274 1311
487 1638
1377 673
958 1352
361 31
489 478
968 1082
724 1949
726 1433
1327 702
1329 1140
161 1403
362 1195
974 1188
1378 190
976 223
132 656
1391 794
494 126
728 63
162 848
280 1896
164 210
1398 778
1330 199
1352 536
502 1117
503 1812
1354 1745
368 1864
977 1445
599 791
1417 1866
608 701
627 552
633 910
285 369
978 495
1367 149
136 612
507 388
738 196
991 799
741 1901
637 943
287 1590
645 1597
511 1767
1421 957
662 119
1374 1864
137 804
370 1290
986 1281
518 894
1425 1172
995 1103
166 796
1008 1262
371 235
373 470
748 1519
520 1173
140 1002
1002 207
663 269
1050 1217
289 1745
1053 627
375 1443
177 1864
1010 1703
144 652
1062 805
521 207
378 1789
290 1705
522 1930
540 860
1376 1872
546 953
750 1369
1443 1066
148 1412
1445 273
664 1338
668 119
1011 517
1389 1984
291 1040
1017 1262
154 501
300 1485
757 1955
550 1909
759 1763
1025 258
1450 1749
553 1353
1063 1355
156 33
557 157
1069 832
381 1058
307 1516
168 881
1028 1008
1452 1265
1084 1768
1462 799
559 1702
1031 727
383 1175
309 1128
310 1366
1468 848
313 275
180 1469
1086 1172
183 1555
676 1502
678 110
1404 799
1094 818
771 122
176 1965
179 430
315 657
682 754
1473 493
1477 1301
683 673
321 968
1034 1623
384 847
397 1943
326 1852
687 1204
1407 991
184 1351
334 1262
690 1778
339 851
1482 968
252 436
1416 1838
185 1590
399 403
406 1471
792 1635
415 1221
691 636
566 668
477 957
190 1974
1484 524
1035 1641
796 51
1037 1638
417 845
1040 488
1491 1562
1513 738
1517 1327
191 1966
1064 1161
696 910
1112 1907
698 1836
1068 1409
1422 1248
1071 734
426 1093
1424 1213
704 1986
710 765
348 10
1122 551
194 1891
568 1815
715 1386
196 1724
431 556
356 158
516 1952
517 1809
1074 368
1131 1865
721 1838
437 602
732 1451
797 371
1428 1032
198 501
203 732
1133 122
733 1461
206 392
207 1329
1085 735
440 1866
208 1797
736 1125
211 911
1435 1455
739 1537
1091 1623
1092 1386
1524 1749
742 1884
1530 1213
746 266
752 494
753 1076
452 813
630 1665
453 556
1531 23
1439 152
457 476
770 854
459 1966
806 817
569 581
1143 1480
571 1289
358 98
866 720
763 702
217 245
791 666
359 33
1099 1738
1440 1026
1103 87
1105 733
1109 836
1145 203
1535 828
794 953
360 457
464 1074
809 1602
1446 94
795 542
1447 886
470 1778
1110 938
572 420
798 778
219 229
810 758
799 861
1536 1464
478 186
1114 1565
1542 806
479 228
879 1076
800 672
577 1504
1146 950
1550 373
221 1785
1151 1527
881 1581
363 123
1553 1220
1152 728
367 111
820 1755
582 1504
224 1878
822 1594
225 703
824 1337
369 249
1562 1662
1116 444
1009 1371
480 589
226 552
827 106
1571 626
584 1975
828 1262
833 1068
1451 359
1167 1833
835 1701
587 413
842 203
481 1168
382 513
385 1338
843 69
1119 75
1170 1087
802 1276
1107 1331
227 25
1573 1563
844 1040
1181 1902
386 1117
859 1715
807 1426
861 1
1135 1315
1141 503
231 1972
486 1168
590 845
862 657
388 1906
488 827
814 998
389 413
1575 1327
1578 1609
592 137
1184 77
492 1307
232 829
815 222
1598 1382
601 1838
390 55
393 486
1457 1516
1189 1794
863 1040
871 542
495 1244
610 223
1606 891
819 1905
831 1710
394 275
1129 773
1459 1804
246 1168
1493 44
247 1827
1607 908
1208 1710
496 1127
1616 270
880 1352
498 369
1619 77
1223 577
1186 21
500 54
1496 1565
616 473
1270 1486
251 1929
1275 387
1139 1219
1144 227
1497 98
1620 1122
1148 173
400 1632
1187 600
889 1156
1149 1275
897 1053
1621 1658
1193 601
623 590
626 100
258 186
898 103
1624 1262
1198 556
401 1632
261 33
1308 1200
912 1850
836 200
1154 102
1158 697
404 1656
263 127
1637 720
838 718
628 1587
1159 1168
1500 1577
408 1203
918 417
1160 387
1317 1661
411 763
920 953
264 1293
272 1462
273 1083
1163 1228
414 1636
841 493
276 1503
1643 146
1648 1867
922 1663
1200 93
1361 440
416 1161
924 1125
501 552
508 1154
1203 708
1502 25
927 1252
1651 155
279 330
281 1701
850 478
631 1911
1380 776
1652 1329
930 1416
1217 127
1654 1182
632 193
1655 1813
1225 60
282 898
1392 1912
634 1790
514 1504
1226 1419
853 142
1228 891
1164 814
515 528
932 295
933 1817
418 1313
523 1513
1503 949
294 626
858 1678
1165 979
1507 965
421 1991
1393 1338
1394 1187
867 1788
868 1595
525 223
297 1506
937 1010
635 1690
638 1934
873 403
1237 227
876 827
422 1782
1169 368
423 391
1177 701
640 117
943 1214
945 910
526 1221
1244 1117
1406 1627
1668 1917
948 1146
1178 227
1510 1506
1409 1416
1523 594
299 333
305 1635
1414 804
425 1986
642 1255
643 426
314 163
646 1796
317 755
530 272
878 634
949 1903
1437 1930
1525 14
1474 703
1179 159
1671 1853
427 1153
1475 941
956 861
648 303
883 78
320 314
1247 100
1249 1749
1180 1224
1258 1760
1528 1156
1183 702
1478 585
1260 758
428 703
531 310
328 4
532 1063
649 1368
1266 545
533 1230
329 1139
1529 1878
650 1295
653 1872
1532 534
331 1507
1674 200
1533 156
654 1980
1185 1679
885 1929
658 1191
659 456
434 799
660 433
535 657
541 1586
1486 1944
438 1070
547 105
661 528
1534 1329
1188 152
1492 1934
666 865
960 1114
332 984
548 201
333 1838
886 1449
891 359
439 598
1508 493
1676 634
1537 635
1538 804
1267 249
669 1700
1680 1922
1512 866
1539 1787
336 553
337 148
1682 1162
967 404
1686 1768
893 533
670 46
1190 571
1689 1923
895 1852
1268 917
549 1204
672 422
341 753
441 845
342 989
896 1442
970 876
343 463
344 594
901 1017
1518 1033
1196 561
1521 734
902 909
350 98
554 1565
1693 1191
1540 1771
979 1681
1202 1594
1697 830
351 916
433 1896
555 325
1544 1278
1545 1333
442 269
1547 1833
444 1350
1548 476
1274 1739
1279 1993
560 1475
1280 67
586 1237
982 1096
1554 1240
561 142
456 493
1552 1256
1557 1565
1700 959
1563 891
1564 738
1710 1966
1566 1968
1281 1814
1729 1355
1284 1234
1568 1681
785 996
1206 226
562 692
1732 894
563 1116
674 324
1569 1800
903 672
675 1928
460 999
1211 1661
905 1689
840 1541
461 845
983 778
907 57
1213 886
1555 1063
1735 126
1572 1336
987 1633
1737 659
564 1166
1153 1233
990 76
1162 636
1752 1619
993 1791
1197 1943
1558 828
1559 113
677 1670
570 779
1576 1759
1560 765
679 1886
1580 1756
1561 1971
462 1384
908 1709
994 864
1574 64
680 1773
996 1882
1216 51
684 603
463 1646
1759 1252
1583 1668
910 288
573 1600
1293 1420
689 1709
574 879
692 1291
919 1878
1760 25
1199 867
1210 392
1582 1604
1295 388
1299 884
1586 1386
1584 669
998 1237
1215 1614
1242 1741
1218 1674
1303 631
1595 334
926 1782
1304 461
693 1777
1219 1058
1263 1896
929 833
1766 763
1220 1117
1326 63
1771 1783
1309 1705
1221 957
1776 325
931 1167
1589 733
697 556
1000 229
1222 431
939 1860
1604 74
1781 938
1001 1770
701 560
1368 1316
465 992
467 776
940 1089
1628 1130
468 520
1007 1435
703 1016
946 1020
1630 1168
707 780
1310 1002
1640 1082
1592 949
469 1374
1224 1416
708 1237
1594 655
712 1649
714 1622
1397 1168
1597 200
1599 921
1401 1081
471 1430
1645 1651
1782 1980
1600 79
717 1614
1602 1351
1603 1269
1311 814
473 486
1605 394
474 1687
1608 486
1609 898
1666 1903
1230 1929
718 1066
947 1949
1015 1975
575 924
581 1002
1610 1561
1784 390
727 324
1233 1198
1016 200
476 466
1408 1733
711 829
1234 301
1670 828
1611 610
1312 1494
1430 1744
729 1111
812 671
583 962
950 1838
952 1809
954 732
1614 526
1240 634
1615 1635
1438 697
1039 606
1677 282
585 1597
1787 1237
1328 401
1793 1405
1795 698
1058 1749
1683 1690
1617 848
589 219
1799 1891
1332 1614
1241 1638
1088 952
1803 1456
1022 777
955 1125
591 881
1466 423
1804 1872
1023 1408
1334 622
1243 950
593 1618
730 1302
1806 1237
1684 1278
1340 801
1245 1824
1685 866
734 1379
1471 1140
735 1017
1625 1809
744 602
1627 1067
602 1748
961 1456
747 1750
751 226
962 617
1485 1224
1246 487
1345 792
1703 1814
1808 1513
1709 324
1629 1016
963 778
964 1156
1347 1292
1632 1809
1350 42
1633 1527
1723 161
606 1628
1809 227
1639 255
1495 759
1355 1329
612 985
754 208
965 850
1726 1140
1250 1027
1815 1656
1024 1886
1358 1564
1499 1058
1511 1048
1251 997
1089 1008
966 1757
1816 276
969 99
1118 1715
1818 1844
613 1980
1728 822
1641 1443
1730 312
1526 1901
1155 1735
1359 388
1736 777
755 1692
1822 1366
971 919
1262 1790
614 1586
1365 1347
1291 1724
1824 568
1541 1210
1026 129
615 387
1543 1211
1029 321
1743 283
1644 1322
972 502
1032 1638
1366 713
1042 66
617 218
1252 481
1745 1460
1747 1291
915 325
756 235
1369 340
758 1200
1749 1075
1570 617
1325 1455
1656 1980
1581 1642
1043 1716
1253 1208
1761 100
1842 264
1844 314
1044 647
1049 173
1585 1127
760 1221
1370 713
1593 1071
1859 1694
1863 792
1096 672
1601 725
1870 1378
1612 1901
1067 375
1762 1823
1254 1442
761 664
765 1587
973 764
1877 1639
1070 1967
1618 1872
1255 817
766 113
1765 1670
1657 1872
1075 127
1128 911
1878 1018
767 185
1168 1980
1257 1982
975 1445
1796 1610
1081 1806
1798 1917
1353 1244
980 1475
1658 1534
1182 1173
1209 473
1800 1214
1660 720
1396 843
1307 1144
1083 1980
768 1868
1813 10
1663 917
769 1863
1373 1833
1881 1209
1819 79
1665 1055
1259 216
1379 786
1631 1925
1261 312
777 89
779 1614
1667 1416
780 489
1418 100
1314 1879
1888 1646
782 456
1087 978
1634 1759
1826 866
1316 1355
784 1338
1381 81
1669 1818
1830 401
1841 930
1090 801
1265 1980
1093 1618
984 1209
1271 1809
786 450
1889 187
1672 539
1349 541
1635 1140
787 1878
1426 1981
1383 95
1480 207
1420 744
1432 207
790 352
1385 484
1679 1528
1448 1147
1472 1722
1690 19
1843 1413
1642 1893
1692 861
1519 1017
1696 1218
1388 10
793 137
1646 613
1272 1311
1699 117
1399 847
1702 1610
1403 359
1706 1245
1893 1547
1711 1425
1896 1397
803 1179
1095 106
1522 656
985 25
808 500
1476 701
1712 1999
1858 1059
992 304
1899 1759
1650 764
1653 385
813 985
1276 1666
1097 816
1902 1271
1479 1513
816 316
1662 255
1098 1168
1906 448
1907 1801
1861 1067
1490 507
1516 1763
1673 1563
1876 1275
1277 436
1698 1408
1708 98
997 525
1100 1066
1715 67
999 1109
1520 1218
1880 1203
1405 1782
1713 617
1003 923
1556 1572
1004 1000
1714 240
1716 930
1718 113
1882 135
1283 1596
1285 367
1101 620
1005 1770
1565 1460
1717 1722
817 1744
1286 1053
818 47
829 996
1720 425
1527 404
1410 656
1739 1131
1577 786
830 19
1006 369
1908 1768
1587 1130
1719 806
1104 721
1909 408
1546 1609
1744 1000
1912 1066
1290 929
1914 644
1915 245
1590 1403
832 845
1748 1956
1892 251
1013 205
834 1335
1721 41
1772 1501
1551 1890
1622 436
1014 1697
1567 1924
1895 1160
837 830
1647 1101
1106 1884
1722 909
1111 919
1897 726
1411 1718
1775 551
1113 383
1785 635
1661 1046
1294 476
1898 935
1664 430
1115 172
1725 1903
1120 1656
1412 1626
1901 985
1678 1628
1018 1209
1731 969
1904 645
1733 79
1413 601
1596 1443
1019 103
1910 1773
1121 488
1820 1782
1020 786
1415 1806
1691 1158
1419 654
1911 1787
1734 1480
1913 106
1427 1056
1827 1860
1738 243
1123 1088
1124 249
1613 1902
1694 748
1839 1419
1916 1169
1845 1083
1918 1979
1923 1121
1125 79
1429 1773
1704 681
1740 786
1431 709
1433 1327
1126 1890
1741 1483
1924 476
1746 1849
1132 718
1750 1513
1727 1350
1434 1840
1136 1632
839 1836
1297 1122
1919 774
1753 1880
1846 952
1436 954
1920 902
1850 512
846 1539
1441 957
847 1
1925 1931
1137 775
848 1884
1626 1628
1927 718
1763 1336
1922 813
849 941
851 446
1298 1977
1638 1075
1926 269
1442 1178
1928 125
1021 718
1754 119
1444 1221
1675 828
1929 196
1854 100
1138 909
854 493
1767 1980
1860 155
1140 25
1864 1483
1681 1983
1449 1597
855 76
1934 348
1769 1136
1770 1914
1773 371
1687 1103
1302 227
1305 1279
1313 934
1778 504
1935 1438
1453 1426
1142 1815
1027 1002
1786 1809
856 1423
1865 835
1764 9
1774 1684
1454 672
1033 208
857 1797
1147 604
1789 1158
1930 738
1688 1966
1790 612
1455 456
1777 1503
1701 1244
1038 196
1456 1178
1783 1465
864 636
1791 354
1045 240
1931 1403
1792 1311
1150 67
1941 1944
1933 327
1315 1128
1046 1674
1869 54
1942 870
1047 1889
1048 1419
1051 258
981 385
1318 1090
1936 313
1794 117
1054 780
1320 1545
1801 1000
1883 984
1885 861
1458 1942
1055 1179
1937 38
1802 1872
1322 1934
1886 200
1939 39
1460 10
1461 1966
1805 1703
1940 1007
1324 1692
1056 67
1331 909
1012 1917
1705 1956
1156 38
1810 1243
1742 500
1333 316
1943 1597
1755 111
1335 1108
1887 733
1945 1244
1890 1684
1463 1920
1788 1373
1157 1241
1336 1715
1338 985
1057 1976
1947 281
1339 245
1946 1910
1060 1651
1953 1167
1840 690
1811 968
1955 1172
1341 1828
1464 119
1171 481
1894 512
1231 1332
1172 1836
1065 463
1066 25
1344 1246
1903 1397
1932 200
1465 681
1467 1845
1173 219
1814 657
1348 1828
1768 755
1469 227
1395 1740
1957 471
1958 263
1959 159
1514 1356
1073 1755
1351 1443
1076 273
1356 1674
1357 1085
1950 487
1360 856
1077 995
1948 1749
1817 744
1821 409
1949 1878
1960 1820
1080 1068
1174 1088
1853 1849
1175 1948
1823 1067
1176 1065
1964 1389
1965 1218
1515 178
1975 1715
1362 396
1363 120
1623 342
1797 1016
1981 1087
1402 1010
1951 1976
1423 703
1549 334
1857 1630
1579 126
1591 393
1659 1965
1636 1348
1855 1095
1982 1240
1862 1710
1871 1204
1756 51
1588 1593
1954 1786
1962 82
1649 142
1470 1581
1483 1608
1866 1248
1825 1405
1961 817
1972 813
1364 147
1872 401
1874 1726
1695 828
1829 1942
1372 76
1831 1108
1875 832
1832 199
1900 1397
1891 159
1375 977
1938 778
1751 1392
1852 486
1966 1628
1833 718
1707 1748
1988 1801
1967 1037
1989 607
1382 703
1780 1590
1807 1758
1487 880
1488 870
1968 561
1835 1311
1384 696
1489 461
1921 416
1980 196
1494 1024
1963 112
1386 240
1867 1306
1757 1438
1498 1316
1879 1655
1985 609
1828 1217
1387 1136
1971 1786
1836 401
1848 1687
1969 209
1779 284
1856 222
1996 1494
1501 936
1984 200
1986 1944
1837 1190
1990 1831
1976 109
1873 1598
1905 715
1504 1627
1979 312
1917 87
1812 1465
1952 683
1970 1800
1505 1128
1884 985
1390 1063
1993 488
1838 1278
1847 550
1506 1849
1509 117
1868 1387
1973 1791
1849 159
1994 1793
1974 1608
1851 832
1998 1860
1400 1327
1983 613
1987 1265
1991 702
1481 32
1992 1190
1978 992
1758 730
1834 1565
1956 1615
1997 672
2000 526
1944 556
1977 1008
1999 1988
1995 1780
