1630 271
719 7 98 127 159 184 188 192 230
1257 5 20 44 220 238 243
169 3 149 179 190
676 5 75 109 171 188 270
544 6 56 127 141 146 174 260
307 3 11 144 227
1452 4 98 225 260 270
132 1 184
1278 6 20 143 152 156 174 224
914 3 76 172 195
1312 3 89 157 198
976 3 124 224 237
72 5 17 55 81 158 186
823 7 17 76 106 129 174 214 227
330 5 25 42 94 191 235
1471 3 47 148 197
1373 9 28 39 55 131 143 150 182 216 235
1003 5 18 27 143 150 183
767 5 0 72 144 145 151
699 2 91 108
675 7 62 87 132 172 182 227 270
1317 7 14 48 76 81 162 186 199
645 4 33 110 131 252
1444 5 16 56 129 205 260
893 6 25 48 154 162 182 197
1525 6 4 48 83 109 121 216
1250 2 208 242
721 5 121 129 143 150 210
1170 6 39 93 151 171 216 219
347 3 108 130 140
1093 7 73 102 106 192 216 247 265
917 7 0 4 7 105 224 231 268
7 3 4 148 265
1267 5 14 72 103 183 265
71 3 76 132 227
966 7 56 90 109 120 127 230 255
413 6 47 53 87 143 205 260
1368 6 42 82 87 143 235 238
1566 6 4 124 156 163 211 226
1528 7 14 50 127 136 145 157 238
732 3 103 146 215
485 4 57 138 172 216
977 4 52 100 129 151
399 7 19 39 89 143 158 164 218
243 3 27 147 190
362 9 30 90 99 171 172 202 225 255 268
1206 3 58 75 174
242 4 27 99 188 225
1448 3 106 172 198
1351 4 3 103 118 226
537 7 14 144 204 222 224 228 230
986 12 25 42 44 104 136 139 166 182 186 197 210 215
265 5 134 163 218 219 260
561 3 9 20 231
104 5 62 73 179 198 216
1029 6 130 139 156 160 188 254
1439 4 90 149 228 231
1092 3 89 102 131
1298 3 50 154 251
1306 6 23 42 69 91 236 239
1371 8 18 19 53 100 144 152 158 184
119 4 75 102 143 231
320 1 270
9 4 19 59 130 170
1312 8 43 102 108 164 171 179 197 235
209 6 18 55 146 172 191 193
466 7 23 57 108 144 154 156 219
1190 3 20 43 213
1538 5 58 62 69 110 127
1519 5 18 50 57 95 192
342 5 9 44 149 184 236
634 2 191 235
380 5 3 14 73 91 98
912 8 5 52 81 83 110 159 179 186
267 7 19 99 127 131 147 224 230
1466 6 23 44 48 52 98 160
17 7 143 147 157 208 215 224 238
1612 3 89 151 230
1153 9 15 52 75 108 117 145 169 198 209
1286 5 9 20 103 110 208
301 6 25 57 118 120 186 239
746 2 204 242
543 2 49 192
946 5 192 211 236 247 251
423 1 129
497 5 83 107 192 214 237
390 8 11 16 48 57 152 169 251 260
1305 4 73 94 104 236
427 3 227 251 269
1441 4 44 148 184 211
412 3 124 195 218
908 3 7 18 33
1417 4 27 137 219 260
657 9 41 59 62 93 135 138 140 195 210
1287 2 4 198
28 5 18 73 106 135 172
1202 8 89 147 162 180 216 219 238 260
764 3 30 109 218
1513 3 15 18 59
533 2 99 146
467 4 50 183 197 227
532 4 15 60 90 98
830 1 136
1136 2 72 129
237 7 3 39 127 186 214 226 236
890 3 30 105 137
196 5 11 52 68 127 190
821 1 23
396 4 140 159 226 235
750 4 25 30 76 145
1502 2 55 102
264 3 98 160 236
122 4 117 136 164 202
1070 7 14 69 202 211 237 251 265
1395 2 56 137
566 6 11 15 19 83 211 222
738 3 98 140 174
220 5 5 27 109 157 220
1374 4 136 147 238 254
770 5 87 135 160 163 201
1041 7 83 127 157 164 214 239 268
14 5 11 44 107 197 211
1454 9 20 25 27 58 82 93 110 210 247
1279 5 17 20 118 145 149
433 3 16 23 130
1000 2 16 44
422 6 5 7 27 163 193 214
172 9 55 57 68 103 108 121 156 216 265
1301 3 23 119 184
344 7 28 31 132 136 179 190 214
1585 7 15 34 93 110 134 169 197
29 4 15 213 225 250
645 9 16 87 106 136 170 197 226 260 270
733 2 188 208
260 4 38 160 179 202
1207 3 50 89 209
1394 4 104 127 190 255
483 4 14 104 172 214
395 9 5 14 57 149 158 163 164 171 252
75 4 41 102 106 149
435 7 94 183 193 201 265 269 270
1173 4 9 76 95 169
1218 2 130 140
474 5 17 92 147 150 225
980 6 7 42 44 69 201 263
457 5 43 49 75 87 201
1518 6 7 15 62 89 120 145
1449 4 17 102 146 236
973 4 23 73 132 139
378 8 7 69 82 174 184 193 243 263
1602 2 16 23
673 8 0 11 17 90 117 118 209 255
1423 5 182 184 190 260 269
1502 4 0 100 132 242
383 7 44 104 134 141 148 188 270
641 4 140 227 236 250
352 3 0 146 147
1074 5 11 43 191 199 270
78 7 30 39 75 89 137 224 251
1214 7 25 42 69 131 134 146 226
73 6 82 145 146 193 195 250
41 6 20 91 94 144 145 243
1128 8 20 43 87 99 152 188 198 222
510 4 4 69 109 140
702 6 16 23 103 179 216 222
855 7 68 76 82 99 119 170 184
1055 5 57 62 105 236 250
918 6 34 47 154 191 201 228
127 4 59 94 120 270
1443 4 57 110 171 270
100 6 0 25 89 92 107 110
1337 4 56 99 202 237
23 6 23 106 140 148 172 242
1333 3 44 102 216
1038 8 4 76 102 151 158 160 180 225
468 1 38
367 5 60 76 110 208 238
877 10 0 5 9 20 49 62 72 154 226 228
672 5 172 186 190 235 255
390 5 11 16 110 169 254
1211 8 0 42 57 95 119 180 208 225
660 3 90 197 239
774 3 30 81 93
263 6 31 116 162 199 219 237
129 3 102 210 214
6 7 43 75 95 147 222 227 250
1098 5 5 14 81 201 254
1252 6 44 57 110 139 140 147
554 7 5 15 20 42 69 158 193
760 6 72 92 130 136 157 159
509 3 170 204 218
223 6 9 15 43 118 169 239
1356 9 33 39 50 55 94 130 219 260 263
365 5 30 87 160 238 247
1238 10 11 33 41 59 68 98 159 166 210 265
231 2 236 254
1071 4 68 89 148 219
1177 4 18 89 107 199
1359 5 5 33 76 117 136
1462 5 52 105 120 160 228
1583 7 20 92 116 134 195 201 224
237 1 225
742 3 43 73 92
1044 4 3 14 18 238
586 8 19 20 30 172 211 213 237 265
516 2 4 103
1245 2 11 202
1205 7 16 28 33 42 119 138 180
155 8 41 59 87 143 160 180 209 238
562 5 118 139 150 209 211
270 3 127 136 148
1245 7 41 49 87 108 154 158 199
1105 4 30 49 76 190
291 4 81 170 208 226
709 4 9 141 158 254
49 4 4 19 147 179
825 3 57 191 237
1415 6 55 105 136 140 164 191
1606 5 127 134 166 180 224
1427 4 94 102 143 213
1121 6 17 68 90 166 209 231
684 4 53 131 135 143
1607 4 39 72 99 130
8 4 87 250 252 255
908 4 23 42 137 222
826 9 31 92 95 146 183 201 208 251 252
386 10 3 28 48 53 81 180 202 228 231 243
437 2 170 230
1599 3 49 75 143
1441 5 5 93 210 219 260
219 7 72 76 109 183 184 199 205
1241 5 147 159 208 230 247
1256 3 83 108 270
1601 7 23 108 132 138 230 254 265
247 5 208 227 228 231 238
782 6 140 156 163 243 247 250
564 3 120 171 216
351 5 7 30 53 121 138
655 6 7 15 33 44 182 251
626 3 16 34 109
498 8 11 31 34 105 138 191 218 231
720 6 50 109 132 179 214 219
1402 2 211 236
655 3 94 140 208
447 5 16 19 33 69 247
1496 7 19 117 135 140 154 195 209
965 6 91 156 170 190 191 219
81 3 116 172 269
839 5 103 172 188 231 243
1439 3 50 138 154
1627 6 62 100 129 188 201 250
1139 5 18 68 124 132 134
1144 5 4 15 87 124 193
186 2 44 136
482 3 19 90 95
1470 7 30 47 57 105 139 160 250
1075 5 43 68 166 213 247
426 3 14 82 265
466 6 48 68 118 150 163 238
325 3 31 52 170
291 5 92 157 188 220 230
1553 5 23 43 137 190 204
743 2 39 158
1586 4 14 82 92 235
990 6 3 154 156 179 184 213
483 4 0 33 76 141
1018 4 103 152 158 219
747 7 20 55 130 131 140 169 180
1522 6 49 76 156 193 199 211
36 4 27 47 157 254
1175 4 50 103 157 182
1024 5 7 99 106 107 250
976 3 11 44 202
644 6 14 39 72 99 109 224
287 5 25 110 136 152 235
224 4 19 135 220 230
1508 10 42 49 138 144 149 157 162 169 174 235
808 10 20 34 73 87 202 208 225 235 255 265
1508 6 11 14 93 157 195 225
615 5 89 94 152 209 239
298 6 28 42 100 143 184 216
1267 5 99 117 148 192 216
61 4 73 138 231 235
1630 3 4 53 269
86 6 5 124 131 149 179 214
279 4 20 83 199 269
1114 4 48 197 204 236
211 5 98 162 216 222 250
1594 5 56 105 162 202 214
1530 4 41 110 193 219
1280 6 0 9 31 90 228 239
1554 4 132 144 219 251
506 5 28 105 117 148 263
868 3 107 159 160
1154 3 137 199 237
217 4 17 118 182 214
841 2 235 270
226 7 43 110 130 201 219 231 242
48 5 110 129 132 160 227
79 2 174 265
830 3 25 92 183
1355 5 15 102 208 210 265
1104 2 99 213
1136 7 20 143 209 210 252 260 265
1162 6 52 68 105 109 151 159
1341 6 18 38 124 130 135 157
489 10 9 19 42 73 102 110 158 162 211 254
1611 5 25 73 117 159 239
386 3 201 213 270
747 6 16 18 139 145 183 219
1235 4 105 151 158 247
985 4 52 170 184 222
793 4 31 134 237 263
85 11 52 98 108 121 129 140 149 213 220 225 268
1398 4 104 107 143 222
718 6 23 49 50 92 100 141
1404 5 3 18 143 184 198
656 10 3 58 69 150 202 208 214 224 225 238
166 8 9 60 72 98 132 143 190 208
70 4 92 93 183 192
798 6 53 56 93 140 149 190
1347 4 145 242 263 268
686 5 34 129 158 174 238
705 5 43 132 136 230 243
1150 6 33 56 120 136 186 193
366 4 56 150 202 218
1423 3 89 162 250
1306 8 60 138 184 218 230 243 260 269
1162 3 69 76 218
91 5 16 41 57 149 151
379 5 107 131 190 238 251
817 5 73 76 179 193 236
1498 3 4 171 205
78 5 16 73 132 169 180
851 2 170 242
12 8 117 127 170 190 197 204 213 225
1587 2 58 132
1460 7 30 132 146 193 220 251 252
1536 2 93 145
1225 5 28 95 109 135 199
387 4 14 47 116 197
1382 9 3 14 15 23 57 138 140 193 220
9 3 110 186 214
1024 6 3 4 7 47 105 156
169 2 33 151
962 4 137 139 202 242
1359 2 144 222
1481 3 159 162 255
377 3 18 106 183
987 3 43 57 95
765 2 230 269
1285 10 9 33 44 57 134 143 147 164 174 254
250 3 172 209 265
41 11 4 28 95 110 132 134 149 159 198 260 265
1233 6 20 87 145 170 182 243
1119 6 33 81 98 151 180 202
593 6 52 62 100 109 172 179
678 6 9 14 82 107 152 247
1152 3 124 136 263
311 5 3 137 143 190 213
677 9 104 145 192 195 197 202 224 236 254
1145 2 83 137
195 3 145 205 237
1201 4 56 209 260 270
1053 4 75 94 119 149
1025 2 3 192
1335 4 28 47 130 190
752 2 98 174
1506 5 28 42 141 143 216
804 9 3 7 17 93 107 109 157 158 237
1550 3 25 218 235
1609 3 130 208 255
521 9 7 9 33 48 107 157 180 198 263
1378 4 53 59 152 192
387 6 120 127 140 156 237 260
1393 4 19 152 205 215
713 4 107 118 154 260
1459 6 136 137 239 250 252 270
357 6 68 140 141 195 231 236
361 3 31 151 238
86 8 73 129 132 145 149 151 225 243
803 5 82 209 220 222 263
899 5 3 11 143 209 243
1317 4 50 91 182 255
610 8 50 99 118 149 157 162 204 215
1129 6 3 33 44 148 205 228
556 7 99 116 199 222 263 268 270
246 7 34 163 193 208 209 226 270
572 9 0 44 83 95 99 131 201 231 270
1084 7 5 48 55 102 174 182 239
1391 2 134 214
617 8 41 124 144 147 169 209 226 227
1324 9 4 31 41 44 100 109 166 210 230
1308 10 98 105 119 121 143 169 182 197 235 270
414 7 89 92 118 195 219 222 224
703 8 20 30 89 95 138 151 172 184
1152 8 53 55 69 149 152 158 184 237
1111 4 33 58 129 250
744 4 73 109 149 164
1455 2 152 180
378 7 17 28 31 151 159 162 198
1618 6 105 107 201 209 247 260
762 2 158 237
939 2 68 227
500 5 23 56 170 182 268
1163 8 4 18 39 110 197 225 265 268
214 4 43 75 89 192
276 3 55 118 195
1540 5 58 208 213 228 236
465 4 17 25 144 179
220 7 5 27 83 117 170 190 195
1505 3 68 119 169
665 3 57 157 269
827 8 17 25 31 50 87 170 225 270
969 3 4 100 109
1377 10 7 27 49 59 103 117 170 190 213 230
1401 3 62 130 251
1606 2 171 209
818 7 135 138 159 179 188 190 269
317 4 89 227 242 255
997 3 7 82 103
1308 7 57 94 139 154 209 218 263
1186 5 17 91 156 192 202
1628 8 16 69 141 149 179 184 227 243
1553 3 83 188 225
1357 5 4 53 99 222 227
1475 8 17 81 91 99 164 218 235 263
289 3 102 134 151
1287 3 30 83 179
1438 6 75 154 159 171 252 255
1365 4 55 192 239 268
52 4 90 109 197 224
473 5 60 72 136 188 269
116 3 28 120 265
901 9 4 34 118 144 150 154 188 193 268
1417 9 5 102 106 141 150 162 183 188 218
1301 7 5 89 93 140 198 204 231
781 4 7 143 163 224
552 6 4 48 83 110 170 231
737 5 159 160 179 188 239
295 5 100 141 145 152 209
1151 6 28 57 62 91 141 224
437 3 130 157 260
1484 5 5 16 33 50 180
788 8 9 76 109 164 188 191 238 239
599 6 11 121 172 247 260 270
992 6 30 149 150 152 211 235
625 5 7 68 99 132 197
302 7 60 109 121 160 202 208 269
1601 2 14 202
958 3 62 138 180
1604 3 33 91 197
313 3 89 166 254
985 6 43 108 204 222 225 269
1431 5 69 73 95 150 186
1433 4 43 90 95 235
982 10 42 120 129 139 149 158 220 228 237 242
737 5 73 93 150 195 202
149 5 83 98 107 150 254
790 7 58 107 132 138 163 202 243
430 2 62 93
533 4 198 216 228 235
938 3 76 216 228
1463 9 5 100 147 159 164 170 183 211 216
415 6 98 108 116 119 150 157
992 4 9 47 52 192
849 3 92 106 120
178 8 25 81 90 118 120 150 198 238
1368 7 23 99 127 148 180 201 220
716 4 48 82 100 219
377 6 41 57 104 144 169 172
124 8 91 130 131 151 170 179 214 231
194 5 58 151 184 198 205
141 4 27 44 154 225
1614 6 3 73 130 145 160 192
1135 3 17 72 129
1601 2 0 34
873 3 121 135 193
1320 8 27 38 81 129 154 170 174 179
1338 6 95 103 140 195 199 224
643 4 72 104 188 247
621 1 42
1615 4 192 193 197 204
432 6 47 130 164 166 191 216
479 6 56 76 138 174 228 230
257 7 44 47 52 73 91 120 156
883 1 81
1059 8 15 23 25 91 107 148 188 239
832 3 151 183 204
129 6 17 50 106 116 209 269
1389 6 81 138 171 179 188 263
1068 2 34 89
400 4 0 188 210 265
1382 3 110 124 130
79 2 15 56
1229 5 34 49 146 191 230
75 7 42 102 134 137 139 209 213
1598 6 11 31 33 42 106 227
1023 8 0 28 87 144 183 193 214 250
989 2 135 205
77 6 3 7 120 149 208 254
527 6 5 49 134 145 222 238
492 3 9 148 219
836 6 57 94 103 121 191 242
942 4 55 120 143 188
706 5 38 130 157 192 236
336 5 5 50 68 227 230
20 6 28 47 106 132 201 209
430 4 41 158 209 269
332 4 154 162 190 195
816 5 57 99 170 202 269
353 3 3 120 174
1294 4 4 147 151 195
1210 5 94 139 145 227 265
1041 2 100 224
179 4 162 179 235 243
622 4 34 76 110 193
514 4 103 157 211 216
1223 8 43 49 87 95 119 146 211 231
201 3 20 119 260
1314 2 220 251
32 6 4 42 209 236 239 250
554 6 28 58 182 199 225 226
780 4 53 100 230 263
254 4 55 72 208 255
1570 5 23 99 216 218 242
1511 8 14 104 171 197 204 213 222 254
240 5 57 162 202 210 242
93 6 15 44 127 172 188 195
62 6 48 82 143 151 255 270
689 2 127 160
306 2 81 182
805 2 39 220
688 2 75 182
1052 7 0 41 58 81 90 250 252
1104 6 33 58 132 190 210 238
151 3 72 89 211
1262 5 11 162 172 201 235
1392 4 7 58 130 143
1591 3 5 150 197
334 5 30 154 162 204 208
1195 3 18 87 202
628 4 4 27 145 265
1397 4 20 151 188 222
1426 5 202 222 231 251 263
1281 2 49 268
96 7 137 141 143 158 163 170 239
1178 5 42 53 146 159 188
1089 4 146 159 171 236
1343 6 15 34 72 91 98 140
591 5 47 76 151 222 235
531 7 41 90 91 135 192 202 236
515 9 15 121 124 182 183 186 193 195 231
669 2 76 179
288 7 52 76 104 156 180 197 214
1001 4 42 156 239 260
374 6 4 31 52 87 105 136
1276 4 76 144 152 174
492 8 7 92 139 145 156 164 219 227
553 4 89 146 150 215
1431 3 33 108 159
935 8 14 34 130 147 197 213 216 255
557 2 94 149
1292 6 9 25 39 106 152 227
288 6 81 107 136 140 143 213
1340 7 34 82 94 137 139 159 164
733 4 23 60 69 141
1264 8 16 31 53 59 69 93 164 166
1512 6 95 144 163 174 247 263
1431 5 52 108 117 152 236
1332 6 25 72 76 117 119 252
438 5 47 104 129 144 197
629 4 60 105 219 236
672 4 11 52 141 250
907 3 119 157 243
953 1 182
928 2 52 60
1207 6 19 90 127 140 197 224
39 3 163 204 255
142 7 82 99 134 174 227 254 265
202 4 59 148 172 193
351 5 48 60 164 205 236
571 3 107 136 220
360 4 83 163 190 250
1604 12 0 31 59 75 92 104 120 148 156 170 183 204
258 4 108 116 156 225
859 4 90 121 209 254
286 7 3 25 90 103 139 141 247
172 6 106 109 147 154 250 265
1489 3 25 199 205
1052 10 27 57 59 76 127 160 172 210 231 237
137 7 58 75 100 108 149 184 265
637 3 18 44 56
1079 4 91 157 164 216
446 2 47 209
138 6 89 94 150 195 204 242
1058 5 55 127 213 224 237
844 5 25 68 144 156 268
771 3 4 94 157
1320 9 4 20 52 76 120 135 147 157 252
594 4 4 152 225 226
280 6 31 129 163 213 220 255
145 4 118 138 193 263
209 6 18 41 59 89 116 265
1069 8 41 44 98 119 127 163 211 251
660 2 39 118
792 5 89 107 151 154 235
351 4 23 141 160 263
785 4 59 68 205 238
51 6 25 69 72 95 121 205
237 6 116 124 143 144 151 183
1421 8 4 15 19 117 132 216 235 238
555 5 52 89 186 242 265
888 5 9 102 162 172 205
517 4 15 25 226 255
1558 4 15 75 148 225
424 5 44 110 154 162 226
649 8 3 33 34 73 120 201 211 247
1357 4 73 82 197 230
829 7 9 91 93 120 130 146 164
950 8 34 106 109 150 160 198 213 251
994 7 5 19 138 162 209 216 222
1617 10 23 48 55 93 139 149 184 210 224 268
720 5 98 116 186 192 193
1123 5 31 149 180 228 238
1617 3 109 205 269
404 7 4 41 48 90 105 166 182
1102 6 39 50 69 98 131 150
1311 5 0 47 224 237 270
1609 5 15 17 129 135 215
416 5 4 53 182 210 215
742 4 62 118 170 220
609 4 18 31 204 209
190 3 89 140 239
1589 3 129 179 235
588 1 151
1130 4 82 98 117 143
1219 6 91 121 136 226 230 260
1085 3 19 147 208
872 5 27 169 219 220 251
539 5 49 90 119 195 220
875 6 25 43 118 137 188 231
853 6 57 58 68 102 166 265
286 5 28 127 190 227 268
1611 6 38 116 152 157 197 254
422 5 48 52 92 141 260
1382 7 121 130 143 149 180 228 255
1542 4 19 103 120 270
682 5 27 55 100 134 140
1338 3 121 127 197
470 8 33 95 144 204 205 225 228 263
292 5 105 108 146 198 216
991 7 4 14 39 87 154 159 224
1389 4 62 226 252 269
635 6 0 163 199 205 220 228
1523 6 34 44 69 76 108 252
397 6 11 95 100 102 106 195
1129 9 16 73 90 99 171 179 220 247 255
114 3 57 164 260
799 2 41 103
1090 2 31 89
746 3 14 103 138
339 7 7 15 55 91 106 193 213
1344 6 38 59 137 209 260 270
373 2 179 224
238 9 15 47 110 129 136 201 208 255 270
1462 13 75 81 105 132 139 147 152 170 172 174 227 228 230
357 2 33 139
1176 8 110 132 134 148 171 202 208 214
143 7 9 16 179 197 202 222 255
883 6 11 91 100 139 163 191
66 3 127 141 237
1407 4 90 91 137 224
72 7 41 62 69 99 120 169 224
113 2 169 197
650 6 3 41 49 120 183 202
1228 4 106 183 191 251
1259 4 3 38 103 211
731 5 3 52 131 182 260
1131 4 16 60 69 228
1231 7 15 19 81 92 237 242 260
1094 3 18 49 76
1512 2 106 179
710 7 55 102 106 107 147 199 211
1535 4 18 127 211 243
401 6 47 89 90 141 151 180
183 4 57 159 214 255
193 5 27 95 99 131 166
512 5 73 83 159 166 230
680 8 19 20 28 120 141 211 222 251
1161 7 41 147 149 208 216 239 251
675 9 53 55 59 91 100 104 208 218 252
620 5 50 55 156 254 265
1059 4 33 129 162 222
1362 2 106 131
548 5 11 18 33 119 171
504 7 20 39 143 169 219 224 227
828 5 170 183 184 209 228
1265 6 25 39 148 164 171 214
1571 6 43 134 140 164 170 265
1033 3 27 94 227
454 7 41 91 103 106 152 180 190
1146 2 59 204
1334 5 139 140 172 186 213
1328 4 76 93 202 205
482 5 34 152 199 215 250
648 5 5 92 141 170 239
1133 7 28 75 118 140 182 215 222
1211 4 56 162 170 179
1069 2 72 184
743 4 56 90 116 162
261 4 11 38 182 237
1331 5 7 103 118 170 237
736 5 103 132 170 209 237
350 5 73 124 150 157 247
816 4 14 109 147 202
1297 3 59 134 211
540 4 172 230 243 252
59 1 110
1545 6 3 87 106 160 190 197
382 7 4 43 191 224 228 239 247
541 6 16 47 108 192 218 242
971 4 149 152 183 231
54 7 48 56 83 104 121 195 222
111 6 5 27 93 199 237 270
832 8 3 14 91 124 131 171 225 247
25 4 60 76 95 100
700 1 199
267 3 5 135 220
350 5 11 18 119 129 137
300 5 18 48 68 105 157
76 11 23 44 55 90 102 129 135 149 170 202 224
927 5 89 93 104 143 193
442 8 18 30 43 99 149 190 205 254
1352 2 174 213
432 4 49 204 238 251
1345 4 16 33 182 251
651 7 38 56 92 119 208 225 237
1459 3 14 38 106
974 5 3 87 156 184 227
754 8 55 118 119 121 136 156 188 250
187 6 30 57 94 138 160 251
44 3 48 75 228
1175 3 7 28 172
1518 3 28 143 186
1168 2 117 270
1398 2 120 144
275 5 43 44 124 163 208
10 5 39 49 72 127 154
972 6 17 43 50 57 110 270
63 6 69 72 110 116 201 230
1465 5 83 158 164 183 215
829 4 231 237 247 260
1072 6 34 81 156 228 238 263
1458 5 7 25 157 231 250
1107 3 41 174 226
296 3 55 59 82
662 5 7 33 89 109 141
705 6 9 16 44 49 100 231
234 1 250
1222 5 30 72 98 179 260
25 4 106 141 198 243
776 3 4 103 230
20 5 31 130 131 140 199
93 6 47 93 169 170 208 263
1448 4 92 99 127 191
1567 4 57 76 89 146
563 5 0 87 152 157 201
389 6 19 50 68 90 222 252
229 5 55 72 127 157 159
1112 3 28 87 90
854 3 138 145 149
280 7 53 68 73 82 172 184 263
790 3 104 213 224
1296 3 95 230 247
100 4 30 56 134 192
111 6 0 47 49 191 197 215
1499 6 16 144 154 170 250 260
1299 7 9 30 42 59 144 255 269
144 7 107 149 174 188 219 238 268
767 5 23 116 136 197 214
1100 9 38 62 81 105 124 130 213 218 224
1017 5 56 106 124 211 237
700 4 33 102 124 243
134 3 59 62 141
1563 8 3 17 50 87 141 197 198 260
195 8 19 39 72 104 116 145 152 237
1195 3 83 202 252
1568 12 38 48 55 58 99 110 138 143 199 213 224 242
1245 4 95 98 143 250
1543 2 14 141
1202 4 7 18 210 230
99 3 15 90 199
224 6 7 25 140 198 205 238
815 4 76 129 252 268
321 8 121 138 149 166 222 237 263 269
1415 10 16 23 41 89 100 138 139 140 198 228
831 3 33 44 197
1515 6 49 109 136 141 172 179
661 4 44 68 104 219
1051 3 14 104 169
838 4 18 108 136 228
177 5 31 163 180 188 227
317 7 9 17 47 172 195 226 268
1169 5 135 164 170 222 254
241 4 89 120 156 179
818 6 15 30 108 156 191 238
338 3 62 163 195
284 7 17 55 81 100 129 144 216
683 5 16 18 68 231 242
1442 3 147 188 237
680 4 14 151 202 252
188 8 0 49 53 73 132 190 195 214
213 7 69 106 145 162 163 171 263
53 2 82 160
1480 2 38 52
889 3 16 135 145
1409 5 58 95 98 136 180
1006 6 3 15 44 56 106 197
1412 6 17 38 136 209 213 268
316 3 146 150 154
803 3 69 146 193
847 6 130 191 199 215 227 243
485 4 75 95 211 252
1478 3 69 103 150
1344 6 15 23 57 147 237 265
695 9 99 100 103 130 154 158 163 201 247
1377 3 163 210 222
432 4 56 92 195 204
874 4 91 146 210 250
389 7 4 93 95 100 121 137 163
909 9 7 20 44 48 90 119 124 129 184
1114 6 39 69 120 129 144 214
1535 7 3 39 58 98 224 250 252
454 6 57 127 143 252 254 255
984 6 94 129 135 143 215 236
1085 4 41 103 107 242
1226 5 19 140 162 180 186
1002 2 90 250
1158 4 4 53 134 230
803 7 5 16 28 141 163 225 251
1363 5 23 43 104 117 184
1516 7 23 31 59 105 129 182 226
1011 3 15 28 238
240 6 138 147 219 231 238 242
1071 7 0 25 73 83 134 152 154
668 7 19 23 56 57 73 121 252
1292 6 53 58 68 69 117 235
439 2 33 198
63 4 59 72 235 265
577 7 31 82 98 169 179 191 255
889 10 43 56 75 89 121 146 158 160 172 179
1408 6 30 55 231 242 263 270
1372 3 41 92 127
1376 2 59 254
162 7 30 139 191 197 204 231 255
1362 2 94 106
1023 7 56 127 150 158 170 174 218
578 8 11 62 106 116 154 164 182 197
701 6 56 109 137 138 247 254
1263 5 108 109 163 224 230
1590 2 211 215
1453 7 27 50 90 141 143 147 237
1041 5 39 94 110 159 170
1600 5 53 136 169 220 236
324 6 118 157 192 204 213 265
1243 8 95 107 138 183 211 219 235 263
1304 3 75 83 164
551 4 4 41 238 263
343 5 25 31 130 190 254
281 5 41 119 163 193 211
165 7 30 41 56 124 197 220 239
1433 4 53 107 158 228
5 4 25 41 132 188
741 7 141 150 152 210 239 255 268
1297 4 17 150 162 182
1217 7 18 41 50 81 95 220 227
26 5 0 56 91 102 143
1056 9 25 93 127 145 199 220 225 236 270
348 8 5 7 14 39 127 151 198 218
838 6 27 41 119 158 209 236
888 5 9 139 215 225 250
1049 6 50 73 98 130 219 270
1300 4 5 28 109 222
919 4 28 82 129 138
1578 6 89 127 192 252 263 269
812 4 9 109 121 124
1286 3 5 137 237
23 5 30 89 109 145 198
1125 5 104 124 131 157 184
64 8 41 104 107 183 210 231 250 254
576 4 4 48 68 193
836 5 33 60 87 102 164
92 6 14 140 180 218 265 268
1614 6 19 104 116 120 183 225
630 4 87 98 192 269
1046 7 31 48 59 73 93 135 219
531 4 4 39 95 151
1167 5 18 69 162 179 237
1466 8 52 59 143 160 195 205 225 251
304 6 120 132 157 171 182 198
1218 4 4 119 174 268
188 4 55 132 151 247
1292 7 25 44 57 107 172 190 235
1209 5 28 90 124 146 251
447 3 19 182 230
475 3 144 145 160
568 5 53 108 138 210 211
861 2 154 219
1044 2 204 265
1188 2 198 228
56 5 93 154 163 211 251
706 6 14 17 56 99 131 158
493 4 144 158 169 205
839 3 25 44 231
1255 3 72 104 193
613 4 98 109 163 220
691 4 7 33 99 180
897 4 5 18 49 149
616 5 20 42 105 118 179
897 5 7 34 102 149 201
1013 4 0 90 147 224
1588 4 95 149 170 179
839 4 11 99 154 159
1550 6 4 42 69 89 208 268
1097 2 120 224
1569 7 41 150 171 172 191 220 225
329 7 117 145 179 180 235 237 238
384 2 130 137
1246 8 3 41 127 132 136 141 208 213
1123 3 11 198 235
1615 4 135 143 195 220
1601 6 30 82 99 118 124 157
467 4 121 151 182 230
663 2 27 98
2 3 98 247 252
77 5 50 81 95 160 227
176 4 5 50 179 195
656 6 25 47 169 180 182 193
354 6 100 139 166 184 197 265
1006 10 3 39 81 141 158 159 171 197 210 216
139 2 147 250
1106 4 5 48 235 268
1320 6 3 19 50 104 239 242
1078 7 11 55 100 183 199 268 269
704 11 7 47 93 124 130 148 166 190 201 211 224
345 3 31 43 119
327 5 162 171 216 242 250
1523 7 0 146 148 159 171 238 265
1076 2 18 116
481 7 15 34 57 62 68 89 250
771 6 19 104 132 157 164 242
299 3 195 204 252
816 3 34 157 247
1537 2 76 260
363 4 41 91 94 138
409 3 109 170 191
696 7 100 118 148 158 174 226 231
1557 7 31 44 82 171 214 243 263
226 1 188
28 7 9 23 55 127 159 182 269
1022 9 105 110 148 159 179 197 205 209 228
579 10 49 57 62 68 72 90 99 164 166 247
168 7 33 47 134 180 183 186 214
448 6 34 44 140 157 170 201
1454 4 5 14 43 130
984 2 147 218
262 6 42 117 140 190 199 215
1038 4 117 131 137 164
88 5 20 72 236 247 268
1414 4 3 20 137 198
120 3 81 140 268
929 5 17 103 132 211 225
427 7 5 82 164 184 201 238 268
384 4 60 82 163 202
1364 11 16 52 60 81 94 148 152 172 214 238 268
19 5 76 179 183 202 208
1501 2 58 156
182 5 41 105 121 163 208
916 4 31 38 102 129
1390 6 104 141 152 183 190 235
506 2 188 239
1313 6 93 106 154 179 218 231
1522 3 106 199 235
94 4 38 47 163 222
428 6 0 83 130 170 237 254
1524 5 31 92 110 209 243
1300 11 42 72 148 170 172 180 198 199 224 250 260
335 6 16 93 102 205 215 228
1477 3 124 159 220
276 8 4 20 23 42 72 146 171 186
1115 4 56 59 82 201
1300 5 27 57 62 146 210
947 5 7 116 152 204 222
93 7 28 73 135 137 190 226 237
451 6 18 154 162 183 210 254
752 2 83 138
1363 9 68 75 87 116 118 140 219 239 265
979 4 5 59 141 180
256 7 50 170 198 214 227 252 270
1403 6 19 60 81 131 252 268
639 5 73 83 104 208 216
68 4 15 183 250 260
340 3 33 60 137
1373 6 3 11 160 162 239 252
313 3 108 166 231
1547 3 162 195 235
768 7 25 38 145 204 214 250 268
777 6 25 27 48 198 199 231
1447 2 0 156
215 8 5 19 25 42 102 116 147 148
86 4 0 5 25 109
1085 2 169 216
1345 7 17 34 72 144 163 169 218
1158 6 18 34 43 139 237 263
1460 4 3 151 204 211
1410 10 19 38 62 87 90 106 157 205 236 260
1436 4 7 135 145 191
1132 2 0 154
1623 4 138 151 182 220
354 5 30 55 162 174 227
797 6 83 116 134 158 228 236
655 6 41 58 138 186 199 202
1282 3 16 55 93
1358 3 92 94 154
1246 6 87 130 138 156 166 224
1160 5 25 47 182 235 260
730 4 19 23 105 119
174 4 19 149 154 243
222 5 16 20 31 82 129
1535 8 5 7 18 124 140 158 164 183
890 8 20 121 136 164 205 209 210 239
538 11 3 42 49 68 81 102 148 159 205 213 242
37 3 33 52 83
527 8 28 41 44 48 117 139 172 180
1324 7 0 14 41 148 160 220 250
1083 3 25 146 216
592 3 42 136 235
295 3 48 225 263
1312 10 9 69 135 179 191 235 243 251 263 270
546 8 83 130 132 158 164 190 216 235
1563 8 4 69 94 135 136 152 183 202
16 6 0 73 94 138 140 222
1232 5 137 184 190 214 255
280 9 5 19 25 57 69 95 158 192 211
562 4 60 62 82 220
1604 5 44 83 141 220 239
560 2 98 205
1348 8 17 55 60 89 99 121 151 172
829 5 147 150 156 174 239
1207 8 14 28 33 137 138 174 231 237
756 4 92 139 141 174
1487 8 9 94 117 134 138 219 222 236
1399 5 17 69 118 159 172
883 4 143 147 209 219
1284 7 7 14 105 121 130 174 215
472 6 18 42 131 134 191 199
520 8 5 38 62 83 105 120 154 250
115 6 15 52 93 162 171 184
1528 7 76 95 106 147 157 208 251
596 9 41 68 81 102 118 163 170 218 251
839 7 17 38 95 100 140 171 211
796 5 49 103 104 247 265
910 8 19 43 170 171 180 191 215 265
1145 7 52 58 73 216 231 236 268
1158 3 48 148 182
18 7 7 83 99 163 192 216 255
550 7 137 145 156 158 190 209 263
49 1 68
670 7 18 38 110 117 171 224 237
166 7 15 23 34 49 116 148 154
813 5 184 195 214 237 260
814 3 47 199 235
1366 5 4 28 151 180 193
1380 2 107 239
682 3 34 172 227
1333 4 9 182 191 250
1444 4 4 104 186 205
597 5 146 170 220 268 269
1500 8 11 25 68 117 145 150 174 252
1297 5 118 124 139 193 250
1239 4 102 124 154 219
222 3 25 95 149
84 7 16 23 98 152 156 204 255
42 3 166 184 216
623 3 15 20 227
986 3 68 82 93
376 3 15 60 130
1358 4 19 144 186 238
276 3 107 124 127
701 2 100 105
1429 5 92 120 145 211 226
791 5 38 73 87 127 225
1323 3 43 190 236
1028 5 50 89 130 174 250
1261 5 4 43 87 150 255
458 5 82 124 134 145 230
802 3 14 144 210
1067 10 5 14 105 136 151 160 209 211 226 251
1353 5 50 52 58 157 184
1369 5 48 124 180 213 219
1506 5 31 34 39 164 269
920 6 15 31 68 92 174 269
74 5 99 132 154 182 184
118 3 39 59 68
346 5 147 160 170 192 213
1347 8 25 89 95 99 179 209 216 235
109 7 19 60 104 150 162 172 186
45 4 50 136 143 201
974 3 53 135 159
724 3 20 98 186
843 5 106 110 119 141 251
1372 3 14 127 236
163 6 44 140 141 152 204 205
880 4 164 170 211 231
978 4 146 171 211 218
503 6 47 93 164 199 227 237
698 7 4 9 94 137 197 213 247
1498 2 104 204
620 5 17 81 238 250 265
103 8 9 73 151 152 209 218 219 270
90 5 47 57 146 148 235
160 4 17 184 213 214
377 4 76 83 110 169
780 1 44
1460 3 16 215 265
1138 7 47 160 169 172 204 250 260
128 7 57 135 151 157 162 193 231
1387 7 19 25 62 119 164 202 228
459 7 30 44 132 137 183 209 236
1043 8 4 41 102 108 144 170 213 225
584 8 17 23 38 69 150 160 213 270
1148 8 15 20 43 121 144 182 224 238
545 7 75 92 105 119 145 190 243
58 2 171 226
892 4 9 14 33 170
480 5 47 117 129 154 254
1261 4 9 186 239 269
1560 10 14 28 92 131 134 147 152 171 208 210
644 5 118 127 148 160 197
1348 8 34 109 135 166 180 186 205 254
157 4 58 95 156 201
878 4 11 72 116 239
1054 10 18 72 95 137 144 171 174 188 222 225
205 7 50 95 145 204 220 230 270
1010 8 3 62 89 91 99 116 138 205
387 3 44 127 136
1491 10 4 42 47 48 55 94 117 127 179 199
814 3 72 120 170
1198 4 39 53 124 197
323 7 57 62 73 127 138 179 239
970 6 58 90 110 139 144 149
1222 3 14 55 148
869 4 48 57 68 195
834 4 0 130 132 156
914 4 93 144 156 171
518 4 5 25 69 180
864 7 14 104 118 147 183 213 225
793 3 27 48 151
1506 3 60 141 147
1544 7 50 109 132 140 236 263 265
738 2 145 198
722 4 49 75 140 238
32 4 47 146 213 270
1524 4 23 76 121 251
578 8 107 116 131 143 156 160 213 236
33 3 124 183 236
1497 7 171 172 179 180 184 210 247
1390 7 75 87 105 107 129 141 213
1406 2 11 231
1352 7 72 159 191 197 222 237 270
1483 4 107 190 201 247
385 4 33 76 162 170
577 9 7 43 91 109 148 186 188 190 247
930 5 156 210 213 214 243
80 2 265 269
1581 6 93 95 129 141 215 242
1116 7 42 57 108 130 169 251 270
1602 7 3 27 69 121 160 183 227
1223 4 62 124 130 254
969 3 9 15 222
1502 9 30 89 100 103 107 157 170 219 237
1469 5 7 25 163 195 238
1572 8 11 48 68 144 150 172 222 237
750 6 0 7 95 106 138 239
1629 8 15 17 90 144 195 216 243 252
1316 5 4 117 144 169 188
594 5 31 41 228 230 247
1030 4 34 72 99 215
500 9 69 108 116 135 171 182 195 215 228
435 6 3 28 44 49 73 183
1551 12 11 73 76 92 121 129 130 136 163 205 215 224
1350 3 9 41 211
1592 4 117 145 154 243
755 4 57 166 180 216
1193 7 57 95 135 159 183 208 238
1287 2 3 201
466 6 50 69 102 129 137 199
1029 3 83 148 220
633 5 105 140 204 225 231
553 3 3 20 213
1223 2 171 210
1066 6 16 53 75 186 211 243
879 4 16 50 149 242
810 2 17 143
731 3 108 204 215
1140 4 38 72 199 268
290 4 47 48 164 171
907 11 19 55 56 75 146 193 235 238 254 268 270
666 4 69 120 163 237
1495 5 7 48 106 124 215
71 5 19 68 121 159 170
993 6 16 68 83 183 184 238
598 5 55 56 75 228 237
614 8 7 41 53 166 179 184 220 270
821 9 16 43 69 72 91 208 209 222 265
251 6 18 93 105 159 224 260
1479 5 132 150 158 198 247
945 1 25
1375 5 108 147 184 237 263
112 5 38 98 149 191 251
1576 6 72 102 134 156 238 255
1626 7 48 68 76 124 148 162 164
1032 6 90 92 99 169 188 211
999 2 59 172
1142 4 41 47 50 159
1133 7 53 59 130 132 136 192 222
417 5 120 171 172 202 260
456 9 30 76 81 87 106 129 150 174 198
788 4 5 162 227 247
1224 8 38 59 134 143 201 213 220 251
1342 5 38 107 119 160 171
1088 5 92 143 148 195 260
198 4 120 132 146 236
1307 6 42 95 103 116 180 242
579 4 34 180 198 216
1623 5 33 56 152 213 268
1568 4 30 33 87 269
1430 4 90 225 226 251
515 4 23 129 130 268
815 3 62 72 205
896 7 158 163 169 184 186 210 224
1517 6 87 106 124 129 164 236
267 7 52 68 118 145 148 169 219
469 3 30 33 151
1247 3 99 252 263
749 7 59 75 116 156 160 190 230
910 5 19 53 107 124 141
383 3 20 55 93
579 5 81 150 192 213 254
1063 4 17 28 105 227
1381 3 99 210 216
962 7 25 44 107 171 182 184 250
1622 11 30 43 44 55 102 117 140 146 163 169 242
905 7 14 91 119 131 143 157 231
123 6 25 107 108 169 184 188
107 6 27 59 117 144 162 214
1248 3 226 230 260
792 3 52 219 220
860 8 98 116 144 147 159 191 213 268
1339 8 16 34 41 55 58 145 188 270
371 5 39 56 109 139 190
1080 7 11 27 56 100 147 205 254
845 5 127 183 198 215 219
189 5 5 53 73 149 214
299 4 20 124 198 204
807 5 143 147 182 201 222
1446 6 25 69 116 205 247 260
707 6 5 68 95 190 219 227
1624 5 44 166 174 242 243
723 6 14 38 118 134 170 205
307 2 130 183
982 4 57 99 199 222
1614 5 23 69 119 219 254
1442 6 4 59 60 134 208 236
481 5 60 103 151 209 252
1016 4 60 127 150 242
1277 4 17 131 154 260
1028 2 56 197
1208 3 75 92 146
681 8 89 106 146 157 224 225 228 235
1257 2 16 254
336 6 132 163 179 180 226 237
693 5 91 121 145 198 235
392 9 23 34 57 109 148 174 198 199 252
757 3 31 103 117
324 5 9 41 59 92 183
281 7 28 38 90 110 132 157 208
1351 4 60 148 183 250
1533 6 50 53 139 151 154 191
373 4 119 149 170 208
1139 5 30 62 198 263 268
341 5 25 81 87 186 260
652 4 25 116 138 184
1620 6 11 100 166 182 219 220
486 4 108 210 247 269
896 7 15 31 103 110 136 160 250
69 7 106 137 146 174 186 188 269
1200 5 4 57 62 184 193
241 8 28 41 76 154 179 190 218 269
101 6 43 204 219 222 254 269
476 7 82 93 94 183 192 219 251
6 5 11 162 169 191 254
522 5 28 87 231 255 268
102 6 7 109 120 129 230 268
937 6 4 14 43 127 170 218
859 4 68 102 117 250
1004 6 16 56 121 169 183 242
80 5 5 52 174 192 227
722 4 144 188 209 227
1546 5 39 116 118 254 260
1391 8 11 23 38 72 135 157 171 216
1299 8 16 49 159 180 224 226 228 236
393 2 179 197
144 8 31 93 143 145 151 250 265 268
820 3 18 107 211
775 3 53 143 198
694 8 57 95 118 140 149 169 183 269
1586 7 5 47 92 134 166 179 186
164 4 144 202 226 265
926 4 139 150 152 222
1372 8 17 20 57 62 102 119 213 254
943 5 52 104 169 211 260
590 6 62 130 131 208 214 239
489 7 19 39 91 118 174 188 201
27 5 52 69 159 251 255
427 4 33 76 139 230
463 5 62 129 162 251 260
70 8 3 4 34 62 102 152 163 192
1448 6 90 92 103 118 205 239
1293 4 145 182 204 237
158 5 44 94 99 159 226
461 6 4 20 55 69 102 243
1464 5 105 146 148 224 235
427 6 17 44 94 104 156 250
479 3 31 134 242
674 8 14 52 152 159 183 184 215 230
87 5 9 18 131 151 215
1290 8 17 23 41 148 201 204 214 228
1143 6 43 105 183 186 199 255
1212 2 18 81
1204 8 3 17 100 108 148 169 228 270
236 4 11 91 118 164
208 5 19 62 69 103 119
998 12 31 38 42 90 105 132 136 151 166 171 193 208
222 5 145 150 183 192 237
491 2 15 60
402 5 4 9 19 146 183
295 2 73 216
1555 7 4 57 87 109 188 211 226
1074 6 50 121 151 166 247 269
773 10 89 91 131 162 180 183 193 201 255 270
1192 6 44 57 121 135 191 239
341 4 75 121 218 254
1412 4 47 159 213 215
1258 3 163 213 250
328 3 38 47 55
444 5 38 73 98 179 183
1000 5 0 16 72 90 243
670 2 141 237
670 4 90 160 215 219
487 5 53 103 127 148 204
1219 3 198 218 269
800 4 55 151 166 216
370 3 23 145 148
983 2 82 127
1126 4 152 202 208 218
768 8 58 92 105 139 146 160 166 238
388 7 39 47 73 150 195 225 268
1158 6 28 72 82 106 135 224
1220 4 31 75 118 243
1312 5 4 53 68 118 218
1134 7 82 119 130 138 148 198 254
1510 10 11 20 30 58 68 138 157 191 235 251
1 5 0 107 169 208 220
1526 4 58 146 147 201
228 5 7 33 144 202 230
894 6 20 58 152 174 230 269
1473 1 90
446 3 152 170 180
763 4 145 150 202 250
403 7 127 151 162 184 219 251 255
675 4 52 92 106 127
1413 7 48 94 95 134 154 157 162
1025 6 5 44 179 186 190 192
544 6 72 120 130 149 224 252
465 5 27 53 134 228 255
978 5 124 150 154 166 180
926 4 15 81 106 183
125 3 4 17 124
1514 5 0 19 39 138 146
449 2 156 180
784 5 116 144 145 159 242
1122 8 25 38 121 143 162 172 193 205
1009 7 94 100 131 137 152 242 247
326 5 5 145 162 202 268
364 8 4 49 117 201 224 251 265 270
534 7 5 48 55 87 162 215 250
1183 3 69 106 219
1617 3 121 138 170
31 4 5 14 157 242
356 2 172 235
750 4 17 75 90 247
183 4 150 188 209 219
232 5 69 160 170 252 255
1071 9 43 89 100 135 144 152 174 193 204
1271 4 28 220 225 238
772 5 39 89 104 160 260
959 4 73 138 230 251
61 7 9 18 127 154 225 237 270
1590 6 3 7 33 107 130 186
294 4 62 163 224 226
921 3 17 121 202
386 5 52 166 230 237 250
268 5 18 56 72 136 179
1137 4 31 146 220 239
1577 6 83 134 141 148 156 210
514 4 52 131 169 218
1485 6 18 31 50 106 135 225
676 9 4 5 31 44 49 56 117 139 211
488 5 82 139 170 214 239
107 5 52 68 144 149 227
627 8 30 43 48 87 138 159 197 214
229 4 25 131 141 231
833 8 81 121 144 150 154 162 182 219
955 1 192
337 6 3 100 166 169 197 214
560 3 92 141 158
15 6 15 19 92 105 250 255
858 2 131 170
1295 12 53 83 90 105 135 163 171 184 193 197 201 265
400 6 16 33 82 171 184 225
203 5 52 90 95 104 118
483 7 0 92 110 147 148 156 250
1229 3 4 47 204
37 3 59 83 216
673 5 39 50 53 127 228
1006 1 251
558 2 116 148
1273 5 98 116 120 129 201
472 1 247
530 4 14 49 135 182
609 4 60 102 160 238
1184 5 43 75 103 108 150
161 5 7 100 145 192 219
1336 6 11 83 99 105 150 268
377 4 0 104 143 237
147 5 106 108 159 169 220
1492 5 4 95 100 163 192
987 3 49 55 211
112 4 107 118 150 202
198 7 69 108 134 157 226 251 254
956 6 59 137 172 216 231 254
809 2 146 156
1163 6 120 148 160 204 205 231
1263 6 3 5 42 73 182 190
434 8 52 109 121 130 132 180 183 204
596 7 92 124 148 160 202 205 219
1463 6 20 48 81 109 201 202
192 4 17 18 117 127
358 5 23 44 53 157 163
325 8 5 124 132 134 163 213 214 231
536 4 17 197 208 209
1603 1 43
1035 12 62 83 94 95 140 197 208 210 214 224 242 260
1625 5 15 38 116 188 235
1622 7 47 81 110 192 250 252 254
286 9 9 42 68 108 116 151 166 186 188
1326 4 102 107 193 219
1472 5 87 95 121 132 237
1260 8 39 58 76 90 127 164 211 216
612 5 127 158 180 211 220
1570 9 47 58 90 131 157 180 186 231 263
593 4 59 180 186 192
872 2 171 255
1542 4 69 117 191 239
1216 3 20 90 95
1189 3 34 117 174
1486 4 62 159 215 226
968 5 5 39 174 202 226
513 5 15 28 89 124 227
491 2 28 41
1613 2 11 44
1608 5 48 93 99 198 201
30 3 48 190 219
863 7 3 16 56 59 60 224 268
254 3 76 130 239
1349 4 20 75 103 205
1241 2 91 235
938 2 23 162
1118 3 109 193 231
206 9 9 20 47 87 124 162 205 214 224
857 5 94 106 154 199 235
4 3 144 145 247
1155 4 83 90 144 236
764 5 59 169 211 216 231
156 3 16 44 179
850 3 0 109 169
1127 5 92 132 145 170 214
547 4 20 53 163 169
731 4 38 62 145 164
263 7 110 119 138 147 208 231 254
1531 5 58 110 143 224 252
1434 7 15 98 154 164 188 199 230
920 3 94 209 255
1437 4 159 209 254 268
1205 6 3 39 129 135 159 227
1193 7 91 95 100 145 146 156 169
1019 3 15 44 60
1109 5 83 89 116 220 260
867 7 5 14 104 174 215 236 247
114 5 62 92 170 179 216
221 5 15 104 138 237 247
662 6 3 102 139 171 225 228
1073 6 33 124 192 204 231 237
1596 3 30 109 144
996 2 72 107
34 7 0 48 55 56 59 184 239
1151 8 5 119 146 150 180 202 209 226
1428 7 3 42 119 169 192 228 268
1302 6 129 132 144 166 219 243
327 11 19 28 42 44 47 87 89 109 138 139 157
964 8 25 95 108 160 186 202 218 243
355 5 57 129 202 227 251
1269 3 130 227 270
1509 4 73 224 236 242
1061 7 18 27 82 102 108 117 182
253 8 11 17 121 147 160 171 197 254
1116 5 14 56 92 169 218
1133 5 15 31 127 131 192
1099 5 4 55 90 108 180
685 5 98 99 148 236 269
583 4 5 95 135 164
329 3 25 52 72
1503 4 17 105 110 215
344 5 119 144 199 201 218
109 4 110 116 169 247
1588 4 146 157 236 247
881 5 73 130 143 180 210
388 5 17 50 154 169 247
30 5 30 47 154 202 239
1239 5 44 53 138 158 209
871 7 11 52 60 204 211 214 231
1251 8 18 109 151 158 193 242 260 263
112 6 33 38 44 118 160 198
1283 3 90 143 228
1302 4 41 58 135 201
1298 3 95 127 134
993 5 117 163 190 191 209
505 3 55 191 228
85 7 55 69 76 91 166 208 209
1190 6 9 42 48 144 193 247
886 4 47 49 145 236
876 5 11 60 141 147 260
1457 6 14 25 27 127 140 213
580 6 87 98 139 158 224 242
1017 10 33 41 56 69 95 127 151 214 218 228
83 4 95 102 149 227
899 5 19 42 62 95 141
235 1 213
1154 3 62 95 179
677 6 38 83 118 160 162 225
526 6 23 102 106 163 211 220
714 3 0 92 201
290 4 41 149 238 250
148 5 3 34 99 159 222
431 5 98 146 150 188 243
735 5 39 48 143 149 238
1042 6 11 39 143 171 184 238
580 4 28 76 94 108
887 9 31 59 68 127 136 170 174 211 214
445 5 11 81 83 95 119
1333 10 49 90 117 130 140 154 164 166 169 172
1255 2 18 210
287 5 0 23 43 117 166
1384 6 43 157 159 160 219 243
261 7 82 89 95 135 172 179 242
1302 3 117 198 269
421 6 18 34 56 90 172 198
1236 7 76 87 93 110 134 145 186
1579 7 19 105 119 164 174 216 252
291 5 38 44 58 143 147
1541 8 16 27 34 38 55 68 76 83
245 5 124 134 158 188 191
628 2 60 83
237 7 58 120 156 195 219 228 270
1157 2 151 224
748 8 41 49 52 58 105 141 164 198
398 6 15 31 75 139 169 269
1060 3 68 146 214
135 5 25 116 127 169 222
76 6 17 23 39 62 120 192
196 10 5 19 59 68 92 147 154 192 218 242
1020 5 160 169 192 210 252
24 3 103 160 224
354 4 7 143 149 231
241 6 11 98 145 183 197 239
1461 2 76 263
1562 8 18 94 100 190 226 230 255 265
617 5 34 75 92 99 116
559 5 42 50 109 191 210
957 4 38 216 220 260
362 2 60 130
663 6 3 11 39 81 109 116
657 5 42 59 60 104 172
1467 6 43 62 156 158 219 238
1270 5 14 72 108 170 235
1494 2 94 202
1197 5 3 72 139 158 265
257 5 60 62 90 162 195
1442 6 39 130 166 210 231 255
1411 2 179 211
1440 8 11 108 146 218 227 247 255 263
496 8 11 41 90 127 143 156 169 182
924 1 208
1252 3 57 129 198
1383 9 15 34 39 92 103 157 191 224 225
891 3 158 202 268
1310 6 16 49 130 145 159 164
1349 8 28 41 76 117 144 157 192 226
915 5 3 38 87 160 202
629 5 103 104 151 190 237
993 5 17 30 43 137 182
603 5 5 108 130 166 169
778 9 39 59 135 147 150 179 180 184 250
1188 4 148 190 199 236
642 3 98 230 237
1012 9 30 56 90 108 134 162 174 215 218
1396 3 41 236 268
1172 6 15 38 150 164 191 199
42 236 130 152 57 109 7 75 220 102 250 47 28 184 169 94 28 89 138 72 209 105 150 110 118 180 58 30 146 140 25 158 214 38 157 56 116 243 57 95 263 230 104 191 151 91 143 228 160 174 172 147 28 11 214 127 118 205 144 69 83 44 19 94 49 62 103 192 140 255 48 83 162 57 242 124 193 147 99 163 148 198 119 107 87 44 235 134 146 145 238 166 201 102 164 75 93 0 68 179 100 143 109 199 227 53 16 55 190 211 224 243 226 265 15 38 218 154 268 171 135 174 18 129 210 268 137 239 269 76 265 237 208 159 250 239 204 184 263 250 72 120 59 117 89 62 106 202 44 252 251 20 81 141 48 247 105 73 3 120 121 17 254 82 238 75 199 219 48 23 170 30 215 14 23 104 224 50 151 68 140 149 260 156 91 158 73 100 34 132 52 69 108 227 222 213 148 158 236 9 39 183 270 198 31 158 191 255 159 83 33 87 41 158 119 131 129 227 216 72 136 41 98 116 182 48 197 132 157 195 5 50 211 231 193 87 59 202 60 216 17 44 92 186 141 107 188 47 238 250 43 225 237 44 199 117 145 4 214 242 38 192 27 109 3 120 69 139 90 9 179
