162 309
219 1504
1600 670
1689 1978
123 1530
101 1166
1108 1467
1005 1309
113 597
1471 581
562 948
157 160
31 1459
418 705
322 793
985 1401
1100 1846
571 1976
235 1610
521 196
498 1840
991 22
459 1126
694 803
506 760
647 1915
1676 1210
512 470
891 1270
579 1654
169 1440
267 647
544 1568
1412 983
1181 481
1306 949
424 1399
218 487
262 9
1636 8
943 576
480 623
244 690
1168 321
53 683
551 1880
1480 1168
965 1971
440 1044
1077 890
441 1306
288 1492
1567 819
1228 666
575 263
215 1442
381 1665
1621 1718
33 1583
1199 1297
360 800
885 1058
516 574
270 87
609 1420
706 629
435 223
138 1822
663 1234
905 1964
1312 1385
1309 1562
131 297
57 295
155 1986
370 428
1239 1404
485 1230
766 1766
431 635
1954 869
449 385
1242 1337
1458 1897
1201 103
132 1367
937 749
725 1737
925 1923
1267 943
601 341
1842 425
444 1349
376 1925
1757 522
225 1560
1224 1878
45 1909
747 1808
1320 982
619 440
148 1091
781 1227
330 1795
775 7
232 1885
1849 1785
269 381
900 156
906 772
774 1779
949 357
1532 1918
177 559
876 168
97 1513
1529 374
951 1899
183 257
819 4
1094 835
266 164
581 684
1654 1774
465 513
1252 1349
365 760
1414 720
1651 1896
321 80
1613 1502
260 1762
679 1093
1230 930
1624 848
117 985
40 1097
1793 296
797 1552
34 161
808 1317
1234 1321
1122 1683
1176 223
613 384
1098 1295
932 1116
916 1007
211 608
171 173
529 1531
1389 556
618 1785
859 647
888 637
1039 1266
996 1842
629 1687
99 450
37 578
673 1033
409 1159
803 682
503 1986
1931 451
850 1587
196 3
1305 63
1596 1785
87 566
281 1470
329 1865
208 922
789 186
1207 20
1476 846
767 160
1667 36
187 1839
800 1895
28 1383
212 514
1101 1624
695 901
1622 661
1686 226
210 1837
1960 1254
106 1409
258 198
1483 1206
508 58
1075 1035
305 1375
200 249
194 1598
1161 1355
926 200
355 828
1619 127
665 921
1329 1265
43 567
737 200
1371 791
1598 260
1297 1338
750 1547
500 1922
1227 1444
103 1404
831 1023
255 1948
257 8
1249 757
915 1758
2 1074
1162 1537
898 323
606 1045
1220 1634
1254 913
510 555
1021 693
1638 84
1063 317
369 683
1323 363
375 669
569 1206
1282 1568
304 911
1579 670
458 772
81 1943
535 378
1814 1899
1185 954
429 1967
401 144
1053 1825
111 329
227 920
347 1340
1492 928
1051 1985
602 1420
1481 949
1065 529
1195 1640
599 1625
86 1684
596 1590
191 1399
863 1341
59 412
1152 1816
1038 1115
392 1582
294 728
788 543
763 805
997 1908
765 810
436 574
1499 1839
790 938
834 1986
656 356
421 1648
682 654
1946 1586
527 1432
537 596
495 848
576 1804
1463 1306
1977 1902
136 181
1394 1634
1581 466
961 1881
541 1384
179 425
1694 1620
205 1910
67 1103
907 604
565 1272
1217 573
331 934
761 1481
719 540
947 525
1726 482
296 228
54 1894
1583 1512
1822 129
1801 1092
1465 1079
718 847
524 1433
638 4
664 1797
1253 620
151 382
1246 775
1446 1496
935 1295
1749 1547
1170 39
839 42
1419 6
1424 1469
47 621
676 225
170 460
484 1914
354 328
1044 1567
395 1937
1924 1361
1508 1107
950 730
1250 469
1058 346
874 787
1287 658
1248 1058
515 1960
1009 703
511 274
313 1026
1477 1444
1913 519
263 539
1106 1438
75 1981
825 1776
1659 1153
188 774
378 1317
1485 283
1117 1781
821 1798
1858 1404
292 29
622 1107
167 1416
11 1895
1633 1663
372 1640
755 67
671 1693
787 1138
18 1552
568 1785
390 1379
453 1366
1411 226
1951 7
1212 754
896 1684
193 29
434 208
1549 1157
1817 1581
216 1889
206 911
557 992
312 1578
274 1688
115 1014
82 836
412 567
641 519
1573 90
122 1818
979 351
547 1690
1400 1602
325 1130
520 1552
701 1432
133 845
1507 230
743 1698
739 214
812 240
660 159
723 71
1892 286
272 729
533 244
1765 1431
21 933
126 915
942 1980
470 881
85 855
556 1450
1128 97
1085 1609
1042 804
357 1952
1262 1273
657 1425
153 613
1949 58
502 1656
848 18
1938 703
76 1012
807 1749
784 1551
41 1458
63 1854
238 447
256 1857
1191 1303
254 1795
1599 1370
1906 823
861 259
411 1408
417 120
1808 919
1138 1774
746 1350
542 1222
1449 1667
448 154
1827 851
1493 1848
462 438
1459 1988
1008 1705
100 746
83 2000
1358 1715
1307 1783
1614 1245
1024 130
570 1726
430 723
1070 234
427 621
334 1353
328 1649
92 1774
1760 1917
150 518
445 387
526 536
1132 234
727 557
1200 274
614 437
1142 478
1166 1871
1177 517
993 11
1072 444
1439 1997
1363 893
158 41
474 1402
154 12
243 390
1086 1118
1019 770
1700 1050
1707 250
1847 1518
9 416
88 829
814 771
530 1903
1571 552
161 369
518 1823
1304 1164
16 1204
838 41
486 261
165 1028
95 1358
405 1433
1562 946
189 1325
1728 749
1050 140
1661 566
1299 961
1754 1516
487 1891
1660 393
1623 1188
1300 397
58 5
860 1884
467 1905
1704 531
592 1446
978 1543
1095 1296
271 1075
73 61
801 548
1020 475
780 1242
399 711
1552 48
1091 143
1158 1118
1243 523
482 804
231 1157
112 1593
754 1540
1653 1548
836 1332
279 261
799 871
1761 855
382 730
78 1791
240 246
1825 791
1311 1032
1933 228
56 1556
1052 1619
857 1714
1544 1556
26 547
367 1424
207 117
1972 516
1702 1980
1259 1953
248 573
786 1797
1687 1246
922 172
1104 119
929 867
1862 915
988 375
1144 254
1226 1158
612 124
299 1899
415 161
1429 121
1680 591
1295 1586
1067 1044
139 1136
422 1712
247 1241
110 656
1066 170
446 1572
1045 423
1928 861
1255 1572
1269 1193
833 1178
567 33
1276 816
1206 1276
666 380
1685 864
1816 1475
371 356
1744 1979
374 1954
1350 1859
481 1881
714 208
1795 823
851 827
309 1370
69 1825
1129 1300
933 110
297 1118
1184 1068
1047 832
252 515
65 1646
1666 20
51 1155
29 1039
1993 614
174 704
120 119
1294 125
667 419
608 408
1219 197
1339 305
14 347
1283 75
343 1518
588 917
236 1905
1783 398
342 1014
1815 500
127 616
1533 1464
42 1630
1127 1833
957 514
203 1693
388 99
729 1597
310 231
1134 1438
684 128
721 194
492 786
224 440
674 1032
277 1039
1576 791
1078 1065
1131 1774
549 1948
973 1363
419 1185
977 1691
1180 593
1231 1040
60 870
1935 1364
265 689
1366 27
1331 949
1279 1519
1233 1606
1123 1930
1074 890
317 1556
964 1947
864 1063
20 1486
407 143
1097 589
631 409
940 429
383 1020
944 338
337 1445
24 1960
1615 457
1905 856
813 627
1541 1378
971 35
918 747
77 1651
298 569
611 80
12 71
658 1076
1281 3
1468 59
1188 1846
708 594
493 1719
1 205
1273 1964
332 1254
1257 836
854 348
691 591
751 1831
1401 1066
639 1443
1557 633
1037 97
220 1303
1034 1006
975 123
48 291
213 397
1973 853
764 1716
1488 318
477 58
1003 116
119 496
1163 438
1211 623
432 1803
410 1887
107 817
1303 1947
278 1432
591 1736
582 338
5 1945
646 1559
403 1081
1535 311
700 582
1673 1029
361 973
1644 201
931 122
824 1393
1723 937
841 1234
875 419
1028 272
241 693
1032 676
497 1068
1418 1338
1263 1632
479 1328
698 1335
1192 1640
268 63
425 1371
301 1282
675 1423
1385 1209
1759 1459
1846 1661
1001 487
494 1357
52 310
532 742
563 1653
994 1452
1727 1214
1145 687
1268 608
1845 1289
1626 297
785 1117
275 1403
1380 831
1289 107
983 1610
1642 826
1447 1742
880 163
1934 1794
72 88
986 235
726 512
164 1568
514 480
892 1527
351 303
1536 1630
283 634
1130 715
589 1000
1721 1887
1187 1685
586 218
226 1877
1867 1678
1069 1748
172 1204
1878 1423
1215 1904
1961 1712
1407 982
1718 1158
128 790
1355 1285
704 64
645 1416
1524 743
1154 137
583 1271
728 95
661 1119
408 1258
398 1747
1663 1607
202 1807
1006 1479
1290 1177
109 1150
1736 1484
620 924
513 641
564 395
1791 1991
1293 1786
1451 1865
504 923
1909 1765
451 1341
884 1867
1781 649
1709 1302
886 998
1118 1816
1520 1568
114 1364
1683 961
1769 343
443 1612
1136 1720
1826 102
1352 1714
27 1696
1462 459
1605 334
749 685
967 1046
396 985
1517 1155
1730 1095
1756 1702
295 1624
585 641
402 394
406 1702
1932 783
242 1999
1393 250
887 633
230 387
1137 305
559 353
1731 632
1625 1876
192 1850
1487 679
1062 1511
643 485
1927 384
1502 1553
287 1749
1664 1516
1838 1072
314 1729
1617 1261
1203 1301
190 824
1467 574
25 454
1370 1711
1675 571
741 1999
463 1749
246 1569
1099 883
1553 1879
358 1729
554 812
710 1107
1901 174
930 1034
1611 86
1238 427
1870 704
1587 38
899 1457
690 103
1302 548
699 541
413 1601
1384 1434
1011 989
1261 222
1864 842
1316 793
124 74
1763 1948
1895 1446
1682 1821
1758 1261
105 1642
315 685
1387 132
662 1187
433 809
920 1607
1484 2
1048 1775
856 1861
858 1156
815 974
1738 1146
90 1398
394 1641
1688 1849
1894 706
650 1357
1164 1667
1328 838
1413 706
1157 1534
1327 41
534 1595
1766 319
249 1918
320 1633
38 404
1888 1965
98 1294
454 272
688 443
1741 829
1640 704
893 1627
1090 1803
1082 579
178 1811
1585 1033
538 911
578 467
1349 1490
1160 94
1515 974
1172 326
466 1287
318 77
1911 470
483 1590
1089 424
125 866
1113 489
306 1993
1540 1760
233 1890
1010 1236
1705 1593
717 1704
1545 473
276 1890
1554 263
1964 1744
1607 1228
1722 442
145 295
4 1844
769 1362
1068 715
545 1275
1425 263
1550 378
870 967
1548 287
1111 949
1256 72
630 1601
1856 1859
1440 556
828 1102
1494 917
1436 570
135 1596
1511 292
1593 177
1840 1402
84 1700
1733 1243
992 927
1390 95
1159 1003
1703 1199
811 583
1569 196
1886 1715
1859 1257
195 91
460 1829
817 379
1735 44
1241 710
1994 1993
414 1462
1777 80
221 742
1884 1156
1910 1044
1002 104
137 1302
632 1853
1146 912
1018 1487
1430 442
625 1090
1851 634
543 1602
901 980
387 608
604 64
71 1511
1470 1180
176 1491
782 994
980 684
1087 728
469 584
1450 986
685 1064
1753 1700
642 292
652 898
341 1246
924 351
1245 1831
168 1267
286 990
539 1933
349 1318
995 1950
594 1399
64 960
756 969
1214 98
1918 785
1594 1006
696 1695
649 324
143 1648
1378 1182
1482 725
1872 1487
868 1818
1868 1437
1022 363
1873 1156
35 1312
68 1704
1984 533
1691 1438
290 10
264 64
66 1854
672 168
1423 563
130 1873
1197 1917
488 1547
1794 148
593 100
1428 716
293 1922
1516 1679
404 32
1528 1556
1943 6
1121 1711
1635 484
1417 995
909 478
1898 210
74 1391
1501 1833
118 1210
1364 613
919 1224
776 387
1780 828
842 546
261 1136
724 9
129 1045
491 901
89 1373
13 1806
1916 1557
697 1215
450 1333
15 132
913 1172
1023 909
623 557
1835 1754
523 970
1684 1967
626 1399
1319 856
1778 59
598 922
805 1629
1908 1408
1365 1295
1434 1283
1310 1178
1959 661
628 1500
990 599
391 974
1578 1779
1513 424
681 446
1112 390
1453 656
1802 1871
1416 1937
869 189
1706 1516
1710 1913
32 1241
1422 28
201 1069
362 1997
1362 1803
1575 1799
1056 1696
835 790
669 1500
1957 1432
683 747
792 63
1325 553
1772 1621
17 712
1782 1329
1139 376
617 1630
1980 265
528 1609
1853 1041
1204 987
1824 1713
1444 99
902 594
911 241
1324 370
1630 1922
1456 1326
1589 325
1603 698
1148 186
1431 1244
1398 886
908 1580
1237 1474
1848 105
1574 1456
1512 451
1602 33
1506 304
1392 1072
1962 1148
830 124
855 1787
1151 384
285 1663
156 1480
1539 725
339 125
7 410
1301 249
1240 707
1156 588
730 691
1007 1868
152 1380
1125 692
1618 487
745 1465
938 847
1141 77
981 548
199 887
1478 1850
903 523
253 1037
455 1599
22 857
1751 198
291 1096
552 1495
966 1718
917 672
1572 362
420 906
1455 1464
1586 1994
522 197
636 72
1609 438
1647 202
1885 453
1317 359
1797 1784
368 1497
50 387
1102 975
1109 819
49 408
1952 269
1260 1114
844 92
46 1981
1347 921
1321 1949
93 1150
1713 319
573 1387
1871 1445
603 928
327 695
1976 605
1270 119
752 830
600 1083
1357 413
490 201
1812 1881
1196 138
345 1272
1169 1238
1110 137
796 1898
1210 1200
590 1467
1764 777
1832 475
1375 386
732 542
610 424
1715 741
1612 1675
536 412
1334 383
970 600
1903 900
30 1493
397 1813
505 464
1379 205
229 92
1762 514
1595 183
509 1894
173 639
234 442
1608 136
687 375
1337 1428
1863 1930
1318 486
740 1825
1054 1586
1041 238
1648 1666
941 942
324 637
826 1996
1821 1396
471 1767
1514 1637
23 1787
1208 637
1198 298
1341 294
1071 1424
1135 933
1620 319
1510 1644
384 1968
1987 1061
316 1880
1059 408
1491 776
873 1843
742 149
1531 358
335 1040
923 1942
1167 1880
102 28
1672 558
307 805
1186 1091
1699 111
1716 916
1277 486
555 1923
1542 1396
1988 169
1890 1110
1081 1585
655 277
1391 640
1189 296
442 40
692 101
1662 1477
147 1800
501 1638
1490 394
1820 274
1518 161
816 1819
1926 1248
670 1529
1788 1902
651 842
1998 1804
468 356
1982 1820
707 472
1457 1351
36 262
1844 484
1747 756
982 978
894 890
771 1306
1372 1317
1280 1052
1026 128
1546 324
1679 1328
344 1615
1403 1263
1107 363
237 545
282 1677
823 258
223 1916
798 1425
1369 1631
1461 851
733 385
1948 1902
879 98
882 1747
832 1440
762 615
311 1500
517 976
806 568
1313 1883
1899 1782
439 712
159 1168
204 830
840 201
829 1771
877 688
678 621
472 1988
998 217
1784 1522
553 1869
904 1269
1092 181
1308 286
1225 220
1850 1599
1831 1367
1776 150
1887 1734
1103 1316
853 194
1970 1731
1696 547
1819 144
1997 1739
1356 1172
716 1942
1896 216
795 1263
160 774
760 1671
1750 599
753 100
280 724
326 83
1771 1273
1555 345
1336 231
1869 988
1604 1769
1725 1317
91 1802
447 1730
1597 501
1410 532
1155 64
166 877
1811 418
452 464
1354 934
968 1808
140 509
1922 1645
289 945
1729 449
954 971
1274 1037
1433 842
783 348
336 685
1314 477
144 1674
635 1557
705 1867
1216 29
80 768
744 1589
862 662
1381 163
1004 1953
969 288
461 1495
1498 460
1665 1317
1064 1213
1404 60
693 1851
722 236
108 919
1803 522
689 859
1843 1336
1634 1983
1592 1760
1140 284
720 1474
308 108
1930 1249
715 275
1677 856
963 938
1218 374
878 1473
1893 1435
1958 16
1027 1254
1386 732
845 1052
1278 578
1264 370
1016 896
380 1313
1669 1146
640 534
55 576
1221 1738
1834 627
1942 1324
1936 976
1275 256
953 1734
340 686
989 596
1779 1009
1486 361
1526 1953
946 839
1322 263
1209 1248
1806 1525
96 1839
302 1774
217 950
1420 1810
1543 661
489 250
757 1274
507 1509
1937 1231
872 1609
44 1002
895 1768
587 954
574 842
373 1577
654 374
987 1300
1405 977
1495 207
648 292
1489 1127
185 1625
1258 714
952 322
1646 1190
1734 145
1643 1416
1326 554
1773 648
1698 1706
910 579
1929 355
1397 1440
175 1961
1333 471
659 1367
889 292
1286 1205
972 1810
921 1688
849 1332
1474 721
822 1865
644 1189
637 1487
1147 2
1232 600
1351 1770
1547 268
1126 223
1681 542
958 802
209 492
1921 1781
1925 1604
960 562
163 470
627 298
912 1909
1883 175
1472 556
146 1587
437 1199
1839 939
1012 439
1509 509
423 399
1939 505
1061 1724
1374 1033
1876 1380
1881 1783
948 1416
1837 1766
738 674
1570 1900
1415 725
1409 1256
228 1114
703 1137
1296 1455
1040 1920
1860 1884
364 166
1035 1526
250 503
94 144
245 967
1799 3
1900 762
1377 1560
1650 441
1559 1277
1149 1250
1852 657
359 492
121 1644
597 634
605 1429
890 995
1732 381
621 1971
1902 210
1563 335
1855 1072
1153 328
1591 227
1291 132
1284 1925
607 1801
1222 1468
1785 331
735 1760
1454 838
3 1932
2000 368
323 1839
1120 674
1395 1854
1965 1141
1464 1493
377 1585
1382 1102
464 1953
852 734
1978 401
1031 228
827 347
1963 1881
1251 97
1628 819
1953 1282
1345 1595
333 886
222 1138
1406 261
1584 1664
1272 1731
1534 528
794 98
1956 327
1807 316
1229 1977
1787 425
867 967
1236 334
1435 246
871 30
779 977
1247 61
356 760
1445 367
319 485
1880 446
1966 901
141 1943
1882 364
633 1652
496 1291
1889 1436
1202 1125
1629 1169
366 1163
1388 107
1671 1329
713 828
1000 578
548 800
239 1707
1912 1804
39 1785
386 237
759 1602
1833 911
379 737
1714 1123
1523 881
1525 1488
1944 1440
1717 1028
1084 1925
1105 1817
1829 307
259 1746
1606 961
142 614
1342 1846
945 784
1475 1682
686 1236
1442 758
680 337
1396 1055
363 457
1857 1786
1904 899
668 220
939 944
457 1292
1367 403
546 937
1641 21
1315 1495
251 1552
531 530
1992 342
1460 425
478 1904
1999 1580
1986 883
1504 390
1588 1118
1810 290
1861 330
1989 920
62 664
1055 1705
634 1100
1496 1105
777 685
1950 1838
976 1127
1373 1137
1668 1355
914 460
1971 418
865 408
772 214
79 1386
1538 73
1740 1275
1995 848
184 1042
1742 1360
1577 459
1830 262
1527 773
70 1512
1344 515
1940 997
584 486
1556 755
116 1161
1610 1586
677 1530
731 919
897 1657
1874 1195
1096 1631
19 594
653 36
1332 609
846 1388
1421 665
1564 1577
709 23
1560 1405
198 1928
1479 1286
1568 22
540 443
10 1676
1695 171
736 1088
1770 1794
1558 501
1737 1298
1670 1445
847 924
1438 1826
499 1859
473 949
1033 65
1752 143
956 999
1143 392
1088 977
1368 1317
1582 1761
346 696
1194 1793
1171 1409
350 1975
8 1792
883 798
1632 989
770 95
1996 417
180 136
1891 86
1223 1228
1792 1527
389 1916
1656 958
438 114
1360 252
1923 276
1914 1386
843 1810
1601 625
1174 1738
1359 578
934 1320
1073 1105
1897 1657
1692 1174
1179 467
1631 1381
1748 590
416 1733
809 878
1426 236
1376 597
1408 286
804 1139
1565 48
1348 992
1057 1942
1805 975
6 1742
1013 1635
1060 1294
1865 1827
1165 605
1775 1796
1804 873
595 982
1205 752
1076 754
338 1975
1697 57
1190 780
1655 908
134 383
1030 1341
61 325
773 809
1866 334
1080 830
1693 824
1919 1937
426 974
616 1024
1786 243
550 1209
558 1530
1266 1463
1330 719
1399 1621
186 686
1616 1405
1967 1449
1639 1986
1690 1957
1288 492
284 1174
999 674
1981 841
1175 794
1469 1984
525 238
1114 1775
984 92
1828 203
1955 1074
1720 1247
1975 1148
1271 321
974 1755
1800 292
1193 802
1637 1353
1183 747
1115 1794
572 92
1818 279
1774 1727
1473 420
820 800
1015 617
1915 1577
768 682
1182 1878
1711 1318
1743 649
1701 759
1657 372
1678 426
181 1229
1767 845
560 25
1083 1539
1907 1102
456 216
352 1158
837 455
1361 1190
1519 1571
1530 146
1119 12
791 1882
1521 413
1969 817
1768 363
711 1303
1452 498
1813 1525
702 1360
1627 93
1265 1196
615 941
400 44
1043 516
712 946
1046 941
1505 1072
1049 286
1724 1398
1979 1686
1014 645
1340 1956
303 271
1746 1140
1991 652
1441 1599
810 1319
1500 1735
1427 1739
778 233
1432 383
348 1656
881 1828
1503 1039
1079 1001
1658 35
1402 392
1875 1725
748 398
197 1991
476 1885
1917 1202
734 7
577 219
1920 1078
580 1452
1150 1716
1809 363
962 1248
1124 293
1719 50
1244 1410
214 554
300 556
1941 1750
1566 1065
1346 1839
1133 604
1213 833
1983 1651
1437 1180
1029 859
1093 1132
1292 541
1025 1661
1645 1279
1580 285
1947 1198
1836 1358
927 1187
1755 707
1561 1067
1017 805
1522 1724
1448 707
1877 698
866 1943
1497 745
149 853
561 1297
1974 329
385 1758
1590 782
428 476
818 1209
624 1839
1712 631
519 565
1841 1580
1823 1046
1745 591
1173 786
1789 389
1537 157
1990 10
1854 774
955 1862
1335 1227
1235 969
1708 286
1879 1562
1551 1256
353 25
959 1956
1338 1704
1353 1476
1796 738
393 473
1443 1502
182 732
104 1683
475 192
566 776
1298 202
1652 111
802 667
758 883
1649 465
1968 1357
1739 1171
1466 541
273 1294
1116 1968
1178 517
1798 1678
1036 101
936 60
928 1659
1985 1711
793 1780
1674 1092
1285 1664
1383 1790
1343 756
1790 1940
