1936 2000
1741 2 341 1684
177 5 519 1137 1418 1541 1589
613 3 1349 1555 1576
1402 2 502 566
1168 2 188 615
1205 2 979 1880
1786 2 1646 1710
1140 1 1549
1029 2 1407 1499
124 2 625 1073
179 2 765 1556
886 1 1637
1659 2 1307 1341
453 1 1175
1659 4 169 1114 1545 1650
1133 2 36 406
1932 1 108
706 2 659 1661
820 2 639 732
273 3 802 1043 1596
652 4 1172 1225 1470 1600
286 2 1471 1838
894 3 432 1362 1499
1604 2 1670 1942
196 2 186 1920
849 2 615 1509
199 3 349 896 1469
1473 1 1594
501 1 1610
1351 2 1158 1958
1821 3 895 1022 1741
1214 1 498
250 2 1109 1684
1113 3 99 591 1864
459 5 405 607 942 1724 1833
293 2 376 991
83 3 185 731 1641
1864 4 13 358 708 784
701 2 1383 1894
154 3 436 1076 1298
822 1 1489
275 4 1294 1472 1730 1942
1554 3 585 871 1192
1127 1 1884
619 3 237 595 1599
949 1 614
473 2 173 679
1702 5 1232 1237 1440 1487 1959
586 2 788 1491
177 2 570 940
929 4 626 914 1066 1187
152 1 1818
926 3 308 994 1003
1399 5 376 542 657 1600 1857
413 1 626
664 1 308
961 1 1648
1651 4 93 549 1060 1219
1194 2 616 1156
1314 2 731 1508
1007 1 913
864 1 1248
257 1 1149
1618 2 817 903
1549 4 7 131 1703 1822
245 4 312 1193 1507 1690
262 1 681
234 2 1003 1483
989 1 172
1414 2 9 1469
1630 4 67 80 1836 1891
453 3 561 1192 1730
1688 1 1119
504 2 1373 1379
484 2 331 401
675 4 175 214 1660 1690
1936 1 492
63 3 29 491 1470
594 1 200
480 2 210 753
1240 3 355 1218 1929
1402 2 358 1791
1772 5 185 1221 1308 1872 1939
621 1 653
406 2 265 1402
1411 4 343 374 733 1901
1127 3 223 753 1917
1137 2 282 333
1721 1 1426
652 4 121 1142 1246 1517
1564 5 76 350 1711 1759 1888
611 2 922 1150
956 3 766 1188 1650
547 2 637 803
1886 2 863 1450
666 1 859
966 5 456 465 582 695 1983
321 2 432 1167
388 3 478 675 708
826 2 782 788
672 2 11 294
1768 3 848 1054 1947
1335 2 737 1082
1921 1 374
297 2 1039 1510
1844 3 1168 1402 1838
894 2 318 434
539 1 888
976 3 314 1017 1466
302 1 1713
1624 2 69 1457
537 3 338 1091 1228
1065 2 36 1175
264 1 658
444 2 345 1812
1802 2 1398 1614
1062 4 361 465 1160 1672
1547 2 363 1578
371 2 1260 1699
899 2 1421 1913
44 2 275 1351
413 3 94 1422 1562
1078 2 368 1119
1046 4 364 674 1587 1935
1934 2 721 760
1721 4 592 1030 1796 1802
357 4 491 621 682 718
1081 1 291
120 5 566 662 908 1450 1586
111 1 1639
1840 1 40
1663 5 1092 1627 1628 1691 1839
1074 3 392 855 1547
1603 1 1629
1408 2 471 1021
1765 2 65 235
1734 3 185 1362 1791
91 3 400 701 1075
1168 3 938 1330 1879
12 2 899 1793
1761 4 344 1324 1578 1947
1234 1 871
1411 4 197 348 891 1968
1372 5 38 703 898 1248 1818
804 1 1433
652 1 449
1689 1 753
827 2 294 1356
619 3 919 1130 1774
33 3 2 814 1805
1473 2 1508 1639
1833 3 178 907 1622
665 2 707 1117
33 3 213 1429 1919
1465 2 394 1483
286 1 1330
969 2 187 1452
835 1 1238
107 1 1927
1295 1 126
755 2 1005 1040
873 1 607
38 2 753 768
872 3 345 1618 1669
1842 2 216 426
597 3 624 654 1906
997 2 689 1316
899 1 637
190 2 572 991
750 3 848 982 1050
815 2 1085 1106
1361 3 459 888 1136
573 2 1246 1662
1193 3 39 1246 1844
1905 1 653
886 1 426
1314 1 1576
205 3 400 1324 1676
1285 2 76 561
542 3 506 1493 1847
670 2 328 1377
1892 2 708 1210
240 1 1523
1570 2 1021 1057
1485 1 1296
1138 2 1137 1368
1685 3 311 324 1165
675 3 910 1056 1239
396 1 858
248 1 1441
1915 2 682 1912
1854 4 660 822 1606 1882
213 2 608 738
1918 2 25 953
1530 3 436 920 1775
387 2 596 613
93 1 1172
37 1 1637
1048 3 604 1166 1265
736 3 182 1085 1507
1689 3 605 627 1272
503 2 1047 1639
1772 2 375 1490
1360 2 477 1790
1276 4 116 429 730 1648
1601 2 132 901
380 1 437
632 3 802 1047 1310
892 2 469 1409
666 1 1099
1168 2 300 1380
1882 4 38 225 1394 1630
1737 3 184 1040 1557
812 4 169 284 801 835
770 1 478
790 3 140 483 1030
639 1 100
665 2 477 1376
1362 2 577 1115
429 2 1477 1587
1326 1 308
1386 1 1391
944 2 452 1490
1832 2 206 750
1359 1 1212
1730 4 308 1252 1441 1568
942 4 237 1077 1349 1967
699 2 940 1021
1137 2 1090 1126
1936 1 826
597 4 195 349 916 1508
678 2 1327 1625
91 2 768 1526
1098 3 619 972 1330
287 1 153
410 3 11 1313 1829
1473 1 1845
343 2 747 1526
208 2 1770 1894
1611 1 1871
522 1 54
1423 1 1191
803 2 197 1547
455 2 1511 1703
45 2 1626 1982
460 5 424 559 888 983 1404
795 3 872 1830 1950
1002 2 1076 1171
909 1 1776
297 4 975 1236 1711 1750
607 1 198
296 1 983
614 1 942
928 2 1108 1278
1648 1 717
673 3 1181 1408 1733
1011 3 765 802 1562
534 3 1228 1406 1872
1899 3 856 1124 1828
105 2 515 1318
140 1 1648
1872 2 327 982
1050 1 1141
1601 1 1787
867 2 627 1225
1085 1 1479
952 2 1433 1493
491 3 882 1186 1749
251 4 413 1021 1393 1440
504 2 721 839
225 2 429 576
496 2 1347 1681
1230 1 1495
1254 3 11 333 596
1433 4 1187 1253 1527 1637
764 2 1108 1883
1861 3 432 646 1811
460 3 424 1300 1999
105 4 172 559 1277 1728
1396 4 195 1205 1439 1500
230 2 1024 1749
444 3 810 1550 1725
633 1 683
1580 1 978
974 2 23 926
768 2 718 1724
1351 3 231 1366 1997
864 3 157 978 1334
1554 5 1087 1329 1655 1797 1880
23 2 1680 1715
1288 2 32 1997
1320 2 243 859
873 3 31 196 1124
741 3 1329 1568 1958
1858 2 1079 1226
724 2 599 1960
37 4 303 748 1139 1660
518 6 199 400 405 915 1368 1414
303 3 36 393 1582
443 2 607 1999
1244 1 1005
944 2 1246 1424
111 3 45 330 766
37 3 567 1126 1505
701 4 760 914 1351 1787
1777 3 711 1583 1615
350 5 236 423 747 1445 1917
439 1 1469
1564 2 487 926
1026 2 1461 1890
1554 3 197 519 1950
1404 1 1882
537 3 181 1213 1690
301 2 1318 1527
182 1 1596
1471 2 100 381
1100 4 516 749 1373 1487
673 2 3 1349
708 1 6
652 4 427 1003 1071 1360
1257 1 1576
728 1 1055
392 3 309 1326 1767
330 2 1517 1926
194 1 459
1346 1 1469
30 1 1439
295 2 111 613
939 3 231 1266 1669
273 2 1277 1452
1264 1 526
551 3 39 371 635
1877 3 854 1562 1910
1555 3 5 142 516
1056 2 1215 1839
527 4 724 1155 1523 1798
946 1 1383
62 1 1313
939 2 1113 1709
285 3 888 1426 1925
1481 3 720 1069 1363
1507 3 1458 1623 1700
1554 3 281 285 1737
1077 1 1255
184 3 601 914 1888
250 2 343 565
1273 4 194 685 1441 1811
33 3 848 1103 1110
1659 7 704 1274 1494 1615 1652 1829 1927
1924 1 1644
1273 4 738 806 1450 1828
1844 1 1478
961 3 1137 1229 1989
85 4 48 1015 1113 1630
1266 2 979 1882
1187 1 992
899 2 568 785
17 4 483 1060 1134 1925
1877 1 662
1736 2 837 1781
1303 1 983
360 3 604 1445 1749
1635 8 231 314 578 1337 1476 1524 1571 1747
1524 2 480 1071
1744 4 143 197 1394 1946
82 3 107 470 1501
907 2 1198 1274
16 2 495 1188
1838 2 504 1836
594 1 1438
997 1 1115
633 1 1767
1680 4 559 946 1124 1490
411 1 1191
1007 2 675 1350
1403 1 1953
727 3 311 969 1298
766 2 477 1964
82 3 823 1488 1891
487 2 1278 1740
1484 1 1108
1791 3 515 1077 1577
1694 1 920
969 1 1564
319 3 238 658 1508
1924 2 666 1570
954 2 936 1465
1772 4 27 1397 1421 1568
977 3 957 1124 1273
1637 2 669 786
1419 3 189 946 957
838 3 184 1122 1273
576 3 710 1832 1919
1635 3 306 1391 1836
821 1 1665
437 2 1039 1362
1081 2 487 557
644 1 61
1521 2 1015 1490
583 1 259
1133 2 330 478
319 1 1625
265 2 240 1383
1424 3 300 704 1426
1032 1 195
297 1 1141
523 2 1449 1735
977 5 245 1280 1479 1600 1761
1188 3 897 926 1042
1146 1 1213
1775 1 607
550 4 1136 1469 1639 1764
1189 1 131
869 3 81 575 1628
1377 1 1758
532 3 307 822 916
1127 1 83
1809 3 477 660 860
808 1 1964
803 1 1953
1858 3 758 765 1167
1322 2 140 500
1029 2 753 1155
1892 3 802 833 1959
1029 3 774 1040 1837
3 3 143 269 1640
1419 3 138 978 1656
1335 2 328 596
1138 1 382
376 4 149 645 1387 1677
25 2 806 871
386 2 509 549
1523 5 111 530 669 1112 1499
1343 1 1745
596 1 1218
1147 2 98 1759
1686 3 986 1262 1403
1218 3 619 1666 1675
1048 4 45 93 343 1475
1052 1 126
1077 2 1092 1868
836 2 502 1606
1079 3 623 1090 1362
916 4 399 663 1083 1331
741 1 1635
8 2 261 1622
1079 3 216 363 1817
1919 6 1291 1324 1331 1363 1628 1817
1695 4 794 893 1413 1914
899 4 604 681 1738 1784
1305 1 303
1468 4 39 1263 1677 1937
621 1 372
851 1 1224
1046 2 621 1821
651 1 1477
141 2 132 1365
548 3 79 320 1454
107 3 521 1541 1920
1892 3 495 1255 1846
512 2 979 1665
1726 3 245 711 1268
849 2 1523 1891
160 3 589 1330 1589
1880 3 432 1056 1601
1090 4 164 453 954 1138
1787 2 503 999
289 1 1080
504 2 1003 1649
1858 2 1085 1393
1377 3 1523 1622 1958
741 4 822 1168 1579 1707
1607 1 1744
450 2 406 1609
773 6 453 743 1060 1391 1656 1959
981 2 189 865
1154 3 441 456 742
1823 6 240 569 682 898 1083 1931
845 2 224 857
1011 1 1521
1778 1 1990
562 2 1266 1960
4 1 616
651 8 399 588 613 662 801 1263 1418 1466
267 2 609 1730
704 3 50 589 1129
443 2 1262 1997
1216 2 455 1839
210 2 275 1409
250 2 573 901
894 3 18 519 774
738 5 83 968 1501 1707 1798
159 1 1134
61 4 692 1288 1447 1983
771 3 635 784 1270
151 2 894 1914
1802 2 184 1510
1317 2 943 1166
1081 3 27 1619 1805
913 3 814 857 1490
1850 3 491 1048 1175
1090 3 506 855 1229
218 3 270 1876 1997
23 2 1707 1818
1056 2 555 1761
12 1 914
803 2 1342 1555
560 1 487
1024 2 69 516
1688 6 1419 1639 1718 1777 1827 1878
919 1 1341
1131 2 30 1310
1152 2 1611 1872
939 2 605 1582
1320 1 820
808 5 433 456 940 1467 1859
821 1 1414
171 1 975
725 4 110 143 1453 1518
1564 1 517
143 3 654 1420 1491
860 1 1691
297 2 270 1368
1113 5 299 443 596 830 846
1510 1 1171
1182 4 1291 1327 1670 1967
1395 2 211 348
692 1 104
870 3 848 1342 1610
1543 3 213 646 1831
549 1 1341
1149 2 1710 1904
1090 2 27 867
317 3 333 729 1542
1713 1 878
1468 1 143
259 2 276 1823
1314 3 7 94 1589
937 1 118
6 2 488 1174
1090 5 846 1270 1637 1829 1844
1343 2 609 742
1631 3 195 303 685
356 3 259 1119 1253
1249 3 173 206 650
823 4 81 780 1538 1830
630 3 69 487 1016
1630 3 624 1356 1863
72 1 260
808 2 38 1803
946 1 782
1512 5 86 614 1111 1409 1524
1082 3 223 1413 1691
1777 1 559
811 4 827 863 1807 1863
679 1 22
911 4 670 901 1368 1626
1291 1 1330
1366 2 1682 1704
460 2 609 1929
1802 2 309 1239
445 1 1808
1621 4 611 627 1663 1796
410 1 1683
218 1 1119
675 1 1883
899 2 633 1195
1239 2 1100 1581
1234 3 88 147 1700
1039 3 331 700 1476
1165 1 983
551 2 109 1075
1461 3 730 1856 1868
1501 1 953
621 3 549 1493 1549
1084 2 349 1102
587 1 804
1007 1 785
17 1 944
1850 1 1404
941 1 604
1328 3 203 273 1901
1107 4 467 555 1466 1776
312 2 355 743
1066 3 1561 1772 1878
297 2 518 607
1138 3 854 901 1500
1368 1 1960
87 4 357 571 602 1878
1927 2 285 426
1419 2 903 1594
468 1 1347
733 1 516
971 3 11 230 1890
473 3 134 285 1579
1676 1 1577
254 4 1618 1698 1983 1995
371 3 276 371 1523
927 4 58 324 363 1506
1386 3 184 1520 1864
597 2 1913 1914
984 1 1995
1662 2 895 1803
1533 4 77 710 1604 1879
946 1 1300
1342 3 25 1751 1779
1736 5 71 592 1045 1100 1707
1745 1 1619
1269 1 522
562 2 908 1043
954 1 423
691 2 1595 1703
1048 1 1511
198 4 140 599 848 1360
1735 1 220
406 1 1710
1865 3 549 1219 1625
799 2 286 1310
997 4 90 220 882 1047
21 1 712
652 2 1192 1313
1802 1 1060
1609 2 61 1912
43 4 705 854 1025 1836
957 2 575 1327
630 2 1200 1891
1564 3 734 755 1626
1880 3 321 1906 1979
1747 1 1419
529 2 1129 1935
285 4 650 1577 1836 1867
1648 3 915 1400 1570
1227 1 1652
1066 3 175 1878 1978
969 2 238 516
1858 2 345 721
911 2 956 1436
1361 2 379 730
787 2 1677 1945
378 2 1406 1698
1454 2 299 1683
860 4 214 488 712 1557
928 2 824 1398
1575 1 1589
23 1 1436
727 3 942 1029 1496
1077 2 443 1156
298 3 45 338 1882
279 3 417 1218 1992
519 2 733 1556
971 1 1839
768 2 1316 1447
223 2 555 1416
1684 2 940 1523
937 1 1300
815 2 1015 1864
1507 1 1838
1351 2 1607 1633
851 1 492
1676 1 248
1221 1 995
480 1 291
1771 1 626
1083 3 74 295 1614
944 6 185 786 831 1441 1447 1814
45 1 766
419 1 1777
126 2 368 371
1406 1 864
1218 4 5 502 1251 1588
590 1 285
684 2 815 1879
37 1 1920
1377 3 23 230 802
1125 3 509 1005 1627
1514 3 1363 1495 1598
1211 2 841 1436
1918 1 1926
971 3 724 1020 1076
1102 2 53 1150
493 3 188 1246 1982
1055 3 591 1025 1407
1338 1 611
1762 1 570
1447 2 571 1516
761 3 614 1376 1787
1062 4 599 846 1043 1741
1126 2 404 904
676 1 1047
1325 2 301 1418
811 1 1224
529 1 1270
1772 2 1130 1961
1574 3 527 1054 1243
192 5 240 1157 1587 1788 1828
537 1 714
231 1 32
1478 4 282 1424 1447 1890
578 1 167
1490 2 20 1838
1137 4 119 548 874 1454
1593 4 627 1218 1354 1550
1615 2 1687 1891
1932 2 304 1880
424 2 138 1250
1644 4 197 394 506 1239
796 1 607
1862 4 877 895 1226 1881
1840 2 1296 1744
739 4 515 1138 1517 1882
116 1 1511
1389 3 1191 1363 1483
1719 1 748
1857 2 491 1615
1167 1 898
601 4 687 1173 1553 1737
151 4 367 437 1103 1498
1529 2 582 940
873 4 625 696 895 1681
928 4 245 682 739 1143
1833 2 34 1556
55 3 826 916 1569
1638 1 18
909 3 200 1245 1744
427 5 185 334 417 685 1084
588 4 182 286 385 1910
1018 2 534 1792
1397 2 1228 1639
1478 3 325 477 1979
1223 4 76 260 264 1520
932 1 1150
578 2 1735 1828
345 3 904 975 1280
714 4 878 1111 1538 1644
1813 3 602 1103 1777
217 4 893 940 1470 1569
294 4 256 265 720 1699
141 1 185
660 2 1397 1513
1065 1 576
1521 5 118 158 835 856 1802
1462 1 1112
1052 4 197 502 1055 1188
201 1 1452
580 5 1048 1316 1368 1668 1696
537 1 1888
601 2 1098 1251
455 2 896 1100
739 2 515 1751
470 1 1726
1777 2 1478 1615
21 3 911 1416 1745
2 4 184 576 598 1232
1644 5 123 172 488 1505 1696
724 3 978 1570 1814
494 3 823 874 1252
735 1 1245
1786 4 477 526 576 1087
928 2 467 626
6 2 471 568
1749 3 417 821 1225
1473 2 854 1643
506 2 261 1171
1227 1 195
1193 2 365 675
127 3 623 1709 1942
926 1 1316
886 1 226
530 2 146 1039
1824 1 951
601 4 216 470 1088 1682
1342 2 1083 1510
1107 2 1251 1793
159 3 138 663 1024
147 2 301 984
289 3 443 864 1488
1771 3 269 467 689
1214 2 261 568
16 2 67 1298
839 2 285 1792
188 1 89
1926 2 765 1495
1796 1 503
1778 2 443 1495
126 2 586 777
1686 2 774 1470
1310 4 98 429 1226 1683
1513 2 751 1660
661 1 953
66 1 1917
16 3 586 685 1817
954 1 469
1384 3 20 1318 1452
1693 1 854
354 2 214 1171
1408 2 224 1387
1386 2 1583 1805
561 2 437 662
1779 4 624 1129 1526 1882
796 1 14
804 3 294 1331 1703
1736 2 598 1436
1123 1 261
632 2 1025 1884
1919 1 1457
1822 4 519 1531 1538 1876
198 5 98 748 1080 1523 1547
203 1 1917
971 4 333 1030 1091 1942
684 1 1967
919 1 189
1294 1 1472
915 2 36 1569
72 4 715 1100 1226 1418
1529 2 374 874
1627 1 660
105 2 200 1038
642 1 1881
1361 4 318 445 685 1246
1554 2 405 1394
375 5 566 707 755 1852 1872
1361 2 1003 1505
741 1 571
1899 2 1252 1797
1473 2 183 1618
993 3 1586 1728 1793
1568 1 835
615 3 98 390 739
29 2 157 1203
1209 2 13 172
781 6 833 1240 1421 1805 1814 1824
1672 2 79 749
1778 4 13 197 979 1301
159 3 1561 1639 1743
437 1 1786
1167 1 291
1756 4 273 745 1420 1777
1644 2 950 1029
1447 1 1030
2 1 428
1368 1 903
1284 2 491 864
1557 4 449 654 711 1549
1811 3 155 833 968
1407 2 675 755
590 3 973 1828 1927
225 1 343
1394 2 67 1092
1521 2 224 978
1718 2 469 1741
399 2 821 1700
894 2 1737 1888
1129 2 1194 1599
1849 1 1735
1325 4 81 746 1230 1787
759 2 745 951
752 2 273 1021
825 4 327 872 1416 1730
1604 2 245 1982
184 1 1433
550 2 488 1050
1653 4 33 837 1739 1865
1261 4 874 922 1172 1666
45 4 454 742 865 1520
194 1 18
1903 2 822 1597
846 3 282 331 1751
1343 1 1235
1861 3 405 872 875
254 2 187 1149
914 2 633 1925
1854 1 1373
92 4 463 879 1441 1576
1892 2 1402 1812
1205 4 318 325 706 1348
806 2 1036 1891
788 3 1520 1644 1935
1503 2 1545 1990
617 3 731 799 1666
679 3 147 1029 1643
1321 1 557
393 1 1374
520 1 1818
788 2 1173 1833
526 2 1224 1669
583 1 1639
1885 2 1363 1604
685 4 380 428 1112 1313
1332 4 80 911 1627 1888
1218 3 1301 1350 1917
614 3 695 908 1221
940 3 38 325 1155
1849 1 269
886 3 143 1165 1477
1611 2 368 1419
960 3 949 1168 1496
1863 3 27 1318 1502
856 3 302 935 1018
1189 3 707 846 1797
1386 4 469 1039 1045 1953
1170 2 1343 1615
486 4 237 749 1499 1847
1911 3 511 1157 1203
1378 2 34 1765
1473 2 439 876
561 3 65 206 874
1408 1 304
1302 2 623 1314
886 1 88
218 1 406
1772 3 98 1285 1880
35 2 645 1672
1056 2 478 918
1240 1 848
1196 2 640 1901
1521 2 399 1626
1125 3 1007 1198 1236
752 2 344 911
1594 2 224 1650
1162 2 401 1724
822 2 606 1781
794 1 1451
128 2 412 1243
943 1 1394
1008 2 295 454
664 2 1250 1270
141 4 223 619 1501 1744
621 2 1057 1529
490 2 1235 1242
117 5 79 769 1219 1790 1939
1738 6 18 133 649 1098 1359 1655
311 1 1393
583 3 518 1404 1572
481 1 140
886 3 1026 1156 1817
1492 1 1588
359 4 230 393 1346 1713
720 2 610 1471
768 3 363 408 1213
378 2 1113 1383
1007 2 1196 1782
203 1 1166
49 2 477 882
453 2 1171 1253
1100 3 745 889 1582
1878 2 1176 1777
611 3 282 1057 1619
1699 3 788 1380 1992
982 1 1362
113 2 930 1815
425 2 1077 1629
1685 5 146 287 381 746 1770
1888 2 282 896
652 1 769
16 1 197
33 2 87 1397
990 1 916
184 2 1593 1995
1384 3 417 755 1864
821 3 730 1550 1614
140 1 1065
512 3 816 1597 1989
430 2 221 1349
820 2 1565 1930
753 2 511 555
1624 3 624 1280 1720
1848 3 203 915 1577
1648 1 753
613 1 69
1688 4 488 548 944 1397
1772 1 1291
864 2 432 463
891 3 70 108 1030
1205 3 235 995 1826
1680 1 1406
3 3 445 624 1919
1371 4 669 707 1596 1677
1116 3 443 455 1324
1344 3 896 1356 1444
55 2 432 1646
1468 1 1426
787 3 90 1661 1867
101 3 1018 1255 1974
821 2 239 670
484 2 730 1124
1918 2 582 1011
1851 3 13 710 1756
1121 1 1912
1724 3 441 1758 1991
1408 2 379 916
583 2 497 612
1889 2 567 1682
1513 3 375 1087 1698
974 2 112 1906
1314 2 408 1372
124 1 1398
916 3 121 578 834
443 4 86 275 568 1759
371 4 759 949 1449 1693
1398 1 93
1254 2 480 1756
1671 1 1400
733 1 488
141 4 612 979 1021 1865
225 2 221 984
364 5 183 261 291 566 1263
203 1 1203
1715 2 1798 1846
1761 3 639 957 1477
344 2 236 1404
1310 4 33 540 1079 1786
1924 3 273 1424 1545
12 1 1764
22 4 944 1393 1699 1857
1490 3 341 1648 1841
653 4 529 877 1298 1334
1210 5 765 785 1270 1703 1751
1756 1 1772
961 2 154 1930
1599 4 235 427 1007 1045
1199 2 1356 1741
21 1 1005
1134 1 1440
1926 2 968 992
1721 4 372 730 1515 1863
536 2 774 1471
768 4 290 878 1013 1917
1891 1 429
1761 2 692 1510
1141 3 224 1958 1974
630 1 329
165 2 1422 1502
682 4 646 720 739 1582
870 2 108 363
318 1 473
1878 4 44 689 1814 1925
50 1 1808
1392 2 215 1400
1056 2 144 1285
1151 3 504 986 1523
1676 4 896 1329 1671 1935
1280 4 48 649 1245 1487
1929 3 249 478 1022
112 4 379 596 769 1226
1782 2 910 1034
264 1 1380
1530 2 470 1569
37 2 478 852
537 3 867 1472 1477
388 1 221
494 6 270 1467 1526 1735 1966 1983
1241 2 653 1373
774 3 755 904 1610
1865 4 3 517 1594 1782
974 1 1904
107 3 534 699 1824
823 1 1608
433 1 18
1910 3 157 1134 1777
1037 2 874 1682
928 3 282 1210 1649
1396 1 437
1630 2 926 1515
1924 1 413
105 2 24 1430
550 4 392 1441 1488 1743
258 1 529
1772 2 108 976
193 3 265 1232 1635
1042 1 1242
28 2 380 888
449 2 1187 1376
651 4 146 235 1357 1449
350 1 682
1471 3 304 964 1894
251 2 1440 1873
1659 2 312 657
439 3 857 1277 1910
141 2 26 445
759 2 286 1136
851 3 669 1652 1674
1305 1 1115
825 4 612 660 1406 1660
1073 5 480 1069 1103 1407 1555
1463 4 734 909 1028 1661
1171 5 9 388 569 748 918
129 2 492 1461
44 2 224 681
53 3 188 635 718
814 2 1284 1832
1250 4 211 1013 1165 1430
549 3 169 658 1785
235 3 816 1357 1967
1480 3 908 1436 1665
1335 6 153 338 857 1215 1421 1750
1737 1 68
286 3 149 848 1803
959 5 205 368 949 1451 1756
179 3 830 1526 1637
909 1 1246
449 3 950 1036 1413
141 2 1027 1750
1110 3 637 1419 1673
1851 1 348
433 1 1622
945 5 86 189 704 854 1833
1772 1 1090
549 2 1054 1175
1596 4 69 542 1665 1726
1256 5 777 842 938 949 1991
1083 2 116 1065
928 1 820
659 2 1570 1761
81 2 561 1366
944 6 348 415 1334 1581 1609 1977
601 1 1579
1872 1 344
464 3 557 685 935
1055 1 1945
339 4 67 570 1028 1042
1389 5 40 235 674 1359 1845
678 1 1240
223 5 34 134 765 810 1596
1143 1 61
254 5 837 875 1119 1408 1596
1029 3 98 143 1545
1223 2 146 982
1189 1 1912
1123 1 1359
821 1 936
339 1 919
114 1 930
1013 1 1025
438 3 188 235 1362
206 2 432 1772
1618 2 1090 1793
1007 1 1967
1056 3 802 1053 1943
1394 4 87 491 913 1495
44 2 83 1402
1046 3 32 968 1192
1861 1 867
1611 2 889 1606
351 1 582
1266 3 81 715 1458
984 2 1376 1684
1107 2 575 1834
1298 1 848
1029 1 1471
702 2 772 1929
29 2 61 498
427 3 558 1362 1641
86 2 1013 1357
295 3 303 1424 1883
119 1 1644
249 2 1301 1521
1924 2 942 1733
1411 3 1314 1538 1743
1143 1 926
1304 1 1704
538 2 895 1174
1549 1 207
861 1 751
952 2 50 1017
441 1 1761
1855 1 1441
886 2 896 1004
113 3 517 1300 1607
788 3 804 1436 1871
768 2 172 637
1129 2 899 1366
1046 4 669 949 1471 1745
1349 2 682 1334
318 3 706 709 1288
1767 1 948
971 2 515 1728
1078 2 325 1245
1514 2 199 1011
319 3 260 1339 1500
1613 3 81 487 1026
1926 3 207 1172 1836
1123 1 1075
1189 2 1263 1458
155 3 259 526 1073
971 2 197 682
746 3 434 1066 1524
1368 3 123 343 1329
916 1 473
1343 3 367 1144 1351
1735 3 99 1376 1517
466 1 747
318 1 1407
685 1 1594
286 2 221 753
959 2 282 1337
809 1 1577
490 3 549 640 1991
654 1 1707
1160 2 859 1615
1915 1 1088
1199 2 867 1270
367 2 22 390
1857 3 1326 1690 1857
870 5 108 115 149 1172 1876
868 1 903
198 1 1505
79 3 193 1260 1266
1364 5 907 1069 1349 1357 1715
1266 1 658
210 2 194 1230
60 3 1383 1651 1707
525 1 1779
140 1 1604
1007 1 979
80 1 140
141 2 973 1611
116 2 1496 1595
166 3 718 860 1172
48 1 1167
534 2 1251 1866
404 1 1832
239 4 1166 1547 1883 1995
578 2 99 1294
1926 2 1937 1979
1690 3 453 1168 1868
761 3 759 1124 1822
1269 2 54 1576
522 3 76 116 1693
1761 2 83 1524
192 2 478 785
1362 4 185 1005 1286 1661
720 2 83 1657
957 2 197 376
1241 1 1673
1459 2 90 328
73 2 1363 1709
480 3 763 877 994
1231 1 1421
437 4 199 465 936 992
1243 4 609 1545 1586 1929
997 2 269 592
586 2 4 1510
868 1 916
1121 3 618 1124 1205
1802 2 1194 1846
286 1 973
1291 2 629 763
338 1 449
1857 2 897 1270
197 4 1005 1593 1793 1917
1027 4 759 1477 1656 1926
949 1 338
1036 4 188 644 745 1848
1761 2 467 521
1254 1 1695
84 2 145 1563
255 2 107 1628
1095 2 74 1568
1703 6 331 654 1005 1129 1735 1991
511 3 600 1162 1691
1424 2 824 1288
1273 3 286 1314 1829
1523 2 1683 1834
712 4 155 214 300 1786
1191 3 1003 1662 1666
1343 3 220 718 1641
1625 5 1034 1251 1698 1707 1866
659 4 161 548 633 1087
1549 2 340 1500
1564 2 806 1800
1348 2 602 1135
384 1 1290
666 1 1487
30 2 216 821
1059 4 46 1391 1419 1695
613 2 1578 1581
1499 3 516 1542 1630
1462 2 470 669
237 3 1270 1414 1553
664 2 429 1730
1630 2 901 1950
1602 2 703 1229
55 3 522 865 1112
1837 3 153 874 1168
1210 1 1974
290 1 88
1821 1 358
1443 2 144 211
1446 1 18
1266 5 224 399 612 737 1349
1673 3 436 692 942
1204 2 249 1144
618 1 1799
1893 2 803 1341
795 4 324 641 1242 1698
653 1 662
1464 3 1391 1549 1961
1025 2 1278 1635
1530 1 1498
1818 2 1725 1943
21 1 1845
633 1 814
1079 1 1737
348 2 1047 1379
916 1 38
675 3 413 575 1252
1229 2 71 273
477 2 815 1942
1348 3 565 669 1856
72 1 29
1127 1 935
466 4 1236 1372 1629 1744
561 4 341 492 730 1919
12 2 399 511
708 2 427 871
845 2 634 1122
1797 5 180 269 1003 1005 1707
1802 2 194 366
1218 5 86 381 569 1516 1670
1521 2 24 1958
1918 3 225 1368 1804
591 1 1500
1674 2 652 1652
982 2 679 1122
1570 1 1157
268 3 220 291 751
1426 3 381 1066 1759
792 1 841
465 4 9 616 1033 1043
503 2 872 1758
1214 3 58 604 1098
388 2 108 576
851 1 618
1809 2 497 893
864 3 375 753 1338
263 2 1629 1834
707 4 86 535 1193 1609
499 3 971 1377 1515
1601 2 132 598
143 3 379 504 1781
1182 1 1599
1533 6 46 374 815 837 1475 1983
1730 2 119 1997
1407 7 577 792 977 1490 1644 1703 1764
1868 3 789 1691 1944
306 4 38 573 1363 1724
670 1 1769
1127 3 1730 1776 1826
1057 3 633 666 1743
1380 3 848 1663 1824
1137 1 39
566 2 90 509
1556 1 894
1277 3 1080 1291 1799
1368 1 434
613 3 77 1608 1670
1662 2 1808 1943
1749 2 158 1030
1133 2 323 1024
1216 1 376
1261 3 463 1018 1582
1573 1 1912
1877 3 424 913 1891
1082 2 502 1415
1150 1 393
1471 2 87 1440
1392 2 118 418
1648 1 138
873 2 456 729
803 5 386 919 1158 1218 1646
1214 2 40 718
1224 2 649 743
727 2 1162 1675
792 2 610 1365
1090 3 40 380 1383
486 5 115 376 1315 1514 1715
1889 2 1077 1239
1332 3 427 858 1457
768 3 172 224 1168
459 4 110 971 1416 1817
1722 3 487 1929 1970
1846 2 26 441
264 1 618
1167 3 365 477 669
801 1 473
1188 1 1024
1048 4 555 929 1219 1937
894 2 175 264
1899 2 1246 1944
685 2 237 901
225 1 98
1710 2 1398 1452
1865 2 1003 1782
523 3 390 720 864
1543 1 1859
203 1 943
1624 2 1219 1380
1468 1 711
1867 3 799 1341 1767
1150 3 198 1065 1586
887 2 429 469
491 1 1845
460 2 1277 1702
661 2 1247 1366
1862 3 1255 1607 1852
1688 2 480 700
65 1 1079
1772 2 61 634
185 3 946 1475 1661
785 4 419 637 826 1693
1387 2 318 645
299 5 616 743 1359 1586 1813
1778 2 246 1781
1647 3 519 1509 1881
1513 1 1711
1450 4 140 663 1119 1150
1151 3 7 1338 1619
510 4 13 973 1099 1628
141 1 1775
802 2 61 745
596 2 53 1383
1171 2 1039 1942
1026 3 515 1917 1960
1761 1 760
123 2 834 1470
1476 4 950 1084 1498 1715
1395 1 1589
655 5 540 706 803 806 1669
218 4 975 1339 1347 1966
521 2 405 1747
893 2 1595 1598
325 1 1341
1297 1 559
389 4 765 1035 1291 1737
1179 1 706
1620 2 1088 1589
491 3 692 845 1521
441 2 1053 1194
224 1 1203
1509 3 308 344 1187
138 3 67 745 1211
279 1 660
1243 2 624 1453
345 1 16
149 2 1759 1997
1721 2 1342 1582
755 1 1845
1548 3 318 857 976
805 3 1280 1489 1925
1146 3 132 1424 1509
1499 3 539 1035 1527
1584 2 407 919
512 1 815
196 2 710 1424
905 2 520 1520
257 2 733 982
1594 3 143 588 788
146 3 1175 1196 1899
1051 2 374 737
1387 3 264 736 1438
61 2 1274 1884
141 5 70 1200 1724 1781 1792
596 2 645 730
919 2 76 1640
217 1 1262
1005 3 172 637 1747
802 4 11 74 518 1751
83 3 380 926 1458
309 4 1017 1353 1413 1652
126 3 1092 1142 1394
723 2 1457 1680
1618 2 83 831
1772 4 194 1013 1570 1669
761 3 6 765 1502
1540 2 1102 1248
1586 2 222 799
1078 5 1302 1457 1538 1589 1738
594 1 1501
1087 1 1805
1156 2 625 1301
1822 3 24 608 1400
1313 2 463 1917
1744 5 121 426 563 1470 1561
50 2 741 1124
911 6 50 134 909 1368 1454 1798
1221 2 835 1045
1218 2 79 1354
253 3 568 577 699
788 1 1274
1533 1 1157
1900 1 565
632 3 909 948 1649
1570 1 380
1083 2 81 1007
1758 1 1817
470 2 879 1134
467 3 220 1724 1817
682 3 471 802 839
1167 3 1100 1394 1667
597 1 1011
1100 2 515 1817
1100 2 609 1439
249 2 61 1065
651 2 529 1549
1311 3 154 689 1865
1906 2 1845 1906
1055 2 240 1751
1242 4 147 649 1373 1920
1902 2 1246 1357
1411 1 5
151 3 810 1502 1710
850 3 956 1779 1991
18 1 1331
413 3 519 1144 1912
1732 1 1071
1673 2 175 598
1751 4 203 256 1130 1438
1223 3 87 1545 1774
333 2 303 569
909 4 788 1092 1144 1347
757 2 456 1960
643 5 1045 1055 1429 1765 1921
1554 2 111 1038
491 4 287 329 607 1253
229 4 699 897 1144 1672
1477 1 1480
666 5 300 1171 1422 1628 1651
1935 3 74 100 821
679 2 348 506
868 2 555 743
1480 2 61 592
827 3 689 1581 1920
1310 1 621
1835 4 526 607 1016 1836
1586 1 1863
1364 2 1812 1961
1726 3 4 375 465
1415 6 644 938 1237 1441 1583 1664
755 1 164
534 1 575
452 1 791
927 1 183
30 2 548 1767
111 2 240 696
229 2 68 240
1171 2 301 696
1703 1 1467
1473 5 221 658 822 1144 1298
1772 3 5 956 1953
225 1 1582
970 2 549 833
1388 1 1475
873 1 1622
60 4 89 856 1476 1496
494 3 6 107 1707
1914 2 1454 1804
1387 5 99 266 511 641 1196
631 3 1285 1572 1834
1657 1 1141
886 4 712 1403 1424 1591
69 4 295 310 1671 1673
770 2 205 865
168 2 839 1196
198 2 644 1945
728 3 5 534 1350
1693 4 492 1363 1380 1758
706 3 314 333 1240
825 1 1130
66 2 269 1376
1521 3 399 1028 1366
626 1 1588
1749 1 1372
1607 2 14 519
1350 2 1036 1738
944 3 380 1212 1523
1732 2 134 1360
1840 1 722
1183 3 121 1471 1728
855 1 178
1809 2 48 894
1043 1 1833
351 2 27 182
1701 3 434 852 1272
1004 2 561 769
941 2 349 748
800 3 341 483 652
1374 2 984 1379
926 3 193 427 555
259 2 1130 1509
353 2 88 666
277 1 1555
1771 2 662 1931
1521 3 1368 1625 1676
45 2 1666 1990
678 3 738 910 1063
176 1 942
981 2 467 1406
1628 4 441 968 1680 1966
339 2 77 1143
407 2 879 1363
255 5 71 392 615 660 1797
532 2 1674 1903
1302 3 894 944 1900
728 1 1673
796 3 859 1607 1813
1462 4 763 1326 1669 1709
1189 1 89
487 2 699 1672
938 2 441 1428
87 3 488 491 1913
1408 3 935 1493 1964
441 1 1508
685 2 207 893
855 2 699 1629
1873 4 9 548 1191 1290
365 2 303 492
1629 3 443 1113 1618
231 6 197 1100 1175 1296 1376 1929
1280 2 918 1438
1932 1 1793
308 1 1112
1085 2 121 1470
1295 3 153 929 1989
404 3 171 1228 1652
1343 3 81 408 1102
452 1 1338
1580 2 1612 1828
971 1 1641
44 1 1039
1107 1 766
20 1 1950
411 3 491 1111 1406
738 2 539 926
669 2 20 1113
450 4 327 977 1513 1718
367 1 949
1267 5 227 1079 1439 1466 1884
673 1 361
1354 2 1640 1715
81 2 439 467
1046 2 323 739
870 4 708 1453 1871 1966
1348 3 363 1640 1961
621 1 1589
880 1 888
1575 3 7 611 827
1121 3 328 1144 1236
203 1 199
1690 4 407 1160 1529 1660
141 2 483 1691
1549 4 3 433 1053 1508
139 2 324 573
1852 3 33 1577 1943
614 1 1914
527 2 1372 1597
1347 4 349 919 1682 1881
1882 2 470 724
1741 2 739 1903
1230 3 509 1609 1802
674 1 1003
1255 1 1553
1644 3 69 329 527
1339 2 3 1563
26 3 788 1771 1931
971 4 285 1003 1422 1599
308 4 132 145 415 1823
1684 1 1881
26 5 650 689 707 889 1910
645 1 381
1125 4 180 340 1137 1273
1147 1 80
1593 5 259 598 729 1542 1597
632 1 131
896 2 487 997
1073 2 1445 1812
814 1 1080
459 3 149 527 1246
549 2 598 1263
1555 2 154 674
18 2 995 1034
290 3 32 715 747
116 2 724 1354
982 2 1112 1609
476 2 738 1681
755 1 566
1147 2 87 329
744 1 915
1721 1 991
741 3 143 904 1767
1077 2 953 1410
525 1 1327
327 1 926
619 2 65 777
199 1 108
463 1 350
407 3 142 1581 1668
1240 3 995 1413 1674
685 3 842 1868 1876
1933 3 146 1698 1803
1305 1 1235
1882 2 561 1607
687 2 417 592
1396 4 171 782 1406 1759
1852 2 343 1106
563 3 340 894 1672
91 3 588 992 1669
868 1 852
1133 1 1232
472 1 1326
159 3 1514 1588 1800
1740 1 626
92 3 374 631 1155
1276 1 946
520 2 724 1690
1062 1 89
1893 3 439 627 772
1163 1 182
801 1 1628
939 1 712
195 2 628 1879
90 2 1513 1596
1918 5 355 382 506 1675 1772
1116 3 774 822 1418
1107 1 1735
83 3 573 575 1227
1303 5 4 220 976 1538 1744
1795 3 144 1035 1084
1335 3 596 758 944
1018 1 1665
1048 3 27 835 846
1221 2 765 1702
259 2 1027 1112
761 2 1047 1777
1276 2 708 1141
512 3 216 637 641
1218 3 224 302 1004
1218 2 1003 1195
697 4 1196 1703 1807 1826
944 2 155 1414
474 3 1211 1329 1945
550 2 1172 1444
741 1 975
838 2 972 1686
949 2 1187 1748
1612 3 520 822 1255
295 1 758
910 3 314 1098 1660
52 2 871 1192
6 3 259 1479 1811
586 3 45 625 872
203 4 742 1310 1989 1997
1215 5 264 309 338 1826 1979
910 2 1045 1508
1242 1 1057
450 1 872
255 2 165 1045
578 1 1298
724 1 1126
199 4 399 860 957 1610
1898 2 1247 1876
673 2 611 1656
966 2 427 1563
1686 6 371 806 823 835 1555 1968
1844 2 18 358
944 1 997
456 3 714 1805 1812
1582 3 1280 1472 1569
1322 2 1547 1997
1613 4 53 394 1044 1318
324 3 108 312 692
409 2 281 755
1521 2 76 1624
1208 5 447 631 975 1198 1643
883 1 181
860 2 888 1947
1052 1 623
1189 2 789 1048
72 3 29 281 1913
1533 1 918
53 2 423 569
503 2 1090 1974
720 1 1744
1629 2 487 1025
546 4 270 1066 1327 1608
1461 2 1791 1859
1127 3 407 1028 1837
143 3 646 1055 1523
1013 4 133 245 573 1415
485 1 1406
631 3 570 616 948
1728 4 2 681 760 1901
111 2 34 500
1796 2 53 889
1521 2 248 706
704 1 1268
1490 3 625 1506 1977
845 3 679 1667 1953
45 2 633 1429
804 2 498 1595
1154 2 20 374
981 2 230 1750
65 2 497 582
1074 4 1483 1637 1648 1841
110 5 32 119 854 1408 1799
627 2 845 1451
1762 3 1242 1506 1989
128 2 34 1099
713 3 282 857 1737
166 1 71
1918 2 6 1398
519 1 846
911 2 1025 1944
39 2 365 1903
1741 2 910 1188
162 2 549 1607
1328 3 645 1298 1964
1837 1 1693
1926 2 1515 1926
1753 2 700 1527
1524 3 901 1029 1868
1746 3 432 903 938
932 2 180 1751
72 2 560 599
1029 3 3 796 1174
811 3 772 1356 1541
1791 1 1815
1893 1 1103
692 5 40 413 659 839 1262
479 1 1499
1095 1 784
1764 3 670 919 1867
872 3 1029 1660 1900
673 2 588 1406
1461 2 299 1967
666 3 848 913 1224
1261 6 50 66 185 1213 1656 1822
251 3 70 90 1165
418 2 1420 1946
802 3 301 1556 1844
1211 2 753 1440
683 2 379 1510
1648 4 142 350 1187 1761
30 2 1165 1368
273 4 182 225 1056 1286
1269 2 705 983
849 2 1374 1465
796 2 589 860
1203 4 3 1005 1034 1735
1810 1 493
413 1 1109
1828 3 125 1555 1838
74 2 4 640
110 3 67 1438 1884
768 3 453 896 1710
454 1 169
1468 1 986
290 3 1087 1228 1491
1485 1 1601
1079 3 67 909 1743
518 1 1618
823 3 225 705 1549
1882 1 548
666 2 714 1013
586 4 116 627 929 1230
939 1 730
511 1 681
1188 2 741 882
260 2 1313 1774
488 2 230 555
465 1 132
1785 3 650 1515 1856
1630 1 1848
1703 2 448 1699
400 1 703
787 1 142
142 3 87 1026 1242
1107 1 1092
578 2 157 1713
829 3 187 483 1066
447 5 205 898 944 1205 1833
351 2 413 1649
399 4 157 364 1076 1673
294 2 1650 1703
597 2 281 324
666 3 44 211 230
231 2 1696 1841
1240 2 146 624
673 1 1341
1772 2 235 1109
143 1 1373
1326 2 370 736
406 1 140
6 1 1707
494 1 269
1465 3 376 789 1480
1243 4 134 659 1172 1713
1757 2 138 1844
1214 2 1441 1529
294 2 350 1034
279 3 260 309 1021
1644 3 1550 1750 1960
1780 2 914 929
708 3 215 1438 1562
1041 4 175 503 758 833
613 1 80
872 2 938 1827
165 2 344 1815
345 2 542 1051
1543 1 736
1809 3 6 1359 1494
1648 1 1740
1386 2 216 951
1351 3 548 1288 1821
502 4 93 381 1091 1881
1666 2 582 918
1867 2 8 1983
1589 2 1175 1656
1126 1 658
1644 3 1056 1396 1926
1849 3 286 1110 1803
964 2 641 1056
972 3 321 1626 1758
411 1 1718
1189 1 633
1369 2 1071 1475
1029 4 329 619 1093 1361
949 3 1550 1730 1767
835 2 5 1609
1708 2 115 301
156 3 646 1191 1568
1074 2 452 492
192 4 1194 1227 1426 1557
666 2 911 1610
916 2 1507 1675
1202 1 79
1641 6 256 286 679 822 1085 1149
1406 1618 1168 1387 1589 1329 131 1221 1513 1769 104 1673 1313 125 1015 306 1452 1509 1375 1235 1531 1695 1652 463 863 566 557 657 1480 428 904 22 814 920 1595 1665 492 747 1203 549 1671 348 614 455 609 1668 134 796 123 542 1852 601 1650 613 1004 211 1914 1878 918 285 595 1114 1651 1798 535 94 1034 119 1117 1130 954 1406 831 1186 837 1765 222 502 502 918 1798 503 724 81 374 1786 1829 559 1772 134 695 406 794 1711 556 1834 1426 1348 855 743 1349 256 1832 1353 1341 1950 1505 791 1693 1673 1848 246 53 1626 1016 53 1609 142 1611 561 653 785 1557 306 167 1475 256 145 1027 1226 108 1978 743 777 1586 1555 1650 497 29 1561 919 294 1047 1053 1397 1628 1663 144 153 1881 1828 363 1747 26 1458 1830 1703 1137 1751 1747 1441 33 1331 260 703 860 178 11 11 213 1910 1188 1606 946 221 243 1354 1800 1777 907 1890 115 9 413 1550 94 700 1927 1024 452 1085 1469 455 1429 1782 1173 222 1171 618 1237 259 645 596 1341 164 1625 1968 1977 30 1403 94 567 1251 1710 1394 1739 1803 1903 1441 940 1338 831 1044 1240 1215 1354 1284 1935 1198 1683 198 1036 489 1675 50 1930 575 894 1167 1904 992 1614 287 407 69 418 658 1813 748 926 54 480 487 1397 616 879 786 1447 834 1611 864 1995 734 708 1831 1316 1489 392 587 914 640 956 1465 1454 791 393 214 1476 1498 1198 830 355 772 1989 864 1648 730 400 149 488 1301 1305 1963 1865 488 570 465 13 467 1726 1687 418 478 367 487 1083 142 1326 1477 99 652 612 110 1623 1878 1615 371 449 1177 1547 1393 1509 569 1452 1088 1637 1129 704 1589 845 1235 506 222 817 1193 1007 245 1596 368 1060 674 1454 1175 301 390 188 741 138 755 1570 70 599 169 1529 1586 949 1404 390 1268 613 1327 910 1453 718 1174 1496 1531 526 711 386 1177 1126 1406 534 1718 1142 138 1520 527 1690 1529 1518 328 1912 275 1439 506 733 333 822 1677 625 1194 707 1466 36 1238 307 1523 1252 542 826 1109 1362 1596 500 1488 763 1383 530 1608 1138 1879 173 1017 1785 198 649 189 199 733 1238 1880 1748 344 1414 1718 132 364 1361 210 1646 518 738 971 922 984 363 38 109 304 539 871 1761 1675 865 390 575 1084 1728 592 611 1793 1285 867 1193 1450 1302 1341 1937 1253 1593 1375 210 1524 1796 330 1831 633 224 457 650 1198 184 1247 1831 571 1733 1054 154 443 518 950 428 1838 1171 1837 1242 1815 1627 1618 126 568 1136 311 1831 999 1215 358 1931 1186 1508 1509 227 477 1499 834 33 903 1160 1365 470 1377 1815 662 503 1398 1807 936 74 1899 1920 712 1066 1939 1004 36 954 25 449 310 1324 457 1240 1906 1057 323 1578 186 415 765 38 1964 1011 182 121 572 1471 1451 627 1326 1108 1483 534 1511 1572 1092 436 1087 1400 1408 640 1251 182 1609 1919 1790 1630 211 1493 878 1758 1834 2 1901 1871 833 588 596 368 573 418 871 455 380 1212 1684 973 181 1946 40 1517 530 1076 950 878 1943 822 506 1057 509 1219 737 951 1346 736 203 108 1921 700 1348 1262 365 750 1824 1769 1069 9 66 1294 216 1888 598 350 1699 1246 1211 1278 1725 705 1748 327 423 1040 641 1829 1946 199 480 731 172 237 568 1804 1347 1836 311 291 652 1930 1781 1342 1100 503 487 275 1099 1090 1188 1020 1814 911 1894 358 1292 1025 216 90 329 1538 285 483 1635 540 348 1868 350 1391 882 995 1807 1461 1565 1277 506 605 732 1166 1960 696 1056 563 4 935 882 608 344 598 1090 1402 375 712 717 1450 1823 896 348 434 1343 1326 978 404 609 768 471 816 366 1308 1883 1113 349 1942 859 654 116 1829 682 1501 1391 1676 1033 693 76 1139 1507 1619 394 171 330 424 626 1612 1219 388 1280 200 1939 456 572 413 1811 1080 1069 846 746 1740 1167 211 1324 146 858 701 1402 1526 700 1901 1236 1291 1891 100 602 1910 1967 1738 834 1212 1113 3 1017 1856 820 193 1458 758 602 839 522 290 386 995 916 34 1274 48 600 370 269 842 1676 835 635 1565 186 264 1863 1607 27 1836 567 1555 687 1999 857 1416 376 134 1004 839 1467 1337 1433 185 1999 991 777 1260 330 73 1533 1782 429 196 1505 1513 911 997 1831 149 1470 1173 876 323 194 749 1280 806 875 81 1359 1926 1596 495 663 1872 1141 1883 631 1419 681 566 318 132 817 1353 1195 1394 165 901 1421 529 763 448 99 1904 511 1150 1038 935 1743 61 157 1775 1887 1015 815 1413 573 1735 1873 1420 837 1210 1145 1003 1225 1079 1990 1559 205 1500 751 1929 633 286 1167 598 1033 270 683 1844 1240 1542 140 1406 310 381 1663 601 1076 1579 1724 785 1194 1433 1978 415 587 1704 32 1155 1472 1093 1339 1379 803 1644 826 143 1930 610 477 990 1913 1935 1479 1639 1410 1494 701 1873 1683 14 908 1681 1593 1050 357 238 213 24 1604 1769 401 646 841 1792 1945 1018 1665 1150 1203 645 1035 39 1495 71 1420 399 1022 1756 1656 573 1112 1665 1178 1278 1553 1745 824 1415 619 549 1073 1359 1396 1450 1983 432 703 1728 511 1409 238 1799 572 1887 312 1288 1914 769 220 1970 1496 627 89 629 493 492 1448 1866 1680 799 872 65 1588 1828 806 426 1134 604 1643 1495 1913 722 1792 515 1571 1589 1266 1514 1831 1807 1964 275 1817 45 674 1882 70 307 111 759 1250 1791 330 1507 1239 894 1667 1669 943 184 1250 942 1881 7 1979 1213 249 46 345 517 239 29 1615 1080 568 1237 1430 1581 164 1920 1039 1232 16 1839 1597 640 514 61 983 299 498 1715 427 1025 863 1555 1577 718 654 1914 1864 710 1784 344 1802 180 657 975 1418 370 1149 118 1779 1489 582 670 1550 1490 22 1496 1959 1640 477 852 304 1383 158 624 1541 1469 93 340 1906 1231 1844 976 1806 8 1624 371 750 142 167 1243 792 432 1314 385 231 1229 745 90 1945 1380 1490 1601 1360 308 1298 1878 412 5 1060 497 1048 1827 1205 1373 206 1879 1516 858 503 1454 1515 1510 195 766 343 637 623 1050 907 323 1992 302 1248 951 224 1970 1173 979 982 616 1582 1065 1958 1378 1186 1478 1200 848 827 487 788 400 44 943 1273 555 197 74 1130 695 766 1815 325 760 517 134 944 372 786 1591 1227 1841 1670 1307 1454 675 953 801 710 334 110 709 1469 591 692 1945 1761 895 1191 1366 1776 1997 1547 1362 1045 1430 882 1480 918 1359 1374 789 483 454 1547 273 893 780 589 520 1961 1122 1043 1991 701 577 303 1466 1953 897 1470 1236 1660 1380 753 1759 1681 660 1039 986 897 68 1583 200 1501 261 408 867 1821 1876 760 1559 1967 715 953 753 441 1036 1600 874 1777 1174 453 1042 1181 1690 1833 1156 1767 1115 31 1648 186 83 1178 197 58 239 1646 1356 34 13 977 1785 1444 1749 1162 1947 230 969 1487 721 1774 265 270 1569 18 398 95 224 1929 1272 1174 1407 1449 302 1571 657 180 526 1300 954 1816 1927 1782 1270 1707 1785 1611 1036 1145 659 25 1135 1737 123 972 1710 926 379 720 1818 1334 1047 659 548 1296 480 576 1791 1424 907 999 310 331 459 1847 1770 187 248 381 641 1416 889 155 1925 1781 1350 1224 784 516 954 714 1351 755 1080 1520 1873 882 634 607 1831 478 345 473 1913 223 826 1682 1510 225 1563 699 1673 282 261 1607 1260 1823 115 39 1633 1406 1466 108 1273 1637 443 694 1263 951 1733 674 469 1063 633 408 1733 434 669 1071 521 1990 1662 257 338 929 1588 381 1777 341 131 1691 1377 938 418 161 61 1047 747 301 1091 365 749 23 1751 1556 1075 107 518 693 679 330 1748 709 401 1266 810 1728 1145 1082 915 406 639 938 1055 1686 360 1440 640 1500 61 930 88 796 24 860 1060 897 1521 491 1286 806 6 1576 605 1111 320 1974 909 837 628 1900 433 682 641 1111 1073 1587 518 79 1622 1523 1393 942 1351 1028 240 969 891 1598 147 364 994 31 1230 1450 1803 706 1884 1005 540 894 1103 784 745 804 630 578 1162 943 1917 183 331 149 625 948 1660 1145 1961 1660 782 822 1989 1102 625 1982 1324 1579 874 835 1200 1270 1030 637 1959 1942 245 2 611 437 1664 689 1187 889 566 67 300 1750 1788 704 215 1196 983 1921 565 1436 1103 1805 20 517 1149 391 1802 1176 1007 360 1698 1203 1667 1713 1811 329 1666 222 1822 284 911 183 1963 249 1230 299 1700 9 1545 1375 1990 417 445 888 568 1228 23 382 1400 1228 1867 1610 1346 1577 429 45 1506 1968 1744 992 519 487 366 560 1450 1720 1465 1491 772 992 699 1867 1387 1218 1672 116 266 1953 1564 281 1812 823 576 182 1377 1013 877 207 1318 1119 1372 1051 742 465 341 1171 1440 1142 1253 734 685 471 1194 1845 1598 821 1812 561 1545 1026 1666 521 1502 842 1445 717 872 1730 405 724 1288 534 1765 1846 80 309 1594 558 1649 930 1799 406 1549 1050 601 882 1769 856 856 1466 1912 1054 1428 586 1741 370 1158 398 87 1771 1568 1961 1891 98 112 1110 739 1165 77 1327 605 419 455 605 22 1625 1106 634 907 621 177 1379 1674 1073 968 1363 1192 1292 1562 408 1696 696 310 1887 639 969 1774 595 282 1549 286 348 504 1702 1663 566 1852 784 903 602 437 709 1168 1288 1830 1290 1610 1641 1826 571 1066 708 86 36 1438 375 400 70 1092 1143 1937 1890 1255 904 125 1227 1600 1265 1799 291 425 644 913 1357 899 666 1859 729 1310 29 1139 375 372 1077 522 503 1660 1937 1029 175 407 898 1315 1518 1343 1661 1324 1864 1856 1797 73 824 1724 230 1098 654 1637 1633 133 226 774 957 681 721 295 1588 1878 854 1313 1172 1787 276 1144 1612 1591 211 281 1599 1556 1966 1764 1947 321 32 1050 172 1700 1368 1314 235 1655 1808 239 14 1266 841 782 1242 1926 1776 893 1412 1124 1053 548 1429 380 539 1759 1739 236 1168 601 1677 606 802 1595 1630 273 1857 76 121 443 1828 1944 882 1021 143 1409 1157 1494 306 1076 1608 1769 473 1368 1034 899 1629 1887 1693 585 1657 1149 1871 1376 330 615 987 1623 1330 39 1944 895 914 1709 447 1245 1357 991 361 588 1348 1422 1608 439 588 1565 1457 1808 314 1776 324 11 54 831 1513 1218 477 995 1527 1983 1466 964 364 1051
