20 534
45 1190
24 1288
59 1419
10 211
8 622
7 1638
2 1877
3 37
17 1954
6 1143
4 1399
66 798
27 527
1 312
12 76
34 485
39 718
13 61
51 460
33 436
32 1842
42 1003
37 276
5 36
46 1542
80 574
62 1943
43 195
48 1646
16 232
9 1074
25 520
18 921
52 947
11 368
64 759
113 1149
21 357
60 134
23 428
58 1089
76 1281
14 549
44 1260
85 1288
67 1291
28 394
83 499
95 1094
29 1540
129 532
96 438
15 962
79 1777
49 891
69 616
110 1587
98 94
77 1799
35 4
19 1090
47 490
114 685
36 477
22 878
131 1401
109 232
103 640
116 724
89 788
124 794
125 895
31 589
71 1679
53 1656
92 965
126 1624
97 1711
87 672
99 1366
102 1866
82 1739
26 1962
88 952
183 1919
135 573
136 1767
61 376
91 1353
86 356
119 1444
111 1634
196 1636
50 1071
105 1086
137 1898
123 805
144 609
107 1690
84 1790
57 806
104 1827
101 1941
30 1476
38 1555
54 1645
55 1064
65 604
145 1794
56 63
133 1599
197 620
156 1580
78 1731
68 1678
40 1951
143 715
204 90
166 495
205 875
72 614
176 1614
184 738
115 943
73 1521
106 1832
148 682
90 1324
127 321
152 301
153 181
74 617
117 359
112 171
158 301
190 1413
41 1448
195 242
63 1461
172 1152
93 1886
120 234
142 871
210 1276
163 1541
75 1421
162 265
160 505
198 1303
174 1218
232 1420
178 1271
122 1651
233 909
70 1276
186 1878
237 1221
128 1055
147 359
168 1594
130 1103
203 135
108 1260
218 1552
269 847
170 1840
81 1947
222 769
121 735
94 1529
150 359
134 1183
100 97
171 1982
155 373
177 1311
141 933
179 1770
149 198
161 5
206 305
318 282
226 640
239 1688
182 1590
189 211
151 462
236 19
154 989
241 1283
157 1226
217 1319
118 1682
167 524
242 180
321 1978
323 788
165 1353
228 1357
132 684
185 8
213 167
261 1837
169 933
262 771
246 511
268 7
280 248
324 1876
175 1944
251 1653
304 1708
219 253
247 688
191 724
187 1403
341 1401
173 393
138 1266
253 30
271 1769
209 822
199 1259
139 1075
224 301
255 158
202 1911
257 763
140 610
159 1162
292 1947
188 361
264 895
245 786
282 1453
214 1824
274 1826
331 1936
200 1084
291 1821
146 169
337 382
342 1309
275 1078
193 218
358 356
180 92
303 1661
343 2000
212 1532
293 1835
164 1137
290 199
319 491
221 407
216 1778
223 19
312 1864
314 706
229 1352
332 1429
394 247
404 307
225 121
181 1128
352 297
353 997
417 1004
309 566
311 1625
344 1273
313 427
194 1579
201 1600
192 933
374 1435
320 1149
427 852
220 5
384 1104
234 1459
254 97
207 328
270 147
287 807
244 1134
294 1310
208 1813
211 795
364 440
230 552
372 319
443 1585
399 90
249 1205
347 818
376 775
356 1631
231 1166
238 874
371 741
215 1699
368 1957
240 1871
272 676
370 984
235 467
375 409
252 966
402 529
227 1703
450 637
248 267
263 1908
250 1737
259 1569
379 663
258 733
383 308
276 43
385 156
273 868
278 480
327 1719
265 14
328 1179
279 666
267 717
281 276
346 516
401 765
298 3
349 1273
243 929
453 1202
435 148
479 124
355 1073
403 73
286 1413
415 1091
361 444
302 776
306 345
362 1657
277 1568
423 1785
424 1632
367 1628
489 1590
432 1790
283 1284
392 883
307 763
381 1955
434 1683
454 639
285 1202
308 1299
299 1910
316 1708
373 115
284 1485
256 1377
398 1385
386 454
322 724
490 1201
409 98
414 1094
339 1885
499 704
260 1253
503 1813
266 1757
438 1708
297 1041
426 1802
295 1597
433 1295
504 625
388 130
296 576
288 59
289 1066
451 1943
340 946
506 857
405 1803
300 1245
305 829
315 398
460 1229
455 47
507 508
310 382
439 807
348 147
345 531
408 176
333 1783
301 575
413 1482
326 355
377 1503
336 966
351 476
329 891
418 978
330 1839
437 1152
461 1571
363 126
471 1497
360 1771
459 1031
509 1690
528 1356
365 792
466 308
534 1417
378 357
380 139
334 1522
496 238
369 1072
317 1927
411 1534
498 1058
536 8
480 1284
390 1247
387 1149
542 310
494 1053
465 1158
476 365
395 5
389 10
416 1332
484 835
436 1111
442 1291
325 1784
406 290
359 586
508 734
495 1356
335 1550
452 853
483 1931
510 385
572 1679
458 1302
393 1927
444 1988
513 987
522 1395
532 1209
470 1789
497 1668
482 1668
500 322
642 537
397 1162
338 246
400 585
651 10
501 1201
467 401
410 776
469 1323
535 336
540 80
468 1031
553 1698
412 1222
660 1686
568 817
419 1704
420 1896
511 1433
527 844
447 679
502 1150
505 287
538 1893
516 297
518 654
472 1491
473 123
462 840
474 952
421 1041
422 518
520 1667
603 762
492 854
549 1589
530 253
566 1501
429 1669
605 626
523 647
664 209
350 1231
354 874
477 849
524 1161
481 1364
684 988
529 1707
545 460
606 864
493 862
552 1532
357 1796
431 187
607 16
559 1300
689 989
541 324
581 1912
485 843
609 34
560 877
441 1082
512 1963
567 598
569 1478
526 1833
366 1923
544 332
586 1057
382 277
584 1300
391 1979
487 527
445 1917
593 1062
515 1097
596 1128
622 464
456 1813
488 715
547 410
610 557
517 22
396 1039
407 821
626 1450
425 997
579 18
525 1989
557 268
428 56
457 414
539 181
691 1023
575 1688
627 1977
616 1922
576 111
583 1076
531 1703
585 324
463 1721
589 1677
551 85
702 468
588 756
574 69
720 1937
578 228
537 1514
577 363
602 1327
580 259
464 250
430 387
634 240
591 1553
614 1853
630 610
491 1830
652 1875
657 629
617 387
514 88
594 1951
440 1661
721 395
618 768
546 284
724 1868
519 797
601 1130
446 312
620 12
592 273
635 1993
619 471
621 1911
448 66
449 534
475 476
644 947
665 807
679 1430
548 223
625 977
543 37
687 1039
633 1197
478 798
760 1923
666 1812
629 174
628 563
697 350
632 1949
680 1684
681 901
599 1099
641 388
600 1226
636 642
675 1274
693 1541
761 770
604 772
639 1541
612 1259
654 1222
550 619
554 1403
623 1050
650 1244
709 1095
763 1786
716 1386
645 1912
631 732
653 789
669 355
659 524
661 1070
486 46
686 546
558 526
707 918
562 1881
775 1784
725 1333
521 1838
556 1434
728 1066
734 1255
785 413
690 1170
563 1621
692 1810
677 869
718 1724
786 957
646 1842
670 51
765 1457
745 1809
766 212
694 1113
565 41
682 883
708 1781
570 1707
789 546
587 1657
714 1937
595 158
711 1952
746 1024
533 1685
762 1547
672 1493
688 448
555 1966
683 119
678 504
696 625
701 450
772 968
800 1094
698 1555
705 149
717 845
768 205
801 133
788 886
564 1574
781 1643
736 56
571 161
597 1159
782 1221
813 1742
790 619
756 82
842 190
608 382
611 1335
649 1944
858 1829
561 471
797 1154
805 230
731 1654
816 1781
656 1729
818 1811
829 1510
712 1544
573 1451
730 1007
779 1875
783 982
854 1989
662 490
876 1252
882 1984
807 731
582 961
896 1633
590 594
613 1382
784 929
713 177
598 750
663 671
615 232
640 1228
904 974
624 731
793 211
671 1074
815 135
910 1860
820 1470
787 677
648 744
796 351
824 599
917 1047
808 1482
637 1034
655 746
667 345
737 614
798 452
799 1767
738 1266
817 655
715 1791
719 1248
837 407
744 52
747 1143
900 184
831 1598
911 609
673 1873
674 132
668 137
852 1226
726 1495
729 1535
857 114
914 472
727 764
735 1345
926 855
748 1607
755 1887
676 1925
638 957
685 604
915 441
879 711
757 1574
770 1678
749 746
695 650
742 1069
753 508
937 1763
758 1410
863 577
773 1523
891 85
895 375
806 1302
872 1272
643 909
771 256
848 842
924 1737
943 831
880 272
865 1411
887 938
699 1161
819 1431
889 1981
723 168
945 909
821 1214
743 744
825 1274
751 444
909 104
826 1229
822 1421
929 73
973 1156
952 93
777 724
869 392
778 1906
989 1870
827 802
873 774
878 20
647 1902
732 913
764 1955
992 1441
780 1987
733 1986
841 712
982 1254
1010 453
861 1996
888 1361
922 197
933 890
1012 1748
868 611
948 884
834 916
739 14
988 1683
840 1096
776 226
918 503
956 1781
870 396
962 830
958 1305
658 1894
791 305
795 1427
883 1773
1000 319
838 1582
1014 779
849 1107
853 1045
980 452
804 1603
976 789
886 59
1007 770
893 1136
809 107
862 603
983 1847
894 1393
741 1632
811 1671
993 1609
812 330
839 1001
700 1835
1022 1365
920 1400
946 1135
847 719
960 920
1027 603
1039 1623
851 368
703 1601
864 1151
901 1529
1044 1194
750 981
752 1954
871 1445
1017 59
1046 893
987 1466
754 414
704 263
855 1973
706 33
1013 154
1020 1101
965 371
1024 1307
990 5
710 350
881 184
966 235
994 69
722 325
856 712
967 1000
898 833
859 1916
874 1195
884 894
897 1242
979 1552
1050 1722
1025 823
996 1929
1016 710
1026 1233
913 1271
892 217
767 469
1019 1641
1053 1609
906 875
802 1105
1038 210
902 494
927 1780
803 409
938 812
814 365
1045 1896
908 292
1023 1959
740 1412
1030 256
759 1895
1041 940
912 1614
916 1445
823 293
1066 1242
919 1130
828 174
1058 760
1031 1322
1032 243
925 1260
928 1128
1062 913
955 1511
935 1255
950 1670
832 155
1094 1118
769 1820
1064 562
939 1121
836 1604
1106 1770
774 876
1084 1907
953 1226
1102 889
954 1181
792 1626
845 346
969 475
903 1179
931 601
977 992
970 1401
1056 1454
940 1287
1069 1419
1080 1335
1119 1644
794 1243
936 577
846 1943
1057 1804
1059 548
941 1083
810 995
1075 1132
1122 1900
1074 910
942 1434
1127 1103
1107 134
947 1158
850 1357
1150 659
971 190
985 1976
959 196
1001 675
972 1644
1101 83
1076 1848
1081 936
1103 261
1147 606
1112 1016
951 1600
1155 1621
867 487
875 1072
1005 1314
1114 1156
877 782
890 941
830 970
905 230
1099 1635
833 1983
921 1297
1161 89
923 1318
984 454
1015 1342
995 193
957 370
930 1034
1163 622
1021 530
1105 876
1156 1472
944 1220
1138 1681
1111 1600
1152 1884
998 51
1037 463
1149 1112
961 869
949 1142
1159 1398
997 908
1179 1817
986 52
1177 1043
1141 778
1186 955
835 1025
1018 29
1158 1178
1190 1196
978 1334
1165 1568
1169 1268
1052 785
1209 1364
1002 683
1189 564
1006 457
981 296
843 183
1036 1359
1176 164
1003 1432
1178 1382
1145 166
1055 1453
1073 1013
1226 1478
1206 293
1207 1354
1187 1028
1181 240
991 1812
1004 1687
1227 1817
1216 401
1071 666
1104 884
1197 1956
1033 572
1090 594
1154 937
1170 74
999 887
1218 605
1195 251
1011 1320
1093 1849
1199 304
1098 1935
1048 585
1233 179
1201 112
1120 536
1028 98
844 918
1049 1668
1128 678
1217 851
1108 1768
860 1554
1231 1599
1110 1159
1136 274
1029 819
866 34
1063 277
885 594
1034 137
1202 1660
1054 339
1072 969
1225 1826
899 149
1240 1766
1244 278
1213 679
1009 396
1061 1013
1211 1109
1148 1047
1222 1993
1251 762
1239 1234
1243 1473
1065 258
1261 1837
1157 540
1275 1772
1252 164
1257 331
1085 1637
1260 1051
1160 226
1035 423
1078 1640
1089 1020
1264 1518
1268 1344
1118 1669
1091 312
907 1429
1125 1736
1245 200
1097 583
1279 137
1259 1591
1263 1132
1291 1113
1092 597
1302 595
1100 1296
932 458
1068 18
1162 447
1309 1510
1130 343
1249 1754
1320 1253
1116 1577
1277 1082
1164 670
1278 1234
934 415
1168 1846
1286 503
1070 1490
1315 1791
1126 1339
963 125
1193 161
1132 592
1336 532
1337 200
1343 292
1266 87
1351 1342
1262 1811
1352 1769
1077 285
1133 1208
1361 328
1273 500
1079 1737
1137 1064
1142 1429
964 1326
1143 1370
1109 265
1113 1715
1144 1403
1205 1309
1082 314
968 1321
1175 1071
1292 559
1265 1702
1083 1380
1123 1145
1288 1516
1339 1986
1382 884
974 123
1208 673
1115 1758
975 1802
1384 1152
1124 129
1008 126
1196 982
1203 227
1151 1718
1281 1085
1400 130
1135 1200
1287 79
1214 1780
1040 1185
1333 772
1140 1470
1166 1500
1153 794
1131 773
1183 1011
1342 1399
1298 895
1173 453
1188 1930
1232 1518
1293 437
1409 875
1212 357
1146 1158
1362 9
1410 539
1192 1656
1171 1666
1219 1614
1042 1170
1234 657
1194 385
1174 1467
1388 134
1043 723
1047 413
1172 1704
1300 952
1301 1698
1421 313
1236 685
1198 1930
1180 1445
1051 1810
1365 1611
1295 1416
1436 965
1369 1939
1224 153
1184 91
1269 1942
1230 438
1185 1314
1235 980
1441 1185
1390 940
1283 427
1299 824
1401 489
1204 822
1444 53
1215 1465
1223 1377
1308 677
1332 711
1392 1814
1228 1124
1346 1238
1250 2
1465 1220
1229 975
1242 107
1060 108
1248 1642
1411 1839
1237 200
1477 831
1372 1116
1238 293
1381 1668
1256 1834
1394 1799
1348 1707
1449 66
1354 139
1067 65
1241 758
1453 31
1355 723
1303 1941
1368 1720
1247 1855
1258 233
1274 1098
1255 1394
1306 1908
1497 1027
1276 1879
1415 665
1311 1714
1246 1495
1282 1030
1267 816
1316 1268
1498 752
1429 228
1371 1186
1455 664
1321 28
1464 944
1304 983
1313 648
1432 396
1254 42
1417 468
1488 870
1500 811
1086 835
1387 1829
1284 917
1427 842
1289 504
1525 434
1307 737
1391 1378
1357 1093
1087 705
1437 1809
1529 315
1533 819
1285 933
1445 196
1322 1927
1329 670
1466 311
1088 1084
1474 1249
1095 273
1096 1977
1341 607
1491 204
1323 13
1487 1366
1493 1301
1350 1570
1327 1492
1446 554
1393 1851
1495 1207
1447 1770
1511 1310
1296 1048
1407 167
1270 1486
1312 1228
1367 912
1117 1719
1374 1930
1377 1087
1272 340
1452 961
1358 470
1379 1480
1334 48
1366 1535
1516 1371
1520 269
1536 14
1385 248
1518 1909
1543 1668
1523 1697
1564 1963
1386 952
1280 1291
1290 836
1324 912
1526 1941
1547 1272
1325 1175
1420 922
1463 1002
1424 310
1294 1212
1326 810
1335 676
1406 1907
1433 1613
1482 295
1347 310
1121 1888
1297 1239
1440 418
1370 1880
1489 1110
1305 734
1356 669
1413 1453
1456 1467
1338 1825
1380 353
1340 1398
1360 1140
1353 794
1423 797
1395 177
1568 1944
1499 234
1426 692
1310 1035
1457 41
1383 977
1129 1145
1314 145
1364 1969
1317 32
1462 1635
1428 1209
1531 1000
1438 967
1330 1162
1396 5
1551 1158
1471 1113
1373 1661
1397 870
1430 550
1554 748
1472 1567
1460 324
1475 309
1134 811
1572 720
1375 1811
1567 1119
1139 906
1508 1680
1331 752
1398 463
1582 1756
1514 846
1552 1693
1573 1739
1451 329
1399 30
1507 1035
1402 1777
1519 1122
1412 146
1167 836
1182 1465
1349 503
1559 943
1416 521
1539 1472
1467 1328
1359 1756
1414 1538
1418 1654
1431 1050
1191 1628
1541 1330
1592 246
1565 248
1425 876
1461 1999
1468 1788
1470 847
1590 1678
1542 642
1599 1291
1512 1727
1469 315
1480 1499
1378 1784
1513 758
1501 813
1502 1454
1434 122
1577 328
1581 14
1442 987
1503 186
1517 212
1593 1483
1605 1925
1200 851
1479 465
1604 1946
1509 1913
1627 1070
1210 1885
1405 69
1608 704
1492 773
1220 345
1631 1208
1553 1170
1408 705
1601 269
1624 1884
1435 727
1550 277
1524 1218
1221 1783
1419 1995
1534 655
1610 159
1448 84
1642 1975
1646 1125
1555 932
1253 1265
1629 345
1454 1125
1458 1758
1634 1181
1494 1263
1483 418
1556 740
1271 1506
1318 1194
1439 1294
1561 768
1560 120
1459 223
1637 245
1650 1244
1476 807
1562 992
1575 1964
1652 1666
1580 1166
1521 768
1587 1576
1473 125
1486 1412
1661 1100
1546 1593
1616 230
1485 859
1478 130
1668 791
1619 887
1319 203
1549 1564
1622 597
1484 1310
1505 946
1641 1809
1583 926
1589 1645
1657 1575
1537 1443
1504 182
1586 172
1328 663
1344 104
1594 655
1664 1922
1667 1938
1611 111
1557 1575
1538 127
1345 362
1675 1680
1496 1454
1617 1692
1540 911
1620 1101
1660 778
1558 27
1545 560
1515 547
1522 87
1563 1229
1626 1904
1527 1637
1548 888
1566 1265
1683 348
1689 208
1695 424
1569 1893
1700 642
1595 406
1702 974
1707 750
1628 1174
1570 1138
1576 1326
1609 680
1621 1864
1632 38
1633 1516
1510 1029
1363 1538
1528 1490
1639 554
1636 1267
1692 331
1574 1086
1602 185
1591 914
1600 1596
1571 1355
1596 1585
1606 190
1585 1627
1376 1174
1638 1842
1603 1852
1686 887
1653 1366
1682 1304
1643 1576
1656 1295
1687 1077
1530 744
1722 1942
1696 373
1698 97
1723 1032
1711 483
1389 1965
1613 1188
1701 1037
1597 37
1532 1503
1658 495
1403 645
1607 544
1703 1109
1598 758
1618 962
1666 891
1740 1341
1670 1375
1625 1974
1684 122
1710 1621
1731 1618
1649 1843
1741 1315
1767 1306
1672 719
1750 1748
1691 1508
1404 1264
1422 1604
1443 151
1677 1724
1744 1098
1676 47
1450 1814
1655 1232
1535 1569
1753 983
1614 91
1662 516
1688 523
1481 595
1544 1489
1769 1387
1490 987
1709 243
1739 1128
1679 118
1757 815
1674 802
1749 1974
1716 235
1758 599
1763 308
1787 1851
1708 1318
1778 1225
1506 564
1779 914
1615 1129
1693 1033
1623 1659
1756 1250
1578 1461
1713 1668
1721 1609
1771 70
1803 1579
1717 1115
1644 1376
1794 1455
1681 996
1630 171
1640 934
1579 1704
1584 997
1727 116
1761 1435
1795 920
1685 1980
1665 1900
1796 860
1784 45
1804 1256
1806 829
1588 913
1725 966
1671 1788
1730 93
1772 1180
1714 1883
1612 1630
1800 963
1837 488
1780 1940
1792 1516
1673 427
1733 1829
1690 674
1737 1768
1819 87
1845 1884
1728 1766
1705 1300
1718 854
1848 1917
1706 1583
1807 595
1645 1030
1720 1382
1738 1575
1678 566
1812 46
1746 216
1635 290
1734 650
1719 656
1748 1723
1736 1114
1742 275
1830 1707
1745 222
1680 1240
1777 1486
1647 1233
1648 1947
1694 420
1651 1692
1856 1450
1782 1407
1781 1750
1724 1843
1865 121
1872 331
1669 1841
1793 735
1726 694
1878 417
1743 1423
1785 1558
1766 22
1835 440
1798 989
1802 557
1752 683
1735 1904
1774 1501
1786 1157
1880 752
1814 1761
1654 238
1884 602
1820 1615
1809 1965
1889 1915
1755 675
1839 1439
1821 577
1853 1147
1797 1351
1754 1797
1846 669
1823 1618
1854 1816
1832 390
1861 1359
1765 1721
1762 1245
1697 1054
1810 558
1764 596
1799 6
1770 691
1850 646
1892 498
1699 202
1826 225
1659 189
1768 1564
1751 409
1858 265
1704 1066
1842 898
1663 539
1715 1572
1864 47
1712 678
1833 533
1873 751
1874 1860
1747 299
1886 1424
1773 1358
1890 337
1776 363
1808 1826
1729 804
1811 356
1817 108
1759 1749
1827 1483
1824 840
1843 1089
1847 217
1732 1770
1877 229
1760 480
1860 1452
1775 46
1801 987
1866 1883
1891 1569
1789 51
1867 1700
1825 1107
1881 893
1838 1245
1849 732
1902 1887
1783 1369
1851 579
1903 624
1871 1233
1805 985
1815 1451
1904 1537
1822 1516
1788 637
1897 523
1790 1772
1888 1655
1905 1188
1791 1699
1816 1980
1899 49
1906 1001
1818 1807
1915 1637
1923 469
1829 1888
1928 924
1831 526
1940 155
1863 687
1921 1177
1836 1877
1857 1557
1879 1545
1943 1363
1876 1674
1868 327
1855 1423
1916 338
1893 422
1862 1504
1910 591
1883 763
1895 349
1813 405
1907 738
1960 780
1973 1305
1828 1523
1870 559
1852 1965
1900 410
1975 1981
1980 1900
1913 875
1834 25
1901 1644
1908 713
1911 1811
1882 152
1840 1055
1929 1341
1869 1418
1917 888
1898 414
1936 743
1937 1583
1841 1081
1914 1985
1931 1082
1966 276
1894 1353
1918 4
1930 29
1922 1998
1924 1169
1926 1354
1912 1560
1939 1520
1927 222
1932 305
1935 498
1945 743
1967 124
1986 1036
1925 1639
1844 457
1859 1251
1954 1138
1953 1497
1934 485
1887 1686
1933 1754
1946 944
1938 650
1875 907
1955 343
1956 1655
1962 1946
1958 1989
1948 366
1964 1002
1896 836
1885 1985
1909 789
1919 781
1941 482
1981 221
1963 1495
1961 172
1920 1825
1968 1640
1949 1267
1987 1028
1972 246
1942 1249
1971 1232
1976 34
1983 316
1984 772
1995 1731
1989 360
1992 1247
1944 1725
1990 611
1947 299
1996 148
1952 910
1991 1954
1977 428
1959 213
1979 1111
1951 1895
1985 733
1970 1768
1999 106
1978 1438
2000 666
1950 1671
1982 1120
1974 220
1969 945
1994 907
1997 1342
1988 857
0 0
1998 1571
1957 515
1965 1691
