1 978
2 1491
3 1437
4 1281
5 332
6 111
7 1307
8 440
9 31
10 1697
11 1125
12 1859
13 1196
14 1798
15 1146
16 1441
17 1483
18 1793
19 1522
20 1245
21 305
22 959
23 614
24 1724
25 656
26 722
27 163
28 332
29 133
30 507
31 1871
32 198
33 1294
34 1775
35 1270
36 1197
37 712
38 1319
39 807
40 64
41 890
42 884
43 416
44 712
45 535
46 1864
47 1959
48 345
49 1264
50 1534
51 1291
52 116
53 85
54 1485
55 928
56 1241
57 974
58 636
59 1450
60 1586
61 607
62 902
63 39
64 290
65 637
66 1914
67 789
68 1441
69 1130
70 767
71 63
72 518
73 488
74 1628
75 1921
76 631
77 731
78 729
79 1732
80 53
81 1930
82 1824
83 1655
84 255
85 169
86 1215
87 1007
88 1162
89 1259
90 961
91 534
92 1233
93 388
94 290
95 722
96 840
97 59
98 1915
99 157
100 726
101 1778
102 1372
103 1235
104 919
105 1297
106 1058
107 837
108 1482
109 1345
110 1700
111 1440
112 178
113 1520
114 975
115 827
116 716
117 81
118 1511
119 668
120 955
121 1412
122 1849
123 1065
124 648
125 366
126 881
127 637
128 1975
129 719
130 175
131 991
132 434
133 471
134 321
135 169
136 97
137 355
138 483
139 1772
140 155
141 1730
142 213
143 474
144 185
145 1977
146 1274
147 776
148 214
149 287
150 355
151 46
152 606
153 1065
154 895
155 317
156 1027
157 616
158 418
159 1534
160 204
161 878
162 700
163 1257
164 837
165 1235
166 405
167 251
168 1436
169 838
170 1786
171 472
172 659
173 1315
174 1020
175 25
176 1614
177 50
178 46
179 562
180 752
181 1431
182 521
183 859
184 1798
185 836
186 1819
187 1635
188 1148
189 1468
190 838
191 1079
192 1390
193 136
194 1933
195 1450
196 1530
197 1655
198 1349
199 1506
200 1898
201 1337
202 1713
203 1226
204 676
205 1390
206 900
207 1372
208 1435
209 957
210 428
211 1991
212 226
213 895
214 882
215 1794
216 1010
217 758
218 1715
219 1242
220 1509
221 437
222 719
223 954
224 1438
225 548
226 318
227 184
228 277
229 1222
230 385
231 695
232 1612
233 722
234 1259
235 1902
236 106
237 1315
238 881
239 1261
240 80
241 911
242 53
243 461
244 494
245 14
246 107
247 213
248 680
249 1911
250 671
251 817
252 406
253 183
254 1822
255 820
256 492
257 421
258 894
259 732
260 1481
261 1468
262 1050
263 396
264 820
265 1046
266 704
267 2000
268 420
269 721
270 1092
271 158
272 552
273 111
274 295
275 402
276 1885
277 198
278 1808
279 1766
280 1512
281 687
282 378
283 987
284 1708
285 1713
286 1132
287 778
288 313
289 1734
290 1613
291 1653
292 544
293 1262
294 767
295 910
296 382
297 773
298 699
299 1897
300 1375
301 1793
302 701
303 861
304 497
305 185
306 1843
307 616
308 355
309 114
310 1929
311 1040
312 695
313 1935
314 728
315 109
316 237
317 1576
318 1349
319 890
320 362
321 1425
322 1998
323 1406
324 717
325 26
326 1626
327 1949
328 778
329 1098
330 786
331 1672
332 1163
333 15
334 56
335 808
336 817
337 1004
338 1621
339 67
340 554
341 1882
342 1110
343 1979
344 757
345 1216
346 1655
347 1653
348 183
349 244
350 1142
351 582
352 1282
353 743
354 1227
355 1613
356 1817
357 1941
358 1294
359 1559
360 1721
361 1676
362 878
363 468
364 1364
365 1177
366 1663
367 1293
368 1048
369 795
370 839
371 1281
372 1848
373 1798
374 1645
375 1136
376 848
377 995
378 743
379 69
380 1562
381 913
382 722
383 1848
384 1690
385 1201
386 515
387 1599
388 1918
389 270
390 545
391 1373
392 519
393 1185
394 1293
395 78
396 998
397 614
398 1418
399 290
400 1121
401 836
402 887
403 1957
404 188
405 1444
406 190
407 1605
408 785
409 578
410 149
411 1077
412 22
413 1342
414 1481
415 1419
416 1250
417 1887
418 1895
419 1147
420 663
421 127
422 1617
423 1725
424 1010
425 1294
426 1335
427 1400
428 1405
429 1927
430 1604
431 1567
432 1086
433 1600
434 838
435 1116
436 1182
437 958
438 1877
439 188
440 1447
441 1600
442 410
443 705
444 954
445 97
446 1515
447 975
448 1827
449 27
450 849
451 396
452 1711
453 1333
454 1639
455 396
456 1613
457 1085
458 922
459 1433
460 1845
461 1255
462 1667
463 1794
464 423
465 957
466 256
467 1221
468 716
469 604
470 1683
471 740
472 632
473 1242
474 390
475 1321
476 1331
477 340
478 892
479 1970
480 1066
481 1110
482 1097
483 631
484 1514
485 1712
486 510
487 1972
488 1656
489 426
490 155
491 1824
492 1076
493 693
494 1857
495 991
496 1989
497 982
498 1281
499 718
500 321
501 604
502 1186
503 160
504 185
505 661
506 1840
507 1624
508 1327
509 1365
510 1088
511 425
512 1267
513 1582
514 1212
515 355
516 1058
517 1647
518 1447
519 1691
520 1727
521 412
522 1485
523 1279
524 157
525 941
526 1973
527 1585
528 1391
529 35
530 1366
531 12
532 1770
533 1340
534 926
535 1349
536 127
537 109
538 1009
539 833
540 199
541 1933
542 637
543 1680
544 1559
545 740
546 225
547 1974
548 1952
549 1310
550 562
551 1924
552 434
553 758
554 358
555 1261
556 1242
557 1808
558 370
559 876
560 1481
561 1038
562 329
563 194
564 1786
565 110
566 169
567 473
568 181
569 1686
570 516
571 974
572 1867
573 85
574 1312
575 204
576 876
577 1563
578 637
579 25
580 329
581 861
582 1050
583 1011
584 507
585 1270
586 576
587 694
588 928
589 1857
590 1892
591 1699
592 1258
593 1967
594 1801
595 1745
596 153
597 1967
598 332
599 1440
600 1235
601 1381
602 1544
603 590
604 260
605 1656
606 1095
607 367
608 758
609 1949
610 1599
611 107
612 1503
613 542
614 287
615 708
616 1713
617 317
618 751
619 1227
620 1895
621 1177
622 1838
623 1890
624 1031
625 1320
626 1317
627 878
628 1866
629 327
630 1367
631 1007
632 1022
633 1304
634 1848
635 1262
636 1170
637 701
638 207
639 1299
640 1853
641 1740
642 651
643 224
644 1087
645 1026
646 1311
647 153
648 1091
649 1633
650 468
651 1778
652 355
653 1537
654 392
655 198
656 1608
657 1799
658 260
659 1457
660 578
661 1076
662 1906
663 1242
664 1740
665 1698
666 448
667 1632
668 1898
669 739
670 819
671 252
672 437
673 535
674 390
675 704
676 836
677 701
678 1409
679 726
680 1895
681 1163
682 1
683 1333
684 1936
685 1638
686 1433
687 471
688 778
689 493
690 1637
691 495
692 1026
693 2000
694 1483
695 897
696 1627
697 793
698 1898
699 1686
700 1980
701 1952
702 107
703 1031
704 56
705 823
706 755
707 360
708 1095
709 587
710 1071
711 910
712 1435
713 1629
714 1607
715 1928
716 764
717 65
718 260
719 1708
720 311
721 593
722 1473
723 340
724 571
725 1111
726 722
727 580
728 1360
729 808
730 954
731 522
732 1876
733 650
734 1736
735 223
736 1888
737 522
738 1508
739 878
740 1849
741 1179
742 714
743 198
744 190
745 733
746 469
747 932
748 740
749 1251
750 760
751 1819
752 1762
753 59
754 1212
755 1667
756 1684
757 1930
758 1282
759 1059
760 719
761 390
762 749
763 1740
764 202
765 511
766 1426
767 860
768 1832
769 1536
770 1698
771 1739
772 1979
773 1011
774 809
775 766
776 522
777 1088
778 1027
779 1665
780 486
781 1671
782 797
783 987
784 341
785 1895
786 722
787 169
788 1506
789 1307
790 135
791 1051
792 1431
793 976
794 523
795 244
796 1435
797 302
798 670
799 1604
800 496
801 294
802 1654
803 106
804 1601
805 1895
806 631
807 1367
808 382
809 1149
810 1849
811 511
812 16
813 928
814 69
815 1095
816 1649
817 913
818 1082
819 1251
820 701
821 1185
822 1548
823 290
824 358
825 1980
826 1705
827 202
828 1362
829 175
830 62
831 1280
832 1887
833 1826
834 1034
835 293
836 127
837 431
838 701
839 1130
840 687
841 147
842 1831
843 520
844 930
845 334
846 523
847 915
848 637
849 202
850 1074
851 694
852 462
853 1922
854 166
855 173
856 551
857 830
858 618
859 1428
860 1608
861 188
862 462
863 1579
864 698
865 1315
866 1663
867 1787
868 1273
869 361
870 1035
871 716
872 1453
873 1745
874 1194
875 1414
876 1293
877 396
878 542
879 1193
880 1507
881 819
882 1148
883 753
884 1095
885 282
886 1057
887 260
888 1170
889 1924
890 1242
891 1605
892 1613
893 1827
894 207
895 1641
896 576
897 1317
898 1462
899 511
900 998
901 145
902 1130
903 209
904 778
905 84
906 167
907 1291
908 417
909 951
910 16
911 716
912 1902
913 1952
914 694
915 1481
916 1906
917 481
918 817
919 260
920 420
921 1259
922 1010
923 410
924 944
925 1714
926 1873
927 1666
928 1579
929 51
930 1866
931 1380
932 421
933 1550
934 1424
935 718
936 827
937 1299
938 739
939 1242
940 1495
941 406
942 56
943 833
944 1578
945 717
946 593
947 62
948 987
949 904
950 1027
951 1604
952 876
953 1495
954 1235
955 545
956 1805
957 580
958 807
959 1349
960 187
961 1357
962 256
963 908
964 1749
965 74
966 870
967 1325
968 273
969 516
970 1510
971 1897
972 1729
973 81
974 535
975 1831
976 385
977 946
978 106
979 1336
980 1975
981 1430
982 1473
983 242
984 733
985 1959
986 897
987 329
988 1974
989 31
990 1544
991 740
992 1950
993 759
994 935
995 53
996 285
997 1261
998 1165
999 906
1000 415
1001 859
1002 1667
1003 749
1004 1386
1005 20
1006 1830
1007 959
1008 824
1009 1657
1010 1281
1011 804
1012 1008
1013 310
1014 1969
1015 740
1016 1473
1017 1065
1018 1786
1019 1160
1020 732
1021 816
1022 1335
1023 1700
1024 1637
1025 1694
1026 539
1027 1261
1028 1192
1029 35
1030 1052
1031 1949
1032 1505
1033 748
1034 1707
1035 1928
1036 1555
1037 749
1038 1383
1039 1027
1040 461
1041 1091
1042 528
1043 336
1044 431
1045 1176
1046 35
1047 1402
1048 57
1049 1966
1050 637
1051 1777
1052 396
1053 1905
1054 1448
1055 1312
1056 1667
1057 524
1058 785
1059 1463
1060 1639
1061 1646
1062 350
1063 1051
1064 1925
1065 722
1066 823
1067 340
1068 1289
1069 1895
1070 673
1071 421
1072 1489
1073 1657
1074 421
1075 1392
1076 1526
1077 2000
1078 786
1079 1350
1080 1267
1081 307
1082 1074
1083 1147
1084 157
1085 396
1086 184
1087 661
1088 1165
1089 903
1090 690
1091 548
1092 1764
1093 187
1094 940
1095 1373
1096 824
1097 1024
1098 616
1099 1373
1100 1222
1101 1099
1102 856
1103 1369
1104 237
1105 1741
1106 978
1107 1298
1108 1793
1109 1618
1110 833
1111 615
1112 1342
1113 1378
1114 1585
1115 1571
1116 1973
1117 189
1118 736
1119 1446
1120 1147
1121 1628
1122 895
1123 951
1124 1615
1125 1772
1126 64
1127 1571
1128 984
1129 1460
1130 1463
1131 484
1132 1391
1133 1092
1134 1293
1135 330
1136 1874
1137 526
1138 399
1139 308
1140 1679
1141 338
1142 1989
1143 1498
1144 695
1145 131
1146 415
1147 1428
1148 1349
1149 225
1150 33
1151 1278
1152 433
1153 1450
1154 1549
1155 852
1156 278
1157 1615
1158 1764
1159 928
1160 967
1161 1555
1162 1446
1163 1007
1164 890
1165 656
1166 830
1167 1604
1168 1374
1169 114
1170 635
1171 1198
1172 656
1173 1327
1174 827
1175 226
1176 827
1177 1826
1178 1702
1179 719
1180 41
1181 1310
1182 285
1183 1608
1184 1099
1185 751
1186 85
1187 446
1188 1521
1189 167
1190 1447
1191 1437
1192 1390
1193 701
1194 1805
1195 976
1196 118
1197 1761
1198 109
1199 801
1200 1402
1201 1261
1202 738
1203 1084
1204 743
1205 308
1206 724
1207 211
1208 1307
1209 1512
1210 1613
1211 1257
1212 732
1213 1936
1214 985
1215 1008
1216 1935
1217 702
1218 490
1219 726
1220 1088
1221 165
1222 1506
1223 146
1224 767
1225 1764
1226 462
1227 122
1228 1251
1229 1898
1230 1015
1231 1280
1232 65
1233 932
1234 161
1235 548
1236 1373
1237 909
1238 720
1239 890
1240 517
1241 1708
1242 290
1243 258
1244 1447
1245 127
1246 680
1247 827
1248 824
1249 1026
1250 1382
1251 807
1252 776
1253 22
1254 281
1255 425
1256 1282
1257 1937
1258 1873
1259 524
1260 1430
1261 1349
1262 1027
1263 1251
1264 897
1265 976
1266 1798
1267 122
1268 1266
1269 864
1270 1148
1271 1361
1272 1424
1273 1245
1274 1764
1275 363
1276 1521
1277 1262
1278 766
1279 1406
1280 1925
1281 758
1282 974
1283 1256
1284 738
1285 1643
1286 347
1287 68
1288 1849
1289 1177
1290 632
1291 1855
1292 1216
1293 59
1294 637
1295 23
1296 1862
1297 1121
1298 848
1299 1293
1300 350
1301 1461
1302 1552
1303 1384
1304 835
1305 563
1306 1421
1307 1033
1308 1495
1309 1020
1310 1193
1311 1558
1312 993
1313 1172
1314 1536
1315 1563
1316 987
1317 358
1318 974
1319 1365
1320 578
1321 763
1322 253
1323 1869
1324 1718
1325 57
1326 1134
1327 1786
1328 534
1329 840
1330 242
1331 564
1332 1327
1333 1227
1334 564
1335 1777
1336 66
1337 653
1338 1827
1339 975
1340 155
1341 145
1342 1599
1343 321
1344 307
1345 751
1346 1437
1347 743
1348 270
1349 1713
1350 1914
1351 611
1352 1428
1353 1371
1354 1793
1355 853
1356 1418
1357 1536
1358 1639
1359 1130
1360 1386
1361 1952
1362 359
1363 733
1364 223
1365 185
1366 1389
1367 188
1368 761
1369 1489
1370 1877
1371 359
1372 827
1373 637
1374 1338
1375 740
1376 1223
1377 1127
1378 911
1379 926
1380 764
1381 1979
1382 819
1383 406
1384 744
1385 1245
1386 1092
1387 209
1388 1170
1389 1514
1390 1489
1391 1485
1392 428
1393 958
1394 601
1395 1386
1396 1578
1397 533
1398 149
1399 877
1400 1476
1401 386
1402 1236
1403 127
1404 1096
1405 1061
1406 744
1407 1433
1408 1655
1409 1605
1410 847
1411 859
1412 128
1413 616
1414 402
1415 984
1416 1736
1417 1957
1418 1805
1419 1087
1420 1720
1421 1030
1422 22
1423 533
1424 1059
1425 671
1426 956
1427 200
1428 913
1429 1141
1430 382
1431 1857
1432 652
1433 526
1434 656
1435 1361
1436 1373
1437 772
1438 1935
1439 1170
1440 1422
1441 1361
1442 1604
1443 904
1444 1626
1445 1381
1446 1251
1447 877
1448 1968
1449 1310
1450 519
1451 439
1452 285
1453 1198
1454 497
1455 1840
1456 1342
1457 1576
1458 1341
1459 1866
1460 1967
1461 522
1462 585
1463 146
1464 1895
1465 267
1466 913
1467 141
1468 490
1469 851
1470 1190
1471 34
1472 1369
1473 913
1474 1121
1475 251
1476 817
1477 1567
1478 1626
1479 1895
1480 486
1481 1764
1482 1736
1483 1859
1484 1516
1485 1473
1486 1307
1487 84
1488 54
1489 1107
1490 954
1491 985
1492 681
1493 683
1494 1165
1495 382
1496 1205
1497 953
1498 830
1499 758
1500 1755
1501 613
1502 527
1503 1576
1504 680
1505 1917
1506 1130
1507 489
1508 122
1509 631
1510 1342
1511 367
1512 1457
1513 1348
1514 251
1515 299
1516 1335
1517 207
1518 1283
1519 719
1520 1020
1521 913
1522 978
1523 1525
1524 712
1525 484
1526 382
1527 1748
1528 823
1529 215
1530 352
1531 1298
1532 237
1533 1262
1534 906
1535 343
1536 1383
1537 330
1538 1821
1539 751
1540 1693
1541 1974
1542 1357
1543 807
1544 2000
1545 1085
1546 620
1547 1098
1548 1186
1549 1251
1550 839
1551 1856
1552 1048
1553 1065
1554 447
1555 838
1556 1529
1557 944
1558 1473
1559 987
1560 1295
1561 1387
1562 1558
1563 1849
1564 793
1565 1179
1566 1810
1567 122
1568 126
1569 1658
1570 522
1571 1730
1572 1325
1573 1953
1574 21
1575 1476
1576 1713
1577 469
1578 202
1579 620
1580 1166
1581 1609
1582 1132
1583 895
1584 788
1585 317
1586 115
1587 439
1588 21
1589 1213
1590 981
1591 381
1592 787
1593 714
1594 1826
1595 879
1596 1281
1597 1490
1598 620
1599 293
1600 481
1601 188
1602 289
1603 90
1604 1713
1605 352
1606 1607
1607 260
1608 1713
1609 1360
1610 1818
1611 1821
1612 1374
1613 820
1614 1444
1615 1683
1616 347
1617 1349
1618 1570
1619 1092
1620 1414
1621 1162
1622 1776
1623 1229
1624 1652
1625 585
1626 414
1627 330
1628 836
1629 365
1630 1186
1631 1187
1632 730
1633 1941
1634 1198
1635 1319
1636 1416
1637 1759
1638 1544
1639 1937
1640 1809
1641 146
1642 618
1643 196
1644 1391
1645 991
1646 998
1647 1870
1648 899
1649 1076
1650 1002
1651 1515
1652 1335
1653 1165
1654 307
1655 1753
1656 848
1657 421
1658 1473
1659 535
1660 1598
1661 256
1662 1833
1663 1101
1664 729
1665 53
1666 344
1667 1646
1668 66
1669 566
1670 431
1671 1262
1672 652
1673 945
1674 383
1675 1115
1676 791
1677 318
1678 1362
1679 859
1680 911
1681 440
1682 136
1683 1349
1684 1471
1685 526
1686 510
1687 1063
1688 1970
1689 1361
1690 1227
1691 1235
1692 471
1693 1172
1694 1040
1695 1864
1696 1967
1697 1646
1698 56
1699 1315
1700 718
1701 1550
1702 758
1703 1389
1704 97
1705 80
1706 1536
1707 600
1708 1349
1709 1784
1710 1023
1711 1973
1712 655
1713 1952
1714 701
1715 1495
1716 245
1717 1940
1718 861
1719 1856
1720 1130
1721 1031
1722 1613
1723 911
1724 1998
1725 1504
1726 1898
1727 1895
1728 1400
1729 1506
1730 1714
1731 744
1732 1235
1733 460
1734 461
1735 1299
1736 1653
1737 65
1738 805
1739 1827
1740 859
1741 1333
1742 63
1743 1444
1744 890
1745 1979
1746 497
1747 656
1748 1428
1749 897
1750 110
1751 330
1752 317
1753 1172
1754 338
1755 1708
1756 884
1757 1239
1758 942
1759 365
1760 1259
1761 742
1762 1110
1763 1463
1764 1235
1765 1747
1766 676
1767 1415
1768 833
1769 646
1770 683
1771 1267
1772 1805
1773 681
1774 1875
1775 1783
1776 317
1777 1558
1778 406
1779 172
1780 1898
1781 1463
1782 1691
1783 1781
1784 1371
1785 1092
1786 502
1787 1784
1788 1559
1789 1432
1790 1262
1791 932
1792 1223
1793 146
1794 1730
1795 274
1796 845
1797 1077
1798 1172
1799 808
1800 1553
1801 446
1802 367
1803 409
1804 353
1805 1873
1806 1395
1807 1456
1808 1691
1809 490
1810 1915
1811 753
1812 983
1813 187
1814 985
1815 728
1816 452
1817 502
1818 718
1819 358
1820 1020
1821 1352
1822 1485
1823 1175
1824 1555
1825 1959
1826 637
1827 471
1828 480
1829 1608
1830 1902
1831 175
1832 785
1833 554
1834 759
1835 4
1836 1798
1837 1149
1838 122
1839 1695
1840 1740
1841 458
1842 840
1843 1191
1844 1270
1845 404
1846 211
1847 1506
1848 1044
1849 535
1850 690
1851 1666
1852 1647
1853 40
1854 1456
1855 887
1856 1970
1857 1227
1858 1192
1859 1504
1860 824
1861 332
1862 860
1863 520
1864 759
1865 1720
1866 1885
1867 1681
1868 566
1869 941
1870 1848
1871 1551
1872 663
1873 913
1874 373
1875 38
1876 1819
1877 471
1878 1204
1879 1876
1880 1466
1881 1397
1882 1747
1883 916
1884 1525
1885 1555
1886 25
1887 772
1888 915
1889 352
1890 1739
1891 1614
1892 1713
1893 1713
1894 1378
1895 1361
1896 656
1897 188
1898 169
1899 1092
1900 986
1901 1504
1902 127
1903 1516
1904 1576
1905 1201
1906 1351
1907 1123
1908 1424
1909 872
1910 202
1911 995
1912 1461
1913 1594
1914 630
1915 317
1916 1255
1917 1776
1918 1669
1919 1576
1920 989
1921 197
1922 1698
1923 698
1924 76
1925 837
1926 144
1927 1098
1928 14
1929 656
1930 764
1931 1698
1932 423
1933 884
1934 1115
1935 1957
1936 1361
1937 542
1938 1591
1939 458
1940 1229
1941 1607
1942 1428
1943 1581
1944 334
1945 1845
1946 744
1947 1418
1948 1522
1949 786
1950 85
1951 1187
1953 1626
1954 1424
1955 80
1956 956
1957 425
1958 803
1959 462
1960 1158
1961 1232
1962 104
1963 888
1964 553
1965 253
1966 1384
1967 1177
1968 999
1969 836
1970 838
1971 1863
1972 1576
1973 974
1974 135
1975 959
1976 1241
1977 347
1978 593
1979 1235
1980 1805
1981 1711
1982 310
1983 377
1984 882
1985 1255
1986 1553
1987 1870
1988 1033
1989 1061
1990 663
1991 1440
1992 771
1993 519
1994 1107
1995 203
1996 1509
1997 1771
1998 260
1999 1340
2000 600
