1 1003
2 1320
3 1219
4 84
5 126
6 147
7 748
8 1780
9 1885
10 276
11 169
12 1264
13 331
14 7
15 417
16 388
17 1921
18 613
19 159
20 1578
21 958
22 1215
23 1121
24 1807
25 1268
26 500
27 327
28 420
29 1413
30 1827
31 1386
32 172
33 22
34 701
35 1135
36 1817
37 392
38 1302
39 225
40 738
41 1199
42 1581
43 334
44 1429
45 1100
46 1173
47 1291
48 479
49 552
50 1543
51 345
52 314
53 668
54 1533
55 394
56 940
57 1612
58 793
59 1818
60 487
61 642
62 246
63 364
64 389
65 1544
66 800
67 580
68 53
69 1193
70 569
71 245
72 1895
73 1287
74 1017
75 1781
76 656
77 1138
78 1378
79 732
80 213
81 1644
82 221
83 1922
84 861
85 1085
86 93
87 1774
88 167
89 892
90 1595
91 59
92 393
93 827
94 1491
95 1944
96 760
97 243
98 1256
99 1351
100 706
101 459
102 1098
103 1246
104 850
105 1011
106 1391
107 964
108 1254
109 460
110 666
111 896
112 1010
113 220
114 1658
115 954
116 1797
117 1924
118 620
119 1014
120 816
121 446
122 1981
123 799
124 1282
125 834
126 1957
127 1105
128 85
129 1678
130 504
131 19
132 1617
133 517
134 1172
135 83
136 1249
137 244
138 1472
139 1437
140 912
141 102
142 866
143 357
144 1936
145 469
146 1861
147 1942
148 1007
149 1042
150 1141
151 1704
152 1712
153 1497
154 767
155 358
156 1632
157 791
158 1850
159 1623
160 1768
161 708
162 1591
163 120
164 1715
165 1048
166 1878
167 673
168 353
169 1640
170 1853
171 1015
172 856
173 523
174 171
175 1998
176 299
177 1061
178 1301
179 551
180 240
181 1277
182 1728
183 131
184 1133
185 1577
186 174
187 624
188 1225
189 938
190 1582
191 384
192 477
193 795
194 1548
195 1167
196 572
197 833
198 1079
199 463
200 1163
201 124
202 1438
203 1875
204 1996
205 651
206 1610
207 992
208 511
209 802
210 1701
211 1882
212 1071
213 1462
214 18
215 113
216 1
217 203
218 17
219 877
220 1290
221 1621
222 1726
223 178
224 1321
225 1570
226 1600
227 1833
228 1202
229 349
230 249
231 1244
232 1828
233 107
234 698
235 1520
236 297
237 1002
238 1488
239 747
240 1847
241 1594
242 922
243 860
244 1151
245 1004
246 68
247 1837
248 170
249 908
250 214
251 1910
252 362
253 1296
254 1659
255 423
256 1675
257 509
258 1541
259 292
260 473
261 1945
262 1029
263 804
264 723
265 1198
266 1269
267 294
268 1840
269 810
270 1819
271 888
272 667
273 604
274 39
275 903
276 1698
277 991
278 50
279 1280
280 1050
281 755
282 616
283 1108
284 1170
285 1997
286 16
287 1449
288 72
289 91
290 1028
291 798
292 101
293 826
294 1453
295 453
296 466
297 557
298 1760
299 873
300 594
301 783
302 1614
303 78
304 542
305 902
306 939
307 372
308 1639
309 265
310 1441
311 109
312 1656
313 165
314 1735
315 377
316 1869
317 1881
318 797
319 296
320 709
321 1051
322 400
323 121
324 1697
325 916
326 1969
327 153
328 757
329 949
330 995
331 1556
332 1289
333 69
334 99
335 161
336 994
337 633
338 433
339 1745
340 494
341 1583
342 574
343 1917
344 1397
345 1590
346 1056
347 1752
348 768
349 818
350 1445
351 1257
352 609
353 1077
354 1737
355 1142
356 1213
357 932
358 979
359 1589
360 304
361 1897
362 1588
363 1168
364 1383
365 354
366 456
367 1903
368 1027
369 671
370 112
371 640
372 961
373 27
374 155
375 28
376 526
377 1344
378 1230
379 990
380 1124
381 1599
382 295
383 559
384 1912
385 587
386 1400
387 1538
388 195
389 1204
390 1991
391 870
392 374
393 728
394 1376
395 1450
396 1222
397 352
398 1562
399 751
400 1435
401 235
402 1357
403 311
404 516
405 1188
406 1689
407 1729
408 70
409 839
410 140
411 1960
412 404
413 847
414 695
415 599
416 1454
417 132
418 1087
419 1744
420 734
421 1201
422 405
423 1773
424 1531
425 484
426 886
427 1241
428 733
429 1915
430 2
431 848
432 1584
433 1539
434 1859
435 758
436 583
437 11
438 1890
439 626
440 351
441 1825
442 1426
443 40
444 883
445 1207
446 1636
447 1748
448 1593
449 1053
450 160
451 815
452 674
453 1559
454 1200
455 976
456 313
457 1731
458 193
459 1842
460 1150
461 1938
462 1279
463 474
464 1470
465 198
466 1709
467 1956
468 152
469 1063
470 1425
471 693
472 1129
473 26
474 1152
475 1075
476 350
477 1432
478 344
479 997
480 1442
481 983
482 55
483 1374
484 1314
485 1959
486 323
487 1892
488 1447
489 984
490 1353
491 1606
492 428
493 1496
494 1467
495 1662
496 215
497 1522
498 300
499 637
500 182
501 1156
502 1097
503 1103
504 1326
505 438
506 1553
507 1624
508 1396
509 1286
510 1642
511 1052
512 441
513 822
514 957
515 702
516 1972
517 228
518 749
519 447
520 1013
521 1451
522 268
523 765
524 1131
525 60
526 1516
527 1626
528 1250
529 598
530 1062
531 1804
532 726
533 498
534 1315
535 283
536 1006
537 649
538 67
539 898
540 194
541 480
542 94
543 1009
544 191
545 935
546 306
547 1953
548 1572
549 611
550 1962
551 298
552 1136
553 1005
554 1575
555 41
556 103
557 837
558 585
559 832
560 663
561 227
562 1925
563 1751
564 1734
565 1891
566 1263
567 554
568 142
569 672
570 1979
571 1465
572 1803
573 1718
574 1292
575 1209
576 646
577 1805
578 830
579 982
580 1076
581 1778
582 87
583 496
584 1312
585 1338
586 1994
587 37
588 975
589 82
590 368
591 1480
592 1381
593 422
594 893
595 570
596 714
597 1775
598 1652
599 1477
600 1293
601 14
602 66
603 711
604 1672
605 638
606 597
607 1941
608 1018
609 1785
610 607
611 679
612 1682
613 1792
614 876
615 277
616 1096
617 1604
618 1684
619 1458
620 1109
621 1670
622 1196
623 371
624 1635
625 1297
626 1986
627 1047
628 1747
629 1690
630 904
631 1919
632 196
633 1719
634 3
635 1123
636 1446
637 1721
638 1609
639 1335
640 454
641 1169
642 197
643 106
644 1427
645 1501
646 1073
647 1205
648 1585
649 1418
650 340
651 199
652 687
653 644
654 736
655 789
656 458
657 71
658 134
659 1074
660 1414
661 1866
662 1411
663 1243
664 1504
665 1843
666 96
667 430
668 1711
669 1852
670 1856
671 274
672 582
673 522
674 743
675 852
676 1909
677 1622
678 31
679 907
680 538
681 44
682 945
683 648
684 1933
685 539
686 1328
687 378
688 138
689 788
690 452
691 135
692 1899
693 43
694 707
695 1127
696 1434
697 863
698 1436
699 764
700 77
701 937
702 536
703 621
704 508
705 379
706 1387
707 1845
708 1637
709 943
710 605
711 470
712 1401
713 535
714 897
715 1410
716 1505
717 1950
718 234
719 1605
720 713
721 824
722 356
723 774
724 1631
725 414
726 716
727 977
728 1407
729 841
730 1607
731 1226
732 8
733 1928
734 425
735 610
736 45
737 46
738 1466
739 403
740 1232
741 1900
742 1952
743 1239
744 1379
745 1676
746 383
747 1192
748 1927
749 1943
750 556
751 1409
752 1392
753 946
754 625
755 1424
756 1216
757 1618
758 737
759 1557
760 343
761 1713
762 665
763 775
764 658
765 1406
766 1738
767 125
768 1176
769 608
770 761
771 1862
772 1212
773 1874
774 948
775 1550
776 61
777 881
778 1452
779 202
780 1706
781 1966
782 1542
783 923
784 1275
785 503
786 1666
787 647
788 1574
789 391
790 729
791 156
792 632
793 1762
794 1537
795 1954
796 560
797 1368
798 1366
799 1863
800 678
801 1486
802 238
803 1947
804 223
805 1669
806 1361
807 29
808 676
809 1993
810 703
811 376
812 321
813 1288
814 1703
815 1880
816 606
817 1433
818 721
819 1322
820 1506
821 900
822 1180
823 1049
824 461
825 465
826 689
827 1551
828 1430
829 1461
830 1203
831 675
832 1695
833 1771
834 1327
835 999
836 1404
837 1755
838 1708
839 553
840 1443
841 1183
842 851
843 288
844 1439
845 1171
846 794
847 464
848 36
849 481
850 1310
851 1261
852 326
853 442
854 1440
855 136
856 1887
857 1849
858 1822
859 338
860 1403
861 1360
862 1888
863 1270
864 1362
865 1964
866 901
867 10
868 1561
869 1341
870 467
871 809
872 1308
873 128
874 1206
875 86
876 1926
877 1283
878 1258
879 1421
880 232
881 319
882 590
883 989
884 1067
885 143
886 899
887 80
888 1255
889 173
890 1157
891 6
892 163
893 1159
894 1694
895 1498
896 1336
897 532
898 966
899 1469
900 208
901 1929
902 1352
903 1830
904 1346
905 1974
906 880
907 872
908 482
909 1664
910 1764
911 1864
912 58
913 1145
914 1149
915 439
916 1677
917 882
918 1417
919 612
920 150
921 49
922 910
923 575
924 375
925 1144
926 1272
927 1860
928 284
929 189
930 367
931 1134
932 1920
933 533
934 1625
935 555
936 1355
937 967
938 1236
939 1619
940 1633
941 705
942 1766
943 398
944 1460
945 1305
946 1347
947 1119
948 742
949 1402
950 1831
951 1457
952 312
953 1563
954 308
955 1084
956 548
957 1667
958 730
959 1278
960 1043
961 513
962 1088
963 1806
964 1820
965 280
966 978
967 449
968 1394
969 591
970 287
971 777
972 1023
973 985
974 602
975 1031
976 1181
977 1147
978 1115
979 1388
980 73
981 1102
982 157
983 123
984 1753
985 1904
986 921
987 1154
988 974
989 23
990 218
991 488
992 144
993 858
994 387
995 1059
996 615
997 1039
998 270
999 34
1000 895
1001 1886
1002 972
1003 187
1004 2000
1005 1489
1006 618
1007 1532
1008 1032
1009 512
1010 959
1011 42
1012 1448
1013 1330
1014 1041
1015 1687
1016 915
1017 1789
1018 596
1019 782
1020 1717
1021 506
1022 520
1023 1510
1024 395
1025 537
1026 669
1027 1977
1028 1799
1029 1848
1030 622
1031 402
1032 1883
1033 717
1034 1739
1035 211
1036 635
1037 1569
1038 1896
1039 1788
1040 925
1041 683
1042 1720
1043 1524
1044 829
1045 1815
1046 1065
1047 1245
1048 443
1049 317
1050 1655
1051 242
1052 697
1053 1528
1054 146
1055 1422
1056 1210
1057 489
1058 424
1059 1419
1060 426
1061 1608
1062 1189
1063 1821
1064 1566
1065 641
1066 1271
1067 15
1068 519
1069 970
1070 1415
1071 1596
1072 1634
1073 579
1074 419
1075 257
1076 25
1077 692
1078 176
1079 485
1080 168
1081 116
1082 780
1083 727
1084 370
1085 547
1086 293
1087 12
1088 183
1089 192
1090 1615
1091 1122
1092 685
1093 772
1094 1549
1095 619
1096 1016
1097 1702
1098 1740
1099 781
1100 329
1101 429
1102 571
1103 933
1104 871
1105 462
1106 427
1107 1534
1108 1749
1109 1372
1110 1377
1111 1707
1112 807
1113 934
1114 1908
1115 1989
1116 415
1117 1046
1118 273
1119 1325
1120 1332
1121 753
1122 1727
1123 505
1124 1195
1125 437
1126 56
1127 891
1128 1229
1129 766
1130 1298
1131 119
1132 110
1133 691
1134 1808
1135 740
1136 416
1137 1455
1138 1597
1139 1385
1140 256
1141 1020
1142 20
1143 1839
1144 366
1145 878
1146 1800
1147 204
1148 1519
1149 682
1150 1306
1151 233
1152 842
1153 1736
1154 1500
1155 1732
1156 1503
1157 1699
1158 421
1159 100
1160 359
1161 1299
1162 291
1163 909
1164 849
1165 650
1166 1794
1167 1765
1168 1194
1169 1024
1170 1382
1171 490
1172 127
1173 1970
1174 889
1175 680
1176 1260
1177 226
1178 1963
1179 502
1180 1884
1181 1992
1182 212
1183 1685
1184 1384
1185 817
1186 1854
1187 1316
1188 704
1189 1975
1190 1629
1191 1673
1192 854
1193 493
1194 253
1195 567
1196 1968
1197 639
1198 1345
1199 205
1200 1823
1201 1980
1202 677
1203 1234
1204 1110
1205 98
1206 1858
1207 262
1208 1182
1209 859
1210 1518
1211 1214
1212 654
1213 1802
1214 1540
1215 1939
1216 1475
1217 931
1218 1529
1219 541
1220 773
1221 267
1222 631
1223 735
1224 1586
1225 1661
1226 1834
1227 1476
1228 1867
1229 694
1230 531
1231 1365
1232 801
1233 4
1234 1350
1235 1086
1236 1223
1237 1185
1238 1295
1239 1242
1240 396
1241 431
1242 1303
1243 497
1244 659
1245 1898
1246 845
1247 1911
1248 1111
1249 681
1250 563
1251 1481
1252 1894
1253 1660
1254 1978
1255 1309
1256 919
1257 1832
1258 960
1259 318
1260 1776
1261 1148
1262 779
1263 864
1264 634
1265 1158
1266 1364
1267 1812
1268 472
1269 1841
1270 54
1271 811
1272 1809
1273 1758
1274 1620
1275 1276
1276 514
1277 1722
1278 1973
1279 1035
1280 1723
1281 963
1282 154
1283 451
1284 1468
1285 1389
1286 1935
1287 33
1288 1399
1289 1113
1290 1140
1291 285
1292 846
1293 1348
1294 309
1295 1118
1296 307
1297 1761
1298 281
1299 222
1300 1179
1301 1191
1302 1872
1303 814
1304 1099
1305 862
1306 1259
1307 1517
1308 998
1309 282
1310 1069
1311 1877
1312 38
1313 1160
1314 1162
1315 266
1316 129
1317 231
1318 74
1319 115
1320 475
1321 628
1322 808
1323 1233
1324 564
1325 1197
1326 953
1327 79
1328 1743
1329 1545
1330 1068
1331 1267
1332 145
1333 584
1334 719
1335 1790
1336 1208
1337 1281
1338 1984
1339 823
1340 1932
1341 1155
1342 1478
1343 1552
1344 905
1345 546
1346 1592
1347 1560
1348 623
1349 316
1350 796
1351 710
1352 1431
1353 562
1354 1787
1355 792
1356 1137
1357 885
1358 333
1359 950
1360 762
1361 825
1362 1934
1363 790
1364 1126
1365 1174
1366 565
1367 1165
1368 718
1369 1650
1370 75
1371 1576
1372 1000
1373 1030
1374 1668
1375 869
1376 652
1377 1358
1378 1220
1379 836
1380 1416
1381 1064
1382 1791
1383 399
1384 230
1385 229
1386 1564
1387 13
1388 455
1389 835
1390 418
1391 325
1392 884
1393 769
1394 525
1395 1221
1396 1495
1397 1746
1398 241
1399 492
1400 756
1401 1021
1402 1988
1403 1836
1404 1311
1405 1251
1406 1949
1407 1420
1408 803
1409 1408
1410 1769
1411 1405
1412 601
1413 600
1414 206
1415 1033
1416 478
1417 363
1418 1613
1419 1976
1420 1914
1421 302
1422 820
1423 104
1424 448
1425 1814
1426 1057
1427 412
1428 913
1429 956
1430 1080
1431 1971
1432 1369
1433 158
1434 1795
1435 1995
1436 527
1437 941
1438 1395
1439 1757
1440 528
1441 576
1442 310
1443 1784
1444 1554
1445 515
1446 578
1447 568
1448 1184
1449 1870
1450 1547
1451 643
1452 581
1453 1526
1454 806
1455 627
1456 840
1457 411
1458 812
1459 662
1460 141
1461 1104
1462 1228
1463 1724
1464 838
1465 805
1466 1313
1467 1093
1468 1231
1469 499
1470 278
1471 1474
1472 65
1473 1227
1474 1078
1475 853
1476 1779
1477 1838
1478 413
1479 217
1480 1444
1481 1058
1482 821
1483 1116
1484 1855
1485 1674
1486 92
1487 1139
1488 200
1489 1238
1490 1492
1491 269
1492 1423
1493 190
1494 114
1495 286
1496 1317
1497 1340
1498 1094
1499 1034
1500 390
1501 24
1502 973
1503 1987
1504 1688
1505 1083
1506 409
1507 699
1508 1741
1509 507
1510 1638
1511 1294
1512 434
1513 545
1514 188
1515 752
1516 264
1517 1153
1518 486
1519 1567
1520 47
1521 52
1522 1178
1523 1349
1524 330
1525 1857
1526 1965
1527 1342
1528 81
1529 1412
1530 1725
1531 929
1532 1494
1533 324
1534 1955
1535 1324
1536 483
1537 1266
1538 118
1539 1367
1540 927
1541 1783
1542 30
1543 770
1544 250
1545 700
1546 744
1547 534
1548 385
1549 1906
1550 1307
1551 988
1552 785
1553 1902
1554 1081
1555 1649
1556 1798
1557 341
1558 1873
1559 1091
1560 857
1561 784
1562 831
1563 1398
1564 139
1565 1464
1566 1337
1567 661
1568 32
1569 1871
1570 844
1571 968
1572 1951
1573 1248
1574 289
1575 1663
1576 1240
1577 1499
1578 1509
1579 1107
1580 35
1581 1393
1582 1363
1583 1473
1584 436
1585 1502
1586 657
1587 162
1588 593
1589 332
1590 201
1591 1846
1592 237
1593 1247
1594 911
1595 510
1596 180
1597 867
1598 1651
1599 254
1600 1273
1601 380
1602 924
1603 51
1604 1089
1605 1521
1606 1851
1607 381
1608 1161
1609 1824
1610 550
1611 684
1612 1040
1613 686
1614 1879
1615 149
1616 1218
1617 305
1618 592
1619 9
1620 917
1621 739
1622 981
1623 1356
1624 1106
1625 1654
1626 1038
1627 540
1628 88
1629 260
1630 750
1631 875
1632 248
1633 5
1634 1380
1635 108
1636 1514
1637 543
1638 1696
1639 776
1640 301
1641 406
1642 1948
1643 382
1644 887
1645 1252
1646 315
1647 468
1648 1114
1649 664
1650 1587
1651 76
1652 1693
1653 255
1654 1525
1655 1756
1656 1211
1657 986
1658 670
1659 432
1660 914
1661 725
1662 1117
1663 1733
1664 476
1665 1045
1666 1796
1667 1868
1668 1125
1669 1523
1670 1999
1671 1691
1672 586
1673 62
1674 1130
1675 1224
1676 1705
1677 251
1678 177
1679 1844
1680 148
1681 1772
1682 1961
1683 1767
1684 1463
1685 1513
1686 1982
1687 828
1688 955
1689 1026
1690 1813
1691 874
1692 1901
1693 1019
1694 1730
1695 410
1696 1262
1697 720
1698 1120
1699 259
1700 843
1701 763
1702 1066
1703 64
1704 1456
1705 1916
1706 987
1707 1777
1708 1865
1709 1679
1710 1918
1711 928
1712 1092
1713 1090
1714 279
1715 573
1716 1648
1717 1128
1718 175
1719 1946
1720 361
1721 819
1722 759
1723 722
1724 261
1725 401
1726 1811
1727 386
1728 566
1729 1512
1730 1217
1731 577
1732 655
1733 1487
1734 1958
1735 435
1736 1535
1737 1786
1738 1641
1739 1913
1740 1645
1741 1782
1742 524
1743 184
1744 688
1745 1931
1746 1571
1747 239
1748 342
1749 210
1750 1190
1751 303
1752 185
1753 1001
1754 355
1755 630
1756 1304
1757 1333
1758 1354
1759 1710
1760 558
1761 258
1762 690
1763 365
1764 1082
1765 457
1766 1484
1767 1323
1768 1653
1769 1373
1770 1055
1771 855
1772 1816
1773 1686
1774 1375
1775 271
1776 1112
1777 1937
1778 588
1779 786
1780 894
1781 1714
1782 1072
1783 1940
1784 1319
1785 137
1786 1657
1787 166
1788 1627
1789 993
1790 322
1791 373
1792 1164
1793 549
1794 1716
1795 179
1796 1008
1797 236
1798 1680
1799 1044
1800 518
1801 1536
1802 1359
1803 1793
1804 1493
1805 1511
1806 1628
1807 471
1808 1177
1809 1070
1810 369
1811 1300
1812 1235
1813 1479
1814 1037
1815 965
1816 1253
1817 660
1818 1602
1819 741
1820 962
1821 1742
1822 1770
1823 1829
1824 1759
1825 1331
1826 1647
1827 936
1828 216
1829 712
1830 865
1831 247
1832 1530
1833 445
1834 1616
1835 1930
1836 1329
1837 1598
1838 1643
1839 90
1840 89
1841 1370
1842 1186
1843 653
1844 1692
1845 1483
1846 360
1847 444
1848 1490
1849 1371
1850 1265
1851 813
1852 1750
1853 224
1854 1907
1855 1573
1856 544
1857 529
1858 942
1859 944
1860 1611
1861 336
1862 1390
1863 1318
1864 151
1865 996
1866 1683
1867 603
1868 186
1869 1471
1870 879
1871 1022
1872 219
1873 21
1874 971
1875 1905
1876 450
1877 715
1878 920
1879 636
1880 1876
1881 1555
1882 1579
1883 1428
1884 1889
1885 1763
1886 614
1887 1187
1888 328
1889 1835
1890 320
1891 1967
1892 778
1893 1095
1894 335
1895 1671
1896 1527
1897 347
1898 530
1899 980
1900 1459
1901 495
1902 947
1903 1175
1904 1507
1905 1101
1906 645
1907 1601
1908 1646
1909 290
1910 252
1911 408
1912 1237
1913 1700
1914 1143
1915 731
1916 501
1917 1893
1918 97
1919 724
1920 339
1921 1983
1922 787
1923 181
1924 348
1925 1132
1926 397
1927 1339
1928 1985
1929 440
1930 951
1931 407
1932 209
1933 1482
1934 63
1935 918
1936 617
1937 207
1938 1285
1939 1508
1940 1630
1941 263
1942 868
1943 122
1944 1334
1945 906
1946 275
1947 130
1948 930
1949 1060
1950 1810
1951 745
1952 1515
1953 926
1954 1754
1955 1274
1956 1146
1957 1546
1958 1681
1959 952
1960 1485
1961 111
1962 754
1963 969
1964 1826
1965 595
1966 1801
1967 105
1968 164
1969 57
1970 890
1971 1025
1972 1565
1973 1166
1974 771
1975 491
1976 521
1977 629
1978 746
1979 1054
1980 1990
1981 1012
1982 1603
1983 95
1984 133
1985 1580
1986 589
1987 1036
1988 346
1989 117
1990 272
1991 1665
1992 337
1993 1923
1994 1568
1995 1343
1996 48
1997 1558
1998 1284
1999 561
