2000 2000
1621 2 4 6
805 1 7
1996 1 9
1998 1 8
1318 2 3 8
888 1 10
647 1 2
386 1 5
139 2 1 10
172 1 3
1878 2 4 8
198 1 4
226 1 3
1000 2 6 7
1282 1 3
1038 1 6
981 2 5 8
1969 2 2 7
798 1 1
1467 1 1
1572 1 0
517 1 3
91 3 0 2 8
1117 1 6
753 1 10
1854 1 8
1520 1 10
707 1 3
594 2 1 4
729 2 5 8
1786 1 7
1838 1 1
1357 1 8
1447 1 4
114 1 2
194 2 2 5
457 1 1
385 1 0
85 1 1
773 1 0
767 1 6
444 1 8
1040 1 1
1142 1 2
982 1 6
793 4 1 2 9 10
1116 1 1
1717 1 9
935 1 10
1252 4 0 2 7 8
810 2 0 10
1898 1 6
1714 1 9
259 1 0
695 1 9
1527 3 4 8 10
1175 1 8
144 1 5
922 1 1
1812 1 4
1697 1 1
1562 1 8
66 1 1
614 1 6
59 1 6
1053 1 2
1808 1 5
1816 1 8
449 2 5 6
1851 1 0
1897 1 10
1818 1 6
532 1 5
55 1 4
208 2 0 6
711 1 0
1978 3 4 8 10
1311 1 8
127 1 9
1712 1 5
353 1 7
1921 1 1
1966 2 6 10
1171 2 4 9
1283 1 10
1859 1 7
1076 1 6
909 1 3
326 2 1 10
913 1 2
718 1 4
1549 1 6
1628 4 0 3 5 8
965 2 7 10
890 1 0
1375 1 4
1104 1 5
1954 1 8
1769 1 4
593 1 2
749 1 2
202 2 0 5
1364 1 2
1823 1 5
31 2 8 9
284 1 4
745 1 5
1971 1 3
317 2 5 7
1990 2 3 4
1907 1 6
238 1 5
1499 1 6
930 1 5
696 1 3
120 1 5
1997 1 2
588 3 2 5 7
827 1 10
1684 1 1
1476 1 4
1877 1 6
1135 1 4
94 1 7
209 1 9
616 1 5
681 1 5
1626 1 10
640 2 5 9
495 1 6
63 1 6
1108 2 2 6
1466 3 1 4 6
165 1 2
343 1 1
605 1 10
302 2 1 9
129 1 8
1352 1 8
1615 3 3 9 10
146 1 10
548 1 1
374 1 2
446 2 1 2
1513 2 0 9
658 2 3 6
1316 1 8
758 1 1
732 1 9
1579 2 6 7
1058 2 4 10
1119 1 3
1481 1 5
1234 1 6
916 2 8 9
1173 1 6
731 2 8 9
765 1 6
1012 2 8 9
415 1 10
294 1 0
428 1 6
1558 1 10
1391 1 8
1930 1 7
205 1 7
1713 2 1 8
1031 1 2
1984 2 3 6
1658 1 4
248 1 4
112 1 1
346 1 3
806 1 8
932 1 8
1196 1 10
625 1 5
1761 1 6
362 2 1 9
397 1 8
1437 1 3
432 1 0
1613 1 3
1490 1 4
664 1 10
1828 1 0
1505 1 0
755 1 6
410 2 5 6
19 1 7
1482 1 0
528 1 0
1217 1 7
195 1 1
1276 1 9
243 1 0
227 2 3 6
1406 1 2
994 1 7
1431 1 1
1432 1 1
885 1 3
869 1 9
1453 2 7 8
618 1 8
263 1 9
251 1 1
1300 1 10
712 1 10
777 1 3
955 1 9
1304 2 1 4
489 1 0
1427 1 6
1578 1 1
1118 2 1 4
1516 1 5
504 1 3
1659 1 7
1255 1 5
1172 2 1 3
348 2 6 8
1672 1 1
1210 3 6 8 9
272 2 8 10
273 1 2
1588 1 5
1213 1 7
163 2 2 5
1443 2 4 10
687 1 9
1529 1 6
1937 2 0 4
1778 1 9
1890 1 8
306 2 1 3
41 1 4
176 1 0
1438 1 3
1167 2 4 8
305 2 8 9
292 1 1
814 3 3 6 10
1857 1 1
1884 1 4
920 2 0 5
189 1 1
1963 1 6
429 1 6
1710 1 4
794 1 4
242 1 2
1001 1 9
952 1 2
867 2 0 4
1861 1 9
301 1 1
1632 1 0
1439 1 9
115 1 10
1051 1 6
368 1 4
602 1 1
402 1 8
1690 1 8
1402 1 6
1625 2 4 7
1411 1 5
1101 1 0
322 1 3
584 2 0 2
521 2 7 8
1215 3 1 7 8
843 2 2 5
1883 1 3
819 2 5 8
1953 1 4
1619 1 4
8 1 10
633 1 4
1635 1 3
611 1 7
1122 1 5
468 2 1 7
1159 1 4
24 1 10
576 1 3
612 1 2
1959 1 7
641 1 5
1548 1 2
324 2 6 7
316 1 1
330 1 7
662 1 10
224 1 8
1050 1 5
389 2 3 4
1798 1 5
1113 1 2
1098 2 2 5
1656 1 10
598 2 0 10
752 1 4
447 1 3
527 1 0
998 1 10
1793 2 5 9
1222 2 6 9
391 1 8
915 1 4
634 1 10
1992 3 1 3 6
1484 1 5
872 1 1
1127 1 4
1486 1 3
327 1 3
479 1 2
1770 1 9
1451 1 1
896 1 4
648 1 1
82 1 8
897 1 4
1109 2 2 7
1711 1 1
1739 3 6 9 10
1460 1 5
787 1 6
93 1 4
364 1 8
1913 1 3
1246 2 0 1
892 1 4
256 2 0 4
158 1 2
1654 1 2
557 1 7
1616 2 0 6
1045 1 7
333 1 4
1719 1 1
1738 3 1 5 8
1326 1 3
929 1 8
863 1 1
1048 1 9
1949 2 2 4
807 1 8
1794 2 1 8
1339 2 0 6
603 2 0 2
1408 1 4
1646 1 10
824 1 3
1940 3 0 2 4
1103 1 5
1983 1 1
1598 1 7
1131 1 9
1231 1 4
52 3 0 2 6
1027 1 2
491 1 4
1666 1 6
342 1 1
642 1 0
287 1 6
40 1 8
692 1 2
1618 1 8
191 2 1 5
337 1 7
427 1 2
1614 1 5
1004 1 0
639 1 4
1556 1 2
940 1 7
912 2 9 10
1795 1 7
595 1 6
1571 1 1
860 1 0
1987 1 10
656 1 9
1017 2 1 6
1426 1 10
1292 2 8 10
1644 1 6
80 1 4
1868 1 2
1941 3 0 3 9
971 1 6
1278 1 5
1400 1 1
902 2 2 4
1211 1 5
474 2 2 8
1290 1 5
1873 1 5
193 1 10
1398 2 4 6
903 1 8
1504 2 3 6
1791 1 5
1112 1 10
77 1 8
30 1 2
762 1 1
1124 1 7
99 1 7
89 2 8 9
1967 1 0
1170 1 4
1741 1 0
1452 1 7
122 2 7 10
944 1 6
878 1 5
713 1 3
1539 1 7
1085 1 2
1226 1 5
1874 1 10
1380 1 10
510 1 9
1479 2 4 5
850 1 0
1674 1 6
1165 1 3
174 1 6
1110 1 10
92 1 7
1715 3 0 1 4
1205 1 3
281 2 7 10
1610 1 7
133 1 5
320 1 6
220 1 8
1192 1 2
1259 1 8
1181 1 9
1294 1 3
1126 1 6
911 1 1
278 1 7
118 1 5
882 1 4
1911 1 3
1584 1 5
983 1 2
142 1 10
335 1 7
1032 1 5
1130 1 1
1176 2 0 4
1128 1 9
1084 2 1 2
1939 2 0 4
961 1 8
1894 1 1
655 2 1 3
1080 1 10
164 1 2
734 1 8
1972 1 1
213 2 1 3
556 1 9
709 3 0 6 9
659 1 9
406 1 5
18 1 5
255 3 1 5 10
1750 2 0 3
1096 2 1 10
1384 1 3
714 1 9
206 1 3
1381 3 2 7 10
490 2 2 9
1478 1 7
286 1 7
125 1 5
1608 2 4 6
455 1 3
1657 1 9
156 1 0
357 1 1
152 1 8
1687 1 4
772 1 8
1517 1 8
523 1 6
1806 1 6
155 2 0 1
1024 1 7
1555 1 6
1207 1 4
186 1 3
721 2 6 9
1988 1 8
1485 2 9 10
377 1 8
487 1 5
674 1 7
816 2 0 3
785 1 8
123 1 7
13 1 5
1638 1 8
315 1 8
972 2 4 10
451 1 7
148 1 1
1270 1 0
887 1 4
1606 1 10
1134 1 1
1332 1 4
1820 1 5
1780 2 3 8
1033 1 1
741 2 1 9
157 2 4 6
228 1 0
2 1 3
71 1 5
570 3 0 2 7
459 2 4 7
1197 1 3
1781 1 0
1542 1 1
1198 1 10
1758 2 1 4
1538 1 6
1623 1 7
1274 1 6
180 1 4
17 1 7
1958 1 1
1220 1 8
1521 1 10
1178 1 6
1183 1 2
1667 1 1
1559 1 0
1041 1 8
239 1 7
1349 1 0
1039 1 2
1065 1 9
1288 1 9
839 1 6
1601 1 2
1686 1 10
1396 1 1
436 1 10
1265 1 3
1696 1 7
1942 1 6
1025 1 0
856 1 2
1195 1 2
442 1 1
196 1 9
1373 1 10
480 1 4
1469 1 10
735 2 1 3
629 1 9
722 1 2
473 1 9
939 1 3
862 1 0
986 1 2
1008 1 4
101 1 0
1843 1 3
645 1 7
1609 1 3
1314 1 0
1111 1 7
1887 1 5
1247 1 1
1594 1 10
483 1 0
1219 2 2 10
1800 3 2 7 9
590 1 4
1933 1 1
1394 1 8
511 2 2 10
1965 1 6
877 1 1
373 2 1 5
620 1 8
726 3 4 5 6
1950 2 2 10
124 1 1
1237 2 2 10
70 2 1 2
1145 1 1
1106 1 1
1386 2 3 7
217 1 10
936 1 10
1531 2 5 9
815 1 6
1763 1 4
1067 1 3
1028 3 0 4 5
1740 1 1
1597 1 8
881 1 7
549 1 7
1355 1 2
950 2 5 10
737 1 9
145 1 0
1250 1 5
905 1 8
870 1 3
1508 3 1 3 4
15 2 0 5
1475 1 4
396 1 1
1059 1 3
1310 3 1 2 8
361 1 10
1161 1 9
1342 1 1
705 1 9
1589 1 1
1544 1 10
1896 1 8
166 1 7
1543 1 6
211 3 3 5 9
349 1 3
564 3 0 1 3
669 1 6
201 1 8
1764 1 9
1308 1 2
1634 2 4 6
632 1 4
1822 1 3
1019 1 1
960 2 6 7
627 1 7
1347 2 3 9
1665 1 10
720 2 4 8
1534 1 5
701 1 0
29 1 0
1014 1 7
1670 1 4
975 2 4 5
1599 1 0
270 1 4
675 1 7
780 1 10
1361 1 9
904 2 2 5
33 2 9 10
1660 1 1
1203 1 8
1595 1 6
1815 1 1
1090 2 5 6
646 1 1
743 2 0 7
1492 1 0
958 2 5 7
1832 1 6
254 1 9
408 2 2 6
1044 1 3
1856 1 7
1649 2 1 2
1611 3 1 2 6
1773 1 9
1925 1 9
1603 1 1
79 1 8
236 1 8
1441 1 2
723 1 0
1855 2 2 3
899 2 1 3
759 1 9
1866 1 9
1359 1 8
1184 1 10
252 1 9
586 1 8
583 1 10
78 1 1
407 2 0 2
776 2 1 2
1863 1 7
1239 1 3
1412 1 3
470 1 2
918 1 6
237 1 5
704 1 2
951 1 4
853 1 9
104 2 1 9
76 1 3
1957 1 0
560 2 5 8
1241 1 5
1436 1 7
1496 2 5 9
347 1 7
1567 1 0
485 1 2
756 1 6
568 1 5
68 1 9
151 2 2 5
559 1 9
1139 1 5
1268 1 1
1277 1 2
1464 2 5 10
1976 1 0
231 3 3 4 8
861 1 9
931 1 5
531 2 1 6
398 1 8
1166 1 0
1344 1 2
204 2 2 3
970 2 1 3
1747 2 0 10
962 3 3 4 8
439 1 3
404 1 3
300 1 5
507 1 8
1011 1 10
706 1 8
680 1 5
1107 1 0
1871 1 9
1018 1 6
649 2 6 8
1841 3 0 2 3
1557 2 0 3
1943 2 0 8
818 1 3
1642 1 2
1435 2 2 3
530 1 0
1133 1 3
1395 1 5
1390 1 10
106 1 5
1641 2 0 2
1692 2 2 7
1248 1 6
1366 1 9
596 1 10
384 2 1 4
67 1 2
1266 2 2 8
411 1 4
1399 1 3
5 1 9
1944 1 7
1404 2 3 8
390 1 10
849 1 5
536 1 1
417 1 0
1345 1 1
107 1 4
1565 1 7
966 1 1
1455 1 1
1775 2 4 6
1952 1 1
652 1 2
1867 1 10
1846 1 2
132 1 5
1792 1 8
73 1 7
1091 1 7
260 2 7 9
1263 1 0
1797 1 2
140 1 9
775 1 4
928 1 7
62 1 0
28 1 6
443 1 5
859 1 8
1973 1 5
1736 1 5
1264 2 2 4
1457 2 3 7
607 1 4
873 1 5
1862 1 9
841 3 4 5 7
587 1 2
1034 1 0
768 1 0
1720 3 0 1 9
171 2 6 10
1030 1 4
1547 1 5
1069 1 0
338 1 4
1494 1 10
1994 3 0 1 2
1852 1 7
241 1 10
244 1 10
44 2 1 6
1735 2 0 1
378 2 1 8
399 1 1
1343 2 1 4
1409 1 9
580 1 6
376 1 2
804 1 1
1864 2 1 5
1624 1 0
1202 2 2 4
1021 1 9
1153 1 10
606 2 3 6
1575 2 0 7
1147 1 2
1651 1 10
1682 2 3 7
37 1 1
381 1 2
653 1 3
379 1 9
1156 1 2
1194 1 4
1298 1 2
481 1 2
1702 1 6
290 1 8
1421 1 5
1945 2 7 10
1640 2 0 8
660 2 4 8
1865 2 6 10
919 1 6
1906 1 2
631 1 10
1948 1 1
771 1 2
1842 3 6 7 10
1365 1 5
1168 2 5 8
1064 1 10
963 2 4 10
997 1 3
1568 1 9
1875 2 2 10
1526 1 8
1473 1 1
1900 1 6
1023 1 2
1472 1 6
879 1 9
1880 2 2 4
1143 1 1
1383 1 10
1926 1 0
268 1 8
1415 1 3
553 1 7
1777 3 2 4 5
1249 1 10
1491 1 0
1671 1 1
12 2 3 10
1733 1 2
1757 1 9
352 1 4
109 1 5
571 1 10
1498 2 2 3
1267 2 0 3
497 2 1 2
136 1 10
1732 1 10
1729 3 3 5 10
1962 1 3
637 2 1 6
299 1 7
46 1 0
708 1 3
297 1 4
321 1 3
1673 2 6 10
405 2 8 10
53 1 5
336 1 2
857 1 3
1137 1 9
673 1 6
87 2 0 3
1991 3 6 8 9
1407 1 7
1744 1 0
865 1 10
141 1 8
1590 1 6
739 1 0
283 1 5
1573 1 1
311 2 1 2
638 1 1
933 1 7
842 3 2 3 4
1799 2 3 8
1523 1 8
1105 1 5
509 2 3 6
331 1 10
1853 1 0
1356 1 5
1204 2 0 7
178 2 5 7
1600 1 10
319 1 8
276 1 3
1566 1 9
250 1 2
1387 1 2
1830 1 0
36 1 4
836 1 4
1376 1 2
1902 1 0
440 4 1 2 6 7
90 1 3
1850 1 0
1587 2 1 2
754 1 7
1049 1 7
1607 1 5
365 2 2 3
582 1 8
947 2 1 7
1824 1 6
1807 1 7
1576 1 3
1385 1 8
454 1 1
1155 1 2
366 2 1 5
1287 1 6
937 2 5 9
1664 1 1
1152 2 5 7
401 2 4 6
394 1 2
1009 1 4
1970 1 8
925 2 0 8
1986 2 3 6
1502 1 10
1570 1 3
3 1 5
304 1 4
50 1 5
1245 1 7
84 3 4 5 7
1679 1 2
1138 1 9
113 2 1 2
1506 1 1
534 2 3 9
1054 2 6 9
1272 1 9
1888 2 2 6
262 1 7
608 2 7 10
1509 1 2
26 2 0 5
579 1 3
1169 1 7
1047 1 10
1227 1 8
690 1 6
866 1 1
506 1 0
1392 2 8 10
1293 1 3
901 1 7
240 1 5
421 1 0
1297 1 5
355 1 6
1698 1 4
1251 1 8
1789 1 4
466 2 0 3
1418 1 10
88 2 4 10
541 2 3 10
959 1 0
492 2 7 9
461 1 8
573 1 7
212 1 3
599 1 2
296 2 3 5
558 2 0 9
214 2 6 9
1574 1 8
1424 1 10
1086 2 8 9
1650 1 4
1209 1 3
7 1 2
341 1 10
1302 1 6
380 1 7
1834 1 7
1829 2 6 7
1936 1 10
654 2 3 6
1060 1 3
1094 1 0
1093 2 0 9
10 1 5
1313 1 8
927 2 3 9
945 1 4
105 2 2 8
1333 1 8
1273 1 8
751 1 3
1552 1 9
1680 1 10
1066 3 0 2 10
98 1 1
1242 1 8
991 2 6 8
609 1 9
1805 3 4 5 6
1694 1 9
1768 1 2
1235 2 4 8
809 1 2
1844 1 7
526 1 6
1052 2 2 7
1029 1 5
1074 2 5 6
1801 1 4
482 1 0
703 1 3
1827 1 8
957 1 10
1225 1 7
886 2 4 10
162 1 8
34 2 5 6
796 1 2
1637 1 2
501 1 1
1689 1 3
845 1 1
1377 2 2 3
784 1 5
469 1 0
167 1 5
831 1 10
921 1 7
1354 1 7
168 2 3 9
1813 1 1
684 1 8
1693 1 5
486 2 1 8
537 1 5
1760 2 6 9
1596 1 3
678 1 1
1814 1 5
1737 1 7
350 2 4 10
592 2 4 6
96 1 1
956 1 6
1819 1 0
766 1 0
102 1 2
643 1 7
1895 1 6
851 1 0
1405 1 8
1652 2 1 3
437 1 10
111 2 1 8
717 1 8
1617 1 10
1337 1 4
1121 1 5
1524 2 6 9
1550 1 7
1296 2 6 8
1501 1 0
1200 1 2
1605 1 0
1545 1 5
1185 2 1 8
1908 1 5
786 1 0
992 1 2
1903 1 1
395 1 4
1206 1 5
150 2 0 9
1836 2 5 6
22 2 8 10
1497 2 5 10
1916 1 2
448 1 5
1784 2 0 3
566 2 4 9
1430 1 8
917 1 7
604 1 8
1389 1 4
108 1 9
1005 3 4 8 10
1803 1 10
1324 1 6
1449 2 6 10
496 1 6
550 1 10
412 1 2
275 1 4
293 1 3
1253 1 8
1236 1 1
826 1 1
847 1 3
1465 1 0
1918 2 6 10
1648 1 5
435 1 10
1787 1 9
835 1 5
657 1 8
1262 1 7
770 1 4
1685 1 6
218 1 6
1417 2 4 10
525 1 3
1088 1 3
175 1 8
207 1 5
942 1 5
1947 2 2 10
874 1 7
43 1 0
635 1 3
1910 2 0 8
1767 1 5
989 1 5
264 2 6 9
1329 2 4 8
1136 1 6
1879 2 0 8
661 1 8
1532 1 10
1580 1 3
967 1 7
1212 1 5
502 1 0
764 1 1
990 1 10
1553 2 3 5
169 1 2
789 1 3
788 1 1
1785 2 5 9
779 1 0
1909 2 4 6
1961 1 9
1826 2 6 10
1982 1 7
1240 1 3
1284 2 4 8
310 2 1 8
419 1 4
1905 1 9
1092 1 2
9 1 4
45 1 0
314 1 7
746 1 6
382 2 5 9
1695 1 3
1708 1 1
964 2 4 8
1639 1 0
232 1 6
1577 1 0
512 1 8
203 1 5
160 2 1 6
1474 2 7 8
855 1 9
1323 2 0 4
1223 2 2 5
503 1 1
1817 1 3
769 2 1 3
551 1 0
1536 1 9
1779 2 1 10
282 1 10
267 1 1
1904 1 4
1518 1 6
748 1 5
6 1 3
1727 1 7
280 2 2 5
795 1 0
1214 1 8
1742 1 6
906 2 5 8
1788 1 5
1007 1 8
1330 1 8
425 1 2
973 2 1 8
258 2 2 7
1725 2 2 6
976 2 0 3
1964 1 0
926 2 1 8
1003 3 0 1 6
1932 1 0
585 1 2
663 2 1 5
1063 2 2 10
727 1 4
269 2 3 5
271 1 4
1885 2 4 9
1699 1 8
184 1 1
825 1 3
1340 2 9 10
339 1 3
367 1 3
995 2 5 7
1766 1 4
875 2 1 5
1461 1 8
724 1 8
1546 1 10
844 1 0
615 3 0 4 8
1244 1 8
288 1 1
702 1 0
1765 1 3
20 1 1
682 1 6
1669 1 2
1414 1 4
1164 1 9
1563 1 9
791 1 0
1870 1 0
1703 1 2
522 1 10
1593 1 2
1258 1 10
1721 1 2
1881 1 3
987 1 10
1379 1 1
95 1 1
359 1 10
543 1 5
934 1 3
1701 1 10
1459 2 6 8
575 1 6
1835 1 8
223 1 9
187 1 3
1368 1 9
800 1 3
589 1 2
1515 1 1
1507 1 6
1154 2 0 9
266 1 2
1488 1 3
651 1 9
1322 2 3 7
969 1 9
1010 1 5
1839 1 9
25 1 8
630 1 4
1362 1 10
1707 1 8
1891 1 10
110 1 4
700 1 5
744 1 6
1187 1 1
761 1 8
689 1 7
1678 2 0 2
1840 1 9
1705 1 6
1351 1 2
1177 1 9
1285 1 10
683 1 10
1915 1 2
1350 1 1
1320 1 7
999 1 0
103 1 6
980 1 8
694 1 3
1043 1 3
1912 2 3 7
147 1 10
864 3 0 9 10
420 1 3
188 1 2
1974 1 6
1920 1 2
514 2 5 10
318 1 4
1442 1 5
1403 1 10
832 1 4
1503 1 2
1125 1 1
328 1 8
261 2 3 5
1980 1 1
834 1 0
1525 3 5 7 10
383 1 10
1560 2 0 10
219 1 7
445 2 5 10
1977 1 0
1661 1 0
143 1 0
621 1 7
475 1 4
1759 1 9
48 1 6
375 1 10
519 2 0 2
1071 1 1
1363 1 10
1370 1 8
1189 1 7
822 2 3 5
456 2 0 10
1295 1 8
1319 1 5
719 2 0 10
1036 1 4
1327 1 9
733 1 4
192 1 5
774 3 3 7 10
1511 1 10
83 1 4
1790 1 0
1776 1 8
1360 2 1 6
1281 4 0 1 4 5
1367 1 6
880 1 5
1726 1 7
747 1 9
1802 2 5 9
388 1 2
387 1 8
1425 1 9
1731 2 1 6
433 1 10
434 1 10
1158 1 0
1821 1 9
1444 2 1 6
49 2 0 4
569 1 4
1743 1 10
923 1 1
1260 1 8
636 1 10
477 1 7
371 1 5
889 1 7
518 1 10
370 1 4
1668 1 8
1120 2 1 2
1420 1 1
345 1 0
1446 1 5
996 2 7 9
298 1 8
1981 1 8
334 1 5
245 1 6
1002 2 9 10
1748 1 8
1723 1 8
159 1 10
591 1 1
610 2 5 8
403 1 4
1602 1 8
529 1 2
464 2 1 9
1487 2 0 2
418 1 9
64 1 0
1445 1 1
1663 1 3
1016 1 2
39 1 8
562 2 0 9
1454 1 0
307 1 8
197 1 7
1893 1 3
1774 1 8
190 1 9
555 1 3
1645 1 5
1681 1 8
1569 1 6
613 1 0
1083 1 3
988 1 0
126 1 4
58 1 10
1035 1 10
1931 1 5
858 2 8 9
1728 2 2 4
1592 2 7 9
1901 1 7
1186 1 2
679 1 4
1554 2 2 6
1232 1 8
1522 1 10
1238 1 7
32 1 2
2000 1 10
821 1 1
1470 1 10
699 1 6
725 2 2 6
1934 1 1
210 1 4
520 1 0
1190 1 5
309 1 5
1 1 0
577 2 2 5
736 1 2
1483 2 1 2
351 1 7
1448 1 3
409 1 9
876 1 0
1078 1 5
100 1 6
710 1 4
1946 2 1 3
1633 1 0
1869 1 9
893 2 1 6
600 2 2 6
60 2 0 6
216 1 7
1922 3 3 7 9
1730 1 10
1675 1 8
1148 2 1 6
1928 1 9
1653 3 2 5 6
1132 2 6 10
1749 1 8
1061 1 5
790 1 8
329 1 5
1643 1 0
453 3 1 7 8
430 1 8
1233 1 4
572 1 10
1951 1 8
1999 1 7
1537 2 1 3
1746 1 4
545 1 0
1280 2 0 5
1315 1 5
1756 1 4
1892 1 10
229 1 2
1440 2 9 10
369 1 3
539 1 2
1471 1 3
1876 1 6
1317 1 6
452 1 3
978 1 6
438 1 2
801 1 1
1968 1 7
1301 1 0
538 1 9
891 1 4
1845 3 0 2 4
1020 2 2 5
119 2 5 8
574 2 5 7
182 1 9
1144 1 4
1325 2 1 10
1860 2 0 6
924 1 2
1056 1 9
1463 1 2
65 2 3 7
848 1 7
1927 1 10
1468 2 0 6
1620 1 1
51 1 10
1423 1 5
1586 2 5 9
1612 2 0 8
181 1 0
247 2 4 10
11 2 2 3
1745 1 9
81 1 4
1141 1 1
200 1 7
414 1 8
1042 1 4
1261 1 7
277 2 3 9
392 1 9
1335 2 8 10
303 1 3
1321 1 4
1530 1 3
1341 1 7
1979 1 2
778 1 1
1631 1 3
16 1 8
546 1 5
1055 1 8
1026 1 10
626 1 4
910 1 8
1269 1 10
179 1 5
1151 1 3
628 1 1
1224 2 0 1
563 1 6
47 1 1
949 1 6
131 1 9
938 2 0 3
1243 1 1
1985 2 1 3
215 3 2 3 5
1401 1 5
513 1 9
1847 1 6
667 1 7
1015 1 0
1336 2 0 5
291 1 9
1254 1 2
1500 1 6
74 1 9
137 1 3
968 2 3 8
1528 1 10
544 1 0
372 1 7
1057 1 0
1929 1 8
547 1 9
488 1 0
1541 1 8
354 1 8
1208 2 0 6
1848 1 7
622 1 8
149 2 5 8
42 1 10
233 1 1
57 1 3
1831 1 4
416 1 0
1434 1 1
1882 1 3
578 1 4
1182 1 2
1655 1 8
1495 3 1 3 6
666 1 10
757 1 4
363 1 2
1704 1 5
1551 1 10
1796 1 10
183 1 9
728 1 4
1150 2 2 5
325 1 2
914 2 1 7
1752 2 7 8
677 1 0
1591 1 6
1583 3 0 1 8
1353 1 2
838 1 3
1022 2 9 10
246 1 10
1201 3 4 5 6
1188 1 2
1372 1 0
1825 1 7
1955 1 0
221 1 1
424 1 6
493 1 0
323 3 2 3 5
1914 2 3 5
1079 1 0
478 1 9
1097 1 2
1889 1 6
462 1 3
1037 1 8
1755 1 7
1162 1 9
597 2 0 10
1163 1 6
54 1 6
1114 1 4
565 2 0 5
472 1 1
23 1 1
535 2 3 6
14 2 1 5
1393 1 2
1833 1 8
135 1 4
75 1 5
498 2 7 9
1180 1 5
1849 1 0
1328 1 5
1279 1 4
1062 1 2
225 1 7
581 2 2 10
1510 1 5
1783 2 0 3
672 2 4 8
450 1 1
1716 2 3 4
1348 2 1 9
1099 2 8 10
644 2 4 9
552 1 4
1397 1 4
1229 1 6
1722 2 4 5
1809 1 8
1006 1 9
1493 1 6
97 1 2
943 2 2 8
1309 1 8
1924 1 2
1989 2 8 10
783 1 10
1428 3 1 6 7
1647 1 8
686 1 2
650 2 3 6
1561 1 6
1419 1 3
1157 1 1
617 1 4
1299 2 6 7
840 1 8
1046 1 9
1013 2 0 7
1140 1 5
1422 1 4
782 2 1 8
1374 1 9
1734 1 9
900 3 1 3 5
619 2 1 4
27 1 0
812 1 8
1303 1 8
697 1 9
1275 1 4
685 1 4
494 1 6
161 1 0
1458 2 2 6
253 1 3
230 1 7
760 1 8
820 1 9
1771 1 10
1286 3 3 5 9
360 2 4 7
948 2 3 9
984 1 4
813 1 10
907 1 3
393 1 5
1718 2 1 2
884 1 10
426 1 9
1307 2 6 10
312 4 0 2 5 10
1919 1 9
1410 2 5 9
823 2 0 7
554 1 5
1956 2 0 6
234 1 10
742 1 3
1677 1 1
441 1 10
1289 1 0
344 1 5
993 1 3
668 1 0
1291 1 6
1782 1 9
894 2 7 10
1191 1 10
1193 1 1
1369 2 3 8
740 1 7
1975 1 8
1514 1 0
289 1 0
1858 1 8
1371 1 3
1540 1 7
977 1 1
1935 1 0
799 1 1
358 1 6
1923 1 1
1810 2 1 8
1630 2 4 9
465 1 0
837 1 9
1477 2 2 8
829 1 9
946 1 8
715 2 0 7
1489 1 9
1218 1 7
533 1 8
1535 1 10
895 1 7
524 1 5
1662 1 1
1102 1 9
505 2 1 9
1585 1 8
1378 1 7
61 2 6 8
868 1 7
1100 1 1
852 1 1
1519 1 4
1512 1 10
1129 2 3 5
974 1 1
781 1 2
1257 1 0
249 1 6
1095 1 5
908 2 0 1
954 2 2 8
561 1 4
1582 1 6
1388 1 3
499 1 6
542 1 4
1688 1 3
86 1 1
308 1 2
750 2 2 7
979 3 2 3 9
1179 1 3
500 1 5
56 2 7 10
1346 2 7 9
676 1 1
1564 1 4
170 1 8
665 1 8
792 1 10
1917 1 1
471 1 6
1533 2 2 6
567 1 4
871 1 10
1230 2 0 4
265 2 0 1
953 1 4
1160 1 2
199 1 9
413 1 6
1334 1 1
1271 1 5
624 1 2
985 1 4
1804 1 4
1358 1 8
1433 2 1 8
730 1 2
1629 2 5 7
1450 1 9
356 2 0 6
235 1 8
716 1 10
279 1 4
1123 1 4
515 1 10
811 1 1
463 1 8
69 1 10
1995 1 7
883 1 6
38 1 10
1305 1 5
833 2 7 10
698 1 5
173 1 4
941 1 7
1837 1 4
1622 1 7
1772 1 10
1636 2 5 6
295 1 8
830 1 7
1089 1 9
1382 1 9
1604 2 6 7
484 2 7 8
1075 2 1 10
431 1 4
1416 1 5
121 1 10
1199 1 6
1070 1 1
508 2 3 7
458 1 6
1456 2 3 7
738 1 3
1762 1 1
1256 1 6
476 2 0 2
340 1 5
1115 1 6
1306 1 3
313 1 3
1216 3 0 5 10
671 1 6
285 2 6 9
1087 1 7
1754 1 9
35 1 5
1312 1 10
467 1 8
670 1 4
1700 1 0
828 1 7
138 1 8
1751 1 3
1174 1 9
1938 1 8
1149 1 5
802 1 2
332 1 4
1872 1 5
1581 1 0
1691 1 7
540 1 2
1706 1 10
1993 1 0
154 1 3
1724 1 7
117 1 4
4 1 8
1081 2 8 9
808 1 8
130 1 6
1627 2 2 3
1072 3 3 8 10
854 1 2
185 1 6
623 1 6
274 1 2
400 1 5
1077 1 4
817 2 2 9
1073 1 4
257 1 4
846 2 1 3
691 2 2 6
1709 3 6 7 9
1899 1 3
116 2 4 9
803 1 1
128 1 2
460 1 10
1462 1 5
1331 1 1
1480 2 2 5
72 1 10
1429 2 1 6
797 1 3
1886 2 1 6
1811 1 10
601 1 1
1082 2 0 4
1960 3 2 5 9
1413 1 1
422 1 0
1683 1 7
1676 1 0
1228 1 9
763 3 6 8 10
222 1 1
898 2 0 10
516 1 2
21 1 1
1221 1 10
1146 1 2
693 1 10
1068 1 10
688 1 0
1338 2 4 10
134 1 8
423 1 8
1753 1 1
177 1 8
153 1 6
9 4 6 9 5 2 0 10 0 0 2 9 5 3 10 9 2 4 2 10 5 6 3 1 1 10 6 8 5 5 9 5 4 2 9 1 3 1 10 9 6 2 9 1 1 8 8 6 0 4 4 7 8 7 0 6 1 9 8 7 8 5 2 10 10 3 2 9 1 10 2 0 7 1 0 0 8 3 0 10 4 4 1 6 5 9 10 7 4 6 8 5 2 4 10 1 2 4 0 9 0 5 0 10 1 5 10 6 4 6 3 7 2 7 4 0 5 10 6 10 3 3 7 5 0 3 0 3 8 0 8 9 4 6 10 10 8 9 6 3 2 4 7 3 10 7 2 10 5 4 7 6 2 1 6 6 6 5 3 4 4 5 5 10 0 0 8 0 3 8 5 7 1 6 9 6 9 6 10 10 6 6 7 3 4 1 10 1 8 7 5 1 10 8 0 5 4 1 1 8 7 8 6 7 2 4 0 0 2 0 10 8 10 4 8 5 5 8 9 6 1 4 7 8 8 2 2 0 1 7 3 4 1 5 6 7 6 1 0 6 8 6 0 4 7 6 0 3 3 3 3 8 4 6 1 8 8 7 1 9 7 5 3 3 2 3 9 3 5 1 1 1 5 0 5 0 3 1 2 8 2 10 4 1 8 9 1 0 4 9 2 3 5 10 2 3 5 0 1 1 1 7 5 9 6 6 6 9 0 2 0 6 8 0 5 2 2 4 10 2 5 2 4 3 10 5 8 6 0 5 8 3 3 4 6 8 1 1 6 0 0 2 5 8 1 2 10 6 8 6 1 0 7 1 5 7 0 3 1 5 10 9 10 7 1 1 5 10 3 3 0 2 8 5 0 2 6 10 9 2 0 8 1 7 1 0 10 4 3 0 8 1 2 2 2 8 6 1 8 7 8 0 10 10 7 9 4 1 4 0 1 9 9 9 8 6 0 2 6 8 4 1 1 5 6 6 0 0 1 0 7 10 4 9 6 4 6 6 2 3 1 1 8 1 5 10 7 8 8 4 6 5 8 1 0 9 3 10 1 9 6 2 0 9 10 6 6 1 1 7 3 3 3 10 1 10 5 6 3 0 8 2 1 4 10 5 10 0 2 1 8 9 7 9 6 0 6 2 9 4 10 3 5 5 8 5 2 5 8 3 4 10 3 7 3 3 2 8 0 9 2 0 6 0 1 1 1 9 2 5 7 5 1 7 2 8 2 5 8 6 1 4 1 0 3 0 10 4 3 4 10 8 2 2 6 8 6 4 7 0 0 0 5 8 10 10 10 2 4 2 5 9 4 6 4 1 3 4 2 7 1 10 9 10 0 8 10 8 5 4 0 3 5 5 5 10 6 8 6 4 10 0 6 7 0 10 8 3 10 4 7 1 2 7 10 2 10 3 10 3 2 5 5 8 1 0 1 5 0 2 4 0 10 2 9 8 7 5 2 1 4 6 9 3 9 8 10 3 3 3 6 10 0 1 5 10 9 0 3 7 10 3 4 5 5 7 4 6 4 2 4 7 9 10 4 9 2 5 10 10 4 10 1 1 10 1 6 7 5 3 5 0 1 4 0 1 8 4 9 7 1 3 8 2 6 6 2 10 0 4 7 3 9 10 8 4 7 6 10 0 1 7 1 9 3 2 2 1 6 10 6 8 5 7 7 6 4 8 2 1 4 2 0 1 0 2 9 8 1 9 1 10 9 1 5 8 7 2 10 3 7 4 4 9 7 2 8 1 8 5 10 0 0 2 7 9 3 4 0 10 10 9 0 7 8 3 6 9 6 4 3 0 1 4 6 6 10 6 5 10 0 10 9 2 2 8 0 6 5 4 6 5 0 7 1 1 3 8 6 10 2 2 1 9 1 9 1 0 8 3 4 0 7 1 5 10 3 2 7 9 4 2 0 8 8 3 0 6 6 6 2 1 10 1 2 9 5 2 1 4 2 8 6 8 1 9 5 3 9 7 3 7 2 0 9 6 7 10 3 4 2 3 10 0 10 10 9 5 0 6 8 3 8 7 0 8 3 4 8 10 0 1 8 0 4 0 9 5 6 6 6 3 4 8 2 8 6 7 5 8 5 5 8 3 0 0 8 0 10 5 5 5 6 7 0 8 6 10 6 8 0 1 2 9 7 3 2 1 2 9 8 7 9 1 2 3 10 5 9 4 9 6 1 7 10 9 8 4 1 1 8 2 10 9 2 8 4 1 10 6 2 6 5 5 7 10 8 7 2 7 0 1 6 3 0 9 3 3 3 5 5 1 7 7 7 0 5 7 3 3 9 1 8 7 5 6 1 0 6 9 8 1 8 8 5 8 5 4 9 2 4 3 9 8 0 9 4 5 4 1 0 1 7 2 1 0 10 5 8 5 2 2 1 8 6 1 1 0 1 10 1 5 2 4 4 10 10 10 4 0 9 3 1 8 6 6 5 6 8 3 10 4 5 8 2 1 9 2 8 1 4 4 9 0 2 10 10 0 5 9 2 6 10 3 7 9 4 10 4 10 5 7 1 10 10 5 10 8 7 6 1 5 10 7 5 3 6 0 10 2 1 2 1 9 2 0 10 6 4 6 1 4 1 9 5 2 1 5 2 5 10 9 3 2 5 2 2 0 0 2 0 8 0 1 2 4 9 8 5 6 0 5 6 8 1 7 0 4 0 6 7 8 5 2 5 5 1 0 5 5 4 9 8 10 4 5 5 7 2 8 6 3 8 5 1 6 1 8 2 5 0 8 7 5 4 5 7 8 5 3 4 6 2 9 2 6 10 6 2 6 3 1 8 1 7 9 3 1 0 3 1 5 8 2 10 4 0 8 4 7 0 7 1 10 9 8 8 5 10 2 1 9 4 4 9 4 2 8 4 10 3 9 3 3 1 5 3 3 5 6 4 4 6 5 5 1 4 9 10 3 7 10 6 1 0 10 7 4 3 6 8 0 3 2 8 4 8 1 4 1 6 7 10 10 5 9 1 3 6 8 1 3 8 6 5 1 5 7 0 5 5 4 3 5 6 4 8 0 5 1 1 0 0 0 10 8 3 0 5 9 4 6 5 3 3 5 4 4 10 4 4 4 3 6 6 6 8 8 9 6 2 5 0 8 8 0 9 3 9 0 0 9 5 2 10 2 3 2 2 3 7 2 9 4 7 1 6 6 2 9 9 1 9 8 5 6 8 8 2 10 9 8 4 5 0 9 4 2 10 10 3 1 10 8 5 4 6 4 5 3 10 10 5 0 6 1 2 0 2 1 4 3 9 10 8 3 6 2 7 10 5 1 2 9 10 4 4 3 6 9 7 10 3 1 1 4 3 3 8 6 6 6 9 2 3 3 3 4 9 3 3 10 3 8 1 1 4 5 8 10 10 1 0 2 7 10 3 5 6 2 0 7 2 3 4 9 4 7 3 0 2 6 7 2 4 7 9 7 5 5 1 9 4 1 2 4 2 3 2 6 2 10 6 10 5 9 9 1 1 1 5 6 0 4 1 3 5 6 3 3 7 0 6 9 9 2 1 8 8 10 9 3 6 9 2 2 8 8 5 10 0 3 9 7 1 7 3 0 2 4 9 4 10 0 0 7 1 3 6 6 5 4 5 8 0 5 4 3 10 2 8 3 5 5 10 4 7 6 8 2 1 7 0 0 6 9 1 5 7 5 7 1 5 1 3 8 7 7 1 0 5 1 6 2 10 9 0 0 9 9 7 7 1 4 4 7 0 2 7 4 9 10 4 6 5 2 8 1 4 5 5 7 5 10 2 8 8 1 3 10 10 8 9 3 3 7 9 8 10 7 3 2 8 5 9 8 2 1 9 3 1 1 3 8 10 8 9 10 3 8 9 2 4 10 4 10 7 3 2 3 0 9 3 9 2 3 4 1 4 10 1 2 4 7 6 7 4 9 5 5 8 10 10 0 0 7 2 5 0 10 4 10 0 6 10 3 9 7 7 1 3 8 6 8 1 1 10 10 1 3 5 9 7 4 7 9 10 3 5 2 0 0 6 7 8 6 3 7 2 2 9 7 10 7 5 9 3 6 8 3 5 10 3 2 9 4 8 8 5 3 2 0 7 1 7 0 10 0 2 10 7 8 10 4 1 7 8 0 0 8 4 6 10 8 8 10 6 2 7 9 7 10 10 3 3 0 7 8 9 4 8 9 8 9 9 1 9 8 3 3 4 8 1 9 8 2 1 0 10 0 5 9 0 3 7 2 1 6 5 3 4 0 6 6 6 6 6 4 8 1 0 1 4 0 3 6 9 1 3 10 8 6 5 5 3 10 6 10 6 2 5 10 7 3 9 4 10 8 4 4 6 2 8 3 7 0 0 1 8 10 6 6 1 5 1 7 0 10 10 7 9 4 9 0 6 9 7 5 4 6 8 8 0 0 10 2 9 3 9 5 4 6 5 9 8 5 10 7 7 7 8 5 8 5 0 7 3 1 5 5 8 10 8 2 10 2 9 6 5 1 2 0 8 9 3 5 5 4 8 9 9 9 2 10 2 6 1 1 8 7
