1936 2000
1703 2 82 537
1079 1 1059
495 2 271 449
1070 2 587 1169
1269 2 720 1869
1154 2 797 1099
1044 2 565 866
1193 3 230 744 1460
669 2 75 1442
1632 1 1681
1552 2 232 1272
132 1 747
965 3 842 1152 1405
949 2 532 1537
587 2 701 1061
702 2 13 1883
1355 2 1040 1833
431 2 623 1407
1849 1 1677
452 4 344 652 657 834
1631 1 1440
835 3 737 1402 1595
128 1 581
1331 1 1254
740 1 696
1077 4 233 1068 1311 1551
142 1 534
1622 2 765 1846
184 3 377 921 1448
1934 2 480 1247
570 2 793 1546
1187 1 1170
1442 3 313 478 864
866 1 1981
187 3 647 907 1510
1467 1 1300
312 5 293 463 1474 1741 1765
1763 2 1570 1699
1383 1 1424
191 2 726 925
1218 1 716
1236 2 1960 1977
113 1 1701
318 3 808 1287 1809
659 2 585 627
730 2 135 1284
1702 1 732
1771 3 616 772 1811
1867 1 1452
685 3 593 1007 1572
310 3 25 403 1931
705 3 50 915 1717
856 2 743 1616
1145 3 101 140 679
946 2 1190 1407
559 2 595 1367
502 2 48 1440
632 1 1078
53 1 65
523 1 49
359 1 1309
774 2 1050 1199
1628 2 97 1397
720 4 696 1144 1446 1987
662 1 1559
630 2 1699 1756
1047 4 3 1241 1333 1742
325 1 881
1625 1 803
1172 2 1140 1195
1278 2 112 1986
1591 4 204 584 1341 1550
1454 1 124
1656 1 1534
1642 3 208 241 1383
1496 2 841 1265
1754 3 1334 1389 1484
971 2 16 871
1034 2 833 1179
1782 1 3
1112 2 598 1665
1093 2 594 1763
901 3 595 1021 1338
1301 3 50 136 641
412 2 437 1475
824 1 755
508 1 137
870 1 1142
1870 1 1048
1233 4 367 1007 1474 1962
589 3 176 1286 1327
537 3 660 833 1002
377 1 1127
1840 2 46 577
582 1 199
384 1 1419
1346 1 1016
1244 2 127 316
469 1 1508
1812 2 1490 1866
140 4 406 1004 1622 1723
1924 1 135
748 1 1614
12 2 1438 1470
1290 3 93 296 696
167 2 665 1833
1152 1 793
796 1 13
324 3 1319 1752 1917
2 1 1484
7 2 695 1639
1795 4 73 1570 1636 1673
1210 1 264
212 5 180 232 300 1117 1477
206 1 1463
1575 2 479 1096
517 3 2 163 840
1008 1 341
15 1 199
987 2 1230 1258
428 2 341 1585
840 1 1545
513 2 1195 1781
602 2 481 1645
928 1 96
343 1 1667
1892 1 627
463 5 214 318 470 830 1209
125 2 831 986
75 3 36 1635 1901
83 2 266 913
1404 2 1545 1669
902 3 407 884 1055
1541 1 1
976 3 292 1394 1824
1707 1 1409
226 1 264
1143 2 575 1474
1018 2 231 1188
741 3 559 1043 1288
1444 2 619 812
689 1 1198
1068 1 1134
729 4 402 696 850 1848
1556 2 842 1343
1498 1 480
1161 1 1155
1131 2 1239 1563
208 2 204 266
1801 4 157 688 1355 1878
1637 2 504 1479
1433 1 1890
1639 1 7
283 3 242 1817 1958
1856 5 199 1162 1258 1465 1478
1313 3 195 1488 1563
1903 2 1387 1786
1665 6 350 356 1417 1476 1682 1836
1247 2 83 412
1644 2 258 405
100 2 1153 1749
1265 1 1767
1596 3 9 718 994
34 2 839 883
1559 3 236 288 1654
1002 2 925 1784
791 2 1316 1460
84 2 940 1173
344 1 170
1695 1 1075
1800 2 48 1019
563 2 821 1715
98 1 355
294 1 1519
1348 1 1164
138 3 987 1797 1999
1146 2 507 1677
1503 5 500 520 735 1080 1660
595 2 451 812
1515 1 1454
925 1 493
767 1 1681
778 4 100 199 1117 1983
1716 1 1650
605 3 205 665 941
1767 1 1223
1252 4 34 60 1521 1527
1635 1 1127
289 1 604
1132 3 101 295 1855
520 2 228 1135
992 2 90 1018
1629 2 1050 1095
1789 1 167
554 2 1454 1602
1345 1 637
991 1 1722
319 3 26 385 551
1744 3 219 1101 1671
1087 3 228 536 537
1266 1 77
1643 2 681 762
473 1 408
698 2 123 1503
1285 3 928 1046 1817
17 2 831 1343
750 1 1087
1465 2 907 1088
1394 2 1512 1939
129 2 664 941
1876 1 1802
1163 2 1292 1359
130 4 450 1216 1235 1363
258 2 764 1810
470 2 1477 1960
347 2 121 299
1054 2 520 954
1042 2 1709 1923
273 2 839 1356
1545 3 79 457 1180
1602 2 1217 1627
434 2 34 927
674 3 866 1106 1634
712 2 572 1483
1408 1 1583
328 1 1412
747 4 1441 1717 1744 1811
1884 2 254 463
1520 1 1071
744 1 149
1571 1 705
511 1 451
1245 1 90
1275 2 564 1003
1207 1 886
1929 2 729 1271
1253 3 229 1648 1718
304 1 1187
1770 3 559 876 1265
1564 2 716 1733
509 1 1822
425 2 1137 1849
1327 4 662 1112 1551 1581
1361 1 127
770 2 1537 1908
746 1 1459
413 4 44 930 1626 1827
985 4 71 231 996 1706
1517 2 273 1488
1029 2 915 1970
387 2 1035 1720
1217 1 655
127 1 13
394 2 1617 1875
422 2 299 1751
681 3 996 1250 1651
8 1 1464
590 3 817 1550 1999
267 1 1845
519 2 945 1992
1535 5 288 802 880 1088 1152
301 1 392
1484 1 1234
1194 4 400 673 1078 1212
647 2 497 1484
1555 1 1691
62 1 1744
1699 1 49
1363 1 1222
1886 2 1546 1720
1738 2 463 1543
1611 4 422 1523 1556 1783
1114 1 1521
1688 2 1033 1815
453 2 234 302
1235 4 502 927 1274 1338
1736 2 753 1692
97 1 1749
291 2 419 1481
1004 2 563 1087
998 2 564 1855
1855 4 646 1556 1725 1805
402 1 1803
313 4 268 908 1240 1624
371 1 1265
1046 1 220
1634 2 962 1506
1492 1 681
784 3 273 548 571
1457 1 1558
1133 1 1721
1326 2 1795 1997
1922 2 1478 1634
875 2 448 1284
321 2 1598 1922
1241 1 1057
1183 1 1090
477 2 231 1041
31 4 276 346 1068 1101
1425 2 1162 1658
451 3 41 845 1292
734 4 377 512 965 1903
1844 2 418 1145
1155 1 794
1675 2 1071 1268
850 1 688
78 1 968
1437 2 795 1793
623 4 236 638 1454 1773
1728 2 310 1550
1530 3 449 625 743
1061 1 1724
1932 1 982
1228 3 66 275 316
489 1 1553
1722 1 821
480 2 228 1515
642 1 491
843 1 1205
1240 1 1834
788 1 967
1477 1 895
1424 1 566
390 2 159 1323
1039 2 796 1751
450 2 462 1476
491 1 38
790 1 986
1689 2 240 777
1579 1 1760
761 2 554 1681
1106 1 1708
182 3 10 180 1402
571 1 756
1035 2 186 1987
1790 3 157 466 595
1006 1 1139
1659 3 960 1474 1842
1930 1 1154
250 2 866 1910
1783 4 26 35 388 614
553 2 704 753
813 2 87 1052
68 5 31 212 604 1525 1983
1292 2 413 584
462 1 1483
1049 4 749 773 985 1235
337 3 451 1950 1960
1110 1 462
302 2 962 1997
1608 4 1064 1149 1279 1425
745 2 1135 1564
1489 2 551 1108
1185 2 60 342
1802 1 610
1284 1 752
536 1 1736
1352 4 31 273 536 1702
1687 2 260 1831
1136 3 374 712 1016
652 2 642 1507
586 1 177
1119 1 1630
1064 3 347 1362 1733
634 4 1037 1196 1349 1811
1935 2 38 213
711 2 1071 1484
449 2 418 1043
1512 2 129 1352
692 2 422 1386
298 3 769 1417 1853
186 2 1262 1567
1794 2 234 755
1167 1 100
1667 1 1768
1594 2 754 1748
776 2 178 1545
1857 2 183 999
1638 3 396 1101 1804
1406 2 526 1551
1586 2 1135 1564
648 2 136 1555
1486 1 1296
1804 1 348
114 1 1606
1138 2 642 1559
5 1 246
297 2 49 182
1011 2 728 1316
526 1 1238
1843 1 313
951 1 642
1354 2 1421 1975
1409 1 1022
1646 2 15 1900
1282 3 641 704 1724
1164 1 1434
1451 3 437 1145 1864
995 3 899 1288 1615
317 2 1763 1839
436 3 29 462 907
32 3 822 1725 1851
438 1 254
1577 1 1490
1287 1 895
719 2 624 1729
52 3 595 1106 1458
640 1 566
209 1 1438
886 2 251 1469
804 1 3
1429 2 1880 1944
1319 3 155 796 1750
16 2 895 1926
779 2 299 1230
607 3 353 1484 1997
1788 1 637
1094 3 720 780 1050
87 1 912
599 4 106 178 816 1737
1372 1 1839
136 3 537 1666 1845
395 2 232 824
1584 2 120 1738
620 3 425 571 1827
959 3 287 431 450
149 3 183 1815 1829
1055 1 397
64 1 968
1005 2 1052 1682
236 3 729 1222 1635
1580 2 204 1800
1655 2 1356 1848
1390 3 325 552 1152
1466 1 1478
276 1 998
700 2 656 1757
1645 1 271
1263 4 47 90 407 788
146 3 262 388 594
1380 2 148 726
1751 2 226 1461
690 1 2
1569 1 756
1242 1 1765
1777 2 254 582
224 1 729
227 1 1585
443 4 599 852 940 1316
805 1 701
1560 1 1884
1678 2 170 1714
147 2 560 1717
1533 2 1228 1512
1422 2 16 485
43 2 1141 1695
874 2 1085 1708
478 2 668 1288
404 2 119 1018
1868 1 1073
340 1 1528
528 3 226 909 1999
803 1 1900
376 1 274
1835 2 1677 1778
1147 3 303 1217 1923
1418 1 101
268 2 3 1736
475 1 300
693 1 593
929 1 1853
25 2 1274 1615
45 2 1178 1985
666 1 761
20 3 387 551 1715
77 4 821 1064 1733 1829
1599 4 1027 1057 1320 1658
420 2 1678 1699
1742 1 1624
676 1 887
1421 1 252
204 1 1093
1254 2 66 1945
986 1 1567
373 1 425
1351 1 1190
1339 3 106 721 1359
993 2 996 1064
1020 1 137
338 2 679 1144
1680 2 623 915
775 1 471
1115 1 313
424 3 244 1553 1822
119 2 688 1114
329 1 1205
657 1 1362
403 3 100 850 1040
194 3 81 700 1947
493 1 1933
1627 3 463 537 820
1030 1 1648
1823 2 260 1714
646 1 1116
661 2 581 1784
445 1 1567
38 1 1742
506 4 127 876 947 1329
616 1 1007
1603 1 1760
1825 4 540 587 835 1839
60 2 842 1860
1837 2 34 1602
139 2 29 1678
306 1 1717
1317 2 1496 1933
1784 2 274 1733
1739 1 1469
887 1 1187
960 3 421 1055 1579
687 3 263 1116 1598
90 2 1283 1386
286 1 1937
1459 2 441 1319
285 2 755 830
260 4 149 460 526 984
722 2 1096 1953
104 1 500
303 2 925 1760
964 2 527 1639
853 2 776 1056
603 2 1676 1992
810 1 1292
549 2 357 681
1176 2 785 927
372 1 1265
539 2 123 722
962 4 66 651 1309 1802
1300 1 1691
1668 2 801 1789
150 1 1054
1787 1 857
1499 5 224 506 736 1442 1763
838 1 403
503 4 690 1011 1228 1288
1921 2 295 1822
1775 3 446 858 1120
643 2 275 1316
1082 1 1976
1203 3 764 1888 1944
1427 4 69 309 654 1242
1873 2 905 1665
1497 1 229
73 1 1867
1371 3 44 1424 1622
1270 1 418
807 2 1081 1510
1091 1 1992
1604 1 1854
795 2 492 1718
1733 1 1824
869 1 6
1033 2 587 1035
600 1 532
137 1 1204
105 1 1626
1123 2 712 1190
133 2 637 1695
1885 2 803 1572
1755 2 374 1644
494 2 325 1314
1430 1 1733
1859 1 1452
1780 2 405 1377
18 1 349
1067 1 431
1747 2 1238 1715
126 2 156 1546
1685 3 743 912 1704
278 1 1152
504 3 478 1027 1846
731 2 309 1273
1277 2 94 1434
1043 3 1150 1793 1798
1009 1 1754
432 1 767
501 1 137
1573 3 155 329 830
277 2 571 1383
216 2 245 303
80 1 1222
1786 2 1665 1754
624 2 1430 1624
743 1 1258
792 3 1046 1273 1454
1125 2 1223 1709
1000 3 249 1254 1284
1731 1 908
199 1 244
1753 1 614
1741 1 554
950 1 1152
1769 2 1265 1840
755 1 1988
766 1 1364
1815 1 1985
271 3 286 778 1645
947 1 504
63 1 1664
1745 2 563 841
1458 1 392
1650 1 1169
1248 1 707
1027 4 1095 1450 1474 1640
1893 1 1064
691 4 3 356 1519 1760
368 2 986 1515
1694 1 96
613 2 44 1545
577 1 1433
966 1 963
81 1 38
900 1 77
1647 2 274 927
943 2 1079 1754
1819 3 315 1271 1496
1435 1 202
798 3 1177 1900 1917
1101 2 228 486
655 2 450 1779
396 1 1450
789 2 192 1664
161 3 262 811 1385
753 3 140 764 860
1696 2 162 1303
405 2 422 551
341 2 579 1093
1817 3 280 1286 1981
533 2 1096 1579
386 2 899 1782
931 4 88 186 1036 1823
1585 2 13 1695
1188 1 77
1743 2 402 692
1682 1 796
726 2 160 258
1385 1 1768
264 1 1426
1213 4 701 1310 1636 1804
1553 2 142 1437
201 1 1672
1438 2 443 580
1205 2 1477 1757
1090 3 205 338 834
656 2 802 1817
708 2 811 1116
1196 1 1578
893 1 448
1272 1 371
232 2 489 831
738 1 437
1909 3 587 595 1842
1336 1 1611
1606 2 821 1893
1175 1 386
844 1 1659
1758 3 83 274 1644
1657 1 1191
830 3 213 469 1550
1405 1 1198
1616 3 184 593 773
956 2 387 1445
1853 2 51 1088
1927 2 1116 1120
1660 1 293
259 3 882 1034 1683
759 1 688
1225 2 1154 1470
1471 1 682
27 1 492
1896 2 671 1108
392 2 1182 1809
163 1 1664
57 3 20 796 1923
525 2 1624 1914
1168 1 1579
1224 1 434
1889 3 375 470 1476
378 2 296 934
852 2 26 1085
334 1 456
1012 5 280 358 834 1236 1617
978 3 1081 1203 1660
1719 1 1548
910 3 280 340 1310
230 4 105 419 556 782
248 2 112 801
118 1 1341
234 1 624
1360 1 989
1142 2 585 1600
696 2 202 1827
1760 3 422 679 1598
550 4 515 623 913 1183
679 1 1338
358 3 53 711 1827
1759 1 1363
401 2 819 906
1150 2 396 1247
1621 3 732 1034 1341
257 2 227 1793
1232 2 507 1768
1182 3 707 1128 1267
1495 2 873 1660
106 1 876
1325 3 129 408 1361
95 1 1516
158 3 585 1021 1027
639 4 100 610 1112 1856
573 3 1103 1144 1721
1468 1 1958
575 1 994
684 3 213 375 940
749 2 703 808
1080 1 820
935 1 1272
484 1 1776
610 2 463 1558
1865 3 433 1776 1824
1013 1 235
1181 2 755 1651
1028 2 697 1390
1305 3 864 1183 1977
1268 2 357 1546
984 1 1787
1215 1 75
91 3 395 1144 1757
868 1 638
339 3 548 693 1629
1799 2 553 1461
1165 2 725 1097
1400 1 161
134 2 529 816
1676 2 437 1769
728 2 802 1357
1578 2 722 1602
1357 1 347
619 1 1313
131 1 1908
1214 3 101 1306 1697
945 2 536 761
579 2 388 549
1619 1 864
1108 1 208
415 2 448 1798
1772 2 373 907
1700 2 198 796
423 3 1395 1440 1521
237 3 291 499 831
1310 3 668 1032 1839
1693 3 1190 1236 1412
882 1 894
1220 3 220 271 1359
833 3 20 163 268
1531 2 1845 1860
876 2 86 662
1723 2 1299 1826
544 3 614 1349 1900
397 1 1890
1666 2 572 1519
1472 3 1057 1740 1910
940 2 277 1848
1209 5 109 157 280 1211 1416
981 2 170 1740
1190 2 410 805
1766 1 1265
172 4 310 1205 1448 1706
1124 1 1054
23 2 155 186
1105 1 600
675 3 556 1031 1988
1729 1 1992
1129 2 1672 1958
637 2 371 654
1913 1 1704
94 1 887
1293 2 357 746
9 1 352
977 3 53 899 1486
476 1 1356
1842 2 736 1521
309 2 99 1997
645 4 803 841 1470 1765
1308 3 11 1258 1306
694 5 331 1101 1284 1809 1938
1460 3 1335 1353 1686
117 2 109 732
1109 1 1707
1379 1 1143
1202 2 598 688
243 3 560 1181 1673
1274 3 437 1270 1563
898 1 1855
859 2 205 1901
1083 2 82 1801
836 1 1686
1322 2 269 643
650 1 457
560 1 318
466 2 499 1129
222 2 736 1810
756 2 614 705
190 2 502 1730
725 3 345 395 1128
381 2 860 1975
1516 2 1036 1392
435 2 572 1055
349 3 13 535 1949
388 3 1434 1494 1757
351 1 1782
287 1 651
1294 3 688 1003 1970
1674 2 278 1429
1398 3 75 1472 1545
292 1 1508
1481 1 571
1312 1 31
1413 2 47 610
255 1 161
1936 2 1033 1143
1212 2 642 1001
66 2 577 1518
1162 2 968 1488
1140 2 90 1525
1448 3 130 249 1364
1916 1 1756
1589 2 123 1581
583 3 31 443 1754
1231 2 506 1867
1543 2 33 1455
220 2 292 1847
912 3 1322 1707 1811
1925 2 958 1819
1334 3 213 780 1389
903 2 47 1176
1375 1 1279
1200 3 31 1204 1440
419 2 991 1495
530 2 235 1126
159 2 1604 1976
703 1 1790
314 2 277 1543
547 3 340 1083 1741
1590 3 30 867 1615
653 2 307 1333
1335 1 1286
919 1 156
873 3 468 1179 1363
1341 3 90 309 1839
474 2 69 1002
1551 2 772 1156
1845 1 884
961 3 93 1109 1231
430 1 1583
781 2 134 1310
374 3 1162 1242 1890
957 3 241 909 915
714 2 405 1686
1197 1 159
736 1 958
1189 1 1789
1280 2 79 510
754 2 673 1749
1807 1 83
112 3 634 871 1045
295 2 264 1886
551 1 1602
1539 3 796 999 1108
120 2 577 1556
229 1 864
1062 1 1527
1861 2 163 1143
1337 1 1108
1257 4 1033 1181 1240 1787
1697 2 1011 1144
88 2 1139 1183
1725 1 650
1149 1 1749
1092 1 1506
65 1 1222
1910 1 451
56 5 1241 1258 1337 1546 1656
1365 2 51 1390
170 1 805
524 2 1323 1377
354 1 1498
252 2 623 1254
1267 2 334 1617
1900 1 1506
468 2 405 1931
346 3 884 1110 1644
1547 2 50 1523
970 3 1270 1650 1856
562 3 65 945 1724
848 1 803
867 5 282 593 1611 1622 1923
958 2 463 1772
96 4 120 329 440 1080
1302 1 360
1473 1 1129
400 2 112 1518
806 2 1320 1572
398 2 928 1394
1618 1 1691
265 1 1830
249 2 499 726
1032 1 756
1221 3 66 271 1528
1423 6 1090 1394 1496 1555 1573 1611
1890 1 1117
109 3 1002 1243 1581
1581 3 232 1323 1768
1554 2 229 383
592 3 376 848 1392
262 3 312 1349 1939
811 2 392 1757
50 2 629 1320
911 3 231 664 796
994 1 441
1734 1 67
855 1 1829
1432 2 212 1617
274 2 1748 1790
601 3 565 1250 1572
1089 3 419 579 1563
1572 2 1409 1490
1626 4 213 909 1093 1127
707 2 214 397
293 2 1333 1672
290 3 556 1018 1827
1749 2 418 1091
839 1 263
1490 3 367 440 858
972 2 928 1096
635 1 38
444 2 538 1458
1597 2 548 650
93 2 97 1776
1066 3 224 383 1401
279 1 1764
1121 3 650 1152 1284
1173 2 450 1960
1324 1 1545
967 3 1267 1504 1572
644 2 383 456
123 1 1106
1116 2 657 1750
1748 2 982 1853
626 2 106 110
1720 2 127 1765
996 1 1949
481 4 443 714 767 834
1883 2 836 1507
872 2 10 1513
1393 3 230 348 1322
612 2 671 1945
710 1 1399
1677 1 1439
1735 1 424
1546 2 902 923
860 1 1340
638 2 515 648
1818 2 26 623
878 1 1162
829 1 752
963 2 395 593
1180 3 619 1051 1092
1633 1 1329
86 2 1156 1958
907 2 1442 1844
654 3 1051 1301 1692
594 1 1763
1583 3 593 1039 1433
1809 1 1045
154 1 1704
543 4 523 655 858 924
937 2 47 159
1501 2 1552 1802
815 2 858 908
200 1 443
862 2 96 163
1318 2 86 705
1521 3 1243 1475 1765
904 1 1477
21 1 1945
739 2 277 1897
327 2 252 1144
1905 3 163 582 624
203 1 1392
1311 1 43
1286 1 1659
235 2 908 962
223 1 1093
1561 2 202 274
1065 2 398 773
1593 3 34 329 1736
1663 1 958
1343 2 443 714
1822 1 1154
1016 1 1604
713 1 841
1356 3 55 1343 1352
764 3 313 334 1654
168 3 1521 1733 1736
895 1 641
36 1 755
1340 1 1450
927 2 131 425
1871 3 986 1731 1824
831 2 487 1721
1874 2 1548 1850
802 3 523 1466 1935
785 2 848 1035
171 4 360 1633 1819 1895
205 2 1050 1743
1102 3 402 987 1738
915 2 204 846
1872 3 360 805 909
1314 4 112 598 1709 1768
783 1 1729
1863 2 489 1853
1508 1 49
847 3 1019 1416 1930
383 1 599
307 2 1187 1778
1491 2 1036 1513
46 2 805 1604
1920 1 1464
1576 2 345 1944
1847 2 186 532
1841 1 776
576 1 1117
1262 1 1650
1306 3 7 181 772
821 1 778
771 4 178 1407 1783 1941
1762 1 1864
246 1 116
1846 2 682 1371
1309 5 293 492 549 1558 1724
1389 3 73 1272 1875
1524 1 149
1709 2 554 1856
686 2 648 1371
1445 1 1299
823 4 60 647 1186 1977
518 1 1145
1566 2 510 1032
1907 3 388 928 1696
1359 1 1052
609 3 177 213 847
1778 2 820 1284
673 1 1702
92 2 616 1585
1506 5 169 420 623 1320 1353
572 3 604 1313 1752
1701 1 1802
217 3 1064 1522 1803
169 3 887 1937 1970
1862 3 137 249 1330
437 2 585 1534
884 1 1784
427 2 1057 1377
1201 1 1845
1134 3 912 928 1565
1588 2 487 646
1502 3 282 858 1299
631 1 1053
1612 1 1730
1199 1 1437
1710 2 142 768
863 1 502
918 2 1506 1671
542 1 334
606 2 479 1357
1264 1 223
1219 5 120 291 729 1872 1923
1283 2 211 371
228 1 1549
1679 1 1448
214 2 546 547
1507 1 1073
1211 1 1265
1450 4 933 984 1161 1458
1126 3 1162 1543 1654
988 1 282
1297 3 148 811 1829
1721 1 147
1793 2 671 1887
185 1 1999
820 2 1313 1474
1281 2 255 1075
35 1 73
797 3 654 1273 1765
1810 2 1052 1364
1260 1 1234
482 3 803 1064 1181
342 2 156 1819
751 3 725 1789 1986
889 5 410 480 581 899 1061
218 2 37 899
1063 3 627 808 1242
1130 2 487 1770
29 1 220
1003 1 672
1605 2 652 1692
1785 2 119 860
239 2 729 1265
881 3 817 1351 1778
1706 1 833
1259 2 1186 1267
238 2 714 1470
588 3 329 366 928
841 2 142 1303
1186 1 873
101 1 1357
772 1 883
1299 4 524 534 1143 1481
819 1 1613
1485 2 575 806
1756 2 381 1884
1757 2 648 884
733 2 96 1607
308 1 1635
1649 1 1904
800 1 652
10 3 83 377 962
716 2 1501 1527
1041 1 421
515 2 985 1664
864 2 773 866
1410 4 373 419 803 1387
1303 1 989
1828 2 1080 1795
135 1 272
355 2 338 1439
439 2 160 1678
1488 1 312
330 3 504 720 1081
1069 2 106 1196
1223 2 182 1932
1470 2 1521 1555
768 2 824 1352
490 5 451 535 542 994 1033
1550 1 1900
1118 2 769 785
1713 1 53
1614 1 776
1866 2 407 654
865 1 632
568 2 6 946
1059 2 73 1262
311 2 494 594
1104 4 140 425 754 1830
1021 4 1085 1178 1328 1466
269 3 229 1767 1827
1808 3 20 406 1325
281 1 110
1791 2 18 1087
315 2 41 1085
121 2 967 1176
999 3 623 1161 1338
316 4 22 450 835 1332
1222 2 424 1085
625 1 619
233 1 1897
1776 3 884 894 1001
124 2 1075 1425
442 1 664
1919 1 682
454 1 15
465 3 867 902 1626
183 1 1165
1204 2 1440 1697
857 1 1828
1805 1 1633
1381 1 1299
990 2 142 753
688 2 82 1209
905 2 592 1830
979 1 715
1456 3 700 871 1836
1897 1 737
1895 2 288 418
1796 2 1621 1657
148 2 1254 1545
1178 1 1120
851 1 1137
1096 2 1033 1217
350 1 1786
1095 3 242 434 720
1170 4 25 1004 1143 1478
1420 1 1722
353 1 1342
1296 2 1486 1692
773 3 15 1175 1775
1681 2 1314 1437
932 2 598 872
416 3 845 1028 1340
1060 1 1169
1160 4 49 452 1176 1657
1417 2 29 469
548 1 1407
1243 1 241
556 2 361 873
102 3 582 795 1545
808 4 1407 1472 1801 1828
1401 1 681
1839 2 348 1709
414 3 915 1433 1953
1686 2 762 1521
365 1 1988
385 3 92 836 872
763 2 177 180
627 3 1064 1516 1809
1683 2 223 1678
1258 2 989 1255
555 2 195 1503
1848 1 1579
723 2 508 1129
1255 2 831 1606
152 4 374 758 1243 1515
1926 3 811 840 1930
683 3 213 1006 1548
1673 4 65 451 1615 1823
1098 4 1160 1339 1401 1654
1931 2 1844 1893
1880 2 857 1161
565 3 258 269 742
1692 3 158 804 1371
254 3 15 907 1765
1128 1 1272
1358 2 135 369
1086 2 520 607
1362 3 198 1648 1920
410 2 520 1677
1831 4 257 1021 1141 1997
1598 2 1883 1895
1234 3 214 538 1955
1483 2 842 1666
660 2 252 1855
1532 3 527 769 881
1557 3 16 183 985
1887 2 610 1504
1567 1 347
1428 1 257
1135 1 1399
1249 4 611 910 1781 1811
242 1 1725
11 1 1648
812 2 1664 1673
1 3 546 1328 1939
211 1 510
251 2 735 1938
944 1 810
457 2 492 1573
207 2 34 737
1493 4 1091 1198 1231 1798
1792 3 81 1340 1676
1307 1 1789
1100 3 392 1647 1822
61 4 353 616 1045 1757
24 2 1144 1556
1479 2 244 907
1206 1 764
1811 3 296 339 1857
1838 2 1724 1845
888 1 1303
1251 1 1770
598 1 1075
649 2 773 1325
1463 1 1677
1636 1 1169
546 2 1326 1382
567 5 204 339 361 436 629
1045 1 1895
846 3 465 1241 1716
765 2 643 1267
1933 2 31 51
1387 1 1064
51 1 684
483 2 99 684
1084 2 139 1948
456 2 316 796
516 3 366 1036 1772
732 1 1235
899 2 120 1678
989 3 89 230 573
1779 2 1454 1477
1384 2 1602 1795
47 3 1011 1273 1846
1528 1 1397
894 1 778
115 1 1884
13 3 732 1717 1985
141 1 434
799 2 177 1801
1171 1 1501
362 3 178 1185 1754
1019 1 837
1058 1 1299
585 2 318 1521
1402 1 1681
256 1 1604
1097 2 1848 1938
1648 1 1064
1122 1 50
552 2 299 1284
213 4 235 1439 1604 1815
1587 1 563
1607 1 1137
221 3 204 1033 1187
1137 1 941
922 1 376
1537 1 395
74 2 375 614
197 1 299
1690 2 817 1789
879 1 1243
909 4 572 898 1143 1724
19 3 96 1359 1772
1434 5 506 587 1155 1325 1604
174 1 1707
155 3 410 793 1187
488 2 1199 1429
245 2 390 1815
1671 2 906 1242
892 2 573 761
727 2 526 1332
433 4 149 753 985 1179
108 1 1039
210 1 1376
1075 3 850 1763 1847
1712 4 25 187 1419 1704
1750 2 1031 1383
111 1 1138
534 2 96 1498
180 1 1185
1127 1 761
39 3 252 451 566
581 1 551
1338 3 944 958 1504
1730 3 124 1390 1828
752 2 240 536
1518 3 794 1481 1627
1624 3 5 1198 1512
834 1 117
1511 2 897 1091
1238 1 701
948 2 1087 1274
215 4 466 602 673 1916
1875 2 391 1565
189 4 88 385 886 1699
1908 1 374
1052 2 131 1723
179 3 279 989 1747
1684 1 158
14 1 647
939 3 116 377 1140
1452 2 819 1634
1478 2 198 1465
429 1 1160
1050 4 299 729 1669 1728
1522 2 925 1091
1073 4 35 1430 1707 1822
1462 3 816 1145 1322
1447 3 684 960 1095
1273 1 1856
89 2 1316 1656
1295 2 250 1469
1740 1 1914
188 3 159 648 1029
1830 2 67 535
406 2 123 499
352 1 1604
574 2 418 1309
891 2 487 1205
498 2 701 1930
1505 2 433 1506
219 3 524 600 941
1827 2 1614 1924
164 1 177
1014 2 397 603
1726 2 969 1810
49 2 1720 1848
299 1 1212
604 1 962
1071 3 446 1402 1640
1500 3 566 907 1819
621 3 1402 1470 1916
1323 2 258 610
1836 2 375 1847
593 1 1702
1072 4 958 1103 1622 1800
1915 1 2
1376 1 1321
1166 1 1470
828 2 1006 1356
380 2 1714 1980
1416 1 1319
1113 1 1606
446 1 673
1321 1 1031
1195 3 260 643 817
1230 2 370 410
1007 2 75 636
1474 2 207 1729
677 2 793 1850
1261 5 120 440 700 747 1814
1504 1 478
658 2 1045 1783
861 2 1504 1767
527 3 954 999 1450
1617 2 1001 1757
769 1 1323
1374 2 120 549
529 1 1803
1040 2 398 1556
1820 3 82 1425 1621
1717 1 1527
1288 2 622 1855
122 2 608 726
1378 3 128 471 1147
1328 4 231 500 898 1946
1711 2 1325 1639
735 2 478 1092
1330 2 1602 1723
557 1 657
1198 3 314 842 1916
1439 1 824
1610 3 203 276 986
288 2 329 1240
177 2 434 1031
332 2 600 817
1513 1 1561
628 1 1080
1664 1 1810
793 1 1585
974 1 97
458 1 1376
300 3 98 122 1295
1229 2 1337 1843
522 1 93
942 2 124 564
1662 1 1
28 1 933
1407 2 1144 1545
421 2 318 1110
1177 1 925
1923 3 785 1335 1863
1595 3 407 1235 1470
1852 2 487 1949
1370 1 1216
440 1 881
896 3 767 1748 1772
1514 3 443 905 1141
1906 2 398 958
335 3 73 167 962
983 1 721
663 1 1216
1010 2 527 778
597 2 283 767
1869 3 884 1153 1938
241 1 1953
827 4 391 448 1667 1983
762 2 1096 1145
1814 4 917 1057 1132 1576
1431 1 358
1353 1 1616
1752 3 8 205 1364
955 2 13 207
41 1 585
1239 2 180 1867
55 2 240 1178
1824 2 1522 1534
558 2 586 696
166 1 747
1525 1 1922
1761 4 449 935 1068 1288
322 1 1121
1022 2 101 523
1911 2 1395 1799
941 1 1054
1399 2 1581 1787
1038 1 1844
326 2 1152 1550
842 2 1673 1804
1715 1 1845
26 1 735
1879 2 1725 1763
1476 2 938 1160
240 4 257 1162 1676 1903
1898 1 690
1396 1 256
954 2 552 784
72 1 668
535 3 219 1222 1854
724 3 167 761 1516
1037 2 662 1651
1455 2 176 1021
1878 4 412 821 1400 1570
1025 2 132 1864
1226 1 662
1081 2 860 1342
636 2 254 358
1562 3 1183 1855 1895
930 4 437 1079 1104 1752
195 4 564 1299 1340 1878
701 3 50 794 1169
706 3 535 1139 1140
270 2 714 1781
968 1 1490
1001 2 47 1364
1216 3 1 1340 1651
1315 1 761
1765 1 1250
737 1 1177
193 1 1752
1600 4 47 761 996 1697
1781 4 388 396 1725 1931
1527 3 200 1725 1783
1773 1 1383
1391 2 946 947
584 3 553 1138 1286
578 1 619
1764 2 538 1828
455 1 392
1192 3 1162 1721 1824
486 1 15
37 2 140 768
345 2 643 1287
1157 2 6 1538
777 2 1195 1231
156 1 1104
284 3 1190 1332 1827
1076 1 118
496 3 132 424 466
54 2 229 1355
580 3 163 1147 1439
1732 1 263
1774 1 1600
1377 2 69 1809
1320 3 567 643 705
1036 3 20 1749 1752
1718 1 445
1568 1 1981
296 2 110 1677
143 3 801 1041 1296
1026 2 204 315
1388 2 1760 1985
1534 3 286 587 1716
107 2 1476 1908
816 1 245
244 3 147 1342 1800
363 1 672
622 1 1607
409 1 1789
196 2 341 659
1329 3 296 420 1476
382 3 276 573 1872
1724 3 718 727 1828
1538 4 225 307 940 1139
1549 3 1254 1510 1676
356 3 1525 1643 1731
538 2 1223 1319
1540 2 405 560
953 2 479 1939
407 1 1309
1914 3 128 160 704
1246 2 195 923
1850 2 661 1931
1899 1 871
924 1 1137
6 3 382 1624 1677
178 2 1437 1786
668 2 1272 1941
1708 1 422
938 3 376 804 1884
1833 4 82 90 650 1537
375 3 46 743 1080
1640 2 348 1481
1523 2 1527 1932
33 1 1707
266 3 1572 1801 1977
1864 2 2 648
1858 1 798
545 3 479 1850 1937
1609 2 1031 1935
1704 1 431
1888 2 34 1910
1237 2 307 1337
980 2 806 1671
1382 3 47 1908 1944
1414 2 1175 1831
1440 2 1147 1660
202 1 3
76 2 47 798
399 3 162 1035 1749
1156 2 60 456
1304 4 732 1342 1349 1916
85 2 773 1103
467 3 579 1546 1659
1630 2 10 1355
176 2 1296 1512
364 1 271
1854 3 1301 1371 1402
969 2 559 1268
1509 3 1702 1881 1908
858 2 604 1795
447 1 1164
360 1 1988
933 5 286 876 960 1464 1486
485 2 182 1864
837 2 202 450
1613 4 232 500 1138 1496
1918 1 129
975 2 263 1050
512 2 341 1949
461 1 1869
1179 1 1851
1860 1 1064
1426 1 47
1563 1 1156
408 1 9
1103 1 1454
1031 2 466 796
757 4 383 662 1657 1875
672 3 148 1895 1941
505 3 673 1333 1977
1366 1 1394
1536 4 383 690 864 1330
591 2 716 1757
973 1 1396
1373 3 587 1032 1792
1347 1 1363
1592 3 30 43 1593
70 1 852
460 3 470 1049 1464
913 3 157 1495 1712
1826 1 1682
1415 2 255 1200
192 2 105 1988
614 3 225 397 1751
1148 3 758 1489 1614
826 3 227 507 906
908 1 871
1411 4 817 1352 1399 1729
1099 3 673 782 1888
441 1 1120
678 4 1250 1634 1651 1827
699 3 603 1359 1842
1051 1 1543
411 2 207 403
1480 2 1033 1630
1048 3 149 941 1075
1813 3 1177 1300 1657
532 1 926
718 1 1881
923 1 1829
809 1 58
22 2 1604 1846
1714 4 35 229 350 878
794 3 81 602 1513
1558 1 452
721 1 385
1256 4 1363 1455 1815 1829
261 1 664
1544 1 421
1727 2 577 1085
1832 2 1607 1863
1298 1 105
1548 1 967
1851 3 339 406 665
1117 3 120 312 469
1654 1 1068
1494 3 1203 1475 1845
1829 2 944 1438
1342 2 638 1267
1446 3 177 398 1614
1449 3 398 946 1805
116 4 726 802 1389 1975
389 2 694 969
1159 1 1083
1289 4 106 857 1176 1279
99 1 281
1641 1 396
1169 1 252
540 4 382 1106 1110 1808
1653 1 491
1661 1 1429
1705 3 737 1103 1804
1403 3 696 788 1122
936 2 132 1883
914 3 538 1201 1419
758 1 268
1623 3 35 1134 1933
30 2 776 1795
633 2 184 913
42 2 638 1621
786 1 559
1526 1 1985
225 3 219 1527 1557
697 2 934 1162
1658 1 79
906 1 715
1395 3 441 533 1490
44 2 451 1236
825 1 180
1834 1 1839
997 3 402 500 1338
472 1 1558
1691 2 198 1071
1024 1 1477
1891 5 291 1378 1441 1737 1850
487 2 460 559
921 2 747 1333
695 2 1039 1314
1344 2 912 1886
3 2 396 650
715 1 757
1184 2 346 1871
1877 1 299
1015 3 839 1543 1573
71 2 1126 1401
162 2 41 451
854 2 92 882
1271 2 743 1161
48 1 700
670 2 991 1814
883 1 1039
253 1 1180
331 1 407
479 2 586 587
1369 1 1034
1085 1 651
379 1 1199
608 1 176
596 1 1190
67 3 1329 1600 1696
348 2 312 627
1333 2 788 1274
471 1 693
1821 1 1567
1881 1 1501
561 1 1242
782 2 584 690
629 1 1187
69 2 963 1376
160 2 529 1678
507 2 266 1043
448 2 1474 1851
1651 1 1914
4 4 117 1169 1319 1543
1482 2 16 1080
1227 1 1931
541 2 792 1760
564 2 240 1362
492 2 104 840
110 1 910
1191 3 184 523 1690
175 2 1092 1987
1672 1 342
336 3 161 934 1147
1746 3 314 1522 1945
1436 1 1383
366 4 288 446 1651 1970
1078 2 291 967
1487 2 263 1962
1928 2 506 946
651 3 878 1738 1797
1529 3 82 315 506
885 3 697 1205 1553
1652 2 1210 1751
814 2 300 1480
780 1 129
144 2 1712 1804
418 2 273 1986
916 4 303 810 1349 1767
1441 1 651
880 2 299 1150
849 2 277 533
275 1 355
1806 4 211 1230 1765 1789
1367 2 985 1725
615 2 275 530
367 2 200 1881
1412 2 278 1831
497 4 479 1367 1749 1802
1144 1 921
760 3 288 1463 1681
323 1 1715
263 1 1903
1904 2 1454 1636
680 2 744 1400
1574 2 720 963
1443 2 240 1908
890 2 73 424
982 2 1625 1741
787 1 407
1901 2 494 1156
1208 4 60 219 341 1975
1475 2 737 1396
417 2 572 1483
641 1 755
272 2 402 465
1276 2 1150 1200
845 2 469 904
1419 1 722
897 1 485
1291 2 1155 1334
566 2 122 1463
1461 2 917 1161
717 1 73
569 2 752 1824
59 3 604 846 1578
510 4 279 573 1606 1950
1453 1 1701
1174 2 554 722
157 3 418 1152 1347
333 2 846 876
1088 1 1209
1510 2 437 908
682 3 836 1542 1643
521 2 987 1137
499 2 1378 1808
370 1 1377
40 1 1978
742 2 155 1933
369 2 376 540
1053 1 296
280 1 1155
1250 4 82 361 526 656
1386 1 1581
1017 3 608 812 956
1542 2 728 1007
617 4 251 584 908 1501
514 2 729 778
1141 2 105 1953
952 1 796
1902 1 812
1798 2 360 803
153 1 1286
391 3 94 550 1429
1570 2 1323 1595
917 3 837 1213 1633
247 2 747 1595
1056 3 1182 1665 1790
709 1 602
1397 1 1847
1917 2 608 1916
1912 1 1845
1153 1 1795
459 1 1187
1768 2 1829 1981
103 2 515 794
1737 3 419 1181 1861
165 1 1156
877 5 2 231 1117 1362 1752
426 1 187
1565 2 664 1343
926 2 548 915
667 2 622 1746
618 2 1548 1701
1669 1 1747
1074 2 440 1382
1894 2 1706 1802
1816 1 897
173 5 58 112 245 261 1196
357 1 582
871 4 519 1378 1547 1900
500 1 44
282 3 773 1498 1737
82 2 421 1295
320 3 114 811 1658
1111 1 1782
704 1 945
1519 2 554 921
393 3 425 768 1489
1797 2 34 1402
531 3 1736 1746 1819
822 1 187
1882 2 1154 1691
1139 5 727 1431 1460 1781 1975
1057 3 1032 1645 1725
1464 2 704 1109
665 2 1191 1636
1151 2 602 1243
664 1 236
1368 1 803
151 2 60 358
818 2 1647 1893
1120 1 480
145 2 381 1402
1350 2 410 434
611 1 1472
1332 2 339 1856
361 1 470
1316 1 929
1023 1 1504
1469 4 252 963 1271 1550
1392 2 564 1272
231 1 310
198 3 720 938 1945
1601 1 671
58 1 1239
920 2 1182 1198
305 2 1212 1421
1349 3 624 1169 1823
1158 1 220
1279 2 811 1828
1582 2 403 1049
832 2 1163 1664
181 1 83
1615 3 224 500 1137
1803 1 1937
817 1 1054
671 2 703 1678
934 2 785 1799
801 3 158 564 1151
1620 3 5 693 1283
1670 1 51
79 2 198 461
1107 2 98 1871
1698 2 908 956
1364 2 660 1593
464 3 1137 1324 1986
105 881 236 1570 1783 1311 1321 1153 1833 805 245 703 660 1068 129 60 46 797 162 44 353 1883 1764 542 15 159 1165 705 1151 1296 833 1363 1367 1484 1310 661 1767 1950 840 1944 147 989 135 223 1860 1412 1040 1355 1325 1137 858 958 236 462 1361 1809 2 984 1922 1417 137 1186 1678 1958 1268 758 471 1863 105 1749 347 312 155 1874 1947 1389 765 487 894 360 1800 725 637 1464 479 1595 1466 1512 886 252 94 361 1267 905 469 1667 963 1002 1079 425 1878 677 456 1830 616 480 888 463 1022 773 119 1729 281 778 716 848 761 357 1746 329 251 767 392 220 1537 295 647 499 98 1196 109 1895 342 377 1611 1926 841 1962 1182 1419 527 1739 1508 1461 1799 752 690 142 452 331 75 220 1222 388 1824 1400 1723 657 161 26 1135 234 1908 1387 112 1296 1494 577 1565 1131 1738 785 1267 1789 1407 1139 1824 504 1279 1930 563 292 883 1516 388 1114 43 535 986 1545 817 761 722 236 1439 1404 1328 917 123 1556 593 375 500 510 156 460 987 1031 850 1147 1472 1737 235 396 719 1697 300 534 436 1910 1617 1426 924 1050 1863 627 572 622 821 1656 1721 1602 385 1173 1754 700 419 1772 842 120 593 1421 1144 603 1964 796 205 1886 668 899 1340 592 376 1699 1900 1731 1611 1183 1910 1593 29 1851 793 302 1880 1665 1970 560 1660 1068 485 229 769 986 1303 1320 606 625 1383 625 777 1926 346 1869 16 1845 599 484 1349 461 29 894 549 1127 1156 1417 785 1518 43 1651 1756 128 77 266 36 293 1754 1143 533 1037 1625 1733 1634 737 1080 1234 1165 1887 250 1459 742 20 1793 579 30 407 1671 148 1521 1116 1236 1137 837 1691 1576 945 530 1665 700 465 636 1626 1104 575 1011 1284 1712 1190 1460 400 86 512 668 1611 1718 405 1061 418 1640 812 1407 230 236 651 1073 1706 279 1510 463 497 1314 755 1510 982 233 1241 1272 5 1583 1117 1645 1271 43 1665 560 1376 712 866 1938 1081 1303 584 1715 847 991 1814 1378 406 1538 136 1110 489 624 1326 1168 737 564 1681 656 1914 264 548 1048 1048 1181 198 1937 1183 1326 1357 1340 207 79 915 725 1083 688 1195 811 508 710 1339 1553 1438 1201 1409 587 1782 1254 1190 1639 960 1498 1572 35 582 552 215 940 840 1600 1205 1243 481 1977 883 295 1476 383 1377 1035 1452 566 634 1258 7 7 1033 101 1550 1399 654 1501 843 1132 1096 1676 1087 1310 542 1006 1795 128 1616 1861 1353 1429 1673 1884 1558 1699 256 1728 1809 962 1767 1128 93 1997 923 548 1725 1395 523 1817 697 1613 183 36 1861 1756 1496 293 75 1440 18 1563 124 1741 1848 1267 642 1489 1730 1176 1436 1316 1720 527 1659 1939 226 441 1657 398 1519 1650 1613 1046 1565 1251 1335 1546 584 229 1163 403 1699 276 1704 1920 1872 1776 1716 1886 1802 1847 466 1987 769 355 182 1283 746 1648 1099 1461 1644 1194 1461 1706 1071 933 638 1479 1970 71 1606 641 1055 1640 1143 131 1595 1709 1327 1399 756 105 1055 1106 732 642 1724 1175 947 241 1542 735 468 1177 808 650 318 1134 106 679 195 1382 1507 1477 707 1164 1843 1503 1557 728 1438 316 1561 646 1567 729 405 1216 595 1666 176 648 1805 1801 1286 960 1598 1054 662 445 926 109 810 1520 715 1222 1644 1764 554 878 1279 910 1480 1683 643 264 465 5 10 1984 1043 996 397 350 926 1039 1437 313 369 114 154 793 565 1712 1198 754 1843 494 44 1386 887 1103 1180 48 1270 1495 657 834 1826 340 1871 1211 344 3 314 1772 1978 199 611 227 744 1262 460 116 559 1836 671 1191 1309 845 1793 1440 1803 736 701 1911 1075 1787 823 762 1781 1823 1434 55 92 697 510 1421 1041 1978 551 684 694 256 97 177 655 902 366 1822 586 1542 946 941 481 157 765 1606 1695 1270 1091 1984 1093 1622 499 294 847 1283 1287 1893 283 1914 754 1079 1792 1121 1855 1976 721 956 928 1333 1621 1179 1255 795 1709 1581 233 1510 604 1480 127 1154 1240 1625 1686 13 160 212 600 627 1827 732 1880 1003 388 1114 1155 1935 318 1174 773 1049 1857 1122 1981 487 29 1173 1309 1584 1986 656 232 1948 1064 381 1185 1043 1955 1078 682 881 462 412 625 361 1864 718 1747 1080 358 1314 1728 1669 598 1441 990 1578 553 177 940 1306 204 1041 1602 1528 269 1191 1341 345 780 924 1016 935 34 66 1187 1770 1109 47 1485 540 1212 1135 1338 1881 842 232 157 77 1477 96 871 925 273 392 1153 933 82 582 717 62 431 524 1059 1686 1438 291 1351 1284 1525 835 1516 619 1950 1643 421 1955 1853 1850 1665 1293 499 872 299 463 506 592 1170 1633 1602 802 665 991 1650 1761 998 134 1948 334 1470 1721 726 629 1110 246 1394 812 504 695 1938 915 1760 582 1093 1846 1555 1230 1851 374 450 1041 407 298 1279 595 930 1847 831 1402 500 1090 944 1130 934 449 912 536 341 546 213 491 876 1828 1867 1664 1041 1763 696 625 203 637 1625 1872 470 1523 1421 302 810 927 280 538 1242 1704 906 810 375 1396 772 641 1722 3 26 803 18 719 1390 785 163 1056 1108 1549 1434 1238 457 722 369 66 1311 342 241 493 1032 634 331 1203 1692 1033 1442 1751 1455 293 1429 258 187 446 681 1576 211 1494 1598 546 965 907 1095 808 1808 510 1995 847 1657 1095 1279 1904 1091 1463 817 479 1625 55 1393 1875 1182 1356 203 1001 282 1156 105 711 403 1550 148 1339 433 1565 1239 1723 1981 142 1692 714 860 1270 945 1742 1204 98 1092 788 1199 547 850 456 1518 241 1988 1470 884 1161 1545 451 898 1116 921 1765 792 873 22 1749 1481 1786 1446 1548 637 1741 1718 816 262 1016 1426 129 1028 1004 1641 1488 1627 1120 623 673 1164 989 6 186 665 1349 1299 88 356 1296 1352 347 659 882 1042 1267 240 1658 1819 1378 395 1142 255 1923 1112 181 1567 894 913 187 714 1890 567 1740 806 580 86 839 1119 1121 1430 1522 703 1313 984 18 850 727 1129 224 792 1324 1041 110 897 1682 1949 1624 823 1815 1717 1141 629 1748 883 1213 651 1287 413 1101 1228 1797 370 1767 983 549 1288 1247 780 1036 1779 1160 1930 1445 1918 1242 1332 1364 231 1377 904 1334 1404 310 629 329 1804 650 1328 1479 1888 895 437 254 804 1941 920 118 215 833 1364 697 1216 434 933 446 954 1504 1615 469 802 1389 1254 1055 274 1916 1003 53 1231 492 1471 402 1347 938 1222 1634 73 1319 1789 1475 1425 227 223 508 1270 1029 1359 1469 1707 1181 1901 1701 293 241 1137 390 537 369 1486 941 1138 1853 1546 443 1265 1401 291 1051 782 169 1635 1950 1433 1095 664 1708 1657 594 1018 848 1267 268 406 77 1866 866 552 1342 1416 1884 1749 905 1749 1478 1327 1669 132 202 1102 1800 1078 1095 391 648 1614 424 1198 1917 296 1178 1607 1805 512 1559 967 547 1018 225 419 1007 1834 776 376 1427 1744 182 755 1635 837 272 1604 230 1352 1798 231 1292 376 98 1738 1933 338 386 1247 1900 819 1126 303 1606 1945 1696 1992 1472 831 1203 1918 1527 1676 1629 1617 1362 38 187 130 124 1547 752 1463 443 693 1465 149 1520 1522 909 811 610 560 1944 1427 1327 743 489 1635 989 1946 211 1426 1849 1643 673 1516 325 727 1660 1300 1163 1960 192 554 1286 338 696 782 1209 314 420 1579 969 866 1387 1412 228 66 608 1475 692 230 1772 170 820 1470 810 1543 1108 1330 652 1377 968 602 581 281 381 1417 1525 1953 1243 990 58 1552 425 1 263 122 1767 208 585 963 367 106 1323 1440 824 1119 1412 1130 348 1697 489 37 158 1488 1459 1488 1059 1939 1309 1347 606 1323 1150 587 1474 1975 1303 1681 180 1445 1183 137 1548 163 484 882 523 925 140 580 219 1842 257 529 945 1584 1840 556 470 449 1321 1790 810 519 944 1519 1490 278 1604 1945 1169 244 1439 1983 489 139 1831 1480 646 1367 1367 657 1283 317 1153 580 1313 831 784 1985 732 1273 1156 1301 436 260 1274 638 755 1250 1430 520 1970 114 1385 1068 1790 550 1715 1483 292 1309 1149 671 1342 1702 1153 1424 49 1513 852 1071 666 478 34 1223 1736 1527 613 672 149 1559 1904 211 275 834 410 370 493 737 1496 1429 1347 1985 1162 857 712 725 1847 465 1561 1908 502 88 647 1918 1904 170 571 1398 866 638 985 86 1606 90 1924 1728 1856 1743 288 1088 232 1606 50 1949 1507 1037 136 1786 1851 1593 187 1585 822 1209 1401 497 716 1045 1188 1805 566 51 142 1795 1180 1392 214 277 178 690 1598 1149 704 1633 1690 627 99 1631 1469 1042 1805 1351 736 768 1933 1322 1752 1696 673 1306 167 1034 1778 512 1145 526 692 1789 945 934 1563 89 255 1746 1656 81 1773 753 344 746 1053 258 1861 1668 118 563 307 1140 1377 11 106 1888 33 299 192 1563 958 387 1325 1784 537 241 1875 880 1721 486 1863 1844 200 1704 443 83 1980 1941 1607 1334 62 884 242 1810 73 287 1775 58 681 1217 256 1470 1555 352 824 1672 1203 1371 1763 1510 408 371 1397 1714 1960 837 836 1723 1356 1641 231 244 67 757 1740 1390 1750 31 1814 584 1778 749 1960 170 532 1677 25 1730 1295 388 440 1006 406 1103 1085 396 929 315 582 524 128 1527 994 1983 41 471 607 1718 883 764 1564 1932 1946 215 1757 996 726 908 1456 1052 552 1914 121 1434 913 1836 1450 1607 260 720 1897 1467 1177 1477 1129 181 507 26 1872 275 1385 1754 1186 1027 155 255 160 830 1337 1839 87 1439 1647 1057 1040 1636 573 1343 1110 1534 1999 334 1743 1134 837 224 999 769 769 1333 624 8 1866 1458 614 656 801 1630 821 349 1388 47 872 1521 1316 1328 1112 1917 1573 1769 1607 884 1805 261 1210 1200 1629 1654 1187 1729 387 485 250 1431 437 1021 309 608 69 1802 1931 1235 1364 448 1329 1454 1050 169 1616 471 9 794 1433 126 1152 1425 1037 1110 1897 575 124 721 1992 271 128 1854 65 184 286 1329 737 1405 1930 1631 1019 117 1169 515 373 996 1911 422 1725 1542 1811 100 1267 858 846 798 846 348 1697 812 104 339 632 867 1772 388 1448 1551 1135 410 345 1997 962 803 177 747 231 485 1416 103 1782 1737 1829 456 1903 1506 603 112 471 1768 345 772 1448 1097 1515 249 1980 382 1919 864 848 1686
