2000 1999
702 1 5
1080 4 4 6 7 10
1898 2 6 9
715 6 0 1 2 3 8 9
1890 4 3 5 8 9
415 2 5 7
1667 6 0 2 4 5 7 10
271 7 0 1 2 4 5 8 10
594 3 1 3 8
1595 7 0 1 4 5 6 7 9
540 7 1 3 4 6 7 9 10
388 7 0 2 3 5 6 7 9
906 2 1 10
1877 4 0 1 3 5
1757 9 0 1 2 3 4 5 7 9 10
938 7 1 3 5 6 7 8 10
1461 4 0 4 7 10
1389 3 1 9 10
103 6 3 4 5 6 9 10
1996 6 1 3 4 5 7 9
1798 2 2 3
937 6 1 2 4 5 8 9
1296 4 2 4 6 9
999 1 9
374 7 1 2 4 5 6 7 9
180 3 4 6 8
65 2 7 9
1407 5 0 1 2 4 8
363 2 3 10
1988 9 1 2 3 4 5 6 8 9 10
892 5 3 5 6 8 10
387 6 2 3 4 5 7 10
125 6 3 4 5 6 9 10
1619 6 2 3 5 6 7 8
214 2 0 6
253 1 7
602 3 2 5 6
1468 7 0 2 3 4 5 8 9
578 5 4 5 6 7 9
1428 2 9 10
94 2 5 6
942 4 2 4 6 7
1263 3 0 1 2
1333 4 0 1 4 6
1959 3 6 8 9
309 6 1 2 3 4 6 8
1875 3 0 1 10
116 2 5 6
1637 4 1 4 9 10
275 5 2 3 4 6 8
720 4 0 3 7 9
231 2 3 6
76 8 0 1 2 4 5 6 7 10
1860 4 0 1 4 10
1076 3 4 5 8
788 4 2 6 8 9
1223 10 0 1 2 4 5 6 7 8 9 10
1361 3 2 5 6
956 8 2 3 5 6 7 8 9 10
1737 2 8 10
116 3 5 6 8
889 11 0 1 2 3 4 5 6 7 8 9 10
636 5 0 1 2 3 10
849 4 0 3 9 10
1685 7 0 3 5 6 7 8 9
1841 4 0 1 6 7
179 2 7 8
973 6 2 4 6 7 8 10
56 7 2 3 4 5 6 7 8
1063 6 0 2 3 7 9 10
1960 6 0 3 5 7 9 10
1598 5 0 1 4 5 10
1608 5 0 5 6 8 10
203 4 1 3 5 9
146 4 0 3 4 10
1600 7 0 1 2 6 7 8 10
439 7 0 1 3 5 8 9 10
169 5 1 2 6 7 9
1157 6 1 2 4 7 8 9
1496 3 1 3 9
404 7 0 1 2 5 6 9 10
1492 6 1 2 6 7 8 10
1651 5 0 1 4 6 7
853 9 0 1 2 3 5 6 7 8 10
39 2 1 4
380 4 3 5 6 10
141 1 0
602 3 4 5 7
997 6 2 3 4 5 8 10
488 3 1 3 9
1272 6 0 1 3 4 5 8
1352 5 4 6 7 8 10
1792 5 5 6 7 8 9
436 4 2 3 9 10
916 3 0 4 10
1430 3 1 3 5
1375 3 6 9 10
968 3 2 6 8
1411 3 5 6 8
1491 6 1 3 5 7 9 10
1286 5 1 4 5 6 7
807 3 0 4 9
1634 5 1 2 5 7 9
297 6 2 3 6 7 8 9
1885 4 2 4 5 10
1493 7 0 2 3 4 5 6 8
1751 8 0 2 3 4 6 8 9 10
1489 3 1 3 4
1395 6 1 4 5 6 8 9
1104 4 0 6 7 10
703 3 5 7 10
1611 6 0 3 5 7 9 10
1171 2 1 3
503 4 4 7 9 10
710 4 0 5 6 8
171 6 5 6 7 8 9 10
1402 5 0 5 6 7 9
1211 2 2 7
1628 9 0 1 2 4 5 7 8 9 10
1604 7 0 1 5 7 8 9 10
1176 8 2 4 5 6 7 8 9 10
72 3 5 7 9
1429 3 5 9 10
1128 2 1 6
1402 4 1 3 7 8
1023 8 0 1 2 3 5 7 8 10
1737 4 3 6 9 10
229 4 1 4 9 10
1632 4 1 4 5 10
1918 9 1 2 3 5 6 7 8 9 10
187 3 1 5 8
1708 6 0 1 2 5 7 9
387 3 0 7 10
1178 7 0 2 3 5 7 8 10
1821 3 0 5 10
58 1 6
1793 3 1 5 8
1610 7 0 2 3 6 7 9 10
1302 6 1 2 3 4 6 8
1640 8 1 2 3 4 5 7 8 9
1234 4 0 2 4 9
1493 3 1 6 10
1860 4 0 1 6 7
1128 7 0 1 3 4 5 8 9
1730 4 2 4 5 7
705 2 5 8
1155 4 3 6 7 10
41 7 2 3 5 6 8 9 10
1518 5 0 4 5 7 8
275 7 0 3 4 6 7 8 9
1420 1 1
1002 5 2 6 7 8 9
201 2 9 10
1831 3 1 2 3
1856 4 2 5 6 8
1734 7 0 2 5 6 7 8 9
792 3 1 4 5
502 2 1 4
940 6 1 3 5 6 7 10
1309 7 1 2 3 4 6 9 10
352 4 6 8 9 10
131 8 1 2 3 4 6 7 8 9
1389 3 2 5 6
261 4 1 3 5 10
476 7 0 1 2 3 4 7 8
1679 7 0 3 4 5 7 9 10
275 6 0 2 3 6 7 9
394 5 0 1 5 7 10
1691 5 1 4 5 8 10
1550 3 5 8 9
1031 4 0 1 4 9
1945 4 1 7 8 9
506 3 3 7 8
425 4 0 3 4 9
689 6 1 3 6 7 9 10
1950 7 0 1 2 3 7 9 10
118 5 1 4 6 7 8
1278 5 2 4 5 9 10
720 4 1 3 4 6
1389 5 1 6 7 9 10
1766 2 0 4
1963 7 0 1 2 5 6 7 9
862 5 1 2 4 8 9
619 7 0 1 4 6 7 9 10
1683 4 1 6 7 8
1769 7 0 2 3 4 5 9 10
346 8 0 1 4 5 6 8 9 10
233 7 1 2 3 5 6 8 10
804 7 0 1 5 7 8 9 10
517 6 1 2 4 5 6 9
823 6 1 2 3 4 5 9
1493 2 0 2
1506 6 0 1 2 3 4 9
1958 3 2 6 8
197 4 3 5 6 7
809 8 0 2 3 6 7 8 9 10
1979 2 0 10
1792 5 0 1 2 4 8
1526 3 5 6 8
1410 1 9
1171 6 0 3 5 6 9 10
726 5 0 2 3 7 10
1225 6 0 1 4 6 8 9
973 6 0 2 3 6 9 10
243 3 3 9 10
510 7 0 1 5 6 7 8 10
1218 5 0 1 2 3 5
328 3 0 5 8
1274 2 1 6
707 3 6 9 10
1148 3 2 5 9
1860 3 0 9 10
1757 2 8 10
1302 5 0 4 5 6 7
1183 6 1 2 4 5 7 10
725 9 0 2 3 4 5 6 7 9 10
229 2 0 9
678 6 0 4 6 7 8 9
1842 6 0 2 4 6 7 10
1995 7 0 2 3 5 6 9 10
1890 5 3 5 6 8 9
1346 6 0 1 3 4 5 6
1708 4 0 3 5 9
480 3 1 2 7
1610 4 1 5 8 10
1155 2 6 10
1110 4 0 3 6 10
645 5 0 1 3 8 10
892 7 0 1 3 5 7 8 10
320 3 6 7 10
200 4 0 2 6 10
636 3 5 6 10
1443 9 0 1 2 3 4 5 6 8 10
163 4 3 4 6 8
1204 4 1 6 8 9
397 6 0 1 2 3 8 9
495 8 0 1 2 6 7 8 9 10
717 4 2 3 5 6
1373 4 1 5 6 8
1126 4 1 3 4 7
51 3 3 8 9
3 7 0 2 3 5 6 7 8
787 6 2 3 4 5 7 8
381 4 2 5 7 8
1825 7 0 2 3 5 7 9 10
1734 7 2 3 4 5 7 9 10
1709 7 1 3 4 7 8 9 10
1398 7 0 1 2 3 4 6 7
1374 4 2 6 7 8
65 3 0 2 10
138 5 1 4 5 6 8
1568 5 2 3 4 5 9
181 2 3 8
926 2 1 4
1188 6 1 2 5 6 7 10
917 7 0 1 3 6 8 9 10
857 10 0 1 2 3 4 5 6 7 9 10
1608 7 1 4 6 7 8 9 10
781 3 2 6 10
1096 2 2 6
115 3 2 3 5
278 7 0 1 2 3 5 9 10
1127 6 0 1 2 3 4 5
709 4 2 3 4 8
1436 6 0 2 3 4 5 7
535 5 0 7 8 9 10
1407 4 1 2 3 9
189 3 0 3 9
372 5 4 6 7 8 10
1048 4 2 4 5 10
1804 4 0 2 5 8
838 5 4 5 6 7 8
131 7 3 4 5 7 8 9 10
948 5 0 1 2 3 4
1067 2 8 10
1819 6 0 1 2 4 8 9
795 4 0 3 7 9
464 1 2
956 1 8
35 5 1 2 3 5 6
1668 4 1 2 5 9
416 5 0 2 3 4 5
1845 4 0 3 4 7
327 3 2 3 9
1431 6 2 3 4 7 8 9
229 8 0 1 2 3 4 6 7 8
1145 9 1 2 3 4 5 6 8 9 10
1783 4 3 4 5 8
786 5 1 4 5 8 9
346 6 0 1 2 6 8 9
1133 6 2 3 4 5 9 10
1995 7 0 1 3 5 6 7 10
1188 4 0 3 7 10
808 4 5 7 9 10
883 8 0 1 2 3 5 7 8 10
805 4 1 4 6 10
535 3 0 4 7
1448 7 0 1 4 5 6 8 9
602 3 2 8 10
623 5 0 3 6 7 10
26 2 6 9
783 5 2 3 6 7 9
1085 3 2 3 10
1059 6 1 2 6 8 9 10
1236 6 0 2 4 7 8 9
1358 2 0 2
1407 5 0 3 5 7 10
1160 5 1 2 3 6 8
1959 1 5
723 5 3 5 7 8 10
1798 8 0 1 4 5 6 7 8 10
253 7 0 1 3 4 5 6 10
403 8 0 1 2 4 5 6 8 9
1765 6 0 3 4 5 8 10
777 5 0 5 6 8 9
1740 9 2 3 4 5 6 7 8 9 10
185 6 2 3 4 5 6 10
367 3 0 3 6
1998 2 2 3
1531 4 1 2 8 9
180 6 0 5 6 8 9 10
1033 4 0 3 8 9
1023 3 0 4 7
1035 5 2 3 4 9 10
116 5 0 4 7 9 10
327 4 3 7 9 10
899 3 0 4 6
1723 5 1 2 3 5 10
696 5 0 1 3 7 10
287 3 2 3 5
783 6 0 1 3 4 9 10
309 7 1 2 3 4 5 6 7
1908 3 1 2 10
61 11 0 1 2 3 4 5 6 7 8 9 10
1511 5 0 1 3 5 9
1608 5 4 5 7 9 10
928 5 1 2 3 5 10
845 3 0 2 10
398 5 4 5 6 7 9
1685 3 3 4 7
530 4 2 5 6 10
275 4 0 2 4 10
1934 1 4
717 3 2 3 5
290 6 0 1 5 8 9 10
1685 5 4 5 7 8 9
1260 5 1 2 7 8 10
1719 1 4
1437 3 1 4 9
904 2 2 10
933 4 3 4 5 7
1708 5 0 1 2 3 4
379 4 0 3 6 7
1155 4 2 3 5 7
698 6 0 2 5 6 8 10
721 3 1 3 4
451 4 1 2 8 9
1670 3 0 3 6
203 4 0 1 4 10
970 4 1 2 4 6
889 5 0 6 7 9 10
747 4 4 7 8 9
623 7 0 1 3 4 5 8 9
1122 4 0 3 9 10
1517 9 0 1 2 3 5 6 7 9 10
195 5 1 3 4 6 9
714 6 1 2 4 5 9 10
1494 7 0 1 2 4 5 9 10
1477 8 0 3 4 5 6 7 8 10
1697 3 5 6 7
708 4 2 6 8 9
512 3 1 5 8
1645 4 3 5 6 9
412 6 0 4 5 6 9 10
1254 4 1 5 7 9
1410 5 0 1 2 4 6
871 4 1 2 6 7
1206 7 0 1 2 4 5 8 9
640 6 0 1 5 8 9 10
1709 4 2 6 9 10
94 4 1 6 7 9
1828 8 2 3 4 5 6 7 9 10
342 11 0 1 2 3 4 5 6 7 8 9 10
786 6 0 1 4 7 8 10
1526 3 2 3 4
1035 4 1 5 7 8
1429 5 3 4 6 9 10
1782 5 2 3 4 8 10
1917 10 0 1 3 4 5 6 7 8 9 10
104 4 1 5 6 9
520 4 0 3 4 9
1831 9 0 1 3 4 5 7 8 9 10
1420 4 2 5 6 10
1775 2 0 5
1532 5 2 4 5 6 9
1402 9 0 1 2 3 4 6 7 8 10
1115 3 1 9 10
807 8 0 1 2 3 7 8 9 10
1072 2 4 7
954 4 2 3 8 9
1988 7 1 4 5 6 7 8 9
542 4 1 3 7 9
889 8 0 1 2 4 5 7 8 9
1960 5 1 3 6 7 9
1783 9 0 1 2 3 4 5 7 8 10
494 1 10
703 3 1 7 10
787 8 0 2 4 5 6 7 8 10
1194 5 0 2 7 9 10
1668 9 0 1 2 3 4 5 6 8 10
712 2 2 6
1517 8 0 2 5 6 7 8 9 10
1375 1 1
800 11 0 1 2 3 4 5 6 7 8 9 10
1026 2 7 8
1285 8 0 1 2 3 5 7 8 9
138 2 1 6
1331 6 2 3 6 7 9 10
1732 3 3 7 9
684 6 0 2 3 4 7 10
1667 3 0 1 5
1797 2 4 6
436 3 4 7 9
985 2 3 7
704 7 2 4 5 6 7 9 10
1202 3 0 3 7
294 4 5 7 8 9
1922 4 4 8 9 10
1617 2 5 6
374 3 1 3 7
763 6 0 1 3 5 6 10
1023 2 4 9
85 2 4 8
560 4 1 2 4 9
74 6 0 3 5 6 8 9
1685 4 0 2 5 8
442 4 4 7 8 9
150 3 0 2 6
1703 2 4 6
1960 3 0 6 8
1261 4 0 5 9 10
847 5 2 3 6 7 9
1305 4 1 3 5 6
207 3 0 7 9
1357 2 0 7
361 5 2 5 6 8 9
1913 2 0 4
1355 4 2 4 7 9
1116 2 9 10
178 1 2
1634 8 0 1 2 3 4 5 9 10
566 4 2 4 6 10
589 5 4 5 7 8 10
1244 6 1 2 5 6 8 10
1885 2 1 9
1721 5 1 3 4 6 7
1427 3 4 7 10
641 6 0 1 2 3 5 9
869 4 0 3 4 9
1140 4 1 3 6 7
1917 9 0 1 3 5 6 7 8 9 10
429 8 0 3 4 5 6 7 8 10
226 5 3 4 5 7 8
1679 7 0 3 4 6 7 9 10
554 2 3 8
478 6 0 1 6 7 8 10
496 4 1 2 7 9
861 8 0 1 2 5 6 7 8 9
773 4 5 6 9 10
1096 4 3 4 6 8
1551 6 1 3 5 6 7 10
1292 5 3 4 6 9 10
763 2 4 6
1774 5 1 4 5 6 7
1473 1 3
364 7 2 3 5 6 7 9 10
733 5 0 3 5 8 9
1897 9 1 2 3 5 6 7 8 9 10
659 5 1 5 6 9 10
1132 2 4 5
1877 5 3 4 5 9 10
1736 6 0 5 6 7 8 10
1068 8 0 1 2 3 4 5 9 10
1372 2 4 5
703 4 1 5 6 9
1372 6 2 3 4 7 8 9
1739 5 0 2 7 8 9
1347 3 0 7 10
187 3 1 3 7
1592 3 5 7 9
144 8 0 1 2 4 5 6 8 9
248 5 0 6 7 9 10
1563 4 2 6 7 8
890 5 1 3 5 9 10
1652 7 1 2 3 4 5 6 10
989 4 0 3 6 9
1825 3 5 6 10
1164 2 7 9
266 5 1 2 6 7 8
1350 9 0 1 2 3 5 6 8 9 10
1990 4 1 7 9 10
898 1 10
1176 2 3 8
1110 8 1 2 3 4 6 7 9 10
1187 6 0 1 4 6 7 8
961 5 1 2 3 8 10
187 6 1 3 5 7 8 10
1885 4 4 7 8 9
697 6 0 1 4 5 6 10
1129 5 0 2 4 7 8
764 2 0 3
1866 2 6 10
1621 7 1 2 3 4 6 7 10
1079 7 1 2 4 6 7 8 10
412 9 1 2 3 4 5 7 8 9 10
1721 3 0 3 6
275 6 1 3 6 7 9 10
1685 5 2 3 4 6 10
1293 7 0 3 5 6 7 9 10
566 5 1 2 4 6 10
335 7 0 1 2 3 6 7 9
678 7 0 1 2 3 4 7 8
1261 4 0 4 5 8
60 7 0 1 3 4 5 6 9
1939 3 6 9 10
203 8 0 2 3 4 6 8 9 10
1645 6 0 2 3 5 7 9
244 5 0 2 4 5 8
1608 5 0 1 3 7 8
527 1 7
844 5 0 1 3 4 9
550 7 3 4 5 6 7 9 10
1194 8 0 1 2 3 6 7 8 9
857 3 4 5 7
1122 3 3 7 9
1098 6 4 5 6 7 8 10
1165 6 0 3 4 5 7 9
881 11 0 1 2 3 4 5 6 7 8 9 10
1274 6 0 2 3 4 6 8
489 4 2 3 4 5
1038 6 3 5 6 7 8 9
865 5 0 1 6 7 8
636 5 1 3 7 8 9
1796 8 0 1 3 4 5 6 8 10
1130 5 0 6 7 8 10
787 4 3 5 8 10
340 5 2 4 5 7 8
1209 6 1 2 5 7 8 9
801 3 0 1 6
1856 6 0 3 4 6 7 9
1069 10 0 1 3 4 5 6 7 8 9 10
280 2 2 7
1890 1 3
578 7 0 2 3 4 5 7 9
822 6 0 2 4 6 8 10
1841 4 0 4 5 7
25 5 0 2 4 6 8
549 4 0 4 5 6
1192 3 0 5 8
1866 2 1 6
735 6 0 1 2 5 6 10
1959 5 2 3 4 7 9
1634 7 1 2 3 4 5 7 9
300 7 1 2 6 7 8 9 10
1725 8 1 3 4 5 6 8 9 10
1884 3 2 4 7
758 4 2 7 9 10
1720 6 0 3 4 5 6 7
1077 6 1 3 6 8 9 10
211 7 0 1 3 5 6 7 8
180 7 0 1 3 4 7 9 10
39 5 1 2 7 8 10
805 3 4 7 8
66 4 0 4 6 10
1309 11 0 1 2 3 4 5 6 7 8 9 10
942 5 2 3 4 8 10
979 5 3 5 6 8 10
899 8 0 1 3 4 6 7 8 10
760 3 1 7 9
1262 5 3 4 6 8 9
1269 3 2 3 8
786 2 0 3
66 2 4 5
1589 5 1 3 6 7 9
72 3 4 5 7
752 4 1 2 7 10
1443 5 0 5 6 7 10
1958 4 0 5 6 8
1026 5 0 1 2 4 9
5 6 0 1 2 3 8 9
1237 6 3 4 5 6 8 9
1829 4 1 6 9 10
1046 5 0 1 5 6 9
1890 6 1 2 4 6 7 8
1631 5 3 4 6 7 8
1023 5 1 3 4 5 9
710 4 2 5 6 8
1073 4 3 5 7 8
1595 3 1 2 4
1150 2 8 9
1428 2 7 8
900 4 0 3 5 9
1628 2 2 8
319 3 6 8 9
548 5 0 1 2 3 7
305 5 2 5 7 9 10
187 3 1 8 10
1115 4 2 5 6 9
1922 4 0 2 8 10
641 1 8
1026 6 3 4 5 6 7 8
1848 5 1 2 4 7 9
416 5 0 3 4 6 7
360 3 3 7 10
1023 6 1 2 5 7 9 10
968 4 0 6 7 9
1630 11 0 1 2 3 4 5 6 7 8 9 10
1306 3 6 9 10
642 7 0 1 3 4 5 8 10
1890 2 1 10
185 1 10
973 3 0 1 8
1029 7 0 1 2 7 8 9 10
709 3 2 6 7
1118 3 2 9 10
315 6 0 1 3 8 9 10
178 4 2 5 8 10
1677 2 4 7
604 6 2 3 5 6 7 9
1704 7 1 3 4 5 7 8 10
1806 6 0 1 2 5 6 10
705 4 1 2 9 10
328 9 0 1 2 4 5 6 7 8 10
1158 8 0 3 4 5 6 8 9 10
1685 4 0 4 6 9
1393 3 6 8 10
1307 2 2 10
1521 4 2 5 9 10
1098 10 0 1 2 4 5 6 7 8 9 10
166 4 1 2 6 7
566 3 0 3 5
1147 7 0 3 4 5 6 7 10
767 4 1 2 6 8
1226 5 3 4 7 9 10
275 4 2 3 4 6
1143 6 1 2 4 6 9 10
546 3 4 5 7
902 4 0 1 5 8
11 5 1 2 4 7 9
1572 2 1 9
1385 5 1 4 8 9 10
956 3 0 4 6
1110 2 6 10
20 4 1 7 8 10
1297 4 1 2 5 8
128 8 0 1 2 3 7 8 9 10
549 5 2 3 4 6 10
228 4 0 6 8 9
1122 3 3 8 10
1398 2 7 10
1032 2 4 10
480 6 2 3 5 6 8 9
1036 8 1 2 3 5 6 7 8 10
402 2 4 5
563 5 1 4 5 7 8
732 6 0 1 2 5 7 8
1632 5 0 2 3 4 6
645 6 0 2 3 5 6 10
1046 4 0 6 7 10
1549 5 0 2 4 6 7
1545 5 1 2 5 6 8
1915 4 0 2 6 7
281 4 3 6 7 8
1102 4 0 5 8 10
1706 5 1 2 5 8 10
359 2 3 4
1631 5 3 7 8 9 10
809 6 2 4 7 8 9 10
127 4 6 7 8 10
1718 5 0 1 5 6 7
1608 5 0 2 4 6 8
1642 4 0 1 5 7
1202 4 0 3 4 7
1257 8 0 1 2 3 4 7 8 9
912 6 3 4 5 6 8 9
1885 4 7 8 9 10
1272 3 0 2 4
1755 7 0 1 4 5 7 8 10
1763 8 0 1 2 3 4 6 7 9
1132 5 6 7 8 9 10
433 3 5 9 10
1713 6 3 4 5 6 7 10
824 6 0 3 4 5 6 10
1506 4 3 8 9 10
1094 4 3 5 8 10
228 9 0 1 2 3 5 6 7 9 10
1226 5 0 1 5 6 7
1297 3 4 6 7
1819 2 3 6
945 5 1 2 3 4 7
1304 4 0 5 6 8
911 5 1 6 8 9 10
712 3 4 8 10
1225 7 0 1 2 3 4 8 9
621 4 3 4 9 10
1082 4 1 5 6 7
1381 4 2 6 7 8
1002 4 2 5 7 10
809 2 0 4
578 5 2 3 6 8 10
1695 1 7
125 3 0 3 10
627 3 2 7 8
747 5 0 1 4 5 8
1091 10 1 2 3 4 5 6 7 8 9 10
926 5 0 2 3 4 8
1695 7 0 3 5 6 7 8 9
481 2 4 10
1616 2 2 8
604 1 9
1856 6 0 3 4 5 9 10
1295 7 1 3 4 5 6 7 9
678 5 0 1 3 4 10
1196 6 0 1 6 7 8 10
637 5 0 4 5 7 8
163 8 0 1 4 5 6 7 8 10
1642 6 1 3 4 5 6 9
1421 4 0 3 8 10
171 4 0 4 6 9
1871 3 0 2 10
1223 7 0 1 2 3 4 6 10
473 7 0 1 2 3 4 6 7
294 9 0 1 2 3 4 5 6 7 10
182 4 1 3 5 6
710 3 3 4 5
62 3 5 7 9
1974 5 0 3 5 6 10
1498 4 2 4 8 10
1523 4 0 1 4 8
249 7 0 5 6 7 8 9 10
435 7 1 2 3 6 7 8 10
512 3 3 5 9
1285 3 3 7 9
1000 3 1 5 9
1233 5 0 3 4 5 6
1745 3 0 3 7
131 7 0 2 4 5 7 9 10
174 3 0 7 9
1685 3 2 5 8
1237 4 2 3 9 10
814 5 0 2 3 4 7
1606 5 0 4 5 6 8
1722 4 0 3 5 10
1798 2 9 10
1550 3 3 9 10
1880 3 3 4 9
1045 5 3 4 7 8 10
1471 4 4 5 6 8
1603 3 1 6 7
132 5 1 3 4 5 6
1673 5 0 1 2 4 10
1218 1 8
115 5 0 1 4 5 9
621 5 0 1 2 6 7
429 7 0 1 2 3 4 5 7
340 5 2 3 5 6 10
1270 4 3 5 8 9
162 6 0 2 3 4 5 8
1222 5 0 2 4 5 10
668 6 0 2 5 6 8 10
428 4 4 5 8 9
343 5 0 5 8 9 10
1363 4 1 2 3 10
1471 6 0 1 4 7 8 10
227 5 3 4 6 8 9
1224 3 3 6 8
1683 5 2 4 5 8 9
1599 2 1 2
1763 2 2 9
1447 5 0 2 5 8 9
807 3 0 3 7
1656 5 2 5 6 7 8
256 4 0 4 8 10
1287 3 0 7 9
127 8 1 2 4 5 6 8 9 10
1866 2 2 8
1441 6 0 1 2 3 6 9
275 4 0 6 8 10
1433 5 2 3 5 6 8
1443 2 1 6
91 2 2 7
428 2 1 2
1319 6 0 2 3 4 5 7
1608 3 2 3 4
1780 4 3 5 7 10
277 4 0 3 4 10
954 2 0 6
1370 5 1 2 5 6 8
1443 7 0 1 3 5 6 8 10
1199 3 4 5 7
187 2 7 10
698 4 0 6 7 8
1697 4 2 4 6 7
705 4 2 6 8 10
842 3 3 7 9
1665 7 0 1 2 4 5 6 10
566 4 4 5 6 10
1483 5 0 2 5 6 7
187 2 1 10
1835 9 0 2 3 4 5 7 8 9 10
187 4 1 3 5 7
163 6 0 3 6 7 9 10
1902 3 0 3 5
1122 8 0 1 2 3 4 5 6 10
1970 4 0 1 6 9
1461 4 1 2 5 10
46 7 0 2 3 4 6 8 9
534 4 1 5 8 9
2000 5 0 2 4 6 9
824 5 0 1 3 4 8
1112 2 0 7
1671 2 2 9
812 4 3 7 8 9
1841 5 4 5 7 8 9
1944 3 3 4 5
1720 3 1 8 9
1703 4 1 3 6 8
1430 5 3 4 5 8 9
132 4 4 5 6 8
1704 5 0 1 3 6 7
966 5 5 6 8 9 10
543 8 0 1 2 3 4 7 8 10
781 7 2 3 4 5 6 7 10
1831 3 4 7 10
1296 4 0 3 4 10
745 2 7 8
811 5 0 4 7 8 10
1472 8 0 1 3 6 7 8 9 10
31 4 2 3 7 10
1946 8 0 2 3 5 6 7 8 9
1681 8 0 2 3 4 5 8 9 10
942 3 2 6 10
849 3 1 3 7
1398 6 1 2 4 5 7 10
1719 8 1 2 3 4 5 6 9 10
141 4 0 1 8 10
1375 2 5 6
1168 3 1 4 9
1263 5 1 5 7 9 10
889 4 4 6 8 10
1659 2 4 9
1389 2 3 9
186 7 0 1 2 3 7 9 10
1350 3 0 1 3
667 5 1 3 5 8 9
752 5 0 3 4 5 9
201 4 2 4 7 10
324 3 1 2 3
1438 2 0 4
162 4 2 3 7 10
1762 8 0 1 2 3 4 6 7 8
115 5 4 7 8 9 10
533 8 0 1 5 6 7 8 9 10
1541 5 1 2 3 5 9
1695 4 1 3 5 10
971 6 1 5 7 8 9 10
725 2 3 5
1282 3 1 5 8
1983 3 5 6 9
1679 4 0 1 4 10
621 6 1 2 4 7 8 9
697 4 0 4 6 10
417 6 0 2 4 5 8 9
1946 6 2 3 4 6 9 10
300 5 1 2 3 5 8
1130 7 1 2 3 4 5 6 7
1927 9 0 1 2 4 5 6 7 9 10
1930 8 0 2 3 4 5 6 7 8
1792 6 1 2 3 5 7 9
913 4 0 6 8 10
1088 7 1 3 4 5 8 9 10
125 4 0 6 7 9
1434 4 0 4 5 6
1011 8 0 3 4 5 6 7 8 9
901 6 0 2 3 4 5 6
992 9 0 1 2 3 4 6 7 8 10
1235 7 1 4 5 6 7 9 10
1205 5 0 3 5 6 10
1865 4 0 1 4 6
889 4 0 3 7 8
1318 5 0 2 6 7 9
916 4 0 3 4 5
1091 6 1 3 4 5 7 9
1082 4 1 3 4 8
922 1 7
1504 5 0 2 4 7 9
1243 3 0 4 9
1353 6 3 4 6 7 8 10
1908 3 3 6 7
163 3 2 3 5
900 8 0 1 2 3 4 7 8 10
1769 5 2 4 5 6 7
513 4 1 2 6 10
1988 4 2 3 5 9
97 6 3 4 5 6 8 10
1561 8 0 2 4 5 7 8 9 10
229 6 3 6 7 8 9 10
1371 5 0 2 8 9 10
1792 4 1 2 7 8
548 4 2 5 7 10
566 3 1 7 8
1792 2 1 8
1176 5 0 1 4 7 8
1003 5 0 3 4 6 8
1187 5 4 5 6 8 9
187 6 2 3 4 7 9 10
543 7 0 1 3 4 6 7 9
332 8 0 1 3 4 5 6 8 10
42 5 0 1 2 8 10
77 6 0 1 4 5 9 10
180 8 0 1 2 3 5 6 9 10
1003 5 0 1 7 8 9
1226 4 1 2 3 7
1344 7 0 1 4 6 7 8 10
1742 9 0 1 2 3 4 5 7 8 9
171 4 0 2 8 10
203 3 2 4 10
1187 4 4 7 9 10
1614 4 2 4 6 8
797 6 1 2 3 7 8 10
1932 7 1 2 3 5 6 7 8
1328 4 2 5 6 7
1990 1 8
1815 6 0 1 3 4 5 8
1030 6 2 5 6 7 8 9
240 9 0 1 3 4 5 6 7 9 10
46 5 2 4 7 8 10
1233 4 0 1 2 6
1402 6 0 1 3 4 5 6
1487 4 5 6 8 9
942 1 1
187 6 0 1 5 6 9 10
1379 7 3 4 5 6 8 9 10
1494 4 4 5 6 9
1783 5 0 6 7 9 10
1333 4 1 2 3 10
1648 4 0 1 3 8
248 3 5 9 10
144 6 1 2 3 5 8 10
1218 5 0 4 5 6 9
406 4 0 4 5 9
1362 6 1 4 6 7 8 10
1968 2 3 5
710 6 2 3 6 8 9 10
95 4 0 4 8 9
425 3 1 7 10
1911 6 1 5 7 8 9 10
100 3 0 1 9
1728 5 2 5 6 8 10
250 6 0 1 3 7 9 10
274 4 0 5 7 8
132 4 3 4 8 10
1730 3 0 4 9
470 10 0 1 2 3 4 6 7 8 9 10
1494 8 0 1 3 6 7 8 9 10
1793 5 0 2 3 5 9
517 3 0 2 9
180 5 4 6 7 8 10
300 3 4 7 10
54 2 4 9
1046 7 0 1 3 6 7 8 9
1438 7 0 1 3 4 5 6 9
1598 5 2 3 5 7 10
1970 2 1 10
801 7 0 1 2 3 8 9 10
811 5 0 1 3 5 8
676 3 1 9 10
940 6 1 2 4 6 8 10
571 4 1 5 6 7
496 5 0 1 2 3 5
1798 5 1 2 6 8 9
338 5 0 4 5 7 9
502 3 0 1 8
1892 5 1 2 6 8 10
458 4 0 1 4 8
1111 4 3 5 8 9
1444 5 1 3 4 5 6
1937 4 3 5 6 7
1200 6 0 1 4 5 7 10
945 6 0 3 4 6 7 8
1668 6 0 6 7 8 9 10
3 2 1 6
15 8 0 2 3 4 6 7 9 10
1864 5 1 4 5 6 10
726 7 0 1 2 3 4 6 7
1451 7 2 3 6 7 8 9 10
1532 4 3 4 6 10
498 3 0 2 10
203 5 0 3 5 8 9
1250 6 1 3 5 8 9 10
953 6 3 4 5 6 9 10
187 4 0 1 5 9
1709 6 2 5 7 8 9 10
1077 4 0 1 5 10
1733 7 0 3 4 5 7 8 9
120 7 1 3 5 6 8 9 10
858 5 0 3 5 6 10
1649 6 0 4 5 7 8 9
945 3 1 9 10
41 2 0 3
346 8 1 2 4 5 6 7 8 10
554 2 3 8
868 5 0 2 4 6 7
296 5 0 5 7 8 9
431 3 0 7 10
337 6 1 2 3 5 8 9
1189 4 1 4 8 10
60 3 3 6 10
899 6 0 3 5 6 7 9
1849 6 2 3 5 7 9 10
115 6 0 1 2 3 7 8
1147 6 0 3 4 6 9 10
1002 3 4 5 9
618 5 0 1 3 6 7
1107 5 3 5 8 9 10
1225 8 0 1 3 4 6 7 8 10
387 5 1 3 5 9 10
890 4 0 1 2 10
1261 5 0 2 3 5 6
1246 5 0 1 3 9 10
1866 1 4
1885 3 0 6 7
897 7 3 4 5 6 7 8 10
597 3 0 5 7
41 4 0 2 3 6
830 2 0 5
712 4 1 2 7 9
1263 3 2 4 7
281 1 9
1235 3 2 5 8
1575 4 0 3 6 9
1351 6 0 1 4 7 8 9
1104 4 0 1 7 10
862 2 7 8
1441 4 2 6 7 9
66 6 2 3 4 5 9 10
374 5 0 1 2 3 4
294 7 0 1 2 6 7 8 9
1767 4 0 3 4 6
562 6 0 1 6 7 9 10
1095 7 0 2 5 6 8 9 10
1483 7 1 3 4 5 6 8 10
1482 5 0 2 4 5 6
1026 3 3 5 8
1229 5 1 4 5 7 10
382 3 5 6 9
1995 3 2 3 9
1306 4 3 4 5 9
1525 7 0 1 6 7 8 9 10
73 6 0 2 4 5 7 8
1295 4 4 6 8 9
1714 4 1 4 6 10
809 5 0 2 4 5 9
607 3 1 3 10
292 5 0 1 2 3 4
1635 2 5 7
899 4 2 6 8 9
621 3 0 2 3
826 6 0 2 3 4 5 8
1201 2 1 8
1770 5 0 2 4 6 7
871 4 4 5 7 8
1783 5 0 1 5 7 8
976 3 0 8 10
204 7 0 1 4 6 7 8 10
1561 6 1 3 5 6 7 9
1591 2 3 4
652 6 1 3 4 6 9 10
1449 7 0 1 2 3 6 7 9
1020 5 0 3 4 7 9
988 7 0 1 2 3 4 7 10
892 4 0 1 3 10
945 5 3 4 5 6 7
698 4 0 5 7 10
336 4 0 1 2 8
1772 10 0 1 3 4 5 6 7 8 9 10
1916 4 3 4 7 10
1286 2 2 3
1181 5 0 3 5 7 9
1302 8 1 2 3 4 5 6 7 10
108 3 0 7 8
1531 7 0 2 4 7 8 9 10
1078 1 7
862 2 0 3
1428 2 3 4
865 3 0 3 8
865 4 4 6 7 10
1287 3 0 6 10
753 8 0 1 2 3 4 7 9 10
917 2 1 3
1826 5 3 4 5 8 9
945 7 0 1 2 3 4 5 10
939 3 3 4 9
128 4 0 6 8 10
1739 4 5 6 8 9
1244 10 0 1 2 3 4 5 6 7 9 10
256 5 0 4 5 6 10
200 11 0 1 2 3 4 5 6 7 8 9 10
700 4 2 6 8 10
1590 4 0 7 8 9
793 3 1 2 4
393 4 4 7 9 10
1148 5 1 4 5 7 10
1972 2 0 9
1263 8 0 3 4 5 7 8 9 10
948 6 0 2 4 6 8 9
988 5 2 3 5 9 10
763 2 8 10
876 3 2 6 9
1008 6 0 2 3 4 5 9
1998 6 1 2 4 5 9 10
94 5 2 4 6 7 9
428 2 0 5
754 6 3 4 5 6 8 10
1550 6 0 1 2 3 5 7
809 6 2 3 5 7 9 10
1942 7 1 3 4 5 6 7 10
1908 2 5 6
801 3 0 5 6
801 5 2 5 6 8 9
100 6 1 2 3 4 9 10
1617 7 1 3 4 5 7 8 10
131 6 0 1 2 3 6 9
1275 5 1 4 6 7 10
667 6 1 3 4 5 7 8
1263 4 0 3 6 7
902 4 0 4 6 7
1471 5 1 3 4 7 8
1347 7 0 2 4 7 8 9 10
1595 8 0 1 2 4 5 6 7 8
71 6 2 5 6 7 9 10
828 6 0 3 4 8 9 10
811 4 2 6 7 10
1689 4 0 1 2 9
1835 3 1 3 6
241 3 0 5 6
1132 3 0 1 5
1496 2 0 1
937 8 0 1 2 4 6 7 8 9
1415 5 3 4 5 6 7
480 5 0 3 6 8 10
797 7 0 3 4 5 7 8 10
253 4 3 5 6 10
369 5 0 2 5 7 9
1645 5 0 2 5 6 7
1557 3 0 2 7
74 3 6 7 8
1796 3 2 4 9
1351 3 2 3 7
328 4 1 2 5 10
747 6 2 5 6 7 8 9
1812 2 6 7
877 7 2 3 4 6 7 8 9
1358 4 1 3 7 10
1783 4 3 7 8 10
1863 6 1 3 4 6 9 10
1782 7 1 2 3 4 5 6 9
346 4 3 4 7 9
67 6 1 2 4 5 7 10
849 7 0 1 3 4 5 8 9
1456 4 1 3 6 9
684 5 0 3 4 5 6
290 3 1 4 7
1972 4 1 5 9 10
1801 3 0 1 7
1591 2 0 5
380 7 1 2 5 7 8 9 10
1945 3 0 3 6
1374 4 0 3 6 8
1311 6 3 5 7 8 9 10
710 8 0 1 3 4 7 8 9 10
1866 8 0 2 3 4 5 6 7 10
1419 6 1 4 5 8 9 10
37 3 0 1 10
735 3 0 5 6
1446 3 0 1 9
1199 5 0 3 4 8 9
907 4 5 6 8 10
384 4 2 7 8 9
824 4 0 3 4 6
1187 5 0 5 6 9 10
1739 5 4 5 6 8 10
1516 7 0 1 2 3 4 6 10
41 4 5 6 9 10
1956 3 1 6 9
1679 4 3 6 7 10
1051 4 2 5 6 8
832 7 1 2 3 4 5 7 9
899 4 2 3 4 5
1307 5 3 5 6 8 9
382 5 1 3 5 6 7
66 7 0 1 2 3 4 8 9
621 3 1 9 10
248 4 2 4 7 8
132 5 0 1 2 7 10
352 5 0 1 4 7 9
131 2 3 9
861 1 4
899 4 2 3 7 10
328 9 0 2 3 4 5 6 7 8 9
1773 6 0 2 6 7 8 9
353 4 3 5 9 10
772 6 0 2 3 6 7 8
1494 5 1 2 5 6 10
1490 4 0 6 8 10
1002 7 0 2 3 4 8 9 10
588 3 8 9 10
1002 6 0 1 2 3 5 10
1702 6 2 3 4 5 6 9
1375 8 1 2 3 4 7 8 9 10
456 4 1 2 4 5
179 6 1 4 5 6 8 10
70 5 1 2 3 8 9
1108 6 1 2 4 5 9 10
346 7 0 1 2 3 5 8 9
1194 3 1 6 10
1380 2 2 6
1100 3 0 4 6
1126 3 2 6 9
1278 7 1 3 4 5 6 8 10
1286 6 0 1 2 3 4 8
937 6 0 1 4 5 6 10
1278 4 1 3 4 8
1908 4 2 4 9 10
1535 5 1 5 6 8 9
1052 1 2
1739 5 0 2 7 9 10
1652 4 4 6 7 10
74 1 0
622 5 0 3 6 8 9
1341 3 4 5 8
619 13 135052383 285482372 365725896 426020945 453899645 555668490 583388893 687612479 763092053 819632382 847740989 857890123 877314638
1105 3 2 5 7
1483 4 2 3 5 6
1568 2 0 4
1842 4 1 2 4 7
517 7 0 2 3 5 6 8 9
610 4 0 2 3 7
1554 6 1 4 7 8 9 10
1897 4 0 3 4 9
452 4 3 5 6 9
43 3 0 7 9
197 6 0 3 5 6 7 10
1734 7 1 2 5 6 8 9 10
1623 2 7 8
1307 2 2 7
837 5 1 2 4 7 8
1489 5 1 4 5 8 10
1041 2 0 10
85 3 1 6 7
1561 4 3 4 7 8
1067 4 0 3 5 9
1908 3 3 7 9
1548 4 0 1 2 10
1939 6 0 2 3 7 8 9
1176 7 1 2 3 4 6 8 10
281 3 1 2 10
1576 6 0 4 5 7 8 10
900 3 4 5 6
1137 3 2 3 10
662 3 3 8 10
1295 1 1
1415 6 1 3 4 5 6 9
862 6 0 2 3 5 6 8
37 2 2 10
1306 5 1 3 4 9 10
847 7 0 2 4 5 7 9 10
1679 4 0 1 4 9
1706 2 0 1
566 7 0 1 3 6 8 9 10
1053 2 1 4
892 6 0 1 3 5 6 10
640 2 1 10
113 6 4 5 6 8 9 10
103 3 6 9 10
777 5 1 2 7 8 10
1721 3 1 4 6
1819 4 0 2 4 5
745 2 0 6
991 6 0 1 2 5 7 9
1547 5 2 3 4 5 10
261 6 0 1 2 3 9 10
625 4 1 2 5 6
105 5 0 1 3 7 10
540 5 1 4 7 8 10
1272 2 5 9
1591 3 6 7 10
927 6 0 1 4 6 8 10
1585 6 0 1 3 4 5 6
259 4 0 5 7 8
1258 2 0 9
1610 2 7 10
358 4 2 3 4 6
42 2 3 4
1748 6 2 3 6 7 9 10
1361 2 6 10
115 6 1 3 5 6 7 10
1646 6 0 1 3 5 6 7
596 3 1 3 10
1671 2 4 5
1649 5 2 3 4 5 6
494 2 3 8
1856 4 0 1 3 6
939 3 0 1 8
1770 6 0 2 3 7 9 10
1438 7 1 2 3 4 5 6 9
1236 7 0 1 3 4 7 9 10
94 4 1 2 5 8
1706 5 0 1 2 7 9
1696 5 0 2 4 9 10
1004 3 1 2 8
441 3 1 3 7
101 2 1 2
500 2 0 6
1295 3 0 2 3
83 2 3 9
1567 6 2 4 5 6 7 10
1191 4 0 2 8 9
826 5 0 1 6 8 9
434 1 0
129 2 3 9
2000 9 0 1 2 3 4 6 7 9 10
947 8 0 3 4 5 6 8 9 10
1307 8 0 1 2 4 5 6 7 10
1389 5 1 2 6 8 10
1960 6 2 3 4 5 8 10
626 3 2 5 10
607 3 3 7 8
1892 3 0 1 7
315 6 0 1 3 6 7 8
261 6 2 4 5 7 8 10
1077 7 0 2 3 4 5 8 9
1471 4 5 7 9 10
1672 6 1 2 7 8 9 10
669 5 1 2 3 5 7
502 6 1 2 4 5 9 10
166 9 0 2 3 5 6 7 8 9 10
1286 3 2 4 6
25 3 4 6 7
55 3 4 5 9
1721 4 0 7 8 9
1218 8 1 2 3 4 5 7 8 9
942 5 1 3 4 7 8
1009 4 0 3 5 8
1343 6 3 5 6 7 8 10
1960 3 0 1 4
687 8 1 2 3 5 6 7 8 9
248 3 1 3 7
1531 4 3 5 7 10
1961 2 2 7
1398 3 0 1 10
512 3 0 5 10
115 7 1 3 4 5 6 8 9
72 3 0 6 8
101 8 0 2 3 4 6 7 8 10
736 6 2 3 4 5 6 8
824 5 0 1 2 4 6
745 5 1 4 5 7 10
1704 4 4 5 6 10
384 4 5 6 7 8
641 4 0 7 8 10
596 5 0 3 4 7 9
1970 2 1 10
1937 6 0 1 5 7 8 9
607 4 1 2 7 8
1930 6 0 2 5 6 8 9
340 5 1 2 3 6 9
1344 7 1 3 4 5 8 9 10
1746 2 1 9
1678 5 0 2 4 7 9
62 2 5 8
827 4 4 6 8 9
1127 3 2 3 5
654 3 1 4 5
1689 3 8 9 10
1697 3 0 3 6
641 2 2 3
991 4 4 7 8 9
1856 3 1 2 4
195 4 0 2 3 4
1539 7 1 2 4 7 8 9 10
683 2 2 9
1132 3 4 6 7
833 9 0 2 3 5 6 7 8 9 10
1090 5 2 3 4 7 10
399 3 1 5 7
1343 7 0 1 3 4 7 8 10
1737 5 0 2 3 5 9
1579 4 4 5 6 9
17 3 3 8 10
1223 8 1 2 3 4 5 7 8 10
180 5 1 4 7 8 10
1766 5 0 2 3 4 5
1078 8 0 1 4 5 6 7 9 10
1939 4 6 7 9 10
710 4 2 4 7 8
1721 7 0 3 4 5 7 8 9
560 4 1 3 4 9
1448 8 0 1 4 6 7 8 9 10
807 5 0 1 2 4 5
933 3 0 6 10
293 5 0 1 3 6 9
1903 3 0 6 9
1044 7 0 1 2 4 6 7 9
1866 5 0 2 3 4 7
1542 4 0 1 3 5
790 3 4 5 8
1372 3 1 4 7
1389 5 0 7 8 9 10
1594 2 3 5
981 9 0 2 3 4 5 6 7 9 10
1195 1 7
1607 9 0 1 3 4 5 6 7 8 9
1827 3 0 4 8
1450 3 3 4 5
604 4 0 7 8 9
364 6 0 1 3 6 8 10
1103 2 4 5
1812 2 6 7
1683 3 1 3 10
1082 5 1 2 4 5 7
1244 3 1 7 10
346 3 0 8 10
794 3 1 4 6
510 2 7 9
540 5 0 2 4 8 10
648 3 2 3 10
1757 6 1 2 3 4 5 7
1140 4 0 1 6 10
1926 7 1 3 5 6 7 8 9
174 10 0 1 2 3 4 5 6 7 8 9
1589 6 1 2 3 5 6 9
327 9 0 1 3 4 5 7 8 9 10
1138 3 1 4 8
794 7 0 1 2 5 6 8 9
373 5 2 3 6 7 9
793 6 0 3 5 7 8 9
292 8 0 1 2 3 7 8 9 10
1515 2 1 4
275 3 3 9 10
942 4 0 5 7 9
869 4 2 4 5 9
704 6 1 2 3 4 6 10
1269 2 4 5
781 8 0 1 2 5 6 7 8 10
1173 5 0 3 4 7 8
1246 4 2 3 4 10
1708 3 2 3 7
1712 7 1 3 4 6 7 8 10
229 2 4 6
926 1 10
396 5 3 5 6 8 10
1639 8 0 1 2 4 6 7 8 10
327 4 2 3 4 5
1096 5 0 2 4 9 10
1712 3 0 8 10
10 5 1 2 3 8 10
1892 3 0 6 8
1515 6 1 2 3 4 5 9
1165 6 2 4 6 7 9 10
1393 2 2 4
1031 8 1 3 4 6 7 8 9 10
1023 4 0 1 6 8
805 4 1 5 8 9
985 4 1 2 5 6
249 2 3 7
229 8 1 2 3 4 5 6 7 9
795 5 2 3 4 7 10
1970 3 1 2 8
1683 4 3 4 8 9
726 2 8 10
1756 2 3 6
1046 7 1 3 4 6 7 9 10
1194 6 0 2 4 5 7 9
1408 1 10
505 4 2 4 6 10
890 4 0 5 6 8
720 5 0 4 6 9 10
141 4 2 3 4 6
1516 8 0 1 2 3 4 5 6 10
1902 3 4 5 9
1408 5 1 3 4 8 10
1849 6 1 3 5 6 9 10
942 7 2 3 4 6 7 9 10
1732 3 0 3 8
720 7 1 3 4 5 6 9 10
66 5 0 5 7 8 9
1455 3 2 3 7
1094 5 0 2 3 7 10
949 6 2 4 5 6 7 10
1592 7 0 2 5 6 7 9 10
1061 5 0 1 2 5 6
152 3 0 3 7
408 5 1 5 6 7 8
1725 5 0 1 7 9 10
1052 4 2 3 4 8
421 5 1 4 6 9 10
931 2 2 5
1269 4 3 5 6 9
397 5 0 4 6 8 9
72 3 5 6 8
207 7 0 1 2 3 6 9 10
948 7 0 1 2 3 4 8 9
962 3 3 4 8
811 5 2 4 5 8 9
1286 9 0 1 2 4 5 6 8 9 10
578 4 2 4 7 9
1796 3 0 1 3
1182 4 2 3 4 8
1781 7 0 1 2 3 4 6 9
1233 8 0 1 2 4 5 6 9 10
1369 2 3 10
1794 4 0 3 6 8
1089 5 0 1 2 3 5
396 3 7 8 9
1769 7 0 1 4 5 6 8 9
605 4 0 5 9 10
1619 2 2 8
1604 7 1 2 3 6 7 8 10
100 3 5 6 7
436 5 1 3 4 8 10
1471 4 1 7 9 10
33 2 0 8
1817 5 0 4 6 8 9
452 4 1 3 5 10
1796 3 3 9 10
1026 3 4 6 10
1545 5 0 5 6 9 10
1713 4 1 6 8 10
1801 5 1 2 7 9 10
354 3 1 2 6
31 4 4 5 7 8
131 1 4
687 4 0 1 8 10
1254 3 1 4 5
910 3 0 4 10
1970 5 0 2 3 5 7
1345 6 1 2 3 4 6 9
1796 4 1 7 8 10
704 6 0 2 3 7 9 10
605 6 0 1 6 7 9 10
1575 3 0 8 9
1989 9 0 1 2 3 4 5 7 8 10
1594 7 3 4 5 7 8 9 10
3 5 0 2 4 6 7
32 1 7
1880 5 1 2 5 8 10
1919 7 0 1 2 4 7 9 10
1357 5 0 2 5 9 10
183 5 1 5 7 8 9
641 3 0 4 5
250 6 0 3 4 6 7 9
495 5 2 3 7 8 10
1166 4 0 1 8 10
163 6 3 4 7 8 9 10
1448 5 2 3 4 6 10
865 4 2 4 5 8
1089 4 0 4 5 8
968 7 0 1 3 4 7 9 10
1938 5 2 5 7 8 9
1047 3 3 7 9
1372 4 2 5 7 9
345 2 6 10
141 7 1 2 3 4 5 7 9
1608 2 7 8
748 8 0 1 3 4 5 6 7 9
754 2 4 8
1 7 1 3 4 6 7 9 10
1702 3 2 6 9
1272 6 1 3 4 5 9 10
753 7 2 4 5 6 7 8 9
1073 4 2 3 7 9
1388 5 0 2 3 4 5
1047 4 4 5 8 9
1634 2 4 10
837 3 0 5 6
1133 2 4 8
787 6 0 1 2 3 4 7
1786 3 3 8 9
847 3 1 5 7
187 4 0 2 4 8
940 6 0 2 4 7 9 10
1927 5 1 2 4 6 9
972 4 1 3 8 9
1934 1 0
505 5 0 1 3 8 10
764 7 1 2 4 6 7 9 10
916 7 0 1 3 4 7 8 10
946 2 1 8
275 4 1 2 7 10
1011 4 1 6 8 9
1424 4 2 3 6 10
535 3 4 5 8
346 6 0 4 6 7 8 9
48 5 3 4 5 6 7
1593 4 1 6 8 10
1886 3 6 7 8
185 4 1 3 4 5
245 6 0 1 3 4 5 7
800 8 0 1 2 4 5 6 7 9
512 6 2 3 4 5 8 10
1826 2 1 6
364 5 2 6 7 9 10
480 3 1 4 10
1468 4 1 4 6 9
249 2 0 7
489 2 2 6
1328 4 0 3 5 8
777 5 1 3 4 8 10
542 4 1 4 7 10
1030 8 2 4 5 6 7 8 9 10
969 3 4 7 9
771 6 1 3 4 7 8 10
85 3 1 4 6
1815 3 2 3 6
904 4 3 5 8 9
681 4 2 5 6 10
942 2 3 5
248 4 1 5 7 9
1408 8 0 1 3 5 6 7 9 10
1341 3 1 4 6
197 2 8 9
379 6 3 4 5 6 7 8
1598 7 0 1 2 5 6 7 8
1168 5 0 1 5 7 9
442 2 6 8
1445 7 0 1 3 4 5 7 8
606 5 3 4 5 6 9
166 5 2 3 5 8 10
789 2 4 8
1845 4 5 7 8 10
1796 4 0 6 7 8
1771 5 0 3 6 7 10
805 4 3 5 6 10
1236 6 2 6 7 8 9 10
846 4 2 3 7 10
1408 7 0 1 2 6 7 8 10
1307 3 6 8 10
66 3 0 9 10
1162 2 5 9
1087 6 2 3 4 6 7 8
1547 3 2 4 9
1118 3 0 1 8
1948 4 1 4 6 9
721 6 0 3 5 6 7 10
1704 8 0 1 3 6 7 8 9 10
623 6 0 2 4 6 9 10
892 4 3 8 9 10
1389 6 2 4 5 6 8 9
1500 2 1 5
336 5 1 5 6 7 9
1995 10 0 1 2 3 4 5 7 8 9 10
1788 5 0 5 7 8 9
1712 4 4 5 8 10
684 6 1 2 6 7 8 10
129 4 4 8 9 10
849 5 3 6 7 9 10
46 3 1 4 7
896 6 1 3 5 8 9 10
1011 3 2 4 9
547 8 0 1 2 4 5 6 7 10
629 7 0 1 2 5 6 8 9
1282 7 0 1 2 3 7 8 9
5 5 3 6 8 9 10
1464 6 0 1 3 6 9 10
452 6 0 2 4 7 8 10
517 7 1 3 4 5 6 7 8
801 5 2 4 5 6 7
809 4 3 5 8 9
1945 6 0 3 4 5 6 8
435 3 1 7 8
141 5 0 2 3 4 9
1617 4 0 4 5 6
1692 7 0 1 5 7 8 9 10
61 5 1 2 6 7 8
1227 4 1 5 6 10
1736 8 0 2 3 4 5 7 9 10
954 3 0 3 6
1389 5 1 2 4 6 8
1088 3 3 4 9
1353 7 0 1 5 6 8 9 10
290 3 1 7 9
413 5 0 1 2 5 6
1335 6 2 4 5 7 8 9
837 7 0 1 3 5 7 8 10
1178 2 6 10
814 5 1 3 4 5 9
917 3 1 2 7
1179 4 0 1 2 4
733 5 3 4 5 8 9
714 5 1 3 6 8 9
899 8 0 1 2 3 5 7 8 9
1006 3 0 4 6
1031 9 0 1 2 3 4 5 7 8 10
793 9 0 2 3 4 6 7 8 9 10
1970 7 0 3 4 5 7 9 10
746 3 0 1 3
1745 4 3 5 7 9
1132 7 0 1 2 3 4 5 7
54 8 0 1 2 3 6 8 9 10
1764 3 0 1 7
1262 3 0 3 6
449 4 5 6 7 9
106 8 0 1 2 4 5 8 9 10
113 7 1 3 4 5 8 9 10
693 6 1 2 3 4 6 9
868 2 6 7
1006 4 2 5 6 7
1995 3 2 7 10
704 3 0 3 7
41 2 2 4
1893 11 0 1 2 3 4 5 6 7 8 9 10
1226 4 0 3 5 9
607 5 4 7 8 9 10
1483 6 0 2 3 5 6 7
411 7 0 1 2 3 6 9 10
169 5 0 4 7 9 10
2000 4 1 3 8 10
1460 3 3 7 10
1253 8 0 1 2 3 5 6 9 10
351 1 4
1871 6 0 3 4 5 6 8
1395 3 0 2 5
1067 4 0 2 7 10
94 3 4 8 9
66 4 3 8 9 10
1209 6 0 3 5 6 8 10
970 3 3 5 7
1828 5 0 2 3 6 10
774 8 0 2 3 4 5 6 7 8
1002 3 6 8 10
489 4 1 3 5 7
1254 5 0 2 3 4 7
35 2 4 10
1737 4 2 5 7 10
1739 2 1 9
1413 4 0 7 8 9
520 8 1 3 5 6 7 8 9 10
252 7 0 1 2 5 6 8 10
1454 8 0 1 2 3 6 7 9 10
1241 6 0 1 2 3 8 9
246 2 5 6
78 5 0 3 4 5 8
1214 5 0 4 8 9 10
1898 3 2 7 9
1090 4 1 2 3 10
1226 6 0 1 3 4 6 7
1647 3 1 2 9
15 4 0 4 6 8
571 5 3 5 6 7 8
1985 4 1 6 7 10
253 5 4 5 6 7 8
1094 6 1 2 3 5 6 7
248 4 1 3 5 6
545 3 5 6 10
150 4 2 7 9 10
496 3 3 5 10
1810 3 2 6 9
1604 3 6 8 10
763 2 1 2
1567 5 0 2 3 4 7
1019 4 1 3 4 5
431 2 1 7
1284 7 2 4 5 6 8 9 10
1121 3 0 3 6
213 3 2 3 8
1689 6 0 1 6 7 9 10
1398 4 4 5 8 10
1585 2 0 6
809 5 0 1 2 7 9
95 5 2 4 6 8 10
387 7 0 2 4 5 6 7 10
1604 5 0 3 7 9 10
713 4 1 3 4 10
962 6 1 3 5 6 7 8
827 4 0 2 7 9
1411 4 1 3 4 10
211 8 0 1 2 3 4 7 9 10
1284 5 0 2 4 8 9
222 4 2 4 5 10
1069 3 1 7 10
376 5 0 5 7 9 10
1225 5 1 6 7 8 10
1706 4 0 1 5 10
386 8 1 2 3 5 6 7 8 10
1709 4 5 6 9 10
1893 4 1 5 6 7
926 5 0 1 2 3 6
1489 6 3 5 6 8 9 10
1787 6 0 1 2 5 6 8
556 6 1 2 3 6 7 9
1489 4 4 5 8 9
1590 4 5 7 8 10
937 4 2 6 9 10
1191 1 3
1387 9 0 1 3 4 5 6 7 8 10
820 5 0 2 3 8 9
257 5 0 3 4 6 9
989 6 1 2 4 6 7 10
436 5 1 4 7 8 9
1491 4 2 3 4 10
1363 6 1 2 3 5 7 9
1180 8 0 1 2 3 4 6 7 9
1449 6 1 3 5 7 8 9
1819 7 0 1 5 6 7 8 9
1857 2 1 10
900 7 0 2 3 4 6 8 9
1556 4 1 6 7 10
837 5 1 6 7 8 10
261 3 4 7 9
345 4 0 1 6 9
425 5 0 1 4 8 10
122 7 0 1 2 5 6 8 10
66 7 1 4 5 6 8 9 10
1095 2 2 8
122 8 0 1 2 4 5 6 7 8
861 6 1 3 5 6 7 9
1307 6 1 3 4 7 8 10
375 5 0 1 3 5 8
1704 5 1 3 4 5 7
690 6 0 1 4 5 6 7
1927 4 0 2 6 7
1144 6 3 4 5 8 9 10
33 4 0 2 3 4
1453 2 4 5
1569 4 4 5 7 8
1820 5 0 1 4 8 10
1059 6 0 1 2 6 8 9
1566 5 0 1 4 5 6
405 4 2 3 5 9
261 3 5 6 8
1863 3 4 9 10
1353 2 7 9
1407 3 0 3 9
337 2 7 8
1325 5 3 4 6 7 10
51 4 4 7 9 10
1253 6 0 1 4 5 8 9
250 4 3 4 7 9
1402 6 1 5 7 8 9 10
257 6 0 4 5 8 9 10
174 7 0 2 3 5 6 8 9
565 5 0 1 5 7 8
207 4 1 3 5 9
47 4 0 1 5 10
1897 6 1 3 6 7 8 9
225 3 1 7 9
436 4 0 2 7 8
1613 6 0 2 3 8 9 10
1683 5 0 5 6 8 10
1397 1 6
1414 5 1 2 4 6 10
65 3 0 5 6
1456 3 8 9 10
1261 6 2 3 4 5 7 8
1908 6 0 1 2 4 5 9
1511 10 0 1 2 3 4 5 6 8 9 10
59 7 1 3 4 6 7 9 10
769 6 0 1 3 4 9 10
1598 6 0 1 2 3 4 10
315 5 0 2 3 6 9
1211 4 0 4 5 10
1642 3 0 4 9
265 6 0 1 2 4 5 10
1076 4 3 4 5 8
271 3 2 3 5
1863 3 2 4 9
1665 2 4 8
984 2 0 10
673 5 1 2 3 7 9
226 3 2 5 7
1984 5 3 4 7 8 9
562 7 0 5 6 7 8 9 10
436 3 1 2 5
65 5 0 3 7 8 10
42 4 6 7 8 10
1082 5 0 4 6 8 9
1260 3 0 4 8
634 3 1 3 7
1278 5 0 2 4 8 9
1828 6 0 1 2 4 6 9
1347 2 2 10
1668 5 0 2 6 7 10
502 3 4 7 8
1296 4 0 2 3 4
1545 4 1 2 4 8
436 3 1 5 9
596 7 0 4 5 7 8 9 10
1604 4 2 8 9 10
980 3 6 7 8
702 7 1 2 3 4 5 7 9
1307 5 0 2 4 5 6
187 6 0 2 3 8 9 10
979 4 0 2 3 6
1091 2 0 4
1704 6 2 3 6 8 9 10
778 3 4 5 10
1604 3 1 2 4
1084 5 0 1 3 5 6
1267 3 1 2 9
933 7 0 3 4 5 7 9 10
286 5 0 1 5 8 10
238 6 0 2 5 7 9 10
995 6 1 2 3 5 7 10
1066 7 4 5 6 7 8 9 10
1934 6 1 4 5 6 8 10
1285 4 4 5 7 8
1912 3 2 5 8
178 2 8 10
1838 7 1 3 4 5 8 9 10
1797 8 1 2 3 4 5 6 7 9
1659 5 0 4 5 6 9
13 7 0 1 2 4 7 8 10
843 3 1 3 4
1173 3 2 8 10
540 4 0 1 3 4
1166 4 4 6 8 10
682 5 0 2 6 8 9
1708 5 0 3 4 8 10
1857 5 1 2 3 5 7
1725 5 1 4 7 9 10
968 3 5 9 10
721 3 2 5 9
1094 3 5 6 10
548 3 1 2 7
945 5 0 4 5 7 9
1207 4 1 3 7 9
65 5 0 2 5 6 7
65 2 5 8
1497 5 1 2 5 9 10
487 7 1 5 6 7 8 9 10
1393 5 2 3 4 5 9
210 2 0 7
1737 6 3 4 5 7 8 10
749 5 1 2 3 4 6
387 4 0 2 5 6
942 8 0 1 2 4 5 6 7 9
231 5 3 4 6 7 10
1985 7 0 2 3 4 7 9 10
1084 8 1 2 3 5 6 7 8 9
712 5 0 3 5 8 9
641 6 0 4 5 6 7 10
1297 4 0 6 9 10
1304 6 1 2 4 5 6 9
535 3 0 1 2
1498 5 1 2 8 9 10
1002 6 2 3 7 8 9 10
1906 5 2 4 8 9 10
1685 4 0 1 2 6
1325 4 1 6 8 10
898 6 0 1 2 6 7 9
335 5 1 3 4 8 9
911 3 3 6 10
892 3 0 2 5
1488 4 0 2 3 5
546 2 2 6
1721 4 0 1 4 7
187 8 1 2 5 6 7 8 9 10
32 3 0 3 4
1863 4 1 4 8 10
805 7 0 3 6 7 8 9 10
1076 3 4 5 8
1260 6 0 1 2 5 8 10
824 6 1 4 5 6 9 10
1483 7 0 1 2 4 6 8 9
1006 6 1 3 5 6 8 10
1990 2 1 8
674 5 2 3 4 9 10
847 2 0 9
848 1 1
902 3 0 6 8
1473 6 0 3 4 6 7 10
1374 2 3 7
1344 6 0 1 6 7 9 10
560 3 0 6 7
487 4 3 6 8 10
952 6 0 2 3 5 7 8
1634 5 0 2 6 7 8
355 5 0 2 5 7 8
749 5 0 3 4 5 7
1558 6 1 3 5 6 7 9
1635 2 4 6
1740 5 1 6 7 9 10
986 6 1 2 3 4 5 6
166 10 0 1 2 3 4 5 6 8 9 10
949 6 2 3 4 7 8 9
785 4 3 6 9 10
1340 4 1 2 7 9
129 5 0 1 2 3 7
797 7 0 2 3 5 6 9 10
4 4 5 1 8 10 8 5 7 9 4 10 3 7 1 2 8 3 5 3 8 6 6 8 2 1 3 6 2 6 7 10 3 10 8 0 5 7 6 0 4 9 2 6 9 9 6 5 6 10 4 9 0 10 4 10 5 0 0 9 10 5 1 7 2 10 0 10 3 5 0 2 3 10 10 1 8 9 4 2 1 9 6 3 6 3 0 6 2 10 2 8 1 4 1 8 8 6 4 3 0 10 9 9 7 8 2 8 3 1 4 7 5 5 6 5 1 8 8 10 9 3 4 1 6 1 7 7 0 6 7 4 7 10 4 8 0 5 4 10 2 6 6 9 0 2 8 8 0 7 7 7 6 2 4 3 0 10 3 3 3 3 9 9 8 0 3 5 2 5 10 3 4 6 10 8 4 9 0 2 6 1 3 3 10 4 2 7 1 4 5 1 0 5 6 10 2 0 0 0 0 0 0 10 7 5 2 6 6 0 7 4 10 9 2 2 7 6 10 6 5 5 6 4 6 10 2 9 4 4 1 7 10 0 3 2 0 6 4 8 5 7 10 1 9 0 3 5 4 5 6 10 1 5 0 8 8 0 10 5 6 0 7 6 10 1 3 6 8 8 9 3 7 8 8 10 7 3 3 7 8 0 6 9 3 8 1 9 5 7 0 8 8 7 10 0 0 6 2 9 10 6 0 9 3 10 2 5 5 0 5 9 4 1 5 7 2 1 8 7 10 1 8 5 6 5 9 0 7 5 3 2 8 1 6 7 3 6 4 10 5 2 2 1 6 6 2 2 8 9 2 4 2 3 7 1 8 10 9 10 2 10 3 8 9 7 0 9 6 5 4 8 1 9 10 2 6 5 5 8 2 8 9 0 3 6 0 6 7 0 8 7 7 8 3 7 2 3 1 10 2 8 2 8 6 7 2 0 1 2 2 8 7 0 5 9 8 5 1 8 4 8 0 3 3 0 3 9 9 5 9 8 4 3 8 3 3 5 0 6 0 3 2 0 2 10 9 7 8 9 4 6 5 8 6 1 7 5 4 0 8 1 5 2 3 9 1 4 3 4 1 1 0 5 9 3 7 5 4 1 4 9 5 4 9 9 0 0 4 5 4 8 2 6 8 10 6 6 4 2 9 7 3 7 5 2 2 7 3 6 9 0 0 9 0 7 5 9 9 2 6 8 5 9 4 8 3 6 9 10 2 3 8 3 0 10 0 9 9 5 3 10 8 9 7 8 9 5 5 1 1 9 8 10 0 10 0 0 6 4 0 9 8 9 9 1 4 3 6 2 4 1 6 8 6 1 2 5 2 6 4 9 5 9 2 6 1 5 1 6 4 5 0 0 7 6 5 7 0 10 0 3 8 0 3 9 4 6 10 3 7 7 9 9 5 10 6 8 7 1 3 8 4 7 7 7 1 0 6 9 9 9 3 8 6 6 1 4 7 8 10 1 4 6 3 0 5 0 9 2 9 6 0 6 9 0 2 4 7 2 1 0 0 6 6 10 0 2 6 1 10 4 4 6 3 10 3 9 1 4 4 8 3 6 9 0 0 1 9 1 8 1 0 2 8 5 8 5 8 10 6 3 4 0 0 4 10 8 6 2 10 7 8 0 0 3 4 0 8 1 7 1 1 10 8 9 1 8 2 9 2 6 3 7 10 10 2 9 10 5 3 3 0 8 6 9 0 2 4 8 2 2 5 1 8 2 3 5 7 9 1 4 8 8 0 10 2 2 6 4 10 5 1 7 0 10 1 1 6 8 5 5 2 8 0 9 0 5 6 6 10 0 3 9 3 10 6 5 7 5 2 8 3 8 0 3 0 10 3 4 2 3 7 5 7 9 0 5 9 1 7 1 9 5 0 1 5 3 8 5 6 9 3 1 9 9 1 3 5 5 4 8 0 8 7 2 10 9 7 9 2 2 10 7 6 3 9 1 2 2 5 1 4 5 10 5 6 4 6 10 4 1 3 9 6 0 6 5 1 10 8 0 1 0 4 6 3 2 0 5 7 4 7 4 1 3 1 6 8 5 4 7 1 10 3 3 8 1 3 9 6 6 1 3 3 6 9 3 5 7 9 8 10 2 8 4 7 7 7 0 6 2 9 7 4 4 1 6 6 8 0 4 2 2 1 1 8 1 2 2 3 3 0 7 8 4 7 2 1 7 0 10 8 0 3 7 8 0 1 2 8 9 2 4 3 6 9 7 4 10 3 2 5 8 0 1 8 8 5 3 5 0 10 1 8 6 9 2 10 1 4 8 6 7 10 10 0 3 3 7 9 0 8 8 10 8 10 1 4 9 10 9 6 7 0 1 5 3 1 4 8 1 3 6 1 2 0 5 1 3 8 2 2 5 6 2 6 0 0 0 9 4 1 3 9 4 3 4 9 7 6 4 4 8 5 4 9 8 1 3 8 9 7 1 3 8 6 2 0 4 10 7 0 1 9 3 3 2 5 7 6 0 3 2 8 10 3 8 2 4 3 6 0 9 1 9 1 10 5 5 5 10 0 8 7 9 1 5 4 3 7 9 2 2 6 8 10 6 5 4 9 0 3 1 6 1 0 8 5 10 8 8 6 2 8 2 6 9 10 5 0 2 0 7 7 10 1 10 2 10 8 4 6 2 6 2 9 4 2 9 9 6 2 4 6 8 8 0 8 0 3 6 3 5 7 10 1 0 5 8 7 10 4 7 4 7 4 3 10 0 3 4 5 1 0 5 10 7 10 10 10 0 0 0 5 6 8 7 5 0 1 2 0 1 3 9 4 8 4 1 5 4 7 0 4 2 10 0 2 2 8 1 3 5 0 10 5 3 7 2 4 1 10 10 1 9 8 10 1 6 10 1 3 1 0 5 10 0 10 5 0 4 7 1 7 8 8 4 0 8 6 5 4 7 7 3 6 4 5 9 2 5 5 7 8 2 6 4 7 1 2 10 4 7 3 9 1 2 5 6 1 8 10 1 6 9 6 3 5 2 5 2 7 1 0 6 1 10 2 9 8 8 6 4 2 6 8 0 0 4 1 4 10 7 3 0 0 6 8 2 1 8 7 1 5 10 7 8 9 8 4 7 9 10 7 5 10 4 6 3 3 3 4 4 3 3 10 3 1 5 2 4 5 6 5 10 2 5 3 6 8 6 2 7 8 5 2 9 5 1 6 10 6 7 2 2 10 3 3 6 1 9 8 4 4 0 2 9 9 9 1 8 10 1 9 5 0 3 9 5 9 10 1 7 7 0 4 5 3 5 0 9 0 6 2 6 0 5 1 7 7 0 8 9 6 4 3 5 0 8 0 2 1 5 0 10 4 6 6 9 6 0 3 9 6 10 1 9 8 2 5 0 6 4 9 7 7 0 2 9 10 10 6 3 3 3 3 7 8 8 0 0 10 4 6 0 5 3 9 7 10 4 3 10 4 10 8 1 10 0 4 6 5 5 5 5 10 8 9 8 5 1 6 1 6 0 8 7 8 7 0 9 0 3 8 7 1 4 0 0 0 5 1 0 1 2 3 5 7 5 3 1 10 1 0 10 2 4 5 8 6 7 8 1 7 9 5 10 1 3 6 3 1 6 9 0 4 1 10 9 3 1 2 5 4 2 9 6 10 1 5 4 2 1 8 2 3 0 5 6 0 3 1 4 4 9 3 7 8 9 3 4 2 0 0 3 0 3 1 1 7 1 2 5 3 3 1 3 3 2 6 9 10 7 0 4 3 9 0 1 9 4 10 6 8 10 7 9 0 9 4 6 6 8 9 10 5 6 3 2 3 9 1 3 3 1 3 10 9 9 4 10 2 6 2 10 8 7 5 10 0 9 1 6 5 5 8 10 5 0 4 3 7 0 0 5 0 6 9 5 3 8 6 6 3 2 5 7 3 10 10 2 8 9 7 7 9 5 5 6 3 2 5 9 10 6 3 1 6 6 10 4 4 8 5 10 8 4 0 3 7 8 9 0 1 9 10 7 8 10 7 10 6 2 8 9 4 2 6 7 2 0 0 10 7 8 9 0 3 9 7 2 10 0 6 9 2 2 6 3 2 3 9 2 3 9 2 0 2 2 3 3 5 9 8 1 6 10 6 6 7 8 1 10 3 4 10 2 10 1 4 5 10 1 9 8 9 3 6 6 4 10 8 5 2 2 9 1 8 5 6 1 2 8 3 6 8 5 5 8 4 7 2 4 0 3 0 10 1 10 0 9 9 5 3 10 3 1 4 2 10 8 9 7 10 9 10 1 6 7 4 8 9 7 10 7 5 2 5 6 6 4 10 3 8 7 9 6 5 1 7 8 8 5 0 10 9 8 3 6 0 1 1 7 3 5 7 0 8 5 3 0 4 3 8 8 4 8 8 0 1 2 7 7 4 9 5 4 1 4 1 0 10 9 3 10 4 0 10 2 1 0 6 6 10 1 9 3 6 9 7 6 7 9 4 10 2 0 1 9 1 1 8 8 5 0 6 0 10 7 6 3 8 10 1 2 8 9 3 1 1 4 10 10 1 3 9 7 10
