15 267
4 1904
34 374
11 1781
10 514
42 540
19 372
21 793
17 98
24 204
20 824
51 1467
28 317
7 49
5 811
29 663
23 16
1 1128
25 675
44 1928
27 1594
65 1190
83 738
2 322
12 1607
9 829
13 283
41 1632
109 633
26 1376
110 1153
56 1793
16 345
31 609
126 836
3 1121
52 30
71 1639
48 1104
35 953
32 1782
6 1832
36 895
78 1124
128 1271
38 1170
45 203
53 490
59 1310
79 1627
91 244
8 793
18 582
40 1018
64 420
50 510
43 439
113 1381
49 457
60 240
133 1181
14 275
82 729
76 1504
61 83
139 933
119 298
70 1703
63 1159
114 1740
72 1856
30 153
123 1646
141 1285
22 1888
37 313
33 142
39 461
102 571
127 1651
155 104
66 1901
47 924
144 1471
54 240
62 146
57 1313
46 1626
73 981
75 1593
149 1447
67 1048
85 1033
165 347
68 1823
152 535
125 814
170 876
84 1587
90 172
69 301
174 1843
77 1630
161 1099
186 1673
74 216
151 1027
178 1123
89 808
98 1061
92 500
55 917
181 1510
58 1644
100 1222
131 1329
192 1919
81 1142
104 1015
86 236
96 1600
101 697
87 1765
97 634
105 166
117 1082
80 66
118 1533
145 1964
200 490
88 869
93 556
202 1529
189 1944
190 315
167 1672
166 1856
169 285
213 1665
130 96
134 486
103 14
153 418
112 346
177 1863
94 1376
205 920
142 466
95 692
211 425
107 548
194 1710
115 800
222 131
244 887
206 908
132 1441
215 1901
201 1730
223 500
157 1444
233 635
254 1945
294 243
234 1445
136 1561
272 118
275 1278
106 937
283 253
162 440
111 255
99 1806
296 605
129 225
302 1159
315 1629
137 972
241 1484
108 214
116 1037
138 1854
321 594
148 301
232 1697
245 781
326 1692
284 565
168 1258
121 1858
173 293
122 1558
349 322
352 1597
176 975
135 461
368 1540
171 122
179 39
120 824
180 1211
124 1267
143 836
384 1709
193 1628
274 1172
286 778
146 1392
172 1396
196 1125
330 1329
197 1576
184 995
159 1991
361 1731
195 808
367 1444
140 1784
147 534
154 802
158 1373
182 1849
387 247
403 155
156 734
378 1055
160 1229
183 666
228 1650
418 682
285 1231
287 651
150 155
291 1518
235 701
446 297
188 392
164 1773
247 44
467 34
475 358
203 1609
175 581
256 1364
185 608
163 380
199 1295
187 1581
191 228
210 687
216 1720
225 1573
292 1889
230 1319
229 1732
204 438
267 751
392 1258
276 668
246 411
237 1837
251 1634
253 1835
255 1825
303 1067
394 178
258 788
299 851
207 1195
304 1901
208 806
273 1248
277 504
399 936
209 838
413 552
198 1000
219 1510
429 1216
453 391
327 1201
259 1034
342 142
311 775
221 1741
488 822
280 550
231 1895
268 1380
364 1778
243 258
313 879
218 1230
212 780
248 1088
320 1203
227 585
395 140
257 203
260 991
404 1500
295 1601
220 391
309 1247
265 1939
269 1474
492 1024
428 1693
312 500
240 266
281 1282
306 71
224 761
288 997
527 860
440 272
459 1454
298 1456
261 34
308 1764
332 1493
301 1330
242 633
462 1525
226 742
534 182
319 1781
310 1466
263 937
340 658
250 404
214 1984
238 1950
328 1616
468 1375
359 225
442 982
217 804
264 741
239 1534
474 1066
266 675
236 731
314 113
249 162
252 1576
366 1073
372 128
270 1903
535 1701
279 640
297 169
325 1392
262 1591
389 839
484 249
300 1652
307 1864
318 871
560 1269
454 1755
335 1015
278 77
347 1806
343 1175
339 949
322 1053
485 1334
358 437
390 199
323 1432
489 1288
460 1703
571 860
348 1079
271 1524
483 1359
410 386
282 1696
495 283
289 1461
416 1651
345 621
329 824
333 1536
502 1675
334 599
331 1259
290 1326
434 249
580 1399
350 1492
341 1524
443 726
293 1870
346 384
354 1135
360 1721
369 907
336 939
498 127
351 249
477 1354
587 34
370 117
305 1170
388 174
486 666
316 146
505 985
317 1288
509 1977
357 1963
324 1071
337 1952
380 838
499 1855
353 40
423 458
417 945
431 654
524 170
501 1527
420 162
338 927
373 851
437 535
444 701
547 1527
575 170
421 1579
363 576
504 1254
375 208
344 1674
510 727
449 1861
374 1695
381 408
383 11
356 1892
382 171
593 1018
599 878
355 1112
385 1623
407 804
600 992
514 1616
391 215
463 916
520 447
521 133
617 1658
604 1538
376 65
618 1901
523 970
362 1122
450 616
518 25
539 382
624 1841
633 50
371 224
465 1677
555 1870
398 323
482 1138
379 867
402 735
637 937
425 1328
466 779
627 754
393 710
649 1466
436 1557
574 1584
581 1088
657 1173
415 1729
396 1886
542 1357
672 1105
419 1726
430 764
543 1755
690 97
471 1224
635 947
585 96
480 1950
397 1491
365 370
654 403
405 1970
703 1739
435 1490
714 219
497 918
377 1941
715 562
439 657
519 1833
386 673
401 1148
719 1291
532 1753
400 759
544 1981
737 15
533 1652
445 1745
545 1196
412 1963
586 276
548 1197
598 503
456 243
538 1803
472 840
741 1858
408 65
424 1102
602 212
686 1001
503 590
411 1006
414 1915
743 69
406 179
438 1025
511 1060
422 748
513 1855
427 1151
698 1831
487 70
409 1384
432 639
525 34
458 604
464 31
744 698
711 152
537 1301
426 1488
451 459
433 1776
441 100
603 1685
550 992
549 575
751 1349
774 1960
785 1244
452 1892
551 980
608 1929
565 267
622 1313
650 1513
448 1967
573 1295
713 1458
461 6
566 1059
578 1584
447 859
528 2
531 421
506 938
592 563
546 506
720 319
664 1600
816 753
601 547
470 1869
457 1974
611 439
582 651
469 1431
591 843
732 1918
747 855
757 205
473 1205
609 1529
481 721
455 1954
818 1615
554 1099
777 458
563 1077
579 112
496 963
556 1357
594 1116
820 1159
830 66
778 1841
665 976
507 749
479 1311
782 360
476 206
490 610
478 241
625 44
802 1441
494 995
515 723
508 180
597 594
529 1283
615 1264
616 265
512 325
516 1455
491 1375
621 1658
630 1520
536 1952
844 192
674 1091
631 1581
626 933
605 796
638 1268
493 883
644 568
530 1545
558 1469
606 704
847 94
610 1539
500 32
678 1878
663 907
557 1279
517 1722
568 1039
856 433
645 1067
540 874
590 1976
541 14
803 1717
912 1543
805 1857
648 1151
922 646
612 1518
808 1113
629 1886
561 927
653 106
669 1677
688 1602
632 85
709 160
522 341
822 1854
687 61
824 1797
825 1554
526 965
659 1557
559 1814
717 1550
662 998
577 111
595 1727
727 198
564 1662
733 1119
681 1235
596 1305
827 1235
552 744
926 710
829 905
685 935
693 50
647 564
607 44
619 907
658 478
691 1756
623 918
620 1577
938 948
553 1007
694 1018
697 1535
948 676
734 386
562 968
567 1719
695 1690
739 1267
953 775
835 337
646 124
705 768
569 1230
572 1152
730 236
964 92
840 1351
746 1732
655 821
749 202
576 773
704 523
771 160
583 1034
750 166
740 1158
666 1710
723 1673
781 543
728 528
969 774
790 885
588 1625
668 1845
570 875
770 1251
661 1985
729 1088
636 1527
584 1598
641 292
667 360
589 277
745 585
670 1550
792 87
634 1026
752 474
755 1535
613 1556
679 1310
677 1370
976 47
768 173
680 1434
643 368
753 1518
642 1877
684 1112
977 779
841 142
978 1301
786 1533
652 1800
762 712
846 1411
689 447
763 1168
708 1890
772 925
614 239
696 452
787 1313
776 354
797 716
850 307
1001 831
791 73
810 857
701 1036
660 1813
819 1485
706 736
794 1279
671 1778
628 598
639 409
821 608
712 865
1004 1411
863 232
867 587
796 871
673 1450
799 1554
798 1770
1019 819
718 1202
724 1161
726 215
851 978
812 973
742 945
852 1587
823 879
1037 1044
858 949
879 708
1042 1794
884 1849
640 766
807 765
676 822
836 1051
828 330
748 1349
692 1215
838 1524
854 172
756 297
707 595
889 204
849 1558
862 1844
721 1772
1050 1417
899 1828
910 1334
870 1523
881 1571
865 672
760 502
928 43
887 192
890 425
675 481
886 531
788 1726
866 92
683 111
853 584
891 1909
916 1411
951 1695
883 471
651 243
731 1491
800 801
958 1271
893 590
897 1434
656 1766
942 267
801 1455
894 1757
971 810
682 137
700 124
699 1171
906 1860
956 385
914 1557
924 1813
898 1308
919 216
985 1454
710 262
989 1929
814 985
999 128
929 410
931 1933
817 886
839 1616
988 1050
702 1879
993 796
937 1057
716 761
876 265
1016 439
939 1793
845 1156
1041 347
877 1850
892 1399
901 909
735 1891
857 1615
1062 1493
1057 515
754 93
859 558
949 500
1075 1381
1087 804
1007 528
736 1426
860 1487
875 966
905 1460
1010 1033
907 1607
917 562
738 1230
918 1084
1064 1970
888 806
900 228
722 110
1093 1490
1014 861
941 1022
902 828
961 1514
911 1581
764 1740
725 1460
766 192
758 1085
909 801
765 1799
767 612
1095 1800
967 412
925 881
960 388
923 1967
769 537
1018 1415
1101 1249
974 673
779 687
759 721
975 592
1065 234
983 1547
946 1653
1115 1853
784 1901
1069 639
986 687
933 1860
934 51
943 338
998 480
1118 1191
1128 1070
773 1737
944 1545
947 1411
761 402
1131 556
775 1368
1082 1525
783 821
1000 1714
780 1262
793 1260
1086 603
1021 113
957 660
804 825
970 840
1024 923
1031 1584
965 1918
831 684
1034 168
981 819
984 517
1003 687
972 1610
995 1932
789 920
1032 92
806 88
826 562
1141 114
832 153
834 1537
1025 1116
795 1196
1049 79
1150 1208
1036 1182
1053 136
1055 577
833 119
952 380
837 1661
1157 1033
843 1097
1058 387
1054 28
868 339
962 1879
963 1669
869 1587
1072 220
1088 1442
1098 1164
842 803
1066 944
1063 700
1070 1501
1112 1033
991 282
809 1861
973 1451
811 59
996 1092
1116 1250
848 1064
1068 940
1110 118
1200 1128
1077 718
1132 1838
861 9
1117 859
874 1639
1083 1706
1039 1433
813 819
1084 337
1047 1515
987 1529
815 1577
1206 410
1135 1294
904 1734
1133 1766
1080 232
1143 1540
1060 1455
1158 1054
1089 1208
1002 412
1099 823
1081 1689
932 425
1139 1732
1100 1488
1103 971
1209 28
1006 1507
871 1837
1160 1399
1156 962
1005 1523
1161 1049
1028 1694
878 67
1228 243
1163 654
1096 73
1233 1931
1013 802
1015 193
1162 1421
1085 35
1017 497
1241 435
1119 778
1111 774
1090 133
1033 1461
1167 847
1038 1319
1169 1329
935 1957
1122 1905
936 1952
1044 1152
1211 323
1140 75
1061 47
1125 1849
855 973
896 153
966 275
1029 780
864 983
1076 261
1078 1559
872 379
913 543
1262 1483
979 370
1127 824
1264 477
915 1572
1170 491
1172 1917
920 1155
1219 962
873 1322
1166 1985
1175 1089
1181 1640
880 722
1051 100
1215 109
982 1650
882 698
1079 1381
921 1760
1091 813
1272 527
1104 1799
997 416
1179 710
1186 259
1145 528
1288 107
1296 1051
1124 970
1023 1063
1130 348
1187 1919
885 564
1134 1049
1191 1056
1056 758
1071 1712
1309 961
950 1061
895 1736
1123 859
1222 1326
1223 909
903 1217
1230 1100
908 1886
1310 1581
1345 1279
1239 532
1146 582
1043 877
1129 337
1138 12
1177 1798
1155 260
1159 1016
1194 413
1231 642
1164 824
1254 577
954 525
1347 924
955 810
1176 1905
1196 409
1204 1952
927 1174
1247 604
1352 1835
1387 675
1171 578
990 1657
1253 631
1174 1083
1255 875
1410 1017
1045 330
1180 1569
1178 83
1185 1528
930 1889
1195 1733
1207 411
1210 1194
1256 1753
1197 1130
1048 659
1413 821
992 417
994 1488
1261 1029
1227 625
1094 60
1193 588
1286 584
1433 971
1009 160
1011 1192
940 1947
945 1335
1022 203
1106 1007
959 1623
1107 804
1259 1037
968 1762
1298 1806
1109 977
1202 1745
1303 1175
1353 577
1435 1964
1236 1927
980 1523
1277 697
1267 521
1092 1864
1008 1978
1201 1286
1026 239
1451 756
1290 848
1030 403
1012 720
1126 418
1216 642
1458 303
1136 474
1217 1198
1358 466
1205 754
1046 943
1297 1009
1052 1593
1361 549
1268 1103
1020 1441
1221 42
1302 8
1275 1246
1059 828
1097 1221
1305 660
1282 1718
1108 1726
1232 579
1362 1850
1027 846
1283 444
1120 865
1245 137
1308 687
1208 1062
1307 34
1035 1049
1212 200
1067 1431
1248 1116
1269 1639
1319 1977
1260 804
1270 129
1218 1242
1190 370
1320 1475
1073 517
1040 1607
1074 958
1142 959
1365 829
1102 1239
1265 1071
1105 93
1113 1982
1511 583
1148 1387
1273 1417
1203 1731
1240 927
1242 1588
1376 1430
1243 684
1213 1343
1321 637
1220 1476
1274 953
1395 1470
1396 1047
1398 538
1326 16
1225 1282
1114 1433
1301 224
1313 1741
1151 1760
1331 1000
1522 763
1229 681
1244 1531
1338 732
1528 1387
1341 1235
1280 645
1344 139
1137 814
1147 1141
1315 1969
1351 1481
1235 1499
1121 1220
1284 539
1350 683
1252 1845
1558 1050
1355 1706
1237 1443
1406 1081
1149 1026
1334 1172
1152 1264
1363 103
1342 374
1173 479
1246 1211
1182 1546
1183 184
1257 1259
1271 960
1369 8
1372 1325
1314 1050
1258 1508
1371 1210
1154 1281
1323 1492
1144 1797
1165 1778
1278 1759
1377 1099
1411 102
1188 1707
1348 1350
1393 1255
1404 1092
1266 239
1424 814
1392 1702
1168 789
1425 1394
1432 1743
1453 1167
1480 619
1153 1905
1368 356
1412 1612
1325 588
1198 1882
1189 479
1299 1755
1311 1444
1184 412
1373 1899
1565 340
1287 521
1492 256
1416 970
1300 1550
1312 778
1304 87
1214 1520
1317 1969
1374 1491
1495 360
1316 1478
1318 463
1402 1825
1327 972
1568 1102
1339 1040
1354 1164
1380 1709
1226 1130
1418 82
1379 1577
1234 969
1573 1762
1415 1284
1238 1421
1420 1448
1276 1801
1192 1948
1285 1798
1289 813
1390 1929
1422 829
1199 1283
1293 277
1421 854
1332 1516
1333 1837
1407 1391
1498 1129
1364 745
1383 480
1322 1446
1306 1612
1414 647
1428 262
1443 179
1417 449
1249 344
1386 968
1499 69
1224 1111
1281 465
1340 503
1444 509
1426 497
1445 527
1461 1893
1575 859
1434 1724
1436 1618
1576 1843
1455 1043
1505 445
1250 109
1446 154
1437 1712
1454 634
1585 1060
1329 907
1587 926
1512 701
1590 533
1343 1495
1462 523
1464 66
1349 1964
1346 443
1476 1973
1525 1650
1251 985
1481 425
1356 908
1388 1518
1397 1845
1465 681
1531 153
1478 698
1466 1400
1375 1300
1542 1471
1494 69
1263 202
1547 1002
1486 1456
1384 1210
1552 861
1472 548
1357 862
1423 1294
1598 438
1572 1629
1500 1601
1370 277
1429 247
1378 1288
1612 82
1501 1325
1291 1527
1400 1175
1513 171
1519 794
1405 460
1279 1853
1391 533
1626 283
1524 705
1430 1646
1438 13
1440 1845
1452 1155
1518 246
1533 1647
1530 465
1324 1042
1548 63
1419 1843
1328 1713
1502 1767
1399 1624
1292 869
1535 3
1336 1319
1579 1092
1582 1116
1403 669
1337 570
1654 1067
1662 833
1294 1838
1295 1200
1538 783
1359 630
1468 731
1469 1359
1685 1562
1555 156
1439 934
1441 1072
1583 143
1567 867
1569 1539
1459 1741
1460 72
1470 1861
1473 459
1588 475
1484 1769
1550 1556
1571 883
1474 1507
1610 76
1503 1304
1483 1093
1708 651
1490 1001
1496 1901
1477 1192
1427 1243
1431 1897
1447 1105
1487 1626
1581 1552
1488 110
1497 1552
1724 549
1382 764
1736 1373
1589 515
1620 673
1508 854
1448 1694
1510 1986
1330 1400
1385 1562
1534 1690
1394 1964
1591 1007
1592 1729
1551 1870
1611 1986
1514 1055
1523 643
1527 691
1401 1271
1559 1803
1580 1338
1602 1970
1624 1118
1619 34
1627 98
1335 1171
1532 434
1632 997
1739 288
1628 1509
1360 587
1541 1391
1366 1857
1450 547
1515 1225
1546 1669
1456 1599
1516 1000
1763 1097
1629 1731
1442 680
1367 1301
1645 1448
1764 1952
1517 665
1633 987
1457 533
1475 1009
1646 497
1479 1936
1520 354
1635 260
1467 506
1655 778
1482 568
1381 1801
1491 904
1653 375
1586 165
1765 1215
1389 1191
1556 303
1526 1355
1507 794
1665 1776
1485 1448
1595 1828
1408 214
1658 1911
1661 632
1509 1685
1789 1545
1659 708
1608 1803
1529 1978
1666 111
1545 1195
1536 397
1543 1562
1800 1221
1557 952
1808 981
1622 210
1553 966
1409 1306
1679 39
1493 1201
1672 631
1504 605
1599 1768
1631 685
1609 491
1544 1940
1449 1886
1704 588
1566 764
1668 858
1682 108
1521 1391
1618 312
1636 1260
1537 175
1674 258
1714 1058
1600 798
1634 1163
1687 1628
1688 1098
1463 825
1539 325
1651 254
1657 1392
1814 1007
1601 878
1577 1376
1561 5
1563 834
1689 637
1640 873
1675 458
1707 1274
1719 390
1718 1617
1605 1235
1642 909
1667 283
1606 1976
1578 1745
1604 626
1676 1928
1664 1520
1722 704
1815 952
1471 625
1549 148
1725 1558
1564 1962
1816 433
1671 407
1677 514
1597 114
1742 1235
1570 1089
1751 1781
1614 1108
1637 210
1623 1168
1733 819
1630 1234
1489 1083
1607 886
1702 372
1734 1370
1684 701
1691 1588
1584 1548
1711 390
1700 1035
1817 1632
1821 920
1698 691
1713 1443
1593 1973
1613 615
1639 1732
1827 1269
1506 1518
1594 185
1871 1656
1621 286
1753 251
1540 65
1554 1285
1875 1894
1721 847
1649 610
1625 1731
1560 205
1647 89
1758 1083
1648 206
1596 113
1663 231
1878 538
1652 1244
1692 1548
1766 1484
1705 1648
1749 1985
1715 659
1723 823
1720 1559
1726 1510
1881 288
1752 1064
1696 1102
1615 333
1656 1721
1703 566
1738 40
1650 1412
1562 648
1574 836
1769 1360
1686 544
1716 1187
1638 1850
1882 1604
1767 1611
1644 680
1894 1727
1773 1581
1603 1151
1774 815
1781 40
1660 917
1678 1617
1798 250
1776 905
1727 1595
1899 568
1782 1653
1805 820
1728 1187
1709 1523
1697 243
1717 1044
1690 74
1730 1166
1681 1838
1740 1806
1770 492
1683 1211
1693 1195
1616 1592
1743 1492
1784 1662
1745 1099
1746 1745
1694 908
1710 286
1695 895
1904 533
1699 608
1732 975
1748 1379
1792 1625
1737 499
1761 1843
1809 246
1741 851
1735 1330
1927 1172
1747 1635
1796 923
1754 1597
1932 1555
1744 549
1783 1936
1811 111
1777 1012
1822 744
1775 1610
1772 159
1617 964
1701 600
1786 757
1823 1356
1791 501
1799 1337
1729 1741
1803 1277
1801 1802
1825 210
1806 610
1731 700
1756 1819
1787 1172
1779 773
1852 1024
1641 1594
1755 1597
1643 1085
1757 199
1780 1128
1829 1947
1943 882
1810 63
1804 1963
1759 702
1813 1918
1824 1603
1818 1559
1819 1011
1826 534
1945 772
1785 240
1820 1973
1762 1320
1850 639
1855 931
1771 215
1839 1012
1858 151
1768 1369
1834 1977
1669 1104
1807 89
1670 51
1861 465
1950 338
1790 1300
1841 502
1794 1000
1802 1262
1797 800
1900 407
1832 1777
1846 886
1907 219
1868 82
1828 363
1673 1165
1680 1081
1778 1670
1830 1471
1706 457
1712 666
1833 1581
1795 1118
1859 1933
1865 1684
1840 600
1844 1719
1837 126
1908 1858
1845 565
1835 1544
1812 1985
1847 207
1951 1579
1872 1481
1848 392
1857 1941
1750 1351
1831 1826
1912 1153
1843 414
1860 398
1964 1887
1849 18
1760 520
1838 814
1851 657
1874 433
1869 479
1887 56
1914 444
1876 1325
1864 930
1788 1039
1870 1407
1911 1631
1913 1508
1873 751
1891 203
1867 975
1793 662
1880 217
1836 903
1890 1730
1854 959
1923 1204
1877 1787
1862 309
1883 1573
1888 279
1917 1857
1965 1268
1884 750
1903 792
1909 1095
1910 1234
1896 1508
1842 1981
1898 1570
1897 54
1901 202
1886 1906
1915 790
1856 842
1973 753
1889 434
1902 265
1916 1235
1920 1956
1934 1523
1937 529
1926 1570
1893 1660
1930 1020
1925 485
1906 848
1921 775
1853 1340
1940 1632
1863 1653
1936 1599
1935 556
1895 1262
1946 199
1949 851
1905 366
1922 1731
1866 1173
1933 724
1919 1183
1980 829
1918 276
1929 1495
1985 1888
1963 1081
1966 119
1944 672
1956 1347
1928 781
1984 1889
1924 920
1931 496
1938 1919
1986 1686
1942 735
1957 1218
1968 1214
1991 855
1955 210
1879 1136
1962 176
1885 639
1995 812
1939 1054
1969 1763
1954 825
1972 110
1970 384
1948 1894
1981 1858
1992 687
1941 1836
1947 323
1953 960
1975 337
1892 1511
1977 865
1952 864
1958 1474
1976 1405
1959 1301
1961 701
1960 1199
1998 88
1971 1700
1967 1399
1979 351
1974 1265
1989 168
1997 1917
1990 456
1978 1317
1994 564
1987 672
1983 1699
2000 1680
1988 570
1999 655
1996 1099
1993 1165
