50 0 0 1000 1000
250 250
750 750
708 708 57
789 792 57
806 693 42
692 806 41
836 740 13
663 761 12
735 837 12
761 663 12
837 839 10
660 660 9
727 771 8
770 728 8
658 840 7
841 658 7
752 843 6
843 758 6
656 674 5
656 742 5
656 777 5
674 656 5
718 844 5
742 656 5
777 656 5
843 722 5
843 823 5
208 208 57
289 292 57
306 193 42
192 306 41
336 240 13
163 261 12
235 337 12
261 163 12
337 339 10
160 160 9
227 271 8
270 228 8
158 340 7
341 158 7
252 343 6
343 258 6
156 174 5
156 242 5
156 277 5
174 156 5
218 344 5
242 156 5
277 156 5
343 222 5
343 323 5
