50 0 0 1000 1000
578 694
577 255
535 213 57
616 297 57
633 198 42
519 311 41
663 245 13
490 266 12
562 342 12
588 168 12
664 344 10
487 165 9
554 276 8
597 233 8
485 345 7
668 163 7
579 348 6
670 263 6
483 179 5
483 247 5
483 282 5
501 161 5
545 349 5
569 161 5
604 161 5
670 227 5
670 328 5
536 652 57
617 736 57
634 637 42
520 750 41
664 684 13
491 705 12
563 781 12
589 607 12
665 783 10
488 604 9
555 715 8
598 672 8
486 784 7
669 602 7
580 787 6
671 702 6
484 618 5
484 686 5
484 721 5
502 600 5
546 788 5
570 600 5
605 600 5
671 666 5
671 767 5
