50 0 0 1000 1000
739 291
226 684
184 642 57
265 726 57
282 627 42
168 740 41
312 674 13
139 695 12
211 771 12
237 597 12
313 773 10
136 594 9
203 705 8
246 662 8
134 774 7
317 592 7
228 777 6
319 692 6
132 608 5
132 676 5
132 711 5
150 590 5
194 778 5
218 590 5
253 590 5
319 656 5
319 757 5
697 249 57
778 333 57
795 234 42
681 347 41
825 281 13
652 302 12
724 378 12
750 204 12
826 380 10
649 201 9
716 312 8
759 269 8
647 381 7
830 199 7
741 384 6
832 299 6
645 215 5
645 283 5
645 318 5
663 197 5
707 385 5
731 197 5
766 197 5
832 263 5
832 364 5
