47 100 100 123 123
105 105
117 117
102 102 1
105 102 1
108 102 1
111 102 1
114 102 1
117 102 1
120 102 1
102 105 1
108 105 1
111 105 1
114 105 1
117 105 1
120 105 1
102 108 1
105 108 1
108 108 1
111 108 1
114 108 1
117 108 1
120 108 1
102 111 1
105 111 1
108 111 1
111 111 1
114 111 1
117 111 1
120 111 1
102 114 1
105 114 1
108 114 1
111 114 1
114 114 1
117 114 1
120 114 1
102 117 1
105 117 1
108 117 1
111 117 1
114 117 1
120 117 1
102 120 1
105 120 1
108 120 1
111 120 1
114 120 1
117 120 1
120 120 1
