50 0 0 1000 1000
500 200
500 800
458 758 57
539 842 57
556 743 42
442 856 41
586 790 13
413 811 12
485 887 12
511 713 12
587 889 10
410 710 9
477 821 8
520 778 8
408 890 7
591 708 7
502 893 6
593 808 6
406 724 5
406 792 5
406 827 5
424 706 5
468 894 5
492 706 5
527 706 5
593 772 5
593 873 5
458 158 57
539 242 57
556 143 42
442 256 41
586 190 13
413 211 12
485 287 12
511 113 12
587 289 10
410 110 9
477 221 8
520 178 8
408 290 7
591 108 7
502 293 6
593 208 6
406 124 5
406 192 5
406 227 5
424 106 5
468 294 5
492 106 5
527 106 5
593 172 5
593 273 5
