50 0 0 1000 1000
97 80
500 500
458 458 57
539 542 57
556 443 42
442 556 41
586 490 13
413 511 12
485 587 12
511 413 12
587 589 10
410 410 9
477 521 8
520 478 8
408 590 7
591 408 7
502 593 6
593 508 6
406 424 5
406 492 5
406 527 5
424 406 5
468 594 5
492 406 5
527 406 5
593 472 5
593 573 5
418 595 4
429 512 4
512 429 4
512 487 4
568 488 4
570 595 4
404 579 3
465 518 3
479 532 3
483 572 3
485 512 3
511 596 3
531 481 3
579 404 3
594 418 3
594 517 3
595 564 3
596 464 3
596 523 3
403 431 2
403 436 2
403 480 2
403 485 2
403 499 2
403 534 2
