46 0 0 1000 1000
451 31
688 270
345 538 344
839 720 160
844 292 155
623 892 106
117 131 116
607 122 121
871 66 65
382 97 95
154 897 62
253 42 41
446 933 63
737 529 48
253 940 45
928 932 67
913 528 45
788 917 43
763 76 41
963 146 33
63 840 45
46 761 29
254 179 26
726 974 25
328 927 31
62 968 31
317 981 18
55 295 34
656 270 31
972 571 27
849 496 26
45 917 22
726 443 36
525 977 22
18 385 17
694 382 19
956 479 20
471 183 28
258 131 22
31 337 14
977 93 21
965 26 25
830 972 26
21 249 20
940 107 12
21 722 17
821 540 20
975 848 24
