50 0 0 1000 1000
500 900
500 100
250 250 249
250 749 249
750 250 249
750 749 249
63 499 62
437 499 62
563 499 62
937 499 62
477 947 52
476 52 51
44 956 43
956 956 43
43 43 42
955 43 42
561 36 35
563 963 35
28 414 27
28 581 27
470 582 27
471 416 27
528 414 27
528 581 27
970 582 27
971 416 27
404 975 24
405 25 24
22 103 21
22 894 21
103 22 21
105 977 21
894 978 21
895 22 21
977 103 21
978 894 21
145 498 20
352 499 20
521 107 20
645 498 20
852 499 20
520 887 19
612 19 18
613 981 18
481 119 16
481 879 16
539 917 16
16 373 15
16 622 15
482 623 15
483 375 15
516 373 15
