50 0 0 1000 1000
387 443
660 42
665 721 277
781 224 218
193 193 192
193 636 192
487 100 99
487 343 99
95 905 94
291 905 94
933 934 65
934 509 65
52 391 51
334 391 51
435 491 47
435 950 47
958 39 38
960 609 38
960 832 38
961 405 37
424 220 36
607 37 36
605 407 35
353 34 33
353 477 33
33 33 32
33 476 32
33 793 32
133 410 32
249 410 32
352 794 32
532 221 30
969 677 30
969 764 30
843 970 29
845 473 29
191 411 26
192 974 25
502 975 24
411 557 23
411 881 23
501 467 23
23 323 22
363 323 22
481 222 21
192 847 19
660 20 19
902 20 19
979 92 19
907 424 18
979 353 18
654 425 17
