50 0 0 1000 1000
794 554
253 825
211 783 57
292 867 57
309 768 42
195 881 41
339 815 13
166 836 12
238 912 12
264 738 12
340 914 10
163 735 9
230 846 8
273 803 8
161 915 7
344 733 7
255 918 6
346 833 6
159 749 5
159 817 5
159 852 5
177 731 5
221 919 5
245 731 5
280 731 5
346 797 5
346 898 5
752 512 57
833 596 57
850 497 42
736 610 41
880 544 13
707 565 12
779 641 12
805 467 12
881 643 10
704 464 9
771 575 8
814 532 8
702 644 7
885 462 7
796 647 6
887 562 6
700 478 5
700 546 5
700 581 5
718 460 5
762 648 5
786 460 5
821 460 5
887 526 5
887 627 5
