50 0 0 1000 1000
335 709
685 321
643 279 57
724 363 57
741 264 42
627 377 41
771 311 13
598 332 12
670 408 12
696 234 12
772 410 10
595 231 9
662 342 8
705 299 8
593 411 7
776 229 7
687 414 6
778 329 6
591 245 5
591 313 5
591 348 5
609 227 5
653 415 5
677 227 5
712 227 5
778 293 5
778 394 5
293 667 57
374 751 57
391 652 42
277 765 41
421 699 13
248 720 12
320 796 12
346 622 12
422 798 10
245 619 9
312 730 8
355 687 8
243 799 7
426 617 7
337 802 6
428 717 6
241 633 5
241 701 5
241 736 5
259 615 5
303 803 5
327 615 5
362 615 5
428 681 5
428 782 5
