50 0 0 1000 1000
603 292
849 554
286 665 279
819 185 164
231 210 173
706 764 136
681 476 129
525 143 127
462 344 78
912 900 75
903 669 79
928 463 62
553 901 62
67 393 65
79 60 31
735 956 33
579 324 37
841 400 44
955 784 36
446 963 34
110 936 37
804 926 32
664 945 33
963 345 34
657 42 34
34 868 31
803 604 39
369 48 39
630 267 35
40 121 36
940 556 31
36 954 35
180 959 33
873 784 31
596 615 32
957 44 32
365 967 31
32 264 31
850 525 20
679 307 21
913 382 16
981 98 15
560 376 18
980 609 17
984 965 15
502 979 19
526 459 18
832 477 21
133 27 25
843 832 15
38 215 18
274 26 15
