50 0 0 1000 1000
250 750
750 250
388 388 387
800 802 197
143 857 142
857 143 142
488 882 117
880 498 117
67 67 66
936 329 60
323 942 57
56 680 55
680 56 55
824 335 52
332 822 50
624 960 39
960 630 37
964 965 34
34 161 33
161 34 33
575 762 31
30 600 29
600 30 29
758 579 29
25 974 24
974 25 24
976 256 22
253 978 21
977 399 21
21 747 20
391 979 20
747 21 20
20 212 19
212 20 19
677 981 18
979 682 18
18 551 17
126 697 17
281 778 17
551 18 17
697 126 17
778 281 17
982 915 17
391 791 16
791 395 16
913 983 16
572 984 15
982 582 15
14 244 13
244 14 13
297 875 13
357 880 13
