50 0 0 1000 1000
350 650
650 350
500 500 199
335 335 34
665 665 34
329 669 28
669 329 28
375 679 19
679 375 19
319 620 18
620 319 18
317 382 16
382 317 16
613 683 16
681 617 16
404 687 11
687 404 11
311 408 10
311 590 10
408 311 10
590 311 10
689 590 10
585 690 9
341 634 8
634 341 8
308 425 7
360 652 7
422 691 7
425 308 7
652 360 7
691 422 7
307 570 6
307 641 6
354 693 6
570 307 6
570 693 6
625 663 6
633 693 6
641 307 6
692 572 6
693 354 6
693 636 6
306 306 5
306 362 5
306 693 5
337 374 5
351 643 5
362 306 5
374 337 5
434 694 5
641 352 5
661 626 5
