50 0 0 1000 1000
250 500
750 500
581 313 252
765 747 219
197 779 196
131 376 130
116 100 99
907 185 92
456 897 88
289 85 74
480 665 77
938 480 61
791 69 68
942 343 57
66 553 58
345 542 76
589 960 39
43 218 39
287 241 50
314 436 34
458 43 42
177 212 28
293 356 33
926 956 43
838 455 41
947 568 27
620 30 29
390 72 27
233 521 27
690 46 35
852 385 28
905 58 35
77 970 29
173 566 18
966 44 27
262 459 22
237 170 25
566 601 27
343 169 25
525 796 25
440 765 30
680 974 23
852 316 19
35 938 23
382 638 24
214 242 19
853 974 24
279 979 20
971 884 28
964 91 17
536 36 28
561 910 17
