4000
1552 3220
2344 3400
551 3593
222 3178
1318 2736
1913 2774
65 541
392 3074
504 1822
203 1127
2648 3208
1462 1853
1687 3864
866 2790
233 1528
1818 1863
817 2583
3565 3593
22 1604
1846 3689
1297 3331
187 3362
1765 3301
1756 2578
1513 3212
1388 3287
1228 3718
1776 3336
1276 2871
3127 3738
3043 3163
1948 2671
1645 2956
1032 2417
1086 3597
900 2523
333 2140
2155 2744
706 3025
217 3742
2804 2838
320 491
1491 2923
249 984
296 2873
1621 1755
669 3669
635 2990
1932 2746
2359 3659
2355 2494
1282 1389
2707 3446
3271 3987
906 1079
454 2493
647 702
1518 2064
519 3563
1109 2947
1027 3509
2371 3210
278 2654
100 2847
2375 2956
1654 3096
746 3594
1455 3604
1751 3201
838 2401
3585 3879
456 2862
549 3752
176 1587
326 675
536 1023
1523 1779
1235 2479
2165 2369
445 2358
483 2786
192 403
593 3882
3527 3949
1289 3501
1297 3670
294 2561
197 1103
313 3806
1986 3090
2784 2819
1044 3107
506 2460
32 293
3027 3506
969 2322
877 965
1131 1823
2857 3596
181 3063
455 2744
966 1011
1694 2920
178 612
434 3010
1634 1889
3310 3579
24 1721
254 3874
224 1074
1426 2076
1195 1311
2922 3366
2537 3973
2141 3419
549 3015
89 2256
325 1018
1598 1913
733 3576
429 1141
2500 2931
91 3523
2104 2751
520 2539
1201 2982
1116 2422
68 3881
1892 3984
1399 3965
2748 3078
357 3658
356 379
1258 2439
1627 2775
931 1104
982 2847
752 2469
640 3444
1146 3329
119 1437
18 2830
919 3641
2068 2571
790 1416
1049 3871
825 3205
3787 3840
1553 3894
1827 3590
2588 3504
850 3291
1862 3821
2357 2664
1179 1412
2806 3932
1111 3521
247 2363
28 3124
459 2067
2356 3685
1926 2479
1623 2285
90 2778
53 3116
1825 2398
692 3463
2855 3502
236 1379
2528 3360
2733 3112
3313 3624
564 2613
1871 2197
180 185
2323 3805
2761 3806
376 2492
1949 2386
287 2696
3594 3967
1396 3184
768 1841
2269 2390
645 863
1035 1917
1260 3750
2478 3264
2436 3731
92 1310
2474 2567
5 1817
3122 3792
883 918
3427 3822
1028 2818
629 1877
2626 3597
268 2587
2014 3860
1215 2117
436 3177
581 2530
33 59
716 1591
1158 3733
547 1773
2234 3232
127 2935
1547 2991
3706 3920
2660 3976
388 1459
1808 2554
2313 2866
797 3391
1691 2075
666 789
1760 3637
1299 2679
527 2447
150 2276
3332 3547
747 3766
257 3071
2400 3481
1049 3612
23 3827
730 2514
2040 3373
543 1532
934 949
326 2169
2900 3185
129 3117
2720 3907
556 3851
1024 3670
1150 1755
1342 3992
1539 2073
924 3988
1835 3797
16 2202
1740 2158
2950 3031
260 3993
1404 2362
1626 3891
1409 3824
1901 2240
2212 2215
2134 2712
428 3433
12 643
335 3083
341 411
98 1841
574 2986
8 619
1339 2249
2312 2617
2101 2194
195 3473
61 2558
194 2044
1608 2990
1578 3819
3289 3786
762 1330
3523 3658
1386 3159
125 3813
427 831
1493 3400
232 994
693 2552
796 3467
130 3082
2266 3314
760 3072
68 1407
2595 2869
654 709
386 1348
435 1802
91 3131
86 2356
1013 1688
1477 1651
912 3648
1933 2760
2676 3405
1896 1998
1710 2024
3512 3639
2524 3934
722 2979
2339 3413
1808 2364
240 2840
1661 2010
1602 2272
1873 3709
106 3327
1373 1702
1124 3382
2501 3564
1271 2680
711 1415
2515 2823
451 1449
3209 3928
364 426
2306 3411
1495 1939
73 2665
1168 1519
659 1099
638 691
267 1080
1616 2314
2534 3538
572 719
20 3493
282 380
1820 2143
1936 3384
631 2747
632 3986
849 1153
1021 1729
1083 2600
1070 1260
1372 3704
1812 2562
1118 1400
2481 3191
2670 3791
589 3397
567 2995
2988 3273
894 3754
2093 3628
1195 1788
497 2306
681 3960
578 1488
3342 3489
1328 1657
837 3060
81 1100
2421 3912
347 1893
686 1945
206 1684
2623 3326
1544 3981
2652 3817
911 3842
570 1352
3221 3869
2444 3478
1845 3398
1296 1807
2656 3702
1485 1643
2815 3497
2283 3657
1518 3649
606 3202
685 1611
980 3003
400 3292
190 566
123 1447
21 2257
1133 1241
1773 2088
1548 2799
2962 3194
58 882
2383 3444
3383 3936
1118 2770
624 973
2192 2353
3566 3777
25 370
2455 3487
1503 1734
918 2737
1068 3381
2188 3878
134 3964
1563 2062
2575 3857
1927 3583
2214 2656
871 2615
2211 3736
1493 2870
1372 2955
557 3441
432 2582
2773 3808
389 2887
2827 3953
3087 3121
1133 3191
722 755
550 3707
3196 3702
682 1559
925 1582
2324 3701
533 1552
785 3819
397 3922
39 3282
994 2945
2361 3386
1394 3731
766 2586
501 898
213 2125
1316 3946
146 3662
1434 2236
1286 2138
877 3356
2674 3527
138 601
1338 2738
3359 3615
716 2053
1580 2233
2190 3393
819 3251
2254 3389
244 2038
431 1537
417 2991
867 2596
3459 3741
3223 3575
3524 3692
2810 3784
1799 2574
1923 2151
2497 3848
1088 3015
2486 3391
1981 3865
1987 2522
291 2231
2331 3930
2334 3693
2711 3909
1801 2084
1474 3220
1134 2538
3021 3449
1376 2055
2342 2777
2488 3754
1619 2457
485 3368
74 3293
1890 3752
1568 2661
2542 3175
2788 3893
1514 3726
1549 2281
787 2004
1322 3839
2112 2800
1973 3467
356 1143
1977 2651
1993 2628
1562 3319
2679 3728
3105 3151
1368 2312
3692 3703
1005 2751
1502 3579
1880 2205
3023 3283
1710 2934
1136 2707
1582 3816
2053 3952
33 3193
1191 1458
915 1524
1092 3060
628 3757
2335 3803
216 583
124 2882
1219 1750
3635 3863
3435 3600
1782 2813
217 2729
1875 2592
864 2532
774 3106
784 3761
1446 2048
1791 3237
1599 3113
1463 1589
1660 1663
2283 2579
2779 3786
1367 2926
1033 1246
3376 3997
1507 3405
768 2901
732 2181
2142 3923
433 1224
1812 3632
275 2687
2078 2214
941 3242
1468 3525
508 2727
1481 2715
1299 1643
781 2742
734 3585
1880 2254
2197 2996
35 803
1638 3605
492 1834
475 3962
2726 3671
2006 3718
1369 2867
353 3866
1939 3004
295 1648
1096 1688
542 3408
2663 2992
1159 3823
497 1895
580 1410
3157 3755
1052 2058
2136 2946
1123 1423
110 671
612 2554
49 988
2223 3066
1788 3150
325 2391
2055 2951
853 865
1051 1682
644 3558
937 2941
121 3064
670 3376
1043 2597
2310 2985
2110 3266
930 1868
624 3439
946 1107
464 1326
97 874
1430 3944
1389 2493
27 262
1732 3295
498 2185
1784 3555
189 271
1539 3486
1162 2735
2484 3302
1403 1718
699 3540
212 393
954 1220
617 3910
1628 2975
1101 3567
1497 1635
2120 3995
248 3753
471 1238
1094 2569
1836 1879
474 1689
2265 2522
109 3162
662 3067
708 2669
704 1584
1060 2327
838 3883
2170 3609
2574 3139
935 1014
2178 3564
292 447
611 2298
2821 3056
912 3971
2229 3354
829 3120
2218 3511
2625 3888
246 1713
1010 2826
54 3437
711 1666
1068 2586
3225 3716
1824 2982
548 1190
2252 3939
822 2210
2692 3482
923 3531
1498 2024
657 885
1610 3765
1769 2877
1219 1522
779 3011
591 3149
3528 3644
2971 3331
731 2201
117 2301
659 2420
2833 2985
1173 2978
327 3788
763 2338
158 2228
1635 1785
2917 3288
1466 1906
1321 1594
3206 3653
288 2280
359 2739
3153 3542
1021 2693
1818 2757
156 3690
626 2715
2934 3271
3102 3682
1217 1717
1222 2477
706 1533
2127 2177
2237 2379
938 1312
2101 2608
1894 3048
1916 2220
2782 3844
1081 3618
1677 3477
2206 2292
1244 2029
1191 3209
2830 3799
234 2582
2446 3375
174 1658
1031 1072
755 2174
499 2895
3107 3257
486 1567
8 2496
437 1450
245 520
1483 3286
1408 2199
82 854
1591 2413
496 3000
1588 2027
2337 3200
114 2396
816 2680
1891 2079
1632 1669
2094 2125
115 809
2305 2906
1232 3678
3022 3767
576 2498
1969 2673
2250 2288
59 154
1484 3922
2638 3009
1851 3164
804 2836
1317 3614
1418 2152
166 2343
996 2012
377 630
474 3171
51 957
3118 3200
1033 1234
665 3186
1857 2282
1282 3969
845 3768
588 984
1071 3269
1357 2161
270 3207
2472 3388
3359 3426
341 2732
1349 1394
2511 2860
1174 3381
1604 1889
225 1883
255 2863
2321 3067
2503 3349
2020 3559
1979 3131
517 3244
1089 1233
1204 2421
299 2351
1227 3896
1646 3518
1852 2701
441 3949
1757 2971
555 1284
383 3663
1036 3059
431 1152
1250 2054
332 1714
434 3194
1283 1840
3582 3672
164 951
2989 3869
1061 2485
159 307
17 1826
640 3037
1460 3203
2651 2767
2345 3499
122 1556
1631 3379
1451 3948
556 3118
2452 3656
949 2698
3024 3361
545 1905
3720 3870
1494 2807
2014 2434
19 3535
223 3165
1362 2954
1603 3260
667 1966
1799 3244
1438 3854
1345 3783
1509 3425
1730 3039
1912 3654
2563 3330
1823 2026
458 534
376 3474
475 2741
192 1053
511 3013
2313 3899
907 1303
743 2765
1480 3769
1398 3832
3620 3953
1628 3088
3161 3988
480 2661
1871 3219
1625 3971
1058 2209
1609 2378
1619 2989
1829 2534
1780 2258
1815 3172
1524 3561
1874 3865
2203 2784
274 3025
1242 3310
37 791
2419 3256
1596 2940
3046 3901
2557 2963
2473 3708
1557 3547
2325 3035
369 1830
130 2287
821 2732
1529 2695
681 2541
2455 3106
212 3422
18 2576
1501 3476
1947 3284
2144 2581
2838 3056
2675 3335
1161 2770
534 3142
1262 3207
1952 2204
1301 3199
143 3263
3160 3771
1813 2912
115 1588
1952 2430
860 2211
1418 3323
29 1838
1073 1238
2157 3477
631 2072
395 3842
1534 2387
1800 1960
944 2280
1567 3113
407 3994
3565 3679
409 2976
252 3770
1106 2463
1473 2431
2381 2617
1135 2011
3130 3935
1655 2074
1245 2196
1302 3835
868 901
1192 3228
1308 2452
190 1575
1647 3296
2568 2692
784 1417
2402 3337
334 2684
1409 3411
769 3225
2241 2953
1098 3210
514 3990
2869 3144
677 2249
1188 3647
2347 2835
318 3688
1305 1475
3311 3745
616 3250
74 3415
2000 3635
771 3356
1261 1590
2268 3383
914 3307
1358 3948
15 201
2372 2717
1578 3610
3083 3580
505 1659
2305 3919
69 717
1932 2540
1256 3713
2742 3440
1246 3216
3811 3975
97 1237
1697 2281
780 1507
881 2279
952 975
20 1747
516 2035
574 893
1744 3813
445 972
396 521
123 834
1095 2907
2419 3322
2175 2757
204 450
825 3128
415 2996
1079 2827
113 1888
1052 3608
1251 3729
1308 3947
1076 3860
2666 3711
358 3427
2113 3506
1716 2640
1101 2828
2238 3187
643 1585
1266 2027
2615 3522
1334 3005
3552 3919
344 3885
607 3085
2184 2641
694 1908
2545 3022
891 2857
1566 2187
297 1395
3172 3856
186 2585
2749 3562
498 1011
793 2734
1989 2193
482 1037
1128 2851
1163 3379
1868 3706
1929 2495
518 1550
1363 1640
156 977
1481 1746
2303 2671
362 3727
1970 2156
2626 3498
2315 3012
3028 3629
495 2475
30 3568
895 2723
71 2077
1929 3887
677 1313
165 1377
1727 2370
259 3346
1066 2614
2190 2278
2072 2524
1672 2560
1980 2970
2703 2795
1796 2324
1265 2941
1206 3221
377 476
198 1444
1358 1845
183 2028
128 2706
858 1790
1787 3246
2035 3856
1540 1885
939 2672
2845 3691
348 886
2077 3792
2304 2797
209 2781
1008 2622
1897 3171
1214 3070
1768 3251
2343 2501
796 2896
1594 3651
36 1907
880 1953
414 3091
1720 3609
2389 3783
997 3661
1080 3307
1719 2333
42 3764
1022 3238
1041 1593
1009 2355
2688 3144
1417 1819
1145 2832
997 1346
742 748
1948 2302
2490 3610
926 3858
1383 2998
2071 2573
2433 3309
576 3497
1482 2135
1691 2453
772 2428
380 911
862 3931
2075 2564
398 538
2137 2599
833 3798
2968 3970
2092 2866
2604 3966
960 1749
2519 3589
1743 2286
1976 2209
2958 3720
1791 2405
900 2009
3588 3807
1531 2307
682 1151
378 3298
2225 2856
57 1869
1274 2286
383 3047
1657 2061
2541 3041
1343 3495
587 1562
1399 1963
1551 2416
736 3773
2068 2200
297 3402
1249 2015
3747 3982
1584 3886
2023 2669
75 3890
47 3479
1576 2397
805 2380
2628 2887
444 2500
988 2435
245 3675
500 1091
1538 2783
1782 2548
2023 3657
3516 3996
568 1442
1062 2448
1207 1216
993 3245
1942 3094
1366 3951
416 1057
794 3915
250 3010
1321 3008
3330 3974
1793 3034
844 1583
2753 3348
870 3897
375 2780
81 687
875 2533
1451 3068
970 2050
1511 2139
1178 2098
1055 3347
1762 1963
1712 1867
2449 2820
778 1686
767 3049
3326 3834
311 3989
973 2102
859 2278
2258 2437
1883 3279
2468 2516
469 1990
660 2677
600 2634
601 3217
448 936
1490 1545
140 3708
309 2931
2154 2817
1171 3799
1698 3353
700 1636
2233 3406
814 1478
2966 3492
1304 1339
844 1560
305 2629
1741 1985
3049 3569
1449 1613
3386 3994
892 1169
936 1570
54 141
802 1346
892 2335
2071 3627
415 1132
1445 2678
947 3802
438 3239
907 2890
673 3436
1053 1800
785 3984
613 1709
1144 3823
1989 3740
2639 3095
3365 3525
1746 2861
160 3214
945 1686
1519 3011
55 419
164 1959
1220 3796
950 1046
840 2017
1826 2630
248 1515
3512 3674
3295 3578
1787 1958
250 998
2173 2689
967 2636
76 1566
1797 3683
3093 3682
426 1848
638 3559
3320 3762
1673 2824
1569 2060
2229 3636
509 3546
360 2677
1239 1916
656 903
147 3378
2392 3468
1401 3198
98 1405
3770 3851
857 3735
908 3401
930 3352
3472 3546
2745 3514
73 573
693 1959
2781 3027
2683 3320
1110 3438
808 1329
417 2799
2 1774
2793 2897
424 2354
1844 2839
142 2437
2443 3749
1680 3979
593 1445
1479 3394
1486 1655
1348 1794
2772 3481
1120 1894
889 3478
2536 3270
2159 2517
3899 3967
765 3539
1863 2840
1759 3533
2195 3216
1510 2393
171 1915
397 2383
2568 3957
2480 3183
684 3725
3460 3554
1009 3343
1343 1714
2018 2687
2694 3638
871 2759
2567 3642
1333 2894
56 1198
1653 2637
2883 2892
2290 2416
1456 3987
2255 3901
1547 3062
1887 2038
1037 3598
3081 3236
1067 2771
608 1847
13 3334
3229 3482
830 1016
1032 2226
466 1667
2509 3677
2780 3853
1920 3932
1402 2673
108 1102
3054 3884
40 2399
1919 3299
393 1654
96 2546
1506 3276
990 1699
2462 3384
1982 2404
40 3933
21 366
3434 3945
1865 3863
9 1259
3278 3602
2334 3669
1760 2418
1273 2925
665 1371
2850 3148
1272 2065
3418 3734
2183 3793
1020 2647
2791 3661
3950 3960
639 2858
379 2130
2881 3463
776 2375
517 2665
692 3859
218 2105
493 1712
1797 3931
303 1860
959 1199
2591 3361
2170 3162
1454 2957
1130 2765
238 1026
3040 3606
814 2293
178 204
58 1902
2316 3721
1119 1726
2179 3388
1025 1489
3690 3917
1247 1324
416 1983
590 3299
3370 3614
139 3500
2443 3419
627 1243
304 2911
3924 3954
599 2361
648 1910
1805 2036
1139 3262
1286 2461
84 292
1676 2362
1476 1695
2741 3341
1288 2945
2047 3453
1914 3825
852 2708
1224 2733
1621 2144
210 3008
1537 2644
1935 2690
442 2378
1465 1664
1144 2454
1564 2275
519 1859
2659 3360
1085 2114
408 3838
1245 3018
1761 2434
103 867
527 1381
439 1951
251 3413
812 1120
1542 2530
296 3434
2264 3341
642 2853
261 390
1354 2663
270 331
1278 3703
464 678
329 2130
1716 1859
618 3170
470 1555
267 2791
298 3846
705 715
713 3914
157 3152
205 2363
888 2621
2272 3725
78 1661
2916 2959
810 1599
1357 1363
67 3880
1185 1705
721 1123
412 1586
1443 1556
603 2213
963 1554
1671 2804
2598 3975
149 1532
1925 3312
1006 2328
762 1184
1748 2022
2093 3030
3202 3640
2064 3414
355 2660
2424 3667
1130 3505
661 1960
703 2043
1543 3915
2188 2925
229 1769
2051 3666
1438 2754
2958 3933
490 3875
2630 4000
526 745
2612 2808
1709 2992
381 2610
62 1766
281 349
2147 3714
1338 3749
623 908
1026 3182
584 2212
995 2045
3471 3907
440 1789
1938 3876
339 2317
2803 3664
120 835
2162 3473
1043 2769
1293 1861
2057 3936
1534 3769
971 1715
3123 3642
342 1477
1090 2440
108 3917
1252 3294
571 839
184 3772
866 2977
2109 2802
689 3235
194 1038
2579 3678
7 3394
1212 1683
369 2759
1265 1415
2259 3797
273 2395
901 1232
125 1391
1722 3469
2109 3426
374 1509
940 3717
625 1664
2852 3495
1429 3231
2323 3158
3584 3925
2874 2954
3334 3972
239 3668
2007 2146
279 1432
537 2204
349 1772
1287 1886
442 3970
2526 2618
636 2191
1211 1858
2145 3654
5 413
962 2924
286 1111
603 2831
1442 3541
2517 3771
1758 1785
1964 2833
450 2284
1078 1965
1013 2274
836 2235
933 1895
811 1284
2899 2980
346 2243
1766 2111
1030 2868
2883 3760
610 3366
243 256
2097 2722
2653 2667
568 1382
967 2923
160 847
776 806
602 2999
277 1615
2477 3637
1382 1478
1248 3455
2812 3353
577 1461
25 2578
569 2271
2933 3641
748 3548
3014 3243
281 2571
745 3634
780 1210
736 1283
939 1160
457 3830
932 2118
1492 1521
2082 3501
1027 1194
455 1018
889 3552
2466 2473
1208 1413
2491 2668
1763 3466
284 1967
384 3278
770 3757
588 2940
702 2700
214 551
641 2289
828 2298
1728 2390
1830 3537
909 1846
2758 3812
1881 3780
985 2076
1256 2657
131 3234
12 1837
2121 3333
580 2688
131 2894
2358 2682
2025 2033
120 3603
473 1230
607 2930
1063 3715
991 3230
2218 3804
226 3691
1947 2222
1598 3956
758 1456
1047 3489
1121 3739
948 3324
1317 3855
959 3321
1899 3626
283 896
1429 3515
55 3469
200 943
510 3460
2309 2666
863 3916
216 2556
986 2175
2593 2969
2864 3848
1334 2658
491 1005
1298 1848
894 1805
559 1294
843 1016
632 2037
986 3779
1187 1278
1050 3387
17 1919
1292 3157
482 596
3142 3959
854 929
726 2078
933 2724
1064 1558
318 1306
246 2756
1388 2006
621 672
3109 3297
1612 2445
1618 1837
604 1574
872 1675
531 764
1137 3124
472 1075
1206 2872
2471 3256
1624 3977
848 3406
3146 3369
790 3323
1530 3870
1525 2962
1084 2478
1277 2227
1741 3319
385 2762
696 2359
38 1347
1776 2891
746 2288
3265 3722
3524 3674
2929 3805
3099 3903
2817 3164
256 2547
2716 3985
2496 3436
1443 2163
1775 3399
2750 3686
1702 2594
195 2558
1226 2987
2747 3398
29 317
944 1996
1962 3582
350 437
1648 2432
2527 3236
1980 3847
85 1925
1706 3723
2681 3452
849 896
1904 3959
237 1069
2216 3428
3185 3355
411 893
1737 3722
274 3073
1703 3044
94 3274
3503 3606
1640 2977
1269 3390
52 3127
600 770
935 1250
1156 2148
955 3111
795 1345
1181 1622
1844 2800
1550 2080
2349 3110
1183 3587
1972 3166
2294 3262
1379 2594
1849 2465
1200 2874
1485 3173
2189 2273
2551 3483
392 3300
544 1906
201 221
2159 3831
1546 2081
240 2528
1704 3279
1915 2876
1435 3530
839 3240
312 2295
529 3504
608 1108
996 2257
1955 3098
110 855
535 1095
481 1007
529 2631
537 1103
162 3218
801 2916
1403 3373
66 1194
229 3510
816 1944
940 2814
171 1679
2303 3091
609 2890
884 3905
2008 3740
835 2350
3064 3696
282 3396
743 2998
2843 3837
88 3900
613 2976
2815 3714
175 1995
2682 3300
1680 3627
1044 3996
800 1149
336 2032
956 1974
1548 3666
152 3180
891 3589
528 1528
88 463
929 1526
345 1873
387 3626
1034 2021
559 2409
1276 1887
719 957
1325 2337
335 2970
2253 3956
1482 2870
2119 3358
1499 2834
729 1764
563 3765
493 2836
1077 2735
950 3612
27 124
1683 2268
2499 2731
114 2912
605 1697
1874 2865
227 288
1386 3377
1180 1891
671 3613
869 3776
10 2632
1213 2207
2148 2506
861 2417
2721 3138
945 1651
1854 3089
1200 2910
3318 3550
203 662
3165 3910
1421 3422
2904 3371
1108 1142
389 1139
1924 3937
487 1503
864 3188
3197 3302
1522 2576
1034 1126
289 314
1488 3454
1047 3072
133 3581
2525 3031
1444 2974
456 2408
2449 2570
715 2779
1432 2376
1330 2547
2042 2810
1529 3250
32 2550
2994 3346
2973 3764
709 3182
1176 1543
418 3977
2311 2589
62 1505
210 2464
1298 3794
922 1411
2953 3998
1816 2789
269 3732
1280 1920
3099 3557
1085 2734
47 1824
2792 2803
3041 3532
1453 2858
734 3866
672 741
1953 2711
1228 3629
449 3513
247 1150
405 846
303 3476
154 2564
2566 3488
1296 2099
478 2002
300 1252
432 899
2607 3543
2136 2895
1306 3410
1353 1457
2059 3117
3432 3838
884 3277
2480 3526
473 1535
1205 2086
2407 3096
260 989
895 1093
2290 2498
2282 2292
391 599
663 3364
3076 3847
1106 1946
3141 3502
2222 2224
504 2267
2645 3198
345 1113
1209 3382
3168 3515
1291 3055
3378 3736
451 2995
878 3090
396 3728
3268 3782
2018 3283
2193 3169
712 3169
2270 3351
289 647
34 1316
876 2158
1469 3259
1857 3351
128 812
1361 3340
2413 3003
1479 2208
1660 3286
591 1010
535 3084
338 1332
1081 2969
919 1186
241 2274
148 2798
904 1937
946 1851
1218 1703
2060 3229
695 3785
2236 3918
2340 3139
2275 2837
207 1607
3147 3416
832 2196
1502 2914
1336 3357
99 122
1017 2631
200 1400
1325 1458
1084 3385
1491 3484
1958 3883
265 3980
16 3647
897 1636
401 489
2565 3352
1028 2590
694 3534
1701 1949
1561 1653
3705 3818
1738 3980
582 1344
1606 1924
290 3633
1304 1371
1840 2310
1164 3549
2374 3558
653 3978
837 923
597 822
2859 3836
405 3519
679 1668
490 636
2215 3102
321 620
2604 3308
308 3735
72 3587
2351 2993
398 2635
2080 2905
3712 3972
972 1199
83 3862
1385 2147
3340 3431
903 2129
2207 3336
733 2798
1447 1796
1884 3079
1497 3306
1781 2538
558 3285
375 2187
2052 2384
354 3790
80 3630
1361 1649
1289 1568
412 2696
573 3218
1674 3998
2725 3452
1039 2750
948 1527
136 3688
2845 3679
340 521
879 3982
3517 3704
1881 2771
2271 2796
3531 3828
2297 3778
2935 3145
462 2867
947 992
2163 3545
512 3175
2246 3424
362 2364
2431 2704
3204 3522
485 2166
19 444
1430 3181
2069 3592
1814 2155
2099 3944
3128 3438
1737 3832
586 2029
322 1038
991 2224
3045 3111
1900 2438
3115 3284
1040 2108
2497 3458
1288 1557
850 2965
2629 3876
2156 3133
1879 3051
9 1473
1734 3574
197 2325
3494 3968
3 3247
374 2616
1376 2320
3001 3793
1875 3006
168 3795
1964 3983
2909 3409
663 3255
284 1733
1615 3348
1237 2248
1007 2085
77 1020
1668 2403
56 886
1992 3305
1662 2475
3412 3595
224 2521
902 2169
2079 3222
1208 2963
1421 3316
586 2135
701 2928
516 2394
1778 2489
1258 1798
104 2246
23 69
680 958
1042 3232
1046 3260
34 3965
921 2898
2705 3650
2368 2739
196 902
149 385
129 1750
142 2610
1350 1770
1514 2854
604 2247
1066 2600
3084 3763
26 2904
422 495
668 1885
1454 1590
691 2698
1901 3290
406 2297
1099 3044
1876 3402
3052 3086
1337 1937
1102 2942
440 1877
1499 2544
1089 3872
2370 3006
829 2649
1059 2442
301 979
1486 2004
22 1968
1465 2850
1831 2822
337 1004
795 3695
1938 3077
1912 2899
213 2961
1601 2878
1192 2831
418 2132
789 3862
1992 3820
1045 1988
1070 3569
2606 3395
1083 1505
952 2903
157 3509
2180 3136
650 740
1077 2760
1137 3830
2918 3742
146 459
159 2409
1515 2937
2913 3230
656 1687
1954 2052
357 1427
467 3089
2683 3849
3536 3952
3586 3711
1281 1508
852 2559
2495 2848
881 1168
1001 2587
2316 3762
1842 2399
317 1512
532 1185
758 2678
955 2487
1498 1542
43 1003
1365 2019
2555 2902
750 3568
382 855
3374 3925
507 2624
381 735
1767 3484
368 3938
723 1439
467 1670
2526 3665
1974 3275
2949 3160
1383 3833
1423 1726
2690 3029
36 1153
359 423
1040 3789
1516 1942
106 1965
1743 3119
584 3563
1145 3530
1585 3621
2054 2932
730 2353
1226 3758
293 2873
2172 3581
2273 4000
1878 2046
237 3500
3174 3333
1593 1972
888 2811
1541 2706
2066 2471
1384 2132
1577 3088
1336 3203
2179 3329
117 2184
1056 3844
515 737
1708 3824
1419 3297
826 2893
488 1856
262 674
137 3573
842 1391
1897 3719
3442 3680
2094 2699
2391 3843
92 2033
2731 3409
678 3779
306 1723
291 3431
48 830
400 764
1983 3514
2879 3817
1888 3724
3199 3916
885 3852
1448 3850
1054 2603
2441 3867
557 3471
1117 2862
1235 3884
1151 3697
1951 3442
811 1425
1236 3753
526 1870
1437 2928
1378 3935
1886 3816
2111 2168
1806 3178
161 2260
452 1866
2318 2512
1203 3420
4 1725
44 2426
155 1724
2217 2932
2084 3632
1526 1551
1312 1387
725 2346
105 332
2719 2863
1571 3855
1410 1810
126 813
1096 1931
7 3898
2108 2806
633 1878
242 1393
3448 3604
1433 2185
704 3012
801 3517
219 2041
45 1715
382 2412
1634 2423
744 2063
1745 3577
971 2746
1189 1704
174 1324
3374 3874
2098 3155
741 3451
2300 3696
552 3979
447 2943
827 3030
3204 3556
315 1834
587 3070
753 1553
191 1801
500 3303
1670 2839
1239 3189
186 2685
364 446
2508 3912
2520 2981
283 3516
1406 2871
1393 3035
339 3430
1165 2702
966 3447
172 3802
1564 2126
2092 2377
2406 3338
1733 2674
461 723
1380 2476
1994 3393
1115 1852
1216 1832
1425 2266
3057 3921
1359 3167
928 2645
1147 2143
1217 2372
372 1706
582 2460
173 1649
235 3365
3272 3826
13 2173
558 3914
650 3655
38 202
2369 2507
1866 2820
533 1341
1375 3372
2128 3607
562 3195
1142 3239
2304 3575
1370 1471
169 1752
188 2056
922 3364
2105 2585
1696 3002
2264 3308
1131 2241
488 3843
707 1722
962 1843
1659 1923
1396 2807
2441 3811
1377 1384
3339 3550
141 2397
2015 2153
809 3121
2385 2428
870 2624
113 977
747 3577
64 1677
1048 1685
2411 2743
2725 3868
255 3991
276 3513
2166 3621
80 1767
2889 3846
759 1223
976 2319
1341 3803
2061 3909
513 1198
309 2955
1279 3700
583 1136
1744 3148
319 1275
2293 3709
2237 2339
1725 2386
166 3350
605 873
767 1097
2063 3227
1581 1936
304 538
1215 3496
927 3026
353 2160
1523 2279
1012 3798
155 367
2457 3747
454 3839
2034 3211
302 1441
2270 3291
1127 1934
961 1738
1353 2259
2553 3814
361 2019
878 2439
1135 3615
708 1856
2531 3821
1622 1941
384 1979
754 2599
1730 3401
1705 3328
615 2908
2761 3981
489 3154
522 1700
1739 3541
1354 2590
286 1997
639 2864
1175 2115
846 3639
1231 1375
2296 2740
181 2638
1255 1337
1573 1681
739 1500
700 2773
848 1506
331 731
2944 3055
1366 3036
448 1056
2085 3005
2398 3845
386 2403
2543 3941
104 3787
1067 3858
2646 3595
1262 1944
39 112
676 2065
2713 3840
3247 3852
1209 3046
905 1075
14 1408
2113 3599
177 2569
1862 2619
667 2861
897 3795
1331 2633
880 1495
2540 3623
779 890
3486 3893
72 3215
1815 3652
52 1140
2938 3890
1469 2849
1483 2447
3537 3902
1159 1742
1861 3748
172 3033
1225 2718
2232 2611
272 3586
865 3730
278 2967
41 3322
1803 1872
652 3214
1559 2919
735 3853
436 2461
299 1031
352 3997
373 3233
685 1806
1093 2775
2049 2186
3458 3966
2083 3358
1638 3423
163 3304
2395 3043
1795 3999
308 1589
2228 3404
2104 3617
2508 3942
1941 3007
193 2230
3440 3453
2964 3266
1576 3729
1786 1931
826 3622
287 2658
494 3751
399 1105
2001 2352
2133 3726
1322 1756
1452 3100
862 2605
696 3737
1184 3490
614 759
263 754
2829 2888
750 969
3 410
2016 2051
1525 3864
1440 3421
118 3324
70 3181
311 2483
2112 2987
365 1229
2642 3454
1695 3659
666 3425
196 2584
1459 2584
1225 2672
2245 2946
2330 3693
769 3092
3138 3288
46 3254
233 1328
1656 3760
2171 2458
792 3920
942 1221
219 3328
1311 3698
1229 3137
509 3190
1814 2322
3252 3926
1630 2226
1242 2056
3104 3727
347 2191
797 1865
2957 3063
970 3317
107 2778
508 1954
2614 3134
1903 3282
360 2307
673 1864
1355 1644
637 1690
2597 3508
1307 2470
1779 2675
1166 2914
1729 2131
170 915
577 2373
2230 3163
646 1092
1614 3716
2199 2794
1326 2429
836 3174
2360 3780
3443 3888
1854 2503
2670 2745
93 1617
2691 2812
1850 3958
3662 3719
1190 2410
1732 2505
207 465
1727 2504
2157 2891
2239 2505
15 920
2919 3648
817 1254
660 3392
651 701
423 1719
774 1359
1086 3710
2938 3222
232 2949
1617 3457
1961 2504
273 3479
206 215
3020 3940
481 2710
2936 3974
561 3837
2719 3730
2647 3080
548 2605
1277 2794
1731 1921
1240 3270
861 2265
3447 3474
1700 3645
1961 2107
1728 3213
268 1349
1148 1849
2013 2139
887 1063
1141 1753
63 3812
2039 3023
3784 3904
1300 2070
95 3891
783 2081
145 1662
1627 3616
187 3100
727 1196
2153 3115
530 560
726 1455
1847 2910
1882 2888
2022 2116
1717 2239
1754 1975
84 2763
775 925
137 3108
162 3061
1511 3258
1520 1736
1435 1896
2000 2643
1182 1196
2223 3480
1701 1836
1699 1724
1356 2490
316 1285
1320 1639
2878 3274
2681 3534
524 664
2691 2981
378 3913
2512 3906
158 1100
143 2737
1596 3963
1154 1994
6 3723
3076 3900
1181 1637
251 3141
348 928
707 3016
788 3074
2819 3176
749 3942
2917 3849
1623 3767
2244 2440
2349 3424
2350 2572
78 2141
980 2090
724 2377
1752 1902
469 1531
263 546
1114 3280
1718 3715
3743 3911
695 2843
1268 3557
409 775
1921 3494
1545 3068
136 2198
787 3566
179 3380
503 1828
2040 2796
831 2467
1236 3280
2394 2764
324 757
916 3437
1327 1882
550 2811
3650 3781
1015 2041
1676 2854
2344 3918
402 3488
627 3543
1956 3894
205 2973
1272 2341
1821 1977
760 3281
2762 2828
1540 3989
3421 3889
739 1819
1367 3248
1909 2697
2897 3528
3237 3898
3000 3878
150 1335
280 751
107 3927
2117 2686
63 3724
1982 3170
1831 2091
565 3119
3028 3995
3520 3962
525 2425
965 1711
320 1332
1898 3904
2418 3058
51 738
367 3470
1436 3638
2095 2208
2291 3656
512 3603
543 2301
1463 1612
1424 2518
1356 3954
575 1352
2263 3321
494 2432
1300 2518
2782 3732
2644 3923
1783 3574
202 2083
1452 2485
841 2763
995 3430
961 1663
676 2655
1231 3254
807 2021
354 834
2010 2400
1933 2342
1071 3047
761 2856
1290 1775
3021 3403
222 2134
121 394
1579 1957
446 569
2944 3075
404 887
1626 3943
1255 3078
2103 2415
1754 3048
2340 3038
2319 2346
1646 3002
102 371
1987 2206
221 570
805 2502
266 1490
1667 1907
147 1110
1470 2384
2420 3926
1202 2110
479 1051
3029 3892
170 2502
1183 3368
1078 2930
1813 2901
1022 2772
1427 3449
2646 3156
259 1187
2089 2448
2154 3877
2034 3827
1213 1685
3152 3235
2533 3961
634 1898
1203 1597
942 1467
2164 2333
1971 2849
105 2243
70 2805
2167 3775
2550 3224
1362 2047
993 3126
1275 3155
361 3841
3273 3789
336 2620
94 1759
220 3699
402 1867
1381 2909
1536 3882
50 3768
515 1448
408 815
1533 3660
2855 3611
975 1613
1249 1335
316 3305
1072 3137
1679 1918
916 938
1426 3184
703 2818
1911 3429
982 2509
1318 3859
2553 2720
457 3457
786 3810
629 1404
10 1319
598 3245
531 2703
1333 3105
101 3810
2011 2702
2251 2408
571 1468
2611 3562
285 1620
1253 2978
421 3037
1735 1918
93 3325
2907 2967
625 1355
199 2937
3234 3655
1935 1999
1821 3791
623 2131
1698 1828
858 3667
1257 3701
85 134
2150 2162
2009 2042
596 1129
126 808
566 3298
1390 3314
235 460
1175 3462
2176 3345
487 3519
1166 3007
690 1869
305 3857
688 2713
307 1280
420 2315
148 3429
2754 3267
1387 3759
1420 3126
1002 1402
404 3073
2529 3630
1314 2336
1602 3110
1115 2730
1171 3496
1290 2686
1971 2948
1416 3441
1962 2124
1267 3591
1546 1976
840 2581
477 655
1364 1422
561 652
1428 2464
2255 2382
1036 3571
188 3149
974 1091
2583 3132
388 3551
1116 2414
1618 3290
225 1711
1076 1758
1162 3652
542 1405
976 3620
3456 3751
477 2542
1149 2609
1762 2326
1315 2454
1555 3238
2730 3828
1161 2790
2458 3287
2832 3166
2722 3052
1193 2036
1380 3065
1211 3104
430 807
228 264
2367 3601
1450 3325
2388 3539
1240 2507
1945 2805
2714 3433
1647 2338
2889 3150
1004 2005
1656 3651
3053 3946
2070 2743
2260 2427
1575 3991
3226 3439
2380 3697
992 3613
1001 3248
2066 3490
913 3605
3491 3897
879 3664
2002 3829
2238 2723
1708 3957
2069 3450
1125 2881
1665 3741
1173 1605
151 648
133 1855
978 1414
2422 3969
3369 3521
539 2620
1309 2097
271 3535
430 1608
132 3385
425 1155
802 2031
355 3532
633 2842
1134 2607
544 3834
371 3983
1140 2700
168 1293
2232 2902
1060 2381
2699 2777
2016 2217
1197 1986
1122 3312
1981 3570
338 2160
3327 3350
1172 3133
2433 3943
2622 3186
2289 3808
3187 3561
766 1158
2846 2848
1583 1934
2267 3591
2470 3505
1492 2488
1062 2382
1489 2269
3772 3836
1105 3775
714 1097
649 1433
1169 3114
226 1167
3097 3911
2392 3253
236 851
2174 2636
2001 2387
1347 2311
2841 3103
57 2062
843 3951
1642 2096
1794 2608
179 460
883 1024
2456 3673
3264 3945
899 3416
2427 3705
1048 3695
920 3159
1350 2814
585 868
1996 2161
1713 3082
211 3147
1650 2302
395 483
3020 3555
2411 2527
2787 3475
261 1804
987 1035
540 979
441 1412
2213 3871
1624 1625
211 3631
3017 3465
2332 2714
798 3927
2244 3446
1652 3673
1178 2025
1904 2825
1504 2126
127 2844
813 2756
2975 3024
1804 3483
1783 1864
824 2906
198 3240
2412 3343
974 1214
1042 1471
525 1693
99 728
478 3628
2573 2664
1406 2788
1721 3809
264 2352
138 3317
49 2596
3153 3211
2694 3939
1946 2641
351 3370
2294 3143
439 3877
1257 1365
1765 2559
806 3129
2834 3576
1690 3420
429 468
2829 3881
3311 3600
539 3145
507 1607
486 3065
1633 3140
978 2797
705 3790
1940 3636
53 3092
1781 2406
1993 2748
421 3407
265 1303
277 2648
118 2309
899 2880
1186 2277
697 3681
857 2718
1170 2467
1344 2716
2491 2537
874 3410
1761 2451
480 2240
1411 2341
1253 1453
581 3075
749 1369
853 1064
554 3831
1360 3387
214 3293
2261 3825
2813 3985
1061 2685
1460 3109
1561 3712
2366 3964
1650 3560
1530 2595
1000 3034
1496 3854
680 964
6 2167
683 2942
327 3755
116 1244
2007 2329
718 2037
2096 3045
3306 3619
422 2332
3507 3676
1002 3567
506 921
3033 3598
1189 2625
1 3924
2875 3226
358 2327
2876 3036
452 1170
111 414
1291 1957
981 1152
1541 2649
3101 3885
1179 2121
471 2118
1074 1978
1261 3930
2983 3807
132 575
686 3781
258 1504
2926 3746
737 3367
472 2149
1644 1991
42 496
3129 3619
185 2968
1204 2048
1323 3093
294 3130
2219 2367
231 234
340 2984
319 2809
2560 3814
1121 2787
3087 3269
175 873
321 3616
163 3908
1603 3051
1658 1736
968 2898
641 3135
1112 1817
11 2689
1893 3195
1319 3833
1113 3713
2089 3699
2802 3403
1969 2835
1314 2194
109 658
401 1839
651 1373
328 3019
1392 3745
1678 2058
1222 3465
1 79
2893 2959
1054 3645
390 983
167 2423
2511 3950
2262 2900
1117 3861
2308 3906
833 3303
644 3487
1549 1911
3588 3596
528 3196
1853 1940
904 3941
562 3734
2106 2555
614 2964
2242 3101
505 1510
1212 2842
1928 2119
1446 3737
626 2220
2127 3233
725 3763
144 1012
1164 1436
2277 2291
135 1544
1267 1786
1501 3276
1789 2974
3263 3646
2012 2913
1270 3316
3215 3344
951 3053
553 2983
1467 2736
101 3573
860 1574
2459 3408
1586 2299
2262 2561
958 1294
1041 2632
592 1535
1820 3895
2164 3491
228 3423
799 1269
3095 3404
2348 2388
87 3592
1955 1978
1832 3338
1900 3079
1285 3108
522 3455
2445 2752
1087 1090
1811 2142
135 2451
1950 3992
2253 3380
3061 3640
2425 3850
1281 1984
1138 3257
1114 1792
77 458
634 882
2317 2627
310 2709
555 3407
3062 3845
2924 3886
2846 2961
244 2695
2972 3445
406 2032
683 1014
1368 2951
963 2652
788 1340
1302 2927
611 2182
182 3533
1748 3677
2 823
646 3913
462 2474
2708 2984
2404 3253
1315 2721
2003 2544
563 1496
372 1554
2410 2879
1029 1876
189 699
3354 3375
956 3663
710 3432
851 2225
208 3168
2486 3337
103 771
4 772
1997 2789
413 710
2684 2886
1464 2627
153 917
1172 1188
1023 1645
3443 3961
1793 3841
2201 2345
1155 3934
2499 2785
619 2336
1119 3538
1757 2227
1749 2980
2667 3103
249 3001
2549 3039
1193 3468
3355 3435
161 1279
657 2668
2442 3097
145 3896
546 2129
2612 3800
2494 3189
1241 2326
818 1520
1500 3332
2868 3399
1329 1605
1527 2489
1512 2960
934 3601
1309 2577
342 3249
783 2245
368 2712
2122 2774
461 2758
484 642
312 1565
44 510
999 3038
1777 3480
3042 3590
906 990
738 1811
41 1351
2050 2535
2149 3418
300 3367
3315 3902
223 728
819 3192
2087 3371
1434 3069
71 3937
540 1263
365 3758
1180 2562
1157 2601
941 3499
290 756
1671 2465
1516 1629
2152 2469
366 645
2589 3292
1620 3179
1234 1487
64 3686
615 2960
1364 2920
1899 2276
804 1254
1508 2396
2575 3668
1569 2314
1642 3050
2837 2993
1210 1480
513 3973
565 3815
1197 1774
140 1247
183 773
932 2393
75 199
1059 1470
2102 3634
352 1205
799 1580
2619 3681
782 2235
721 2365
1990 2825
598 1107
3347 3459
1681 3275
3071 3675
926 1218
2531 3774
1600 3345
3549 3778
1177 2852
315 2793
3259 3470
83 2171
1292 1313
1301 2986
2776 2921
1340 2921
2145 2296
985 1967
2543 2965
50 3122
502 1825
1692 2329
258 3756
1174 3205
2082 2435
424 3032
2357 3498
1287 2767
3009 3611
1641 2729
1360 1930
798 3940
553 2710
1592 1943
2116 3602
1065 1428
1950 3835
821 2877
2219 2650
2202 2210
756 3026
1988 3908
1536 3445
536 1160
324 1984
2521 3955
1521 2049
1462 3272
330 2601
720 773
3019 3417
661 960
2662 3116
1128 1407
1795 3623
3134 3173
578 1807
60 2128
1310 2095
3004 3377
1675 3895
1631 1816
2726 3782
1833 2776
1182 1842
45 298
1835 3395
1975 3485
432 2373
1401 3571
346 2221
781 3190
31 323
1751 2446
1858 2588
95 2979
621 1601
2536 3069
3289 3721
2347 3450
1872 2786
1563 2602
79 1073
253 276
1146 1606
501 1088
1124 3578
112 3710
165 2885
1570 3448
1331 3536
1207 3643
111 2727
399 2768
252 658
87 1517
2436 3461
1630 1809
713 3231
139 1600
937 2106
279 1720
2122 2947
1266 3542
2287 3968
26 3414
2468 3050
363 3746
2882 3993
1809 2911
1126 3277
1999 3529
592 684
329 1770
3744 3905
3544 3796
435 3462
102 2203
28 3556
1822 2865
391 2026
1890 2200
585 2593
453 630
2165 2545
1922 3583
3156 3759
119 2655
433 2123
1956 3294
2087 3080
1772 2548
1494 2886
729 782
3241 3680
330 910
2028 3518
2915 3412
594 1922
220 2045
679 2263
845 2046
499 3492
3098 3788
1390 3140
1422 2172
2896 3014
552 3625
1104 1694
1424 3646
2463 3213
1995 2520
443 674
65 144
1768 2929
717 3544
983 1055
3335 3553
2892 3304
153 1763
2755 3136
3456 3809
579 3572
167 1609
2880 3243
468 1143
1307 3572
3766 3861
1087 3873
1154 1466
1723 2186
1747 2740
350 3903
2086 2438
43 2090
653 2792
1122 3520
343 2514
688 1610
1221 2321
1579 3258
964 2768
832 3493
2252 3774
2242 3018
1966 2918
1082 3135
1669 2704
898 1707
1802 2103
1998 2523
453 465
3193 3785
253 2221
1057 3212
1928 2365
987 2860
1370 2320
1764 2231
1227 2348
1693 3580
2769 3947
3158 3687
2182 3054
3554 3892
545 2623
1973 2295
2510 2639
1374 3192
523 1810
609 1991
2030 2525
344 1968
2535 2785
1243 3976
554 859
827 1129
427 856
394 492
1259 1264
724 2826
1926 3928
343 2936
2657 3978
530 2602
322 2374
1696 3219
1592 3151
2107 2939
847 3249
208 794
628 1392
2430 2529
363 744
2180 2476
1112 1342
791 1176
3738 3867
302 572
793 3396
1674 2401
285 3872
2091 3392
334 1039
1565 2031
230 2456
1784 3761
116 2354
35 2256
428 3826
1517 2566
595 3349
1682 3197
96 2376
595 3125
239 2822
1323 1538
191 1753
209 2371
913 1397
1017 2766
407 1273
751 2556
1202 2592
2621 3560
1745 3938
1611 2017
152 2709
1577 1943
875 1177
254 1597
24 1201
76 257
3261 3698
1058 2606
3077 3618
1029 3267
890 3390
818 3183
1633 3624
697 3875
1295 3167
1019 2308
1665 2697
1270 3750
720 2030
564 2939
998 3416
1652 2247
280 2801
810 3255
502 3733
2591 3887
2414 3671
2557 2823
1156 2872
1008 1413
1305 2783
753 1731
215 2088
981 3548
328 1109
2299 2368
1771 3389
2192 2752
1147 2039
3261 3363
3132 3744
1487 2405
2801 3094
82 2950
3815 3921
275 2450
387 803
2331 2492
669 3553
420 815
1271 3748
1595 2952
905 1985
761 2120
2816 3526
727 2816
1739 3179
1629 2189
2549 3545
2572 2643
1970 2738
1167 1833
2563 3342
820 3507
1098 2903
1581 3868
841 2176
675 742
1740 2472
1431 2484
876 1251
2444 2637
909 2360
931 2195
1571 2532
61 1614
2459 2609
655 1419
48 1780
1475 2138
1457 2654
90 2020
1165 1572
635 2407
968 2183
2642 3963
314 2426
2539 3625
151 687
30 3265
752 2851
37 3180
449 1223
2618 3242
2516 2795
1125 2115
856 3631
777 3224
470 3315
2133 2952
218 272
2385 3700
2875 3672
1474 3800
2552 2580
910 2100
602 2966
14 1905
1637 2650
2481 3217
1398 3756
373 3464
2450 2653
792 2662
757 2988
241 2328
712 2074
2884 3372
1431 2300
370 3223
2483 2728
3066 3743
1892 3415
2003 3161
2724 2821
1461 1641
301 2482
842 1827
3739 3801
479 2123
2943 3397
333 1441
2285 2994
698 2908
1420 3013
953 3999
2565 3684
1850 2366
943 1870
1903 2546
1914 3653
2181 3085
1689 2844
182 3176
313 1560
1248 1678
86 3773
1264 2216
567 2073
1771 3086
1320 3318
1573 3880
1838 2137
718 3228
425 2933
1233 2151
1639 3188
2603 3017
2005 3777
511 917
89 184
622 872
351 2177
1472 3508
2510 2580
3694 3801
3252 3929
3125 3146
230 2114
1003 2705
2659 3057
2453 2905
777 914
589 2515
714 2250
800 2927
824 924
616 3551
2613 3820
410 654
2999 3955
2205 2234
46 3472
1908 3313
306 2635
765 2284
1790 3990
419 3879
1295 3112
1385 1927
2577 3622
1855 3206
637 1595
547 2693
476 3059
503 3428
1464 3309
3417 3687
763 2150
438 1065
2513 3510
2008 2429
1777 2318
999 2178
1132 1707
3208 3511
169 3227
2753 3644
1909 2633
31 1414
310 1439
541 3660
3676 3707
1572 2482
11 3689
610 1803
3016 3776
1230 1917
1792 2841
3451 3649
869 1860
1263 1672
617 1094
597 3296
1778 2885
337 732
1030 3804
60 1000
823 3794
176 323
954 2261
2755 3363
1484 2168
1378 2853
2402 2997
828 3529
100 227
1019 1513
2859 3464
269 2013
238 649
2634 3058
927 3154
668 820
243 484
3584 3958
740 2057
1006 3717
606 1839
698 1884
2728 3684
1157 3114
518 1045
670 689
3177 3540
1616 3485
1587 2389
1138 1692
1558 3570
403 690
3461 3685
1069 2616
579 3599
3633 3818
193 2248
1015 3873
620 2766
1843 2487
3301 3665
180 1735
2044 3081
66 2100
594 1397
3120 3503
1666 3466
590 989
2922 2997
524 1476
1374 2140
177 532
2379 3986
1148 2424
2506 3123
2146 2764
786 2884
2198 2598
622 2251
2059 3241
2462 2808
1440 2551
443 3344
242 3281
1163 3339
2717 3608
1050 3929
3285 3683
2809 3694
1742 3246
1829 2701
173 2330
1327 3268
3032 3201
1082 2415
1684 2824
2749 3889
2676 2972
3042 3829
514 1930
618 2466
466 778
1268 3475
1274 1673
523 1472
1351 3040
2640 2915
2067 3357
1798 3617
560 3643
2948 3143
67 2519
266 295
664 1395
2880 3362
231 2124
1910 2513
1632 3822
