3999
462 1005
1124 3253
459 966
1620 3564
989 2607
1793 2206
295 3564
523 3638
260 658
3660 3696
1010 3496
1561 3595
1915 2461
1139 3811
1504 2624
1953 3869
2167 3615
1043 2558
1794 3121
1793 2909
598 1013
1793 2838
362 811
862 1563
1658 2670
106 772
2359 3753
2702 3847
917 2848
2465 3025
1186 1730
494 1227
3639 3934
1902 1907
2592 3478
2500 3250
1718 2740
1851 2915
992 1776
1776 3366
205 1922
3472 3843
3026 3440
318 2779
2826 3598
2006 3891
515 2459
650 1207
199 3176
1135 3568
1907 3905
262 2556
1123 2556
340 3684
2402 3595
1266 1470
1724 3016
263 2991
58 3236
1075 2568
1625 2988
2670 3115
2122 3615
2779 3554
725 1202
762 1834
1829 1903
1081 1375
2165 2948
1470 2741
2140 3969
3235 3438
862 1229
3595 3693
669 3015
1180 1470
819 3962
1675 3717
526 3856
1482 1633
1793 2936
264 2941
495 3440
947 1851
309 3934
1077 3154
238 2124
2960 3051
2013 3455
1730 2171
1623 1695
331 3811
249 1625
1426 3472
1239 3945
1172 2948
1497 1625
1161 2243
2459 2865
582 1855
2960 3111
1574 2064
1309 2837
627 925
1409 2792
627 1333
1660 3260
1625 2570
1503 1662
807 1892
295 2963
1285 1296
1081 1490
934 1393
2257 2779
1984 3901
3144 3816
1337 3494
1606 3641
1202 1508
260 1058
462 2795
2125 3349
1467 2459
2848 3759
2232 2558
627 3307
3568 3945
400 997
1261 2518
475 2614
946 1475
2093 2237
2712 3824
3126 3656
3396 3440
1730 2457
1982 3789
2281 3824
1875 2784
2867 3847
2466 3847
102 656
160 2622
2970 3153
199 1986
601 1892
479 3646
422 2354
429 1812
2886 3962
19 3477
2801 3921
1046 1470
295 3216
1660 2734
990 1852
390 3890
937 1481
2227 2624
1693 3388
510 2442
2648 3472
512 519
2374 3962
1216 2710
643 3418
915 1590
1739 3494
1852 3737
2567 3440
1963 3688
73 3144
1129 3222
966 2616
2091 2556
1311 3825
1311 1358
862 1421
2140 2836
839 3962
3235 3539
2426 3986
1978 2669
2057 3235
175 439
246 726
2113 2848
514 730
1251 2305
1603 3748
1524 3948
574 2740
2401 2873
347 948
458 1664
475 803
1198 1848
1350 3455
1623 3244
1598 1675
2607 3934
228 1984
2428 2848
1922 3400
643 2888
52 2305
784 3121
489 862
1606 1784
381 2505
1027 3602
1602 2559
46 1409
726 3632
518 3034
575 1129
1301 1606
2523 3840
1376 2970
2180 3131
1701 2637
720 2370
730 1395
2520 3891
1071 1829
2678 3126
153 1776
576 1915
373 2309
2516 3320
1875 2603
102 3659
730 1845
730 1211
1077 2954
294 2832
2075 3891
896 3939
2476 3615
707 1664
2263 2990
936 1776
627 2290
3016 3958
1401 2688
196 2779
1495 3215
1982 3240
381 762
1336 1730
652 1874
1929 2790
198 2715
510 3889
270 937
1296 1712
934 2724
1662 2116
2810 3856
1915 1982
948 1820
3534 3748
99 1310
198 2401
2517 3748
2066 2091
2141 3598
937 3839
1721 3409
1296 3344
3716 3877
518 2382
3564 3741
51 3250
547 937
505 3646
1883 2630
1340 3250
372 3432
934 3686
2571 2599
44 3930
1210 2362
233 1098
1788 3828
2237 3112
294 3009
1296 2419
1013 3391
294 2042
1219 2516
160 2184
494 3643
335 2559
777 3660
1623 2583
371 774
891 3025
2485 2858
785 2848
1057 3748
54 225
2177 3478
2354 2510
1089 1487
510 2017
602 3930
1125 2624
3894 3962
2318 2926
2155 3214
869 1984
395 3472
1675 3372
653 1730
2243 2386
1664 3059
173 294
1522 3159
371 3674
2516 3035
19 3006
664 2140
1675 3535
31 1311
2152 2341
712 3847
2231 2459
2222 3121
1788 2321
2806 3688
1013 3269
1583 2568
1950 3629
1129 2306
1660 3213
463 1776
1704 3592
1478 2305
1098 1181
958 1852
1261 2292
1701 2670
2305 2679
851 1973
1047 3121
627 3230
1618 1701
1360 1409
1296 1897
2273 2489
855 2508
639 2124
4 3930
340 3935
726 2879
1953 2381
1159 1409
2516 3657
875 3241
298 2927
58 1913
378 3167
864 3774
403 3235
7 1311
1524 3879
825 2559
1311 3068
2237 2487
1010 3330
1311 2288
669 2449
1199 1812
726 1024
2249 3774
1615 2226
106 840
1198 3926
1101 3962
1310 3704
306 3945
1309 1725
1019 2630
19 3631
1027 1538
2012 2556
278 1973
2494 2559
582 1134
2568 3492
40 1129
1443 2558
2309 3261
1206 1660
3081 3660
2431 3646
2459 3974
1074 2067
2751 3241
1606 2822
39 378
769 3099
2091 2940
937 3411
1553 2991
1088 2740
2740 3570
490 3595
494 1650
1701 2588
2415 2848
494 2058
494 3340
253 1623
2489 3801
368 3491
2255 3847
2489 3231
28 3939
322 3646
2729 3811
661 1129
2180 3673
1296 3256
499 720
260 1700
58 3128
1929 3121
2493 3541
1675 3019
102 3648
555 2401
160 1978
1298 3595
1954 2946
2531 3432
689 1623
1982 2371
478 3945
1730 3774
2237 3328
2429 2630
510 2892
3557 3939
295 2893
769 1624
147 1693
389 2599
759 1202
75 3478
2688 2689
58 2329
1133 2941
1701 3341
1562 2559
378 878
1198 2507
1475 3678
368 3196
643 710
934 1427
260 3772
1394 2688
3865 3962
209 298
371 1096
594 2341
1310 3184
1475 3432
1294 3564
102 2182
1929 2984
160 2245
219 2341
522 2309
1013 2933
337 862
2056 2670
1355 3349
428 2180
1606 2740
1613 3962
260 2333
1664 3450
368 2019
462 1991
1150 3934
519 3672
1169 2091
1351 2263
569 1973
1907 3941
1577 2067
1701 3962
413 3623
862 1710
2361 2740
726 2739
844 1829
2 1776
102 2640
462 3023
769 1698
106 616
1470 2180
1565 1929
519 764
1816 3241
1962 3478
1973 3143
1616 2305
2296 3824
494 2667
150 1089
316 1693
2362 2834
1984 2591
1685 2362
336 378
2310 3638
1788 2930
2595 3541
957 1476
1590 1793
284 1303
413 1804
1450 2243
2243 2485
1374 1470
1010 3110
835 2801
769 1976
550 1929
2243 3738
368 3460
627 1647
3629 3645
1309 2085
640 1303
1730 2503
413 2853
1653 1662
670 2599
1408 3121
1514 3126
1372 2140
259 1077
882 2459
3190 3250
2281 3635
862 2949
717 1675
3443 3846
720 837
1919 2568
1098 3669
674 1788
381 1558
217 1615
935 1812
1584 1664
2067 3180
3126 3376
3031 3753
666 3564
329 2848
1098 1905
3615 3776
1693 3505
1776 2760
1138 1296
1915 3844
1907 3886
58 1930
769 2144
1929 3142
1310 1326
1511 2559
726 1065
3564 3904
494 2706
1271 1829
447 762
2309 3638
236 3253
71 106
1652 3638
893 2354
410 3847
634 1929
77 2341
2577 3034
1311 2007
2355 3025
669 3096
706 1303
1089 3342
831 1776
966 1836
1077 3241
102 1407
1066 3034
3126 3474
112 3629
2029 2948
381 1089
2868 3349
199 1502
934 3159
123 1202
80 2426
19 991
1693 3275
1016 3615
766 1915
549 2630
19 2772
3667 3748
2426 3368
643 1879
390 2209
2443 3126
69 3159
475 2262
1744 2180
90 3349
650 2237
997 3160
3409 3984
779 2508
1129 2541
676 3253
1311 3675
1615 2710
2962 3939
901 2740
1276 2508
198 3101
1574 1776
1006 3856
1944 3034
221 1929
1623 2149
1089 3833
2797 3939
934 2325
993 1310
627 1970
2568 2643
3268 3478
3016 3899
2362 3947
1261 2248
88 1013
2885 3748
1643 2155
1081 2199
730 1386
2426 2621
1922 3064
1349 1664
1309 1960
1164 3962
109 198
1606 2693
106 3440
811 2991
752 934
8 2508
900 3846
726 3565
67 2568
1616 1716
1793 2580
944 1829
470 2558
198 617
3592 3732
2989 3541
398 1303
2263 2450
1574 1763
1706 1929
2281 2380
1202 3209
1303 2884
795 1077
1027 3210
948 2110
1470 1982
199 2496
1454 1829
1203 1309
1468 2630
487 811
2076 2082
1680 2940
475 2818
546 2237
381 1939
1334 3753
582 1287
152 3440
1059 3598
54 3358
573 2599
518 3403
2558 3017
106 3058
1081 3617
567 2224
399 1129
966 3895
862 2828
368 3238
1418 3877
811 1674
643 908
513 1788
2688 2871
2159 2489
445 1013
381 1270
1535 2067
1688 2508
2272 2341
32 1013
3130 3235
643 2911
1616 3961
3753 3790
2556 2974
2275 2354
2529 3598
2599 3968
1984 2155
1625 2688
762 3482
2305 3574
1432 3629
1261 3272
1409 3390
510 1729
2281 3395
1801 3409
1469 3930
2459 2847
298 2261
378 1224
2612 3891
627 1461
371 2967
199 2682
619 1524
295 1906
595 762
27 494
360 462
510 1022
1098 1568
1409 3378
365 937
1615 3620
494 1993
724 3121
102 905
762 3124
193 294
2119 2670
606 1954
510 3189
838 1852
1077 1808
1437 2670
2065 3934
214 1852
2326 3939
2753 3025
2547 2970
390 3548
1875 2344
2948 3681
1027 3939
2247 3840
937 2379
1567 2746
1409 3722
414 3409
1662 2354
1232 3824
1258 2401
937 3080
407 3846
299 3253
215 2180
3455 3514
3241 3903
26 198
510 2533
1198 1966
1713 1829
1954 3707
1892 3447
1585 2688
1041 2243
102 659
2508 3946
545 2599
1953 3598
3891 3952
19 2992
1475 1528
3204 3962
746 1953
1098 2196
19 2332
1409 2369
475 3852
3638 3751
199 3680
1829 3644
2559 3655
643 2979
720 1641
3107 3685
1122 2559
629 1875
2659 2710
2568 3211
519 3847
737 2558
1776 3375
560 2155
701 1077
1303 1482
1664 3132
2629 3846
378 1925
2460 3121
1444 2140
783 3688
2848 3349
260 1590
102 2844
1162 3107
19 938
582 3885
295 3203
271 937
1009 3629
456 3034
2777 3494
1470 1499
462 518
2395 2559
1465 3856
1719 2091
106 442
310 1098
912 2559
2377 3144
390 577
2114 3824
2268 3646
637 1590
652 3359
1081 1231
346 1984
2034 3811
731 1978
1260 1984
2224 2315
413 805
253 3387
1774 3598
25 669
726 2762
1660 3077
1010 2642
1675 3543
2607 3073
1907 2492
1920 2630
125 3494
811 3915
488 2082
1589 1875
559 1081
390 1852
462 681
3253 3331
1852 3955
2401 2902
1614 2243
3085 3930
2175 3934
524 726
773 3432
340 1185
293 3241
194 3349
1922 2151
1722 3025
1875 2562
3598 3841
899 1892
2426 3420
1077 2537
1793 1866
2318 2996
494 1303
1261 3465
2305 3994
627 1833
5 160
1311 1796
136 3934
3494 3705
1310 2707
3056 3945
1606 2798
216 3945
1004 3877
371 1747
1098 1988
1081 2812
582 3603
627 1264
1660 2737
1662 2630
2067 2960
1118 3541
2153 3250
371 687
3100 3472
1142 1567
862 1036
371 999
1089 2809
2035 3409
652 2551
303 2558
195 3847
862 1417
304 762
643 3862
296 1693
1200 2516
15 2459
421 2459
2516 3345
1954 3991
2281 2519
789 1701
2426 2799
254 1482
272 3688
1457 3472
2082 2894
1974 3660
898 2067
430 3235
1875 2624
494 3029
281 1693
3409 3846
812 1660
3568 3766
1664 3600
298 1564
371 2842
730 2005
279 1590
1256 1311
778 1616
3424 3811
2091 3012
2558 3324
2688 3993
744 1730
198 2164
298 3605
1305 2960
156 519
409 762
2960 3660
3725 3846
754 2630
682 2940
1957 3121
260 440
1675 2875
3671 3753
202 3595
660 1954
1085 3595
2293 3847
3592 3682
848 3891
3349 3589
1517 2401
349 3811
1709 3541
298 820
253 756
19 3471
650 3318
652 3907
483 1031
2224 3792
3144 3556
1875 2341
1302 1954
413 2352
127 294
1031 3053
1838 3934
1395 3032
2556 2647
2953 3891
235 381
2489 3288
3121 3456
1045 1309
35 2508
6 2568
1523 3891
1476 3047
496 3891
1922 2889
1223 1580
19 2126
1451 1892
734 2341
1184 1303
408 627
2243 3750
811 2864
1912 3774
3290 3753
54 3226
1018 1409
3014 3144
1171 1915
1982 2185
1411 2401
252 2740
1580 1623
1829 2094
2224 2727
1202 2819
3225 3774
2071 3856
948 3336
248 3592
1116 1907
3170 3472
2305 3075
3566 3877
1013 2409
934 2137
106 1002
2309 3734
3478 3700
1506 1973
1943 3241
1759 2485
1730 3581
1316 1701
1089 3119
289 1077
693 3126
3432 3809
2375 2401
715 2281
371 3147
3629 3992
1031 3529
1098 3326
348 1524
1168 1202
58 2403
916 2599
3241 3805
853 1013
2468 2624
510 1539
626 643
1010 2072
3611 3846
2994 3126
462 2755
1143 3934
1145 2710
1310 3835
1081 1127
294 2971
1242 2140
2740 2961
108 1730
1198 1315
3774 3840
3362 3409
3753 3976
897 2180
1953 3282
1278 2624
94 3455
2220 3840
1015 3409
3609 3962
1894 3660
2919 3891
652 3437
2342 3977
652 2074
1623 2192
937 2060
312 1395
1623 3074
620 1202
673 862
1660 1931
397 1409
726 3572
730 3945
1023 3646
1946 2607
1027 2140
652 3887
2471 3595
1217 1524
980 1730
2829 3034
253 3126
3250 3856
2155 3425
2240 2630
1593 1892
762 2606
1978 2535
1510 1984
294 311
836 2599
1129 3856
1476 2504
538 1475
102 1524
467 3856
2112 3891
1694 2558
413 2417
256 1574
198 3498
2872 3646
1198 2484
1347 3847
2309 3740
730 1547
1500 2426
1195 2281
175 3884
3 1812
1318 1615
2140 3757
79 1482
3435 3660
726 2769
54 1818
518 552
2556 3731
2330 2848
1567 1649
3121 3912
1495 1830
2941 3233
1675 1896
368 2586
1093 3660
2970 3408
2942 3159
1410 2970
3592 3727
1470 3531
1580 1805
2730 2948
448 627
1654 2124
1980 3646
298 510
298 3808
3253 3846
2180 2880
1343 2740
1329 3753
650 3842
2097 2670
541 2309
1129 2594
1592 2941
2224 2660
371 3755
2485 3310
3555 3598
1567 3982
582 1086
1309 1918
518 1576
2281 2891
199 727
2229 2485
1634 3034
54 3355
438 3016
823 1261
1812 3930
382 2243
2098 3824
2975 3615
2522 3846
2609 3107
952 2568
1320 1625
2904 2970
3369 3409
3735 3824
2670 3719
1245 3472
780 3891
769 1409
390 1586
920 3349
1332 2401
948 2965
642 2710
1167 3962
842 1616
2526 3541
3761 3891
1289 1954
58 1338
518 700
3414 3472
3083 3774
1615 3826
59 390
2401 3448
1482 3000
1395 2590
2180 2559
381 930
47 1984
2516 3501
1851 2163
2801 3478
2459 2898
390 1415
720 994
1835 3025
2599 3715
298 635
1954 3594
1812 1863
2459 2462
1968 2559
3066 3494
871 3478
170 1310
1198 1677
1198 2671
142 3824
1482 2917
3454 3472
735 3241
554 1701
476 2155
2978 3930
1575 3034
3877 3913
1425 2485
650 1556
951 1027
103 3850
199 2398
3037 3409
307 1675
1495 2096
1309 1526
2082 3027
413 1482
1723 1788
1129 3541
934 1890
241 3846
1693 3405
197 3939
1250 2140
948 1790
2026 2140
2661 2670
1922 3250
19 3146
3276 3840
317 1953
506 519
350 1929
1806 3856
371 858
2624 3736
1077 1878
1470 3978
1282 2124
726 3538
57 726
151 2237
368 1699
1772 3121
720 3107
2124 3595
817 966
1241 2688
709 1851
54 3827
1915 2358
164 1922
516 2140
2977 3753
231 3847
1383 3824
1873 3930
1495 3499
572 2155
371 582
2089 3253
2243 3936
462 2688
2242 2970
1580 3979
1567 1727
3653 3660
368 3802
1847 3592
1569 1851
1681 2140
1829 2516
1766 3126
1010 2201
625 2607
1606 3217
743 3107
2124 3484
622 1892
1742 2516
2309 3449
1567 2158
1098 2109
2695 3478
562 3638
3406 3840
1112 2237
1889 2155
2341 3551
106 3857
510 3436
1573 2224
1953 3753
1486 1982
1793 3507
1660 2641
1675 3025
358 1089
720 2817
140 2224
937 2281
3541 3996
590 726
64 3598
1657 1675
1947 3121
3660 3764
42 2237
720 2767
948 2722
791 1625
1395 1597
3409 3940
934 2839
1471 1567
111 3541
1693 1935
1119 1701
1089 2205
1982 3919
3440 3943
431 1662
2362 3413
452 1915
730 1529
829 3824
1693 3177
2426 3392
143 1892
960 3688
2565 3478
1812 2831
588 1013
1482 3314
2323 3877
500 1309
650 2486
1081 2781
253 3444
1081 3018
1445 2362
1430 3598
1978 3052
934 2672
2675 3568
338 1829
833 2508
2558 2929
1254 1395
54 2178
961 1567
1892 3150
3383 3847
643 2106
627 1605
3349 3743
769 2804
102 3148
1361 2485
612 1309
54 129
1295 3962
834 2516
627 3509
966 3221
1625 1754
669 1717
627 1390
260 511
928 1395
787 2237
762 1983
669 3506
368 1084
2401 3495
267 1013
450 2318
1261 2259
1402 1954
668 2941
226 3016
2423 2459
1581 2941
1000 2558
2624 2685
102 1743
529 720
1413 1793
1675 2161
2124 2991
1574 2625
3560 3660
1973 3660
1767 2224
937 3281
978 1662
982 1476
1978 2508
2202 2624
811 3273
811 1344
1625 2713
669 799
3152 3934
1098 2267
1793 3908
730 1891
1032 1616
1793 3821
2673 3568
2906 3856
1163 2155
1791 2318
843 1198
295 3610
2335 3688
1524 1933
1482 3389
2256 2710
229 260
1013 1081
3228 3660
2101 3034
294 1786
139 198
65 1929
1176 1701
343 1098
1259 3824
1027 2045
2710 3703
2349 3159
2237 2509
368 1734
579 1664
1013 2254
2146 3241
3126 3246
260 292
2987 3840
1701 2736
1984 2048
2848 3807
1025 3440
1476 3550
530 1907
2354 3001
1691 3846
2180 3045
532 1524
1412 2485
1616 3811
1580 3619
578 2224
507 3432
561 2801
862 1288
187 381
2801 2934
2362 2948
1701 2299
1409 3909
1875 3350
943 1852
2319 2670
191 2318
798 3241
2544 3349
295 1391
3329 3660
1660 1682
341 413
2341 3927
1249 3646
1149 3472
519 3462
997 2020
21 510
2077 2940
2028 3455
294 3198
2100 3409
163 627
1091 3432
2414 3478
1222 2607
286 1662
1859 3688
1524 3386
728 1010
1964 3432
242 253
643 1987
3250 3777
1606 3265
2558 3868
2424 2630
93 519
2761 3568
54 2317
378 607
1929 3832
966 3159
942 1664
162 1984
266 2401
54 718
1973 2748
2848 3874
1121 2508
2031 3235
627 2579
1495 2788
1736 1829
2597 3455
769 3453
1954 2735
983 2970
771 1915
669 3455
518 2639
1052 1470
2459 2624
750 1662
1310 3767
1850 2991
1781 3629
1409 3971
816 3494
1877 3409
1788 2252
1204 3472
2521 3016
2750 3945
484 2124
1077 2241
87 3432
381 1188
1297 3494
1981 3847
2140 3930
2068 2354
1482 1531
1257 2426
536 2779
294 3469
981 1580
3241 3335
3595 3606
1853 2740
548 2263
1261 2491
1798 2180
879 1606
462 3859
2633 3126
2140 2289
102 3881
720 1615
1590 3552
1395 2999
730 3182
104 1625
1651 3638
1982 2132
378 2133
934 1841
313 2263
371 2587
2514 2516
3316 3478
2744 3811
1275 2318
1788 2342
2549 3962
2508 3289
222 3939
2959 3455
1552 2124
260 2765
260 1737
652 3753
519 3421
818 1303
1 1310
2354 3371
1261 1446
1543 3856
631 934
3126 3489
1616 3588
1252 1567
1922 3524
184 3478
2082 2731
1089 2814
714 2362
934 3516
1579 3034
650 3604
2362 3070
937 3107
865 937
19 3861
144 298
1010 2176
948 2392
2791 3660
1793 1826
2714 3034
652 2779
1261 3253
792 3811
2039 2362
510 558
1198 1745
2426 3024
1984 3775
1409 3517
1098 1247
1322 1851
2180 3105
627 2941
2941 3748
1198 3061
1442 2710
1546 1625
175 287
1092 1664
339 3034
354 1984
1310 1464
726 1797
2464 3891
1293 3891
585 1829
2041 3688
2801 3129
211 1296
1475 3710
1261 2390
3092 3846
770 3934
2123 2970
2483 3121
519 3419
886 1027
294 1089
3432 3637
58 2430
1899 2630
2599 2779
1240 1615
1926 2558
334 3455
1928 3688
2121 2559
1660 3144
2489 2536
2709 3253
1559 2960
643 1954
413 711
1567 2969
1822 1875
1498 3595
2552 2568
1458 2362
475 1977
175 1175
2091 3076
1077 1544
340 1973
1291 3107
1971 3595
1929 3892
2516 2687
1954 3393
1929 2426
781 1296
1606 1872
106 3046
1026 3025
294 809
1010 3847
424 1590
171 3494
2912 3253
106 1756
3598 3877
663 2485
518 2657
1768 2342
175 769
1973 3975
1077 1900
1263 1524
1606 2628
1984 3723
1267 3126
518 638
1776 3072
83 1693
1625 3021
1089 1594
1915 1965
2935 3824
103 830
2656 3494
565 997
393 2124
38 1524
1072 3034
2558 2895
1436 2318
1625 3931
475 2851
1144 2599
295 2655
130 3016
762 3577
1513 3934
950 1693
2082 3398
1190 1482
1660 1803
984 2801
813 1098
881 3934
1911 1922
1738 2281
1230 1693
406 1851
18 2508
937 1187
3478 3924
720 1435
2803 2940
2485 3929
1949 3564
1475 3277
1662 2664
102 1463
2970 3293
1129 3866
1008 1296
3568 3778
2228 3688
675 1623
1031 3308
2263 2613
2670 3870
54 2508
937 1183
2387 3564
3622 3824
1306 3250
2354 3714
2073 3144
1829 2773
627 1476
811 2186
1013 1507
730 2391
2200 2801
1776 3195
1978 2704
1010 2003
3016 3576
2670 3629
2324 3025
852 997
3575 3629
2508 2652
3109 3811
2138 3962
2861 2941
2508 2632
3107 3782
175 2604
378 3157
1788 3937
2426 3168
1177 3034
1197 1409
1664 3999
1429 1606
1574 3896
3048 3595
2573 2740
2740 2955
102 3607
3536 3598
166 1788
1907 3299
2558 3374
581 669
762 2825
1174 2607
948 3840
1776 2108
1542 1788
1788 2550
1675 2970
593 1982
2305 3201
288 2067
880 3748
1013 3786
84 1915
1031 3258
2985 3615
652 810
2269 3472
1313 3660
2281 2425
1453 2556
2142 3409
1590 3086
644 2516
13 3939
1875 2626
1606 1665
198 3028
2426 2665
3121 3873
1524 2264
1051 1973
2243 3133
411 1973
2407 2559
56 643
1303 2763
919 1616
2334 3877
2237 2456
726 3423
1785 2801
1669 1982
1771 2237
2740 2756
1875 3953
1153 1984
251 2941
1136 1470
157 3646
1922 2881
1819 3568
1202 3468
371 3876
605 3016
1632 3235
1261 1731
806 2599
1666 3159
587 2459
3367 3939
1870 3440
1907 3834
1567 3494
2032 3541
1311 1673
1580 1837
582 2342
481 1395
2684 2948
2560 2779
1885 2710
425 652
199 1642
1779 2309
857 3856
2848 3983
948 2155
3430 3592
862 2710
1829 2764
1033 1907
2263 3863
1907 2674
3638 3711
1732 3930
2855 3432
1303 2617
2779 3518
543 2801
1664 2384
633 1664
1265 2607
2516 3067
2710 3878
802 3472
1198 3875
762 3549
2120 3409
519 1630
1031 1053
948 2866
2082 2367
298 325
1566 2309
2092 3598
2154 2688
1954 3361
1580 1664
353 1098
1840 2426
1520 1922
726 3733
726 2302
2740 3156
19 739
1954 1969
2426 3823
253 1037
2821 3847
2463 3349
1664 2168
2180 3071
1423 1788
298 3651
201 2354
3298 3945
1348 3934
862 1114
58 1028
2263 3472
883 2960
2341 2489
49 2180
172 3564
1311 2528
1730 1880
1619 2459
237 390
1309 3360
1829 1832
1081 2540
518 2897
720 2554
1476 3379
811 1010
3481 3688
1038 1615
394 2362
413 1570
385 2508
298 3967
1011 3144
903 1978
1010 1959
2354 3942
321 1616
1625 3687
2318 3694
1831 3432
3050 3541
3235 3597
1800 3847
212 811
371 551
1574 3445
1233 2489
726 2253
988 1409
1693 2224
340 3553
3598 3616
720 2363
691 1606
2485 3939
379 2426
137 1476
19 131
2014 3235
58 749
1077 1492
3287 3568
2630 3451
363 2426
183 2624
2908 3478
368 1656
713 3121
1081 3155
1615 3988
255 3891
118 3847
2651 3774
175 1054
298 1262
199 2658
81 1470
58 148
433 1852
3016 3785
390 566
1626 1982
2646 3840
2568 2940
368 1416
518 3041
761 1693
1881 3241
1812 3263
962 2559
43 1567
91 3592
862 2190
1809 3934
2024 2568
2383 2630
2718 3472
1299 1409
2304 3930
119 2426
167 3629
722 1973
378 949
2620 3144
533 948
469 1852
10 1567
997 3060
2212 3891
351 1590
3708 3856
966 1069
3628 3753
371 760
1438 1664
3082 3568
1892 2401
210 413
726 3564
632 1701
2688 3855
1783 3930
979 1954
243 519
3250 3569
2313 3472
2710 3055
2559 2972
1056 2960
1683 2970
2156 3891
3108 3564
2481 3034
2568 3297
9 3962
2281 2859
1606 3353
2779 3665
2260 3638
934 2725
295 716
1934 2568
2281 2368
2516 2584
2485 3813
294 2438
253 3322
1077 2172
371 1893
1449 3494
2083 2740
1010 1067
2401 2981
1255 1662
159 3472
1639 3846
937 1272
374 2568
3818 3847
1978 3784
2960 3954
627 867
726 2524
2910 3121
821 2318
1440 2426
2820 3159
2180 2924
872 2991
1994 2670
1793 3773
378 921
937 2284
1202 2082
426 1202
3227 3856
115 1875
1646 2281
1892 3140
1397 1954
1606 2939
2561 2948
1395 3691
475 972
1495 3440
451 2801
1403 2559
3016 3022
1887 2568
1089 1433
2779 3624
2297 2970
1945 2710
1341 1615
1662 3188
2366 2624
1852 3951
1310 2627
2016 3250
571 3107
320 378
1851 1972
801 1616
1398 3638
2362 3806
2233 3455
997 1379
1194 2630
106 3486
475 1703
1776 3306
273 368
699 2082
344 2740
518 1201
2342 3183
1309 3824
1014 1524
3159 3902
200 1875
970 2801
1098 1198
1907 1921
413 2993
510 969
3127 3846
121 298
1382 3250
1077 2749
2406 3945
2378 3409
608 3494
841 1013
1328 1495
1303 2596
510 745
1978 2759
2401 3239
2143 3564
623 769
2459 3510
1625 2776
2546 3107
295 1314
627 3446
3285 3646
114 3568
2091 2411
651 1129
2696 2710
627 884
1982 3661
527 934
1098 1317
1253 1664
381 2907
866 1524
1146 1475
907 1081
2610 3939
207 1953
2538 2599
2354 3247
719 3121
3034 3698
3088 3877
1476 3688
1907 2030
1460 2624
502 3568
986 2740
2558 2740
1310 3502
1048 2848
885 3638
106 904
494 2052
788 2624
1793 3920
698 2180
518 1283
2559 3036
117 2801
966 2373
1170 3840
2976 3934
583 3598
2624 3078
1740 3494
1077 3232
2694 3877
2118 3688
475 1063
1363 3025
2155 2170
1686 3494
2134 2568
1675 2049
2243 3347
518 2139
1901 3121
2270 2779
1160 3638
860 2558
1792 2305
160 3296
641 2341
1495 2216
1788 2246
2489 3249
1319 1616
17 1788
1892 2802
413 3442
1922 2081
58 2453
1922 3262
2558 2794
1660 3116
2485 3377
1013 2854
1693 2691
1369 1475
1610 3568
446 2559
2688 3404
922 3440
2559 2848
33 3877
1776 1849
23 3598
378 1225
874 3934
1907 3098
260 2458
1979 2559
420 3409
1238 3472
370 3349
934 1532
1664 3422
1388 1615
401 1590
3034 3972
1812 2043
2738 3235
1793 2512
730 1572
175 3721
862 2708
2436 2991
1518 1662
2244 3962
2848 2877
2203 3638
116 1476
519 2807
685 3016
3666 3846
1660 3642
1098 2418
1311 1448
652 2408
1760 3753
1812 2922
948 1323
2362 3134
413 1810
1638 2516
3107 3724
2801 3580
298 3592
386 3930
937 2690
2372 3856
2585 3241
1312 3126
1929 2548
2044 3660
371 480
37 2599
1173 1851
2516 2754
3541 3758
224 2559
1422 2091
1989 3615
2305 3831
122 390
1476 2298
2090 2124
965 3126
1480 1495
518 3044
2447 3253
1812 2318
1812 3309
2091 2102
2155 3522
2427 3159
2991 3845
369 1476
2082 3590
1094 2459
643 3291
1202 3164
1102 1973
106 2104
160 887
1648 3541
2630 3962
862 1064
1202 2824
2091 3380
1608 2960
298 3949
1788 3938
494 2037
3145 3440
2426 2766
1073 3034
19 2194
1615 2477
1574 3780
89 1606
239 2568
1466 1875
652 2393
165 378
413 3122
378 3191
199 1714
198 2413
190 643
1077 3494
1261 3910
432 3774
53 1031
997 3769
669 1705
12 1973
274 2960
669 2357
315 2558
54 913
934 3459
19 540
1202 3200
128 1202
650 703
2624 2796
648 2318
477 934
475 940
1373 1470
60 3856
730 3523
997 3284
2235 2489
444 2140
1281 2124
2947 3159
2010 2281
3094 3598
2309 2346
3220 3934
2124 3151
643 2385
1296 2166
1368 1590
1678 3774
1590 2676
378 396
2318 3321
1269 3455
1892 2488
1929 3987
54 1400
1109 2155
1309 3745
2670 3995
1852 3497
1137 1875
1788 2860
2237 3467
1296 2568
285 1524
1095 3688
1261 2239
1606 2303
1381 3660
1296 3867
2294 2848
769 1414
2180 3352
1476 3542
2589 3629
102 2569
1070 3811
1693 3959
3241 3752
1104 2624
2624 3621
300 340
2198 3034
948 2543
2970 3956
2155 3916
720 1105
102 2545
1984 3601
1788 2980
2318 2913
2033 3472
494 1687
1752 3494
340 933
976 1623
1154 3541
102 453
757 1524
610 2243
1524 1702
2782 3774
475 1765
388 2341
1555 3877
1081 1862
2243 2720
199 1689
1196 1788
2221 3598
518 2320
2572 3568
443 510
1475 3104
934 1851
650 2619
1662 2347
2991 3567
1623 3981
1711 2568
102 1996
1892 3613
2508 3338
185 3016
2733 3025
2599 3791
672 2556
1221 2354
646 966
521 3432
2960 3853
1151 1851
1936 3144
2307 3629
1693 1789
1770 3241
811 3303
390 2717
518 3964
198 2343
520 1615
441 2599
449 3598
175 2890
294 3149
247 3250
948 3234
902 2558
3409 3848
1027 3900
568 1198
1409 2830
1574 2530
105 2140
1303 2931
1929 2896
135 2263
1662 3626
1861 3638
58 876
2001 3034
1060 1409
937 3997
457 1953
627 3794
260 2004
460 1978
2023 2067
106 2701
342 2224
762 3020
937 1764
2354 2742
1428 1623
1077 1279
669 3087
1875 2147
257 3440
1209 3595
19 475
1311 1345
1147 3748
1392 2556
198 1730
1387 1953
1660 2130
494 1439
106 815
2459 2474
1192 2354
2342 3458
413 1202
189 3688
106 1215
2846 3811
2180 2211
1044 2991
650 1916
2576 3748
1409 1676
1567 1985
340 3578
2208 3840
2568 3397
1409 2038
1954 2237
3473 3598
1829 3025
1990 2948
1389 1616
1131 2848
669 1205
352 3541
863 3846
96 3025
1089 2857
2021 3250
68 3629
2600 3595
889 2318
643 1715
29 1984
1148 2559
462 3583
3595 3817
1924 2710
929 1202
1864 2342
2318 3235
1111 3595
494 3837
926 1922
1031 1536
1120 1623
688 3478
535 762
198 2131
3333 3748
1208 3646
2508 3466
2454 3235
2223 3945
54 2062
2318 3963
1098 2234
2362 3003
19 3178
1495 2225
2710 2793
378 2362
1984 3754
419 2155
1311 2607
3824 3933
1606 1937
1198 3638
2451 3235
462 2086
2849 3629
1842 2459
340 570
1505 2243
3676 3774
730 1189
1029 1788
101 340
2630 2680
1031 2263
518 3158
2948 3126
58 2801
1353 3638
475 3343
828 1984
732 1693
97 294
206 1701
366 937
3139 3748
649 937
178 3939
1907 2697
175 3629
3199 3660
381 1157
1309 3646
650 2127
796 1010
3608 3774
2258 3107
726 3627
359 2354
1852 2054
132 3472
528 1590
198 1473
1637 3494
1020 3846
375 1615
738 3592
436 1031
1010 2397
124 720
1788 2365
258 1973
1982 3530
894 2960
868 2124
592 1793
1735 1829
1640 2309
1675 2856
3264 3478
435 1664
2495 3568
1311 1395
3688 3893
2067 3245
643 3571
769 1055
2801 2827
1198 3457
1922 2557
294 3173
1875 2918
371 859
234 1296
333 1590
102 1997
669 1501
161 3564
494 1330
3025 3224
19 3241
1034 2091
2850 3962
824 1954
655 2426
3455 3779
2103 3598
582 1720
861 1580
939 3432
2354 3765
1395 3267
519 797
2067 2768
3270 3939
811 3243
3349 3595
1953 2412
160 956
2940 3464
501 937
2278 2558
141 1476
1198 3932
462 3325
1524 2582
55 1495
830 3144
494 2921
260 2218
1097 3568
1031 2618
2957 3753
862 1888
294 3898
297 1953
2099 2801
643 3401
294 497
932 2263
955 1922
3207 3824
1489 3840
2281 3528
1470 3537
2263 3918
1335 2970
652 2174
733 1310
1793 1869
1631 3939
387 2342
2195 2940
1644 1701
3069 3455
54 1280
390 704
1524 3973
120 3494
2155 3795
54 3697
2277 2599
2362 2903
2941 3521
198 2276
1470 2497
1730 1753
768 2341
730 1746
1973 3441
2970 3255
58 1061
923 1031
2342 3208
2555 2670
556 3646
1327 1973
168 3409
2508 3872
328 2309
2710 3783
378 1380
931 3025
1098 3174
175 3730
1476 2213
1098 2087
106 294
3490 3962
340 2046
1793 1852
494 2511
324 2568
2940 3384
1140 3629
2300 2559
1982 2527
295 1595
1701 3091
2271 3478
1923 2948
2558 3883
591 2508
3858 3891
1578 1623
934 1366
377 3121
106 1462
2336 3253
378 2489
1050 3592
2745 3891
997 1098
1202 3004
1117 3811
381 3712
1978 3614
1424 3478
1475 3417
509 2067
3527 3615
2485 3394
2063 3107
275 3440
19 61
1915 2800
1309 1479
1031 1951
1580 3254
2251 2848
769 3332
2301 3939
66 2740
1370 3241
537 1829
368 2966
1817 2948
1524 1728
2155 3726
1567 3339
1193 3568
2801 3410
3159 3476
2813 3159
669 1213
58 2901
2968 3615
2516 2986
3461 3824
1236 3016
198 1865
106 3699
260 3820
1098 3787
48 3962
650 763
240 1261
2516 3547
175 3171
1730 2009
2067 3990
1875 2079
1829 3662
1010 3300
1776 1915
1914 2243
1049 3595
2558 2938
102 726
498 1693
437 1829
1793 3812
1588 3688
909 1524
169 2237
3016 3797
726 2160
54 609
2410 3455
800 3660
519 1039
2568 3206
295 1778
3877 3888
1616 1769
1707 2155
1482 1611
85 862
2863 3034
198 3427
106 1035
45 1089
220 1013
1494 2459
253 485
1898 3455
3595 3796
769 845
1574 1907
1580 3562
2318 2747
402 1788
291 650
3033 3840
2615 3811
2445 2624
1982 2279
586 3432
686 1623
1812 3720
669 3439
3144 3591
762 1741
2237 3851
70 1954
1922 3640
2444 2556
1367 1776
862 1788
1182 3891
404 413
730 2148
494 1521
2180 2181
230 3962
145 2305
74 1606
2516 2932
1886 3877
54 1296
2434 3455
564 3660
1228 1812
482 2342
934 1371
1812 3251
997 1248
3475 3568
3348 3494
1303 1441
1470 3062
2362 2937
2157 3638
2189 3962
696 2309
1495 3274
330 650
475 3186
510 2775
98 937
1311 3966
975 1311
494 3452
2848 3860
3568 3585
1697 1701
133 1623
1675 2210
364 1922
678 1524
862 3519
2539 3877
1470 3880
2960 3313
1693 3511
199 1472
1081 1495
1409 3541
2027 2556
260 2841
1984 2870
179 1482
849 3432
1954 2916
3478 3677
1062 3824
413 3970
2224 2566
2883 3629
628 1198
997 2982
2180 3212
54 1079
1493 2960
2688 2743
1973 2467
1476 3690
1609 2670
650 2944
2263 3618
1628 3126
3025 3480
1010 1839
2263 2876
2341 3218
1476 2287
966 2328
1098 3718
1973 3587
1730 3573
376 3564
1068 3440
1516 2779
1310 3762
1908 2305
1922 2581
371 3838
1001 2224
2508 3117
92 1010
413 2654
1616 2956
198 227
694 2067
475 3229
198 2236
218 2309
948 1757
1660 2914
811 892
24 3615
1202 3259
160 1434
2556 2726
390 1356
582 1708
2281 2943
3235 3891
1100 2124
294 508
669 3891
3197 3891
110 1625
1693 2426
2274 2354
3016 3381
1667 1776
391 1476
1875 2022
295 3559
2516 3005
726 2811
2740 2845
2341 3120
1476 2490
1311 3830
1664 2553
2350 3144
918 2489
1218 1953
1857 3144
2150 3847
510 3295
413 1802
1814 3847
2008 2779
1590 2364
1103 2801
253 3729
1362 1693
618 3595
1198 3760
1975 3107
268 1303
1476 2874
895 3939
1311 1917
708 3541
472 3934
2670 3175
58 1684
269 462
340 1858
2677 3945
277 3939
314 3856
730 2774
2558 2778
531 1309
3532 3660
2485 2952
1405 2426
1623 3337
2599 3513
914 3349
510 1509
294 3351
198 2389
1875 1876
381 614
1027 1420
1296 3356
1431 1615
3192 3250
510 3836
34 3409
2770 2801
106 1113
2281 3137
1761 1922
1166 2607
1762 1984
2459 2599
1089 2478
826 1875
3520 3541
1212 3688
1081 1515
542 1574
2331 3253
2053 3748
462 3365
2224 2757
1973 2499
76 494
652 3166
198 615
1852 2011
1485 3494
1304 1953
146 2559
188 3945
948 2650
2285 3241
158 3646
937 1455
3540 3638
1126 3945
1567 2475
1234 1590
762 1748
2574 3121
1954 3363
2421 3847
1339 3840
198 492
3485 3962
1622 1662
138 3962
1040 2991
1599 3253
78 2426
1615 3922
1311 2002
2605 2740
2558 3478
767 3891
106 697
3592 3950
1973 3257
1591 3564
1010 1474
1017 2740
1851 2107
910 1615
1409 2723
827 1984
1616 3985
2923 3846
1081 1512
181 1409
1973 2337
832 3016
1524 2266
2084 2362
1812 3584
2688 3679
2559 2920
1545 1953
1617 3939
282 3250
1852 2338
3159 3515
1268 3934
1406 1851
998 1675
380 934
2124 3002
518 953
175 2291
3382 3592
2070 2309
261 643
2280 2940
1892 2653
1815 1929
657 1081
669 3301
245 2362
2630 2635
1953 1998
3426 3824
1824 3840
486 3235
265 1010
563 1982
2342 2515
1080 2556
36 2485
2564 2779
850 3856
997 1956
1244 1495
1929 3649
1456 3250
2485 2601
276 3564
510 1491
811 2681
368 680
1954 1967
811 1128
198 3650
1659 3253
971 2341
475 2532
253 1932
1021 1793
2485 3897
58 250
3615 3636
3089 3472
2047 3840
1938 3107
198 3283
3598 3814
1574 3470
652 1152
1984 3121
2187 3962
1782 3121
2055 2401
2305 3194
298 2721
1089 1828
1013 1475
811 3162
1844 2155
340 2970
19 290
1115 1311
2091 2473
2469 3016
3664 3877
702 3638
3253 3854
2082 2309
1042 1623
2634 3660
1958 3409
294 1342
811 2899
966 1261
1010 2623
260 368
1660 2078
2525 3934
455 2243
3455 3472
2991 3304
1679 3824
1309 2905
1076 2630
418 3962
1623 2018
2399 3494
1910 2556
1557 1580
2140 2668
3305 3646
1843 3564
3193 3235
298 1404
1606 3695
2197 3598
643 1007
294 1459
997 1214
1829 2869
1672 3025
966 1359
1078 2516
510 3749
63 643
2025 2801
1612 3629
2692 2801
2663 2688
2193 2281
1749 2740
368 1821
208 1567
730 3187
662 3016
650 2376
174 1303
597 2991
1132 2948
692 2305
862 1090
368 3103
627 3097
669 2435
519 3010
3433 3774
762 1696
475 1726
2710 3428
822 1776
22 2354
1984 2534
100 462
1995 2508
2459 2840
1693 2578
1851 1909
1198 1365
1604 3107
2563 3847
2040 2508
3526 3774
1992 2091
1352 3615
2214 3472
519 856
1623 3980
1243 2688
720 2061
1655 2082
1482 2602
1973 2215
1775 1982
2991 3079
2645 3595
1284 3592
2224 3748
1793 2327
494 510
371 3266
3025 3302
2843 3847
596 3541
160 2516
667 2263
2556 3106
1524 2345
2155 2700
1089 3742
2295 2485
1519 2459
371 1106
50 652
413 1537
736 3688
643 2835
2780 3568
3891 3965
1788 3803
308 3945
1811 2558
3415 3615
2091 3906
1671 2941
392 3945
160 3544
959 3748
762 1235
769 964
2362 3647
740 2426
934 3788
1027 1357
776 2607
966 2432
175 974
2051 2948
1540 3824
494 1582
729 1907
2059 2180
1982 3654
198 967
2950 3440
199 1155
1246 2362
381 3810
3402 3646
199 1567
2129 2263
1482 1587
1590 3373
3144 3799
924 1793
2710 3011
355 1081
280 2281
378 2416
2607 2785
340 890
1984 2422
870 2243
1812 2400
906 2568
1780 3121
1867 3494
2787 3568
3568 3615
3357 3568
1550 3856
466 2281
1549 3409
223 2508
677 1875
1892 3633
2593 3592
811 2789
2945 3846
1089 3500
3586 3891
1882 2124
518 3013
1202 1496
319 720
1813 3638
58 1773
1607 3235
683 3934
244 518
3294 3592
2699 3107
2140 3493
1787 3121
356 3349
3205 3688
877 3939
534 3638
1108 3598
2758 3811
2341 3412
3042 3478
54 2420
1325 1675
1629 3930
2662 2960
295 3668
1303 3925
413 1904
465 3568
1664 2250
1580 3599
2448 2459
2459 3944
1952 3748
2224 3057
1296 1527
113 2630
1141 2155
751 1261
1907 2314
519 987
1198 1670
381 434
2630 3768
2441 3847
475 517
1660 3615
2630 3658
747 2960
1524 2404
1220 1954
720 3049
1447 3847
726 2105
3172 3409
1574 1825
1663 3494
2599 3504
1178 1953
199 786
2948 3431
927 3856
474 1296
390 2816
1082 1664
553 720
1533 2426
2082 2997
966 2405
2311 2607
20 1580
283 3253
175 1277
2281 3508
2970 3692
3292 3494
1606 3811
2230 3688
1027 1364
1692 3472
1701 2340
371 2728
3090 3811
198 793
390 3409
723 3432
3334 3595
368 519
3159 3652
1922 3135
199 3165
177 3891
1384 2362
2771 3235
423 2305
390 3563
1875 2351
2485 3063
627 2575
2237 2815
58 357
368 2513
1942 2991
2173 3564
671 2801
2559 3113
888 3034
519 599
525 1475
582 1377
494 2808
1488 1875
1311 3141
2224 3747
1031 1083
260 3558
1941 2607
2162 2489
493 3638
2951 3241
381 2339
811 3756
2470 3440
2710 2719
160 3593
3638 3706
1758 3025
371 3989
669 3800
1237 3856
3016 3646
58 2556
16 106
934 2219
1409 1530
1625 3463
3829 3847
2925 3598
1534 1615
1601 3615
1130 1476
3487 3846
2752 2960
1031 3479
106 3850
253 3202
1475 3346
510 1846
1823 3592
1191 2516
3472 3771
367 2630
412 862
1003 3409
1668 3930
1309 3713
3615 3746
134 1973
2740 3483
504 720
19 1799
2472 2970
1927 3598
1482 1554
332 3144
643 762
996 1077
1307 3235
600 1701
149 2426
1733 2779
1922 3822
1098 3007
695 1567
1310 3911
2309 2506
199 1031
298 1484
604 3856
461 462
462 1755
2480 3016
847 2779
3144 3248
199 3579
1868 2155
1860 2067
30 2354
1308 1907
1010 3689
3250 3545
2501 2941
475 2354
2801 3114
1495 2396
1310 1892
1645 2263
2991 3709
1661 2559
624 3847
519 3054
2348 2489
160 1525
2318 3315
2401 3040
1907 3016
2388 3349
82 1580
3525 3891
126 934
2489 3136
518 3683
1030 3846
1884 1907
1470 3429
1477 2940
1701 2631
1031 1636
937 3546
295 1310
427 1693
260 1854
1978 3219
62 762
54 3998
2426 2786
294 3957
473 518
2341 3286
3564 3798
846 2779
14 1851
3370 3846
1419 1590
1829 3781
1290 1788
1179 1701
2362 2998
804 3688
1495 2973
762 2805
2516 3416
742 3934
665 1495
368 2964
2036 3688
2318 2433
11 2318
2067 2649
2508 3385
1693 3354
1129 2698
1013 1795
1973 3612
1551 2688
371 3688
3102 3846
1012 2624
997 1851
3349 3804
58 1571
3065 3592
1627 2155
340 3625
1915 2833
1954 3181
2970 3928
2455 2688
1031 1226
1296 3179
1807 2948
464 937
2145 2155
2740 3312
186 1953
862 3582
519 973
462 3138
302 2459
519 1600
2082 3008
175 1396
1331 1973
1701 2286
95 3144
199 1777
361 1616
968 3144
2705 2991
1875 2995
762 2316
720 2542
1852 2000
2281 3728
603 3774
327 462
3819 3891
3034 3592
1851 2238
260 2069
378 2958
963 1915
518 945
203 2940
503 3564
2115 3034
1596 2067
2611 3753
1812 2360
2452 3856
758 2508
462 3242
755 3144
2342 2900
471 1623
2624 3630
748 811
1750 3856
1984 2136
2067 2243
2179 2801
1973 3317
643 814
2559 2598
199 1099
1675 3093
491 3748
155 3811
1955 3025
3159 3512
2732 3753
726 1378
977 1590
54 2095
54 2322
765 2318
58 2188
1087 2341
741 2281
1089 1354
340 1107
2848 3763
2217 2341
1409 2502
494 3252
1776 3039
679 1470
381 3271
1560 3409
2282 2516
2067 3237
1346 3615
462 3701
102 941
323 462
106 1827
305 1892
3595 3596
937 2312
1077 1871
3364 3840
345 2362
1296 3319
2711 3962
1165 1470
611 2801
1476 2823
582 647
454 2559
1524 3144
1156 1929
1482 3169
3278 3349
381 3123
1077 3914
2281 3923
654 2670
2686 3250
1922 3432
3241 3960
2440 3646
582 3223
2991 3917
1929 2353
415 2341
1548 2091
1664 1948
1606 3503
182 1623
753 1296
58 1321
636 2960
510 2862
213 2970
705 1311
811 3163
383 3753
58 2128
1751 3595
154 3250
2015 2960
58 468
198 2498
1856 2485
3125 3660
301 3592
2318 2608
462 2191
1261 1286
2568 3323
1395 1541
544 3598
2117 3235
769 3849
2305 3877
1812 2783
2169 2960
176 1852
2207 3455
260 630
2050 2362
2991 3407
911 1129
1385 3409
2283 3250
652 2666
1635 3934
2155 2887
985 2180
326 3494
557 1623
721 3253
1973 3744
690 762
3118 3568
2341 3280
684 2485
54 2183
589 2624
782 2140
340 3561
192 3235
613 3455
253 1483
1788 2983
41 390
1851 2852
232 1027
580 2243
2607 3043
1077 2439
2265 3121
854 3235
106 2638
1662 3279
3409 3533
1399 3564
381 3770
107 3144
416 3595
1300 1470
1081 2111
180 1615
384 650
1690 3615
1567 3095
2446 3598
3753 3871
730 873
371 3084
2341 3864
1730 3399
2489 3327
1129 2878
966 3793
2080 2401
2394 2559
2482 2599
2489 3488
3030 3688
2354 2644
1590 2204
1273 3349
995 2801
1621 1929
2088 2180
2356 3568
2459 2479
390 645
3038 3660
204 2140
794 948
1296 1452
2135 3646
390 2928
3126 3815
3185 3615
1567 3434
1922 2882
295 1999
390 417
2342 3161
3126 3311
1324 3891
2091 2636
1158 2489
2180 2716
72 1973
405 1829
1662 3663
862 1110
2308 3144
1292 3494
1081 3882
494 3739
1274 3856
2703 3409
295 3670
86 1851
954 1829
1961 3235
790 3638
54 584
2437 3774
1567 1895
1940 2801
621 1615
775 1031
539 1606
1675 3634
390 808
199 2683
2940 3702
