3620
2682 3451
711 1185
1454 3243
796 3561
1704 1853
757 1639
2784 3045
183 3040
496 2895
2452 3136
1894 2636
428 1824
1895 2802
796 2258
675 2204
1375 2210
1855 2658
1075 1796
479 2079
1000 3112
316 3172
1122 1797
722 1103
2176 2363
242 2397
1369 3114
1077 1680
1429 2103
2470 3101
1084 1557
1575 3028
2135 3005
1781 2172
2481 3206
1435 2367
2300 2316
726 1178
1516 2782
724 3589
499 3468
2770 3536
371 1344
993 1765
3041 3445
1768 2555
382 982
780 2785
2291 2327
1452 2589
1719 3547
1847 2793
718 3033
259 803
567 1311
1996 3146
925 2714
1854 2082
133 3490
1122 1944
1045 2921
1562 1986
953 2571
2898 3465
1522 2273
427 1835
1876 2488
1737 1868
2546 3189
124 240
351 3607
247 859
876 1761
2355 2971
176 3215
1478 2971
449 1566
2326 3486
335 2425
242 1700
952 1796
1832 3423
1235 1742
314 994
1444 3609
900 3299
854 1667
210 1906
2634 3145
336 3001
692 2892
1810 2372
464 1982
937 1576
110 2947
739 3042
622 1041
1817 2491
513 1079
2257 3055
2648 3435
2004 2491
304 877
1235 1497
438 3403
512 2772
1331 2930
12 975
1256 1435
2332 2401
1189 2364
1285 1749
1473 3271
2031 2231
405 1495
2515 3167
681 894
1698 3595
864 3336
1972 2126
1551 2257
2203 3369
1864 2864
668 1780
185 2836
344 1484
39 3445
825 3101
1206 2307
1838 3125
709 2649
2232 2345
310 1805
1153 3374
1352 2080
620 2043
1043 2340
2000 3105
167 513
846 2171
131 2888
2863 3509
2408 2998
332 1710
600 2656
3157 3171
1337 3326
1507 2624
356 1413
2149 3567
136 2306
3291 3566
2426 3329
751 2554
1074 2676
352 582
1110 1153
2595 3142
2438 3053
636 1357
1787 2874
1377 1468
1358 2227
291 1893
3209 3421
353 897
756 1729
1252 3209
2642 3102
1004 1183
81 1910
76 367
1197 1314
1715 2328
722 2433
2588 2962
2548 3353
752 1826
205 209
713 1052
1918 2189
686 2590
516 2946
1070 1568
2362 3006
869 2433
2933 3495
326 1630
1445 2186
2437 3441
325 663
935 2886
550 1852
1218 3483
1104 2362
1203 3545
2714 3073
1378 2956
1330 1332
803 1283
310 956
1132 1656
1047 2349
1163 2891
1073 2168
867 3508
431 1002
544 2099
1545 3056
310 2713
168 3121
190 1972
2893 3014
19 1850
336 1509
2507 3602
583 675
450 1324
2334 3545
537 3495
2220 3051
608 2418
2309 3468
2868 3289
474 2708
2602 3065
1848 2627
465 2481
2288 3554
866 3307
1260 2070
557 1427
815 3326
832 2347
265 2950
1846 1931
896 1964
1734 3074
2076 3207
1154 2571
180 3551
1383 1394
234 3194
2072 3156
936 1594
1081 1679
2161 2542
1980 3427
1727 2844
322 848
1682 2452
1111 3391
259 2300
29 249
652 3580
3242 3578
106 3318
1250 3238
886 2885
2 2081
2787 2960
2954 3033
1456 3488
290 354
275 288
2682 2683
296 413
883 1360
2002 2821
658 2992
1264 1372
196 3266
1757 3419
1499 3038
1515 2225
219 767
1553 2488
784 1248
2731 2873
29 2737
1659 2226
2622 3542
1161 2820
3172 3540
3168 3512
74 2931
2377 3097
1882 2996
297 383
1509 3555
702 3588
719 2557
928 3284
2566 3038
590 2076
2449 2954
1555 1755
798 2065
20 3137
759 3465
8 2479
208 1511
1807 3262
3000 3351
1843 2696
1054 3075
2473 3616
1190 3613
196 657
161 741
836 2474
335 1613
853 1978
1516 1615
1346 1805
1477 3012
1500 2562
1659 2243
558 2096
1061 1242
195 989
152 1854
2169 2794
482 1487
1855 3037
1249 3236
1076 1229
2728 3609
2496 3611
1949 2498
827 1000
465 2769
1957 2021
2712 3323
368 1352
1084 2884
1750 3248
1478 1830
151 1723
270 1069
1905 1997
80 1041
1506 2155
302 424
1648 3441
1880 2131
749 1191
1139 2440
306 987
432 2113
426 946
252 353
527 1575
270 2297
178 213
715 1920
3086 3609
18 344
2300 2477
151 1390
978 2732
948 2786
2079 2392
2463 2802
830 1757
272 2031
1070 2608
175 1185
992 2310
543 3195
1248 1334
997 2466
606 2729
1925 1996
2960 3571
2308 2458
1456 3305
1341 2017
361 1319
3099 3299
771 2698
797 1238
625 2584
2469 3168
16 2050
929 1729
664 935
20 185
3037 3280
630 2577
335 3316
2284 3603
1929 3096
1264 3126
551 2630
2693 3193
353 914
660 2922
1343 2530
889 2607
774 1559
1118 2251
175 581
3021 3541
2407 3176
290 1887
516 2929
560 631
192 1231
795 3428
1100 2451
306 2501
1067 2556
1637 3091
468 481
1599 2587
1019 1988
1080 1830
347 2590
287 921
689 2438
1301 1781
1118 2589
2758 2909
1407 1929
1540 3437
2541 3211
1015 2652
931 2231
15 2401
1954 2384
1312 3333
3037 3134
698 3244
198 3153
2204 3361
46 2535
1732 1943
578 2507
1107 1798
737 1375
1067 2118
942 2207
1292 2269
2360 3324
230 1071
796 1440
250 1743
450 1684
222 1945
1673 2735
478 839
509 1275
82 2770
336 2496
1656 1726
622 900
1878 1980
394 646
458 752
1649 3601
1938 3229
657 2656
1212 2982
539 2768
206 1611
2137 3003
1035 3324
697 877
1082 3475
2326 2560
1470 3326
503 2737
1993 2218
1338 2581
252 1862
2349 2492
2712 2877
56 1945
781 1866
1852 2525
1599 1648
2120 2918
1749 1957
1918 3504
336 2427
566 1231
1580 3223
2344 2884
1224 1483
893 3576
1233 3181
351 2390
1271 2324
369 2764
131 860
532 2216
2418 3262
1132 1936
1257 2211
228 1379
974 3056
2532 3604
1580 3047
132 162
1377 2230
278 2326
1809 3462
1347 1397
94 2898
2340 2738
416 1420
198 1558
1506 2255
1598 2168
346 2225
1355 1486
1022 1529
1418 1576
653 3572
2493 3131
161 2124
716 1076
1551 1838
207 2038
788 2591
506 2512
2893 3288
2865 3015
1417 1673
650 2524
1084 1586
613 1917
110 1466
284 1547
2849 3356
785 3200
205 1255
243 522
1747 2235
2062 2618
705 2805
1670 2665
552 3085
716 2197
929 3506
936 2926
411 3375
936 3351
1049 1374
838 2560
1091 1247
85 2079
55 691
726 1953
2153 2481
1788 2950
857 1926
456 2428
732 1754
400 3554
2029 2655
255 1053
3018 3108
770 3146
1222 2771
87 1897
2140 3492
382 1277
1647 3520
1168 3589
941 2980
1596 2100
251 993
2186 2489
1099 1348
171 2675
125 2239
1127 1999
678 2162
2008 2055
1675 2660
2642 2883
2953 3341
1121 1984
2123 3258
503 1624
707 907
1213 2335
2033 2169
774 1670
819 2115
3015 3231
216 1737
618 930
1231 3431
1941 3098
24 1652
1317 3102
30 3425
1137 1650
343 1698
1376 2807
55 1251
780 3215
639 3287
1832 3507
515 3367
748 2599
1955 3321
2921 2932
1757 1900
694 2638
775 2970
929 3202
10 2282
451 855
1589 3395
1043 2805
1022 1879
29 1014
1597 2485
1518 1899
373 2554
2337 3087
2864 3442
1952 3143
1923 3101
229 3521
2971 3183
1377 2939
2169 3091
1934 2030
1349 3138
2868 3136
2660 3584
856 2079
804 3553
1449 2528
2473 2715
2663 2770
529 2830
53 2980
1204 2369
2803 3341
1510 2475
97 3005
1333 2025
818 1149
419 3448
413 3547
929 2079
124 912
1506 2988
1523 2401
2872 3007
734 3308
1130 2478
1812 3563
49 3467
965 3517
52 622
1456 3064
486 2242
1089 2079
1079 2622
303 829
3186 3538
46 3575
2614 3280
589 1446
39 1451
2179 2661
483 2542
934 2201
2734 3289
2035 3576
310 1939
2745 3475
196 1615
1289 2268
498 2407
97 687
210 906
1799 1964
84 3167
1511 2669
1834 2337
407 2788
900 1818
3194 3356
1398 1754
1996 2388
10 1482
1561 2200
997 1591
1018 1524
3402 3598
2218 2897
1275 2397
2798 3020
2699 3616
635 2833
1495 1754
86 994
2755 2768
1149 2586
1206 1993
1986 2979
519 2554
1500 3188
164 2263
307 1248
3030 3050
43 241
1152 1284
1119 1801
870 2255
2640 3501
771 2233
165 1495
1582 3378
275 2716
2249 3275
221 3323
304 1222
1904 2069
2124 2961
118 3177
2144 3017
2895 2920
1343 3467
3050 3532
885 3090
1060 1719
2484 2652
2104 3555
622 680
651 1864
143 310
3205 3536
712 1838
1764 2245
1321 3155
1847 3318
3546 3548
54 2316
927 3480
614 2260
1616 2993
1668 2796
3182 3376
2034 2947
875 3528
2001 3343
1952 2328
123 847
573 659
1420 2685
1106 3555
867 3040
856 2061
1170 3586
3129 3439
89 2690
108 1584
246 2086
196 950
381 3346
361 1110
804 1729
548 2927
665 3554
463 2585
2244 2550
460 950
230 372
160 1639
890 3334
250 255
934 1316
933 2908
306 2704
1422 3062
198 720
1094 3545
2488 2993
609 2856
134 1570
588 1818
2354 2941
2861 3253
1709 2324
96 1305
435 3097
750 3185
1735 3098
393 1452
538 2812
698 1525
1465 3008
1537 3001
515 2420
570 2113
2063 2609
2569 3354
1357 2061
2541 2644
2433 3145
2006 3362
613 3077
1046 3473
740 1054
2745 3232
879 1023
383 1256
837 2115
72 3582
3441 3536
41 2473
980 3010
1536 1850
2891 3072
1165 1502
1713 3402
2606 3351
2107 2412
457 2090
1712 1915
982 3520
2868 3465
1343 2457
1315 3426
555 882
451 1027
965 3174
671 685
2631 3345
1142 3072
1680 3238
2447 2590
675 2673
747 1715
5 2757
985 3088
1905 2132
151 2580
31 2577
1544 2177
2787 3464
2316 2956
188 2872
270 3407
622 2399
1560 2292
854 1209
26 1858
1149 1717
1839 2593
3063 3560
139 3505
1037 2184
1344 2371
1167 3473
1436 1592
1351 1976
449 3251
2051 2907
2238 2434
115 1004
1440 2594
20 947
795 3165
463 2917
2231 2368
1194 2305
551 799
3316 3483
222 2702
1442 3357
169 2404
1541 1924
2804 3358
1581 2376
204 1577
1638 1949
1794 1866
105 173
758 3192
2519 2872
300 2643
849 1340
648 932
415 1550
1425 3053
2350 2826
2596 3350
1879 2053
1615 1999
714 3392
2718 3289
3440 3483
438 1072
1213 2621
1405 3251
1549 1957
2426 2575
738 2696
778 2713
2465 2492
1765 2689
1224 1798
513 2343
2840 3225
2590 3605
1779 3608
1158 3557
884 3417
919 2389
1367 2419
3483 3606
1789 3427
357 2316
1619 2237
2335 2667
795 3319
2148 2454
939 2468
161 3501
1001 1512
1656 2635
1087 1477
1357 2698
2727 3214
1632 1902
1234 2092
2757 3393
445 982
2632 3382
245 3483
762 1239
858 3521
1651 1811
2188 2505
1003 3586
1879 1972
785 1737
306 2178
745 2383
2018 2676
2370 3229
49 1865
2983 3441
66 2986
1822 2215
46 3583
252 1752
1299 3170
2707 2944
1633 2198
1220 1780
2786 2860
1656 3082
1867 2859
279 3290
505 1859
2079 3392
1960 3102
1159 2718
403 1044
1375 2650
529 2538
1415 2649
1473 1719
1202 1562
2028 3606
1985 3421
199 1834
125 1395
1697 2384
682 2960
2079 3551
5 172
3237 3270
902 3165
869 1388
506 2973
363 2434
93 795
490 726
690 936
96 1887
622 2035
735 1125
904 2204
2230 3063
639 823
929 3403
891 1187
3048 3434
1798 2774
304 1294
55 3141
2624 2711
2435 3168
1967 2957
23 1788
107 2767
1164 2975
942 2119
1533 2775
87 3456
1019 2356
273 2492
1301 2090
540 3382
2890 3577
2227 2966
2203 2845
1811 1845
746 1279
387 2998
1745 3046
159 2471
37 1422
680 721
563 2319
1751 2411
1448 1723
252 2147
2412 2474
1235 1758
538 2995
652 2173
2302 2658
562 1378
941 1908
62 3476
761 3344
342 3048
32 3225
2890 3067
1935 2041
755 1039
475 1848
69 1241
181 1094
1734 2850
2515 2666
1292 2993
399 2436
1447 1977
411 2659
3009 3529
2266 2941
1145 1583
1948 3069
227 1021
929 1911
932 3356
953 1914
12 1679
2150 2516
1235 1550
2640 3118
963 1295
544 1740
1985 2509
608 2700
1382 3203
1657 2272
2479 2524
2562 3080
1834 2259
448 2952
1943 2551
760 1987
1821 3140
1315 2529
638 980
1367 2992
213 254
2337 2345
2239 3277
521 3039
1792 2584
3325 3452
1372 1909
3158 3368
2937 3347
2928 3189
266 1902
3443 3604
227 3035
2921 3051
537 1312
1689 2138
1526 2628
680 1590
1 500
1839 1977
622 1279
911 2407
2169 2765
1338 1963
1320 1756
2482 2949
1241 2586
890 1942
2372 3365
2800 3318
633 3384
1079 2841
529 2345
692 2324
1346 3289
2616 3559
355 3395
289 1122
389 847
336 3381
2959 3294
1571 1992
292 2762
505 742
1427 1777
809 3574
235 1242
1604 2611
433 2818
2636 3209
178 1615
1108 1567
454 2319
331 2908
286 2796
1235 2668
1629 3570
74 1500
831 2373
2435 2625
1641 2386
77 1122
2555 3422
828 1774
3108 3214
1632 3251
1836 3565
513 3129
703 2754
2694 2777
846 2837
667 3404
3050 3267
147 883
340 513
1840 3286
1219 1284
2632 2743
2916 3267
2694 3533
188 2955
1552 3531
1259 3198
117 2123
1703 2383
117 774
1822 1981
1636 2093
936 2669
76 2833
1503 2441
1115 3398
897 3331
2877 3518
1372 2285
578 2020
986 2370
1774 2287
766 2460
2490 3161
1166 2870
280 3180
2731 2868
507 2054
2264 2770
934 1548
851 2681
164 789
1424 2492
598 3434
376 1480
527 1491
1303 2165
918 2261
253 2492
656 1748
185 976
921 3531
2210 3165
26 207
128 1978
1061 1689
625 2278
2296 3089
1217 1538
688 861
2936 2971
1234 3145
614 2249
290 2171
1634 3069
1400 2699
103 352
446 3180
58 1110
644 1289
102 1623
493 3172
785 1199
1626 3616
1957 3105
2613 3071
2026 2758
41 200
429 453
589 703
348 3201
50 1672
1063 2417
886 3223
300 2128
195 1090
546 1689
159 2359
38 2707
766 1910
1169 2591
1987 3613
404 2670
2432 3090
2387 3594
3088 3173
1242 1870
61 1773
2140 2456
510 1620
621 1098
2256 2352
703 3408
1312 2624
495 1390
2441 3152
1973 3402
520 2904
1146 1983
1274 3318
1487 2066
29 2358
2052 2184
2871 3323
196 2469
739 890
1518 2012
969 2737
1823 2533
537 2712
2339 2788
578 1018
1713 2439
1334 3581
1609 2230
1469 2426
1726 2600
391 1783
554 1232
1006 1725
138 2623
508 3263
1554 2866
2561 2961
475 2347
397 1056
2817 3388
1154 1730
1724 2033
416 3578
1412 1929
321 3389
1765 1771
86 1122
1656 3503
2028 2124
503 2734
2079 2739
293 2517
1289 2485
1460 3600
2562 3191
1238 3527
1621 2757
2908 3506
124 1833
811 1176
2487 3004
396 953
212 1240
744 842
376 1057
1714 1972
2660 2820
1809 3263
195 2846
1811 3430
1305 2574
940 1161
370 1938
307 1352
437 1191
3135 3369
426 2335
906 2689
2000 2823
2639 3067
578 1652
2061 3412
157 2532
906 1945
1815 2575
357 863
399 2984
1219 3460
1076 2184
610 1036
1124 2895
2333 3203
1588 2291
350 3159
1457 3265
2598 2797
1348 2795
769 1026
952 1922
192 2103
910 1179
2191 2580
1537 3089
1578 2317
36 1533
352 2431
1145 2767
515 2809
1911 3444
1477 1551
2457 3337
2775 2784
2298 2840
2172 2923
2289 2947
777 1464
1538 3578
1545 2815
869 3499
3264 3572
112 771
1343 3245
376 2654
392 900
761 2019
2780 3190
1788 2224
149 1620
2424 2833
105 1868
284 2730
949 2990
2136 2487
441 2800
482 639
807 3090
2141 2458
577 848
13 2720
2327 2827
2040 2979
603 3005
752 1280
252 286
300 2619
538 1136
1276 2694
1022 2858
305 2893
2474 3389
57 2064
822 2464
2840 3241
1029 1471
708 1484
2284 2692
950 3410
696 3229
598 2262
1488 3098
986 1656
471 529
105 3283
578 2997
1379 1892
1660 2356
5 1741
526 607
1039 3035
1166 1514
1797 2930
595 2687
999 2690
1927 1961
548 2810
1225 2559
631 1239
755 1787
1989 2942
1708 2565
168 3235
787 3200
137 3487
1140 2023
1094 2512
626 1043
815 1370
357 1162
146 765
1846 2103
504 1420
206 960
432 1404
1975 3031
3429 3577
892 2057
14 3354
939 2601
434 953
2598 3255
1273 2607
2732 3317
884 1904
1314 1955
1615 2933
1066 3531
596 736
1734 1962
2623 2740
2294 3064
1053 2520
1053 1753
2496 3151
2027 3358
2862 3051
977 1841
854 2177
1207 3270
1601 3579
503 2779
1373 1873
2197 3273
2651 3281
2573 3309
501 3125
3324 3585
195 1650
176 1519
256 1246
87 135
801 1138
872 2456
383 1653
564 2265
187 1159
1822 2216
2030 2708
2600 3308
719 2674
423 3430
2890 3263
1113 2976
827 2249
552 1722
845 2993
337 637
2098 3238
1918 2314
2397 3028
550 900
1262 1659
2788 3385
268 930
719 2114
859 1325
888 2493
1089 1663
290 906
3578 3605
981 3201
290 3255
410 1452
1115 1362
971 3620
741 2208
34 2796
2406 3037
510 1115
1374 2083
2875 3614
2793 2912
1131 2549
1868 2183
2081 2085
1053 1338
1510 2836
1719 3548
333 2086
3054 3335
2365 3035
780 1890
33 2154
1089 2349
530 1268
1603 3129
543 3353
1640 2129
3142 3342
2776 3508
1414 1539
1575 1800
1851 3090
835 2844
852 1091
1091 1350
35 413
820 2604
930 953
1850 2851
180 797
282 2380
3437 3589
1228 3289
860 2431
1245 1395
1142 1901
1567 2448
929 1318
650 1441
1114 2318
776 1868
683 3197
1414 1769
755 3502
1033 2392
2502 2732
195 3170
2150 2513
1184 1820
58 3113
2338 3104
42 1539
75 2545
2405 2958
728 1658
463 2864
2600 2854
1050 3240
2187 2982
174 415
484 2303
1012 3441
959 2314
1480 2046
1145 1798
786 1142
31 767
284 2166
3115 3385
2381 3402
729 994
1367 2144
3081 3279
3496 3516
1648 3360
1109 2407
1294 2582
1010 1929
1009 1148
543 744
1473 1999
3299 3535
1448 3029
2485 2542
1075 1253
182 3382
2168 2312
212 1876
613 1419
1442 2211
72 290
687 3500
81 1306
1462 3314
1339 1599
594 3362
1682 2760
1657 2863
1278 1396
1671 1830
385 1330
455 2875
1267 3069
1104 3471
580 2116
1228 1984
924 2996
401 3593
2028 3169
1810 1976
1101 3193
3109 3615
1329 2389
1657 3330
617 3047
605 2443
670 3449
396 886
1009 1461
1550 3138
3097 3123
124 906
2145 2798
341 625
3372 3438
1790 1949
1762 2386
1361 2646
999 3289
1546 3449
2763 3227
1287 3375
158 2781
1732 2842
2733 3575
2684 3529
958 1320
2192 2628
2867 2941
1769 2751
870 1243
3056 3285
2316 2475
2452 3033
274 1375
644 1528
839 865
917 2879
175 682
365 1920
167 2947
1593 1710
1426 2784
932 3116
57 3396
1183 1822
649 1369
1077 2213
521 1005
932 2195
152 155
698 1761
937 2868
849 3234
373 3318
2889 3206
961 2650
253 2217
625 655
1281 2608
890 2206
543 1676
786 1854
723 2316
782 2542
1457 2158
308 3188
980 3270
3268 3473
1067 2395
3326 3619
616 2757
1592 2220
44 2796
440 2969
871 1326
2668 2781
1369 3440
230 1619
175 1360
1206 2363
1200 2434
3089 3400
681 2902
715 913
1182 2958
79 3524
11 1804
1300 1995
43 1829
1529 3265
1248 1378
404 619
971 1602
399 777
1639 2422
846 2853
984 2552
1022 3139
1993 2825
154 397
237 647
1317 3473
1035 3332
2753 3044
480 916
2142 3307
9 2247
1359 2241
1031 3180
1249 2150
706 2459
839 2396
1236 3361
640 2603
46 1086
780 2364
1503 3151
1340 2811
916 1760
288 1600
168 1576
472 1766
725 3186
514 2129
198 2355
1102 2397
323 1099
564 2817
2148 2856
1782 2533
2194 2631
2358 3294
1141 2949
1742 2222
553 631
399 953
1160 1843
3016 3498
743 785
2603 2693
180 2394
330 2656
900 2293
255 1079
1068 3303
204 2637
1113 1660
1967 2717
15 467
162 312
1857 2348
193 3102
164 2494
2376 3516
689 2906
2001 2109
1478 3224
1437 3588
171 1149
814 2748
2435 2965
505 1371
513 2674
952 1040
1504 2430
929 3226
595 1459
1913 2491
269 1334
592 1680
2392 2426
806 3053
1839 3339
2270 2649
2181 2536
418 3147
2221 2577
12 2325
885 2324
1397 2996
1739 2491
679 3581
1233 1267
849 1410
2462 2820
842 2977
997 2277
2905 3342
397 3530
1518 1984
1827 2451
1315 1635
1357 3079
945 3465
2252 2949
678 2586
1595 2234
1294 2671
689 2902
2767 2903
2256 3507
1686 3578
1791 1820
611 3465
1372 2669
1685 3513
994 1237
1014 1932
2373 2411
863 3201
1254 3314
2355 2739
2073 2532
1355 3438
583 1574
2416 3222
127 1557
29 421
1277 2442
1981 3328
324 3507
2210 3073
826 1503
97 1703
905 1669
1214 2225
2421 2567
379 3323
1248 3293
891 993
118 2604
1075 2550
2764 3380
803 2404
1967 2898
150 705
80 271
114 2540
1857 2389
2096 2247
505 833
2800 3274
730 3044
1022 2714
430 2859
1097 1821
1855 2732
2086 2824
1233 2790
1135 3186
1249 1508
2466 2500
666 667
54 895
206 1557
1613 1951
2193 2895
572 1397
1323 1999
2258 2863
148 774
2043 2133
2044 3057
691 1023
403 3334
1744 3040
1539 2382
914 2378
695 1170
277 2783
962 1945
73 1111
2474 2799
1814 2341
1660 3120
2231 2713
513 1319
364 1207
1884 2179
428 1623
58 2076
3131 3146
1848 2869
3084 3312
1810 2578
694 3219
517 797
1546 2560
3179 3606
2736 3494
1806 1813
2297 2819
1664 2699
2112 3429
2247 2803
76 383
1399 1923
1130 1487
877 2472
685 1017
402 1344
710 2029
2616 2876
349 1110
1508 2079
100 3136
794 2507
67 2631
1475 3587
175 1192
2018 3326
2731 2741
487 886
2969 3422
3005 3368
1059 3089
68 2200
596 1871
295 2567
1438 2616
337 1506
750 2464
430 854
1493 1610
1674 2875
896 1573
309 2893
1211 2325
2072 2166
54 1842
1191 1986
768 3615
1644 1980
2204 2744
1414 2455
2351 2829
858 1453
1009 3458
340 659
571 1490
1456 2265
1230 1806
945 3076
13 2929
877 1685
288 968
1242 3429
2139 2451
45 805
1954 2015
859 1336
2393 3267
3345 3510
2521 2719
1317 3046
334 2977
2925 3334
2868 3604
24 1886
1206 2271
1380 1522
1485 1602
52 1650
810 3299
320 2147
688 3366
1642 3450
1119 1926
528 1669
689 3119
1917 3276
1110 2910
238 1619
839 1786
1833 3479
564 676
2106 3489
669 1455
1182 2313
116 3379
1885 2549
520 1335
814 3315
1342 3262
121 438
2884 3175
1698 2250
315 475
1439 2577
2322 2772
40 1012
1606 2198
3161 3187
119 3107
26 177
316 2978
2117 3391
663 3048
1729 3590
1629 3039
385 1075
948 1791
2379 3577
196 2693
1344 3190
1619 1777
1537 3228
1735 2011
966 3447
618 2324
1838 2395
899 1056
1117 3159
561 730
479 598
1748 2037
2652 3564
2242 2434
552 2066
685 1778
652 3289
7 1501
2999 3486
862 3445
184 1072
922 1715
220 419
2206 3193
2550 2722
1118 2065
1526 2870
1621 1772
2967 3123
1382 2583
1946 2662
311 2624
622 3425
1534 3261
1506 2504
1166 2199
2803 3454
21 3586
860 2696
485 2066
1116 2772
1724 2572
1277 2568
1708 2155
162 339
2404 2453
688 3071
803 1308
2265 2848
897 3093
63 1351
92 934
950 1484
596 1095
791 882
1384 2026
605 1072
224 1241
444 3378
3171 3478
350 1147
2005 2560
1618 3229
1231 3269
1707 2280
1196 3108
360 2539
1142 2398
1093 2076
1589 2358
2318 3178
12 2835
1494 2316
62 3604
302 1241
196 3572
875 2418
430 2503
911 1916
1303 3483
2267 3023
2942 3555
1239 2198
433 1914
1198 2885
362 2845
1219 1302
359 2868
604 1593
717 1015
95 1959
790 2473
218 1818
7 1814
475 3301
1242 3586
1427 2526
55 1593
2736 2946
641 988
1353 2392
622 3413
624 993
142 1442
427 797
1673 3515
544 2885
283 1157
303 3172
3148 3382
512 2353
469 1390
1533 2528
263 2762
1518 3100
939 2036
1029 2133
1552 3229
583 2742
1099 1844
2715 2977
595 742
1260 3034
953 3242
900 926
547 2045
276 1845
1194 3088
386 2851
859 2522
1068 2129
1009 1018
2851 3243
2300 2486
162 2981
1081 1888
1557 1782
2866 3565
293 1819
1607 2361
50 742
2218 2476
2620 3097
2336 3254
1904 2534
1030 2170
399 3592
746 1408
363 475
834 2940
2220 3558
629 3486
1007 1447
1479 2758
966 1874
1296 2555
2042 3016
1305 3610
1967 2855
10 2901
108 3562
1414 3212
544 1614
890 1705
401 2460
1316 1458
188 2970
108 2971
1883 3432
622 1259
366 2693
2336 2943
202 1866
2235 3286
2085 2708
1615 3072
2057 3150
641 1716
658 1563
1159 2822
129 447
2249 3498
1849 3359
329 2998
2400 2525
227 1028
2197 2508
216 1201
690 1625
275 1613
2499 2842
1268 3452
1008 1568
915 1501
906 2934
378 2067
1438 1660
2525 3074
189 1487
1275 1748
3539 3608
1540 2612
281 2155
3414 3527
43 2901
1403 1710
75 1247
845 2857
114 1477
1533 2657
1089 3418
1599 3415
967 2781
262 3597
482 610
767 2701
1898 2144
2248 3268
2331 2519
2610 2631
882 3392
3297 3416
1006 2562
166 1352
1181 3435
1831 2836
30 1096
2660 3254
1565 1685
815 2900
2143 2395
580 3596
1129 1513
2212 3568
2752 2762
1655 2970
763 1592
1770 1926
3111 3362
1484 3174
163 982
309 3217
2450 2668
1503 1983
1442 2918
27 1367
1817 3497
2111 3033
524 1382
693 3400
1166 2611
662 2438
32 1795
843 1438
1105 2043
684 3191
1470 3259
901 2978
1394 1906
1841 2832
8 3493
726 2122
2831 2963
2762 2766
1031 2651
899 1258
574 1602
156 2746
2828 2845
623 2731
851 2065
1572 3201
2239 2543
601 1008
383 2510
1610 2677
319 3491
1967 3295
647 1305
1390 3549
1256 2746
1016 2338
1288 2673
2886 3550
663 2852
2006 3565
3002 3574
641 2516
124 468
2051 2878
253 2202
2182 2635
2167 2872
2706 3587
1615 2282
2759 3093
261 823
1233 1907
1533 1833
19 3292
533 1715
1104 2019
1124 1517
384 2023
264 3501
592 2088
2652 3437
211 1902
196 2022
816 2708
1733 3041
1369 2383
887 1682
549 965
1348 1850
877 1026
204 660
1171 2891
716 2726
286 1406
518 2618
1832 2602
1307 2957
753 1029
345 3129
1472 1828
1374 1434
703 1852
143 2430
1826 3519
2842 3163
337 1421
376 910
1531 1580
1806 3361
2375 3110
1997 3019
364 3424
1541 2087
1687 3141
2070 3483
1749 3609
15 2547
1227 1791
2512 2981
397 3052
298 2930
420 1207
1412 1774
2403 3595
2175 2591
120 2456
477 2719
618 1918
3063 3290
2068 2981
902 1940
2863 3103
2633 2696
453 3272
2960 3058
953 3214
528 2299
1000 2695
2223 2431
361 596
552 1706
285 2297
1428 1910
368 3162
1965 3271
652 2347
106 900
469 2275
41 3028
197 2961
2842 3300
1048 2319
1029 1560
1455 2440
369 2245
2254 2304
2048 2617
429 2283
1905 2263
398 2825
1673 1781
413 1860
327 1838
1452 2552
1242 2316
360 1735
1454 2531
447 869
746 3597
336 1344
3173 3206
583 1718
1543 2337
537 2414
1038 2807
1385 2239
384 1177
57 2338
1681 2335
735 875
3278 3391
1203 1699
417 642
811 2705
2982 3612
870 3416
2055 2319
1919 2655
2134 3023
1708 3208
1106 2423
786 1534
1367 3044
534 1330
419 1313
1956 2736
2300 2688
927 1078
643 3425
1113 1930
321 3526
2151 2701
61 1042
1231 1853
2328 2996
3314 3363
2026 2384
1826 3475
2522 3552
1613 1641
3064 3216
599 1229
2844 3123
2698 3221
1015 2071
1265 3083
2501 2505
844 1660
1466 3060
1775 1822
427 2813
1623 2399
243 484
1364 2473
674 2166
62 2778
277 2725
231 1118
391 2480
808 1734
3436 3472
409 927
1643 3547
790 2043
38 3483
1905 1921
181 2629
1527 1764
28 1319
2413 3174
1480 2710
1683 3529
821 3605
2549 3149
1365 1422
1070 2426
1129 3289
416 3406
2069 3069
1608 2430
448 688
3280 3289
1064 2435
293 920
291 1505
1182 1990
858 3124
2249 2919
1721 2650
1957 2115
2601 2838
1120 2607
1555 3117
288 938
3053 3457
116 363
1853 3186
3101 3383
692 1345
2166 3420
2147 3127
330 1688
1365 2140
235 2995
672 2784
356 900
88 2511
848 3071
24 2077
1496 3194
2431 3132
301 2962
461 2008
94 3433
580 3385
1969 3307
1455 2497
277 531
2421 2516
1613 1837
2385 3529
1119 1607
2598 2694
1782 1849
653 2376
2955 3210
2995 3249
3324 3401
10 1622
359 1825
1655 3544
1430 1695
1401 2116
2878 2913
2812 3230
77 1128
1883 2843
168 799
750 957
201 1455
1484 3032
1232 1546
1249 2078
1260 1322
48 1788
2016 2945
677 1376
104 1548
1188 3052
139 1825
907 2752
1183 1373
130 191
597 1207
1766 2768
780 2879
2965 2998
143 2274
1011 1514
1476 2735
374 1869
1072 2881
472 2719
1692 2930
341 2723
2483 3375
24 2063
2758 3470
1126 1897
694 1112
875 2940
1311 3383
125 1289
3269 3310
318 3545
2059 2836
95 2198
1652 1804
2791 3225
688 3421
2415 3581
1661 2397
2171 2564
186 1983
79 1501
380 1954
811 3472
406 2036
1412 1994
595 1394
2041 3362
3084 3194
244 1301
1355 1532
2306 2421
113 146
1226 2108
1556 2746
622 722
74 2558
225 2525
64 645
528 2902
1889 3341
928 2228
922 3386
111 1072
1026 2369
789 3338
453 1702
1501 1627
801 3214
3167 3381
139 1495
2130 2596
733 2456
992 3040
464 3187
1298 3149
26 3131
236 3193
1363 3586
1020 1698
2072 2908
2882 2886
80 2878
1646 3299
358 1910
565 1708
989 2411
2948 3223
2365 2868
90 3507
258 1267
326 3384
257 883
951 1043
580 3059
680 3423
1246 2879
2316 2339
346 3405
118 2465
801 2203
875 2219
204 2286
1055 3296
989 2829
1683 1864
194 3477
1284 3608
1766 3413
1828 2186
381 1320
2159 2840
2102 3495
2619 3213
1156 2777
772 1001
1814 2690
587 1857
2187 3033
3342 3569
2607 2812
2204 2487
55 1065
336 953
356 2401
2884 3166
812 3125
1875 3548
1923 2091
2467 3581
429 1723
192 2861
2964 3406
1542 2133
907 2445
1859 2789
2327 2808
1246 3455
1054 1839
196 3022
511 2946
2599 3354
800 3167
170 2775
1410 1430
885 2058
2655 3282
1269 1499
1620 1679
715 2632
2428 3347
1075 2253
91 1774
883 3302
1260 1636
341 3222
72 689
1953 3327
1055 1377
520 1219
1732 3435
1769 3054
184 2962
2342 2921
209 750
2541 2777
502 548
1386 2601
1391 1625
1150 2321
1995 3459
2731 3298
2788 3595
2518 3265
1971 2558
2691 3263
1270 3100
1050 2699
1320 1937
1806 2320
291 317
2662 3399
1839 2944
489 1977
654 3063
837 2473
110 1639
3484 3613
813 1719
1286 2151
369 2163
1826 2374
1553 2839
3013 3371
2210 2603
1062 2318
270 3039
1470 2682
3146 3446
1950 3428
728 2979
2252 3128
1514 1750
71 2411
2125 3435
995 2420
1889 2473
356 2100
1620 3189
442 2871
789 1218
3289 3474
465 2049
1655 3130
1750 1991
3024 3035
1088 2227
452 1330
144 1388
386 727
996 2620
2293 3147
118 972
700 3145
2445 2886
364 422
2516 3306
1185 1691
606 2184
575 3587
1402 2100
2918 3159
3061 3375
1282 2752
1631 2045
2180 3577
842 964
1326 2206
592 1052
944 2745
1516 2834
1560 3011
2009 3222
1802 2216
391 1221
1092 1825
444 1632
447 1356
568 735
2798 3027
141 3243
516 926
2016 2539
2086 2440
378 2623
1056 2635
779 1742
1876 3068
267 1607
3449 3600
293 2968
896 2054
2656 3122
2321 2824
758 3070
1632 3474
1797 2537
2512 2806
2281 3108
2813 3525
1489 1682
513 2473
464 3021
1447 2987
466 1089
1568 3397
134 1606
439 613
715 1492
1134 1876
548 1612
1091 2048
744 3490
1294 1776
903 1718
1817 3423
515 691
943 2096
432 2075
1166 2185
1689 2499
336 3241
891 1541
408 1458
1826 2479
579 3384
550 2156
652 2246
196 1998
685 1494
2196 3423
85 3041
1756 2868
2168 3170
390 1955
1327 3486
54 1366
290 1246
294 545
70 2802
1814 2950
2576 2868
576 2993
2747 2887
3522 3606
2747 2975
417 2589
1589 2680
673 2584
848 1195
801 2387
336 812
2309 2650
865 2435
792 1629
906 1769
1158 1437
1143 1887
394 3015
1981 3227
39 3260
117 2025
1535 2901
920 2060
1106 1261
591 3227
1365 1785
2258 3202
882 3343
842 2991
2263 3371
774 1154
851 2563
1006 1159
2240 3452
771 1393
385 2402
2205 2560
32 2471
1277 2506
730 3204
510 3320
434 1777
615 1710
2317 2944
2315 2980
838 2427
958 1443
299 693
3364 3479
1979 3284
682 2831
536 1024
1303 2483
119 164
758 1295
2295 2891
314 1328
2834 3613
1297 3295
3390 3434
1557 3133
39 2017
1625 3377
59 2430
625 2834
1410 3194
3034 3409
78 851
6 72
739 1013
1513 3097
2129 3400
98 464
569 3074
1173 2616
1029 3389
431 3511
415 1579
233 1620
1953 2856
462 2095
2451 2942
799 1980
627 899
1938 3554
2979 3066
1871 2444
1292 2596
1433 2045
45 2289
1712 3420
906 3528
2694 3003
20 2121
838 2626
336 2380
525 3088
841 3360
2410 2949
1791 2597
385 1656
369 425
283 516
2124 3591
351 451
470 2499
491 2211
1055 2615
960 3483
1571 2757
1703 3154
96 2337
1866 2735
1115 1690
319 716
1465 3307
1496 1615
873 1382
773 3173
2006 2056
2229 2859
631 2896
1463 3115
1569 1602
18 2880
720 2160
1974 2962
3151 3347
81 719
1587 2524
215 564
1615 3508
1242 1612
95 559
3246 3543
2022 2029
54 1167
2089 3567
17 2057
420 2106
880 3054
65 280
3 2376
146 1670
2417 2445
473 1510
1776 2514
2289 3247
881 939
1633 2079
602 1811
433 898
4 3084
1793 3034
1124 2316
1081 1242
607 2746
1180 1259
1911 2870
1816 2848
2247 3160
329 783
1778 3565
270 3308
450 2778
492 2460
1191 2131
612 1630
472 3618
2672 2719
1130 3218
1015 1242
702 2446
2471 2980
1161 3252
2094 2251
699 2241
51 1805
1376 2992
412 906
2975 3573
764 1085
1368 1850
2736 3313
1238 2798
1165 2123
164 328
952 1711
2842 3601
623 2553
39 3478
954 1926
3003 3432
1526 3311
176 3566
1567 2014
2512 3466
320 953
1365 2677
25 403
1365 2645
1244 1246
2623 3420
1673 3576
450 645
2085 2856
1053 1361
716 1881
1225 2391
1153 2495
463 824
330 3101
30 2677
663 3514
497 2569
1707 2567
1167 1933
307 2261
2120 3199
1310 2528
993 2245
1656 3608
865 1530
942 2618
803 1465
1123 3341
690 970
1872 2878
196 1806
1677 2747
1568 1736
1761 2732
1728 2177
874 1358
2044 2255
1529 2002
1636 1659
990 2047
1766 3140
1014 2972
239 973
3159 3463
2330 3284
2181 2376
1321 3384
1205 3614
444 1595
593 1000
2573 3110
1004 1392
1104 2703
2137 3250
426 3567
706 1291
849 1155
1450 3041
1388 2057
2363 3226
245 2767
1364 2214
840 1825
1301 1678
294 1420
119 2941
694 1111
2569 3358
2086 3376
2620 3523
351 2927
1012 2346
214 1376
1920 3289
2186 3140
300 1606
777 2996
653 3015
290 292
2570 2875
3279 3288
91 3481
810 2105
419 910
7 2990
661 1315
2575 3587
242 2686
2859 2989
1002 2929
1750 3239
2045 2441
2148 2678
585 3531
1868 2113
22 384
715 1964
1763 2761
2549 3478
1693 2682
213 3180
796 3534
1170 1456
966 2050
928 1995
1605 2725
1431 3432
384 605
1099 1272
980 2157
1810 2527
1048 2127
1958 2364
1360 3617
778 3036
1589 3340
1247 2024
1906 3233
484 1031
153 1703
2951 3588
433 2036
3082 3376
1617 3601
592 1585
814 2701
2209 3191
392 432
864 2660
639 1423
146 1746
810 1442
168 2522
397 847
827 2544
2813 3599
886 1522
62 3094
109 1920
1416 3295
484 494
939 2055
404 2641
758 3078
1129 2007
57 1316
1381 1723
239 1427
3022 3206
953 1376
412 1487
3098 3220
908 2152
83 1759
1318 2856
31 2276
1975 2583
766 1490
1780 2788
2824 3342
283 1133
1615 2437
513 3292
99 3215
3209 3387
767 3503
1224 2605
388 2948
584 2307
1186 3378
1803 2982
2750 3346
2198 2592
2704 3352
1225 1926
899 1265
1374 1571
911 3035
1770 1912
868 2370
1355 3383
506 3092
640 2166
280 2591
176 704
869 1467
336 1001
2739 3348
2218 3579
538 3461
802 2225
755 2236
1818 3498
991 2460
1174 2048
1304 1526
2611 2756
1770 3129
352 3483
1132 1214
1025 2707
864 1662
2235 2652
74 1928
801 3482
77 1266
62 1555
748 3485
2387 2409
2596 3266
449 2792
513 2336
1961 3089
377 614
1773 2573
260 896
909 965
1210 3449
1774 3187
66 1847
348 731
1409 3347
1904 2899
420 1499
723 1864
45 1654
595 916
2473 2616
2649 3254
232 465
2290 3501
1995 2483
2443 3144
706 907
1625 2110
958 2816
1260 1976
897 2697
2760 3370
2555 2847
1910 2179
634 3202
2311 3020
1863 2187
2174 3606
1799 3394
1829 2772
2579 2970
2018 2327
3343 3391
1809 3411
1818 3543
122 2802
32 2241
43 2003
2254 3378
1720 3608
1389 3434
344 3056
1379 2947
1309 2866
223 811
1098 2463
845 1481
846 2141
814 1812
906 2002
2924 3277
556 1829
2653 3269
1032 1766
1144 3354
900 1373
1001 3069
316 3434
33 1683
1448 1998
1215 1541
1051 3520
2323 3286
423 2013
2401 3070
2618 2805
47 3588
538 3165
1949 1961
376 3430
1002 1293
1864 3023
126 3286
730 2366
2603 3118
2251 2934
1296 2357
797 1891
1172 2529
516 1290
597 1656
1208 2562
259 1396
360 659
222 2618
297 1216
2214 3354
2974 3473
1079 2190
927 2051
2721 3227
1411 1447
1030 1694
817 2502
45 1564
277 3105
86 2108
75 3025
217 1259
360 2814
929 3475
513 2155
443 3243
1030 1995
850 2486
2836 3401
1804 2868
793 1263
842 3575
1711 1784
523 3197
878 3009
1503 2010
1945 1970
1798 2033
2935 3141
623 3238
2220 3288
1623 2279
1696 2103
1609 2773
1357 2517
3349 3565
19 1520
2227 2599
858 1641
66 3487
2940 3314
2124 2523
1738 2707
43 1263
1149 2343
998 1289
1219 1773
848 929
556 3453
698 1903
2662 3238
900 1128
391 2957
462 2965
1621 1729
536 2465
586 2567
1191 1917
2019 3555
923 1206
375 2516
1377 3597
1629 3450
1580 1966
867 982
528 2329
2813 3184
184 1968
1242 2579
1772 2985
1437 2878
1495 2501
1034 3423
1748 3257
2056 2724
326 3267
1058 2781
1039 3477
2181 3355
1498 3265
290 1083
3054 3469
476 746
448 3095
1665 2164
351 2583
2473 3351
1361 2318
32 1666
1849 3568
1615 2682
1207 2039
2524 3322
1 3262
91 3373
338 2517
542 1814
2573 3304
628 773
1538 3049
171 1628
2863 3472
1656 2103
414 907
1757 3100
179 2745
87 381
2284 2301
906 1023
338 541
1320 2529
2084 2422
248 2532
1778 3537
2664 2845
870 1861
362 1193
1801 2749
1214 2747
1701 2502
203 2123
415 2380
2463 2655
709 1387
83 1552
863 2384
434 3106
2621 3043
1004 1521
1118 2938
908 1796
1002 2032
1830 2914
1182 2309
1999 2164
1870 2131
1499 2429
290 1436
30 979
828 929
2655 3614
488 2954
291 818
145 382
140 403
2146 3072
1731 2554
436 2100
395 3284
1242 1691
453 1856
404 2307
66 2894
38 313
955 1906
535 1854
2101 2220
360 3164
122 754
1050 1091
1656 3483
1474 3180
2511 2778
373 1175
181 2316
459 1067
1703 3615
320 2603
1607 2047
75 101
319 1259
854 2141
1763 2069
2801 2927
1869 3589
2473 3396
1619 2252
2369 2461
1414 3422
2539 3452
2210 3346
226 1161
644 2576
3391 3574
2350 3070
57 3345
1808 2844
667 767
818 3026
1432 2384
1343 2210
1181 3196
632 2214
2284 3516
99 2097
971 2747
2525 3197
2911 3415
660 2970
1877 2017
1723 1947
449 1767
2389 2515
428 2650
701 3222
1213 1955
983 2600
209 1518
1223 2541
1713 3263
966 1896
948 2389
1645 2833
537 2074
290 2654
60 1632
1142 1978
2335 3147
2994 3358
1263 3256
1513 2200
191 2200
2247 3467
1567 3052
1841 3206
1151 3240
997 2356
297 1083
1849 2915
2050 2431
1124 3146
1575 3556
1354 1521
3190 3267
2679 3268
2709 3432
764 3401
2647 3567
354 2369
