3901
2452 2622
2562 2618
1724 2059
1446 2044
885 3271
2339 3371
2040 2349
1648 3023
176 2399
830 1898
2549 3023
1434 2455
1315 1622
385 3416
1826 2423
66 1659
66 2250
1108 3403
209 3420
518 1108
2515 3900
3046 3599
1133 3650
2995 3427
1885 2084
1947 3599
125 576
431 3460
2455 3839
1476 3650
218 2788
306 531
2174 3647
495 3420
1765 3555
176 3543
1023 3122
410 2449
1334 1882
2261 3555
2455 2631
1529 2618
1229 3595
2311 3184
1513 1675
342 2454
1549 1675
1825 3484
419 3761
1143 1670
2040 2673
176 2114
3329 3637
1178 1898
1320 3617
2845 3122
1622 1793
1137 1898
3841 3900
189 2484
1311 2911
1875 3555
2832 3420
431 3582
1396 3420
1497 1622
1865 1990
645 3023
1199 1826
1363 2174
385 2227
2040 2755
385 1544
1532 3447
879 1334
1663 2484
419 550
1898 3150
1967 1990
145 2484
213 3420
125 222
900 2040
2435 3599
887 3023
966 2700
1262 1278
1139 1278
87 2133
2946 3900
1918 3900
14 419
819 3650
431 2983
66 1974
1243 2449
3023 3660
3358 3555
2154 2449
1114 2454
2450 3271
3484 3550
2474 2908
3122 3762
1675 1817
2862 3408
72 1229
440 1532
1320 3173
2484 3393
1657 1898
2084 2883
1693 1988
125 3573
480 3506
1073 3598
1229 3682
385 2468
2474 2796
87 929
1232 2911
1594 1898
1142 3420
1379 1615
1053 2131
1334 3748
125 3299
230 2127
2418 3423
2484 3188
1086 2040
564 2484
583 3900
2418 3842
431 3260
705 3484
957 3420
529 1990
2618 3831
87 2041
235 2127
1433 2084
1622 3181
218 3130
2848 3900
1675 2763
1675 2186
1278 2806
480 1881
2454 2888
1446 3087
2418 3784
176 259
2023 2622
2084 2347
3 66
1898 2591
17 2449
2454 3274
406 2051
431 1399
148 2465
2001 3420
1705 3023
1799 2892
1050 3420
1632 2418
320 2911
1532 1628
285 1826
2530 3062
2123 2454
1097 1898
172 1622
901 2484
2613 2892
24 2174
66 3491
750 2622
1990 2775
2454 3383
3555 3752
120 3420
125 136
1379 2660
1334 3291
2014 2131
623 1693
210 3484
2898 3184
409 2892
3199 3555
1724 2987
2487 2911
385 904
2669 3184
2449 2578
176 196
1714 2449
2131 3404
493 2084
9 2449
385 3160
187 1693
596 2474
218 292
1826 2160
2484 3608
1943 3420
2474 3556
385 3897
1073 1127
2407 2667
1229 1417
827 3874
531 2676
2622 3306
2339 3126
2084 3740
2892 3159
406 761
591 3062
3122 3864
426 3271
519 2654
218 2281
842 1278
64 1898
531 2156
1334 3441
3012 3122
1229 1279
66 2979
531 1449
406 1266
2294 3184
2339 3570
176 491
325 2131
574 1990
2465 3564
1283 2131
2040 2374
799 2339
2454 3415
2144 3023
66 584
385 1656
1484 1990
1696 2484
2040 2895
1238 3874
2593 3555
519 2066
453 1272
978 3650
2009 3329
2265 3900
3177 3427
1990 2592
2131 3319
531 3007
2819 2911
661 1724
1395 2618
2082 3329
1229 3376
1054 1446
310 3271
2812 3122
1534 2174
1347 1379
1032 1898
1073 1847
2043 2418
1941 3062
1898 2527
419 1580
1292 3484
480 532
2484 3008
419 2677
2465 3211
3084 3650
1532 2224
2292 3874
2131 2576
1089 1334
1802 2700
87 2274
176 2102
1898 2085
71 1143
125 2994
639 2084
218 2630
2117 2127
82 87
125 2220
844 1272
924 2622
510 1693
2975 3874
1493 1897
1675 3744
1550 2174
1675 2568
1255 2454
1990 3108
2174 2244
1123 3329
505 1334
2100 3650
333 1675
2363 3427
3014 3271
1108 3235
406 1492
2454 2922
1320 2968
1459 3329
2465 3052
1065 1278
2618 3334
2353 2484
12 125
206 3329
2418 2730
125 1042
1693 2121
3378 3900
385 636
1535 2293
385 3268
752 1108
87 2693
1108 1680
1990 2396
1393 2484
469 3062
1675 2972
519 2065
218 2496
699 1446
162 2040
70 1108
814 3427
2418 2617
354 2465
1379 3805
406 1475
531 3289
1272 2623
864 2084
1724 1853
1143 1318
480 3843
594 1826
87 1960
2140 2618
1726 3184
125 1246
1645 3555
992 1898
348 1108
419 2366
1108 2571
2779 3271
2131 2215
811 1826
3599 3848
1806 2862
1902 3874
3607 3900
795 2339
234 385
218 3845
67 1898
1622 3347
1587 3555
748 1622
480 2707
419 1220
671 2131
269 3271
1693 3735
1320 2458
2602 2622
531 1950
769 1622
2174 2501
1143 3739
1493 3045
1193 3420
3555 3714
2293 3475
2084 2118
1724 2093
1724 3449
2618 3239
714 1826
385 3213
167 2040
176 1015
955 1320
2293 2431
1990 3790
849 1622
560 2465
3672 3874
1051 2449
385 3226
637 3062
406 415
159 2127
593 3122
2752 3484
895 2449
1969 3555
176 3006
1166 2484
2618 3764
657 3650
868 2911
871 2618
764 1143
480 3152
2150 3023
1102 2474
1100 3900
297 3599
1083 3062
377 3900
1724 3123
1278 2969
56 3555
2131 2959
2454 2923
125 1688
1108 3164
727 2622
66 3736
473 1446
3329 3668
1566 2700
788 1532
2701 3599
857 2455
1452 3484
431 3649
2196 2667
66 80
1483 2892
2454 3592
1869 2667
1859 3271
1334 3000
1532 1702
419 3571
944 2622
1899 2084
2174 3300
2426 3427
1840 2084
2675 3900
2056 2449
519 2157
323 2339
431 2149
1261 2449
2449 2790
1607 1826
2951 3184
654 3555
1056 1073
155 3420
1016 1143
1542 2449
380 2174
353 431
2449 3279
2618 3204
1125 2454
2127 2288
1143 2840
1830 3599
1693 1853
218 2703
1622 2012
1454 2618
384 531
113 125
480 3450
2454 2870
2787 3271
517 3271
419 1461
2159 3122
2127 3138
458 3599
304 3271
2127 2858
2418 3663
3329 3691
1990 2373
1672 2484
1108 3024
1073 3171
2084 3568
1990 3438
1990 3295
3454 3900
1493 2684
2131 2553
2419 2862
1128 1446
954 2484
1836 3271
519 2907
2127 3588
87 2977
494 1278
2862 3256
1622 2978
177 2667
1693 2539
1045 2418
1671 2862
125 2841
2700 3718
825 3555
2719 3122
812 1073
775 2131
3062 3482
406 3028
2700 3615
2892 3834
3023 3194
1493 1506
218 1175
1493 2760
1071 2339
2131 2614
66 1720
715 3420
480 1998
2474 3786
668 2293
463 2293
1493 2904
2700 3563
431 1003
626 3599
1622 3548
388 3329
1088 2127
2256 2622
1420 2862
447 3420
245 406
1532 3518
87 1601
66 2508
1185 2622
2449 3788
2892 3797
382 1622
2040 3800
1107 2911
176 813
2168 3271
197 2339
431 2350
1906 2418
1278 1413
2484 2964
2474 3855
1693 2185
1828 2454
1532 3466
625 3062
559 3271
1675 2204
288 2700
218 2237
1229 3453
603 2040
531 965
1073 2813
3125 3271
2629 2700
176 3783
2720 3329
1693 2750
2174 3811
1446 3600
2911 3894
1532 2088
1717 2449
2084 2962
833 1990
1272 3392
1037 3874
531 1866
482 1826
987 2084
1826 3082
1108 1432
1379 3039
1553 3555
385 3700
1852 3329
2552 3900
2465 3716
531 2235
226 2131
525 2084
1336 3555
125 248
1599 3062
3186 3427
2205 3874
125 3201
151 2892
176 2697
23 1446
2127 2732
531 1578
1229 1584
1229 2966
1098 2449
741 2455
480 3100
653 2127
3062 3814
2454 2749
1642 2455
486 2622
2455 3667
176 1686
907 3874
531 2442
1532 2178
2320 3062
2524 2700
396 2040
1154 2484
419 2528
1001 2454
2190 3555
519 1197
1278 2784
598 1532
2339 3520
2052 2454
2455 2587
498 1724
497 2293
1334 3379
360 1826
717 2618
1320 2546
2172 2892
3184 3705
125 3284
2131 2740
1073 3500
385 1530
2293 2542
1320 3462
480 1811
917 2293
2418 3232
1108 3080
2280 2474
909 3329
1073 1766
1320 1846
1073 1591
1332 3484
480 3369
2174 2463
2147 3271
3720 3900
1838 1990
1990 2881
1205 2700
1493 2300
502 3555
1250 3555
618 2862
114 3555
3184 3559
1622 2167
1191 3874
2078 2465
406 1979
1357 2418
834 3271
710 3184
1352 1446
109 2484
1341 2293
125 1040
86 2339
1889 3427
1358 2339
1379 2722
419 1739
2247 2892
1684 3023
231 2174
1532 1568
837 2293
400 1143
411 519
1138 1532
176 2567
1320 3745
1734 3427
1379 3654
1493 1510
1000 3555
2174 2931
1724 3608
118 3650
170 2418
673 1320
1874 2892
2799 3420
2862 2933
1073 2461
147 3874
613 3650
968 3329
405 2484
2835 3122
431 2287
1715 2465
519 1855
2618 3099
3032 3427
344 2700
142 2131
1675 3098
3484 3867
2271 3900
66 2030
236 1073
1515 3329
1532 2074
2305 3271
1693 3868
53 2339
66 1351
1622 1807
1826 2328
549 2293
2745 3650
1272 3078
3200 3484
2700 3261
519 2199
419 3425
1229 2478
1675 3593
431 2666
1826 2099
1532 3010
1073 1115
2290 2454
339 1622
531 2017
1334 3065
1986 1990
1756 2418
2174 2222
1176 2449
356 2455
87 211
1124 1379
770 3555
1022 2618
419 3627
419 3895
2585 3484
156 2862
2465 2949
1801 2892
1143 3179
1934 2454
1675 3219
2183 2449
1043 3420
99 1675
695 1278
2465 2954
275 1693
1241 2174
1532 3055
1867 2484
1334 2257
1132 3555
3062 3352
531 2529
48 1493
89 176
1660 3874
2124 2449
66 3035
2679 3122
419 768
2402 2700
406 3486
2455 3789
176 2797
1108 2364
2667 3529
135 2454
1989 2465
1334 2351
1994 3420
2820 3184
2569 2862
66 866
607 2618
1143 1364
1685 2911
2332 2484
685 2622
11 1622
1826 3503
385 719
66 1861
1625 3650
1320 2408
1215 3023
2622 3653
2418 3298
1888 3062
1278 1949
562 2174
519 2413
94 1990
2040 3197
1272 2724
84 2293
1073 3432
1368 3271
3427 3524
985 1493
431 1360
419 3871
3062 3244
2618 3444
2862 3366
218 1958
872 1320
1230 2892
2622 3018
419 1531
2267 2449
1278 3104
218 2091
2449 3437
419 963
2618 3609
1647 2474
1693 2699
34 431
2741 3023
87 3457
3329 3754
1379 3106
340 519
1108 2177
2040 3252
1616 3599
1108 3678
218 1201
1229 3009
408 2911
3420 3793
2862 2893
1480 2618
419 3796
531 2804
1379 3795
522 3650
1762 2418
2339 3741
311 2449
804 1334
3517 3900
87 131
1446 3286
1826 3586
1334 3727
1622 1921
1907 2484
1622 2151
2911 3167
3399 3650
889 3329
1074 1278
2404 3900
1955 2892
125 946
758 3184
1901 3427
521 3427
2025 3484
2474 3877
2911 3847
83 3427
1966 2455
1935 2455
1569 2127
419 545
531 2513
2484 2523
519 2744
2084 3353
406 2875
1073 2999
1077 2622
1272 3277
995 2700
2911 3712
3420 3776
1873 2911
2862 3132
1140 2474
1156 2862
218 1711
2163 3122
87 3131
2119 3427
1446 3060
456 2174
2040 2805
52 3484
690 3599
856 2131
439 2484
168 3427
1218 2293
1877 2174
55 2131
2882 3184
1693 1741
2991 3427
242 2293
1965 2040
891 2465
1143 3079
1675 2702
2126 3420
1073 2139
1229 3337
539 3900
3122 3357
81 431
2174 3562
535 2449
2988 3900
1675 2080
2 419
1229 1490
286 431
431 2039
1108 3549
2700 3377
2618 2774
392 2862
903 3329
1527 2474
480 2659
480 597
1493 3182
1532 2993
1446 2255
1592 2911
1898 3883
1073 1458
810 3420
2622 3134
1108 3798
1819 3420
2622 3497
2301 3900
2596 3650
519 2143
1693 2372
1724 2905
1763 3874
910 3427
1304 1493
87 2634
2892 3749
419 3889
2439 2667
936 2174
274 385
1075 3023
1286 3427
1334 2189
2129 3184
670 3023
1200 1493
204 1229
2822 3555
1721 2127
355 2127
1229 2982
1229 3426
214 1493
943 1622
205 419
1272 2681
406 1588
2454 3852
362 2455
948 1446
2418 2780
3725 3900
694 1493
66 784
66 527
2622 2794
692 1272
1446 2705
1229 3707
1898 2890
1073 2002
247 2465
519 1629
61 1229
238 3484
66 3056
176 3041
169 2293
1278 3281
1108 2600
249 2339
252 480
464 3271
588 1724
1278 3020
1090 2892
2127 3406
125 2171
1724 1807
459 2418
1560 3184
431 1134
218 3170
16 176
481 1532
735 1724
1382 3874
726 2449
3590 3900
1108 1900
1108 3322
1808 2465
1972 2084
2174 3093
3283 3555
1724 3403
2878 3900
1446 2158
991 3874
2618 3047
1314 3023
2862 3747
3227 3271
1803 3420
406 2409
1058 1532
385 3542
1915 2339
1826 3724
1743 2131
1334 1860
1180 3874
1898 3054
385 1427
536 2465
1384 2455
2084 2924
134 3023
2233 2700
1493 3156
1724 3580
2474 2721
2245 2454
87 3890
2234 2454
2704 3599
1532 1774
87 2625
2339 3566
39 2484
818 2293
716 2131
888 1320
139 1446
179 1724
2892 3091
431 1129
3023 3886
602 2622
1724 3534
1735 2449
1143 1345
319 2040
2465 2686
367 1675
66 920
1052 3184
2348 2700
2700 3368
2314 3599
1264 2622
218 513
614 2339
1278 2369
1800 2127
256 2293
421 2454
1272 1612
1078 2622
1335 1446
2470 3427
1237 2339
2801 2862
406 586
87 1303
476 1532
1024 1379
1093 3874
480 581
218 3866
1724 2565
479 1675
3023 3439
125 1954
1990 3053
1698 2911
253 1826
531 1699
2454 3317
1439 3484
2455 3893
712 3874
531 2648
125 3626
1379 2572
531 1572
397 2084
2084 2658
1675 2197
385 3449
419 1589
1143 2712
2622 2711
1485 3062
1267 3023
1116 2465
519 1084
553 1379
431 1820
332 1108
745 2465
2911 3646
1826 2595
123 406
431 1226
519 3073
1229 2533
431 990
1770 2892
125 643
18 1724
152 1693
3555 3603
519 1517
1532 2941
2084 2798
419 1744
33 1272
2465 3314
406 798
1379 3638
1349 1532
2449 3655
1493 3127
1130 1532
2618 3391
2475 2892
1143 2973
2700 3398
940 2455
406 3681
773 3184
406 3255
839 1898
1101 2454
519 2970
737 1446
129 1532
95 2911
1507 2700
2802 3650
1493 3792
1361 1826
2700 3430
1795 2339
2174 3183
176 3336
66 918
66 2768
1990 2165
2622 2811
2667 3657
2275 3874
1622 3774
3271 3351
404 2700
893 2127
927 1990
1278 2047
1638 2293
2040 2598
994 3122
326 2084
2070 2293
1622 2422
176 960
1698 1724
385 1650
3086 3599
1143 3092
2006 2127
1446 3195
149 1229
334 2618
3262 3271
1320 2329
531 2315
1272 3473
1272 3346
1733 3650
874 2127
2672 3650
1278 1451
1320 2284
431 2767
1334 2641
2455 3308
218 592
1447 2418
2622 3380
1229 1400
2474 2938
1898 2986
2800 3329
531 2616
1446 2004
701 3184
3329 3651
218 1991
346 419
1025 3184
1334 2550
2303 3184
2293 3849
1493 2034
2106 3484
1379 2921
125 2383
2449 3851
711 3874
2700 3064
2293 3553
1379 1754
2293 3680
1623 1675
2339 2901
1260 3555
1532 1913
385 1833
512 1108
2418 3692
1017 3427
1108 3507
1334 3042
1334 2453
2319 2454
1571 3555
802 3484
431 3328
13 3023
1229 3519
2786 3874
852 2293
87 1773
1229 3451
677 3329
87 1843
1780 3062
165 531
1835 2454
363 3062
2667 2839
2495 2892
1643 2700
246 1320
801 2418
2064 2293
543 1675
3367 3650
406 1857
2063 2418
2667 3822
831 1493
193 531
192 2174
1288 1622
3236 3650
2127 2808
3184 3802
659 2418
816 1898
2512 2862
3122 3698
1320 3402
2174 2213
997 2084
423 480
2622 2743
1064 2622
431 1210
2700 3880
1898 3498
480 619
218 1827
1161 3420
2077 2484
2558 3329
1165 1446
1339 2454
218 557
732 3427
385 1959
125 1626
1252 2293
68 3271
1002 2084
1278 3210
477 2862
585 2618
3329 3418
1724 3859
176 870
1779 3599
66 666
2000 2465
1073 1204
1493 1973
1826 1993
1493 2509
2830 3484
1697 2455
1446 3228
381 3062
3062 3838
2208 3062
2892 2957
785 2454
176 841
1173 3599
2420 3484
203 519
218 2656
1649 3271
1229 3483
1373 2484
79 1108
3478 3874
982 2667
2418 2789
1076 2474
2465 3002
2449 2793
119 3184
1278 2269
232 480
2465 3290
2127 2857
2174 2927
1278 2137
1320 3412
176 3509
445 3122
3420 3458
1724 2632
1379 2491
1737 2293
2040 2321
3118 3900
3184 3386
531 2341
1405 2484
3427 3719
2086 2484
1978 2911
1379 3325
87 1683
1916 3874
1528 1898
480 2497
218 1634
176 251
218 1206
1446 2657
2700 2748
2449 3237
1493 3833
66 3326
399 2174
1693 3830
385 2829
1143 3243
1348 1898
442 3599
2286 3484
419 3076
218 3881
1307 1334
22 66
474 2127
1898 2059
1379 3375
218 1812
1356 1622
2611 3023
1229 1343
128 1379
1470 2449
1224 2700
1390 2700
258 1320
1073 2318
1446 2355
1446 2109
1379 1397
3327 3484
2062 2667
2040 2823
965 1724
125 861
2783 3329
2048 2084
295 2131
194 3023
2392 3650
2127 2342
406 1742
3097 3599
820 1446
3031 3329
66 184
531 627
1562 2862
2418 3354
385 2198
74 531
3650 3769
2060 3484
1472 2449
1826 2846
1108 3456
1425 1622
1590 3484
526 1622
806 2892
782 1990
853 2474
480 3142
2057 2174
1925 3427
406 3875
480 2493
1664 2418
1322 1724
1575 2892
2084 2504
2339 3777
93 1379
1035 2667
1073 1581
45 3420
2622 3310
2465 2506
1320 3577
1108 2216
1898 3349
2474 3120
116 3484
2260 3329
2915 3599
125 1745
2960 3420
1046 1898
1060 3599
1143 2828
317 2131
480 498
49 3122
1195 1379
789 3650
700 3650
1975 3900
2618 2782
406 1330
2622 3512
66 1736
2433 3650
125 1031
1278 3154
1379 3202
1320 1723
227 431
176 3282
1334 2254
1493 3017
519 2289
125 1448
516 1143
406 417
92 3874
1532 2936
984 1334
1693 3687
1565 3023
1493 2481
913 1693
419 428
1724 3271
829 3555
1073 2650
1537 1622
1532 2869
176 1171
103 1229
471 2293
697 1990
628 3271
438 3062
1148 3484
2084 2935
1446 1815
3427 3511
1826 3072
3122 3690
519 3704
832 3427
2483 3023
1174 2911
1479 2892
1284 1379
1374 2465
821 3555
452 1532
1561 3900
1168 2084
2892 2947
1446 1516
3062 3176
882 2084
778 1446
1471 2700
2455 3527
176 291
1334 1445
1331 2862
531 3528
2339 2872
519 2861
3184 3469
480 766
1243 1724
66 3823
2691 3420
176 993
969 2339
519 1338
102 2474
87 3658
419 1305
634 1446
1419 3062
414 2622
606 2174
176 3026
1493 2913
265 2911
1622 1904
1675 3817
2054 2618
175 3427
680 1446
1219 3900
926 1278
1826 3827
501 3271
1990 3293
1320 3810
504 2484
2174 3465
3023 3384
1278 2937
2555 2700
1108 2827
419 2880
579 2174
1073 1160
427 2127
1108 1248
1014 3484
1229 2759
218 2130
125 3287
125 1845
2455 3828
2131 2583
1987 3122
176 2511
949 1272
2131 2279
2008 2293
1379 2228
2174 2181
1188 2667
1920 2040
1228 2040
3513 3650
1583 1898
1693 2671
2339 3578
66 1839
630 1320
218 2682
681 2339
1187 2418
1073 2670
215 1320
321 1108
1402 2862
2474 3622
1693 1903
531 1257
2387 3329
2131 2644
651 1073
385 2090
218 2706
1108 2606
104 2892
2455 3464
3101 3329
3023 3178
1898 3280
182 2911
2040 3879
188 1675
6 406
519 1637
1143 3532
925 3484
2454 3419
160 2455
137 2084
2911 3756
483 1898
689 3900
1654 2618
854 1493
934 3271
890 1532
115 1143
2474 3818
164 1675
577 1446
480 1271
419 736
1446 3602
2868 3271
1244 1675
199 1379
105 2862
1826 2306
406 3773
1898 2217
125 2096
406 418
2127 3742
262 2667
1990 2141
176 1407
1370 2127
1939 2911
2950 3650
1509 1532
519 2417
431 2424
790 1073
364 3184
1028 2618
1320 2876
3011 3271
1073 2624
87 284
366 385
431 1538
2389 2474
2484 2604
1320 3297
1346 1693
1233 3329
2339 3604
125 1026
125 2036
59 3650
1108 3686
906 2454
87 1789
1977 3599
1724 2276
87 318
1379 3417
964 2127
1073 1380
87 1842
202 385
2689 3484
87 3644
87 3192
2293 3278
976 3062
263 3555
1942 2454
66 1546
2335 3122
1761 1990
989 3484
2667 2920
3484 3710
218 2403
98 2618
2454 2976
66 2386
244 1334
1724 2107
1379 1438
1944 3420
1884 2862
519 3613
385 3215
3315 3427
1437 1493
2474 3887
2911 3892
2174 3059
1851 2862
922 1143
1724 2139
1826 3612
919 1320
254 2667
1952 2040
1281 2474
1272 3324
97 2084
122 2465
952 1532
567 2667
499 1493
876 3555
1293 2474
503 1320
880 2618
431 2770
2892 3157
176 2637
3267 3599
1997 3329
2622 3757
2667 3572
2622 3294
431 928
1212 3650
2174 2486
406 2545
1854 3555
2246 3874
2339 2674
1546 1724
519 3772
1377 1622
2838 3900
1990 3121
176 3172
519 3862
327 3062
1106 1990
2449 3049
507 2622
1143 1275
519 2894
519 3832
1826 2026
2967 3184
2601 3420
218 2359
44 2040
243 1379
1493 3405
1229 2897
791 2465
407 2454
2667 2833
1274 2474
2161 3900
3145 3427
1446 3820
125 1933
1826 3257
1532 3382
1693 3344
566 2455
237 2084
3361 3427
66 2113
1309 2293
1018 1379
176 1258
1108 2097
2073 2418
793 2339
218 725
1272 2214
563 3650
2667 3696
431 709
2599 2892
110 2622
1898 3770
2865 3271
3051 3599
3169 3900
3122 3251
1423 2484
3488 3874
2455 3671
1007 2622
519 1105
2519 2862
220 3874
1225 2174
1493 1814
1753 2700
720 2131
612 3329
1229 3611
531 967
650 2084
125 1936
107 1379
1675 1804
1493 1831
66 183
1826 3499
1136 2127
2474 3589
2040 2807
1272 3824
1609 2174
240 385
373 3599
1069 1493
1690 3062
29 1493
345 2667
1644 3427
2127 3546
449 2339
2667 3001
1410 3874
480 2173
531 2733
3420 3540
1951 2622
431 3661
1328 2455
1 2293
1278 2238
2698 2862
547 1278
1143 2007
3639 3874
466 2293
2934 3874
2127 2668
406 484
218 515
176 1956
419 886
1548 2449
3427 3809
2175 3329
2892 3248
1545 2084
1272 1312
1440 3874
1909 3427
2465 2635
1622 2492
1211 1724
368 2911
207 3484
480 1620
271 2622
1463 2700
2221 2622
419 3737
1810 2911
531 1319
2104 2892
401 1622
1603 2700
896 2667
571 3184
1320 2264
848 1278
406 1033
2465 3804
1486 1693
2499 3555
2940 3900
1908 2892
1573 3420
2263 3900
1334 1727
1334 3119
1481 2449
87 554
1532 2135
2371 3184
983 1073
2896 3023
1340 3484
1155 2862
1203 3900
460 3555
1301 2667
406 1635
540 1379
87 3443
2980 3599
1334 2525
2115 3329
1143 1893
1622 3218
480 2055
419 2776
3036 3599
2643 3184
2455 3143
652 3599
1693 3455
1111 3874
2791 3184
2518 2622
1359 1379
2454 3136
1272 1522
2484 2874
1622 2095
480 2855
647 3184
419 2564
1073 3494
1724 2830
693 1990
1073 1646
2166 2455
174 1693
1585 2484
2339 3544
519 669
66 3684
1703 3900
519 3846
2309 2911
108 2084
1990 2536
649 2911
1990 3163
406 2360
66 282
2474 3247
3174 3650
2015 3427
1379 2687
738 2084
125 580
1189 1272
1797 2084
1446 2655
1306 2084
1547 2040
973 1693
77 125
176 3359
1693 2312
419 2520
62 2700
43 2667
2174 3560
3003 3271
1302 3874
743 3122
176 921
66 1755
1856 3122
480 1924
552 2131
1297 3650
87 2266
2688 3329
843 1379
1826 3629
713 1334
1272 3057
176 1894
406 3567
2862 3679
1229 1406
3189 3599
419 3616
1898 3844
374 2892
200 1143
419 2627
2376 2449
406 1337
176 3151
3184 3751
1334 3576
1724 2290
385 1631
419 1158
233 1675
1826 2886
1693 3723
87 587
337 2484
573 2454
2127 2615
1990 2232
2653 3484
2484 3363
1641 2174
3062 3124
38 3329
1082 1272
859 2174
1278 3779
2174 3642
2418 3269
519 3187
746 2131
2465 3557
2474 2723
419 492
531 2302
2354 3329
3304 3329
1229 2955
519 1122
18 3874
1108 1788
1532 2577
1010 1320
1822 3062
2131 3873
1493 1503
1898 2296
1278 2537
2418 3115
1636 3900
1344 3484
3206 3599
1320 1668
684 1826
1265 1493
133 1724
765 2622
565 1073
1392 2131
3271 3807
2112 3023
347 2040
519 972
1108 3107
2406 2618
1914 2084
1278 2050
1272 3885
1066 3062
1013 1143
722 2455
996 1990
143 431
1379 1850
2700 2731
687 1675
1502 3271
3023 3333
273 1532
1198 1278
385 1769
125 633
419 1996
648 1143
629 1724
272 2465
531 2850
1334 3579
385 2729
2449 3489
1152 2862
1768 2700
2700 3027
2368 2465
26 1446
66 3435
434 531
1446 3759
125 3004
2131 3158
1771 3184
290 2862
1474 2622
1120 3023
2455 3501
65 218
1579 2127
624 3062
2911 3694
2551 3874
1532 2547
1117 2339
1957 2131
277 3484
2911 3242
3271 3813
1143 2415
316 3427
1108 1324
2207 2667
2667 3385
707 1693
1379 1455
2651 2892
431 528
1932 3599
480 2953
2005 3122
1272 3005
1473 2618
676 2174
385 1805
1143 1985
1229 2212
1700 2127
640 1826
1320 3113
153 3023
42 1334
2418 3853
2622 3285
1170 1379
2040 2327
2963 3122
111 3484
1231 2293
496 2040
2258 2465
431 1669
1880 3023
3599 3713
2418 3521
682 2040
3110 3599
2278 2454
176 1144
914 3599
519 1883
294 1446
3038 3271
1990 2429
1532 2089
480 2412
37 2667
3313 3329
1898 2854
1532 3859
1712 2667
2285 2862
1898 3401
218 3765
1792 2418
387 2465
1329 2618
850 1143
2683 3874
1272 3490
1296 3271
163 2418
1826 2414
2622 3190
2667 3481
73 2293
431 1443
1108 2345
436 2862
1990 3758
2929 3062
1278 1353
604 1693
2474 2842
877 2474
1091 2040
548 2127
406 2226
385 1038
611 1320
2455 2817
531 1313
1143 3730
2465 3636
385 3066
357 1143
480 1087
2040 3703
1595 1724
1493 3030
1990 3726
2170 3271
2440 2618
144 176
87 3618
1342 3900
1108 1963
5 3874
1622 2390
2401 3900
730 1622
475 1493
1320 2218
480 3643
3433 3900
511 2454
2652 3599
406 2446
1272 2428
2862 3581
2667 3863
1282 3484
2484 3240
87 225
2911 3872
1983 2700
2127 2717
371 2484
1493 3878
1778 3484
947 2084
1354 2040
1937 2484
261 385
1724 2506
1236 3271
1421 2911
2418 3301
1551 2911
1930 3329
915 2127
1523 3122
1898 2507
87 3670
2474 3307
125 3645
2455 3070
1019 2484
1320 3208
385 3666
1385 1532
419 2338
2101 3271
1598 2084
480 2640
898 1379
1388 3599
1724 1965
1008 3184
1057 2911
125 2273
1221 2667
605 1622
2449 3470
2381 3650
873 1229
1982 2474
125 1832
385 2352
2179 3329
176 1524
1898 3013
1469 1693
336 3184
76 1073
1222 1493
2339 3857
431 1290
1229 2451
2339 2887
2339 2810
472 1143
2069 3122
2477 3062
289 2484
383 1143
935 1272
1508 2700
519 728
1532 2836
1278 3214
485 2892
1722 2892
2391 2700
41 406
3023 3858
2862 3305
1898 2754
1450 2131
47 1143
2484 2695
1556 2484
1177 1446
2024 2455
1826 1926
1334 2971
2622 3090
218 835
1073 2919
480 2061
1258 1724
1675 3345
1927 3122
2465 3166
176 372
1895 3023
1491 3599
665 1320
2911 2952
660 2455
1268 3874
3184 3266
2259 3062
939 2418
117 3062
610 3874
2716 3484
2449 3575
756 1693
1414 2700
519 1404
406 2778
1229 2714
2735 3062
1379 2027
1446 1540
2127 3388
480 3706
1511 3650
1249 1826
179 406
1675 2871
556 2455
385 1167
280 2455
2293 3149
531 641
1334 2900
749 3650
1179 3023
1681 2700
1574 2293
731 2131
1092 3122
478 531
2308 3329
218 974
1622 1783
1009 3427
1379 3463
2618 3551
2465 3816
1970 2465
1691 3650
2474 3103
1278 2443
1682 3122
431 1600
1229 2193
208 2862
2040 2795
431 3580
1027 1320
1826 2120
87 575
1460 3427
2040 3148
1514 2040
1034 2465
881 1278
3184 3536
1072 3555
601 3874
190 480
185 1990
125 2310
1493 3728
2911 2961
2131 3276
2502 3555
1073 1837
1552 3420
229 1278
1751 2700
862 3062
847 2339
385 2462
176 1706
279 2484
1047 1229
1593 3484
125 1992
2131 2642
899 2293
846 2622
1673 2418
1724 3801
385 2930
66 3075
1446 2559
2116 2454
555 1898
1724 3287
2718 3650
1272 2333
2862 3821
85 3874
1675 2709
786 3650
385 1365
1334 3780
1073 2393
1667 3329
531 3574
480 1704
3264 3427
1441 3427
1157 3420
744 2484
2127 2195
1962 2040
1493 2639
1163 2892
1143 2270
1520 2862
1259 2474
1157 1724
2474 3137
431 2365
1665 3329
1379 3203
2449 2646
1143 1729
488 1379
2455 3428
2293 2535
309 2131
2618 3625
180 1320
406 794
66 2766
1073 1121
2283 3184
3023 3829
2242 2892
2566 3184
1693 3096
441 3900
431 1383
2127 2570
1192 3900
1826 2251
631 2618
1317 2892
1532 1785
735 2474
3502 3650
1108 3140
945 2131
88 1272
1841 2622
1164 3023
3129 3484
2444 2474
2127 2815
176 3155
937 3484
391 3420
3495 3900
2455 3531
2072 2465
176 3340
531 551
519 3523
1108 2031
1896 2418
1270 3555
656 3329
1229 1708
3241 3427
2503 3555
1675 2554
278 3420
480 2410
1676 1693
1519 2484
490 3329
419 1070
419 1858
3123 3329
425 1272
1073 1541
3342 3874
531 754
2339 3452
2489 3420
1143 3332
1108 1462
3599 3683
1876 2131
2040 3504
2155 3900
430 2084
176 1863
2142 3329
1112 2465
1320 1411
455 1898
1196 2131
2084 2751
87 1362
2295 2465
2560 3427
1379 1946
1675 2532
2911 3516
2087 3023
1109 2474
287 3555
101 3900
1294 3023
724 2892
1984 2293
1826 1968
444 1334
419 3771
1731 3555
3555 3605
1272 1468
431 1044
3023 3144
431 3355
2465 3207
1131 3122
176 2262
87 3591
406 2852
338 2293
1446 3664
892 2454
2557 3023
198 406
1012 2455
1826 2344
1276 3900
1595 2293
2370 2455
1426 2700
1229 3729
776 3023
69 3555
341 3271
942 3122
106 2418
1143 3782
1713 2911
1299 1622
1229 2145
1272 1746
1622 3630
312 3650
2484 3153
2667 3861
419 1732
615 1108
343 3023
2276 3555
419 1235
1826 3870
646 2892
1055 3122
1532 3387
664 1108
266 2040
480 3901
1493 2384
1824 3122
519 3837
2425 2449
519 998
1272 1477
2667 3223
771 2667
126 385
1990 3634
424 1675
433 3062
1063 2293
21 2465
1320 2176
2405 3599
1826 2094
2418 2713
218 1784
2662 3650
2040 3659
3062 3323
218 931
2667 3135
531 1666
218 772
125 3259
1108 1251
779 1229
385 822
448 3599
431 1613
1990 3109
2862 3554
1094 3427
176 777
313 1493
1990 2201
1073 1298
480 2400
66 2728
1512 1622
1272 1695
1320 2928
1990 2847
1394 2174
2223 3122
217 3874
2781 2892
1693 2272
2622 3254
2418 3321
1387 1898
1029 2339
1675 3695
480 2169
1229 3370
2040 3440
480 2605
2127 2556
2029 2911
314 519
2339 3249
1320 2837
755 3062
1108 2058
431 2180
2394 3484
283 431
431 1310
1073 2225
298 3023
454 1898
519 2038
2107 2667
335 1622
1980 3484
1186 3599
2174 3234
2622 3621
1334 2910
1172 1278
87 1539
2862 3856
930 1143
66 933
531 2664
2339 3545
2618 3071
2174 2867
1229 2239
3023 3246
1622 2230
1495 2454
2727 3420
531 774
125 161
1110 1379
302 2455
480 2647
2418 2594
1675 3539
1073 1145
1687 3023
1724 1732
1430 2293
487 2667
1278 2685
1622 3896
1386 2131
3062 3791
2474 3205
127 2911
1725 3062
57 2174
1073 2268
3122 3801
1555 3023
2110 3184
2046 2455
2667 3048
1693 2432
2474 3632
1722 1724
176 389
2084 3869
365 1143
642 2339
1278 2291
1272 2544
1597 3122
328 3555
1280 1693
1898 3850
2449 3365
30 419
808 2862
2459 3271
2465 3141
2293 3731
406 2974
2127 2853
595 1272
1675 3081
1834 3023
1564 1675
1446 2033
1760 3599
1945 3023
1273 3184
446 3650
2013 2293
2455 2992
1272 3102
2040 3372
3122 3701
1456 2418
897 2127
509 1272
1367 2700
2892 3424
1446 2891
803 2454
3421 3874
66 1931
760 2454
1976 3650
1693 2323
2622 2694
2622 2792
2071 3874
739 1532
569 2911
1493 3585
2454 3061
419 3198
2484 3434
2455 3094
1919 3427
1073 1655
1749 2862
2127 2210
1184 2862
1320 3533
1272 2505
2395 3329
1378 2084
1334 3652
1849 3874
125 2773
1327 2084
2128 3023
617 3122
3601 3650
1320 3162
457 1724
1073 2834
519 3534
1326 3023
1990 2231
379 480
2068 2667
150 1724
3296 3650
3420 3808
980 1108
276 2465
988 3122
2441 3599
1674 2131
1493 1576
1898 2325
1675 3677
307 1073
419 781
351 1073
787 3900
2084 3407
519 2105
855 1493
385 1709
218 3411
125 2490
962 1898
1898 2253
1108 2753
2131 3311
986 2454
130 1446
1826 2603
1898 2628
154 2127
3112 3427
435 2892
1422 2911
2449 3058
406 582
125 358
1532 2361
817 1693
762 1675
1073 3891
2084 3899
1493 2772
2011 2618
723 3122
125 1798
2362 3122
867 1493
3122 3610
2339 3410
753 1532
1990 2188
2346 3023
2339 3034
1073 1928
2454 3063
403 2465
2862 3496
2131 2777
1229 1971
66 1049
1948 2667
2298 2455
1724 3569
138 2418
661 2455
675 2862
708 2622
1693 3485
1126 2339
1772 2911
1334 2906
1532 2873
2203 2700
91 1272
1911 2667
531 916
87 1886
480 3882
176 443
1844 2040
1239 1320
2911 3258
1826 2322
1229 2747
480 3778
2316 2418
1611 2892
1622 3840
1108 2003
538 1229
1334 1617
141 3874
419 1752
2460 2618
2522 2911
394 3420
616 3599
66 696
2455 3819
2243 3484
519 1287
3184 3732
2385 3650
500 1143
1350 3650
1493 2785
1675 2472
1320 3510
1041 2618
1990 2076
1376 1379
1777 2618
531 2844
2131 2903
305 1446
1021 1693
1627 2174
406 1614
588 1675
66 542
66 2148
2579 3420
406 3303
25 385
1675 2818
1229 2932
1999 2892
2040 3312
2464 3271
66 121
1113 1143
1322 3427
1073 3530
629 2131
1229 1234
865 2700
419 2448
1334 2645
572 3555
480 3755
2455 3016
1796 3427
1446 1557
1216 2622
1217 2084
2174 3676
87 3238
431 2479
751 1622
1791 2862
66 956
2474 2958
1334 3702
218 1787
1444 3122
1577 2339
1675 3584
87 96
1150 2454
228 1675
2211 3062
524 3650
2917 3900
1295 2131
3128 3420
150 2618
519 1465
1256 1826
796 2339
406 2859
2667 2690
2040 2885
1446 2488
1640 2455
66 1922
2040 3656
2708 3420
599 1675
2618 3561
1371 3062
218 3597
66 2912
2561 3023
1320 2764
173 2700
1940 3427
1446 1679
3184 3422
1504 2700
698 3122
1826 1872
905 2892
431 999
1103 3427
2127 3467
951 2622
622 2418
87 2942
1446 3318
531 1080
218 3674
3650 3689
176 1961
759 3122
506 1320
2455 3413
1622 2081
2021 2911
1554 2127
1693 2734
3356 3650
2831 3420
911 2667
1146 1272
2879 3484
1532 2541
1272 3116
221 3555
1320 2998
3487 3874
1325 2911
2108 2474
1401 2084
218 3662
419 600
2620 3427
406 1104
558 3184
299 2474
2339 3738
2174 2313
2092 3023
544 3484
508 3420
2454 3350
1464 3122
1278 2476
2174 2769
971 3184
2293 3673
1108 3461
1073 2010
467 2667
1457 3555
224 1898
1391 1826
1917 2455
1658 3271
1567 3420
125 2028
2484 3525
40 2040
1334 2375
3341 3484
2455 3472
1153 3555
733 1143
2040 2926
87 3068
3122 3750
218 938
1693 3139
2131 3395
1366 2622
87 3514
2075 3271
1467 1675
1213 1278
1379 2516
87 1227
112 1693
1821 3599
519 3535
2093 3062
1079 1229
1912 3023
1004 1990
1291 2667
3217 3420
1436 2700
2526 3599
1826 2162
1710 3122
2336 2339
1532 2083
2379 2667
1375 3329
1675 3734
218 2826
797 2127
2989 3122
1272 2045
1334 1431
706 1446
2339 2736
2040 3265
176 3114
2911 3316
1675 2304
1379 1862
1403 3427
1892 2449
3050 3900
239 531
1229 3640
1740 3900
663 2465
1750 2174
912 1379
125 393
201 2667
1278 2765
970 3650
2084 3196
406 1813
1536 2911
2357 3555
1826 3587
431 2943
1278 3708
1143 3168
1990 2480
1693 3373
2241 2911
3250 3271
437 2454
2474 2584
1675 3161
704 3420
519 1247
531 979
406 3693
531 635
1545 1724
1269 2455
2040 2860
2174 3338
1759 2892
1878 2892
590 3184
2040 2609
531 3835
1263 3329
621 2131
1747 3184
1211 2700
1073 2814
1521 2474
19 3062
2757 3420
2618 2663
1278 3360
2035 2618
419 2356
2877 3427
780 2418
125 959
1478 3599
2293 3273
1652 2667
2418 3558
1096 1898
1493 3785
1602 2892
1938 1990
1675 1764
1320 1905
300 1334
1891 3271
125 3836
186 2127
406 2434
1898 2762
331 1320
406 3191
2565 2862
1435 1622
385 2925
632 3427
385 3522
1559 2131
1995 2618
1323 3555
534 2465
620 1379
2618 3633
863 2449
838 1108
66 181
1826 3826
2307 2474
878 1898
1159 2131
702 2084
638 2474
2436 3427
800 3420
2127 2610
1964 3062
1333 2862
1693 2382
46 1272
1272 3711
2174 3669
531 2939
2531 3122
1898 2146
531 1879
125 981
2911 3743
431 644
125 2758
531 2437
3484 3628
2455 3565
125 2633
1073 1498
2618 2816
457 3900
419 3648
1272 1786
1141 3555
662 1379
1039 3062
2618 3854
975 2293
1953 3329
1890 3874
2667 3309
378 1675
1143 2843
2209 3062
1272 1533
1826 2200
2597 3062
1532 2016
1320 1526
1278 2914
3329 3515
1738 2339
3329 3799
2293 2467
2454 2626
3146 3420
218 369
66 2202
883 2174
1675 3390
87 2742
322 3599
2324 2418
2418 3083
1466 3650
2236 2454
3329 3400
87 2573
250 3874
1207 1334
1990 3221
1446 1757
3165 3184
1622 2909
729 2474
1272 2990
1229 3815
2378 2474
908 1532
2299 3184
1693 2590
470 1532
1724 3221
1181 3420
1278 2466
1532 2521
66 395
176 375
3062 3753
1887 3555
58 1622
32 1622
1048 2618
691 2449
977 2911
1724 3708
329 2040
767 2131
531 3069
1619 2618
1898 2471
431 3665
90 2618
385 1415
740 3420
176 3781
1334 3292
1334 2343
3270 3427
1424 3184
2608 3599
1073 2738
570 1143
1724 2041
2040 3876
3555 3760
2469 2911
763 3023
406 2680
218 932
87 1499
2540 3484
2862 3067
1532 1790
31 87
519 2367
2098 2474
1418 2449
2621 3874
1826 3348
1272 2948
1622 3216
1379 2586
1525 2465
1416 2862
1488 2293
2174 3302
1108 2398
1011 3555
1482 2484
1294 1724
2127 2534
87 1692
609 1143
1543 1693
1209 2449
2667 3253
533 3184
2127 3479
431 2136
1500 2339
176 1068
1073 3474
420 2700
3033 3650
1334 2632
1272 3763
3021 3271
884 1826
2293 3709
1494 2449
2293 3888
385 2019
176 823
87 2411
3029 3420
1229 2485
257 1446
66 2514
2500 2667
218 2726
2821 3271
1639 3874
431 1223
1442 1898
2449 3825
3062 3596
1379 2905
2293 2863
1278 3224
480 3095
3233 3484
1379 3396
1119 3555
608 1532
757 1320
1558 3062
1320 2457
406 658
218 2421
2445 2892
2618 3105
894 2040
2416 3122
54 3184
1724 3354
672 1990
1532 2588
1202 2484
2430 2667
860 1229
10 1334
324 2174
1707 2084
386 1693
20 419
2084 2206
66 1242
578 3599
28 2449
1006 2174
489 3900
216 406
419 815
87 1277
385 2191
2127 3374
1446 2581
36 3184
1108 2607
1794 1990
60 2454
2618 3812
1724 2457
1693 2996
1061 1278
2184 3427
1446 3471
667 3650
1108 2902
1278 3381
1496 3122
1108 1848
3420 3641
688 1334
406 2944
3715 3874
2418 3362
2084 3767
1194 1622
1379 2692
958 2700
176 2326
2317 2418
1320 1728
1724 3009
1724 3022
50 1278
530 2454
133 2622
1716 3599
546 1724
1036 2418
385 845
468 1493
125 450
2911 3044
1085 2127
218 1871
1062 3122
2667 3492
1214 3184
2397 3599
2700 3331
2152 3874
2252 3329
683 2454
1823 2911
2473 3484
1453 3484
178 3184
923 2484
1182 2862
1693 2619
1143 2864
2249 2700
1689 1693
264 3062
1622 3448
51 1108
66 1758
809 2667
461 3420
2622 3699
75 2454
1621 3874
546 3599
2293 2771
1320 3019
3329 3429
742 2454
2040 2985
2455 2582
1493 3569
2127 3175
2484 3077
1005 3062
2984 3874
840 2040
87 3446
2339 2665
87 875
1532 2825
2574 3900
2484 3089
1355 2040
1487 3900
3271 3884
1379 2981
2892 3594
308 2339
824 2127
218 1135
1493 2856
2049 3599
1693 2134
2575 2892
1864 2862
2474 3477
406 3766
431 2388
406 1604
7 2700
1675 2918
1108 1151
2377 2700
1990 3746
1272 3320
2339 2945
2020 2293
519 589
3420 3526
655 2911
1618 3874
2339 3865
1693 2899
2418 3697
2455 2510
3015 3427
1693 3414
1428 2293
480 1606
15 3599
1229 2277
519 3111
2122 2449
1398 2622
2612 3555
2449 2517
2449 3220
1898 3088
2337 3184
1518 2618
1278 3583
2739 3599
1081 3427
268 2418
218 2661
422 3122
3271 3480
541 3900
1826 3631
315 1320
100 2465
1073 2037
3062 3685
2498 2618
1162 2131
451 1622
1289 2474
1073 3537
2449 3508
191 2131
1272 1409
2454 3133
462 2862
1118 1990
432 2455
1334 2956
519 1582
431 2192
1608 2418
561 3427
568 3484
1493 2330
419 836
1369 1675
1073 2746
3222 3271
1622 3185
176 1300
1254 3900
1724 2371
1724 2313
679 2618
519 3624
1782 2339
1143 3459
1143 3717
66 1381
3427 3768
2892 3229
1073 1372
519 2334
1143 3898
2111 2127
531 1809
2465 3445
301 1826
1108 2194
2297 2892
146 3122
2174 2331
1334 2715
519 3180
1605 3023
1059 1278
1719 3599
1272 2494
78 2454
2667 3538
419 783
385 1208
293 1278
385 1748
1694 2700
3043 3329
1169 3484
1067 2465
1334 2182
2438 3420
1278 2563
124 2622
1816 2484
902 2455
1675 1868
1229 1981
734 3484
87 267
480 1501
1334 2456
1596 2131
416 2127
1990 2884
1278 2103
2079 2700
361 1446
296 3650
2667 3606
2696 3184
3074 3650
1183 1675
385 1321
1446 3623
1724 3578
385 2710
1898 2678
2538 3599
219 3271
1653 2174
1610 2339
1826 3394
1826 3272
158 1990
1190 2131
385 3085
1775 3184
3599 3722
1630 1898
1272 1661
1724 3502
260 2174
87 3397
3650 3794
2067 2484
858 1493
2380 3484
431 3117
828 1693
531 3230
35 480
1622 2229
412 1990
2761 3062
2484 3635
1870 3062
330 2474
2084 3225
792 3900
950 3900
2293 2636
1253 1278
1493 2022
1724 2355
1781 2339
1829 2339
2449 3193
3468 3874
1633 3184
1379 1910
1724 2333
807 3122
270 1229
703 3650
3184 3860
398 1622
2340 2465
429 3599
2824 2892
8 2293
2474 2866
3484 3675
2474 3541
674 1693
1489 3329
385 3209
537 1143
1412 3062
747 2449
431 3688
1229 2219
125 1730
1929 3874
4 3023
1622 2548
66 3547
1776 3329
1278 2543
686 2465
171 2455
2618 2725
63 1334
218 718
2427 2474
1240 1675
520 1272
2084 3436
826 2131
406 678
255 2484
1278 1308
2911 3505
2484 3552
2851 3555
465 3271
1143 3022
480 2187
218 1923
1285 2174
480 941
218 2164
480 1245
303 1272
1724 2359
1229 2153
2756 2862
1334 1563
1505 2084
1826 2987
961 2127
370 3484
27 66
140 2474
1677 3271
2053 2465
953 2862
2474 3431
851 1320
2482 2892
413 1493
3271 3619
1030 2862
1149 3900
87 390
1818 2040
514 2892
1826 3493
1408 2449
480 3787
87 1624
352 2618
1334 3476
1147 2131
1701 2862
1826 3442
1143 3803
1675 3040
1095 1272
1693 2889
2282 2465
1662 2455
480 3364
2447 2622
1272 2997
1532 2358
1718 2293
1020 1446
3271 3806
1493 3733
406 2638
3271 3614
376 2622
2339 3275
3271 3335
1724 3406
519 2138
1143 2018
87 2649
1651 2465
1898 2042
1272 2580
1334 2965
1446 1678
2131 3037
1278 3245
2418 3620
2125 2862
350 3062
2418 2803
3329 3330
212 1108
1316 2465
2911 3212
519 2589
2474 3339
531 3231
1767 3650
223 1143
166 1229
523 2892
195 2449
241 1622
1990 3025
1990 3775
1898 3389
3343 3427
431 1586
1990 3147
402 3650
1143 1570
132 2418
2248 2862
1108 2240
2916 3023
218 1099
281 3555
805 2084
218 359
721 3122
1073 1389
2737 2892
1108 2849
2132 2667
1320 3721
1379 3263
480 1429
480 2032
1143 2809
157 1990
349 2667
3122 3288
531 3409
869 1532
