3901
671 748
613 2691
495 1330
344 2352
1291 1691
3073 3679
412 3681
80 2900
256 894
436 715
52 3024
342 3529
1156 3865
2755 3388
1279 3748
1064 1698
718 905
1147 1448
3431 3808
883 2436
2020 2243
438 3853
1351 3344
2522 3300
2355 3548
2447 2934
2095 3262
852 1602
1321 1470
1221 1673
1842 3181
1354 2051
2516 3184
994 2020
1066 1286
1829 3112
2980 3706
1112 1127
1542 2271
1945 2762
230 705
1260 2525
2182 2774
1284 2311
653 1943
1589 3387
764 897
1399 1580
848 1004
719 1288
861 1163
2121 3366
2025 2722
520 2301
840 2289
1534 2493
1942 2477
629 2825
1713 1770
1734 1836
2830 3178
776 2250
1098 2002
1942 3004
3000 3521
2801 3632
829 3878
1199 2713
2743 3891
354 464
3078 3239
3004 3212
1572 3163
279 3591
2366 2697
1216 3884
191 3317
609 2467
358 2259
1326 3225
1602 2866
2850 3764
1679 3399
136 1058
2187 3610
1 1688
608 762
157 1470
575 1084
2126 3788
376 3789
2073 3100
911 952
1285 1444
2445 3167
2793 3605
91 1328
203 1112
1553 2486
1887 2513
2381 2507
1999 3698
285 619
2148 3686
1009 2981
294 770
2909 3455
234 1846
35 2589
1481 3148
988 2973
246 1197
173 2695
196 3652
2035 3611
2395 2534
409 908
363 2653
570 3177
977 3593
932 2721
1458 2055
2501 3614
1163 3837
1722 2350
2786 2945
245 3230
1074 2013
484 1657
1553 2551
516 1335
163 2450
753 2990
2001 2766
2024 3458
2434 2580
307 606
114 469
2919 2989
299 3343
110 2789
682 2983
2560 3258
765 3485
368 2646
878 990
2540 3564
1699 2689
24 3537
307 3696
995 1716
2758 3077
1849 2808
1614 2165
1065 1948
400 627
2098 3648
528 1610
1598 2611
2597 3660
3471 3865
1797 2589
1724 2659
2382 3835
1926 3727
1706 1804
2567 2956
534 2255
2678 3650
1489 2504
754 3826
625 3432
355 399
259 537
1449 2695
1492 2663
793 3062
57 68
1408 3405
1654 2409
1653 3361
836 2564
553 2739
2473 3435
552 753
2421 3270
1286 3715
3132 3739
1327 2612
1833 3381
1465 2724
3628 3880
1877 2354
2364 2527
1222 1532
1891 2709
181 3767
680 2538
2390 2814
430 2202
1157 3344
992 998
250 3182
1401 2279
2188 3840
1088 1382
901 3379
1383 3394
627 3775
551 561
397 1382
347 1731
802 1123
631 1403
1391 3057
820 3499
1447 1553
1474 1652
2927 3041
2608 3131
301 3573
809 2309
3019 3426
2012 2271
2595 3287
1964 2051
3072 3896
191 1686
2672 3203
1278 2594
626 3422
2667 2983
1244 2732
2987 3635
913 3198
847 1279
1865 3539
3504 3599
906 2540
1399 2060
1922 3801
2124 3318
2240 2885
2173 3055
1036 2734
273 1711
1918 3136
1103 3584
2100 2631
2520 3828
385 2183
1656 3275
355 3617
85 3757
1748 3280
2967 2979
871 2771
2598 2898
1597 2197
2302 3344
666 2169
961 3432
196 840
1185 1367
114 3851
1687 3639
666 3668
588 3115
1739 2126
830 2650
2468 3384
2088 2909
2173 2414
635 2689
860 944
1937 2553
2060 3050
2544 2907
1684 3506
1238 3181
1346 2744
536 1437
137 3110
2801 3314
137 3315
43 3787
36 2747
1054 2299
686 3806
2179 2609
2802 3275
2463 3698
263 1952
1183 1833
272 1500
1147 2721
149 1843
649 779
207 635
76 250
701 2952
125 903
1233 2208
784 3490
30 3469
1838 2676
597 2615
80 741
3006 3234
97 1555
1344 2173
649 1497
510 1329
57 492
1457 2092
2556 3330
2451 2780
1181 3145
2998 3577
1313 3227
905 3172
872 3579
1753 2689
2130 2330
210 347
2184 3295
353 914
2759 3385
1337 1749
1812 2630
451 535
194 2307
252 2341
174 586
1890 3234
145 3460
1200 1461
982 3030
1300 2777
864 1419
940 3571
1905 2657
2733 3174
53 2516
1197 2285
1338 2465
1206 2858
813 2187
132 143
1386 2329
1157 1368
1158 1737
2815 3634
1451 3493
1604 1683
936 3198
1941 3657
3606 3865
544 3104
615 1221
2754 3496
1741 1849
1804 2537
1959 2077
2115 2515
1014 2492
225 3771
766 3507
2830 3476
238 1770
2789 3511
795 1539
1591 1960
317 1973
326 3187
809 3142
486 912
400 1937
2320 2986
12 200
1567 2125
920 3869
2297 3867
1305 3084
3570 3650
507 2942
845 1079
1473 3846
651 746
305 2528
228 1351
640 1989
287 3816
2087 2653
1093 3409
368 1706
1017 2262
507 3447
3036 3840
779 2687
2791 3533
322 3139
238 1618
2994 3730
2492 3707
19 3824
2281 2485
748 1551
1044 1502
2328 3018
2794 3122
2665 3026
2831 2852
742 3320
2227 2612
2603 3201
2498 2668
1766 2987
561 2323
1360 3637
1787 3295
1837 3012
462 948
2135 3180
1836 3247
2631 2862
794 1800
908 921
147 2917
186 2812
2230 3509
146 2474
2178 3683
1676 3668
981 2286
911 1875
855 3623
635 2735
195 3640
1076 1652
2820 3020
346 2791
990 2575
344 1509
70 1778
1358 1985
460 555
920 1561
718 889
514 3490
517 2250
674 2303
1617 2260
385 3171
3031 3464
1523 2148
45 1367
2525 3272
317 3269
2255 3725
2921 3184
1212 2044
2117 2700
1250 3600
26 480
281 2821
791 1387
270 2411
1262 1802
29 1027
2018 3355
920 3828
259 1761
2570 3289
668 1434
2106 2960
2129 3391
2407 3191
1712 2295
942 1858
880 1191
483 3458
1578 2835
1003 2000
1417 1718
2451 2469
614 2540
589 2856
371 3692
992 3827
729 1138
1164 3031
1392 3817
1563 2476
148 1772
865 1627
9 1666
2142 2902
1743 2801
314 2603
1852 2403
1198 3161
2708 2787
1000 1082
770 885
338 662
1330 1775
38 3644
667 2945
1661 3392
1281 3047
591 2481
2039 3121
419 2651
1358 2220
439 1566
1767 3448
2016 2795
1167 1240
2869 3847
867 2714
2129 2139
192 3342
2668 2954
1716 2078
1326 1456
364 1989
219 1174
1839 3403
1622 3120
1872 2232
627 2718
2545 3765
1728 1841
27 2335
2417 3167
2536 3373
162 3531
2703 3448
234 669
2949 3398
289 3525
1270 2337
417 1310
424 3035
1649 1736
1913 3521
672 2178
20 3693
1970 2446
391 2743
74 1693
2158 3380
497 2168
1306 3293
371 3147
2894 3616
12 340
182 808
526 3172
1358 2275
532 2907
1419 1522
430 975
579 1661
881 3169
1633 2910
564 1659
615 2858
318 933
3371 3516
1246 1434
1242 2483
1232 3471
1676 3860
267 1781
523 3167
1333 1711
1592 2135
554 2927
755 2789
2329 3073
132 1953
563 2981
2829 3884
1065 1337
279 2248
900 3605
192 1671
296 980
1787 2511
949 3067
736 749
1849 3221
2033 2974
2195 3746
3143 3254
479 2823
1797 3655
1017 1296
620 3655
760 1470
986 3110
1861 3738
2300 2784
1027 2623
859 2806
49 2272
2767 2777
2154 2931
1522 3238
3209 3303
667 2111
522 925
1073 3127
942 2893
2840 3807
2226 3007
2534 3486
349 1741
863 3208
418 3278
2104 2907
1105 3133
585 1809
1691 2794
465 3606
395 3558
856 3657
140 1919
1479 1495
1703 3584
2210 2477
49 2293
1254 3856
971 2476
948 2236
3221 3780
993 2856
487 1582
2306 3598
2828 3202
1030 1063
711 3286
1652 2928
857 3810
1001 3415
733 1468
1451 3627
2853 3728
3380 3778
517 3632
2834 3321
587 895
3100 3676
180 2978
556 993
807 3269
130 2185
141 172
409 3383
578 3159
1041 3711
3425 3734
2250 3678
1455 1741
3153 3840
1020 1237
1551 2882
804 2220
2581 3113
3282 3387
131 270
1305 2775
2391 3836
1123 2939
1059 3852
1728 2321
1449 1810
1740 3148
2935 2983
739 3031
1878 2828
3431 3492
1392 1463
1771 2776
1212 2294
1916 3003
2116 3465
1266 3669
759 1792
3027 3541
767 2358
1852 2991
1135 2058
2388 3032
3468 3884
922 3841
315 939
195 641
353 1038
1336 2393
2831 3385
1947 2085
2197 3461
1452 2979
1411 2099
108 2062
111 1004
2681 3426
1762 1990
1307 1392
819 3620
1473 1827
2233 3834
1622 3305
2010 3539
333 2549
1025 3664
3291 3627
1760 3764
427 3165
2999 3443
109 894
1838 3726
3255 3344
588 908
585 1414
2973 3875
946 2140
38 3323
394 3276
415 608
1598 2624
1318 2772
487 3888
401 1771
2148 2802
1295 1729
921 1750
181 580
832 3572
1450 2955
584 2999
2301 2776
2511 3213
1562 2319
1389 3243
33 2759
2127 3286
977 3379
1508 3350
967 1432
3344 3620
1636 1747
853 2072
2534 2594
2406 3393
122 1836
211 2527
26 2557
3344 3744
372 3044
306 1274
742 1170
1682 1937
3198 3397
2068 3452
684 1950
2347 3478
1795 2778
2296 2570
1156 2411
2853 3842
1706 3689
2589 2811
657 3448
665 1971
664 2733
1337 1395
1087 2233
1334 2119
148 793
1022 1237
251 2776
2061 2214
2829 3643
1695 1718
728 1762
1465 3176
968 3053
1418 1773
927 2592
148 3550
1460 3805
928 1481
1719 2658
125 1541
267 1861
539 1422
3775 3836
412 592
1663 3369
1434 3862
1942 3553
1688 3738
1355 1470
1933 2367
671 837
3437 3467
422 2265
469 2140
631 1067
1626 2411
83 1697
3135 3836
1816 2761
206 1625
1549 3344
948 3652
498 754
2522 2976
331 3746
1451 2311
1059 2087
1530 1952
490 1884
2149 3268
510 3282
3690 3774
1197 2848
1696 1970
1612 2286
397 557
1355 2979
1236 2924
432 3215
67 1975
1398 1917
226 1013
943 3039
331 584
2996 3706
161 644
81 1541
382 662
177 661
1572 2309
984 2005
355 707
1145 3718
660 724
2617 3393
819 2953
1466 1708
720 2673
256 655
1107 2115
406 1011
1692 2277
381 3432
930 3045
1283 1454
624 2259
780 3360
1583 3452
1901 3476
3370 3426
2125 2453
881 1419
876 3148
110 1047
1016 2798
1269 3105
2995 3150
1807 3023
1298 2031
1611 2813
138 234
210 2298
1548 3053
2120 3420
2647 3163
1853 3786
1341 2669
517 2720
895 2554
332 2552
1637 3672
1787 2485
1032 3544
1442 1764
2435 3798
1609 2809
344 3319
917 1895
814 1015
980 1520
1176 3801
1463 2996
479 1563
473 2150
2349 3677
164 779
653 998
1575 3080
1630 3387
77 1798
1715 3702
572 2576
459 819
1005 1304
16 845
1398 2249
2071 2416
934 2459
2071 2796
870 2993
1288 2817
2640 2683
249 2914
628 2321
148 2632
1502 1553
622 2808
640 1551
2424 3465
1703 3181
655 693
256 1013
435 2070
768 2846
921 996
599 3487
1974 2025
192 962
1397 3432
181 1732
3127 3259
608 2688
1590 3641
676 3242
96 2889
743 1062
292 3767
359 2487
3765 3816
275 3018
2402 2821
1365 3409
1006 2863
1994 3749
522 1775
123 3198
546 3771
71 2730
2247 3130
1214 1642
671 2546
1636 3427
1034 3026
647 3558
3651 3724
668 2274
967 1192
269 2426
41 507
369 2645
2844 3702
37 2350
118 2754
1344 2666
1986 3428
312 3465
1935 3502
2881 3093
294 923
1518 3660
866 2559
2299 2422
276 540
512 3872
1266 3442
2727 3030
2565 2571
1019 1902
2758 3197
891 1805
2707 2731
767 2182
1330 2324
1479 2266
280 2217
620 1817
1286 3414
2120 2508
588 3839
277 1830
2722 3027
1163 1243
851 1567
1615 1629
1193 1730
1524 2359
3295 3346
923 927
3 1254
1140 2283
1122 2597
2230 2833
1012 1347
2536 3604
1363 2724
289 2923
3137 3230
3279 3720
1138 1370
2111 3354
3125 3901
3260 3679
61 2344
1439 2058
306 3815
818 826
763 1906
1122 1453
241 3034
2441 2499
12 1482
2430 2771
265 461
801 3793
1683 3696
1217 3233
2075 3895
1564 3655
1035 3869
1552 2179
688 3467
1290 3848
804 3714
1147 1508
110 1304
1165 2637
1409 1602
63 2720
3308 3748
1277 2918
773 2972
2581 3418
681 1775
1972 3584
358 2577
1381 2949
279 3712
3034 3413
1600 2004
518 3348
839 1600
2548 3446
438 2568
51 2372
304 1876
315 316
631 1912
923 1041
1486 3139
545 3452
381 2658
1082 1240
1199 2655
172 2216
270 3351
490 746
974 3639
1852 2386
1097 3702
667 1367
635 2214
910 2781
2209 2701
1071 3709
2435 2998
1545 3809
877 1335
51 3451
581 2350
49 2475
745 1333
1422 1815
518 2768
24 1111
1567 2768
1924 3211
58 2672
2009 3132
106 3190
304 1355
106 3799
2821 3771
633 862
1560 3787
1883 3487
1977 2457
686 3344
1234 2111
1288 1706
2050 3107
155 2529
116 3176
478 2477
3041 3804
1906 3858
749 839
922 3661
445 3053
1361 1918
1849 2784
610 2477
294 2536
1299 3600
662 3365
2614 3172
1326 3433
609 3543
70 2384
1241 3805
860 2131
644 2274
265 3867
568 969
1210 1422
1484 1876
1205 1614
1130 2969
700 2299
69 2076
1965 2140
1847 1937
31 3085
746 1970
632 1919
838 3145
3075 3773
1566 3823
2196 3856
954 2733
1322 1324
1948 3812
1096 2846
835 1012
1994 2816
3645 3835
460 1259
2425 3290
454 3182
2057 3735
822 1287
649 1383
80 908
851 3316
538 1458
880 2950
1563 2581
1454 3111
1208 3588
1599 1952
1558 3326
1756 2774
900 917
785 2531
1328 3866
248 3194
512 3789
1684 2584
1640 3622
619 3704
279 2855
295 3784
582 2013
1724 3065
2120 2932
2304 3356
910 1038
1428 2718
1810 2393
864 3246
2142 3787
2861 3380
712 2072
1800 2752
510 2056
407 3733
983 1692
1316 3177
576 3339
2009 2185
1408 3832
957 3662
2069 3532
1155 1813
1140 3897
91 1509
244 3804
2015 3176
1305 3219
998 3185
1132 1169
2247 3222
2293 3078
2131 3534
1578 2231
216 2114
701 1031
1531 2764
1530 3713
1674 2549
166 412
1314 3440
489 948
1169 2257
1000 2490
509 3299
2485 3001
1881 2711
2082 2183
1572 2333
1030 2393
817 3045
1141 1517
396 2370
1722 2012
824 3311
1988 2289
3190 3426
247 3309
2909 3237
2612 3357
980 1931
493 1958
355 2766
2587 3824
1315 2881
1075 1464
1265 1534
1479 2132
292 2462
1961 2863
2468 3585
114 3353
1786 2545
864 2765
3737 3772
2081 3782
287 3744
2006 2580
3411 3572
722 1105
453 1530
543 2597
30 1633
594 2564
1782 3809
1585 1938
927 1334
1079 2768
690 1335
1884 3760
196 1693
2193 2518
1974 2732
1239 2754
277 930
571 3810
2821 2891
395 2009
991 3436
788 1869
1371 3457
470 1814
1645 1737
469 825
795 1702
2867 2981
2060 3375
1270 3753
1000 2896
392 685
513 1471
2651 3005
29 1978
1976 2147
843 3145
509 3893
2826 3751
287 665
1038 3344
501 2387
645 2295
22 2359
883 2075
325 2335
2303 2997
988 3632
293 3764
2721 2879
778 1258
501 764
410 1598
497 1769
1028 1270
910 2282
295 2283
192 3344
365 1163
389 2556
2219 2634
3641 3826
206 443
3684 3727
494 937
2087 3132
775 993
55 2937
21 2205
3231 3263
117 2987
1082 2050
2126 2964
761 2121
2213 3568
597 1819
2980 3590
1193 2360
627 2045
1355 1933
2834 3141
1605 2516
990 2776
863 3785
127 3359
1611 3101
40 1203
887 1143
2370 2734
541 1828
59 2744
1807 2009
1853 3459
2349 3443
3032 3495
546 2251
137 1904
2094 3236
400 3479
1809 1839
459 2673
1897 2651
603 2963
1233 3724
1538 2264
2309 3885
509 909
2963 3304
2075 3196
873 1948
1674 3344
2552 3462
471 629
231 893
1522 3517
167 2465
57 2652
845 2038
463 522
1804 3743
1088 2103
1784 3516
787 2311
985 2199
1673 3694
2469 3544
206 517
1110 1986
791 3182
1797 2631
1591 3401
3450 3887
772 3618
540 2512
461 3723
596 1555
231 1253
1646 3568
1133 3089
1406 2868
2315 2870
1590 2218
1780 3734
597 1670
9 2907
1844 3738
1510 3422
2333 2878
1838 1860
3212 3530
101 3152
1130 2925
1610 2579
1673 2737
331 367
744 1247
661 3543
575 1165
2055 2758
25 559
542 2905
347 3012
1572 2178
55 2377
879 3501
269 3552
3014 3162
252 2043
299 2682
1446 1559
586 3016
451 1711
1029 2870
176 3486
395 1222
1763 2143
419 2545
3041 3662
1198 3333
2933 3241
959 1174
1086 2650
334 2096
325 2750
2110 3745
896 1304
381 3325
2528 3338
1529 2673
376 2017
708 1358
3071 3380
1736 2794
1241 1406
1728 3152
1703 3458
587 3737
1181 2126
536 954
326 874
901 3049
2890 3689
269 1866
2676 3577
1996 2830
470 3861
1188 3545
1206 1557
2745 3017
1812 2752
754 1438
61 2273
1811 3204
307 1751
1655 2864
1262 2124
25 330
1102 2699
2692 2807
1633 2232
251 3569
2589 2741
2640 3665
2244 2603
176 3758
1809 3845
204 1048
1380 1388
1863 3026
1024 3424
2782 3344
2173 2845
1366 2752
628 1382
661 811
1887 1910
347 1382
984 3160
472 2351
1467 3456
323 3122
1506 2631
1339 2842
2029 2150
384 2916
274 1792
1716 3186
1420 2333
249 3054
3657 3767
2407 3025
2522 3166
2120 2895
333 1286
1849 3344
2803 3588
1376 3634
785 3206
1085 2214
1974 3697
605 1188
542 2819
1161 1918
360 1241
2994 3391
1235 1970
511 2958
1836 1982
1285 2304
186 716
436 1294
2077 2136
207 3248
764 1348
2125 2799
1598 2086
791 3631
431 793
350 3221
127 1207
752 1729
1241 1881
2777 3703
1657 2180
744 3051
1661 1702
502 879
480 2242
2653 3740
2185 2504
413 3131
2443 3460
2293 2492
716 1911
1966 2103
348 3634
243 1914
158 609
2188 3263
833 2904
1526 2573
42 2970
1146 2370
1236 3814
2772 3528
902 3733
229 2778
1137 2778
2241 2732
2521 2573
160 767
379 1143
701 3621
2170 2260
2407 3674
1831 2873
1743 2394
392 3654
1528 3682
1793 2750
1516 3734
2576 3372
2025 2882
1467 3482
267 1667
1711 2265
1918 3418
1808 3270
979 1019
1227 2834
521 3284
11 2638
2986 3841
2678 3525
1530 3393
710 772
576 3672
1573 2625
2117 3358
139 2235
486 2042
2278 3450
597 1164
92 1436
2636 3270
2495 3273
1801 3791
943 2735
2585 3578
1782 3127
2912 3499
178 1850
3296 3650
2663 2998
1298 2679
656 3713
190 1104
504 3845
1781 2588
1892 2233
394 930
1666 2162
991 1905
2623 3444
651 3340
1629 2695
482 2724
749 3607
294 3578
178 3671
290 2744
1389 1533
1944 3896
1559 2478
81 1721
150 818
900 3706
2334 2401
1613 2395
474 2638
734 3598
1340 3590
660 3653
1219 3843
922 3195
1173 2985
2086 2705
224 2594
2355 3863
1100 1678
1082 2070
34 2260
51 1139
237 1723
182 2941
2452 3275
767 2543
1522 2203
185 3017
1665 2831
397 940
275 1448
60 3748
1843 3483
73 609
7 1325
1968 2565
2084 2117
2975 3438
8 3598
1964 3073
2794 3739
194 2158
849 879
1967 2910
2359 3088
527 2103
453 1274
1677 2918
765 3719
2608 3280
272 452
2854 3845
2028 3857
1471 2217
2351 3792
3397 3739
1448 3208
1945 3557
381 1064
3554 3689
1069 2336
1591 2759
1380 1638
154 1069
1540 3291
1655 2207
3344 3833
1980 3415
743 2368
1015 3116
1467 1725
1114 1736
130 2460
1647 2916
2033 2922
1808 3325
1189 1933
358 1950
446 2732
62 1919
292 514
3210 3375
228 329
2887 3869
1869 2167
1220 1952
558 3605
191 602
3557 3588
325 793
1605 3447
1853 2775
132 2142
1162 1242
2487 2696
1202 2033
1531 2622
3614 3887
2144 2557
845 2649
2919 2933
2625 3761
453 739
2091 3600
1811 2747
2666 3382
612 1269
1021 3096
1434 2877
2209 3138
1898 3896
431 1951
985 3399
1549 3515
3369 3485
265 1036
420 770
2699 3510
851 2698
2161 3763
2480 2750
2424 3625
2786 3577
2 3553
1105 3121
1626 3766
1676 1680
1655 2268
1938 2361
1824 2295
1041 3742
1049 3847
2425 3883
1484 2886
1215 1280
475 3400
458 3805
74 3344
1764 3056
779 3663
352 2787
2623 3216
662 2974
1905 2399
3717 3831
617 1558
2577 3710
2935 3499
175 2963
1561 3291
890 3171
2101 2640
3727 3892
312 1535
1759 3711
1660 2522
1182 3431
1098 3422
1593 1960
13 2919
2774 3406
1945 3074
575 859
3 300
388 2001
1989 2141
1175 3344
1380 2872
71 2858
3543 3641
2271 3372
2476 3389
212 1801
1857 2577
59 822
1242 3109
1610 2508
999 1003
1691 3695
1958 3522
1818 2016
2356 3004
738 2349
1039 1636
2312 2734
1089 2555
860 2593
87 2313
1540 2917
1581 1924
888 3693
533 2812
567 2586
312 3434
501 1156
2219 3498
2946 3576
841 1831
2790 3307
122 985
2508 3140
1342 2011
414 3344
431 904
1531 3325
898 2330
2533 2663
215 2616
1938 2646
210 1765
1540 2469
369 2057
3290 3525
2931 3500
2451 2851
3194 3513
536 678
494 3029
438 477
2059 2743
522 1149
1688 3729
1255 3901
899 1245
587 1138
1558 3418
197 2071
2742 3273
175 3431
670 2350
1433 1908
1047 1292
2749 2826
343 3290
543 2464
2675 2945
557 2728
3228 3701
321 1616
1901 2276
38 2722
2215 3030
1373 3446
831 1606
1100 2456
2826 3366
1059 2339
1620 3159
2198 3045
834 1410
1060 1511
675 3226
1164 3549
1509 3388
1979 3171
2985 3482
139 2506
881 3685
2673 2763
3540 3748
717 1473
1611 3190
1306 3274
2288 2910
1336 2071
238 2423
2699 2717
3443 3616
1958 2888
1091 2897
1037 2250
1477 3578
1785 2424
1429 1816
1908 2747
46 1206
3344 3478
208 3502
2087 3602
214 3183
2718 3242
2662 3020
1690 1991
405 1989
2238 3027
3366 3825
298 2143
636 2108
907 3241
1027 1091
87 1565
1934 2590
566 2355
565 2676
1479 3888
3344 3700
1428 3524
42 2270
181 696
2766 3848
1057 3782
2079 3080
2487 3060
620 3535
1983 2524
1383 2824
2158 3017
822 3337
1915 2689
988 3035
954 1551
373 1069
172 2620
1267 2718
2123 3840
2156 2183
2287 3464
1272 2916
1608 3228
694 1411
95 3078
1160 3278
1465 1537
1525 3091
1487 3269
2084 3637
1505 2182
218 2538
1122 2561
980 3866
2956 3591
2903 2956
476 1048
3655 3718
828 2177
1729 3115
977 1776
3159 3865
1406 3155
1406 3102
1828 3800
2706 3425
540 2220
1513 2255
562 3633
3242 3783
949 2420
267 3693
1011 2166
2343 3045
1036 2996
2510 2758
1707 2808
1018 1467
1257 3490
360 2999
1831 3868
1141 2378
2618 2669
2436 3603
66 2193
257 1391
414 2312
508 1833
423 1907
28 2985
1121 2300
339 1853
514 818
318 3542
1575 2393
344 441
2096 2239
1519 2387
1047 1156
601 655
613 3881
301 1498
561 3811
303 1626
2709 3310
668 1896
421 666
629 2998
209 600
1891 2940
357 2994
2128 3221
74 2107
84 2790
1710 2863
2783 2830
778 3214
356 1415
1675 2706
2836 3611
475 3879
2540 3738
1143 2317
2131 3311
133 470
1916 3144
2312 3158
119 2401
2240 3609
695 2404
3265 3280
1206 3736
464 3547
1570 3256
2785 3286
1919 2386
402 3588
513 1104
21 3376
850 2197
14 2008
376 976
3241 3890
758 2744
773 3762
1566 1825
1237 3494
165 3806
638 3628
1313 3530
1614 2977
1221 1869
810 3614
234 3297
1354 3162
1920 2709
2672 3816
564 1701
748 2638
1174 1504
1525 2373
978 1813
1834 3871
1285 3894
182 2466
115 851
3295 3396
653 1779
89 3142
1367 3699
108 3397
544 1722
604 3667
2839 3582
2635 3314
315 1963
1729 3083
2462 3682
2629 3774
2194 2436
3118 3664
1673 2572
1023 1627
1988 3579
430 2046
1771 3626
945 3020
2386 3504
638 3460
2828 3228
542 2021
1697 3775
29 198
1586 2349
2511 3687
1789 2390
1333 2234
2829 3369
998 1542
1960 3889
1511 2256
1127 1605
1540 3037
252 513
1181 1762
1075 1638
440 2720
593 3760
227 3050
502 3032
3341 3616
618 2598
153 3568
1089 1835
121 3150
207 2454
1505 3846
1183 2743
3099 3128
2280 2858
880 930
828 2353
1416 2881
85 525
2918 3630
3199 3344
3 816
1900 3386
631 1601
1976 2646
1816 3574
783 2436
1011 1135
901 938
1518 2143
1812 2899
2884 3657
178 1377
1566 3461
1121 2379
899 1821
57 3115
358 2398
1021 2429
1214 3731
2576 3505
795 3705
423 3099
1201 2096
1019 1496
1087 3424
3376 3660
1768 2923
362 3424
2331 3662
55 1925
94 2917
328 1428
231 1867
136 3477
766 1274
1048 3696
173 2574
3079 3850
1436 3572
737 1083
834 1658
838 3362
1994 3222
1002 3488
2254 3490
125 1826
56 1211
1224 1610
1016 1490
2407 2734
1638 2016
2601 3012
225 739
129 2672
2934 3512
1345 2129
175 2398
25 1886
453 1638
1483 2650
72 2754
2985 3538
1359 3075
812 3162
1150 3165
99 3241
1934 3846
698 1461
771 3139
1221 3183
3085 3892
457 3122
122 1588
882 3301
2370 3475
1418 3785
1183 3739
1148 1313
934 2705
2181 3393
32 299
2473 2850
1211 3154
1801 2800
127 2048
243 385
1364 2709
2462 2790
85 2801
136 2695
2870 3899
2356 3487
2435 3002
2503 3848
2342 2577
1274 3807
3039 3518
1816 2064
3044 3446
2441 3767
27 174
1537 2384
1503 2028
1240 2037
2041 3735
501 3502
430 2253
195 721
1352 1653
792 2576
576 2289
675 1088
71 529
1928 3320
220 507
1577 3223
371 3043
1408 3591
497 3668
648 2564
757 2556
374 479
2488 2919
33 563
1165 2362
977 1940
96 2782
1440 2240
1806 3177
2648 2850
607 1792
803 3662
2301 3722
1328 2850
894 1273
2065 3847
2142 2164
2013 2137
623 2552
1306 2523
486 3816
1550 1901
2550 3688
757 3234
139 2704
1231 3884
1478 1906
2981 3819
513 2882
2424 3412
778 3461
128 460
1298 3892
1801 3464
434 855
1718 2655
2598 3809
247 1135
423 2581
1521 3140
1391 3297
490 836
1876 3278
419 1389
1088 1368
839 3630
226 3478
1606 3465
2070 2766
1289 3536
2565 3092
1251 3679
2019 2401
165 3789
892 1368
273 2526
479 1312
178 638
282 737
2030 2158
2693 2963
321 3754
307 1248
2594 2685
1366 3476
155 2678
2187 3397
7 1354
436 3888
480 3283
2224 3311
735 3184
886 3415
1641 3660
742 1118
247 1957
2303 2810
2471 3735
325 3774
1800 3009
29 2773
1256 3493
2220 3627
490 1787
608 3376
1098 1463
2871 3085
3171 3368
235 2441
1541 3539
1070 1121
1608 3839
106 1770
1812 3886
565 1356
709 3215
1198 3281
2112 3375
2211 2539
518 1398
306 929
318 3385
1237 2775
225 2302
1415 1672
2595 3320
2790 2961
1465 2669
451 3765
3182 3760
126 1737
321 2541
743 3491
53 3589
10 361
324 1924
2979 3344
1077 3467
1084 1851
487 3040
3194 3785
1809 2812
464 3274
288 1738
182 757
225 2219
2113 2409
899 1320
1117 2956
1848 3701
1653 3145
1121 3179
2175 2973
1267 2326
2085 2815
2760 3339
1133 2599
1193 1606
2396 3734
1454 2591
1543 1724
91 2030
233 342
469 1292
1667 2292
339 3344
940 3224
210 3680
2312 3416
2676 3843
3273 3336
868 1813
2929 3493
2602 3228
543 3821
480 3332
1884 2940
1375 1462
380 665
3364 3718
1310 1903
1112 1845
1559 1662
749 1263
135 3515
1322 2102
270 2514
2124 3659
1527 3372
2516 2807
511 1882
241 3452
3502 3838
3344 3544
3113 3486
1538 3134
74 3562
801 1632
3386 3545
511 1644
2748 2949
2077 2913
75 1803
259 1405
2085 2938
3068 3458
153 1509
825 3395
1270 3450
1223 2650
251 3297
880 3472
652 1305
1153 1933
1448 2775
2267 3856
1657 1693
30 1178
2299 2974
170 3569
127 1662
969 3072
1190 3844
170 3830
2625 3252
27 1027
1337 3250
2003 3869
1987 2538
1899 3576
321 3681
549 3037
781 3843
3258 3656
2410 2809
727 1688
677 3401
329 2786
365 2179
38 179
1774 3193
826 3344
252 1372
1702 2354
1366 2116
1141 1777
1015 3543
1065 3004
156 3034
604 1030
320 1666
1065 1143
431 3575
241 515
519 3689
3314 3377
991 1214
2209 2633
368 2925
2063 2842
2752 3824
658 3047
209 2191
540 1317
1568 2103
2084 3258
88 1738
3164 3602
1427 3672
2880 3185
3284 3855
331 3409
1123 2131
1839 1984
2046 2975
1800 3344
3151 3867
598 3279
2562 3845
1803 3608
733 3803
1908 2261
3470 3752
2369 3711
1945 2943
2064 2565
464 751
918 3539
659 2918
272 2036
1108 1322
600 2023
3 3481
353 3229
701 1187
3404 3682
879 3094
2641 3162
2556 3344
815 2058
1868 2550
1745 2669
395 1016
1728 1764
184 3148
836 2580
1708 2935
3479 3583
638 1449
1169 3854
1839 3218
3236 3560
1130 2418
1713 3199
2064 3702
2642 3039
1084 1894
1128 1229
3127 3378
3386 3691
2552 3530
44 940
1891 3566
1694 2217
2920 3037
2283 3576
2040 2772
1905 2034
785 919
2582 3339
2627 3828
704 2280
679 860
2675 3835
1459 2993
231 1336
3124 3611
1880 3140
448 3356
629 2947
1993 3713
506 1838
743 3376
1641 2784
881 1757
2049 3737
367 3658
196 3585
1289 3285
1141 2057
1672 2040
731 1415
1261 1697
1722 2149
1404 3163
1334 2433
1101 3440
2826 3013
2504 3882
642 3878
2182 3279
565 2145
419 2640
828 2459
1758 2117
74 107
2842 3755
2828 3344
173 3255
3050 3782
924 1181
969 2496
50 2354
1116 1802
1285 3526
942 2792
1279 2045
1813 3344
26 2959
1100 1502
61 2678
1415 2212
2757 2927
786 801
1180 2085
2934 3093
2211 2677
260 2586
535 1906
548 3871
287 2778
984 1106
2106 2829
98 1211
687 2592
139 1876
385 1366
317 3320
1267 2189
432 2218
273 987
2116 3325
1563 2870
2559 3282
1631 3262
3441 3637
905 2211
2265 3327
726 1691
277 2122
2527 2597
1071 2458
376 747
2925 3230
1423 3584
2404 2914
750 3185
2655 3139
2883 3401
643 1676
378 1015
2113 2735
574 1843
226 1289
1230 3682
2542 3280
2962 3388
1505 3436
1017 2040
954 1228
1726 3582
71 1603
2135 3853
1605 3436
318 1390
1473 3750
1215 3117
1262 3565
2033 2437
153 2465
524 1418
239 1450
984 1344
1362 3901
1288 2680
1762 3474
615 2386
112 1948
155 1744
404 3503
2295 3681
2351 3768
753 1662
1684 1782
2610 2660
2731 3038
21 3759
1004 2975
703 3807
52 278
367 3596
3619 3763
600 1349
1692 2228
209 2459
2098 3232
289 3026
1454 1770
1731 2874
1527 1737
1635 2057
2138 3733
2822 3878
215 1127
1885 3565
1165 3081
1276 2280
2603 3826
706 2658
3078 3802
1841 2389
801 3453
371 1116
1225 1600
1537 3437
863 3282
515 3799
1844 1921
1126 1333
2925 3448
3121 3796
1119 2598
1798 1870
1648 1934
756 3637
503 847
2774 3756
176 2846
226 1242
59 1411
2329 3367
2137 3075
882 1311
1059 3344
3643 3747
1002 1402
2525 2675
660 3556
1684 3612
1071 2093
654 3133
163 2600
584 3853
2419 2772
243 3294
988 3698
2559 2604
834 3873
1904 2686
718 3093
426 1841
2332 3284
2051 2933
2643 3355
3557 3760
397 3600
512 1131
649 2945
2875 3279
773 1790
1166 2028
432 3256
3222 3534
2625 3290
429 1123
1472 3578
3487 3769
838 1681
2193 3594
655 3592
81 2740
1011 1435
550 565
394 2974
740 3493
56 2260
2149 2163
114 3021
2020 3063
2674 3275
547 742
327 2610
1669 2979
1576 2259
1393 2178
2354 3189
1071 2274
1992 2653
275 2240
1292 3379
494 3192
1714 1723
533 681
2072 2310
189 1012
1026 3856
3185 3567
291 3718
475 1443
1424 3549
447 2197
1822 2764
686 2472
882 1413
1527 3408
1796 1811
375 2978
2330 3555
1293 2108
950 1869
2435 3033
1223 3177
705 3806
536 3708
825 3170
1683 2438
3184 3419
301 3551
1059 2607
3047 3437
1559 2988
1792 3551
2146 2474
2011 2849
69 2605
168 1003
1013 1564
766 3090
1343 3080
1240 1643
261 2508
2206 2301
1335 1704
1844 3813
1094 3424
725 3032
615 2045
2164 3276
1368 2746
2721 3146
1666 2186
923 924
2330 2356
15 3311
2642 2916
990 2569
67 2400
1403 1481
1575 2230
53 1400
4 132
69 2997
587 2705
661 3298
25 1038
2176 3579
2098 3044
2233 2719
1841 3647
3314 3700
1115 3446
1040 2771
2392 3242
500 3581
1800 3790
1742 3344
1909 3742
255 3079
1475 1708
3193 3775
1378 1973
2070 3545
3110 3439
470 1471
3133 3235
2193 3806
733 3561
292 889
951 1064
2075 2892
1079 2401
1136 3843
858 2092
2952 3072
202 2011
965 1805
1932 3746
910 2151
1330 2838
261 3212
21 3076
1223 2812
522 3344
1923 3165
1537 2335
90 3278
39 436
2376 3256
232 3348
306 2818
2137 2309
186 619
249 3126
3624 3630
3100 3523
2455 2492
1389 2431
9 1328
2706 3240
2014 2524
1833 3646
2290 2570
2474 3028
312 3331
2468 3052
367 3010
1682 3344
1038 1505
1602 3569
1497 1569
2805 3576
1981 2287
1736 3673
1542 2608
254 2706
3027 3059
1199 3721
1310 2462
136 2221
2527 3175
1764 3015
1218 2846
1012 3344
1154 3553
365 475
1991 3484
646 1731
604 2558
491 1124
2012 2914
1462 3038
1394 1852
705 1584
120 653
611 3142
667 2226
883 2791
1807 2993
1450 1705
351 3080
1562 3112
2557 2859
584 1087
690 1627
206 2779
1002 3038
176 3053
591 3874
2586 3496
3075 3716
2474 3300
1188 1271
1196 1392
1298 1936
2050 3277
686 3123
1578 2113
1668 2623
108 183
1958 2300
883 3486
408 1731
2592 3445
173 3261
562 769
1664 1697
100 2387
2836 3664
49 2621
14 1512
2448 2524
93 1640
130 310
1092 1653
2901 3782
2622 3188
1536 2106
1720 3348
2415 2834
3360 3779
1907 3741
1252 2853
1012 3866
613 1412
2573 3497
78 1942
795 1194
1203 1226
1133 2736
3503 3826
304 3841
2265 3670
1661 2968
3190 3581
2987 3602
186 1174
2217 2948
1511 2159
105 2663
2661 3133
2837 3693
1396 2549
1128 1403
333 1511
2109 3230
1171 3746
215 3454
509 2722
144 1214
854 1781
683 895
1713 2726
2208 3520
1590 3887
553 3485
333 3534
834 2300
301 1621
1075 1501
1336 3844
1279 1502
2390 3042
1042 2110
222 2187
630 2666
502 1269
496 2828
575 1802
2906 3848
2150 2325
593 3262
2179 2566
3781 3804
3276 3632
2484 3724
1808 3100
3108 3504
2724 2965
2827 3804
2208 3820
1575 2092
215 425
1087 2110
2528 3602
2909 2914
51 2188
1564 2398
800 2013
2432 3303
3518 3901
106 2055
2190 3085
593 2842
2171 2473
2405 3131
590 765
2612 3809
1667 3818
3023 3156
2304 2784
753 2738
690 1716
1578 3597
1574 3835
1048 1421
1302 3303
3173 3254
2092 2966
272 2675
3263 3514
1195 1534
1043 3223
412 3324
660 2384
170 2911
42 3508
969 2133
1223 3355
2570 3652
3527 3787
3423 3590
3098 3152
1197 1436
2694 3801
352 1991
398 3233
822 958
104 3774
1310 2252
1268 2468
2715 3399
922 3864
723 1267
690 1561
1113 3258
1743 2482
744 3585
343 2305
142 604
2409 2563
466 3471
3181 3266
1441 2807
304 934
859 3288
1063 3129
3048 3572
1228 3463
454 2547
1491 1881
960 3713
989 1484
1893 3388
170 366
1264 3499
2218 2997
299 1591
242 3896
2425 2489
2596 3737
468 3628
342 692
273 3070
2050 2223
256 326
1832 3515
1013 2293
2263 2465
1938 3546
791 1385
151 1017
797 3590
1041 3582
3245 3544
628 2046
1100 3061
535 772
591 799
1515 2557
1494 2733
2509 3697
1133 1451
1871 3047
1636 3437
2340 3194
2994 3587
70 3347
387 705
1369 2651
103 833
361 1579
1428 3795
1497 3898
2457 2644
2129 3306
3271 3742
400 911
3270 3390
561 3789
2225 3234
3193 3636
3039 3668
2246 2404
1994 3770
544 1045
1607 1611
33 2768
1835 3344
2664 3142
394 534
250 595
764 2229
1002 2502
844 3034
207 3430
1562 2857
823 3582
2204 3099
187 2622
2365 3176
3418 3598
1986 2089
3011 3099
217 243
926 3831
1222 3732
2586 3335
1399 2439
1008 3844
1861 2802
2287 2804
2115 2944
3551 3831
1179 2148
1786 2863
1924 3476
1743 2494
1462 2284
1724 1974
1000 2578
297 3460
863 1344
1988 3150
1233 2366
1499 3701
2258 3553
487 714
1991 3217
1128 1151
108 1709
718 1254
770 2397
827 1525
393 3771
1525 2113
1995 3763
2286 2411
1672 1805
531 1901
1430 3727
64 1771
171 2247
639 3711
716 1095
122 3847
2302 2751
2086 2487
80 1946
3093 3763
2608 2699
216 3489
269 3482
174 191
673 3867
562 583
209 942
170 3344
1186 2098
2007 3387
169 2469
1112 2412
262 1708
634 2952
535 2978
1236 1786
205 3871
3167 3379
2090 2183
3205 3742
943 2060
1808 2115
1856 3172
194 2027
833 1323
201 2978
162 1262
454 1051
1212 2702
1021 2371
238 2982
284 967
1887 3822
7 3087
1667 2222
1003 2997
1052 2366
697 766
882 2905
67 1639
1198 3115
3222 3284
785 3841
42 3518
1204 3150
1254 3020
956 3844
1398 3097
1120 3401
2064 2218
2329 2725
47 2910
2046 2949
681 3591
54 917
1797 3257
1450 1606
563 3236
650 3565
3286 3300
2026 2638
1786 2550
467 543
2030 2655
619 1144
963 2731
162 2442
836 1124
1091 1791
1927 3478
1064 2710
192 2856
1403 3799
360 3482
1657 2992
790 1383
782 1471
481 1130
85 2712
1266 1463
651 3334
1641 2040
1640 1891
542 3066
3300 3641
786 2108
2788 3758
1742 1973
172 2980
737 3050
1986 2933
686 691
130 1879
916 2232
125 336
1215 3797
1089 3450
258 1798
1072 3558
92 1431
26 3530
9 3273
1212 3485
1723 3449
1140 2316
555 1663
1554 3478
352 1292
699 2106
586 1596
640 1326
2536 3877
1124 1297
846 2473
78 2052
2011 3391
1183 2771
286 1266
423 855
163 2619
2245 3581
247 2519
162 1727
3030 3585
2668 3385
1233 2289
55 289
1056 3140
1531 3223
308 2219
953 3035
92 2684
442 644
2080 2476
518 1203
444 3824
194 1353
772 3563
319 1622
2461 3701
1090 3611
675 3595
1289 2449
744 1864
341 2409
342 3297
2425 3086
894 2427
1063 1783
1962 2983
1203 2444
2066 3254
428 3758
1662 2398
2346 2451
1635 1964
302 3544
1594 3807
1652 2836
569 1904
2121 2530
855 2876
78 573
1717 3269
804 2327
353 2860
268 3470
295 3516
1399 1546
530 1021
165 435
665 2532
534 1843
1481 1738
23 3339
499 3356
403 1411
557 1308
159 1907
155 2951
455 2121
3415 3545
1215 3274
884 2311
2134 2507
1700 1741
774 778
221 2809
3233 3464
1622 2940
1802 2199
1313 2690
1823 2720
1916 2459
14 3046
3249 3614
2105 3504
56 2747
216 2952
3031 3038
251 2199
819 1956
1488 3183
1033 2016
329 1461
1908 3859
2304 2524
1651 2366
450 510
1407 2580
675 875
1888 3758
920 2072
927 1803
1004 3251
96 1955
261 459
2188 2545
241 733
96 2905
454 1939
563 3496
3650 3829
27 1419
1969 3215
949 1099
2528 3466
651 3344
2201 2387
240 1683
555 3532
3328 3521
2764 3417
352 2020
1527 3871
369 2500
1976 2074
459 1655
2097 2550
438 2628
593 3878
839 889
1135 3577
236 651
343 2847
867 3421
681 2815
616 2208
1733 2287
1752 2787
1426 1976
2375 3735
134 3672
924 3534
2791 3352
1322 2164
1078 3479
1019 1147
175 899
1556 2280
386 3457
1798 1988
1973 3849
637 859
266 3017
2797 3457
1562 3344
124 1484
2753 3643
81 3008
1555 2067
1542 2905
2356 2809
1561 3551
1334 3480
1061 2149
613 3141
433 3664
7 377
163 275
1306 2915
544 2291
1555 2137
1608 3254
935 2211
1332 3131
600 1544
335 1269
786 2735
1538 1547
1188 2984
1718 1855
2556 3064
3313 3496
833 2534
2374 3079
1199 1954
369 1249
1541 1635
30 2345
955 2789
67 1030
644 3363
2259 3410
329 3044
3461 3627
917 3119
2642 3733
921 1142
228 2408
534 1538
1595 3360
2383 3193
1055 1222
456 3558
1275 1600
515 3892
92 3649
3613 3810
59 3369
564 3447
895 915
2457 3853
746 2390
309 3356
668 1692
1129 1629
361 3557
2646 3360
12 3141
2314 2485
1507 1844
2622 3345
315 2873
1354 2573
2881 3559
1172 1508
1663 3525
365 451
941 1950
1874 3479
2592 2832
1485 1831
1436 1635
52 2269
2705 3141
512 3638
633 2505
591 1775
1104 2626
110 1105
2936 3634
765 3429
1626 3675
2648 3870
152 461
1805 2671
6 3831
1211 1735
360 757
2318 2504
1138 1929
1213 1462
1384 2564
69 1755
1803 2380
1534 3846
1518 2610
326 2729
713 2511
2716 3503
911 1624
1469 2931
2428 3605
2308 2986
789 2214
5 585
716 1046
437 3440
588 2873
1068 2247
102 460
345 1904
777 2658
1380 3473
3329 3470
213 2286
985 2359
2940 3440
392 3569
449 2110
2670 3023
2118 3035
991 3425
2517 3532
546 1331
53 313
737 3666
165 3696
87 1587
970 2404
2666 3264
1350 3467
3386 3519
818 1746
1840 3828
2164 2507
2135 3244
1781 3642
368 3885
70 2348
2333 3322
52 1098
754 3601
3521 3785
2639 3805
730 3110
967 1164
253 3037
840 2283
317 3885
905 3079
576 3470
1811 2756
2479 3399
2279 2642
1075 2930
1089 1125
3366 3443
2723 3698
1518 1828
2001 2200
511 514
805 3579
409 3402
562 809
1950 2656
997 2302
1408 1619
199 992
1357 2001
2980 3810
2086 2150
390 2140
2226 3220
1084 2174
633 1184
1449 2935
1134 3409
383 2934
1693 3639
1140 3580
486 3349
804 2363
2125 3833
502 515
61 1889
2155 2986
555 2856
24 265
900 3801
1282 1629
78 1159
3581 3776
1672 3114
228 1476
577 3262
277 2841
546 1493
1193 1788
1723 2185
1861 3839
2012 3391
809 2028
1422 3887
223 2441
1810 3072
1916 3407
2385 2595
1828 2153
1614 1807
343 3095
337 3679
295 633
497 3149
3022 3568
2237 3355
249 2908
2108 2491
553 2152
2457 2843
1634 2764
1036 3274
2831 3615
17 993
174 3515
2083 2302
370 3422
2032 2395
867 3200
2722 3344
24 869
2787 3069
2160 2668
1685 2124
2923 2971
3121 3586
1050 3183
663 3606
560 1458
640 2351
806 847
2172 2507
2384 2931
825 3794
435 530
901 2322
2157 3628
702 3375
2053 3012
1998 2750
585 1623
56 3113
311 1713
250 621
2685 3344
1016 1862
82 3764
786 1813
416 1418
1480 2648
2058 3103
864 1177
188 847
2192 3503
842 3532
2440 2993
137 530
1152 3122
1301 2111
773 1127
485 2973
748 1169
1063 3207
264 2279
2232 2357
949 2975
113 3616
553 2583
79 557
1007 3639
1608 2538
1209 2143
867 3112
1754 3643
2395 2957
361 1168
494 2055
1175 3471
1319 3425
2853 2873
2836 3706
18 3018
2497 3348
2802 3303
1702 2025
3374 3697
1079 2096
1508 3900
1627 3302
86 3215
1303 2731
1379 2255
3233 3292
931 2923
1081 1228
2759 3888
409 3876
586 2470
564 1859
973 1804
259 3372
1738 1799
1873 3018
1104 2770
488 3549
1794 1934
1689 3516
2051 3681
1116 1887
689 3236
2610 2613
2413 3159
821 2917
1461 3058
620 2022
1116 2209
530 2355
533 2274
3168 3836
2648 2926
1374 2303
3165 3630
972 3697
1010 1960
153 411
216 3157
1930 3606
2230 2654
193 1304
2077 2815
666 1445
1425 3163
1854 2226
671 1949
1633 2321
1109 3724
1053 2559
461 1571
2769 3223
271 1907
3073 3112
2047 2549
3106 3549
2777 3652
432 1069
1703 2321
1080 1558
283 1391
3256 3777
195 3447
796 3023
947 1458
828 2606
1122 2865
48 1562
1124 2054
3082 3152
2338 3263
2525 3267
838 1309
2030 2084
2279 2535
3457 3518
261 3041
1782 3208
1881 3629
1128 1820
798 1497
87 1567
2807 3253
966 1236
65 1640
1228 3312
14 3866
732 992
392 1514
505 3565
1091 1628
964 2595
1650 2927
1997 2808
