2000
1062 1744
1749 1934
166 203
1064 1444
983 1256
590 1579
174 1550
699 945
1576 1885
1651 1976
342 1598
281 927
21 1210
364 782
524 1547
439 1482
871 1820
152 534
231 340
1075 1315
788 1505
1594 1783
982 1535
958 1239
677 1979
387 1661
855 1474
694 1218
840 1739
178 385
271 682
987 1167
1148 1282
1395 1966
925 1771
261 1093
1451 1708
663 1956
33 415
1487 1804
481 1447
1286 1707
298 933
294 1736
314 1447
110 227
282 1079
788 1032
771 1679
431 946
960 1621
795 1628
1155 1170
273 1540
555 655
297 1272
1446 1979
695 1746
345 515
844 859
373 1621
493 1470
1130 1751
905 1486
1223 1711
1164 1949
161 1930
748 901
366 1202
1448 1765
463 1014
1385 1857
1087 1778
1431 1746
778 1419
40 422
365 700
814 970
727 1984
830 1926
1392 1793
887 1020
136 564
826 1636
782 834
1171 1800
719 1551
712 1097
978 1404
381 1137
1810 1940
374 1477
233 667
635 1119
1396 1969
411 684
42 70
541 951
1061 1138
1250 1484
1115 1983
359 1116
248 1212
429 1557
181 1680
402 732
374 1046
472 1472
1008 1521
1445 1691
819 1773
849 1083
169 1037
1270 1779
506 1678
523 991
718 1846
189 476
91 1085
185 1186
735 1698
420 1749
139 766
1060 1793
375 954
1005 1178
1573 1734
300 494
794 837
30 819
299 653
806 1017
318 921
644 1373
132 940
973 1216
1106 1732
1277 1544
1323 1493
1682 1853
424 1509
22 315
568 1939
1152 1974
905 1231
634 1133
427 737
897 1916
1493 1958
561 1211
770 1293
308 1212
759 1807
257 740
956 1123
1781 1910
82 340
72 677
92 320
1 484
1027 1181
152 258
59 746
1234 1600
283 1670
959 1707
452 1387
584 1224
354 1145
413 1994
165 309
321 474
175 1012
243 1756
700 1933
91 1659
491 1292
379 1083
1013 1059
1358 1699
1800 1816
363 1087
1218 1961
123 1626
881 1359
1158 1539
2 597
312 1225
1469 1925
1236 1652
860 1352
1631 1789
279 1790
1608 1903
204 1207
301 1029
349 1093
1001 1567
840 1187
1799 1858
1832 1860
153 239
230 530
705 838
284 1142
728 1310
705 1926
49 1636
1616 1633
572 1141
72 1046
731 1238
791 1617
560 1096
55 1876
1066 1254
1872 1906
292 1136
231 1559
121 612
56 292
833 1724
18 879
457 1497
106 1720
88 598
1593 1966
227 1703
108 171
674 965
1333 1406
1650 1904
513 857
462 1041
285 1808
1345 1551
538 1368
588 1796
498 1014
179 1705
500 1842
445 924
1379 1733
130 1235
160 839
1331 1580
126 1185
567 1301
609 910
160 715
537 1999
237 274
880 1610
794 1715
971 1591
404 939
750 1959
436 898
688 1184
299 1159
261 964
222 1591
375 555
262 1941
112 1015
748 1444
589 1740
597 1768
213 1918
80 1914
122 1322
619 816
636 1567
854 1855
628 696
1233 1589
247 355
1265 1421
391 405
565 1359
1464 1938
639 1330
146 1937
393 615
240 1603
487 841
314 849
134 926
10 1900
179 1049
248 1136
51 680
938 1872
511 844
148 321
396 543
483 1202
78 380
300 1873
1340 1533
792 1365
1028 1622
477 1510
29 1445
1318 1664
400 1723
586 1677
949 1604
432 679
325 1952
804 1324
1659 1935
743 1414
937 1381
324 1712
426 587
1449 1727
1031 1423
683 737
751 1848
437 790
239 397
707 890
393 1527
697 1043
1245 1973
305 642
297 1709
114 214
1211 1300
287 1094
75 745
881 1959
534 1876
468 757
1780 1908
584 878
725 1500
364 733
243 524
1090 1435
1228 1471
1767 1815
1496 1508
1859 1969
96 647
664 972
828 1339
623 1168
1018 1441
1882 1913
365 422
5 54
591 1021
1622 1888
191 1843
647 791
1625 1943
465 932
836 1369
812 1918
512 1762
26 749
61 1057
13 400
1314 1859
1552 1592
1204 1905
868 1776
48 843
493 1153
281 1108
502 1991
157 1113
1523 1849
1066 1384
15 1349
1565 1703
1433 1782
307 986
976 1361
1454 1594
625 1986
873 1609
236 268
326 1498
1244 1607
883 1138
132 1757
1618 1887
681 1539
32 984
201 1150
252 547
158 1931
172 1283
1399 1706
159 1927
1383 1730
1030 1157
337 943
753 1344
336 492
580 762
41 515
459 1191
269 918
1719 1875
53 1612
484 1134
199 869
14 649
578 781
521 1880
196 1403
652 1767
1295 1446
26 53
323 489
929 1842
20 1729
1269 1408
1709 1771
372 1127
219 1629
879 1069
1576 1955
192 998
446 1356
663 997
49 1190
346 755
496 808
651 1942
1121 1973
548 1178
439 1396
1047 1307
726 1369
1137 1429
246 1977
47 1161
1040 1586
899 1523
890 1484
1222 1672
888 1050
1274 1420
270 1479
805 1153
1081 1386
1419 1944
256 1346
1012 1114
144 158
513 1721
1888 1982
804 1901
1441 1911
1274 1675
303 394
546 1690
775 1948
511 1204
225 817
1326 1977
180 936
1731 1745
1237 1890
590 1654
1159 1338
596 1102
1443 1975
851 1558
1377 1519
147 430
454 620
3 387
546 1772
600 1801
220 966
336 1101
214 345
1574 1657
1410 1887
1276 1572
39 450
156 1420
1400 1571
1273 1985
1166 1203
835 842
98 1944
55 1826
503 541
923 1655
219 290
461 1662
717 1285
1531 1795
747 1713
407 1160
1415 1543
1026 1806
1114 1870
1160 1836
198 1298
83 1475
673 902
538 1172
940 1732
212 362
526 1070
263 1569
12 660
1372 1807
1130 1650
40 1517
708 1845
352 760
732 1713
502 1142
205 1033
1073 1361
278 1248
99 1100
1416 1853
151 1316
1708 1835
178 1996
531 1542
1512 1649
260 1302
1225 1796
641 1268
1458 1761
861 1875
96 683
73 981
426 1845
1342 1704
1457 1553
192 1269
354 676
478 1197
377 1158
910 1776
1478 1840
1125 1692
366 1317
215 1297
377 747
348 619
173 1037
86 254
1236 1798
719 1298
1321 1788
526 1228
218 1515
1788 1865
499 633
731 1945
989 1323
449 1590
1185 1201
59 169
1205 1991
519 1147
1162 1439
989 1378
1334 1803
1113 1226
1456 1975
378 939
1511 1854
631 1134
93 1992
738 962
105 1006
1582 1586
221 901
424 1039
136 1616
456 768
1537 1775
123 915
575 1413
506 724
8 807
125 1042
1335 1513
489 1825
371 585
25 906
613 851
1646 1900
813 2000
403 832
27 1495
870 1943
616 1496
831 1577
183 1280
389 1261
618 681
134 742
100 1758
767 1148
995 1639
2 1248
519 1577
884 1528
13 492
656 809
1479 1695
1278 1597
801 1763
1450 1787
752 1723
520 1525
138 1520
1287 1852
32 308
1358 1378
684 958
1313 1483
685 1072
548 1492
645 1628
693 734
1592 1816
503 658
1279 1834
1461 1997
351 1701
624 1753
8 307
1061 1653
871 1716
1324 1649
716 1261
903 1325
630 1071
1124 1125
795 1200
443 1799
741 1294
717 1473
1232 1407
654 1730
670 1762
1036 1257
102 614
34 1411
274 1437
302 1516
1173 1541
713 1579
1547 1660
595 1733
743 1438
961 1460
517 1534
183 223
52 1139
706 733
107 1878
595 949
1371 1470
772 932
171 1511
1353 1740
1297 1718
760 803
557 660
1289 1516
1379 1867
5 341
465 1452
1193 1764
285 306
201 1165
99 1461
830 1518
1266 1656
395 659
1688 1731
278 766
578 1928
347 1219
623 1314
312 1869
892 984
106 1038
34 376
606 1882
545 1380
1319 1936
803 1643
979 1773
188 1538
404 1716
417 933
1660 1745
646 1968
594 1768
202 531
382 401
692 1129
662 754
1067 1517
889 1482
498 1245
917 967
360 528
1240 1912
411 1581
433 1929
62 168
776 1751
773 1642
952 1924
866 1909
1170 1526
163 1415
507 1209
63 516
823 856
237 1035
1121 1279
1354 1851
1258 1664
273 689
657 776
625 797
970 1387
310 1305
444 1318
449 1091
771 829
876 1263
593 1521
185 1102
9 909
1247 1578
787 1167
250 282
329 1346
21 38
1620 1998
496 1111
1672 1812
1417 1833
786 1262
968 1646
117 1100
251 1187
774 835
440 1082
525 1537
97 1439
443 510
1084 1987
1601 1867
1711 1869
390 1714
197 773
61 942
963 1360
599 1390
1319 1978
1208 1449
353 1987
864 911
206 1927
246 1465
1099 1814
777 1253
272 1919
384 1352
1778 1831
977 1103
461 1059
1758 1844
969 1770
1097 1623
575 1500
1837 1854
57 1022
124 155
1350 1525
1465 1468
470 894
372 581
76 1084
381 1935
1408 1685
906 1794
228 1116
1023 1663
277 1198
230 1641
665 1895
161 1678
150 609
217 1069
1317 1478
974 1235
975 1981
585 1182
991 1305
280 1677
163 812
119 981
950 1970
223 1300
390 514
427 1819
608 1251
1156 1871
35 1242
88 1188
1052 1645
28 1067
388 943
662 1602
1596 1747
182 1860
573 878
1345 1764
834 1702
396 453
1514 1954
337 643
1813 1866
380 1532
1009 1292
574 1161
208 1805
247 315
998 1053
540 635
946 1179
1466 1589
1489 1563
1090 1207
1 414
236 1804
394 1329
241 858
824 1557
924 1128
1221 1348
720 1374
429 1861
925 1684
913 1765
280 1375
1653 1998
934 1180
707 1881
1275 1627
490 1205
457 607
392 1242
1006 1362
31 1455
190 1654
979 1631
421 957
332 1550
1802 1953
914 1761
716 1437
495 1792
1722 1831
1189 1634
638 1945
831 992
115 416
251 1863
330 873
165 583
824 1699
151 1818
265 1124
1483 1791
90 1095
267 1993
406 1544
256 1281
373 710
24 648
434 729
828 1568
636 774
1833 1837
637 1995
582 1051
301 1673
1277 1784
423 994
1230 1467
1560 1936
341 669
617 1199
309 1573
454 472
339 1801
1038 1291
633 1280
887 1165
1133 1686
298 1735
172 847
342 535
1658 1759
1596 1741
245 1368
1074 1474
497 1485
1293 1910
985 1388
249 1442
505 746
459 641
234 1786
1835 1884
666 1115
313 1954
51 1271
710 1118
177 884
1041 1088
606 1581
1198 1232
347 562
1510 1897
764 980
702 768
961 1459
542 1915
142 1601
517 759
783 1940
11 369
291 1451
697 802
177 704
116 761
1080 1925
564 1514
1243 1425
217 941
216 1504
1327 1972
252 670
756 1522
287 576
714 861
271 1556
133 1058
629 1797
286 1637
146 518
369 885
1036 1874
234 1696
406 1363
601 1370
279 1570
329 745
284 509
614 780
58 520
266 1327
186 1486
94 975
1426 1717
1010 1013
504 533
592 820
187 1809
777 1048
477 846
867 1985
240 1809
46 1326
229 1602
691 912
1169 1923
781 1220
423 1104
539 657
690 696
735 1609
1177 1656
1492 1558
664 845
1428 1907
36 389
264 1630
43 260
1034 1057
579 1344
1395 1870
189 650
19 885
629 1899
709 1930
1563 1694
941 1048
1587 1618
753 1681
1035 1826
1595 1886
296 350
1145 1491
1455 1572
295 1629
547 757
642 874
558 1402
854 926
1442 1570
1251 1805
150 801
81 643
420 450
1196 1953
482 921
557 1638
1920 1990
419 1424
101 1695
401 1962
764 1904
242 675
582 604
398 972
1584 1685
930 1585
539 1191
224 850
412 1919
111 605
1105 1705
1347 1669
77 1766
1432 1864
654 978
1163 1208
1398 1433
44 54
645 723
141 414
202 769
543 1110
316 1535
973 1533
25 209
455 1540
1174 1252
722 1899
708 987
289 604
38 1698
1143 1498
853 1237
865 1050
63 1957
956 1990
242 875
409 463
95 1290
149 920
41 291
480 1620
44 1383
1227 1675
540 626
843 1315
3 1548
916 1338
1270 1367
1033 1214
723 1430
445 1436
66 386
27 1529
721 1502
475 858
1092 1992
1841 1964
965 1272
701 868
23 1638
121 1000
559 1230
405 453
570 1098
977 999
1671 1777
353 1126
433 1056
1040 1947
1101 1259
448 1074
206 1666
1401 1886
313 1755
1150 1527
1267 1564
784 1668
596 1209
418 1320
100 325
894 1306
343 1932
395 1681
64 917
68 1578
233 370
186 1513
1546 1648
536 809
259 1241
229 1615
1939 1971
1666 1683
673 1531
1325 1508
864 945
686 1233
994 1522
800 1244
1222 1737
1460 1742
1072 1353
522 1320
836 1296
1239 1466
1063 1728
200 479
333 1839
70 1841
1086 1863
1612 1748
1394 1840
46 276
392 1957
155 796
421 1467
783 1822
886 1127
711 1126
103 334
860 1917
996 1891
480 1630
464 1693
667 786
164 980
1064 1702
218 1409
1593 1857
67 912
263 779
913 1399
659 694
1503 1951
724 1215
1307 1494
338 388
486 1743
419 1839
476 1469
720 928
137 1332
139 1947
47 458
779 1575
528 1774
1710 1770
810 1737
1049 1458
267 1903
93 1311
937 1402
1877 1912
1154 1877
244 1582
1010 1480
195 1561
104 1376
1421 1970
1519 1635
1429 1706
886 1213
895 1413
680 1367
257 1068
119 435
701 948
610 1188
485 1823
31 210
1060 1075
1288 1667
1123 1996
532 1355
876 1855
816 1376
36 1117
607 938
322 1562
4 628
438 1463
92 1864
561 1310
1229 1948
688 1829
580 1896
832 1282
305 529
953 1769
1284 1915
135 1019
1503 1932
275 294
111 638
9 1398
1774 1848
784 1981
960 1902
863 1186
208 959
1729 1741
1874 1967
1337 1360
1697 1815
358 951
209 1331
742 1856
311 1933
11 612
1025 1255
1122 1862
895 1275
332 1575
335 1937
162 551
175 199
1715 1798
1348 1960
1296 1476
126 1163
711 1808
361 1255
258 599
188 265
1011 1528
1078 1780
87 195
464 1333
1329 1847
39 563
1175 1896
1132 1949
148 1794
75 1624
990 1095
488 862
232 1775
798 1766
678 907
193 232
118 971
378 986
328 415
679 1574
1068 1785
286 589
467 806
173 1682
1389 1858
1229 1583
194 1879
736 1530
855 867
598 1756
1098 1430
690 1313
603 605
1266 1674
968 1760
468 1747
882 1898
1034 1147
568 992
253 438
486 497
127 1911
767 1213
822 1748
122 1997
95 525
45 1149
1154 1718
200 1152
176 1132
156 495
718 1110
288 1309
272 1016
356 702
316 1824
897 1471
331 721
125 930
780 1330
207 703
408 1942
1440 1555
1583 1878
691 1743
69 1554
1214 1688
1291 1676
865 1665
1193 1782
1375 1683
184 640
89 1608
275 1418
567 1585
145 170
259 470
255 1304
914 1658
1005 1757
334 651
1431 1626
50 797
637 1754
488 1426
891 1112
1343 1772
544 676
1254 1481
859 908
1265 1562
319 751
665 1176
103 1210
220 1175
1555 1696
207 1897
1312 1797
588 1393
883 1403
1417 1895
52 1405
610 1453
549 1393
1021 1536
853 1151
1026 1980
138 1166
140 210
825 1752
1076 1784
1192 1946
1295 1607
825 1509
571 1169
35 576
50 228
1351 1760
473 1526
412 1077
1076 1810
1206 1422
289 1028
1828 1861
89 408
785 935
166 1412
770 1606
4 1922
993 1024
535 808
118 953
1821 1909
98 1341
1258 1689
1388 1687
346 1647
1043 1452
1473 1924
1450 1489
1934 1965
1029 1566
661 704
343 1739
6 1690
527 857
211 436
1328 1605
563 1119
79 1559
131 1884
1104 1691
67 1120
446 553
235 591
671 1534
1373 1665
224 1637
569 1071
1301 1929
630 1284
1363 1611
1003 1543
826 850
58 1645
510 1952
15 1141
1362 1850
1079 1999
110 790
1692 1862
627 1249
310 1501
418 1002
349 602
672 845
675 1587
512 1007
1139 1694
145 335
727 1462
648 698
549 1111
872 957
935 1328
1617 1893
1224 1497
1172 1923
799 1135
352 1524
62 324
814 1247
428 1448
888 1619
124 383
69 238
1549 1817
872 1400
268 1384
112 330
212 1219
1183 1710
467 1599
1002 1722
554 837
1548 1994
113 1873
37 1073
24 328
323 963
508 1866
967 1031
196 425
211 402
982 1898
318 358
71 1880
706 1096
1045 1955
73 1118
919 1662
108 755
915 1787
113 1868
109 762
131 1614
76 84
577 1401
818 1506
17 558
479 893
1642 1644
1001 1481
621 954
1250 1495
1203 1811
140 1791
869 1168
1339 1667
1427 1822
114 574
1435 1627
554 839
1490 1852
344 744
90 295
1089 1454
65 1614
964 1889
403 947
739 821
29 1641
1883 1988
481 1190
523 1901
815 1085
650 1055
1144 1418
583 699
1008 1412
153 1355
333 1704
668 1337
303 1856
509 1149
592 602
1264 1515
410 1311
1342 1610
514 1490
437 442
569 1022
226 1684
1372 1828
194 866
409 1206
1164 1812
928 1881
191 874
205 451
613 1078
996 1081
504 689
1818 1917
1196 1976
253 1109
120 656
141 1950
22 1194
1047 1595
1103 1565
505 1520
1549 1720
1290 1487
1491 1605
1189 1278
896 1253
83 1597
1179 1289
43 715
102 993
1308 1980
327 529
674 1407
474 1281
84 1094
1838 1885
355 703
81 740
902 1182
244 1054
533 653
221 413
302 611
1092 1657
1814 1830
1276 1673
863 1676
532 758
1505 1507
800 900
530 1256
904 1906
1088 1499
238 442
1065 1568
466 1668
97 847
130 1843
466 573
1908 1922
491 1541
18 416
14 1507
149 1122
1480 1624
1257 1964
955 1669
765 1958
1538 1655
319 678
948 1961
652 1464
65 1302
722 1286
147 1827
115 1231
327 626
60 1993
918 1405
283 435
322 1647
822 1309
1404 1893
128 687
1738 1813
66 1962
672 738
559 1821
1753 1892
1053 1423
1044 1099
304 1951
370 1868
934 1025
1106 1506
754 1199
1687 1754
434 1389
78 734
398 739
430 1468
225 639
17 632
154 1598
82 1545
101 1246
1024 1890
77 1795
1457 1847
109 1262
763 1792
499 969
254 1003
120 1738
154 622
144 1769
135 852
1027 1356
494 1950
1058 1960
556 846
1434 1453
909 1052
999 1907
594 1790
320 1334
162 833
730 1556
351 1829
1580 1625
143 615
485 1414
666 1226
338 618
1062 1238
1488 1721
772 1267
371 536
522 1042
473 744
290 726
713 1894
204 544
250 447
1463 1995
571 1499
1434 1640
350 908
521 1648
729 983
1294 1634
64 931
444 1846
57 1728
86 1200
1643 1971
1273 1391
12 245
1108 1271
277 1588
1391 1512
60 1438
944 1390
875 1341
1120 1834
37 447
877 1838
950 1956
646 898
550 1077
880 1972
842 1443
129 1217
379 896
1427 1686
182 763
749 1806
997 1644
793 1742
326 611
266 384
42 537
1181 1986
428 1131
811 1416
1082 1336
6 1663
1350 1697
1117 1322
785 1030
1381 1406
331 1671
1129 1424
714 1312
1197 1529
775 1717
1241 1811
368 927
478 1827
798 1825
501 1260
789 1243
276 966
796 1336
33 1065
1786 1963
778 1978
255 1613
357 789
94 955
601 1144
813 1632
560 1240
712 1308
1370 1386
203 1436
181 1967
1016 1288
922 1693
143 1054
616 1700
756 827
507 1000
1343 1920
552 1571
137 296
1735 1781
157 1475
655 686
226 904
669 1177
417 1726
695 807
410 1938
1554 1619
386 462
1217 1428
10 1192
1220 1670
1303 1902
168 1221
1332 1803
1736 1968
988 1364
288 1546
385 1783
1263 1724
799 827
668 1689
359 1819
838 1011
1306 1989
608 1530
852 1032
627 820
1055 1871
976 1476
682 1340
817 916
1140 1823
117 455
1485 1892
311 1606
80 566
71 1599
361 1009
317 1249
304 1604
870 1180
460 671
215 944
142 1107
483 1894
565 1661
892 1364
765 1051
1615 1974
317 829
1564 1963
508 990
1462 1830
170 1679
1173 1785
441 1366
1472 1916
793 1777
469 542
1365 1440
1914 1946
1351 1542
962 1004
241 1018
621 1820
193 856
728 802
518 769
545 1039
198 1494
357 1640
841 1015
907 1422
469 1727
1105 1411
903 1171
516 1234
919 1174
216 1988
587 1488
19 1316
7 235
1844 1983
644 741
490 952
1789 1905
348 929
893 1432
1303 1477
1545 1725
1157 1354
74 1701
581 1335
487 725
127 698
360 451
262 1195
1019 1613
634 1107
551 1264
579 1409
28 1183
815 1080
471 1017
159 383
593 1456
1371 1712
452 603
823 1984
176 441
382 995
658 1536
1063 1128
501 750
344 792
269 1635
632 1883
48 624
985 1752
787 923
85 805
391 1283
222 1146
811 1394
1502 1600
1889 1989
448 1623
1131 1151
1044 1817
1504 1763
1680 1755
187 1851
105 922
661 1921
572 1109
482 1287
1215 1382
848 1611
362 1347
407 458
1590 1603
460 1227
174 1725
622 974
1552 1714
56 1913
129 1357
758 1879
692 947
882 1357
552 1321
74 562
133 848
1223 1652
190 1156
1560 1726
397 988
180 1246
631 936
1086 1750
213 810
7 376
942 1561
107 1802
367 730
911 1921
1836 1931
293 1501
600 1850
16 87
550 1155
440 1459
500 920
1216 1674
167 1588
1380 2000
577 1566
1195 1759
20 566
167 1553
620 1734
818 1569
556 891
475 1299
649 1700
1632 1639
363 1651
399 1184
356 1146
368 471
761 1304
104 1382
1374 1518
527 1397
1020 1524
1070 1832
197 1891
736 1532
456 1056
431 1941
862 1259
1089 1750
306 877
432 1023
339 1349
16 553
1045 1425
184 889
1162 1299
293 1744
586 1865
1091 1982
1135 1779
85 687
128 1252
164 249
1176 1285
30 685
399 1965
709 1004
1140 1633
23 617
899 1385
264 1928
1268 1397
270 1377
116 693
79 931
1260 1584
821 1719
425 752
68 1410
900 1194
45 1143
367 1392
640 1112
1201 1824
570 1849
