3205
1 731
133 650
2252 2286
223 3103
807 2696
1806 1892
2132 2661
448 1978
1384 2397
25 2623
1046 2212
91 2217
261 2970
966 1347
653 1382
699 1913
1238 2355
644 875
572 652
2817 2850
1357 1729
92 3200
804 1018
803 2476
78 1373
805 1967
883 3071
311 366
570 3089
1323 2155
1546 1946
594 2656
1171 2750
903 2634
31 989
994 1689
172 1725
2747 2981
61 2946
764 3046
2079 2220
470 480
1176 2517
399 923
1437 2613
925 1635
1267 2687
335 2643
1263 1352
204 702
1853 2378
1055 1316
1437 1901
290 2252
1295 1995
148 264
455 1284
1083 3028
298 1181
127 1759
2700 2849
2595 3182
69 2702
893 967
288 384
455 499
1112 1203
1378 2265
750 1037
2137 2656
198 2871
205 2548
361 1539
1958 2086
686 2744
1385 2332
650 2888
2900 3116
798 897
881 2402
407 2254
692 2563
210 372
258 1193
230 1061
1355 1520
1405 2665
825 1302
41 2729
271 2570
156 3192
120 701
1544 2008
2841 3203
816 2753
2477 2656
1467 1842
1733 3028
2074 3010
672 1155
2273 2919
260 585
2105 2388
2035 2498
143 177
304 2313
1185 2796
1402 2103
132 3074
405 1650
1779 1929
942 2248
1598 2324
1265 2519
2583 2969
1260 1450
1317 2518
1590 1665
643 1010
88 2245
2173 2567
969 2255
815 2314
619 775
930 2772
1959 2668
2815 3113
3024 3125
1432 2639
160 2187
1478 1956
1945 2883
1385 2760
1961 2511
1210 1608
362 1398
108 2264
1194 2930
2453 2646
1094 1814
90 2593
370 1966
95 1340
2699 2737
1597 1664
1597 3138
2632 3030
209 273
2456 2951
1399 1655
79 2154
1301 2446
343 2698
170 2039
2376 2808
1734 2878
1023 1400
1008 3081
2161 3084
830 1907
2300 2448
229 2385
1908 2115
482 2195
928 2791
1885 2753
186 2120
33 2913
1552 2927
1954 2230
342 1170
295 1847
1252 1450
1226 2593
612 2321
1929 2941
2531 2581
1762 2068
785 2927
1011 3056
714 2711
2899 3175
16 1008
41 1723
662 2350
427 1634
250 1668
1499 1890
93 2110
1541 2393
1220 1920
1148 3139
1470 1605
378 1521
160 2077
1186 2481
1336 2948
14 2460
127 1861
501 2594
469 999
900 3015
749 994
866 2677
2181 2269
257 277
80 1672
1374 1910
2679 2863
1458 2289
75 2936
1822 2033
1101 1777
2083 2370
825 2879
1501 1911
548 820
1351 3154
1333 1381
1056 3149
726 1345
1005 2392
1732 2571
2247 3104
343 2713
16 354
318 2770
942 2235
1015 2413
909 1636
1440 2873
70 505
782 2696
255 946
602 2768
501 1261
383 2219
106 1563
249 1682
2198 2576
1283 1631
38 333
2548 3057
1773 2048
711 1985
1686 2291
1581 2368
2004 2753
253 365
2408 2708
81 1964
1408 2667
386 769
578 2583
1103 2145
328 1852
762 1136
2378 3036
518 2793
744 2162
2618 3094
268 1515
343 714
2656 2816
604 1413
709 879
1765 2904
373 2809
419 2401
85 2115
935 2549
1817 2927
576 2275
1435 2118
1028 1466
57 2443
649 2191
301 853
1253 2049
11 246
1655 2055
734 1962
1068 2822
2040 2402
1546 1643
1728 1884
85 1054
500 1252
1513 1586
2236 2808
1320 2236
1021 1343
1191 2846
1426 3160
1388 1551
1797 2661
43 2304
1675 3125
538 1412
582 1043
1246 2877
736 1135
297 2467
795 1936
98 3013
1130 2232
2669 3193
2501 2575
1013 2877
652 2485
2092 2711
2021 2030
881 1040
1968 3047
867 2935
81 531
401 1622
695 885
1479 2159
142 2560
669 2885
470 779
671 815
128 1014
1985 2305
1219 1595
699 1844
850 1537
1948 3047
1027 2205
548 707
1967 2319
743 1674
67 2342
669 679
828 2903
647 1421
691 1160
558 1851
2225 3021
1235 1521
1537 2738
1787 2400
162 1910
1310 2052
369 2333
2962 3011
2312 2516
855 1942
1688 2585
1452 2023
808 1768
2322 2580
645 1903
765 2536
1438 2664
1006 1025
1104 2090
662 1071
167 1985
119 1354
1393 1701
397 1490
244 619
168 1913
402 1857
1038 3011
439 1042
956 1489
432 948
331 2638
2353 2731
249 3162
1432 1704
163 2121
643 1757
1215 2699
1297 1445
1408 2913
2245 2911
933 3130
2427 3050
1648 2852
1539 2876
176 2992
269 3196
2167 2726
2622 2650
141 2376
443 2930
79 1285
1759 2448
395 1669
294 2953
1347 2986
1945 2879
748 780
227 600
1938 2152
1693 2902
1338 3085
472 2948
165 1423
1055 3186
128 899
1042 2135
607 2882
255 605
281 2964
1138 1428
2515 3013
1791 3060
256 2616
124 1806
401 2284
1289 1453
1203 3137
610 1394
1890 2007
1904 2469
1936 2163
781 3068
102 3178
421 2150
2372 2449
1891 2094
2280 2639
872 1242
396 634
2154 2332
1799 2604
2293 3068
403 1056
1948 2177
207 2189
1840 2289
1252 2064
1462 1470
604 2864
649 3083
1518 3128
878 3028
766 1925
924 2098
2012 2484
1578 2993
596 1842
2367 2573
1804 2441
789 2903
894 3181
741 1485
775 1117
718 2258
1379 3112
26 431
542 2014
1029 2447
17 2957
1395 2622
525 1063
2586 2811
471 2024
990 1167
3047 3155
428 2701
325 584
1955 2745
623 2470
295 3051
565 887
244 2818
2722 2989
1781 2028
2224 3090
1577 2067
1464 3125
1889 2306
1226 2616
36 1075
415 532
2611 3203
2233 3129
77 1838
1897 1903
2166 3149
1646 1941
355 2112
406 1700
909 2743
884 2854
937 1896
1460 2289
1615 3016
987 3128
479 2881
1463 2652
1599 2899
291 2282
23 2053
408 2369
1048 3040
1844 2377
1430 3104
1970 2520
812 2919
1064 1473
530 3042
269 1549
312 796
808 2625
424 1927
1208 1592
1942 2126
377 616
2520 2832
1921 1931
792 1597
629 1000
1985 3179
214 2537
1743 1758
896 1456
693 2369
281 1745
757 800
216 1845
2234 2882
180 1479
1908 2605
233 3156
211 1846
610 1576
1478 2041
52 482
54 2107
848 1647
528 2072
725 2126
1134 1340
162 413
2066 2112
2305 2449
2131 3028
435 2825
983 2304
1234 1763
1031 2806
2165 3079
3088 3121
559 2472
432 2032
494 1212
1985 2994
2439 3199
2040 2703
1097 2146
1907 2430
1709 1725
1787 3092
343 3198
822 2109
356 2360
1356 2369
1172 1309
94 2239
1066 1239
304 1776
2450 2880
1964 2695
242 1921
935 1244
1105 2509
303 3164
851 2844
478 699
830 1761
217 359
220 3134
2012 2415
671 1676
1335 1338
2878 2952
2316 3197
1102 2557
711 1122
647 2243
2018 2440
1652 2857
317 2982
789 2489
175 1853
573 2192
798 2239
914 1800
857 2670
670 2318
239 2774
380 830
1150 1532
136 683
346 2862
263 3082
26 392
551 2950
1482 2272
1028 1314
2592 3055
577 1504
1050 2384
1455 2709
953 1498
991 1910
2080 2440
2978 2986
481 2071
178 509
1574 3013
155 2021
1661 2312
2819 2970
2207 2226
886 2980
1325 3192
1248 2502
1233 2109
2373 2805
184 579
1152 2119
1340 2005
2539 2754
2302 2749
978 1641
501 2584
929 2618
586 1575
1111 1883
1582 2648
475 1840
527 3117
67 1751
499 2055
1587 3199
496 2538
173 1985
837 2429
1301 1383
2431 3041
2258 2966
756 2866
1329 2890
449 485
53 2686
150 1862
217 1754
450 870
1831 2574
759 2029
505 3113
1252 1289
2518 3136
2598 2686
1637 2331
49 1553
327 814
1408 2245
1799 2099
606 849
1541 2003
1252 2369
1471 2962
1134 2629
653 1933
2328 2442
385 826
2251 2691
1763 2279
829 2271
401 3202
337 1757
1604 2255
123 359
1292 2919
1985 2023
541 1252
1308 1908
1252 1814
972 2694
878 1421
401 2935
964 1028
2238 3081
834 953
618 2912
566 868
1855 2564
370 1816
491 1550
577 2222
1879 2271
765 2359
733 1475
1294 3113
6 1949
502 1171
111 2159
1386 2839
2012 2600
103 2277
67 1495
995 1867
1586 2659
2049 2205
861 908
387 1364
2506 2778
1028 1861
1478 2062
1405 1584
697 2613
2184 3118
2479 2787
2423 3015
285 1334
2923 3201
1722 2097
519 1270
2614 2618
228 2784
974 3147
1719 2571
287 1428
137 3181
2116 2207
1266 1717
1187 1620
1057 1323
1206 1667
167 423
2329 2668
544 1455
1905 2285
1932 2128
1028 2668
1483 2472
2178 3012
276 1179
661 2566
357 938
1107 1176
233 385
1342 3195
621 2267
1396 2156
2904 3072
1406 2172
278 2536
1226 1635
1485 1903
372 2722
508 1647
1032 2548
429 2367
1067 2533
396 1858
1704 2458
481 1249
1681 2997
535 2646
2257 3079
1607 2128
1277 2516
176 2775
619 1182
274 760
836 1126
100 3062
891 3063
773 3022
1220 2972
84 2560
365 3164
863 1694
2866 3048
1155 3107
1133 2228
1330 3080
78 1065
411 996
286 1903
463 1363
1417 2456
1893 2329
1441 2935
1312 1713
1597 3005
2114 2785
893 2463
2509 2776
1982 2080
688 2807
2203 3074
598 1703
349 2355
945 2983
2041 2094
766 2890
2148 2937
659 859
406 3123
612 2200
808 2364
1600 1936
106 2125
713 1771
2691 3151
451 2868
2448 2682
1673 1736
1612 2577
895 1964
634 1239
2513 2559
1512 1516
540 1829
481 813
942 1923
847 1942
793 1442
1547 1666
1654 2870
2011 2549
2038 2459
364 1246
20 1431
695 1769
604 918
398 1232
2328 2365
358 933
181 2070
250 983
1939 1971
1535 3201
425 1985
984 1688
926 2788
2694 2924
1425 1910
1060 2956
473 2424
2013 2758
1305 2327
1497 1590
450 1755
196 802
418 3171
319 2420
2374 3067
248 2054
226 795
1366 1881
636 1256
1264 1864
1562 1676
440 2652
88 1213
1188 2080
1739 1905
547 3205
233 1614
1872 2259
1047 1606
1382 3079
1967 2792
765 2906
185 1890
2417 2424
577 1262
621 2042
1456 1683
2115 2386
438 1518
2045 2099
358 613
663 1010
1974 2926
2698 3150
642 1944
806 1049
2291 2365
1218 2572
2390 2454
374 2347
820 3035
2020 2473
173 2500
881 2870
821 1120
882 2494
1135 2003
2081 3147
415 1277
2457 2690
909 1937
623 1747
2393 2959
963 2852
1810 3181
76 1195
357 2879
1380 2807
371 1044
1406 2571
347 2553
27 708
885 1182
1570 3065
284 1964
2735 2821
1471 2812
940 1454
1026 1210
995 1533
519 587
1298 2126
101 2598
995 3020
8 2060
2344 3066
2797 2942
435 1366
1657 2867
536 1923
298 904
2949 3084
1559 2494
973 2085
155 2098
2842 3044
373 1080
2585 2983
1833 1993
1353 2580
481 1503
2996 3048
966 2778
1415 2053
1907 2328
1524 2987
336 1626
1775 2071
664 1670
481 2447
87 1518
1212 2641
1050 2903
1579 2058
852 2821
1116 2065
2361 2465
1079 2889
1017 1738
734 1539
569 3099
1439 2884
2095 3131
246 314
2011 2162
223 1648
1207 2586
144 757
345 441
1185 1895
1818 2053
563 1641
586 2655
1444 2052
1832 2918
492 1126
1558 1609
2010 2283
1361 1565
640 2016
250 2422
424 1814
2001 2369
622 2802
1640 2007
345 1446
2406 3188
1108 1919
1396 2582
1802 2078
808 1513
327 1629
1837 2937
2172 2580
1047 1569
901 1061
3037 3099
1183 2381
1705 2027
98 1722
334 3141
1091 2039
555 1916
1237 2043
584 715
1599 3059
737 2168
1342 1377
1789 2767
691 2970
422 1793
19 1110
162 2254
1703 1873
1322 1981
2223 2404
574 2360
2282 2446
486 1190
1557 2524
1165 3130
2092 2696
202 225
499 1741
712 2605
1472 1526
459 1479
86 3199
913 3115
1133 1890
73 1340
1113 1425
310 2998
878 1981
533 1460
2503 3149
1030 2446
1879 3170
926 2207
3119 3190
1484 2754
948 1799
1640 2253
92 2455
634 1160
422 1028
810 1012
197 2627
2093 2800
616 1347
317 2782
156 2111
204 1899
710 2508
1963 2221
635 1590
129 2237
1574 1750
1366 2200
462 2240
468 2835
2245 2817
911 1726
959 1197
909 2105
2073 2671
792 2296
431 2096
529 1865
1292 2223
2516 2941
148 939
696 2153
412 958
1632 2824
798 1715
1475 2475
1237 1245
1797 1798
921 1497
487 2820
584 2201
1129 2825
15 329
1398 2351
247 1505
1369 2739
374 847
1478 1806
704 1636
1430 2385
658 769
292 3009
137 2540
521 1028
1166 1672
690 1340
292 1489
1224 2287
1187 1389
2407 2527
839 1252
306 2908
254 2902
1134 1691
197 2804
1708 2461
589 2099
1193 2646
1694 2606
1473 3045
604 830
2601 2787
2125 3098
1028 2278
624 2938
1756 1873
101 699
1539 1987
172 1714
1613 1975
443 2385
1182 2466
2022 3061
1534 2143
475 1523
1974 2596
192 1291
3093 3156
1143 1842
1196 1478
234 2414
426 1134
783 3094
1730 1897
408 2374
2386 2917
792 899
699 2123
1753 2909
562 1357
822 3180
1481 1630
1486 2837
740 1768
1116 2829
1813 2329
708 972
685 2636
2009 2602
1523 3082
269 2281
44 97
527 843
776 2970
1966 3062
2463 2759
2069 3148
611 1570
331 3176
1106 2348
1189 2063
812 2764
29 219
239 1509
77 579
303 2345
1706 2312
870 1514
818 1390
71 1416
652 2790
1380 2771
801 2557
1082 1246
1447 1989
2337 2574
2035 2921
2359 2662
299 2323
2142 2569
462 674
230 1474
1826 2191
178 1422
641 2835
1904 2382
792 3086
2409 2795
17 45
1784 2814
2103 3065
2469 2980
128 2478
719 1141
2303 2853
2164 2742
2433 2694
46 68
1502 1990
17 858
1610 2577
1288 1909
533 2631
1374 1693
2673 2715
746 1705
1274 1616
1541 1557
747 1546
1079 1743
1787 2006
1025 2846
233 1762
1774 1914
5 2740
1316 2562
478 1637
1536 3124
1211 1813
187 2333
775 1587
1850 2970
73 1882
2133 2804
913 1135
637 1595
1208 2579
2587 2805
648 1522
1174 1408
1144 2436
631 1576
2013 2970
697 927
1908 2933
289 2016
2201 2869
601 2138
1836 2430
1131 3012
1140 1465
1059 2340
910 1321
1772 1803
2098 2853
2779 3168
490 780
262 269
2874 3111
1873 2661
491 1337
1947 2555
276 2925
1856 2412
348 3164
1273 1483
790 3042
561 1370
1820 2411
7 3204
98 372
1043 2230
583 1480
1721 2700
1059 1727
1348 1814
1080 3183
416 2231
2152 2485
475 2968
139 2928
1921 2301
640 3016
388 1227
2667 2761
2398 2441
483 700
787 1947
1900 2992
792 2398
1664 2886
392 2834
1942 3182
266 3004
611 1344
755 2868
2835 2977
477 1759
152 698
883 1511
1690 3082
1590 2970
925 1280
1242 2022
68 2342
462 1402
1403 1677
135 2074
1156 2965
28 652
675 2989
896 2440
315 1160
984 2036
379 1252
1028 2888
549 1164
2500 2714
733 2544
2339 2614
830 1814
1525 1740
1069 2023
2288 2655
1296 1467
1092 2129
2412 2711
1590 2437
2952 3085
2144 2503
1013 3165
1845 2360
1658 2157
1489 2150
1437 3106
2893 2990
42 3132
1480 1920
664 1909
118 2075
698 1748
1092 2843
1659 2139
1867 3166
82 1144
1337 3152
1031 2052
212 836
752 3069
1643 2960
259 1929
1925 2704
78 879
2407 3088
467 2422
811 1492
1685 1841
2071 2121
1306 1398
1163 1791
1028 1395
1391 1746
2643 3017
604 1540
1770 3146
772 799
584 2052
2344 2992
345 1381
1000 2796
1480 3026
1469 2799
2885 2992
12 1521
542 2872
991 2733
1648 1803
513 2043
1920 2532
810 3162
1950 2683
716 1761
763 1532
1517 2261
1904 2979
337 1384
192 1212
1568 2824
1911 2826
1181 1200
2502 2537
40 517
2120 2735
497 2038
1723 2618
1504 1638
2163 2432
1625 2976
218 3193
72 255
2427 2549
1067 1172
1190 2833
1273 3167
1243 3159
2160 2291
328 489
1487 1816
35 2782
1115 2437
1067 2387
453 943
1539 2025
1029 2196
1760 2256
169 2207
2061 3183
360 2705
2208 3198
1020 1918
804 2837
1587 2692
1816 2642
928 1128
126 2006
1270 1391
1803 2111
189 2359
515 2517
823 2023
2299 2703
1271 2094
46 3014
487 1407
972 2647
478 636
1870 2525
1925 1963
233 2316
185 2492
2036 2380
520 1328
977 1613
121 1616
920 1327
297 2990
1935 2411
413 842
1028 1810
674 2895
1469 2933
1890 2114
292 2136
955 2318
1837 2333
55 2771
733 2762
1123 1560
1099 1663
1337 2315
2141 2353
1025 2349
713 1942
2074 2934
687 922
1019 1910
1792 2974
2189 3113
109 1123
659 2063
1219 2466
1504 1943
826 2434
1138 1270
238 1428
812 1476
344 1697
1576 2831
998 1660
1768 2932
2095 3034
960 2282
446 2710
851 2192
1837 1915
761 1545
817 1368
398 737
2040 2910
1142 2236
373 3038
1754 1985
381 1810
68 2186
2181 2652
2820 2976
40 2043
847 1013
358 1138
1406 1492
759 861
603 1185
177 1100
153 1311
1190 2062
329 381
107 2702
1436 3040
1222 2552
1603 2044
1806 2984
715 3123
1424 2031
277 2248
1242 1494
1426 2445
508 874
500 2401
1389 1952
1419 1825
462 3047
1697 1871
2038 2894
1734 2578
516 874
496 1998
725 1865
1887 3005
655 2055
304 1120
815 2428
2171 3073
870 1059
281 528
410 2892
2588 2660
2138 2737
1002 3127
389 1016
2029 2122
183 971
157 1516
42 1630
1405 2541
278 2700
2812 3105
1941 2596
1163 2932
837 1290
511 2613
74 824
593 1843
206 975
1203 2720
309 1678
11 3145
1589 1820
2803 2988
411 2860
733 2051
260 965
1914 2623
1339 1470
1972 2906
1926 2126
940 2098
924 1049
240 517
2127 3085
2203 2294
95 2909
1200 1667
310 1183
1393 1937
654 1657
1116 2614
813 2079
901 959
113 762
722 1097
332 558
1251 2816
951 2014
1639 2518
685 1737
1772 2707
471 1421
1473 2016
2608 2968
759 1380
539 1077
178 829
663 745
261 481
1596 2456
2310 2573
1596 2200
1870 3007
277 732
2144 2265
1400 2373
1530 2246
211 438
393 2391
719 3099
995 2691
705 1782
894 2307
1747 2789
1298 2648
68 1125
104 2630
912 2974
393 1940
8 2287
1696 2535
1616 1619
3076 3179
361 2693
1657 1842
2023 2884
251 570
1735 2278
1109 1389
1711 2743
504 1449
1499 2672
202 3161
351 786
1985 2350
757 2611
1321 2243
149 3018
197 2925
232 2041
870 1969
144 1127
394 2048
1395 2088
1218 1223
1253 2920
542 2320
2040 3023
2536 2543
945 1720
2396 3151
1280 2034
265 2498
560 817
1014 2259
868 1903
333 335
553 2323
1016 2615
1610 2346
153 174
1505 2538
102 556
1684 2971
541 2520
353 1542
277 1126
660 2189
1014 1484
960 2292
1287 2503
398 1144
1059 2219
2403 2977
1158 1713
2343 2634
894 1067
32 1266
1861 2736
1171 3187
546 2268
1059 2823
1972 2394
881 2758
375 2019
1849 3049
1028 2880
2762 2777
845 2073
957 2211
969 2193
34 495
1956 2491
796 3160
451 2371
304 3178
1675 2658
705 1903
758 2316
1713 2494
1942 2207
1164 2444
1047 1136
1565 3178
2166 2628
653 2421
1226 2623
692 2599
1408 2446
2622 3049
759 2250
773 2922
233 496
767 1961
24 1571
1252 1758
1232 1453
1675 2274
408 1297
1628 2656
2194 2625
2085 3024
1148 1917
543 2473
714 2086
709 1491
288 584
1218 1978
733 1659
1436 3068
1198 2810
452 2660
1288 1747
860 1036
677 1821
534 1446
2298 2903
2089 2665
361 512
938 2090
2130 3110
236 2465
305 1500
1313 1624
1252 2556
2071 2317
1231 2754
870 1489
1039 3202
666 1965
2173 2294
702 2627
222 1009
2687 2997
98 1524
210 600
1767 2040
2778 2791
547 2970
744 1749
1097 1252
1192 2899
743 2737
1565 2918
1182 1530
283 1034
179 2301
714 2542
818 1144
1157 2727
28 30
748 828
43 116
1878 2939
617 833
505 2395
209 2494
1803 2144
1001 2276
2266 2853
1764 1897
368 1455
1036 2081
419 2730
511 2357
1116 2633
1770 3006
1062 2389
2070 2677
1437 2157
535 1131
612 2262
1787 1949
720 2663
476 2405
1571 2970
1496 2012
1839 2847
967 2176
661 2182
1603 2057
1352 3025
1412 2762
308 1408
2897 2993
1529 2629
615 3185
1074 2859
261 2838
1682 3172
797 2737
2106 3067
857 1886
579 2879
1985 2937
1980 2179
2159 3205
902 1318
2275 2510
1796 2436
1394 1515
1677 2632
2637 2956
31 117
1140 2038
2 2418
699 1025
890 1348
4 2187
1843 2314
271 1130
1618 2681
246 2765
1041 1894
2296 3019
2323 2970
683 801
1468 1496
663 784
2179 2205
2443 2868
994 2202
401 1579
645 2747
227 1451
193 2346
310 3107
655 1072
2063 2591
506 2110
1183 1218
1252 2230
76 1543
2585 2613
38 1349
2171 3174
1960 2948
1223 1397
1542 2746
891 1375
2093 2204
1239 1780
669 729
1718 2202
63 1820
1943 2719
492 2504
1119 1990
919 2190
1169 2210
237 3171
461 2789
442 2829
389 1236
796 2970
1202 1840
961 1898
1157 2766
944 1922
94 2490
1649 2825
1442 1551
115 2140
1695 2583
44 235
1145 1920
1434 3181
711 1555
588 1503
457 1401
400 1615
992 1598
1460 1651
2678 2939
967 3157
966 1735
736 3101
2101 2375
1028 1788
148 785
1613 3135
2334 2557
698 1695
83 1304
1766 2585
1768 2063
751 1905
1426 3142
982 1293
1712 2330
384 2947
279 2914
307 3113
96 1028
1020 1460
175 1070
134 2521
2287 2688
814 3073
2050 2775
327 2494
2390 2614
1282 1624
1048 3102
2009 2230
1825 2943
327 436
1921 2027
2248 3200
2112 2267
1350 2808
1 437
1182 2701
340 2496
434 2592
1151 1181
855 3034
2460 2961
440 2843
2840 3088
463 2929
2227 2607
628 1218
1288 2921
1321 2676
739 2425
611 2755
696 3013
507 1003
417 2511
629 1611
1222 2213
1186 2462
2544 2973
1707 1987
989 2597
1008 2547
215 1833
1250 2967
736 1295
1379 1494
897 2712
630 1835
1623 1700
2666 2901
464 2125
715 840
1648 2905
1433 2565
1984 2326
962 1048
1079 1435
61 1427
2379 2586
435 1226
601 1154
1073 1884
1874 2726
1252 1987
2063 2406
1359 2759
803 840
933 1660
267 2786
2338 2921
1432 2415
1263 2918
873 904
1278 3194
944 1061
96 1621
1291 2553
1009 3029
1143 2206
532 2451
2361 2445
18 372
414 2143
2298 3091
492 2389
60 1812
182 2528
1384 2017
161 2187
584 2482
122 239
13 726
1181 2101
214 759
1275 1326
141 300
2254 2962
771 1150
366 3114
605 2104
770 3058
1395 2284
98 2203
1548 1751
837 869
1873 3109
2463 2663
1950 2610
220 2496
591 2651
131 2720
1775 2718
1437 2963
1149 2445
633 935
2326 2477
1781 1897
1424 2855
1440 1551
243 2421
22 1824
766 1136
913 1121
1477 1854
2756 2864
676 836
1470 1747
213 782
1680 2984
2420 2501
827 2688
106 1144
466 3042
361 3125
2903 3056
1041 1546
931 2027
1051 1456
2186 3003
1337 2076
1010 2055
542 3100
1019 1314
624 2815
988 2329
610 2742
497 2363
1162 2381
981 1985
677 2415
2649 2735
2059 3088
694 1458
988 2621
288 1044
1106 2897
1477 3101
62 2022
228 1630
2098 2687
1878 2574
2195 2276
274 1019
401 617
993 2875
1499 2471
736 2673
2021 2218
217 2370
1409 2970
65 2464
119 2827
1842 2038
590 2132
125 200
914 1653
1943 2796
367 2857
468 1760
221 614
1234 2858
888 1709
526 2896
289 3046
1935 2138
39 2881
79 201
1844 2888
718 2613
592 2471
2352 3122
783 1364
1387 1579
1684 2303
1662 2614
1127 2881
1593 3002
1076 2137
642 2987
1776 2991
495 1204
1712 2249
74 145
2119 2354
2433 3069
452 3097
2204 2342
1921 2192
365 550
23 3071
134 1852
1087 3193
1922 2431
649 2798
700 2464
2189 3033
2596 2669
91 279
830 1618
144 2046
471 2102
1875 2486
341 2092
776 2247
134 1620
1222 1521
2149 2899
898 986
597 2627
985 2644
61 705
242 3072
1728 2225
2412 3008
625 1622
2213 2891
17 1108
394 2561
1239 2795
959 2944
1181 2022
935 2666
897 3080
1061 1276
309 679
49 1600
284 1834
1145 2450
271 1273
2099 2619
1522 2360
1990 2645
493 1235
245 633
1178 2793
68 1905
1400 2601
728 2625
472 3007
1385 2717
1019 2626
1184 2050
125 2316
2308 2362
175 2853
2274 2967
1217 3094
2147 2575
146 2813
1745 3075
83 315
373 1898
1986 2323
1080 1974
1111 2402
1002 2862
321 3163
2048 2290
1318 2023
206 3144
356 3185
2211 2724
1290 2752
1023 1702
112 3183
2124 3091
2635 2661
402 2751
1337 2230
69 1168
681 897
1621 2240
1248 1999
1 2692
399 2300
572 1216
541 1748
64 2771
2391 2560
1238 1928
885 1046
2401 2558
2537 2887
1826 2395
149 255
976 2071
93 1460
981 3056
463 2721
950 1992
320 905
393 2999
2079 2183
433 499
224 986
1390 1794
1667 1828
2 3158
454 997
949 2261
1810 2940
120 1320
234 1150
416 3065
1988 2623
2975 3086
1742 1829
1768 2495
539 1533
74 261
686 1958
1021 1601
1897 3133
972 1803
791 2259
709 1021
1427 2745
878 989
7 2239
2010 2575
714 1581
3137 3173
404 1400
214 1823
325 1257
279 2467
440 2549
30 1508
599 1491
1209 2500
2337 2579
323 1740
334 1888
1410 2192
1372 1466
1526 3000
243 2056
950 2188
54 524
1983 2281
192 366
1196 2731
1201 2042
1240 1288
1017 2435
1028 2309
382 2389
389 3158
2497 3169
2117 2994
1116 2970
1004 2015
70 1977
626 2013
283 2609
1229 1442
1619 1747
191 2559
715 2047
350 841
728 1372
727 2793
529 2828
1365 1450
565 2372
2136 2405
109 684
772 1927
1795 2885
1781 1985
502 1528
646 2294
564 1815
1063 1619
1403 1867
1950 2577
173 719
1459 2891
1139 2467
1744 2229
447 3043
306 1295
673 692
404 2725
171 759
1697 1985
768 2277
552 1102
532 2554
671 2954
1068 2005
581 1430
26 1669
165 1083
299 405
873 2836
1396 2730
157 2462
342 459
2240 3070
276 3039
430 1938
918 2763
1534 2477
1985 2446
1034 1446
1478 2270
794 1557
1585 3166
568 2485
1183 1875
797 1371
2115 3088
2002 2643
98 3129
204 272
451 1742
1175 2290
864 1614
596 1042
99 2001
2100 2877
493 1252
1061 2074
983 1148
1323 3078
1096 2012
1404 3162
1967 2992
1565 1932
1270 2953
1085 2169
1317 2776
549 1628
507 2098
397 1200
766 1777
1337 2288
182 2682
258 2336
1383 2653
445 3197
832 2970
1058 1682
1514 2309
2559 3127
299 2549
2127 2424
295 807
389 2879
1939 2100
1313 2592
1928 2373
1499 2530
488 2387
234 596
480 762
1100 1708
1435 1924
96 302
667 2542
2569 2879
1500 1947
403 1095
172 1844
1470 1824
1518 1936
1651 1857
725 2916
512 1869
494 1278
47 2708
1869 2854
520 1331
322 2855
1161 1730
376 1008
574 1991
854 1371
1199 1992
753 1659
2617 3190
24 436
2220 2275
261 1052
1343 1867
1780 2727
203 935
2943 3178
379 1295
992 1324
1893 3000
277 2624
551 1579
405 1436
2416 3091
94 3134
397 777
1000 1593
1579 1979
1255 2260
491 2848
2273 2680
315 3078
1583 2018
1848 1912
1141 1205
883 3184
257 567
900 2140
2340 2734
934 971
1809 2355
809 3128
890 1752
1078 1734
1859 2300
1637 2026
1724 2076
409 616
1122 2619
2175 2316
1008 1400
513 3108
1527 3203
105 207
1303 2777
139 1644
668 1906
844 1980
424 2801
1182 2976
575 606
537 1520
1062 2460
1492 1559
5 573
2549 2644
1525 2640
2556 3074
1102 2031
2130 2737
1457 1566
59 2054
375 2415
1360 1521
480 2929
1710 2873
324 594
657 2479
1342 2244
1177 1340
816 2663
1254 1801
499 1580
1627 2091
2300 2899
2668 3029
897 1074
483 1890
1151 1783
159 2324
2407 2970
2264 3178
280 2639
2052 2674
1066 3120
1642 2265
717 931
138 2396
722 1016
894 2422
1490 2772
1332 2624
997 2031
95 1365
1516 3027
742 1259
710 802
2020 2656
2091 2399
2123 3177
26 2508
1356 2945
59 737
1233 1255
630 832
1229 2813
1482 1520
526 3147
738 3084
1019 1807
36 981
1069 1551
785 1183
275 2327
2434 2970
2514 3038
2480 2600
1099 1411
2284 3095
1573 3095
721 1307
627 819
1969 1993
837 970
474 535
194 1866
1819 2494
2690 3061
911 1588
1045 2041
1141 2007
2142 2545
851 2234
1545 3116
199 3190
118 682
2197 2952
1367 2858
119 2819
773 1264
1230 2957
2276 2976
911 2889
640 2654
1559 2091
1912 2839
1007 2938
198 1566
878 2033
957 1819
1000 2897
1241 1985
147 1925
730 882
470 774
1233 2986
51 1687
822 1554
484 1972
2780 2861
275 2907
1028 2376
680 1804
382 2732
378 2523
2362 2898
51 1600
2315 2980
164 266
518 2243
348 1099
411 2668
1662 2044
989 2931
50 1414
1127 1799
558 3145
129 3170
1401 1985
2341 3010
880 1441
971 1343
303 2005
2286 2790
1426 1460
270 1084
1850 1879
798 2965
964 2988
894 1243
1902 2907
447 1891
286 1319
1249 1564
1137 1630
410 1174
1283 1659
632 2241
2232 2781
1346 2909
880 2087
252 939
2115 2241
1369 2031
665 2452
1951 2248
1237 2358
27 330
536 1786
66 2824
1830 2635
339 403
1590 2835
2383 3152
618 741
1247 2105
1357 1757
373 502
945 1985
2542 2994
10 2430
1420 3053
293 2568
831 1067
217 2082
1392 1928
452 2185
243 2612
641 2675
1241 2805
517 1114
32 1728
1939 1957
1867 1947
1502 2742
1225 2245
380 1602
561 1967
1338 1341
1716 2988
224 1220
1158 2741
1307 2542
1785 2307
702 2402
544 1768
221 1860
1992 2808
826 1934
685 2650
1499 1507
1327 2870
687 1806
468 3201
804 2105
232 453
220 2970
816 2329
23 916
320 861
2567 2974
1035 2810
356 1743
523 2213
647 1081
28 2728
2084 2777
410 968
2955 2959
1504 2970
338 2735
1279 1645
456 797
2142 2748
225 2482
260 333
110 2674
1017 1197
343 1827
1567 2137
1805 2495
304 2773
1870 2419
130 1705
241 3175
2174 2684
1252 1981
425 1931
1788 2048
1764 2685
871 1382
269 1239
798 2467
716 2078
1404 1594
770 1915
527 2271
753 1268
1210 2315
43 2697
579 2487
1269 2199
2018 2298
867 1874
871 2199
184 195
51 160
390 2619
198 1936
310 565
939 1609
1461 3046
2184 2485
328 1996
1176 1299
158 1659
1697 1797
2134 2223
583 1556
28 1656
756 1133
1024 1025
1028 1252
1033 2010
2115 2179
1790 2369
362 916
1400 1961
1537 2242
839 2395
270 408
109 503
876 2966
2220 2244
1638 2073
2402 3090
1688 2590
1947 3140
21 1480
421 1286
1935 2499
1089 2051
1562 2311
1052 2802
1153 2863
353 1733
307 892
391 1860
375 1071
1375 2584
1146 1278
2003 2657
736 1433
1118 3062
313 2103
1072 1544
93 1671
1429 1701
420 751
1116 1275
2710 2716
361 362
1936 2535
989 1839
838 1491
294 2174
867 952
627 1992
907 2310
671 1910
1748 1770
1905 2769
982 1883
293 2137
996 1744
806 1180
857 1826
326 398
68 3016
296 1419
1197 1632
1679 3047
520 788
83 1132
690 978
26 2735
1841 3187
754 2379
375 3015
2605 2716
970 1617
837 909
34 1859
1801 2074
645 2862
1486 2366
771 2318
316 2772
2067 2603
1362 2891
84 1672
413 2438
856 916
1239 2577
1563 3077
57 1506
2574 2835
1110 2770
1088 2411
2000 2687
1531 2477
1787 2903
1994 1995
103 977
467 651
2199 2856
1276 2113
460 1733
384 1300
2415 2942
97 2993
932 1747
580 2117
217 1270
2705 3027
1086 2339
2468 3026
1778 2166
166 1404
140 920
885 3052
557 770
773 958
444 3121
496 2039
1369 2970
2783 2935
38 2569
932 1258
1028 2074
661 688
1648 1880
1002 2810
494 1480
462 1976
17 2360
1311 1490
1332 2842
961 1673
206 899
491 1368
1538 2226
1585 1985
1028 2264
95 2958
2020 2273
84 870
809 1626
255 1181
1266 3064
514 689
198 668
89 3053
1532 1953
1547 2173
554 1294
361 2936
2695 2970
666 1830
2661 2768
2228 3122
2216 2807
2589 3049
656 1547
199 2225
522 2552
1215 1793
214 2995
1992 3176
1199 3004
2702 2737
2858 3056
606 1402
281 915
639 3185
1168 1808
1102 1498
1698 2432
827 2507
2261 2272
643 1053
1245 2067
2215 2511
498 1169
733 3147
707 966
1900 3032
9 1307
510 513
1443 2897
545 800
638 1815
1739 3189
20 3145
26 345
800 2522
2620 3100
49 1272
788 2049
147 3153
739 1842
658 1069
875 1091
810 3176
665 1069
103 3053
331 917
278 2031
786 901
188 2269
1317 1563
219 1069
919 1054
502 2308
2145 2689
966 1896
724 2540
1133 2474
1316 2240
2089 3171
1713 2786
954 1207
1991 2198
601 1214
1985 2970
2365 2563
2827 3057
773 966
8 2606
1509 2391
1799 2770
244 1863
1657 2677
433 1409
865 2292
190 2747
814 1510
535 3113
396 979
894 2640
909 3170
2546 2693
1028 2246
20 1174
48 564
58 2217
579 1997
252 2119
1543 2250
157 1376
1873 2268
2867 3087
1715 1888
35 2835
636 2267
1245 2661
2529 3011
181 947
1228 2342
1221 1609
530 1238
1252 1615
2037 2448
999 1000
652 3179
2329 2586
723 2349
21 2689
2623 2664
458 2509
1000 1630
1647 2778
50 1088
56 1462
13 2202
373 2048
735 1548
82 2356
703 861
1281 2770
155 2857
1591 2058
452 1480
1448 2804
2069 2300
1060 1125
2266 2685
251 526
93 2302
451 1222
114 1698
308 2107
714 1866
1159 1203
2325 2910
70 1876
28 1784
2367 2702
1620 1712
7 835
523 2550
1165 3031
1313 2614
2421 2613
936 1295
2170 2270
1536 3002
321 877
2137 3169
1173 1862
262 1315
750 2055
591 2402
440 2512
542 1144
1061 2575
457 1296
382 980
1848 2415
1753 1889
392 1169
1165 2263
1449 2189
1708 2360
813 2413
595 2586
1488 1980
211 1252
652 2878
301 452
1203 1921
2488 3087
118 2077
1976 2297
1985 2096
2089 2834
2214 2337
878 2193
861 1634
408 2287
792 2327
1098 1989
2335 2809
609 1177
841 1867
1063 1123
2388 2861
1069 1502
462 2564
47 2326
706 2413
386 1147
322 1124
688 1252
1704 3007
625 2630
740 2757
282 3095
1699 2963
157 1270
1222 2227
271 736
1633 2473
2106 3001
1093 1314
1868 2759
678 1794
1333 1561
1252 2408
742 824
2553 2865
805 2526
281 2031
1458 1493
941 1068
2230 3143
1033 2551
797 1005
885 1731
515 1760
416 2794
485 778
766 1644
782 2295
766 1479
385 2875
547 2158
515 2863
786 2534
994 2055
388 589
2581 2683
1640 2493
199 408
1799 2779
2180 2348
1713 3126
153 2064
2530 3191
1255 2151
1412 3057
964 2218
523 2332
1546 1992
1519 3054
50 3096
721 1416
1550 2410
2995 3154
1277 1811
1134 2169
344 689
544 2277
756 1418
231 2496
797 2108
1597 2209
1028 2975
1660 2706
1862 3134
1692 2834
787 889
778 1961
877 2885
363 2551
2161 2469
1884 2830
37 467
154 2196
1022 2042
1854 1973
1265 2770
210 1877
862 2032
285 2470
1572 1925
1689 2767
571 3186
198 2915
171 1090
638 1222
374 521
1253 2851
2604 2723
1550 2343
555 2845
3 891
914 2218
1708 3116
423 1803
2928 2985
688 2242
705 1501
415 2300
1695 2992
93 620
2184 2845
2062 2937
1615 2426
208 1941
60 2895
2215 3111
1044 2730
732 906
2015 2068
1358 1679
2973 3054
1852 3178
370 1624
1930 2968
1645 2687
2324 2327
277 1964
608 3013
2483 2959
1226 2385
846 2812
129 2505
151 3123
465 761
931 2272
2584 2875
630 1560
352 1515
1447 1797
798 990
391 1183
