3951
1361 2680
35 994
935 1960
69 133
1026 2051
1040 2909
639 1159
759 3234
329 590
588 3737
286 2090
1128 1713
498 2805
244 1105
1419 1699
2032 2791
578 861
1348 2734
2620 3627
1909 2748
1727 3082
751 3541
1171 2120
2209 3899
1337 2837
740 3388
206 2056
2366 3246
278 1128
1310 2514
1553 2710
53 175
2082 3391
2215 2821
570 3647
1762 3389
2790 3145
2445 3844
1991 2725
309 2624
1868 1998
2700 3415
2731 2790
101 2640
1130 3287
1120 2402
2156 2650
141 3811
866 3597
1409 3698
1532 1925
1970 2677
393 3761
1878 2387
519 2489
428 650
2428 3722
413 1407
69 3462
7 2604
2145 3223
1113 3839
342 3353
519 1207
923 2154
1221 1249
2019 2754
949 2584
2252 3583
1158 2023
1703 3597
2788 3490
190 3673
316 1196
147 3603
130 2742
2704 3943
71 1545
491 2728
1716 2896
420 1610
1096 3926
1898 3223
1437 3644
190 2956
565 2175
1103 1825
1263 2944
1175 2464
3066 3068
1216 3292
1153 3220
2090 3455
464 3574
2760 3860
539 2424
348 1165
102 3172
559 2537
35 3777
1147 3747
2339 3640
1326 3573
1456 3411
1272 3404
1251 1756
156 3259
3384 3867
221 3196
1027 2516
520 2007
385 413
1599 2734
1150 1871
648 2521
934 1044
1635 2918
2036 2649
2895 3804
160 567
301 2881
3540 3737
3069 3354
1729 1801
818 3219
590 634
86 1939
403 541
979 2859
2876 3108
1009 3839
573 2968
2134 3737
1525 2211
2353 2689
475 2250
1651 2675
498 2813
1654 1892
649 1276
94 3250
581 2032
1703 1978
753 3149
249 628
1329 3414
3562 3573
644 2376
64 69
1732 2615
478 1710
1035 3860
631 1662
2632 2652
887 1825
2652 3212
1925 2623
1592 1654
1180 2071
4 3187
1179 3050
1163 2435
1281 2312
222 2937
707 2198
1777 2643
1085 3568
1998 3278
304 1803
726 1544
358 3233
1042 2082
1271 1329
2862 3332
802 3593
2977 3040
1721 1836
843 1517
11 1156
634 3138
28 1041
2387 2963
188 1238
1616 1727
1173 2381
1670 3317
1784 2335
2353 3154
54 86
633 1255
70 2963
1060 2990
1438 2742
697 3593
1980 3389
2032 3879
2721 3181
2725 3108
1763 3943
1990 2852
1202 1480
2120 3796
2728 3803
1298 1825
3433 3553
732 3056
2194 3682
1194 1219
306 317
331 3915
235 3504
1824 3881
1272 2361
1967 2586
783 1677
2586 3683
915 2737
945 2095
2186 3024
2228 2895
319 1185
2288 2584
2347 2909
267 2202
46 421
635 3290
2464 3126
860 1960
1055 2512
1802 2604
32 1272
3090 3223
186 2147
176 3411
949 2418
1902 2261
400 3817
2212 2795
1453 2457
1026 1135
508 744
3146 3943
1114 2293
865 2940
12 3504
314 2110
807 937
156 3637
849 1608
1042 1880
426 2356
372 2373
332 2589
449 3788
1555 2987
3574 3581
314 3335
215 979
1237 1832
206 303
3811 3923
121 2438
1061 2812
2812 2836
420 1475
1773 1988
379 1856
1642 3782
632 2741
440 3882
2840 3891
2096 3218
1044 3226
1826 3574
2586 3204
2516 3088
2313 3460
1044 2911
987 2514
1373 2843
1128 1845
2372 2643
2105 3130
1925 2202
1329 3041
631 2778
3490 3689
2095 2855
2868 3115
403 727
15 1885
144 1132
71 3105
886 3347
2039 3219
949 3870
3106 3536
1975 3467
892 2186
67 958
1727 2708
898 1042
120 680
1939 2619
573 3064
1238 2960
1180 3117
2032 3510
648 3856
1678 3867
1944 2373
2535 2912
1690 3273
972 1458
604 625
806 1421
2007 2264
646 3449
82 1521
353 1350
331 3385
2366 3903
1680 2349
1748 2614
1315 3117
355 1869
115 2270
874 3219
1489 2950
559 2643
2189 2877
956 2319
2761 3502
1277 1322
178 3571
1576 3631
3092 3926
847 1849
92 633
812 3536
2917 3568
578 3049
397 2905
284 923
806 2606
921 3405
1599 1714
2975 3317
2748 3501
726 2262
997 2710
2020 3022
1408 3568
2737 2884
1117 3108
1642 2328
886 2088
1305 3242
147 1284
1570 1635
2589 3431
1784 2204
1061 3173
501 1609
175 882
1301 3878
2039 2453
1259 1808
3118 3190
2984 3084
3039 3160
156 854
638 2863
528 837
251 2373
1232 3232
19 1773
2152 3934
1492 3288
3497 3761
974 2868
3171 3737
357 1277
428 3797
790 3934
1006 2339
199 1508
144 2069
423 2612
875 2313
168 1599
131 249
314 3016
3538 3627
2339 2601
1553 2641
2594 3388
1824 2084
356 3161
1172 2601
2881 2912
431 3108
1862 2251
2138 2297
3070 3914
572 670
835 2913
2373 2569
1819 3111
1413 1585
1300 2189
885 2378
1041 2851
121 1236
1043 2120
2449 3242
744 3943
806 1829
663 2608
1785 2735
1658 3811
3218 3504
1208 1251
757 1917
1567 1773
295 625
2715 3501
1163 3844
1049 3588
558 3161
624 1336
1699 3669
2053 3182
627 738
313 2566
394 565
101 979
3352 3619
212 1891
2382 3536
178 3158
1241 3084
2226 2470
2297 3566
1086 1409
2609 3320
2039 3060
2215 2891
535 3452
295 1562
3182 3377
3906 3921
75 1526
586 948
1061 3936
136 2042
1743 2030
205 3631
1557 3467
2315 3108
72 1654
2373 2581
1336 3094
572 1462
378 3237
433 730
244 2125
63 1220
445 2544
2802 3395
651 3110
1970 3475
105 1732
1905 2837
573 3545
753 2119
651 1257
426 3461
1838 3377
3419 3582
213 3407
403 3573
1000 1281
2688 2734
2952 3467
165 2150
487 3597
63 652
3523 3714
563 1686
2591 2677
2086 3761
2181 2478
2710 3784
1044 3329
625 3626
2500 2762
2464 3443
893 1772
1109 1998
3419 3558
917 3386
56 3817
1219 2279
956 3806
2684 2879
234 428
685 3906
1242 2401
1703 3029
2542 3741
3647 3864
2974 3055
1313 2706
1642 2938
1841 3844
147 3696
1974 3743
1599 2147
378 2980
358 3866
2695 3331
77 1272
231 1654
1904 2212
729 3068
341 1642
103 2582
2025 2501
2995 3747
165 1162
1186 2376
2924 3926
2553 3691
1750 2069
2313 3081
2440 3049
1491 2787
2651 2652
2039 2767
58 3647
1196 3408
536 3000
1750 2247
635 763
242 3172
1453 3937
1143 2843
156 2124
923 1114
412 3880
2702 3049
3291 3817
1551 3836
1420 3683
3283 3446
1159 2432
106 2353
1726 3751
191 535
2609 3010
3310 3934
1654 2733
2408 2977
144 216
2789 3619
942 3074
658 2637
2813 3476
363 2681
1960 3254
603 1255
706 1635
1751 2944
2272 2844
1242 2058
511 1209
358 1130
885 3909
451 573
2120 3436
744 2060
2024 2652
1179 2684
2252 3076
677 2717
515 1943
206 1254
633 2260
2100 2790
2748 3612
1860 3788
2464 3108
152 757
962 964
10 3467
1121 3728
1118 3844
1277 3832
687 1179
1038 1875
132 314
1296 1991
1710 2972
318 1904
2881 3176
3108 3489
1251 3358
240 3481
428 2341
2370 3741
1021 2181
965 3627
1039 2333
1723 3457
142 2728
1310 1347
2757 3647
1785 3549
375 1385
567 2103
411 2373
1443 1713
1009 1831
572 1604
3314 3684
136 1760
830 3224
313 3129
1009 2816
2830 2912
1219 1666
1480 3193
1755 3559
1218 2349
462 2905
82 770
908 3074
486 3248
3049 3260
361 1120
448 1305
1672 1677
1656 3926
1463 3448
178 3104
973 1394
1873 3502
1654 2648
972 3536
936 2711
730 3027
1018 1245
428 2987
2903 3122
1281 2696
1221 2607
1973 2376
1849 2680
1491 1947
2023 2057
86 2714
1061 2268
1862 1937
3055 3316
867 2881
583 2999
1301 2861
95 1667
979 3606
428 592
949 2366
675 1862
819 837
542 707
1133 2020
1962 3465
1269 2754
1508 3084
565 3761
2037 3172
1120 2022
1209 1474
819 2531
1041 2964
2181 3406
1095 2932
778 1060
2925 3631
1343 2145
1409 1942
473 2023
202 3108
1599 3185
2812 3924
467 1784
1716 3733
320 2013
2506 3869
250 1370
3272 3798
830 1464
2493 3800
2047 2683
253 2862
835 3815
1045 1699
1129 2671
82 2397
185 1130
838 1159
194 375
1146 3070
1871 3047
3232 3263
3074 3622
1100 2917
86 2597
2406 2427
1286 2297
1264 3811
222 894
3122 3775
726 1752
1849 2213
2461 3574
2279 3453
2170 3541
395 1159
978 2014
2533 2680
287 3232
2706 3927
2297 3000
635 1291
3288 3605
60 3389
1710 3285
50 3108
1436 1732
624 2026
658 2543
309 3206
640 3831
347 3536
475 2826
3392 3741
1121 1945
1502 2833
1323 2752
1692 3219
1741 3755
663 2878
266 1642
1176 3627
2579 3860
1358 3108
3282 3419
333 835
1092 1301
135 807
3438 3943
416 1357
1971 3811
94 1998
363 2691
2768 3627
69 1483
864 1238
1121 3091
337 3288
938 1825
413 594
3273 3306
1659 2990
368 445
83 561
631 2698
930 1148
1060 1496
1321 3056
410 2752
680 3687
355 1994
2004 3539
1924 1999
378 3295
863 3609
757 2393
572 1821
1425 3891
2159 2512
1857 3084
1904 3261
180 2580
527 2079
1902 3896
1053 1943
2194 3341
2862 2868
1991 2345
2960 3891
405 2584
271 3539
475 1885
147 1285
837 3713
1748 2602
1329 3550
651 1154
1229 1739
783 1470
3195 3539
707 3776
2155 3882
688 2345
31 3768
123 680
2752 2969
99 2809
1080 1438
149 425
2870 3882
2809 3017
2344 3108
562 3803
863 922
480 730
1595 1743
2387 3103
963 3942
955 2461
2921 3559
1333 2700
949 3563
2950 3270
2649 2658
280 3098
2515 2649
3232 3939
959 2762
757 1846
1605 2221
682 3574
2076 3310
257 3792
426 1927
78 1970
623 624
1429 1862
683 3273
3071 3844
962 2905
3532 3660
149 654
635 893
1716 3108
1259 3307
404 1026
2724 3891
413 3523
1577 3219
886 2612
662 3232
456 973
2940 3625
1642 3935
149 2050
769 1273
2683 2950
719 2013
379 600
1779 3070
121 3471
519 2809
970 3631
233 1635
2812 3611
145 577
1181 1491
2023 3356
222 3074
2897 3541
1376 3190
834 3439
759 2792
707 1979
2710 3035
518 1809
613 3835
1893 3388
531 2039
1963 3069
388 2014
1465 3049
294 2812
1743 1791
82 2404
928 1329
944 1732
2464 3407
1472 2296
73 1635
1961 3148
751 1934
559 2425
1830 2728
837 1351
1301 3025
240 2351
757 1589
519 2574
128 561
52 3000
615 758
343 1336
3205 3404
1148 3518
2927 2977
1968 2731
3108 3447
306 1888
734 948
2267 2589
1581 2843
1173 2333
3187 3577
1379 3232
1572 2601
259 3314
453 3743
1930 2813
2429 3056
2629 3448
939 2007
1816 3405
2018 3122
3576 3867
117 378
800 1716
158 1001
962 1469
941 3161
145 3597
228 3942
1363 2711
369 3817
82 2419
2555 2837
1601 1721
1038 3196
122 475
555 3389
419 2464
2756 3631
764 2366
1480 1706
863 2604
1219 3161
2829 3524
2444 3223
1276 1559
1676 2643
2502 3792
240 3593
1209 1882
948 1277
2881 2945
948 3720
1582 3166
1472 3423
2396 3111
1748 2534
857 2781
1116 2069
1237 3592
235 376
691 2493
3789 3880
545 3272
1374 3449
968 1904
2277 2333
758 3299
237 2940
1336 3417
244 1290
1554 1925
314 1758
2258 2601
759 2743
1230 3292
1255 2957
572 1413
3253 3647
523 2852
1283 3761
1517 1611
1088 2592
2862 3947
658 3624
1339 2547
1303 1939
2256 3242
271 2593
1827 2310
1864 2117
789 2944
486 1505
1401 1502
1273 2784
498 3470
1912 2790
115 3467
1307 2948
232 1809
2678 3854
1654 2052
2712 3541
2089 3834
477 3292
1340 2728
155 1179
2117 3678
430 1438
2547 2587
2181 2604
252 2333
2252 3042
235 1805
1180 1578
1402 3792
958 3908
1797 2297
1336 3883
1253 1769
2709 3523
366 2006
1921 3377
956 2486
621 1726
94 975
2048 3249
1635 3330
189 3867
632 3809
379 2550
153 677
2636 3196
2366 2538
1258 2974
1580 1862
567 2941
2417 3272
690 2006
2536 3597
2189 3829
75 3217
984 1659
1716 2819
1305 3244
2590 2748
2136 3218
625 2394
2181 3871
1929 2990
1038 1378
3219 3342
169 3130
149 1153
954 1310
1837 3331
2661 3568
913 1242
648 2143
304 766
363 1120
1310 1471
1961 2649
1919 2762
103 3181
147 1238
1014 2752
981 1357
731 2944
136 1302
1165 1642
235 2235
358 551
313 398
211 1221
1788 2514
310 1038
1318 3108
3313 3867
2516 3670
2048 2471
1413 2775
1536 2812
1599 3548
1413 3904
1444 3803
1279 1508
3108 3428
842 2069
519 2274
1866 3183
2099 2852
2202 3946
561 3190
1228 1502
744 1906
671 3182
274 3353
139 3827
1581 2950
1128 3926
714 2748
2548 3836
949 3922
75 2241
2705 3386
549 2339
2095 2798
173 3314
145 693
1962 3740
2493 3837
2684 2796
1034 3084
136 2865
355 2675
1732 3769
1242 3721
1275 3297
1253 3014
2349 3015
698 1251
1368 2649
2700 3283
660 2165
613 1262
16 1785
1019 2684
3136 3439
421 1593
1259 2900
239 1275
806 929
1891 2182
3353 3846
1887 2762
1721 3586
2675 3826
2728 3314
103 1782
275 1156
2373 2852
2021 2354
1434 3644
1542 3817
1485 1613
210 3741
804 1273
1726 2305
1668 3559
2999 3442
1961 2130
1491 2064
708 972
2754 2926
1723 2558
880 3926
3389 3780
1773 2300
2609 2739
1599 3425
272 3190
441 3593
3087 3737
561 3207
569 2748
428 3412
1403 2373
813 1128
1773 3098
2747 3070
338 1042
2530 3411
636 753
2225 3117
1276 2323
312 2604
328 635
3255 3523
2211 3869
3266 3568
559 886
2020 3526
726 3410
1169 2090
1833 3662
1665 3181
2048 2192
86 2939
1998 2392
1386 3439
488 1061
1962 2498
3091 3311
640 2477
229 3108
656 2752
82 200
139 321
3009 3181
680 2726
1998 3346
2914 3733
1726 2020
190 270
648 680
1931 2209
677 1004
1642 3293
2168 2711
331 1245
454 1833
3647 3834
375 493
1515 2990
1863 2039
535 3539
1704 3568
1743 2483
223 3091
1229 3245
2048 3074
2586 3127
81 1723
2231 3934
486 1533
124 3069
519 2208
1179 2098
420 1824
1801 3585
1827 2944
1170 2977
2126 2431
1336 3712
990 1809
1961 3666
1840 3467
651 3867
2629 3941
1203 3536
567 2366
1847 2829
806 1701
1710 3631
2484 2614
475 2769
2123 2373
1102 3411
1961 3006
472 1784
1833 1951
1582 2023
1307 1715
1734 2742
1305 1482
107 3049
1411 3788
707 863
105 1418
1491 3051
743 1962
1221 3764
1008 3588
1140 1962
1635 2314
2684 3496
2675 3736
363 3876
1275 2114
1453 3403
527 1531
1916 2813
1970 3275
384 2944
1628 1713
773 1156
1251 3340
1130 1693
86 1477
2179 2813
3801 3880
419 912
499 1173
406 2463
434 2132
663 1956
832 2748
629 3403
149 3788
355 547
1635 2545
632 3133
1002 2887
2403 2868
2475 2829
178 788
3156 3310
156 578
893 1022
699 1141
1070 3407
2420 2589
757 2412
1277 3621
406 668
101 3377
174 3882
1891 3762
2267 3672
625 2540
2905 3738
2935 3449
306 1708
1961 3089
3307 3498
1068 3574
20 2424
345 3069
771 3536
319 627
1068 3108
658 1033
699 3401
1488 3224
557 923
1506 3439
2039 2872
3000 3309
1130 1629
1265 2295
110 2006
38 3501
1491 3565
445 1684
61 1009
1229 3117
34 2649
3522 3523
782 1453
475 1084
1357 2508
2984 3108
1630 2189
979 2048
3485 3660
658 2746
1159 2959
1061 2107
715 3084
737 3055
269 3733
2066 3196
1146 3124
989 1716
421 1913
1357 1920
147 1490
1608 2562
2523 2812
434 572
1114 1516
2990 3086
699 1314
1634 3272
3619 3860
622 3307
289 1849
526 1582
1173 3521
933 1721
3550 3707
2852 2963
1153 2509
1784 3317
2330 2905
2520 3172
112 3899
1026 1467
1255 2193
139 631
165 3648
2589 3361
1933 2359
1357 2466
1165 3157
3619 3853
677 1433
1641 2748
2236 3761
1885 2810
1508 3055
260 2186
346 3049
426 3484
3021 3817
1725 2710
1210 1485
752 3644
2184 3501
1677 3289
363 2080
182 751
307 1311
2862 3528
2677 3183
255 3196
1587 3111
1072 3834
3533 3839
806 2652
695 2189
1669 3108
1046 2852
2672 3614
2644 3541
1991 3277
1785 2380
1727 3763
830 3396
633 1833
793 3834
1244 2339
1281 2482
218 2812
2156 3303
56 3478
3230 3448
816 3619
1682 3539
2345 3324
1276 1661
828 2752
2850 3893
2905 3132
94 426
1943 3321
175 2072
2376 3402
757 2127
1539 3196
1002 1907
2311 2601
1245 2839
1998 3296
744 2697
1785 3243
1718 3377
973 2299
2762 3445
1016 1311
3222 3307
97 3733
3181 3808
82 3113
118 2710
1055 1174
1926 2194
2629 2776
1357 2174
986 3588
2295 3502
1925 2374
1596 1635
3691 3840
283 2711
1136 1891
358 1843
627 772
1824 2448
1936 3084
783 3150
1077 2844
765 3737
420 916
206 2097
1041 2151
2586 3551
96 830
1060 3426
2034 2095
1278 1925
1943 1999
835 3885
1416 1961
1081 1522
830 2503
872 2610
1128 2196
554 1129
2189 2797
2167 2751
413 2578
2657 3667
563 2145
759 2499
1615 2194
730 2111
2604 3902
1409 2829
3130 3288
1517 3537
1713 2610
2996 3660
2279 2491
998 1438
3069 3747
927 3869
1065 2025
1998 3201
633 1959
1273 2953
1114 1295
704 2090
1153 1707
2181 3288
259 958
1765 3880
79 3433
244 2519
403 2324
192 1148
3034 3190
309 3668
2305 3108
2217 2909
561 1366
437 998
1221 3070
1221 3486
1964 2580
1721 3144
48 2643
3477 3504
264 1522
475 1806
2364 2852
1165 1275
2069 3037
1962 3229
2387 2474
1229 2869
1721 2580
635 2473
63 495
340 2013
589 2742
1618 3388
779 1153
1579 2711
1716 1804
1548 1825
1306 3811
433 798
2363 3619
2575 3792
1694 3550
21 600
640 1357
618 2427
313 2025
434 3709
355 2727
420 3365
1112 3403
1619 2095
445 1600
37 923
998 3286
1793 2675
2267 2842
1741 2572
1245 1381
1472 2564
291 3362
136 635
972 1301
1614 3419
2732 2977
735 2025
1245 1969
1273 2092
837 1129
156 3054
1485 1876
806 3860
1563 3310
1146 2240
140 1283
375 2443
147 703
1148 3824
785 2069
1603 2231
1648 3439
2345 3373
608 2912
222 2427
1494 2021
3317 3938
2643 3302
282 2512
3369 3433
1743 3644
3273 3421
247 3448
1061 3140
164 3377
1900 2145
517 948
443 1801
1582 3872
1246 2464
1276 1336
3108 3914
1064 3911
2786 3181
2612 3750
2126 3693
1712 2090
1199 1862
2881 3514
359 578
2728 3758
179 2267
319 386
1844 2614
403 679
2135 3475
1093 1825
1088 3550
2614 2782
2021 3490
818 1440
1219 1499
1812 3588
2614 3143
2185 3541
240 2447
3456 3741
648 2462
2157 2710
259 3816
1741 2163
926 3501
243 1179
1028 3069
613 2322
2087 2202
1001 1384
819 1717
2648 3394
2986 3942
3788 3820
1565 3503
2759 3467
3198 3834
349 419
406 1915
178 2161
2202 3378
2638 3891
1165 2033
2734 3367
2901 2932
699 1126
634 1399
1251 3722
363 953
95 751
2145 2616
663 797
744 2209
2895 2917
744 2817
2317 2809
2279 2707
2229 3869
3433 3929
76 3117
259 1993
2117 2190
2316 2700
315 2754
2960 3664
2339 2622
2117 3191
434 1960
663 1787
331 1037
2464 3312
2424 3479
530 1699
1818 3388
1398 1713
3301 3836
304 3655
1827 2318
1370 3018
1056 3068
560 1307
380 1801
420 3561
2087 3108
559 925
30 1229
2167 3181
1329 2433
3000 3547
1764 1825
1000 2824
419 482
2655 3541
3409 3495
1891 2962
1517 3674
1240 2424
1998 3546
3111 3298
1524 3218
3292 3555
136 2694
2422 2728
1001 3559
3588 3863
1716 3711
1344 1991
69 868
1517 3232
242 1814
43 1502
634 1330
377 3049
783 1735
167 2680
2703 3541
1061 2750
2359 3331
565 3336
1697 2843
3554 3741
575 2333
147 2180
3272 3375
86 1478
136 2237
166 378
114 1237
1871 2643
1659 1681
1160 2279
1180 1825
1513 3223
3475 3527
3182 3910
26 519
2380 2922
1231 3502
139 1187
3395 3641
1226 3069
1110 3926
1899 3811
1729 3665
2781 3068
1013 2829
2117 2967
2090 2771
806 3525
1056 3108
886 1051
645 2909
1038 1234
165 1976
379 3596
1275 1431
572 1588
2940 3388
1320 2145
2844 3869
1453 3449
419 3509
1583 2706
392 2905
3039 3488
206 2936
3482 3747
306 3892
227 744
207 2999
1251 2987
1502 3737
3002 3559
2075 3091
1608 2958
1886 3619
183 1502
2120 2766
1128 3007
2748 3240
1372 3388
1159 1957
730 3783
105 3737
631 2885
1642 1872
3175 3839
2674 3362
1125 2734
2197 3409
1055 2455
2909 3819
722 2584
600 781
401 3743
803 3539
1259 2487
314 1098
3317 3785
2113 2734
1055 2244
295 2492
2890 3691
3108 3544
3068 3843
634 3615
651 3107
795 3069
276 1721
663 3197
1159 2683
1066 2868
428 2614
476 3091
2881 3753
3466 3943
606 1180
18 1438
238 3172
1357 2505
300 559
553 567
694 962
198 2349
504 3627
1646 2156
1165 1461
304 1392
1294 2120
3272 3725
1696 2023
263 1748
613 3849
677 3338
1180 2618
1083 3815
635 2146
2909 3300
375 3715
271 2282
1699 3768
1785 2737
486 1598
1723 3882
319 2678
3257 3490
220 2349
27 2359
741 2580
1238 3428
2754 2834
1549 2279
3068 3770
818 3242
1780 2963
2610 2886
2360 3181
1259 2532
2039 2992
2332 2672
1867 3817
445 1711
3310 3880
3283 3420
1180 3719
1165 1643
296 559
759 3307
1311 1355
2090 3353
753 2166
2126 3743
379 1992
3389 3449
1485 2827
710 2868
1370 1825
242 914
2331 3314
1000 1155
807 3848
949 2284
402 1350
3573 3638
2944 3895
1413 2112
491 3108
1564 3644
108 1044
658 3318
1608 2301
1825 2188
1088 1334
792 3377
1409 1622
863 3141
837 2068
432 3386
2194 2656
1732 2556
1606 3068
634 2669
496 1703
144 2003
680 1349
1743 2559
751 2664
2909 3580
3633 3768
121 506
1879 2917
2290 3737
1071 2881
1495 2512
1612 3419
299 3490
1184 3439
535 3658
1276 3656
2571 3906
1659 1731
1044 2032
3331 3439
3077 3860
663 2176
3044 3722
426 3046
1485 2657
406 2529
2202 2630
2129 3055
2133 3803
159 3743
236 2781
527 2415
1904 3251
806 1215
3435 3593
285 2020
1138 2643
677 3786
225 1128
3791 3792
1229 1939
3056 3459
66 885
420 3350
571 2852
2843 3877
634 1647
1225 2584
137 313
1691 3449
1089 3869
2242 3836
543 3926
566 2580
3647 3731
979 2094
971 3269
75 2573
2007 2410
2987 3276
988 2333
689 2082
1139 2977
2065 2321
42 378
201 1729
1350 3241
2218 2987
1721 2380
2719 3404
567 1620
754 3111
3597 3873
2609 3424
3108 3674
648 2909
1904 2189
932 2226
1273 2880
94 924
1063 3232
1029 2147
1738 3283
2090 3065
94 1795
375 2577
336 2295
1671 2366
146 1491
2589 3491
498 2091
175 1851
519 3716
3049 3781
1247 1891
2313 3202
309 2044
567 2350
1716 3556
1827 2524
1502 2073
1137 3403
452 3098
471 2313
869 1438
2029 3550
839 3433
2226 2337
1342 1727
2560 3768
203 837
101 2942
818 2469
1042 3654
1621 3539
2672 3616
217 923
1459 2006
814 3761
1940 3362
1026 3825
1961 1972
620 2461
705 3069
1156 2485
2048 2238
95 1000
244 1305
1914 2297
1305 3357
624 2023
956 1594
1370 3142
1003 1163
3788 3940
923 1689
1998 2843
1120 1325
1007 3074
982 1294
777 3183
776 1163
1124 1307
492 2683
3475 3760
408 1276
2021 2216
1121 2383
433 1789
1276 3274
2298 2762
156 3604
1212 2493
3395 3702
1943 2565
1713 3366
876 2990
522 2211
1710 3541
309 2753
1631 1943
40 2231
885 1720
627 643
352 3439
2589 3503
1415 2295
190 1695
319 1023
2754 2814
3815 3821
445 2007
1633 3433
428 952
540 1129
1502 2115
1783 2516
2025 2303
3108 3273
1654 2131
3857 3882
946 2652
707 711
845 1088
426 1948
1716 1728
147 2329
82 3828
417 3187
2118 3419
111 2202
86 1412
1850 3490
1129 3256
2546 3475
1943 2399
1237 3589
2065 2668
326 1677
726 2752
901 2836
3068 3630
113 1970
309 3838
635 3147
63 1822
1732 2442
2156 3704
1097 2612
806 1406
519 1719
2871 3242
1729 3919
311 3490
713 3559
1061 1198
1729 2528
830 1709
827 2950
2586 3579
3283 3440
783 2005
862 972
2219 3411
888 1902
501 884
193 3068
1341 3860
154 3130
3405 3480
1209 1809
436 2333
2165 3926
144 2090
561 3905
2472 2963
3074 3852
2754 3501
535 1002
2014 2221
3068 3258
2742 3688
433 1652
3502 3642
885 2211
206 3608
1129 1729
86 313
1025 1961
319 760
1792 2339
314 1107
115 1958
3170 3504
3074 3102
1305 1800
2848 3504
572 3613
1350 1770
163 559
2069 3469
1329 2385
590 1776
1877 2999
2605 3867
144 3948
2038 3838
434 1317
2649 3001
1485 3262
658 3038
521 2844
2547 3652
2231 2450
2989 3039
1357 2388
1871 3906
95 1455
829 3091
509 1741
319 3474
1173 3468
1042 1318
1069 3503
2416 3362
115 249
1962 2734
1687 2610
1134 2612
2002 2212
3409 3659
753 3008
822 2252
136 2737
75 1270
701 972
115 2646
794 3224
1999 2686
948 2369
3386 3653
74 3182
3454 3867
2211 3686
1002 2850
3168 3869
304 3951
374 3269
71 513
2147 2976
403 3072
304 2343
605 2728
1635 2376
1801 3949
3283 3868
355 1328
651 3109
1106 3523
2940 3560
2516 3252
1608 3933
178 947
2781 3884
1809 3651
830 3031
973 3231
1487 2014
1966 2584
1729 2693
138 3183
1669 2069
2162 3836
1794 3449
567 1354
69 3710
442 3388
229 1453
1060 1503
563 2516
2424 3223
190 550
1862 2837
2729 3899
1861 2829
419 1274
1144 1153
2187 3389
1238 3048
1497 1885
297 1970
1001 2642
145 2031
71 2353
972 1450
1732 2858
1479 3502
1732 3189
2846 3042
1504 3926
1922 2649
633 665
844 1785
1044 2078
84 1999
271 2186
2212 3325
1275 2629
139 1331
2950 3209
2829 3028
35 919
2040 2843
224 240
893 3599
1512 2464
149 1507
677 1627
3331 3552
486 1242
175 497
739 2252
1599 2043
783 1067
125 1438
1259 2070
1996 3631
634 1424
1277 2253
2580 3067
219 1608
3152 3273
1369 2212
1442 1723
1383 1726
2950 3745
2147 2955
1273 2803
2165 3699
3483 3761
330 1939
631 1452
2908 2974
2828 3559
744 2603
578 2116
1632 1999
2917 3584
2215 2570
519 1950
208 2752
1277 2657
1946 2652
1528 3084
421 3441
288 2584
1281 3723
1183 3407
1145 2424
1391 3657
304 1476
1683 2279
1123 2829
1575 3223
2215 2510
1243 1453
2516 2894
1156 1359
1196 2610
1142 1677
1064 2706
559 2883
3588 3735
1222 3573
1435 2095
840 958
2495 3906
587 3574
3449 3650
2718 3055
686 1121
627 3381
414 3314
1484 3691
537 1221
121 1041
293 658
2439 2909
3292 3418
409 2514
304 3228
126 1581
190 2426
839 3108
647 2013
2313 2588
1617 3926
631 3122
2226 2971
1891 3683
363 3267
1128 2338
1785 3676
635 1500
573 2117
406 3227
44 3737
1438 3636
1703 3771
25 1582
855 886
90 1272
1111 3405
1311 3269
1002 2205
2752 3279
1253 1396
82 2128
2567 3934
445 1130
1281 1414
331 564
3273 3292
378 2809
746 3069
1253 2054
510 3111
651 1356
1153 3629
961 1026
1519 3503
1991 2006
626 640
157 2612
893 1663
105 334
406 602
1009 2177
807 3214
3199 3683
178 1405
699 1935
3315 3362
677 966
1932 3657
1031 2895
354 2095
1607 3867
638 2142
2493 2845
2209 3348
2960 3137
306 1750
567 1744
71 667
625 702
170 3042
178 2353
572 2557
1283 2349
1721 2561
63 3839
1307 2195
3734 3803
2928 2960
3122 3463
94 676
2221 2823
613 3569
1677 2459
2692 3926
2207 2267
1828 3108
1221 2014
2212 2631
527 3194
165 995
501 1730
2012 3573
1153 3101
1891 2600
616 1209
1026 2898
2965 3068
156 1099
900 2610
1057 3869
1961 3601
958 3833
807 911
14 1991
3372 3403
2857 2932
1654 3920
3310 3861
3039 3620
1048 3283
2211 2856
2209 3030
121 1445
3108 3223
1289 2912
590 725
818 2625
1009 2405
304 3333
3403 3617
730 3768
3433 3757
2731 3305
1000 2357
1329 2497
799 1009
977 2464
1468 3815
598 2589
2436 3070
601 3593
2586 3447
429 3219
707 1078
2912 3053
2035 2380
2710 3778
1827 3413
979 2309
331 3907
638 1952
222 3661
501 1062
3407 3691
1050 1902
68 331
1277 2745
1041 2121
1120 3433
435 2977
105 3598
3403 3520
3182 3530
2835 3502
1117 1904
1824 2713
1193 2349
1742 3803
632 3052
1273 3573
2999 3179
1127 2589
1995 3869
1064 1960
651 2013
3449 3726
1608 3841
1237 1828
503 1729
1862 3411
992 1925
63 2340
1517 1747
2999 3663
1723 2371
1159 1209
378 2710
2295 3187
3215 3691
3559 3644
1481 3817
1011 1472
75 585
116 1272
1784 2245
121 226
648 1293
631 2395
2279 3218
3766 3836
80 624
1493 2684
2809 3913
1253 2979
759 3167
2539 3353
3404 3607
896 2014
1026 3326
358 1316
590 3918
1196 3023
2209 3162
1188 1480
1 2231
836 1277
3331 3493
807 2173
143 3273
1238 3374
1498 3098
584 3683
2940 3334
1219 3765
1871 3058
1560 3737
206 3363
1250 3386
2287 3657
1400 1599
1120 2191
144 642
627 2065
2728 3368
759 1889
1502 3427
1277 2172
2516 2770
181 1064
1370 1608
1104 2781
306 3890
1833 1902
438 638
33 2299
1766 1827
35 1149
446 3504
1200 3405
433 758
825 2604
718 751
420 2547
305 1960
1047 3389
786 3899
1179 3062
2850 3542
406 1824
1514 2944
2269 2711
1256 2065
1178 3817
2252 3767
1590 2584
595 1508
1204 1710
1311 2518
2706 2847
265 3108
325 2007
1273 3216
2680 3591
41 178
2167 2888
624 3112
172 2380
1943 2513
1153 2355
2380 3045
331 2673
1881 3747
749 1238
3008 3108
3634 3934
24 1163
3508 3867
658 3224
633 2059
2609 3353
2158 2905
1292 3405
899 2339
2781 3500
753 2892
3012 3377
677 3196
421 1311
1750 2220
1541 2711
1064 2740
379 2271
1664 3539
1079 1891
2017 2039
389 3172
1073 1129
2658 3108
568 1064
1281 3433
1036 2493
1522 2267
2706 2943
1502 3039
2209 2458
1276 2983
1268 1991
1679 2612
1248 3597
2815 3574
2612 2978
309 1834
730 1233
996 3395
1121 3000
103 632
2905 3886
2243 2960
757 877
95 2085
956 2061
1038 3627
3314 3697
535 1032
2359 2910
65 2095
1729 2923
534 1283
514 3449
2020 3121
856 3803
1173 1273
1114 2752
486 3746
886 1645
1727 2165
2742 3855
1741 3899
2345 2853
1699 2653
3597 3812
2461 3097
1642 2490
625 3741
1991 2451
309 3677
960 1885
3063 3539
1324 2932
1153 2349
1015 2999
489 3049
758 1297
3409 3887
2266 2279
625 833
2844 3799
1750 2647
314 3632
653 3283
655 2299
2246 3838
3774 3891
826 3269
382 2065
613 1491
958 3602
331 505
873 2147
2160 2974
2586 3467
1294 3675
1703 2584
3450 3733
1423 3934
3449 3845
3327 3906
709 2373
403 2496
1211 2932
445 3398
744 3339
242 2039
524 634
2774 3190
590 2313
1965 3288
950 1961
561 3722
434 2893
2211 3360
2267 3600
391 1825
2334 2963
1727 2621
314 3529
85 244
3003 3683
2013 2359
439 3536
3059 3161
2202 2854
949 2108
806 2568
2961 3411
1699 2230
2813 3727
1721 2585
758 2832
2413 3943
88 2950
63 1623
1508 2831
1553 2164
147 2601
22 958
755 3839
1491 2286
1195 3593
556 3182
949 2599
1201 2221
378 2867
684 2299
582 2032
1748 1954
292 3747
428 3093
951 1999
2265 3224
600 2367
3444 3502
1024 3172
468 1060
145 475
2493 3795
1165 3264
295 2973
262 3196
1781 3722
1976 3108
1148 3458
206 2365
2706 3511
2165 2362
1438 1441
2785 3409
3618 3722
1789 3108
761 1055
890 1833
501 1754
433 3383
1987 2512
1438 3430
1774 1902
2126 3623
1626 2120
2278 2427
638 2997
1242 2711
830 2706
1859 1960
2299 3502
2488 2678
22 1894
1472 3660
573 736
1991 3135
145 2822
1801 2576
1180 1417
651 3075
313 3165
635 3759
259 1261
249 1903
611 1311
631 1569
1529 2584
309 3098
22 999
2221 2224
51 3183
1166 2299
259 3200
607 2629
1305 2920
3119 3407
2254 2748
2670 3122
63 367
680 1365
139 3409
290 573
2342 3838
1938 3407
2210 3593
2617 3448
733 1472
381 563
967 3331
2999 3660
268 3475
617 2252
413 2738
1167 2226
2946 3860
3122 3236
1480 3838
998 3944
1165 2239
1288 2781
249 2912
156 2257
302 2790
2547 3729
249 3432
1059 3737
1746 3190
387 2731
768 3660
721 3084
1640 2359
1001 1088
2082 2765
991 2944
103 3701
699 2292
331 350
2744 3307
2090 2283
2684 3932
3328 3502
1163 2511
1387 2684
1260 2231
673 3647
1221 3587
1981 2710
1280 3792
962 1237
1005 2614
413 2905
666 1009
1159 3085
633 2701
2629 2667
1737 3288
958 2045
420 2390
2148 3049
1823 3433
3405 3862
1156 3355
434 3900
841 1156
249 1874
1205 3593
244 2873
62 1960
1367 3559
640 677
1223 2812
358 1848
308 1970
1012 2629
904 1088
2836 3531
2376 2527
819 3512
796 2023
1970 2494
1255 2178
103 1380
609 1088
2728 3842
2838 3683
596 631
2504 2844
2790 2981
750 751
1428 3182
1061 1584
1308 3657
1157 3541
2139 3074
3181 3416
1510 2589
1970 2627
1522 2215
134 3647
1082 2974
610 2790
2016 2837
969 973
744 1094
837 2730
2866 3403
1353 2917
1608 2109
304 2731
3536 3898
175 3916
1989 3307
1192 3448
244 3345
2682 3490
56 2806
1122 2065
1522 2307
1371 3000
1350 2772
3095 3741
1238 1312
3283 3680
728 3353
2186 3590
661 1925
1556 2349
240 1759
669 2601
895 1179
717 3834
559 1855
2006 2764
1702 3880
2862 3942
419 638
1883 2675
3451 3788
2648 2954
893 1688
1757 3747
1055 2275
9 2677
1413 3294
375 3411
1891 2628
3559 3567
82 3574
2977 3705
1727 1953
1252 3187
619 3869
2652 3099
1799 2917
351 1196
475 2660
1167 3108
36 680
613 1943
870 2156
1397 2165
459 3942
1597 1827
206 1530
2231 3627
724 2373
235 3273
2297 3536
525 2156
1862 2951
1949 3042
147 775
559 3184
1642 2825
475 1511
2809 2982
1550 1716
635 1422
948 2215
3049 3516
314 3419
830 3679
2209 2327
613 2200
1453 2001
529 1229
420 2549
314 3111
3120 3196
1309 3310
651 678
281 3122
178 2007
2380 2595
101 2991
835 1255
700 1259
1017 3541
1052 1726
426 1984
1336 1382
923 2700
17 242
612 2604
244 3945
2464 2634
1480 1553
1370 3131
323 3741
2 3743
1076 2683
1214 3788
1237 3039
1659 3405
1809 2906
2868 3004
590 2736
949 3730
893 3813
1026 1835
2737 3851
2790 3405
897 2836
93 2754
853 973
2009 3314
1294 3073
8 2657
807 1639
1941 3232
3036 3647
95 3151
677 2093
490 1480
271 1798
2233 2790
2963 3108
2289 3272
1486 3503
306 3078
757 1151
63 415
1276 3247
1156 3419
1862 2966
1509 1723
1721 3178
470 2353
178 909
1749 3288
3049 3283
1266 2252
1700 2376
47 1608
94 3080
1390 1748
261 806
633 2248
71 2074
2881 3379
13 3743
3218 3708
819 3043
2295 2517
567 2468
2940 3182
2008 2252
2281 2977
378 1108
563 3380
2626 3111
2308 3055
501 3865
501 2373
993 2752
1180 2336
1336 3875
49 3588
1833 2456
458 3449
730 2930
1897 3539
91 3161
244 891
2104 2547
3211 3272
136 2633
1677 3122
1301 2421
1131 1553
2222 3292
241 1370
2014 3513
2082 2665
2999 3787
1148 2844
1055 2678
2077 3691
2226 2993
1925 3399
1983 3182
1740 2728
1146 2777
578 2849
3190 3543
195 2181
2106 2977
2423 3433
127 2809
1310 3692
3409 3475
187 730
428 2755
147 1685
2672 2762
1472 3706
271 1267
98 1654
1074 3273
2598 3403
1660 3074
3096 3190
801 2353
3265 3388
532 3273
2643 3390
780 1165
55 2427
1741 2929
712 3269
214 3111
1009 2720
830 2985
2680 3393
920 2672
177 1357
119 3741
175 1310
1180 2522
378 1657
254 3098
1319 1350
807 1858
314 742
663 2476
1599 2611
148 1729
677 1432
879 3657
745 1784
2836 3114
1750 2676
2988 3593
1991 3724
2514 3011
2081 3182
2679 2680
759 2067
1447 3389
2249 2387
1227 2678
244 370
103 399
421 3942
319 3779
1221 1673
136 3100
2882 3743
527 3588
35 1332
1075 1729
632 3033
744 3744
1409 1865
2799 3536
1179 3639
69 418
1235 2754
2304 2657
578 1091
105 1778
1522 2716
3182 3635
118 3108
1871 3116
2153 2514
2046 3934
1364 3657
848 2427
638 2126
149 878
641 1599
50 830
3464 3539
2175 3108
807 2414
1282 2829
3292 3901
1854 3224
561 1182
190 2807
3362 3564
2512 2684
2368 2514
424 1148
559 2083
277 2095
726 1552
579 2589
1501 2977
363 2409
246 498
1177 1581
659 3292
831 1305
35 819
774 2279
319 696
2917 2919
1862 3912
115 2794
1553 3123
335 363
3108 3361
1061 3213
561 3506
1446 3314
2672 3292
1152 3768
1538 2680
22 1977
149 1534
35 544
2189 3814
2755 3108
360 1710
1389 3523
533 3934
2278 3108
572 976
362 3660
2604 3061
965 3108
2609 3397
204 1042
1362 2678
426 3874
1427 2493
1277 1839
1229 1543
265 3882
2612 3210
998 1404
1454 2145
2156 2580
2793 3942
3013 3122
1253 1448
1120 3794
807 1561
3388 3472
466 1485
2117 2202
2306 2677
2424 2645
2737 3894
1939 2876
2464 2554
2648 3507
1237 2027
1020 3834
681 2514
390 2267
209 1311
811 3891
314 3221
1726 3026
1827 3130
1786 3839
2299 2811
365 2226
1209 2122
427 863
2032 3190
663 1041
1771 1827
2291 3395
1358 1727
1807 2706
3594 3644
835 3930
465 3042
1997 2387
1767 2586
3619 3790
902 1128
1637 2252
552 1970
2933 2940
807 3743
1307 3717
2949 3619
1999 2201
1733 3504
271 852
889 2850
2090 3515
906 1582
2165 2377
1114 1393
206 2194
57 2586
998 3836
156 3337
2267 3492
89 1998
1472 2276
475 1890
196 759
2202 3535
3280 3377
165 2895
2837 2974
486 1813
1360 2048
2586 2916
783 1377
494 3559
69 2480
2932 3847
100 2683
35 2999
573 3646
527 885
1999 2947
699 2167
1179 3317
807 2021
242 980
783 1352
2407 2612
672 1002
1677 3487
753 1650
2221 2687
1698 2202
1809 1811
69 258
2202 2783
2294 2711
637 3068
3572 3574
561 3830
2021 3343
3 2905
1239 2215
319 1189
1773 3700
943 1885
1573 2852
35 1451
339 807
2563 3181
565 2711
956 2352
3196 3718
2117 3889
2649 3056
648 1815
1961 2376
379 1030
433 720
2209 2860
483 2837
949 3749
830 2666
1472 2028
640 817
1674 3409
3042 3906
2424 2813
447 3733
758 1724
23 1002
1473 3467
2711 3570
1114 3139
635 2820
306 3238
2969 3108
1002 1655
86 2479
1251 1287
886 3802
1350 1801
1925 3815
2025 2596
2194 2635
355 2881
1276 3159
1245 2149
86 3931
3494 3942
2904 3867
2881 3057
82 2899
3314 3422
1517 2526
625 3772
3272 3803
512 2586
63 1213
249 1644
818 2055
1255 3370
787 2167
625 1335
242 1054
1527 2909
1283 2541
431 2514
2315 2683
420 2685
2801 2852
1449 2145
2255 3405
846 1196
150 2226
716 3386
1675 2648
3344 3593
593 2706
2999 3271
2389 2748
235 2467
2680 3395
630 3882
664 1862
962 1842
165 1649
190 2781
444 3882
591 2790
373 3741
2020 3439
455 3867
375 1790
2604 3434
2032 3575
507 677
1156 2699
2610 3807
375 3823
2141 3467
2325 2862
1537 3190
1910 2215
1153 2662
1908 3501
956 3752
1061 3657
3020 3817
2366 3351
1338 3218
2206 2461
461 3550
858 3490
674 2812
2140 2680
835 2326
1217 1784
1219 1653
378 3793
69 1345
2194 3741
2601 2723
1566 3232
1283 3685
2221 3284
2841 3838
1179 2583
910 949
56 748
632 2461
3108 3525
1055 1101
2731 2970
56 2763
640 2375
2507 2987
230 2762
498 2203
3070 3235
2677 2758
1773 2998
1009 1329
956 3657
2460 2917
403 3056
2391 3788
222 2465
809 956
383 2202
69 2514
1000 1568
985 3839
1705 3122
2167 3192
1346 3811
82 1796
1748 3473
2589 3595
2843 3163
1943 2780
87 2657
1849 3386
2199 3743
823 979
3134 3733
1870 2649
151 600
2586 3281
460 3788
324 3091
39 1741
3108 3246
2280 2424
2917 3032
1591 2021
1636 3737
498 3376
222 692
3805 3899
2379 3224
2183 2657
273 1716
893 2226
2223 3183
3732 3882
2147 3891
59 3439
319 2875
1896 2909
2902 2990
1741 2345
758 3628
3055 3505
885 1087
767 2944
240 753
1466 2684
463 627
949 3125
830 1810
1817 3503
2604 3180
1716 1775
762 3934
2025 2874
1272 2742
375 1191
467 3108
22 759
129 818
2063 2189
983 3619
1161 2167
918 2990
3187 3364
2387 3395
815 1409
184 2829
2652 2808
1090 1438
469 2189
2102 3224
1535 2609
1743 3489
2652 3404
758 2836
1518 3242
1163 1546
344 3811
2189 3448
298 658
306 3225
1281 2551
600 2221
2493 2779
565 2144
171 1061
818 1928
548 2349
2643 3928
2062 3000
2212 2659
1732 3429
2629 3239
69 805
1745 3942
1824 3203
245 1156
190 1884
2516 2977
723 730
783 3610
101 1558
1299 3490
657 1238
105 161
2452 2850
248 634
1970 2346
535 1768
3190 3950
559 3304
1523 1961
1985 2895
2095 3943
2700 3083
358 516
2345 3557
378 3742
1999 3269
3111 3844
2762 3164
363 3925
309 2773
407 3122
2011 2843
2790 2800
379 3349
1281 3517
2430 3869
2678 3382
1026 3792
2731 2889
1294 3084
1329 2232
2424 2749
572 3268
1571 3122
56 1642
1146 2000
295 3187
1547 3403
240 2101
1825 2525
1327 3190
2613 3815
576 3161
35 2049
1009 2348
3074 3155
371 1294
104 3588
379 2909
485 1943
962 2169
3091 3319
422 1849
903 1159
1173 3322
1460 3683
1457 3182
2226 3888
327 2731
881 2672
1439 1480
663 1582
1659 3754
2234 2944
998 1520
2944 3747
1491 2411
1146 3177
202 3130
6 1146
663 850
1253 1413
500 3181
1281 1911
2186 3756
2850 3389
2837 2907
358 1197
1918 3439
1224 3117
162 1827
309 957
1009 2273
863 2171
1472 3169
851 3433
3834 3867
190 2481
1058 2279
1736 3660
597 3317
175 2547
1508 3174
1044 2227
634 1196
574 1001
244 3643
1625 2790
1242 2663
1044 3188
2339 2454
1179 1923
1410 2516
479 3449
481 2762
1276 1517
2552 3091
1430 3272
22 538
244 1723
1336 2441
3108 3626
1969 3108
614 2082
502 2021
1409 2977
2384 3593
1301 2400
29 379
1370 2722
1388 2672
1784 3748
2895 3019
1276 3649
1168 1902
2446 2837
2339 2864
2690 3503
1294 1426
3404 3694
450 2909
1852 2748
322 753
3733 3811
295 2041
1540 3098
474 3741
69 2648
1163 3568
256 1305
2082 2252
3068 3588
744 808
2999 3544
279 3838
105 3681
2209 3400
197 1825
1115 2754
71 1574
45 3880
820 3934
726 2932
2214 2999
457 1939
580 1044
633 1010
1986 2359
956 1753
1190 1943
426 2285
2010 2186
2263 3942
885 3850
1727 3005
753 3437
1153 2398
1395 1849
883 2126
2387 2434
563 3208
633 1206
1581 1761
2610 2818
75 1885
1955 2424
2677 3810
1862 3153
1307 2006
2359 3387
501 757
1159 3519
1895 2675
2427 3897
1901 2680
109 1153
396 3187
783 3578
306 2748
640 931
905 973
331 1060
730 3534
1998 2137
1982 3292
680 3359
871 1998
2493 3503
680 3739
1722 3084
484 1221
82 3792
3822 3906
2589 3859
565 1602
1943 3818
2065 3323
940 2648
2987 3917
821 2917
3183 3671
1009 2994
2931 3502
1586 2648
358 1716
2358 2373
1375 3942
784 2165
759 2639
806 2320
2135 3108
2039 3499
632 1624
56 747
810 3768
756 2295
3128 3377
599 3926
1581 2437
3091 3593
638 2804
2267 3690
1638 2790
95 1119
1179 2302
364 2843
3079 3501
573 3308
907 3433
22 3186
1001 1853
145 1820
1272 3858
824 2944
2934 3042
147 859
1642 3371
1999 2344
2015 3292
546 2837
95 3773
421 1304
2654 3292
791 835
573 3695
1164 3317
1088 2915
1245 3362
5 578
1273 3645
56 3703
2259 2728
1784 2386
