3991
1799 2115
2376 3303
1053 1171
1536 2392
715 2084
180 433
58 2121
395 2270
2680 3930
2938 3346
1941 2477
1202 1830
1898 2619
2269 2938
1958 3844
784 1334
2060 2927
1931 3618
187 3377
3379 3690
1866 3033
2063 2195
649 2649
212 2955
1835 2566
306 2286
193 2362
290 2938
1173 2386
376 2109
516 3826
1168 3470
1126 2098
3799 3940
670 3311
497 1708
896 2140
1401 2938
2506 2790
144 1837
3503 3799
456 3038
700 1770
590 2021
3049 3546
135 1274
525 3551
1085 1093
243 1415
2087 3025
2661 2948
704 2041
1425 3537
290 2267
926 3048
1878 2537
3021 3679
114 3126
514 2542
2938 3524
1754 3019
2325 3387
300 1038
3096 3286
1510 3695
1386 2317
1744 3346
274 3972
765 920
1770 3224
2616 3358
279 1634
597 3232
2025 2906
552 2593
1864 2938
2497 3649
691 936
1826 2204
191 2009
1678 2938
2376 2938
268 2728
2226 3385
2035 2129
2799 3168
2468 3626
2584 2938
76 3285
2938 3118
2074 3402
1160 2031
963 1791
1684 2622
532 1957
450 1004
645 2147
151 1886
2844 2938
169 1261
1114 3640
2055 3895
1248 2938
643 1628
1442 2938
308 2016
506 3378
1143 2797
1019 2474
647 1815
1732 3673
10 3226
1492 3507
396 2122
1485 2817
2393 3806
1460 3307
2213 2478
825 2938
837 2619
947 998
2207 3084
173 521
2977 3561
2692 2786
3 1271
1227 3013
2938 3387
25 2418
293 3643
1742 2709
3725 3750
643 2981
2218 2281
341 2359
313 3189
1800 2560
1090 1484
2156 3318
385 2536
1613 2995
698 2885
2014 3720
328 421
2158 2537
745 1028
550 3764
2034 2529
2216 3100
581 3822
373 1344
1101 2428
914 1099
20 3886
2036 3133
1565 3586
365 2757
1153 3562
1757 1843
50 2028
966 2415
2614 2938
181 3359
891 2152
1696 3174
1649 3333
1253 2192
2809 3362
1619 2078
64 3236
3217 3837
478 738
1482 1902
742 1656
864 3749
468 1585
2492 3468
512 2938
1700 1920
2508 3426
227 2933
463 3815
2887 3525
569 1220
2083 2938
969 3305
348 2088
2960 3456
430 564
2141 3519
553 1698
381 3136
668 3716
192 3975
1070 1871
184 449
308 1677
3461 3530
1775 3277
3578 3761
910 2517
2750 2938
510 2764
1338 3610
2037 2916
1303 1626
2938 3971
1900 2165
2217 3487
2900 3753
730 1787
2129 3529
2443 3686
1850 3568
719 3344
2612 2938
2535 2880
63 2638
1438 2699
2665 2860
2816 2938
2938 3880
2938 3646
126 3701
1577 2064
735 2938
65 663
2938 3553
268 1794
2938 3454
1014 3429
1251 3641
2521 2714
82 3988
1253 2253
2526 2558
2083 2535
399 3842
1357 2663
2094 2629
2339 2576
855 3620
2714 3733
2938 3597
1637 2718
775 968
115 3600
526 3791
1213 2191
1154 2883
1348 2552
32 1934
366 3970
894 3930
2513 3302
1164 2786
971 3474
1492 3983
1217 2520
2099 2938
2349 2711
1973 2857
347 1897
1409 2947
2661 3341
3294 3563
1545 1882
123 3234
2632 3284
2674 3274
1721 1842
1694 3026
1583 2596
1368 3304
278 368
1319 3824
185 3495
1804 3900
3180 3596
265 767
1091 1643
1611 3972
332 3006
606 1876
635 1803
3528 3579
578 2145
344 952
366 1760
1907 2435
1368 3502
904 1120
675 2638
186 3247
1867 3716
147 3095
1636 3069
1022 1523
1247 3851
1419 2215
2306 3521
2898 2935
329 2723
992 3271
1059 2990
1601 3980
863 3950
1494 3752
538 1008
1839 2725
2930 3222
1009 3164
2323 2342
617 2456
1261 2402
2173 3115
949 2425
2046 3516
165 3864
2038 3104
2651 3599
1573 3562
1749 3462
3467 3934
1746 2938
1081 2740
1102 2362
3312 3666
1930 2003
1364 2938
1275 2252
556 2210
2013 3899
2465 2998
1079 3063
1911 2998
688 3924
1282 2962
56 1107
242 1650
3520 3812
1153 2139
1456 2181
210 2229
1015 2295
217 3309
690 2379
2595 2630
251 2502
652 1146
1845 2999
2318 2938
1929 3841
356 2713
2157 2470
1997 3393
3120 3171
375 3363
295 1748
1005 3576
1225 3722
1503 3580
1150 2541
1499 2295
132 800
1678 1860
790 2301
125 1426
3091 3513
2430 3444
810 2063
24 266
3015 3187
2222 3415
811 3490
1124 2788
901 1171
3432 3885
2455 3853
354 721
2938 3146
2782 3692
1469 3206
1647 2894
422 1192
2572 2938
3494 3625
3837 3981
462 2108
1599 2843
322 1088
2651 2938
28 3062
1939 2938
481 3270
703 1626
1258 1807
3158 3386
2949 3322
2955 3037
1386 2938
1505 2938
884 1916
2000 2938
938 3835
1890 3473
977 3746
933 3985
3148 3872
386 1007
2908 3347
1316 2099
2185 3632
2642 2711
1384 3228
388 1896
2463 3376
1461 1637
806 2684
2190 3723
1420 2681
2576 3944
3230 3506
1151 2886
2938 3814
2452 3628
233 2302
2197 3405
128 1590
2938 3888
333 2459
592 1205
1038 2609
585 3500
1850 1969
2621 3657
1814 2621
1349 1926
2811 3527
912 2801
377 1311
302 1572
2320 2335
433 2505
2081 2493
2938 3455
1218 3915
1598 2548
374 486
2222 2649
1273 2502
827 3582
842 1918
3805 3921
358 542
412 2037
3615 3836
1457 3894
941 3597
3016 3881
378 2052
1110 2780
1138 2389
946 3425
1557 2938
725 3609
2775 2805
1185 2191
2184 3955
536 2248
1321 3355
1531 3318
1176 2001
2193 3335
1430 2854
1736 3030
1794 3991
190 1844
434 1365
1675 3675
1187 2270
154 2355
769 964
2435 3674
1409 1925
1186 1507
175 2938
2495 3958
686 2255
1290 2833
2888 2938
106 925
1795 1862
2058 2305
103 2938
796 1425
640 1215
1336 3004
768 843
2176 3512
1797 3484
2509 2654
1277 3561
1256 2938
1630 3938
1452 2657
493 3556
175 419
323 660
2613 3652
1114 3345
1416 3379
371 3167
2554 3694
1359 2465
61 1756
567 1927
551 1219
1972 3368
2427 3588
39 3063
43 1864
2393 2592
681 3025
412 2218
194 1367
7 1535
984 3411
2902 3098
2132 3708
1595 3332
3229 3776
582 900
26 2942
51 2938
632 3931
376 839
1586 2558
2405 3550
1183 1364
1653 3917
1473 3683
1799 2938
2183 3980
2625 3437
1216 2390
470 1776
2548 2785
612 3109
1762 3130
1380 2938
264 2846
2135 3565
2938 3051
806 2511
1695 2590
1313 2488
52 3263
346 432
1128 1785
2671 3809
286 2826
1227 2996
2938 3711
230 626
603 907
1450 2479
983 2646
820 3055
939 3371
3052 3428
1184 2938
51 1182
48 2233
1683 2791
1108 1872
3338 3718
30 2698
80 2656
1599 2938
734 1945
813 1456
2860 2965
1631 3892
1439 3617
1352 2947
215 1377
378 488
838 3111
580 998
1069 2175
1635 2617
1908 2080
57 2938
1664 2938
1090 2938
475 2937
624 1612
3061 3397
1385 1610
1629 2608
417 3773
445 2938
2434 3583
2047 2752
2239 2911
449 1208
2938 3141
2264 3419
1997 3632
678 2938
2119 2337
294 3382
111 2443
870 3846
1617 3659
3713 3721
1371 3912
12 2302
1004 1961
2527 2938
1395 1895
4 580
1037 1419
338 560
92 2391
122 2886
3091 3633
2938 3533
1799 3119
2471 2938
1719 3584
544 1106
2276 3124
1405 1817
2804 3622
2176 2212
823 2952
2057 3835
1330 3004
1766 3937
3783 3815
2938 3325
1741 2136
174 555
930 2750
482 606
265 2686
1558 3631
739 2091
3549 3859
980 3899
398 1334
2938 2993
670 1223
237 2709
889 2960
363 2017
1386 3637
68 1294
556 2183
1342 2602
1724 1897
2938 3342
567 3556
256 2713
386 1200
60 2811
1990 2159
2639 2938
920 1582
350 2901
639 1740
314 3807
1921 1973
1332 1455
766 1349
774 1650
3099 3936
1576 2938
982 1616
277 950
3458 3597
468 3468
226 2248
866 2023
619 1301
649 3741
162 3045
2151 3958
286 1016
281 1255
233 3946
2568 2590
932 2577
1374 3257
1306 3303
1104 3688
658 1920
301 1432
202 1843
51 3916
604 1708
2328 3697
996 3939
96 2828
1968 3937
2383 3129
74 3669
3147 3529
116 905
337 2251
1869 3779
482 2938
2938 3299
447 3777
1206 3076
1286 2050
1016 3509
1177 2471
2620 2938
3319 3389
1789 2788
3065 3540
1702 3010
2627 2938
1490 3120
173 1058
1979 3437
312 3945
919 1196
334 1516
2315 2663
622 2056
2760 3424
1431 2352
900 2938
795 3813
1646 2970
15 2374
1615 3729
2938 3535
2360 3316
1350 2413
190 3750
2128 2246
878 2388
1558 3839
130 3566
1699 3174
1961 2269
1271 2938
189 1201
1236 1271
432 1020
1232 2166
696 3145
751 3335
342 2127
177 1203
2766 3084
2160 3162
1259 3380
2111 2377
1337 1692
1470 3432
753 2332
15 226
995 3961
249 846
1892 3327
1486 2760
1333 2954
2824 2952
789 3392
54 3075
1984 2246
815 923
380 2385
662 2062
2690 3251
1762 2938
462 1699
1013 1826
2215 3518
1199 1510
3536 3781
663 2938
275 2930
220 340
171 2720
828 1312
1272 2938
644 2881
1773 3414
70 370
2409 3866
1750 2241
319 2666
2324 3566
927 3636
205 3132
1389 2938
1159 3469
407 2938
1260 2938
1734 3646
2315 3060
2323 3237
1601 2938
2157 3454
2630 3611
1112 1679
330 2938
637 3209
1501 3414
2564 3789
261 1625
2144 2303
598 3706
2169 3078
1695 2304
873 3553
9 848
2720 3601
2327 2938
183 1805
1613 2474
993 3101
2973 3034
667 1611
1054 3362
2489 3820
89 2657
108 3770
1136 2641
49 1674
2996 3848
1851 3082
79 2344
546 2938
1863 3877
1404 3778
2800 3349
434 2340
1949 3204
628 3862
1209 2920
339 429
3328 3598
34 1396
2938 2966
275 593
1375 2938
1683 3728
136 1581
343 1021
588 1287
2320 3724
1356 2084
116 3863
298 3040
986 3789
3964 3969
19 1580
1592 3785
877 3003
807 2938
2715 3323
1575 3272
1181 2058
849 3656
254 3263
272 926
1360 1569
1668 3496
1132 2485
39 2938
1322 3382
202 3644
2174 2518
2675 3802
786 3106
1078 3829
2576 2938
1524 2126
1400 2938
59 3017
1029 2413
1225 3218
720 3018
1012 1061
1435 2153
68 1861
460 3667
1666 2734
541 2198
227 3050
1937 2043
1694 2763
1296 2701
2473 2647
325 484
513 2407
489 2436
565 900
1189 2018
2026 3485
1953 3986
121 1040
1002 2429
933 1006
3907 3964
1233 2780
59 3396
1033 2225
259 1574
2009 3351
1050 1576
3259 3614
757 2153
2116 3000
2160 3640
2285 2961
672 1805
1951 2938
1379 3702
211 1448
1390 2684
1155 1945
363 379
2454 3618
130 495
1046 1141
994 3643
1266 3180
1857 2343
262 1921
344 3730
557 2825
1078 2744
1470 2938
2459 2708
1727 2247
317 2938
100 2510
2490 3046
10 3718
1080 2263
959 2976
2100 3739
2689 3076
525 2326
330 3105
418 1242
2116 3216
2644 2927
1567 2006
1003 1066
1013 2449
1304 2349
198 1738
3367 3757
191 3500
2815 2939
1581 1988
241 3898
752 2800
2124 2449
2382 3195
899 3805
443 457
2105 3895
1236 2963
1630 1970
895 2688
1012 3430
240 2282
921 2079
1394 3404
782 2938
1657 3831
1283 2261
2938 3019
114 627
2071 2707
979 2929
183 1055
1547 2329
2322 2938
2847 3532
2259 3734
3771 3908
228 971
1932 2938
212 1022
2938 3682
1119 1641
676 3111
167 2792
2783 2938
389 1162
1124 1383
18 2691
2282 3885
160 3770
862 1887
141 3746
3460 3686
1976 2938
2988 3745
132 2970
662 2220
1462 3909
350 1488
157 1234
1377 2938
1467 2938
1777 3339
1763 3364
685 3491
3191 3250
1862 2293
1515 2288
2614 3009
880 1890
38 3337
1406 3114
216 3348
1660 1718
1500 1561
134 2938
2075 2938
253 2466
2976 3088
1076 3714
778 1229
1950 2623
176 1222
336 607
1539 3537
2938 3215
1100 2338
1980 3299
1766 2938
2010 2938
645 2870
1870 3164
1290 2399
930 3045
558 3439
16 2588
3369 3768
2340 3428
2938 3498
254 1757
1015 2889
248 2559
1786 2726
1029 1059
58 3313
807 1110
1612 3923
3041 3192
1899 2092
222 2694
2808 3668
164 2715
2030 2958
2051 2589
323 3364
503 1039
1250 2785
1509 1933
2262 3190
196 2494
492 620
274 466
1686 3377
3031 3232
2233 2765
1326 1889
881 2938
201 1034
627 1080
805 3538
1622 2412
2033 3128
1246 1607
3296 3680
112 3407
228 659
712 2500
1588 2544
978 2933
1179 2366
1157 3173
1179 1821
87 515
1310 3917
2243 2442
2450 2614
1331 2871
1247 3344
781 1654
510 3952
387 3760
56 2823
2938 3666
1464 2456
1474 2934
1447 1717
907 2771
3096 3646
1087 3189
3399 3876
71 1230
2938 3353
21 289
55 2806
2194 3630
1427 1974
2942 3422
981 3220
715 1092
1056 2938
2145 3653
1434 3727
352 1663
533 595
1534 2920
1957 2729
937 2977
2938 3381
2106 3233
2119 2342
2938 3145
3016 3744
498 3684
1701 3580
269 3754
1352 2938
1370 2187
712 2938
1380 1485
1572 1863
842 989
559 3163
1740 2645
1115 2575
2444 3384
389 2938
1235 2249
1184 1291
427 1000
1784 2593
81 3703
2397 3358
664 2737
569 616
1674 2047
427 830
152 507
2147 2712
746 3306
1796 3557
3639 3687
138 2586
1471 1638
1345 3215
940 3775
370 938
531 2646
2629 2938
407 2060
2045 2790
2938 3182
1218 1849
2142 2945
1125 3584
626 1906
888 3804
929 3780
802 2845
590 1712
2022 2959
285 2150
861 2469
2938 3431
1019 1868
808 3293
826 3850
1144 3564
975 3372
383 985
27 716
680 2319
1704 1845
2312 2938
2685 2823
586 917
3371 3458
206 1672
1529 3623
2984 3733
555 1343
1140 2264
2759 3064
1353 3731
502 3417
2075 3659
1911 2719
983 3285
147 2693
2096 3711
874 2331
1874 3703
817 3170
989 3579
1905 2203
1164 1233
2838 3605
791 3256
1495 2101
903 1325
1103 3212
1399 3276
2274 3641
2378 2917
1722 3368
3910 3914
244 1243
661 3295
2384 3288
1056 1811
2458 2511
2938 3899
240 1378
1192 2610
1642 3080
2904 2956
1026 2520
5 1876
547 710
1217 2495
2540 2665
3177 3845
2587 3434
552 1519
451 974
1074 3603
1928 2615
1094 3092
1842 1853
1702 1824
3230 3336
766 2871
1068 3857
1541 3172
1819 3372
1382 2243
1147 3495
353 2310
1367 3841
1054 1399
594 2059
600 801
676 3608
1974 3435
763 2414
466 2487
677 1987
772 2020
1810 3859
2737 2938
640 2256
3136 3197
1966 3239
1112 2938
2242 2938
1983 3007
934 3715
1363 2543
296 3223
435 2770
1606 2080
1976 3445
1603 2521
221 3888
1560 3310
1064 3328
2202 2979
119 3314
2002 3759
956 3261
1076 2211
461 2000
2938 3561
2294 2917
203 2922
1021 3198
1178 2904
736 2138
1913 2236
1469 2733
1571 3129
1202 2660
1852 2562
1397 3167
98 3904
1540 2110
199 483
2141 3758
199 2668
2681 3070
236 2508
1103 1726
2583 3337
1190 1999
340 2364
78 2330
1098 2987
785 3246
537 2938
1422 2938
701 3125
1478 2117
1308 1769
3154 3989
2193 2951
1761 2572
361 776
1017 2896
1482 2430
1471 2271
108 2221
1518 2804
932 2181
952 2938
738 2758
1967 3144
305 2128
2769 3581
687 1154
857 1661
2188 3704
2170 2192
2351 3946
85 1905
743 2077
2199 2252
926 2938
292 1608
3596 3709
2816 3612
1137 3691
72 3635
534 1097
1280 3515
2356 2851
2483 2611
833 2753
327 2965
980 3700
1264 1274
1133 3100
1262 3984
49 289
3036 3545
18 3648
887 2938
1358 2938
1935 3981
1962 2938
3425 3826
1498 2710
1990 2938
211 1511
1679 3695
140 3387
1716 2781
76 3592
522 1001
1759 2428
313 3313
2258 3273
642 2457
1818 2571
487 3786
1176 3862
1707 3171
325 2197
1988 3593
1240 1508
3376 3616
962 1075
844 1797
2853 2938
402 2957
973 3536
1446 2577
506 877
1748 3737
1149 1993
1919 2612
831 1934
1120 2938
1869 2818
570 1946
2265 2938
258 1451
404 823
435 2826
2555 3858
1838 2464
1433 3788
583 3320
224 1121
892 1553
714 3434
2175 3366
85 3460
765 1263
2872 3353
1200 2578
678 3420
372 2008
93 3974
892 1656
2946 3941
422 431
3402 3642
707 2938
650 3565
1689 3128
1178 1295
703 3043
1816 2533
31 2892
394 883
2011 3678
2403 2938
2266 2873
2013 2767
154 2482
238 2419
297 1964
81 579
2061 2617
1077 3525
1053 2645
1644 3893
439 1032
2938 3961
2426 3622
856 1410
1781 3083
648 1665
1023 2964
1025 2361
101 2938
2167 3595
1445 2838
3340 3427
197 3350
146 2034
547 2941
908 2155
1749 1753
1745 2068
2048 3121
1829 3074
2371 3023
411 2702
938 2938
918 934
2231 2655
283 1836
1319 3570
441 648
3035 3956
50 885
529 1023
379 2216
3498 3990
8 3131
39 1402
509 3308
1028 3039
2553 3849
1269 1393
188 669
723 3756
1483 2370
728 1691
1806 3710
780 2280
1458 3927
2409 2938
1305 3353
1168 1901
1987 3555
2761 3514
1273 2038
393 3113
2424 3228
2083 3266
1497 1680
2761 2907
267 3193
1411 3329
3554 3811
650 3031
1190 1993
1360 3143
2875 3573
1443 2870
2938 3234
1889 3390
1982 2738
613 1955
947 3333
712 2658
2313 2480
678 2690
1268 1418
1736 3341
875 3918
1943 2938
3801 3860
471 1870
1497 3762
33 2107
1432 3976
1933 2484
204 271
1655 2807
465 3463
2007 3788
1 2610
2152 2938
397 685
1730 2048
803 3440
526 3290
2938 3241
1675 3819
679 3028
2601 3162
2154 2989
146 2748
718 1165
1049 1971
382 1867
1754 2741
2065 3112
2165 3845
360 2345
1418 2954
591 1490
2997 3771
111 2130
531 2847
3081 3965
2992 3488
1083 2579
2454 2460
3146 3220
1924 3436
1667 2723
3239 3456
2938 3824
1191 1866
1703 2052
2366 3886
1131 1780
748 3658
1077 2938
1301 3261
190 2938
3240 3478
2452 3795
1768 1815
2225 3053
1090 3701
1495 3059
1354 1809
1652 2148
261 3142
2938 3557
1025 3321
291 1752
304 3707
893 1245
2473 3169
799 2301
729 2730
967 1244
2291 3984
1884 2938
2938 3090
851 3820
2938 3667
1803 3278
911 2127
2402 3816
2877 2938
1500 2991
430 2378
2491 3445
46 1108
957 3696
2024 3418
1366 2938
855 1528
1832 2317
1740 2938
2143 2484
1981 3821
656 1414
917 1024
3433 3689
312 1066
2903 3185
29 2812
34 3475
741 2768
953 3191
2938 3419
815 2834
2634 2915
2257 3902
2938 3743
1938 3818
491 1938
1347 1427
238 2938
4 2014
2325 3081
291 3436
1142 1527
2446 3238
1030 3761
1868 1978
2891 3185
1387 1851
888 2622
64 3933
339 2938
447 866
1362 3482
1346 3469
1551 3005
1606 2938
751 3798
250 923
956 1366
484 2938
3003 3059
232 3242
415 3124
1479 2131
1172 3610
958 1279
1783 3205
2994 3644
17 2938
1402 3542
625 3391
1841 3086
276 941
1440 3170
3290 3925
139 1488
2178 3127
610 2226
599 2618
99 478
1133 2938
1331 1518
850 3083
1798 3849
818 2278
294 3665
86 1557
66 2938
1506 2523
850 2408
381 1197
680 2422
614 1954
257 1994
95 3776
7 1670
423 3602
1082 3309
237 1530
1649 2368
420 1238
2256 2652
246 786
750 3293
1140 2079
2935 2938
188 2773
535 2180
584 2096
1874 2938
661 2774
1877 3433
1983 3760
1595 2770
664 1294
1599 3357
2727 2862
2438 2477
843 3074
690 698
2938 3584
2938 3401
1297 3107
2580 3188
2209 2411
970 2653
2918 2938
287 1060
1435 2918
2582 3492
2413 2938
878 2878
692 2839
2004 3289
1883 2358
119 587
463 3441
672 3015
633 3149
2330 2825
730 1067
745 2370
2224 2666
1214 3786
2834 2938
1837 2767
1176 2938
1221 2906
1436 2574
1250 2938
1943 3200
12 2640
3739 3955
564 699
1479 2205
1757 2938
1609 1919
387 3900
1396 2545
646 711
3443 3613
838 1860
511 3032
2717 3394
1269 1690
2168 2938
872 3429
456 867
273 1333
1293 1369
2938 3787
1543 3008
1346 3774
1969 1986
2336 2490
1855 3236
1935 2884
1169 3305
1661 2938
641 3552
184 2859
1907 2902
2335 3323
630 964
2395 3928
771 2938
894 3282
897 1092
1747 2404
2938 3433
682 883
2523 3953
2583 3466
249 3473
6 1823
153 918
2922 3231
481 1104
2131 3967
1669 3138
1095 1571
1713 3449
115 390
482 3352
1127 1167
1877 2448
2343 2938
1096 2291
1037 1446
1214 2797
3570 3871
1991 2643
787 3752
1830 2754
2111 2724
2240 2628
88 317
2180 2467
1672 2460
3070 3847
1884 3762
2257 2386
2669 3453
308 2938
740 2938
158 1631
1061 1410
2011 2312
1964 3154
1597 3628
2821 3354
543 3001
3221 3401
469 778
887 1544
1048 3098
1537 3491
1893 3361
2461 2983
1112 2029
2555 2620
762 1307
2283 2816
577 3068
505 2494
1658 1752
1441 3040
2075 3558
910 1531
2208 2507
1267 3873
2938 3326
2840 3889
100 393
889 2472
666 3854
303 1872
1865 1947
1224 1792
193 2066
2034 2938
2678 2950
372 2322
2671 3141
1041 1042
1792 2336
391 1476
927 3283
480 3794
1204 1472
28 2783
330 2842
486 783
2992 3554
1144 2938
1222 3132
84 1398
1198 2795
2543 3047
293 629
243 2763
1166 3962
551 2974
1796 2169
851 1697
570 3065
1481 1915
1972 3107
1990 2581
446 476
822 1910
937 2331
3238 3615
492 1677
442 1591
2779 3099
1046 2938
436 3007
2267 2481
2766 3843
738 2938
318 853
2074 2938
781 2566
200 1480
755 2598
1174 2938
1652 3919
135 2874
3219 3247
2819 3983
354 767
3 3246
138 1769
1377 3072
44 1359
1633 1923
1417 2209
2938 3211
3208 3663
2784 3585
1483 1960
1852 3796
1325 2791
1047 3088
2431 3790
1069 1443
2559 2938
613 1682
105 3343
2406 2753
2158 3071
1985 2803
1856 3163
974 2810
2973 3002
1032 2803
1872 2938
2186 2938
3153 3681
2132 3279
2938 3155
1865 2834
1499 2938
734 3821
102 2389
106 869
534 3301
1645 2314
975 2223
46 3903
1052 3483
2228 3569
161 2109
1582 1871
2573 2706
1109 3242
688 1741
66 2437
1170 2938
454 2130
175 591
252 3361
2341 2397
817 2895
1532 3069
452 1172
494 3431
2759 3913
697 2909
871 1460
915 3203
1220 3657
3541 3890
800 3539
2137 3253
1840 2688
1457 2938
2277 3008
2352 2896
1106 2015
2938 3757
747 2173
3602 3947
563 2522
451 2596
2938 3707
647 3461
1563 1765
512 1507
73 2114
646 2938
1952 2633
2260 3564
160 573
97 1195
986 1358
1423 3505
1874 3589
3205 3878
3297 3298
374 522
2236 2624
2510 3864
573 1491
898 1932
1639 2938
1765 3002
2403 2731
1232 1548
2348 3166
2005 3742
225 3545
201 3530
3621 3939
1077 1725
728 3175
2380 2697
909 1151
2125 3102
602 3020
2544 2938
145 3301
2055 3707
1063 3823
516 2938
1026 2606
2007 3654
3295 3784
105 2050
1035 2102
533 2938
2541 3740
2491 2676
267 1648
622 2938
756 2628
546 2897
1045 1718
311 3868
876 3682
1155 3961
497 3639
214 1282
120 491
3073 3797
369 2938
1603 3223
207 2938
213 954
2938 3640
2056 2798
82 3655
1014 2789
1113 1424
1959 2938
487 2836
1157 3677
3609 3838
2453 2609
623 2613
1746 3914
1295 1625
953 3109
2337 2561
1782 2244
1260 2643
788 2178
2938 2949
1340 2255
1777 2024
1317 2359
1251 2228
306 711
2229 2299
1844 3149
2381 3336
1254 2184
1642 1691
1248 1759
1883 3802
630 1415
653 2347
1144 1468
849 3977
2938 3422
3478 3767
802 1555
86 3260
1067 2938
524 3444
1030 2938
2509 3190
2691 3685
311 999
1107 2938
155 3367
2938 3115
265 2938
426 2445
560 1788
2567 3736
839 1544
1444 3317
180 844
954 1101
902 3693
494 2360
1475 3884
285 2900
959 2848
41 810
124 2855
614 3559
965 3860
2648 2938
1904 2938
858 2764
1879 3766
288 3012
2203 3447
731 3360
915 1833
658 735
364 3472
2285 2938
358 1180
716 1954
2148 2923
2809 3806
1546 2913
2493 3431
1912 2677
1240 2289
884 1428
2498 2745
2207 2938
3227 3552
1808 2980
695 3160
2599 3390
2381 2796
2938 3024
128 1823
1420 2499
360 2707
1657 3817
409 521
343 3213
694 2008
1242 1854
1570 2721
1345 1653
2064 2384
1496 2382
419 3476
749 2604
2449 2938
439 925
109 230
1940 3814
2721 2863
1139 3743
992 3549
2802 2867
1390 2938
2938 3777
436 1723
1183 3800
693 2095
976 3526
3141 3398
1273 2938
710 2656
2059 2938
508 3182
812 3009
3312 3956
1449 2724
758 3852
699 805
41 279
36 3067
1344 3291
955 2944
474 3627
2355 2844
136 3011
2530 3828
2596 2938
1285 1766
3067 3507
3053 3872
1381 1932
792 3054
1130 1478
1918 3717
1278 1873
326 2938
1031 1916
1864 2383
388 2462
2172 3534
1584 3571
1762 2027
3410 3714
816 1530
251 3546
2354 3751
3110 3763
1272 2604
533 1127
1556 2260
1071 2279
156 1621
2938 3776
864 3604
2796 2993
141 1237
1502 3211
2176 2938
118 3710
1829 2778
511 1487
2387 3557
652 2938
2106 3924
229 944
2058 2938
1341 3342
1522 3825
1412 3857
2938 3694
2594 3887
548 3300
245 3952
655 1503
2922 2938
61 1451
2492 3454
1685 3932
1899 2938
2265 2595
1684 3439
1939 3470
981 1336
307 2938
133 3135
2953 3540
66 2231
1801 2420
1195 3159
1548 2692
53 2925
3253 3920
2137 3351
195 2177
333 1962
3516 3606
2042 3375
232 3973
931 2775
542 1380
1205 2016
3033 3424
355 987
2463 2916
622 1914
1638 3214
324 3338
2662 3968
1773 2272
2318 3449
608 3426
2219 3207
708 3310
3022 3647
732 1175
714 3184
794 3288
3142 3508
1278 2637
2679 3050
1396 2938
2049 3614
692 3699
1169 1177
1604 3517
1385 3544
1266 2938
686 2012
2227 3464
2979 3467
305 835
2931 3523
402 1413
1729 3409
1514 1952
2425 3155
943 2133
651 2496
1244 2662
148 3831
945 2297
2523 2938
1036 1923
1228 3348
575 3459
996 3803
1880 3117
1711 1882
335 1454
1094 2372
2053 3793
501 2532
194 3048
1655 2641
88 1086
2287 2299
69 3365
2597 3638
408 1714
720 2807
768 1834
1755 3233
1598 2273
1033 3578
103 3708
2861 3664
2476 3663
546 3869
2527 3265
1464 2868
1354 2562
148 3035
655 789
2152 3574
1302 2121
2352 2938
2200 2941
517 3047
1809 2648
554 1020
1619 3383
1515 2877
1576 2486
266 2938
97 1003
327 2365
2103 3188
1388 1873
2515 2938
472 1980
2097 3764
1733 3957
539 3252
1161 2358
2097 2334
1283 3245
882 3634
3861 3884
529 1820
2401 2953
2938 3958
2044 2278
1721 2938
2284 3347
1946 2356
2938 3249
1942 3485
1975 3916
2938 3627
724 1429
3194 3625
420 2938
760 3450
1537 2419
321 3497
282 2094
1942 3370
1881 2887
589 1031
2104 2529
2417 2765
501 3299
2735 3087
885 3922
592 1206
1955 2471
1159 2910
724 1158
467 3027
1136 1774
35 3455
2040 3248
168 1953
1299 3038
1277 2546
1671 2938
654 1658
2709 2938
2414 3350
16 2938
2746 3071
1310 3892
1039 3440
2311 3684
1623 2607
1408 3357
1350 1813
3058 3735
2211 3267
1448 2938
2732 3209
222 727
1577 3346
1008 2938
2560 2712
2563 3697
803 2856
384 2061
2118 2938
1568 2059
1256 3926
2703 3944
798 2849
543 612
159 2134
1880 3493
707 2101
1143 1618
353 3161
3450 3573
1193 2072
2852 3355
1322 2186
2938 3545
1848 3079
170 3265
636 2512
2536 3442
1017 1279
1204 3853
634 3374
2445 3127
250 2512
1751 3795
1795 3027
244 3093
315 357
396 3395
2090 3416
170 1887
1714 2938
656 2603
174 3181
2666 2938
2794 3477
2054 3486
2275 3781
2538 3581
3423 3874
406 3858
155 1335
216 1160
2154 2911
2504 2936
1442 2077
496 3022
375 2938
324 2938
410 2882
819 3482
2792 2880
530 1024
219 1421
991 1804
997 2856
1520 3000
2938 3372
2146 2813
950 2841
2227 2938
568 1375
326 1428
1330 3195
961 3836
1299 1764
2187 2202
716 2938
3661 3978
3051 3882
1589 2901
165 1995
2043 2830
1565 1709
377 1121
2846 2915
42 3510
2835 3115
40 341
1502 2909
2073 2932
2782 3856
1145 2322
75 1126
2238 3634
48 94
319 3465
2076 3278
2033 3496
1857 2756
2162 2944
515 2469
782 3784
1688 2134
3651 3879
1529 3122
362 784
504 2300
1309 1885
359 1306
223 2879
871 2213
527 2199
1139 2088
1052 3435
808 1629
420 1922
1583 2046
879 3297
1178 2938
1730 1818
1082 1737
2343 3527
400 1342
1771 2071
727 2161
365 2938
2480 2821
1073 2031
1791 3176
505 2513
164 2754
960 3183
2687 3266
3654 3804
671 3908
1567 3749
3178 3670
1276 3533
2230 2612
3106 3282
1407 3275
73 3017
1452 3587
1620 2651
1793 2556
1712 3241
1632 3755
752 1131
200 906
1166 2938
162 2569
3411 3947
2532 3861
262 1817
1641 1848
861 944
709 2003
2426 2971
2564 2858
2921 3623
1705 3726
1231 2478
1373 3633
258 3515
3905 3909
2545 3356
83 2339
1570 2338
1665 1875
2975 3060
2005 2304
2453 3844
1347 3145
796 1739
646 1298
143 3691
1836 2938
665 826
2634 3487
1514 2938
2164 2855
3110 3270
1944 3438
1300 3254
1993 2938
812 1825
804 3108
16 3664
2335 2938
2849 3365
891 1605
107 2704
905 1472
1995 3521
349 1071
3807 3838
576 3373
801 3856
405 1680
793 1520
2286 3287
2015 3054
732 2373
12 2938
334 3851
881 2344
1614 2240
549 2919
1392 3168
2859 3448
474 2531
2664 2974
414 3889
2840 3116
461 1635
1207 3986
156 2948
2778 3101
3675 3850
1058 2883
1967 3572
1589 2112
401 1624
1834 2353
1648 2039
255 777
1234 3331
2292 2908
1825 2406
788 1568
1010 1156
234 2447
736 2053
1062 3252
1915 2594
153 1324
1693 2482
1517 3855
2504 3690
852 3828
2063 2938
2346 3953
1948 3960
2398 3374
3418 3650
512 1365
79 2680
1248 2334
168 2966
902 3932
1624 3511
696 2787
171 2964
1927 2559
84 1351
1284 1828
417 2117
583 2873
404 3645
1150 3833
1211 3472
2103 3194
1264 1487
2591 2743
2379 3698
795 3524
2196 2600
1607 3130
618 2114
1329 3476
2938 3089
718 1925
1463 3177
2938 3955
374 2938
172 3480
453 770
314 747
985 3568
317 2831
332 2133
2642 3224
2086 2815
446 2551
1391 2987
1556 3244
2215 2938
1065 1673
182 1588
2817 3298
2049 2242
1159 2938
1968 2867
1511 2357
110 929
586 792
1566 2234
1167 3688
1521 3791
1070 1525
599 2234
1719 3975
1266 2006
615 1627
69 1597
945 2843
2556 2958
1057 2118
587 3486
1353 2925
621 2345
3279 3803
110 2667
519 2578
458 697
1664 3126
1462 2476
3541 3619
1475 3068
2065 3915
1314 2242
380 2028
2283 3848
485 2869
3757 3870
2822 3024
2687 2751
53 3575
1072 3973
2586 3324
1173 1431
3558 3575
1097 2186
1522 1924
1549 3682
142 1403
634 1744
3137 3218
984 1489
1706 1902
1555 1813
1671 2755
536 3452
1778 2327
382 440
1767 2881
2980 3160
2045 2677
1626 2938
999 2938
2039 3913
2500 3840
596 1224
773 3012
1861 3217
3255 3296
45 2528
1501 2938
1339 3292
107 1549
1989 3873
946 1215
1102 2905
1937 3049
2161 3827
63 1401
122 3315
406 3624
2938 3285
433 2938
609 2827
1587 3401
862 2310
1422 3638
3097 3712
820 2303
1043 1473
1648 2938
455 865
1636 3567
2879 3499
309 2447
1308 2012
67 3211
2865 3086
1442 3421
1720 2070
2122 2405
2515 3085
378 2938
2742 2938
1676 2308
413 854
1081 1552
2387 3883
345 3244
1120 3810
1245 3151
421 2316
1982 2363
2156 2655
922 2124
3319 3481
2639 3289
1662 3481
440 1501
1806 2768
2633 3159
638 2441
2206 3649
302 3272
856 1457
1905 2938
2938 3696
684 3307
753 852
2367 3280
2598 2682
1212 1651
169 3398
3208 3962
276 3181
282 3740
1881 2391
221 2650
1286 3617
2943 3490
1970 3655
1129 2743
3151 3968
1528 3183
6 1591
2 2018
1849 2774
303 3650
1211 3405
1075 1943
1392 3535
961 2704
3102 3528
1134 1231
439 2938
409 709
993 2168
1763 3264
2099 3503
163 3544
1376 3585
1771 2938
1166 2776
1175 3637
2938 3184
307 3769
166 2588
21 3834
391 1661
3144 3264
2570 3896
257 2265
1027 1755
3647 3765
2418 3587
1073 2115
288 3881
9 167
593 2069
1602 3603
2685 3178
2029 2150
2945 3744
259 2631
71 2819
3392 3887
1732 2938
445 1455
679 3271
2938 3242
2472 3072
2938 3399
129 1145
722 3210
949 2143
1371 1710
3216 3613
2893 2982
1237 1956
1639 2514
1276 3538
1676 3742
20 1184
2599 3560
209 3777
2347 3769
2139 2938
1287 2938
11 2464
2938 3487
846 2833
295 2574
1705 2938
2808 2938
101 2679
1241 2579
2968 3693
2940 3090
2864 3922
253 3260
1909 2625
185 1561
574 756
830 2412
1309 2140
2089 3225
3275 3901
2280 2605
912 2162
631 1361
3852 3969
3219 3766
2650 2693
1134 2533
1256 2736
1265 2926
774 3941
1608 3680
748 3036
2468 3548
1512 2194
1486 3137
248 916
922 2607
764 1523
352 3669
1703 3867
453 2316
37 1802
2501 3812
1948 2182
761 3731
3748 3811
689 829
218 3448
1609 3201
561 3114
1578 1922
2365 3832
597 1743
1525 2938
1525 3954
1387 3471
1505 1562
631 3577
1824 3024
3166 3399
706 3901
1272 3073
677 2940
804 3792
3719 3963
3822 3929
913 2437
151 3259
535 2394
3192 3963
1704 1959
2669 2718
2745 2793
1376 3380
1423 1441
940 3747
2575 3512
301 2327
1822 2403
1459 3152
779 1858
239 3662
2988 3186
2695 2866
87 538
1931 3504
1493 2110
296 3062
383 2091
2364 3397
1606 3863
579 3737
57 596
800 2938
565 2172
1751 2876
1453 2670
3225 3683
131 3748
951 2524
518 1835
349 581
264 3765
2032 3384
1808 1914
562 1337
181 2891
1444 1601
418 3988
740 2698
1208 1401
1547 2851
1018 1430
942 1966
705 2054
1400 3630
284 1254
1082 2938
1275 2907
415 3661
120 3150
3651 3732
1197 1450
457 3061
24 523
3234 3245
2328 2959
2138 3725
2087 2373
2467 3871
1587 3933
1985 3732
713 1135
118 2288
1314 2319
2155 2241
62 2208
101 2120
1107 1117
1710 2722
1091 2372
3548 3925
1348 2938
1307 2585
539 1593
2552 3931
357 2525
3798 3926
1351 3400
1554 2831
669 1783
951 3792
499 1270
2675 3547
397 831
2938 3514
860 1533
1219 2189
963 3772
1810 3971
1822 3854
585 2983
3213 3867
2462 3240
1516 2938
769 1698
2938 2971
2201 2882
2149 3976
133 3668
93 2448
1411 3207
3292 3342
629 1470
2890 3360
1249 1689
1302 3021
320 3403
65 3354
1477 3954
1681 3044
2439 2758
3005 3774
149 785
1403 3943
2326 3326
895 988
1790 3951
898 3865
428 1709
1728 1846
95 604
3830 3876
663 2245
701 2550
5 1793
2701 3326
1856 2263
1067 2857
54 3907
2407 3519
611 1466
545 3075
416 2219
3274 3685
1557 2251
2444 2777
1894 3982
448 488
280 2268
109 1506
601 2762
2853 3583
1820 2938
3257 3612
1526 3280
219 1461
2218 2938
616 2396
198 3087
385 2938
574 3662
438 719
3179 3231
2547 3965
2014 2938
754 906
396 2938
1891 2885
2725 3249
1494 3446
865 2296
1447 3869
901 1210
571 3013
544 1188
2938 3332
755 3522
346 3256
3123 3412
2938 3887
1498 2554
1959 2740
610 3989
968 2938
3396 3457
2163 2939
2004 3196
509 1268
403 2975
1693 2697
793 2914
2839 3987
479 3283
271 1259
1009 1255
124 2999
127 775
1010 1784
1065 1196
1238 2706
2466 2526
90 1042
322 605
1550 2488
1454 1812
695 3906
172 3388
948 2938
2565 3513
3186 3514
2416 3094
142 2795
384 3383
300 2938
2015 2938
744 1270
635 3911
625 2938
1369 1645
1652 2938
1011 2717
2557 2853
1252 3949
3155 3165
566 1105
278 1996
1362 3559
204 1620
609 3678
1391 1903
210 532
1243 3173
1678 3891
777 1327
2938 3274
428 1001
1116 2938
1859 2972
1055 2538
1463 2710
476 2732
2892 3251
2438 2623
1002 3756
1772 2139
2118 2300
1615 3277
1132 1317
572 3255
2938 3276
2035 2888
283 657
1086 1580
131 1951
1241 3363
8 92
318 2938
1007 2848
1758 3131
890 2245
1213 1291
1313 2606
1913 2700
1105 3001
1361 2683
29 270
225 2274
38 1395
2230 2832
568 2615
1979 2869
45 1789
576 1356
2716 2938
2307 3221
450 1297
1005 1760
2261 2678
2076 2744
1018 3681
1096 3316
1203 2938
991 1513
887 3571
2637 3442
1647 3912
332 2938
3553 3934
3534 3560
30 2969
759 2332
3011 3880
2938 3066
2727 3419
940 2938
1700 3949
1453 2100
464 2073
498 1321
113 3034
1424 1681
1505 2978
99 464
1008 3755
365 3423
2742 3453
1996 2626
475 1426
868 3673
1892 1965
1888 2395
1049 1767
758 1666
499 2629
98 3451
772 1239
731 749
2363 2686
425 3586
880 3254
2602 2938
2938 3760
2390 3672
1747 2682
1051 3227
460 3754
3446 3721
969 3248
1533 2639
442 2369
1998 2146
1910 2938
1152 3627
52 1802
845 3940
2961 3705
1775 3598
178 2581
2705 3943
2661 2938
161 399
972 3751
1098 2027
1526 2195
1594 2750
1697 3840
134 1324
1785 2957
2136 2290
1370 2068
2747 2755
3055 3479
617 2636
2938 3947
2569 3044
594 2632
83 3526
821 1407
3555 3728
935 3375
1768 2985
2518 2736
694 1412
507 853
72 3064
1366 3108
2938 3751
2095 2652
437 1437
1999 3039
2479 3524
1209 3422
479 601
608 924
762 3121
1711 3705
23 2167
1602 2773
584 3212
3042 3165
1372 1383
1379 1390
3175 3927
1593 1836
1898 3891
3345 3590
1389 3987
3150 3321
832 3720
2738 2913
1671 2182
2 77
1879 2981
2914 2949
270 2865
1187 3488
840 3262
2589 3594
637 2207
858 3475
2793 3782
1977 3689
208 893
60 2457
1235 3148
2188 2938
452 2808
1034 2938
1787 2179
2377 2534
859 2872
338 3985
390 723
1057 3607
1543 3735
1252 1288
2478 2938
833 2375
1320 2026
1465 3660
665 3979
299 3381
742 1439
1780 3092
2836 2938
1239 3311
266 797
14 1123
1726 2567
331 2019
1614 3172
361 2210
760 3715
1434 3391
1340 3139
1706 2676
410 1621
1438 1618
3706 3736
2104 3904
2938 3662
2779 3670
2938 3581
431 3412
607 1896
957 2570
824 2772
348 1315
411 3484
1623 2416
2341 2640
965 3370
2805 3951
2667 2708
1043 3118
737 1174
176 3369
375 2664
717 3629
602 3543
1216 2938
1404 3824
459 2540
3210 3888
91 3817
2432 2814
2506 2934
977 2837
1750 3157
3203 3304
2561 3006
3097 3671
799 928
2177 2742
1670 3918
127 3523
875 1928
518 822
834 1293
729 2489
1212 2200
642 841
2519 2592
2938 2983
988 1125
347 3653
857 3773
392 2030
1230 3866
423 3846
978 2220
2938 3065
493 2924
429 2371
2938 3661
840 3882
23 3226
2223 3677
424 1564
315 2820
2938 3834
2280 2938
367 1688
809 1771
2794 3543
852 2938
3019 3389
537 3158
2041 3028
2048 2938
269 2936
223 3576
25 2421
2547 3294
2268 3373
1035 2159
1989 2938
2531 3222
2348 2928
137 1893
1532 2565
35 1986
144 3520
424 2318
1050 1659
3122 3727
713 722
1721 2528
150 1840
2372 2938
310 1575
797 3636
1687 3493
2450 3408
644 3624
660 1811
263 3267
139 2587
612 2938
207 2298
1574 2910
70 1963
779 1545
955 2828
2392 3325
298 3758
356 3143
636 3893
600 3010
1147 2086
1348 1569
683 2010
717 1338
554 3179
2066 3550
2584 3113
179 407
689 836
159 1839
743 824
2248 2938
112 1284
1885 3928
1662 2771
537 651
2534 3923
2503 2935
1292 1667
1564 3741
1729 3378
517 868
2525 3660
444 2258
1181 2396
548 1449
1189 3991
757 2894
1352 3785
1133 1480
2085 2787
438 2893
741 1142
13 1093
398 628
89 2938
2237 2635
55 1855
890 1917
2883 2938
32 1936
3243 3704
2032 2544
1246 3959
960 3539
1328 1536
413 3621
1779 3665
615 1429
611 3595
576 2938
1089 2000
2560 2938
2451 2654
2542 3462
1949 2591
329 3551
268 2938
2829 3133
847 2756
1437 3911
1062 1384
605 1820
469 1912
639 3631
1715 2829
2277 2969
2989 3883
2072 3037
2404 2627
990 1539
3875 3877
2963 3169
2719 3330
2092 3123
2214 2985
408 2388
158 470
75 1732
17 520
1859 3592
859 2333
1540 2747
659 872
746 3606
1493 2171
1578 3441
328 968
2733 2966
2748 2929
1223 2938
2452 2938
735 3394
2196 3206
682 2273
316 3077
2125 2514
1512 1563
2950 3656
1394 1489
1616 1731
702 3201
1341 3502
465 1328
1413 2897
1084 2673
480 2728
1122 1633
2421 3921
624 2938
1807 2505
1006 1332
673 3420
561 2802
1841 2376
1323 2842
733 3535
3029 3726
1123 2293
1260 3308
2019 2108
2503 3056
2899 2923
1554 2296
260 2546
1866 2938
351 3057
1316 2659
1111 3281
2937 3787
1027 1467
242 2312
2506 2938
540 1408
1116 2729
502 2636
437 2938
1045 3729
1737 2563
1389 2919
1491 1939
2093 2266
541 3797
879 1831
2912 3197
1769 2938
483 886
339 2852
362 1716
2602 2864
459 987
2002 3330
1846 3041
2400 3018
42 3077
1415 2938
904 3329
1735 3593
309 3880
2858 3645
2938 3459
300 3591
726 1265
1281 2705
3281 3416
2938 2986
1263 2749
1250 3517
3052 3258
1303 3719
47 982
1174 1521
2938 3567
759 1566
1781 2938
2149 3082
1115 3153
31 1327
209 1878
1847 2214
403 2205
1036 3463
1542 1899
1838 2938
331 3730
2485 3056
1087 2938
2627 3982
2938 3875
963 2938
1910 2244
2131 2938
2938 3277
104 3878
1828 1998
2962 3235
2648 3079
1318 3979
896 3413
1329 2423
94 816
1152 1827
3667 3948
1592 1733
3577 3787
471 1605
962 2995
1000 3676
2716 2926
654 1141
126 3929
1739 3772
1663 2374
247 3687
2250 2433
1335 2499
335 2170
1668 3152
1137 1669
80 177
188 2938
368 572
1226 2835
916 3950
740 1257
2675 2938
771 2440
3156 3302
818 2483
3457 3480
2943 3057
1148 1573
1687 3051
2298 3818
504 1731
828 1170
22 3607
2967 3479
214 304
1320 1727
186 2635
1761 2568
2585 3790
520 2516
477 2269
1375 2232
2735 3066
780 2507
1170 1590
935 1585
1534 2292
1373 2410
733 3204
867 3477
1891 2986
874 3403
638 2956
1782 3966
2057 3393
2815 2938
1989 2801
284 827
2454 2938
2624 3287
652 2451
299 2142
247 1289
1917 2475
235 3616
1516 2539
416 970
1194 2845
444 2254
914 3498
2833 2938
342 2297
1186 3935
921 3671
2067 2519
836 3894
1622 2224
641 3506
1044 3014
2932 3723
1743 2938
443 948
490 3642
625 2420
78 1909
2549 2769
129 2321
3014 3029
290 3600
508 3499
563 3780
205 1216
973 1772
997 2357
1156 2889
2726 2832
2696 2903
1476 3103
2696 3990
819 3497
1305 2271
1072 3400
236 3134
2272 3199
121 3085
3243 3407
860 2997
2309 2496
1504 3214
44 825
3119 3268
2659 3619
1249 2227
1950 2044
3146 3531
1756 2074
683 1888
1640 3235
790 1692
73 2938
2123 3709
1579 3666
667 3896
821 2878
318 1063
166 3782
1440 3386
182 2411
1838 3492
1746 1812
1121 2938
235 674
3118 3273
1685 3743
1084 3563
157 1705
1118 2367
1465 2486
1422 2868
441 1994
272 3779
1673 1753
1044 2415
1596 2861
2285 2432
834 1201
1162 1774
691 2287
2938 3654
2206 2938
179 1158
178 1138
495 2928
1146 1560
659 2938
2978 3080
2938 3343
1281 3868
137 152
750 908
702 3808
458 473
2798 3897
3590 3594
2694 3066
653 2144
1079 2863
589 1610
928 3775
1781 3134
414 2888
3501 3768
1323 3713
948 1720
2836 3489
316 3547
78 2938
351 3919
11 143
1600 1664
224 3410
3438 3474
405 3315
125 2850
2237 2938
2938 3088
1981 2289
369 764
666 1984
3042 3140
578 1381
1715 3125
931 2276
2436 3332
2206 2874
814 1468
3193 3269
1193 3334
231 3250
345 3340
14 500
206 2025
528 3679
310 2250
2126 2427
2665 2938
2703 2841
1398 3738
217 2082
117 2776
967 2440
1223 2090
2515 3674
1895 1975
2483 2938
1958 2107
1538 2259
2608 2938
3262 3855
500 3814
2716 3314
1992 3116
33 3406
2938 3125
514 3089
1904 3938
189 2354
43 763
241 2527
2553 3974
2557 2837
1163 2605
2844 3511
1764 2938
2102 3202
67 1382
1304 1364
2938 3860
1414 2458
1559 1788
2772 3588
57 1041
239 2113
897 2350
2695 3816
2235 3522
2757 3494
1285 1355
549 1538
1287 1318
292 2938
3241 3942
2021 3320
1060 2346
2036 3605
882 1163
373 1743
367 3652
776 2672
364 1393
3156 3286
187 385
2938 3519
1397 3834
1965 2986
545 2938
621 1085
1900 2739
575 3767
17 297
2668 2674
