1000
367 873
166 771
277 354
333 585
163 759
466 654
27 337
797 804
692 874
369 638
371 795
84 232
267 480
126 649
287 655
361 817
684 702
323 439
568 999
378 984
742 773
133 801
247 300
490 906
62 488
525 542
238 596
266 699
388 689
164 743
2 386
188 283
442 731
80 268
481 643
178 812
90 480
554 868
270 669
59 854
574 946
290 671
419 590
489 570
644 834
318 761
688 801
148 328
226 724
423 591
59 765
348 776
432 842
541 578
210 688
562 795
200 765
44 550
405 791
475 523
39 624
811 827
310 524
308 679
581 715
590 826
139 299
68 698
114 390
129 473
301 640
255 983
426 997
342 818
115 177
439 596
547 912
202 934
670 986
774 958
242 783
46 165
47 999
52 753
702 727
66 275
770 974
537 554
168 275
419 432
375 738
37 552
708 912
40 212
309 810
37 45
400 440
363 381
346 521
123 478
286 324
178 277
302 779
256 748
40 128
595 911
175 994
161 282
79 805
11 302
505 632
89 500
272 597
415 852
569 640
677 709
674 744
635 798
757 983
790 901
94 592
50 815
329 572
144 395
139 596
416 711
107 401
221 845
442 469
51 208
551 728
535 785
43 530
486 496
39 234
189 803
92 310
769 918
73 904
295 426
27 48
32 743
488 710
640 749
575 831
315 645
144 383
586 721
29 535
783 927
285 866
172 488
2 204
118 763
433 443
193 849
134 971
195 236
201 831
393 598
284 706
50 596
532 815
109 545
380 970
750 829
44 505
798 944
250 506
134 460
75 662
476 940
191 919
343 811
597 621
139 671
555 558
433 592
17 585
102 277
370 730
782 884
796 935
488 648
238 925
29 295
104 828
170 592
18 454
243 443
164 639
172 284
275 360
444 894
507 618
350 808
275 776
299 863
101 513
441 906
350 385
270 966
557 865
358 618
217 779
231 625
139 340
420 768
203 973
494 630
111 451
627 922
136 942
126 411
612 773
437 894
136 634
249 754
36 354
73 933
62 866
782 875
91 629
158 407
676 750
253 325
451 500
210 540
490 621
290 330
108 425
249 456
115 459
206 491
714 876
132 700
322 608
284 746
215 732
730 775
254 336
751 804
267 423
627 862
40 670
80 781
23 137
62 139
396 798
626 698
87 263
81 402
468 882
894 949
271 524
120 689
425 841
461 903
211 591
734 914
98 378
188 563
276 872
255 587
678 755
93 534
107 757
467 730
83 822
86 301
135 599
501 916
3 964
50 398
253 743
67 387
219 425
266 500
207 642
493 632
722 780
245 387
61 257
726 802
222 344
76 610
215 688
603 794
326 664
84 321
245 741
145 343
522 560
57 450
811 898
229 567
23 577
417 876
337 806
26 622
141 174
54 975
10 477
513 711
418 762
39 241
786 933
149 954
662 938
190 256
430 514
2 677
118 395
294 787
719 750
300 454
885 942
392 599
497 904
362 886
454 461
8 31
181 697
270 831
623 970
80 270
144 609
81 614
398 611
631 940
110 136
15 450
46 145
135 344
339 772
42 191
94 520
6 128
96 214
151 250
313 874
288 605
737 774
43 673
117 505
306 722
64 848
391 409
773 998
205 340
866 987
470 589
352 548
210 784
51 357
256 902
501 848
404 899
118 345
83 140
55 257
296 854
505 514
83 978
63 783
262 775
12 863
295 596
212 356
571 614
5 92
84 480
430 452
446 959
619 881
152 708
369 712
50 145
572 740
741 788
628 632
199 584
49 891
31 749
314 563
647 825
582 915
422 834
173 549
284 448
249 267
544 907
475 667
104 379
420 462
192 264
172 173
516 671
73 511
363 702
514 953
871 992
56 135
445 552
255 637
26 830
569 680
155 893
423 851
912 973
209 317
702 711
465 869
62 122
316 822
67 596
99 353
592 764
453 484
398 595
425 892
552 671
489 876
4 502
463 508
25 698
600 824
341 834
533 824
292 936
4 41
277 908
27 896
237 307
195 391
509 642
155 477
789 995
393 942
311 458
129 632
739 877
30 117
738 752
100 255
814 985
214 606
480 975
227 985
74 100
536 968
81 510
364 848
34 381
22 62
436 694
439 906
350 670
657 901
78 324
139 489
583 902
355 452
97 650
27 479
153 567
762 900
255 404
464 745
83 895
154 784
97 777
225 403
106 670
253 661
62 839
179 765
118 265
496 720
275 489
350 552
65 71
565 767
309 544
394 906
51 599
112 907
734 933
37 869
400 670
148 569
278 532
131 970
8 926
139 327
408 682
162 477
338 842
430 553
433 743
252 295
289 709
400 662
481 678
269 374
122 588
759 822
194 703
818 889
927 934
55 281
198 556
207 917
413 638
119 395
204 799
349 896
412 708
263 418
302 477
441 731
393 457
297 422
438 758
71 482
483 818
11 691
7 841
894 902
120 738
842 847
89 147
72 469
55 920
500 902
523 564
668 714
569 782
316 858
483 822
115 798
305 396
688 745
392 399
705 933
331 845
165 690
149 528
33 876
224 852
756 956
274 340
524 574
139 544
162 641
747 823
193 559
28 119
561 605
297 548
670 833
99 240
73 867
249 491
52 133
522 701
635 835
48 630
76 261
739 778
823 870
192 487
380 534
441 484
600 952
372 887
258 951
578 834
280 492
809 950
414 993
505 859
384 607
174 316
461 953
183 642
238 818
714 792
687 698
189 361
75 724
62 949
840 908
822 864
246 520
221 704
554 707
454 945
139 536
11 424
580 602
487 649
193 909
814 964
374 957
525 639
98 965
671 688
224 244
236 483
350 988
91 612
573 833
354 925
475 486
81 143
273 465
408 774
7 937
99 845
188 711
189 544
210 736
158 512
280 713
369 488
407 627
323 674
104 798
103 309
279 579
601 635
316 652
180 350
302 446
614 656
60 972
139 627
608 849
404 800
14 960
40 372
29 403
207 395
604 611
94 633
134 191
328 837
131 697
438 900
53 116
182 688
660 757
844 849
836 856
364 953
197 861
733 745
64 976
63 521
10 913
27 136
315 759
215 683
651 693
50 939
166 209
326 649
23 312
50 270
37 255
551 698
161 241
269 612
380 924
651 757
343 843
871 940
710 930
740 762
187 609
92 711
138 587
594 894
24 580
435 472
153 681
61 876
315 593
574 738
304 442
515 595
104 685
239 337
369 874
139 702
123 853
351 378
392 888
98 666
191 267
578 931
688 814
17 794
509 556
185 781
674 678
419 663
647 890
210 320
471 630
197 422
452 967
67 293
73 146
365 539
930 932
184 975
423 923
286 989
139 474
157 444
531 904
239 686
241 256
116 948
243 526
531 901
565 566
75 470
611 910
224 368
503 849
113 618
146 384
410 969
98 950
350 999
679 751
939 972
382 603
219 819
99 765
398 458
250 813
17 929
107 121
449 730
369 865
109 500
73 421
160 660
301 765
567 876
578 947
504 934
76 827
328 576
137 483
665 941
735 851
730 818
35 529
488 878
10 798
216 948
543 702
256 722
151 537
130 450
81 671
269 606
455 951
674 750
794 906
316 414
88 860
175 483
159 233
612 877
58 190
447 837
71 961
552 765
232 977
221 849
499 897
517 619
636 748
98 292
2 336
74 943
335 835
554 627
16 794
115 419
405 514
446 466
429 998
400 551
231 890
218 443
197 962
768 849
332 392
107 427
517 698
294 953
397 653
408 815
528 697
95 113
365 808
695 751
115 951
756 779
9 479
142 541
235 904
79 834
518 834
630 729
139 324
568 726
97 766
740 981
88 544
905 990
196 649
123 376
529 908
568 996
145 418
307 490
156 986
274 897
376 886
223 737
139 796
824 960
619 723
896 982
822 836
214 389
62 508
1 99
662 905
356 665
19 56
474 832
98 995
538 949
131 350
124 703
77 498
81 960
891 960
751 765
99 209
113 921
286 303
75 82
193 795
613 748
71 451
291 928
472 949
85 816
21 769
708 979
836 882
298 399
589 850
747 822
329 495
565 978
191 673
167 263
342 366
567 760
124 483
203 555
116 552
476 612
334 421
448 857
122 963
381 830
176 183
811 879
38 317
219 818
672 685
119 974
59 70
276 560
23 228
139 975
373 497
117 251
63 130
182 359
485 518
846 933
274 376
2 172
207 480
171 242
974 980
139 666
135 423
37 718
136 230
630 928
615 642
210 248
519 894
106 280
98 561
319 486
561 761
152 782
279 750
19 20
77 330
527 728
101 793
479 617
150 476
659 983
442 969
347 433
627 838
516 743
245 546
340 955
431 749
422 551
696 711
434 730
428 935
770 807
517 523
221 725
287 620
702 1000
525 820
41 544
324 694
10 514
453 883
164 213
222 584
137 772
397 836
169 648
73 131
51 390
221 377
688 717
191 581
127 458
554 560
186 268
105 742
159 350
13 474
721 986
428 821
260 442
303 406
880 890
378 675
97 236
624 915
580 738
125 175
41 769
671 953
224 632
552 877
476 873
118 783
278 716
816 942
89 259
616 902
646 774
132 256
70 220
396 855
69 165
487 702
27 99
287 460
906 991
658 662
184 890
113 818
