3902
671 1551
2276 3075
543 1666
789 1828
1462 2176
2318 2483
774 1783
185 341
1417 2256
379 1341
879 2414
825 1852
1895 1961
359 727
2584 3411
1569 2858
612 3496
761 3754
3559 3842
67 2734
2481 3598
444 509
1734 3834
1791 3255
1139 1389
3242 3616
1075 2977
2760 3485
844 3706
492 1597
218 3184
1498 2360
729 901
3731 3806
1296 3844
320 2064
332 3653
795 3586
1418 2959
631 1013
1911 3024
181 2554
1711 2633
2887 3892
1177 2738
688 1412
1067 3396
794 3833
2737 3541
595 3449
1929 3570
736 939
366 2490
3079 3849
2364 3723
718 2459
160 3439
999 1366
2156 2259
847 3115
554 873
170 3701
1016 3240
3287 3662
955 3284
856 1049
774 3109
1120 2842
832 2533
264 863
1552 3494
395 2769
3641 3878
556 1972
24 1512
2528 2933
258 1115
884 3546
1239 3648
56 2301
1706 2961
3715 3765
1817 2094
1383 1504
1433 3164
763 2951
224 2565
3348 3769
1045 1738
296 2686
746 3671
62 3495
1387 2440
93 3148
406 1317
431 2696
823 2802
3228 3846
571 2782
66 609
127 2290
2680 2814
212 299
1603 2780
1948 3311
3020 3478
305 1105
1349 1724
1246 3122
690 3862
1190 2117
657 3286
3751 3832
731 1647
1757 3573
362 3772
1298 1561
379 3325
712 3685
151 3857
3202 3235
2903 3325
1739 3741
59 1104
2495 3026
972 1802
1686 2951
45 3552
902 1283
1479 3466
281 3180
2522 3337
599 3029
880 1567
1470 3821
1009 3006
412 3835
3164 3798
480 1577
4 2200
1836 3727
1163 1584
1238 3354
926 2598
710 753
158 3052
3230 3279
618 2149
2331 3720
141 2133
1064 2455
2639 3317
2752 2870
1358 2796
2218 2363
1385 2969
2921 3150
1218 2625
2419 3545
655 2642
332 602
276 3398
144 2172
2297 3283
1004 1451
1848 3848
3342 3685
2052 2897
584 3451
2664 2691
2006 2099
279 3435
498 3697
1048 1324
2423 2697
240 285
1421 1693
283 398
636 967
1481 2458
354 3187
2127 3695
2902 3019
114 622
2556 3370
1330 2441
466 2017
275 3230
2849 3582
2144 3487
1420 3578
1908 3895
394 483
371 3091
407 2445
3360 3808
1634 1815
943 1224
233 3323
1873 2614
108 1841
1116 1486
1088 3832
288 383
519 2314
1080 1212
1531 1680
814 2569
650 3663
1768 2390
1089 3721
1318 2319
1150 3556
1393 2436
1340 2542
5 3544
254 2711
149 487
969 2048
283 1091
446 2684
253 3516
2448 2925
1801 1981
629 3618
1368 1698
58 465
2150 3792
1000 2828
2849 3504
93 2391
512 2987
86 2570
627 1043
2312 2641
3270 3714
1174 2438
1770 3282
1124 3490
232 1331
2535 3114
725 760
169 2002
2307 3592
981 2491
2388 3321
2852 2994
880 2020
1791 3182
3035 3242
1477 2229
2547 3690
512 1642
1975 3667
1904 3193
2517 3763
1551 3321
2038 2446
621 1745
1745 2501
2887 3727
893 1705
194 2182
376 1899
2103 3749
313 2479
925 1213
2270 2324
107 2063
1185 1596
504 3325
512 3572
1442 2123
13 1920
21 909
2381 3882
1803 2155
3325 3720
3468 3773
1167 2452
2270 3782
669 1030
1274 2582
1432 3900
655 3682
1703 2815
1585 1730
1832 3731
3630 3736
2025 3670
862 1094
110 1795
1938 3811
1363 2252
1044 1410
251 1620
1350 2079
280 2520
760 3807
103 1162
1133 2558
1426 2274
1202 3819
2 10
821 1870
1499 1655
890 2693
368 1571
1415 3781
452 2184
2139 3032
35 2735
887 1987
326 1954
1266 2733
2049 3175
946 3750
618 3193
812 3025
110 1335
36 803
2183 3259
2023 3254
522 3632
2588 3612
1740 2927
2792 2854
3712 3865
868 1458
182 2785
388 2076
575 2245
250 2460
97 3436
1208 3344
938 2667
1649 3383
447 2949
1829 3349
1165 1746
1032 2192
403 521
699 2830
502 3237
1986 2637
3470 3523
262 1861
603 3428
2262 3458
1420 3582
2204 2983
3315 3513
966 1787
1844 3377
1153 3693
2357 3823
2171 3788
1984 3080
2382 2553
441 1672
1995 2246
2053 2898
2621 3686
515 1776
1265 3008
1816 2975
1784 3325
278 2912
1321 2156
886 3771
2851 3154
625 2461
1411 1765
751 1610
119 3384
1172 3346
1627 2315
309 2057
245 704
1122 2605
839 1598
764 3438
3062 3802
754 1822
1356 3055
551 2042
748 1776
300 3418
1901 2650
1858 3281
2344 2376
1390 2937
1474 3546
88 3768
597 1542
430 3305
2480 3620
2174 3487
1656 2305
2609 3650
1907 2129
315 2175
163 3141
605 1902
2384 3794
777 2759
2389 2413
529 3327
1 2904
471 2627
1413 1879
1133 1716
1878 3027
904 1187
777 1590
2683 3155
1486 3197
1735 1888
2161 3224
2239 3524
1733 2194
2433 3088
1638 2002
1238 3389
560 2781
1069 1989
808 1425
15 2288
747 3380
2906 3596
1178 2036
1589 3477
578 1809
1695 3622
331 509
1394 3460
1821 3845
1164 2629
281 1764
608 1492
2116 2193
1220 1957
3163 3211
2369 2552
452 1822
2416 3444
632 2439
1110 1301
2788 3712
2341 2651
1775 2346
3137 3340
365 610
2468 2805
507 1944
2244 3014
1511 1629
1291 2180
405 693
107 500
1200 2669
18 864
663 2552
3001 3308
1228 1453
2764 2926
2053 2723
2774 3740
1339 2034
1079 1206
268 1277
971 2888
747 1617
1468 3042
95 2701
145 1541
1683 2067
788 2596
905 2309
40 2675
730 3328
1415 2028
1742 2254
508 2976
2429 3064
2905 3192
1380 3769
1761 2752
2681 3587
2326 2874
1244 1963
3197 3757
854 1205
837 3544
3192 3351
944 1128
627 3872
1261 2303
2321 3734
1188 1364
771 998
269 1165
2045 2766
1882 3851
2610 3034
404 1610
234 2574
1387 1859
2518 3147
2231 3181
327 1597
35 181
228 1219
464 3301
865 1079
911 2749
2085 2997
835 2093
189 1430
3000 3313
678 3853
1046 1872
2515 3666
1668 2913
440 3886
2046 2105
2210 3739
2708 2775
2332 3426
327 3274
2420 3251
434 3353
702 3004
1515 2511
583 1528
1818 3825
2236 2861
936 3241
2214 3860
2362 2642
2051 3902
1479 2120
1002 1950
193 2290
456 1692
2435 3445
1271 1977
1651 3189
1840 2173
1756 3753
642 3325
2281 2555
2497 3324
2251 2536
124 2328
2205 3040
9 659
246 3420
209 1386
1692 2030
2358 2749
1500 1884
204 2881
1344 1884
328 2742
616 2074
896 3610
2230 3624
958 1012
3137 3843
2022 3665
1301 3680
506 1308
790 2614
383 3311
1226 2960
3794 3852
709 979
25 3332
2153 2353
1861 2540
1068 2047
3033 3674
897 2806
1302 1890
3116 3606
3054 3701
2517 3510
3434 3722
1292 2112
252 956
1284 2930
478 1635
2158 3087
2373 3025
1695 2783
500 2163
39 270
1010 1614
3288 3882
2092 3050
1642 3432
1715 1825
980 2057
517 2026
2974 3765
2110 3633
3375 3775
1564 3643
1933 3537
1723 2426
632 1139
1234 1789
906 2305
1262 2764
950 1149
392 3386
76 2586
698 3495
1526 3205
2612 3624
565 1883
1484 2987
2919 3894
1480 3599
1220 1561
3102 3458
2502 3641
15 1359
1865 3251
3617 3896
2869 3760
2253 3098
331 998
421 2119
954 2293
2755 2840
2124 3491
748 1575
441 1958
939 1435
2392 3315
2257 3132
153 2596
1347 3345
375 2559
174 1084
1404 3867
1873 3488
1198 1635
620 2071
1028 2444
818 2449
2181 2753
1059 2349
1252 2730
2885 3756
1942 3310
855 2187
646 1598
2409 2879
1141 1581
2079 2384
3673 3858
194 3776
646 3085
2304 2918
209 243
495 1868
2314 2620
1906 2812
804 3378
1107 3510
77 1378
1344 2513
273 3320
2775 3455
302 635
995 2460
321 3021
634 962
1578 3664
1352 2970
701 3278
416 547
675 1743
3145 3554
273 3505
1947 2269
2177 3264
142 1127
2087 2903
1623 2979
512 2486
771 1349
594 920
2841 3543
801 3363
235 2198
1478 3121
1090 2996
218 666
2351 3185
1348 2166
1405 2952
1184 3870
727 922
1304 1782
65 953
1172 1242
493 1286
680 1685
1808 2185
294 566
3759 3871
2820 3380
178 426
2265 3430
2271 3725
1042 1838
1500 1930
306 1405
84 3178
1896 3356
1310 1786
151 2787
873 997
44 3440
1429 2012
516 3312
147 2815
1392 3172
3615 3814
576 1001
1052 1639
1258 2458
14 1243
1323 2089
435 3385
695 2790
2300 2643
1472 3260
1346 3717
1289 3553
505 1670
584 2757
46 676
2925 3170
1389 3243
307 3691
1249 1309
593 3210
1007 2516
2631 2712
1048 2689
407 3694
1113 2620
2065 2511
2254 3625
1756 2551
1196 1808
1025 1291
1000 2101
1240 3631
1320 3738
1795 2920
409 2800
3247 3489
651 1397
959 3013
739 2340
177 462
2255 2797
78 1008
1708 3656
2744 3196
1018 1036
1508 3502
1185 3605
1090 2021
3113 3688
313 3795
1303 3890
1461 3446
578 3325
1529 2109
2259 2788
114 2632
2044 3310
1714 2735
2177 3707
927 1769
436 2507
1053 1114
1864 2975
1015 1562
785 3056
2125 3308
1493 1558
858 3262
1688 2208
1114 1672
1658 2811
2442 3673
815 2291
1147 3742
770 945
1471 2134
314 2903
1849 3638
578 3309
217 974
377 2260
1015 1985
2308 2345
2509 2687
912 3805
357 557
2113 2873
36 1607
3601 3739
3263 3675
2233 2736
883 1012
2425 2599
1579 2621
461 1537
2808 3859
1674 1988
376 2273
1270 3558
1521 1888
2506 3168
1240 2209
1391 3747
1061 3688
585 2898
1982 3854
703 2865
2478 3698
1898 2226
1069 1313
1875 3431
2430 2673
2141 2372
1308 3850
2847 3737
850 1733
800 3408
337 1212
2423 2938
3820 3841
2354 3606
966 2035
2051 3347
3045 3669
661 931
438 1285
1855 2782
419 3684
356 2705
1636 3603
745 2549
977 3819
2155 3539
1548 2971
811 2032
2482 3235
266 2560
615 1766
344 3223
98 2453
654 2271
1113 1180
496 3207
1271 2144
2105 2573
670 2187
737 936
2083 2212
1591 3618
1383 1744
3244 3660
1927 2235
933 3637
130 1487
1426 3366
380 2222
20 2965
99 1979
1911 2595
1927 2280
2689 3252
2168 3577
325 1652
2289 3481
1026 2646
3333 3658
918 2444
882 3130
2626 2724
2483 3422
2915 3188
2272 3800
735 3566
3537 3828
916 3441
2285 3295
2148 3066
756 1173
798 3706
1150 3182
207 1594
2981 3070
551 2732
1146 1996
3118 3128
985 1557
1392 3254
1253 3645
2817 3729
141 2630
3553 3671
2575 3772
274 1052
77 3464
2909 3438
1521 2327
628 2332
923 2532
1429 2292
1792 2159
58 291
554 3531
720 3204
86 1251
128 1194
116 3323
485 2474
1388 1789
842 1970
1338 2607
3265 3770
3030 3508
79 1006
1020 3040
1806 3803
64 1712
1640 2082
2084 2934
580 2645
1969 2411
445 1835
659 2821
2583 2995
1963 2686
661 3131
2232 2891
1524 3467
2001 2071
2883 3109
1396 2512
2356 3405
1461 1681
1732 2832
2900 3161
302 3162
123 3212
700 2430
396 1682
208 2563
1138 3897
11 1898
512 722
3044 3642
222 1994
197 2931
1307 3817
718 794
1275 1322
1130 3076
2219 3297
227 1080
1406 3704
400 2395
1065 1837
2258 3588
3351 3891
1626 3451
514 3716
2405 3174
2581 2791
1097 1507
1720 3350
382 3350
348 1268
1248 3273
2960 3694
136 566
1753 3572
2191 3069
787 3700
3357 3783
938 1502
259 2899
2122 2670
192 726
806 1465
1004 1834
421 3500
866 1328
1513 2295
990 3653
2218 2341
2449 2488
666 2363
670 3286
1853 2465
1412 2910
447 3156
2486 3023
459 3889
1707 2676
2743 3879
1464 2520
692 2916
2272 3371
1628 2567
2240 3358
630 3413
1463 2385
921 1290
402 1631
1582 2793
68 3692
202 439
1313 2603
988 2678
2789 3153
1824 3724
2104 2286
26 1893
82 3689
2685 3809
1915 2108
2544 3298
1158 2915
1762 2763
1337 1603
1679 1835
722 1752
682 1751
1522 2874
581 3330
1645 3724
1110 3814
146 904
1055 1297
2765 3894
1354 2922
321 703
1288 3743
1611 3657
602 1040
87 3873
1747 2350
362 1305
422 1560
645 1414
590 3802
314 2671
3360 3550
1361 2707
470 3830
1565 2770
576 2171
2597 3647
820 2276
569 2154
1445 2531
496 2190
3090 3489
869 3057
773 1780
498 1916
792 1921
3399 3666
1810 3097
234 1953
117 3719
1943 2671
128 3659
1179 1565
97 719
965 2170
1928 2096
81 3123
1148 3539
512 2795
726 2127
255 1771
3569 3898
1377 3776
776 3456
1193 2923
34 1811
1448 3381
519 3818
1555 1560
62 859
1175 2215
2442 3429
1713 2209
446 1729
122 3026
474 1763
553 639
1456 1509
676 1343
3557 3868
994 2556
1460 2708
1134 1962
303 555
847 2858
499 2084
714 3572
420 2090
1320 1459
2403 2946
165 3713
1871 2932
1180 1583
1495 2674
1148 3444
768 2061
70 3587
1740 2382
261 1382
1549 2964
2401 2454
1827 3484
393 2938
716 1999
1027 2242
118 2273
939 3325
215 2060
220 2936
971 3642
526 599
173 2308
2004 3842
3015 3448
1191 1517
1506 3744
2826 3198
2008 3150
523 3591
1533 3056
2199 2588
597 2400
1106 3486
3239 3525
1918 2283
3548 3561
541 1586
2792 3559
285 553
339 1711
2090 3191
1530 2041
1433 1496
2355 3238
199 3752
3069 3303
1514 3123
433 3581
170 3432
2275 3450
1054 2476
215 374
1424 2715
758 3508
2447 3436
2886 3061
152 2146
2424 3574
1440 2145
765 1225
2438 2494
1715 2201
1006 2618
504 853
229 3535
1419 3211
931 3478
2169 2550
1768 3775
2698 3846
548 2955
1888 3325
957 3094
2073 2368
1549 3870
236 2021
2753 3747
2954 3640
805 1534
350 3851
127 1731
1311 2746
1554 3629
3437 3745
450 2146
932 2255
390 903
1564 3730
120 1542
1241 3755
311 2457
1263 1409
459 975
156 3336
915 1700
223 3879
1642 3557
41 3651
1286 3596
1751 3528
2111 3045
1047 2059
2203 3865
1036 2937
769 3702
463 1919
9 2302
1277 3689
139 986
101 1422
2797 3655
2637 2888
3052 3517
136 3506
60 1731
265 934
2358 3453
2740 3392
466 3084
1101 1562
3276 3316
1451 2924
1875 2716
3317 3410
2844 3127
2033 3512
3481 3817
970 1926
491 3260
3434 3639
913 3827
29 3575
24 364
2234 3302
1375 1804
2223 2894
2949 3778
2434 2759
1276 3499
57 323
187 2468
333 382
106 663
292 2861
2374 3535
74 948
2162 2844
203 3319
1469 2137
2682 3602
335 3659
1421 2188
1532 2550
2811 3295
293 544
975 2539
1370 3084
2098 3043
2376 3868
264 1236
570 2580
665 1663
257 2325
1900 2235
206 1681
428 2656
1683 2211
697 2746
326 623
1767 3163
384 973
978 2716
10 3345
2058 2130
1530 1938
436 725
479 1785
1299 2860
831 907
2038 3089
1981 3167
1891 1932
1300 2518
61 2935
2174 3043
811 3479
428 2097
549 2131
611 3419
638 2504
216 3710
1116 1137
99 1688
2871 3707
1156 3374
846 1430
1917 3166
580 3548
693 3306
539 3062
439 3216
549 2713
109 3280
2924 3877
2197 3111
96 2534
3 1435
919 2101
57 1103
2040 2350
1055 1365
548 1132
699 1709
1138 3645
3060 3092
1706 1881
3071 3326
656 3630
76 846
2665 3082
1538 2439
2748 3369
166 1452
2293 2952
460 489
1206 2068
17 783
2361 3218
186 2537
559 1665
1056 2821
1045 3751
2664 3675
2576 3102
3119 3460
881 3786
481 3577
611 1604
3342 3869
1837 3840
269 3492
2862 3006
512 1430
2697 3301
241 3467
631 2320
78 2188
705 1136
442 458
1183 3656
1074 2421
843 1022
2731 3395
1438 2833
874 3876
940 3042
144 243
354 3296
2261 3047
1787 2082
1666 3766
390 3202
2409 3517
2958 3514
29 667
1213 3418
574 2505
2499 3795
352 821
872 3780
708 2213
394 1332
685 2859
48 708
1278 2000
150 2031
2115 3327
1621 2818
280 1553
2934 3825
464 2469
1086 2417
883 3635
3080 3543
72 2747
2745 3608
820 3292
1662 1854
1279 3509
225 2917
367 653
2471 2897
1432 2988
289 2227
546 987
696 3259
600 3264
992 1082
615 3330
329 2714
1482 2344
2163 3725
456 1975
2918 3600
1651 2034
123 2601
704 1325
751 2907
797 1128
881 2191
2525 3884
851 1971
2066 2294
1438 1714
1778 2943
422 875
2244 3073
879 1259
121 140
1443 3874
208 2661
1886 2484
489 706
271 2679
816 3361
1237 1253
2329 3258
1073 1769
952 3843
450 527
3149 3221
1393 3233
2469 2481
2067 2668
233 1809
308 2115
937 2739
2063 2250
3009 3634
673 949
1216 3881
1395 2772
214 272
2720 3534
1184 1573
1554 1905
395 1440
473 3602
2415 2543
1156 1522
1237 1326
1347 1519
1357 3816
976 1017
494 3229
1670 3263
201 2622
454 3048
2860 3628
381 1330
89 2401
190 1544
109 3261
689 1275
482 2340
711 2979
562 3389
353 1796
1437 1743
814 1242
2196 3492
600 1883
577 3367
1151 3571
974 3273
3237 3668
1348 3850
493 1772
807 1047
1473 2431
2770 3455
12 3199
2989 3111
1473 1584
2683 3214
827 2124
3257 3366
2578 3293
598 1889
1091 3051
1171 3014
536 2778
275 2929
1115 2834
1434 3831
2147 3757
472 3414
1362 2395
411 3520
2950 3777
1083 2328
340 3669
2185 2718
348 3796
1192 2597
1749 3722
1885 2725
333 1686
1145 2666
2606 2755
1428 2472
1947 3028
1922 2658
2154 3676
752 2277
361 694
1563 1836
1357 1798
2417 3474
2239 3231
2245 3314
1224 3473
1576 2655
59 1359
1316 2804
488 3063
320 341
759 1466
380 516
2172 3564
1380 3568
1948 2160
134 3536
1930 2117
310 3820
1575 2995
1923 3718
1434 3708
292 1516
430 582
1548 3457
476 2258
1723 3232
1166 2222
1123 2260
230 2018
745 1753
1178 2318
2313 3232
373 2343
2451 3556
861 991
1247 3876
1920 2567
758 1739
256 371
1168 2606
2551 2985
949 1029
1755 3244
247 2349
2236 3101
1821 3060
1276 2859
3347 3391
2717 3611
1142 1728
220 3409
257 1364
2534 3200
31 1467
1254 1541
42 260
2306 2309
1120 2336
1518 3574
1606 2769
889 3465
717 2299
3629 3827
38 3041
98 3531
375 2864
613 3580
1572 3267
1147 3234
342 3692
1081 1516
437 2724
2267 3139
1671 1935
1021 1577
1574 2641
310 3457
529 3159
1121 2281
1307 3219
2820 3313
616 3589
919 1545
892 3013
408 3496
370 1600
432 3790
230 2774
211 1108
1367 2660
365 994
132 1784
374 1312
968 2443
23 477
1839 2398
172 1209
1699 3136
950 1140
624 3304
533 2075
2301 3421
316 3425
696 989
1643 2742
2579 3758
89 810
3096 3838
1497 1689
52 1270
640 1223
1790 2786
617 1926
2018 2529
592 1311
2727 3387
1662 3613
2234 3523
483 2728
1630 2978
567 877
336 1033
841 1971
782 1137
692 3429
1427 1488
196 534
2263 3658
1450 2107
1087 1446
3016 3415
2196 2618
301 3160
301 1628
2651 2701
138 3106
878 2221
161 3782
2704 3665
1699 2264
944 1053
2228 3083
968 2168
732 3550
2520 3325
201 416
1154 2033
1072 1558
901 1444
1369 2134
791 2220
2524 3207
925 2157
295 2466
405 3463
182 359
2039 3893
1656 3474
922 1843
1231 3728
870 2839
398 3199
1186 1684
1534 3711
1229 1851
1617 3717
830 2070
27 1154
47 3407
3034 3300
710 3373
349 1394
1161 1816
1029 1580
363 2243
402 2035
713 2122
503 964
131 3107
2268 3004
1588 2416
1333 1889
2020 3720
318 3480
1827 2042
1203 1569
1815 2870
963 3661
276 473
355 3793
2158 2593
2182 3679
5 2639
2010 2199
1909 3001
1098 3425
1441 2200
1730 3649
2622 3732
361 3742
244 1632
1425 2240
3471 3639
2432 3067
54 642
1664 2538
674 3055
1239 2904
308 2028
167 2397
2467 3012
788 1169
349 1030
2411 3841
160 2719
1644 1717
757 3061
455 1556
606 996
1096 3654
1925 3525
22 328
1067 2160
1273 3452
1615 3840
247 2692
961 3623
1832 3891
1043 2135
104 3177
126 3454
1198 3114
2611 3552
1760 2217
2097 3563
345 587
499 2647
66 3532
908 2139
1003 1872
1851 2905
535 3388
396 1225
840 3068
111 3135
772 2408
1871 2791
1059 2047
1709 3801
1136 1505
844 1503
875 2519
125 2964
756 1805
3105 3198
2334 2942
590 681
573 1613
229 2143
2559 2731
1594 3536
2722 3290
833 1955
1625 2181
8 355
2477 3609
2863 3789
196 3764
686 2575
1009 2814
1697 3335
391 662
1111 3065
1915 2303
100 865
869 1064
1678 2054
3083 3386
1099 2808
2211 2535
1790 2819
356 2801
1083 1102
589 2242
897 3017
2644 3864
278 2570
2451 3866
984 3010
3031 3619
45 2838
1838 3619
3612 3651
166 565
2501 3784
174 3238
2611 3368
3107 3267
764 1342
1556 1800
2953 3813
435 3169
1539 1944
1869 2237
778 3158
753 2487
2120 2882
3390 3652
1427 2320
999 2503
915 1782
249 3075
685 3243
1829 2507
1618 2571
468 1109
1844 3699
352 2098
346 1399
538 2830
3603 3880
2521 3234
1496 3420
678 2807
169 2881
415 3518
425 457
286 3180
1685 3728
852 2778
2463 2640
2561 2564
826 1417
923 3292
171 1640
1202 3804
2562 3507
1460 2864
2380 3334
1261 3222
3213 3889
1831 3699
512 1961
188 3147
2882 3364
1512 3320
22 2865
1817 3555
629 1568
1641 3515
983 1160
852 2751
1484 3161
776 2850
1040 1659
480 1576
905 3604
2422 3184
73 2976
534 2966
261 3499
660 2509
2331 3895
8 717
3737 3788
2112 3258
864 3200
497 2371
28 1042
832 3131
785 3035
1592 1696
2046 2947
524 1546
1216 3815
1257 2510
41 645
973 3186
3396 3901
1550 3875
545 3346
2195 3812
541 1258
784 2527
1536 3770
2776 3681
38 1223
828 1996
2036 2471
908 3116
1701 2060
521 772
849 2635
81 1477
7 3108
3423 3754
1071 2186
69 3195
14 2106
2725 2848
819 2633
2626 3256
1361 1655
595 1250
2005 2950
1037 2757
1600 2140
1193 1710
1644 2031
1436 3142
1532 1605
1794 3633
2733 3089
1807 3124
1455 2699
1544 1661
1725 2268
1035 3206
1327 3847
3227 3411
836 2745
2941 3029
1125 2490
1214 3038
1741 2123
2868 3530
3681 3804
2649 3484
1217 3762
1241 2427
1439 1625
2512 2990
2226 3413
1134 2603
171 1422
1423 3121
3274 3622
928 1234
425 3338
935 1431
3511 3554
561 3403
2914 3275
1031 3872
130 1135
679 2372
1800 3834
819 3848
231 2684
284 1376
2663 3466
504 3276
1340 3362
2366 3838
2233 3331
1254 2192
2368 2422
716 2436
52 1908
1378 2729
1777 2152
972 1846
1557 1726
3100 3468
2076 2087
1131 3424
765 3443
204 2923
2129 2712
63 3749
360 3621
1197 1334
506 567
135 2398
53 1205
2892 3693
1018 2072
2896 3580
981 1487
1073 1705
1803 3333
2547 3225
2662 3326
1455 2310
2404 3126
840 903
267 2998
274 1648
2157 2419
2365 2589
1034 1235
1264 2054
317 2278
1058 3206
2840 3143
1830 2407
817 3703
2167 2739
1736 3472
1483 2578
277 1503
889 3166
1475 1547
486 2126
683 3049
2819 3683
1767 2415
734 3249
2648 2714
437 3733
1070 3281
1329 3490
942 2356
1033 3361
596 1894
572 3113
605 609
1323 1924
550 3245
2835 3003
1587 2284
2173 3521
3306 3811
268 1407
1016 2473
225 664
74 1992
1092 2721
824 2967
2785 3117
643 2394
2762 3729
3575 3778
2427 2802
2560 2700
2104 3187
1044 3759
2195 2994
1828 3871
238 251
228 3136
401 1650
363 964
2997 3542
3357 3571
513 3498
1881 1910
2920 3613
2921 3792
586 891
2179 2378
472 2131
105 3797
559 1489
381 2545
594 1231
2383 2781
1353 2378
317 3250
1201 1268
213 1155
1266 3171
2768 3094
1457 2645
1660 1805
311 2464
43 3426
721 3527
1107 1559
72 3452
392 2312
2085 2108
347 1288
1694 1781
1647 2465
738 3011
179 3564
2250 3463
240 358
255 1629
2462 2767
176 874
755 1914
614 3590
1744 3844
2666 3154
366 2839
2310 3253
652 1634
1949 2075
2386 3885
1833 2037
660 2848
1470 1735
849 2164
3275 3372
518 2256
528 3247
1360 1602
2456 2479
2777 3447
235 1371
2688 3515
2720 2992
2528 3118
738 2653
2986 3037
272 769
2446 2602
1491 1701
932 1194
3115 3196
1842 3183
1279 3020
2062 2734
1964 3362
1820 2608
1459 2798
84 2548
648 2167
1622 1842
2893 3086
2369 2835
2823 3635
871 2080
2201 2482
3009 3500
1663 1958
1287 2572
1732 3322
2016 2889
3338 3393
69 514
822 1852
1144 2263
270 339
26 237
540 1665
316 701
226 1891
2017 2045
455 2488
2230 3217
1269 2164
782 2342
2050 2275
571 1819
2643 3664
2061 2264
1122 3218
200 783
1060 1199
198 636
596 686
1940 1952
1623 2424
56 1671
946 1019
1089 3059
1606 1812
2408 2875
129 2333
137 2991
2871 3768
1702 3901
909 3644
2591 3522
1326 1566
1355 3861
953 3826
3305 3475
307 1332
2591 3798
387 1849
1051 2091
219 805
2991 3590
1525 1626
1860 3188
469 2457
3167 3268
1211 1227
1572 2703
512 1170
2361 2982
1517 2613
463 854
2069 2452
2136 2847
413 3888
206 767
1505 3672
1020 2282
1531 3291
2370 3497
102 741
83 3096
1965 2825
164 3520
1274 1882
665 917
216 3597
148 2580
90 3000
265 2681
80 1762
542 3203
1960 2795
2327 3190
1123 2421
1819 1863
3178 3300
1485 2394
538 3786
1721 3319
2011 2015
2445 2648
397 1865
2485 3297
900 2473
143 1243
697 3714
296 3325
236 3099
3240 3519
1066 2656
3626 3836
1537 2763
70 3053
1337 3126
477 2709
3354 3400
623 3783
47 573
1876 3565
3181 3307
294 2365
67 3608
258 2025
2880 3424
1441 2138
630 2478
471 3031
1375 2761
1093 1810
2784 3209
1993 3343
2266 3614
2114 3312
896 1583
1654 2650
1296 2676
1124 1850
55 2893
237 2169
2253 3686
40 3822
988 3428
531 2824
1907 3503
1437 3456
238 3503
2166 3498
2373 2503
1480 2437
133 673
3129 3335
1979 3352
1553 3414
1738 2901
1450 2972
512 3395
957 1400
1211 3117
3461 3696
1826 2050
2660 2662
406 989
2321 2325
781 1540
2696 3377
322 2940
138 1601
253 2380
2692 2845
323 1673
1379 2619
1748 2302
2890 3103
1068 1179
637 3261
1282 3406
385 2922
1845 3648
202 1256
2088 3867
1757 2004
542 1207
1990 2000
2679 2698
2059 2584
2659 3110
648 781
2396 3073
1407 1742
619 2932
1653 3175
423 1806
1056 1684
2152 2279
2999 3303
304 728
1942 3849
3201 3652
3417 3479
653 2207
1312 2962
1678 2448
3074 3087
2319 2533
113 1203
221 2386
64 3533
557 1766
2691 2855
2541 3526
2497 2736
520 1936
1974 2247
467 1957
997 3800
1074 2492
2399 2970
1261 3325
1293 1781
418 3538
1520 1535
453 3404
962 982
2406 3748
1221 1555
1170 3179
2153 3378
983 2604
295 1968
1494 2339
749 3173
1519 3209
303 2563
3593 3899
2522 3607
179 3873
4 1673
688 3682
1335 3453
1398 1857
512 865
178 1023
434 1304
510 3591
279 413
165 246
1633 2220
448 1525
3585 3697
2048 2470
427 558
370 2947
532 1372
1192 1289
750 1162
217 620
1921 3568
1892 1978
1991 2207
3442 3594
3022 3024
83 3433
1077 2705
290 1801
2049 2531
2277 2410
2338 2710
391 513
779 3573
1478 1856
1994 2357
1719 2590
742 1980
389 2693
2410 2768
1586 1587
1035 3855
1368 3501
2988 3502
2078 3430
1614 2935
920 1039
1868 3257
3447 3632
706 958
94 3784
815 2136
2623 2986
1527 1998
2070 3215
210 2011
1846 2176
1955 2795
1679 3322
1843 1877
1504 2706
512 3765
131 1200
691 1157
2009 3896
1630 3132
1520 2630
1230 3216
100 373
860 1860
1483 3213
1876 3785
587 2573
614 1890
1111 1952
252 2616
399 1058
3027 3900
1720 2040
1877 3845
1755 1976
2798 3781
1063 1777
1894 2919
1046 3246
1309 2856
933 2450
886 2274
2902 3339
1112 3171
71 642
649 2564
1943 3383
2145 3189
829 930
2744 3332
284 3324
2638 3857
2845 3755
2783 3134
2248 3248
1293 3373
2016 2425
291 1497
87 3309
122 1585
153 3008
3486 3570
3415 3763
19 1365
525 2343
3007 3730
1833 3140
1547 3334
2577 3810
2039 2825
1095 1802
1488 1499
825 2599
2568 3672
55 512
410 3124
2012 3640
2443 3179
2889 3440
423 2801
2492 2594
2287 3427
1363 2367
893 3771
545 1492
2803 3054
512 3325
3278 3584
1028 2329
2978 3208
1076 1209
2605 3597
3371 3883
1866 3208
1874 3228
2251 2654
203 2367
2787 2807
2006 2758
828 3174
591 3135
210 2029
195 3160
2796 3296
1863 2496
724 1411
1132 2026
3093 3609
3 1269
3716 3756
1262 1281
857 3059
1155 1773
3022 3402
345 1439
417 3569
1602 3416
27 2953
2619 3454
197 3480
1214 3271
2899 3325
1508 2936
2738 2754
1190 1814
306 3394
669 2863
1495 3127
707 1014
1998 3262
2316 2388
2010 2719
1351 3476
2491 3325
2029 3660
3299 3818
1397 1939
2810 3628
1983 2582
1543 2355
254 1627
1199 2568
1384 2387
491 671
791 2217
73 3655
222 885
431 2981
2886 3253
324 3016
1454 3250
2402 2939
1669 2672
1526 1619
167 3482
51 1195
28 1945
475 3048
1826 2402
1442 3869
956 2561
1416 2526
115 2375
2700 2958
2711 2852
16 2786
1612 2908
1758 3471
1734 3078
3668 3799
300 1797
544 870
2771 3157
1874 3526
1219 2930
1218 3355
3348 3494
887 2946
986 3887
44 3445
1910 3826
1643 3509
637 3007
277 2498
372 1568
3662 3741
330 1901
1559 3516
1624 2751
1024 2723
2538 3064
1078 2911
1892 1983
115 411
831 3407
1196 3437
424 907
163 2126
3542 3886
296 2996
191 2598
175 2803
205 1204
2707 2928
2247 3511
3037 3563
449 2616
1880 2114
410 3422
1677 3293
899 2311
2615 3760
1131 2508
368 943
445 3823
1703 1949
1325 2948
118 266
1204 2600
2680 3268
561 2879
569 1652
1682 3227
1850 3695
487 579
2414 3501
2132 3337
1862 3068
780 2204
1066 3092
1303 3433
1005 2015
46 221
2334 3044
742 3787
572 1345
967 1510
741 3799
2043 2374
746 1119
2313 3678
457 2142
1608 3551
619 1592
677 1935
188 1657
3159 3837
2091 2280
2348 2867
2623 3325
668 3687
2539 3713
3047 3600
61 1960
539 1693
2007 3241
155 3638
1007 1117
1281 1637
1317 1381
2945 3072
2013 3397
1041 2141
1342 3773
762 2653
2184 3341
750 1324
2537 3547
588 3605
800 1248
537 2675
2389 3547
1902 3076
638 3093
1260 2257
1384 2862
1899 2800
563 1302
1341 2147
1641 2810
1631 1771
364 1177
1841 3314
689 3365
767 3448
1005 2730
1953 2125
592 3145
610 1466
649 3585
1646 3382
1233 2232
1923 2884
319 3647
1208 3469
1026 1300
1182 1369
82 1117
157 2577
1941 3408
2096 3683
484 3595
2418 2461
1295 3142
885 1824
442 495
1143 3074
440 3533
512 3051
2170 2223
1716 2866
1272 2843
90 2799
2532 3726
1215 2546
845 1667
1003 3549
912 2284
552 3091
2055 2985
1191 2649
731 2345
2853 3128
343 2297
1515 2330
1812 3791
941 1267
1354 3567
568 1765
1135 2337
126 3148
1905 3153
475 2627
546 1305
2741 3101
1246 1278
338 859
722 1152
789 3003
2066 3339
248 829
438 2463
520 970
1864 3493
526 2495
2760 3050
338 2624
505 1490
2418 3610
1410 2600
1176 3325
227 672
1759 2703
2216 2838
124 2283
2379 2794
700 2322
585 3252
377 762
2762 2894
80 3831
2058 2906
1075 1653
1315 2282
1799 3576
1057 1761
231 2968
1085 3861
824 2612
2074 2776
2391 2523
512 3459
694 1690
2956 3015
961 2238
508 2500
45 512
432 839
608 3858
841 3529
132 1458
1754 1896
2375 2728
1195 2080
952 2608
743 2576
787 2102
184 1741
112 947
935 3340
134 322
92 2853
168 2307
834 916
672 1669
1404 3584
1904 2165
1245 2940
1588 3719
848 3565
833 2246
34 1065
1257 2485
2431 3156
1076 1267
1227 1792
1328 1518
3767 3836
3141 3401
2095 3532
1038 1168
388 3106
2779 3586
3384 3464
417 1934
682 2773
1658 1965
48 50
876 2083
1449 2585
2330 3172
848 895
1593 1984
1687 2412
1840 3098
792 1350
940 1306
244 2926
644 3139
1315 1916
1698 2224
2119 3774
512 1468
575 2262
384 1962
1232 3280
288 3143
1318 3046
1475 1639
1462 1970
628 3082
680 2896
929 1940
2390 2885
1573 2941
2737 3821
17 3152
1424 2694
408 1719
2162 3212
1418 1937
2099 3853
1616 3449
192 1793
3316 3787
1385 3120
91 1436
1187 2205
941 2203
387 2663
948 1691
1352 2592
530 3491
161 2628
2983 3336
3173 3560
242 2135
3097 3650
187 2740
601 990
2464 3214
2426 3176
351 3146
810 960
1506 1638
982 3576
393 3459
1988 3382
1694 2729
451 2750
1646 1869
1814 2360
25 3036
1696 3266
2617 2754
1010 1977
1856 2527
1954 3497
18 3815
2846 3767
232 2347
2667 3283
924 1595
1210 2827
2911 3866
1356 2799
2510 3579
1119 1358
104 743
146 3108
2659 2873
586 3874
419 3162
540 3203
3419 3864
721 2963
2324 3149
312 1847
2974 3761
707 3595
164 3839
1675 2149
658 876
2592 3095
640 1370
3465 3654
1235 2440
346 1476
1922 2249
2984 3898
312 3412
1032 2569
796 2741
784 799
1255 1501
1230 3269
622 3220
818 2805
2990 3470
159 1130
2032 3157
343 1973
1158 3677
125 1779
1985 3469
1431 1749
357 2548
1050 1654
1579 1980
2475 3735
2646 3353
528 1159
674 3793
30 2628
1061 1950
861 1677
1661 2634
486 3483
91 1467
1181 3816
287 351
214 1105
1848 2014
2428 3785
1280 2715
1382 3231
420 1818
2103 3099
1967 2892
1589 3808
2118 3019
1396 2013
474 3709
2635 2793
987 1750
335 3561
2027 2743
882 1374
2037 2868
186 1649
2636 3010
3063 3417
1713 3482
2206 2543
1145 1403
675 3217
809 2866
175 2968
1245 3085
562 910
32 3110
2064 2504
1170 2073
1101 3743
2713 3581
289 3265
713 1501
1319 3294
21 2758
3551 3777
2001 3611
3398 3566
1618 2554
3358 3661
3057 3855
1023 2371
790 1169
462 2955
796 2248
1946 2128
63 3220
3379 3824
113 1797
583 687
297 1859
2352 3394
588 1887
1538 1675
2072 2159
409 2521
2593 3558
522 1972
3012 3856
32 3883
929 2927
2690 3459
453 2967
942 1077
918 1175
702 1636
501 2834
488 558
1913 3847
1094 1443
1509 2709
754 2151
358 3887
2601 3421
239 2956
259 2851
899 2595
458 914
3017 3830
490 2688
2269 2668
172 3601
1581 3002
1482 2323
260 2710
1160 3104
1453 3307
3155 3215
2364 2827
290 2609
530 1093
913 2872
515 2081
1186 3588
1346 2756
2225 3282
963 1928
795 2467
1457 2640
3690 3902
485 2077
1648 3744
1804 2336
712 2298
299 1014
1373 3740
719 3807
1726 2179
524 2900
1351 2836
2143 2623
211 2945
737 2876
768 1444
2441 2590
1019 2806
525 613
1999 3222
2832 2890
2221 2433
1609 1807
1788 3667
536 3246
1362 1676
3079 3285
173 193
647 3884
1539 1893
2317 3405
3284 3863
3005 3409
1820 2699
1676 2086
1360 1887
2003 2677
2992 3223
2702 3698
1164 2624
2957 3138
1992 2480
2267 3806
2984 3518
866 900
1707 1932
148 830
807 1127
1118 2396
934 3711
3529 3810
3049 3764
2999 3677
1217 2655
3152 3388
1823 2717
85 2316
1226 2695
2944 3589
641 813
1878 2823
1689 2661
1552 3549
1244 2148
1002 3723
1222 2068
3051 3399
1388 3736
867 1978
838 3833
2987 3513
2208 3272
898 2412
92 736
1546 2428
2116 2322
2969 3646
3103 3644
195 3540
603 2175
162 1570
1027 3483
1903 2198
154 2615
976 3709
984 1759
389 2494
1727 3129
2506 3485
535 2722
563 1174
755 2674
512 1132
2100 2265
461 2094
1536 3738
1929 2813
19 2962
282 2553
921 993
635 2587
85 3343
1591 2151
79 1060
1166 2348
2546 2687
779 1334
668 3226
51 3070
1051 2366
2513 3030
537 2024
3219 3239
3002 3387
1752 2041
677 3615
271 1377
1946 2118
3032 3604
103 2726
1236 3272
1149 2545
250 3151
152 1533
1481 3395
1034 2842
176 2212
1736 2784
612 3758
249 2508
1632 3077
1545 1895
2899 3406
1322 2555
2335 2789
108 1529
1159 1687
2672 3170
1252 3718
826 3191
643 2625
2183 2602
855 978
1903 2109
3236 3528
728 1078
555 3705
1997 2836
1708 2652
928 1986
1831 3813
1763 2286
318 1456
1215 3835
1615 2133
2294 2405
1650 3779
533 1956
1446 3289
1319 3856
200 1037
1621 2194
1189 2323
1140 3524
1657 2837
1966 2747
1524 2914
711 1710
154 3473
1760 2957
1167 1468
2107 2850
2857 3829
806 2022
1087 1914
1784 3592
1299 1853
1550 3705
156 3403
469 3077
1933 1990
2447 2854
1969 2476
404 3427
778 3746
650 786
1408 2665
3369 3837
834 3205
386 3875
1879 3734
3631 3679
415 3488
2180 3506
817 2393
1847 3372
2966 3674
598 1700
2634 2824
1862 2352
1049 2706
1285 2024
1570 3708
2291 2790
556 1371
1612 1774
924 2818
88 2296
96 3186
683 2351
2542 3277
60 3071
119 369
1272 1825
951 2300
105 894
1391 2219
1294 2524
287 3627
267 2237
604 1297
1778 2973
94 1062
813 3018
1399 2210
185 2337
1401 2880
1727 1959
2404 2931
190 3687
139 2678
3177 3627
888 3355
1691 3514
12 2750
337 3318
68 2392
2019 2530
1566 3112
850 1476
863 3374
2193 2353
2413 3762
1697 3058
1402 1897
664 2238
117 137
189 3376
1197 2055
16 1210
2030 3331
1764 2540
460 2299
95 155
2727 3617
468 3822
75 3555
106 1599
798 1298
1997 3521
1290 3248
11 2288
1260 2161
641 1839
1452 2229
1374 2202
2287 2973
2525 3780
2292 2587
3732 3748
766 2631
23 2939
414 1222
20 906
656 1728
644 1527
205 662
1729 3391
773 2241
219 2837
1121 2132
2065 2165
926 2007
977 2279
1144 3663
695 2342
1100 2647
1619 2857
1913 3854
2241 2484
654 3745
634 2942
2466 2669
2437 2828
54 2846
1070 1976
1086 2406
2377 3390
2014 3095
3065 3493
1494 2998
626 3607
1327 3567
2383 2690
1886 3443
147 1041
1104 1449
1989 3104
564 1590
1605 3791
414 2128
184 3328
1188 2474
1667 3105
1712 2493
371 3325
1207 1785
1889 3325
2086 2519
1423 3439
350 1001
502 1925
657 3540
827 2420
484 1284
2130 3005
720 2954
512 2186
1813 3018
2831 3862
843 1463
1813 2505
793 3255
1571 2008
1511 3790
2977 3796
547 3290
429 560
1543 3880
43 1471
872 3560
129 3169
1811 2189
1057 1152
213 1563
1690 1721
2311 3892
120 1823
3245 3329
111 2027
490 2878
1774 2224
3039 3527
2963 3637
3271 3462
256 3393
763 2403
1176 2875
1173 2213
65 2594
298 1469
1489 2822
687 2829
570 1737
1050 1233
1314 3750
2867 3505
1912 2718
241 3598
1794 3410
679 895
157 1993
1280 3021
667 2121
1096 3643
2617 3221
482 684
2359 2912
2589 2777
199 511
1507 1966
507 2657
1919 2855
412 2581
3151 3715
1722 1974
510 954
426 2771
1099 1292
1400 2227
369 3678
454 681
1071 3789
305 429
207 878
892 2826
2339 3700
1321 3375
1660 3761
991 1025
33 1897
1273 3809
802 3204
223 2816
1129 1182
969 3623
112 1264
835 1102
1287 1582
3146 3299
198 342
2429 2514
652 3033
150 2333
591 3194
401 2843
793 1013
353 517
1780 3365
1567 1609
1510 2138
690 3860
2772 3090
3185 3446
1251 3249
49 2972
3058 3646
3304 3367
158 3702
2583 3183
1772 1995
443 492
3120 3462
1867 2111
2877 3625
740 3294
2459 2557
191 1951
2516 2773
1608 3088
1373 2933
1924 2971
319 1964
2261 3072
2432 3472
235 3325
823 1622
2694 3599
433 1633
1084 2454
1968 1973
651 3038
1390 1702
1021 1775
2502 3385
1095 2644
902 1256
3285 3594
1613 3746
2496 3287
478 3112
378 1674
180 812
1153 1402
2435 2491
1758 1867
770 2572
1783 2756
733 3519
853 3078
2965 3805
2150 2487
2377 2948
418 930
965 1779
1414 2486
1379 3583
2907 3194
304 822
3379 3392
168 2916
1746 2326
775 1523
1125 2526
23 3325
857 1386
951 3279
397 1909
589 2252
2069 3158
527 1704
2610 3893
1645 3626
183 3412
842 1523
543 3435
1578 3431
1039 1092
3475 3766
133 3704
467 1343
33 71
465 621
13 3165
403 1854
1372 1858
53 1228
1514 2095
729 3614
443 2215
1945 3721
224 3352
135 1072
607 894
3266 3863
992 3256
262 2515
159 2387
400 604
3461 3477
3133 3579
960 2682
476 2052
3270 3859
1038 2629
49 1306
1367 3039
1098 2721
3011 3696
2266 3302
330 723
1310 2765
424 996
3476 3504
334 2658
1314 3138
2657 3133
143 709
1103 2499
239 1126
448 3036
1151 1918
1109 3691
149 3578
2078 2530
180 2943
518 2140
1008 2813
523 2833
3657 3703
42 297
995 1596
2407 2462
568 3774
980 3130
7 1141
494 593
732 1161
1054 3119
803 2489
1017 2043
1754 3828
884 3401
2214 2726
315 1490
550 2470
532 625
1085 2831
2137 2455
102 2005
1793 2654
2566 2989
2225 2306
334 1081
1259 2019
1917 2228
347 2917
2359 3545
804 2346
379 1355
2929 3125
1024 1498
2632 3359
1912 2913
2231 2944
1448 2289
399 1718
838 1445
2092 3416
577 740
1157 1704
1255 1376
1171 2571
860 910
845 1722
715 3318
766 979
140 212
617 1616
945 2980
639 1263
1143 1465
1464 3028
2877 3803
2702 3341
858 1403
2393 2544
2816 2961
1229 3081
2856 3053
1221 2529
3176 3593
116 1201
1982 2883
1395 2023
802 2347
862 2298
714 2296
242 2434
1316 3534
511 3298
579 3442
1637 3670
1129 2829
786 993
37 1991
1062 2523
809 888
868 1100
1934 2670
735 1232
2 780
2779 3081
1737 2397
75 1502
723 3538
1336 3710
816 2216
336 715
1931 2475
2189 2766
2186 3583
698 2909
2562 3144
183 3881
752 2613
2121 2370
837 1830
2110 2197
1031 3086
2493 3680
705 3753
1189 3779
1845 3125
633 898
1595 3359
248 761
1770 2574
1419 1796
801 2636
31 1247
386 1082
730 2453
101 3541
744 1011
3368 3839
851 1880
1611 2884
6 2044
360 3363
427 1593
1750 2804
581 607
39 324
1181 2399
2142 2822
385 2761
757 1855
2093 2400
1956 2579
2249 3168
2304 3144
1937 3824
162 3329
1959 2891
606 3165
911 2472
1294 1601
121 329
2178 3812
263 2993
808 890
927 2812
1724 3423
1447 1680
1381 1961
226 3735
37 1788
55 2908
947 2362
1108 3134
2809 2841
1599 1717
2704 2732
1574 3233
914 1126
451 759
1265 2450
937 2381
367 497
1664 2498
2206 2677
1112 2317
1799 3636
2604 3726
1 691
1454 3888
1333 2872
2652 3225
658 1428
1336 3356
1183 2278
647 3210
2809 3376
6 797
298 3649
531 2549
1146 1409
1329 2295
1535 1936
378 2202
1773 3226
2190 2243
1485 3801
724 1366
1398 2285
985 1725
684 1939
2767 3404
1282 1406
836 2338
1866 2489
1748 1885
293 444
1659 2901
2106 2980
1857 2500
2993 3277
601 1834
3100 3441
2113 2673
3450 3684
2315 3733
1249 3621
626 1718
142 799
2379 3620
3507 3897
733 2102
574 917
1283 2088
372 2695
1408 1413
1097 1416
2385 2477
1967 3349
1011 1338
871 3122
1620 2558
286 3041
245 1528
582 2056
1331 2685
1941 3195
1607 2056
1513 3236
145 856
503 3852
1022 2541
624 3288
1106 3512
30 1580
2003 2895
325 1668
1088 1987
2089 3877
1176 3636
1493 3885
1142 2794
479 3530
3067 3229
2009 3370
1353 3291
564 3397
2817 3890
481 3201
449 1604
3140 3634
2536 2876
2869 3364
1786 3676
877 3381
309 2895
1447 3562
744 2100
