2047
1102 1298
1104 1265
216 1166
826 1648
437 1995
155 1577
142 1274
111 662
877 997
899 941
369 1063
700 1963
562 1406
372 1671
220 299
541 692
227 512
918 1762
518 1925
257 1504
859 1297
781 1772
274 581
341 2001
2 125
649 1504
407 862
220 617
1083 1402
58 1143
1460 1569
232 1561
469 1095
977 1469
334 1115
635 1020
829 1404
85 621
209 1595
510 1897
300 1399
353 1713
378 508
780 1475
1087 1769
102 1395
1867 1879
1344 1626
401 566
595 1248
80 846
1469 1781
286 1374
202 1244
188 1637
1214 1314
278 370
1269 1464
610 1144
241 1609
294 519
246 1816
299 1000
75 140
1239 1846
285 748
882 1859
725 1972
524 1061
766 1413
1103 1362
747 1696
1434 1792
674 1159
203 1950
901 928
157 642
409 431
1643 1761
51 474
1266 1595
989 1477
614 1024
390 1372
228 1116
386 804
32 1856
501 1372
336 1100
1367 1823
1164 1621
751 1094
309 825
1184 1567
188 384
186 214
808 1100
332 724
512 955
190 868
393 1608
1121 1842
243 1899
1019 1237
500 820
1745 1882
726 1777
860 1470
475 1278
232 1217
399 1199
561 1138
67 1018
997 1788
1177 1837
762 1802
153 1462
459 1435
1122 1874
973 1734
85 2015
68 1330
381 881
652 980
394 957
65 1601
82 908
61 919
1400 1654
1166 1698
583 1261
1182 1497
786 1563
1045 2037
1547 1842
855 1281
158 881
535 1893
1144 1227
237 1631
1878 1887
317 1600
222 907
168 1291
1079 1970
79 1155
892 948
552 1946
745 1734
905 1196
40 180
1141 1886
856 1206
1152 2001
889 1229
92 1005
103 821
595 915
779 1773
1265 2025
541 881
123 390
438 1571
1173 1449
375 423
690 1540
127 1830
860 2018
503 972
41 1739
1739 2008
21 805
1585 2001
1382 1512
207 553
355 1176
1130 1828
967 976
675 931
125 163
594 1696
1184 1572
1359 1891
186 1587
144 579
110 1403
15 696
921 1291
447 1706
696 1335
1167 1336
369 933
148 326
199 1548
178 1368
298 1446
59 1536
211 1023
413 888
229 843
888 1488
278 850
290 1664
747 815
1543 2039
806 1384
1062 1091
267 815
52 309
288 479
1001 1641
760 1505
441 1431
579 1271
800 1262
266 1667
613 1582
1302 1687
804 1698
854 1055
471 679
231 1680
476 1098
124 1496
1708 1777
1202 1967
144 1800
1559 1929
1000 1179
1576 1689
1390 1959
708 715
704 1091
753 1793
684 1971
85 206
765 1453
446 1382
521 1928
421 1727
404 1954
91 1051
634 1626
933 1507
300 715
438 1366
1427 2034
1050 1809
389 1701
414 975
661 733
275 1863
1056 1278
698 1016
97 681
728 840
206 1675
190 1760
439 503
1628 1905
777 1750
241 1730
991 1332
1313 1869
92 461
1591 1906
1218 1532
709 1989
638 1412
421 1009
561 862
582 1221
56 895
659 777
411 1083
823 1768
321 1082
228 742
1129 1296
110 1136
458 1270
752 1563
982 1081
672 1648
536 896
142 280
270 2026
373 1743
946 1021
33 1619
862 873
525 911
1129 1189
631 1682
1341 2045
1601 1899
326 542
959 1510
577 1398
380 763
580 1632
395 1560
58 910
832 1892
709 987
890 1428
1181 1296
335 1018
508 1717
644 1137
256 368
899 1396
1502 1844
1586 1754
720 832
87 477
68 924
473 1615
623 1373
1455 1642
536 537
692 847
679 1716
958 2013
402 819
354 1143
1267 1282
1657 1917
787 1924
1683 1974
1457 2008
1693 1933
43 1668
359 472
821 1552
347 1745
1712 1963
173 335
752 1613
167 810
516 1841
249 864
655 1495
509 1589
599 1119
1453 1796
87 1893
33 464
795 1111
133 367
321 1085
1715 1875
223 989
918 1135
571 1019
584 1839
1836 1927
430 1308
1145 1628
691 1400
156 1703
1947 1948
1314 1617
455 1759
456 1820
479 1733
103 1981
443 729
368 1212
1692 2010
925 2029
487 1337
926 1438
323 1304
324 2014
404 1957
667 958
867 1341
814 816
116 290
232 546
1136 1312
780 986
137 718
519 1672
567 743
337 1801
1327 1840
622 782
714 2034
1309 1617
1255 1976
592 1625
1103 1392
615 1194
600 1095
1649 1978
109 1873
17 1127
667 1945
249 404
1858 1965
321 916
1351 1713
406 1708
1368 2024
478 592
1376 1828
995 1473
785 937
334 978
1527 1562
1302 1584
852 1102
143 231
356 2009
1275 1592
72 824
1653 1795
164 1707
598 1005
505 896
543 662
323 1900
1191 1998
26 1028
576 1738
1766 1921
904 1621
59 1661
1436 2011
1067 1251
1108 1822
949 1889
244 499
157 1072
1172 1273
1103 1539
491 1240
1340 1980
33 1526
527 1949
919 1258
746 1703
400 974
502 1852
1758 1847
178 1295
915 1981
65 192
51 330
898 1479
159 1158
493 1728
386 1480
1203 1647
16 969
1400 1762
598 1220
1374 1500
310 607
746 1432
1674 1924
695 1435
42 531
488 1703
1035 1637
1108 1128
252 1398
803 1093
1281 1799
37 302
1476 1735
920 1561
1416 1652
891 1134
325 831
668 1195
210 573
1210 1449
285 926
1066 1148
196 1087
260 734
935 1176
1164 1833
1057 1495
572 1570
515 1785
1619 1732
537 1213
919 1532
408 1878
1777 1913
1264 1568
1157 1437
1162 1264
636 1856
1159 1894
215 488
228 566
1245 1858
1125 1772
1197 1950
744 1884
420 1527
992 1364
599 993
1115 1988
509 1381
1646 1808
601 1310
1804 1900
794 1533
41 2003
775 1049
1110 1216
160 884
451 454
688 1783
880 1153
888 1808
897 1174
1459 1960
513 755
473 1200
224 443
662 1150
880 2006
110 1872
93 611
810 1245
344 724
149 1606
25 1950
999 1409
115 629
120 416
1458 1869
38 293
359 941
867 1342
1634 1993
1192 1502
800 1776
1321 1665
1302 1649
140 1953
1129 2012
727 1918
711 1393
131 486
340 1848
1055 1791
1089 1902
1335 1624
864 1794
405 1453
917 1244
1422 1775
829 956
338 1162
1413 1485
652 1383
1180 1529
1472 1748
2 918
578 1413
853 897
820 927
690 1790
489 721
1421 1525
216 507
407 1831
1410 1953
293 1260
841 1308
1653 1935
17 1731
1383 1934
1494 1920
1270 1491
681 1070
318 1064
455 1417
377 537
1465 1523
1519 2038
660 1615
81 1538
653 1667
417 985
517 822
698 912
1139 1360
328 1380
134 834
82 1819
1535 1863
54 1484
1562 1581
1408 1559
50 1980
951 1211
307 656
455 1600
53 894
300 1778
70 550
988 1379
55 1853
534 1716
618 1650
829 1008
1409 2036
59 1076
498 889
18 311
197 1233
74 871
620 1463
1297 1919
1279 1633
793 1528
1053 1230
1269 1420
210 1681
1156 1256
39 1876
1018 2016
205 234
962 1090
94 595
193 1570
1412 1699
289 1805
152 1691
56 1029
1062 1564
276 1203
170 200
105 152
569 1983
1465 1518
863 1608
1170 1947
289 2017
304 1377
354 1075
1024 1476
1598 1834
1606 1732
1034 1392
171 1969
493 1115
238 849
508 2002
462 1401
1484 1773
1062 1334
1489 1590
79 1268
790 1747
1285 1748
265 934
264 790
242 915
44 1850
651 672
135 424
1483 1981
874 1326
506 515
494 1088
155 2040
11 1168
376 1632
145 1556
202 606
470 1663
1573 1747
183 2008
325 1224
116 1672
429 514
644 1683
218 972
510 1122
474 1052
92 346
1574 1974
210 1888
1327 1924
954 1212
1036 1454
1047 2038
832 1112
1121 1295
217 1355
266 1181
453 910
362 414
1294 1534
549 1466
873 1013
1932 1949
674 1897
37 303
140 1822
220 1911
994 1857
570 1021
974 1300
208 1345
744 1718
268 597
487 1906
457 1768
1592 1644
93 1656
1230 1569
93 1289
1332 1468
785 1827
611 2028
483 1011
1286 1932
1176 1576
1043 1368
102 675
658 1259
764 1890
1321 1709
83 1127
1764 1982
886 1076
258 1535
1036 1607
126 1782
191 1261
1655 1710
146 154
863 1498
1117 1960
615 1531
920 1565
1033 1451
528 737
705 843
240 1719
151 1059
865 2012
1046 1730
377 1286
128 1645
11 1184
1530 1682
237 477
369 1912
163 185
1241 1519
262 649
779 1179
1762 1960
713 1552
682 1218
298 1219
1235 1512
524 1650
454 608
436 859
424 1744
1680 2013
1016 1179
501 1344
628 830
294 1753
1005 1679
700 1915
975 1430
122 1098
974 1291
1806 1987
1606 1905
1202 2020
1629 1972
1507 1787
1016 1157
648 1160
297 704
406 1605
195 1365
38 1222
327 1505
67 1120
1466 1532
1060 1405
622 950
395 804
1165 1202
235 396
510 706
1492 1916
886 1472
609 1839
817 1188
946 1203
1430 2034
181 917
357 1108
306 948
1657 1875
1174 1594
897 1578
852 1807
349 448
836 1256
1242 1804
410 722
174 1169
128 418
277 947
1163 1809
1922 1948
485 1287
1078 1168
129 1259
1252 1714
1048 1555
545 552
351 906
1576 1942
1416 1680
128 730
75 1002
813 1638
1622 1706
386 879
953 1862
1334 1841
1531 1984
963 1158
759 1223
533 942
604 1146
365 601
1799 1919
325 1299
1460 1803
759 965
715 1990
755 1939
1025 1238
371 1384
965 1656
666 1651
396 562
590 1683
483 1549
1081 2007
112 1937
1257 1835
1243 1932
989 1219
1058 1729
171 315
958 1749
1064 2031
311 1903
1107 1953
401 495
650 1848
588 1046
14 534
656 914
766 917
975 1244
318 1962
719 1816
340 1039
43 292
226 1094
772 1857
641 1765
604 1398
113 754
264 724
704 1140
145 1155
414 1212
1615 1925
1034 1708
1308 1367
432 969
1074 1315
345 1695
1303 1650
611 1553
361 458
113 1997
250 514
458 557
504 1551
155 1481
230 1230
348 1873
665 1695
388 1189
214 1473
5 863
1342 1617
680 1385
305 1114
412 486
119 1920
194 289
1086 1168
448 679
319 812
1450 1761
90 569
313 1229
1564 1820
575 1161
1635 1923
353 1758
999 1105
204 1798
45 101
15 765
313 1620
1348 1927
922 1685
1142 1957
309 701
31 137
380 635
590 1229
263 561
239 1736
203 580
35 1337
738 2036
1246 1364
204 2026
81 433
819 1881
1427 2043
1476 1855
333 1542
880 1696
1824 1934
358 643
1014 1080
324 411
338 1742
80 902
39 1353
454 1323
115 1410
71 1347
964 1110
76 2010
743 1779
731 1391
494 872
77 2043
1281 1394
499 1232
591 1987
516 1505
134 1510
1052 2000
1309 1557
434 1871
887 1464
197 1327
947 1316
262 1356
116 1682
812 1402
72 944
686 1751
554 1597
46 90
589 603
1552 1747
294 534
802 1711
1662 1808
41 708
850 943
1080 1150
319 1878
728 1261
457 1407
1921 2003
1631 1753
1306 1889
1263 1435
790 1438
1358 1626
435 1191
1508 1666
1464 1491
694 1995
1071 1944
108 752
886 1659
774 1541
921 1445
1090 1639
637 1226
632 1797
1061 1789
392 1256
499 1433
363 376
1213 1221
240 1638
234 1139
419 654
1264 1293
445 1800
1342 1625
1068 1958
869 1093
670 1595
1073 1305
376 818
118 1374
935 2021
160 529
203 310
212 1802
1218 1763
1345 1786
707 1748
1162 1297
126 1387
279 737
712 1992
88 1490
692 697
436 909
103 999
161 1167
925 1841
1533 1596
17 34
48 729
493 1866
1901 1985
195 1629
1185 1204
643 1955
985 1025
441 773
233 1722
934 1098
39 1272
612 939
394 1426
843 1253
377 1149
360 1730
885 1504
162 814
1700 2000
1402 1794
784 1938
29 676
204 1191
1071 1564
60 296
1288 1457
293 1276
560 968
849 1259
102 923
850 1976
23 1692
430 1760
424 757
199 1379
1587 1728
4 354
627 1612
1545 1663
350 1112
480 554
929 1984
615 1320
322 620
24 763
4 1118
1594 1973
1101 1583
825 1407
1393 1914
784 1429
998 1004
76 1055
780 1795
353 1437
121 324
419 430
283 1484
1087 1135
1279 1988
1021 1471
120 779
14 538
235 1054
1093 2027
1659 1698
717 1394
23 1641
422 840
859 1172
291 1805
890 1760
586 936
596 788
437 1659
954 1001
299 1706
669 1292
643 1011
734 1761
1076 1736
90 1801
830 1078
803 1385
331 722
12 1768
483 568
1147 1525
53 1765
278 1636
1169 1686
337 1228
190 1006
1447 1628
113 653
1349 1845
16 1345
425 695
101 245
141 1992
1653 1914
579 1587
968 1754
383 1473
497 2047
1590 1630
1101 1322
763 1991
344 1870
805 1472
373 1883
988 1054
905 2022
425 532
255 1937
814 955
200 1807
1499 1901
891 1850
222 391
533 1280
978 1746
551 613
66 1395
725 1034
375 1025
1677 1934
314 935
778 1397
1086 1111
233 765
786 1201
969 1726
835 1738
606 1856
367 1131
624 1634
227 1631
852 1852
385 1101
124 2026
1234 2009
421 753
1039 1771
214 622
308 1152
844 1360
477 729
332 1493
1675 1880
1037 1643
815 1833
766 1525
123 1188
979 1079
107 1902
394 1561
352 411
465 939
1305 1964
633 1925
316 1289
1685 1966
1510 1979
700 2032
184 494
656 1379
135 1616
19 524
15 864
1491 1732
4 1575
966 1450
654 1272
46 261
38 1234
566 1410
267 1386
559 798
889 952
926 1506
198 2042
1289 1741
1411 1862
855 1323
298 1898
389 1213
81 115
127 1344
336 757
1814 1994
45 713
429 709
179 1893
845 874
1339 1655
14 1649
791 1801
427 1675
37 466
1204 1818
43 1825
620 781
1096 1684
604 1424
1240 1676
117 669
157 960
663 953
893 945
781 1397
420 1386
311 867
661 1220
669 749
48 970
791 1619
420 1340
1364 1831
799 1961
1265 1483
320 416
138 1798
855 934
44 219
341 1113
676 932
178 550
382 1990
1160 1968
129 1733
3 313
930 1858
1234 1383
175 242
172 1039
392 407
640 1382
401 1423
60 628
1478 1918
181 1110
732 1736
64 1183
756 1976
188 1361
1554 1793
658 1015
1225 1775
1122 1355
465 1334
416 1861
1339 1775
733 1241
759 1193
180 1461
603 1926
652 1329
252 619
23 1935
939 1794
249 1888
554 1885
758 1752
1026 1222
809 2029
923 1054
76 1495
176 1028
552 1010
514 1378
1000 1031
1393 1843
375 1511
798 1611
501 1963
107 706
8 1982
437 1296
988 1805
67 287
165 2041
403 913
20 1621
8 1169
384 1348
1271 1809
145 1999
259 1074
52 1799
693 985
75 788
227 716
807 840
1772 2019
590 1573
894 1024
1127 1745
164 1815
998 1720
990 1543
484 1349
887 1610
713 1753
273 502
1215 1243
183 657
334 1725
660 900
1186 1188
488 673
1155 1872
1350 1417
482 976
338 539
1601 1788
86 1040
335 1566
786 1690
83 107
342 629
851 1820
1096 1135
252 1784
134 1384
251 1758
586 1544
1394 1550
36 1361
659 1811
418 1254
51 150
395 2030
285 1331
392 1685
1460 1462
1 1490
443 1907
125 303
467 1749
1066 1132
71 1408
1904 1930
1158 1756
941 1642
521 1648
616 1123
206 1123
1277 1800
1521 1909
623 1559
664 672
1231 1904
368 661
96 1030
674 1487
68 1500
677 1380
870 1222
124 736
1083 1583
100 947
1438 1938
218 1439
153 739
336 1871
486 1164
548 1899
156 318
849 1895
830 1404
1241 1310
95 1064
1219 2016
526 785
6 403
1097 1401
1759 1983
694 895
99 1521
533 1069
187 540
1206 1348
540 750
1563 1672
440 1642
86 1027
329 2007
727 1123
1509 1767
702 2010
606 688
1655 1910
1095 1773
1167 1640
1143 1220
1361 1456
1482 1596
594 1307
136 1349
727 1634
1318 1977
79 1721
997 1045
1257 1883
1226 1328
1341 1486
981 1360
1842 2035
1171 1744
776 1949
1825 1840
684 1905
906 1651
789 1450
78 1487
235 698
556 1506
799 1694
449 1060
16 1833
1246 1916
821 1372
1528 1852
1109 1367
1310 1521
137 226
638 1579
341 1375
74 1032
767 1417
1332 1697
1738 1988
261 894
686 1996
736 1319
265 415
1891 1956
635 861
1860 1922
350 511
485 973
171 1583
7 1986
11 2011
1632 1814
670 1902
98 1678
703 716
60 522
1007 1506
968 1250
225 1673
49 1596
526 540
1829 2013
563 1812
1151 1984
96 1089
337 912
1180 1414
431 1864
89 372
219 1666
592 1078
629 1832
484 834
48 1854
211 536
1822 1837
791 1728
207 261
797 1954
144 1161
1598 1825
1086 1183
714 800
74 553
1069 1857
659 796
1737 1848
217 585
260 799
1278 1651
667 1084
1228 1774
244 515
344 463
442 684
398 644
1240 1629
1065 1524
388 954
484 509
721 1072
373 1356
479 1936
72 1166
520 1859
9 1879
612 1189
464 520
878 887
771 877
1221 1770
998 1323
265 1618
589 1828
695 1407
468 658
185 564
1512 1904
701 1238
1247 1318
256 1829
627 1550
150 452
516 1590
474 1573
1204 1914
130 399
1190 1603
1716 2007
71 301
160 1462
923 946
1533 1543
367 1608
563 1577
734 1299
272 1081
233 938
96 1283
521 875
234 1520
820 1270
163 305
945 1338
936 1603
538 632
1688 1866
1011 1526
743 1717
126 1688
1528 1851
803 1235
359 1069
1390 1427
1391 1441
231 984
80 260
1403 1599
740 1172
236 1917
1496 1865
549 1933
1159 1317
222 2019
30 550
1068 1077
1206 1817
372 665
360 1139
274 1031
1527 1879
426 1457
253 1002
1067 1406
741 1711
379 1853
936 1901
156 266
1112 1579
1059 1939
197 1369
355 753
1513 1923
1646 1826
517 1017
149 1592
100 207
826 1968
177 1765
602 810
638 948
19 1253
723 2038
159 464
905 1849
425 827
1325 1449
248 1980
1089 1891
406 1602
961 1750
352 792
291 1418
472 1107
587 1798
1437 1577
1371 1679
374 1974
1100 1415
384 1919
612 831
1935 2016
1224 1579
1152 1821
626 1507
971 1962
866 1239
1357 1922
438 457
647 2011
681 1406
218 1370
362 1200
225 254
696 1469
1082 1465
1669 2029
1990 2046
44 733
45 1228
574 1978
268 1154
8 1257
1271 1380
63 329
481 1395
362 1565
211 1425
245 706
1243 1443
326 1929
841 2033
1125 1788
397 1136
1051 1838
1090 1210
1295 1883
1487 1705
1080 1324
1210 1667
310 1724
943 1500
471 1133
166 921
478 1149
83 1339
976 1835
492 1643
460 813
1658 1729
1088 1305
275 1625
1502 1795
1003 1337
431 992
1048 2019
1586 1657
168 1292
1190 1541
100 441
1670 2041
874 965
1837 2005
839 1927
225 1392
201 1075
497 1105
558 1947
270 1298
666 1102
264 1072
290 1389
993 1759
1569 1992
1065 1178
895 1490
736 1503
841 1175
333 1874
27 1535
1041 1962
580 616
57 721
154 1941
1580 1859
671 1646
282 746
1092 2036
352 1198
955 1663
185 213
1161 1810
82 1246
1585 1940
1363 1744
1195 1588
444 1729
1444 1695
676 1863
2 465
147 1804
708 1531
1733 1889
784 996
848 1183
1048 1284
694 1939
1679 1740
1541 1593
450 1917
538 1920
639 1982
390 1948
393 1150
812 1088
1598 1952
182 242
601 1757
593 1978
198 1187
1354 1886
788 858
1094 1207
928 2022
366 586
1333 1434
1780 1793
198 1404
127 1537
490 1075
1401 1550
1074 1091
480 801
47 1600
28 2000
330 1301
389 1042
1391 2044
837 1071
168 1829
678 801
530 688
531 1106
132 1957
1121 1752
1546 1986
911 1517
920 1638
186 2022
305 1012
237 1586
504 983
19 701
387 1096
129 1940
520 1019
1099 1767
161 1144
195 857
152 1688
1501 1916
284 1412
332 1951
159 1886
1373 1900
388 1774
114 805
1208 1335
747 1967
1111 1448
1416 1442
240 645
1211 1807
164 993
123 1318
526 1286
783 1954
819 1888
1125 1149
448 1352
241 625
665 1526
627 1467
745 1497
200 1311
154 1272
1211 1346
1440 1562
860 1052
761 1377
703 775
605 1906
485 1522
87 1434
330 770
1068 1441
603 1908
569 616
356 831
199 769
953 1452
502 1660
1711 1862
801 1975
329 1877
794 1082
487 1411
614 828
834 1200
271 594
1051 1658
687 1987
1174 1766
1180 1355
1430 1872
670 1065
212 473
46 419
842 1712
62 291
675 699
106 503
683 1046
794 825
169 1875
139 1497
714 1937
270 757
666 1010
1045 1209
98 149
686 1697
565 1496
1723 2043
702 1226
943 1803
903 1252
1408 1816
1267 1874
912 1743
153 630
928 1343
891 1126
899 1388
340 512
1107 1743
876 1061
628 1033
1662 2009
544 1059
504 1253
1658 1897
745 1869
1031 1294
1403 1813
1299 1656
653 1028
364 1713
890 1627
728 1585
219 945
356 1803
873 1474
65 247
1441 1662
549 1767
1356 1603
1205 1294
497 940
69 1749
541 562
1269 1704
135 1558
717 722
1614 1802
1252 1835
84 1385
393 396
53 1060
268 1340
212 911
295 1752
256 725
1235 1386
226 577
86 1010
1066 1409
1516 1712
865 1940
1411 1995
798 1483
547 1666
360 1157
703 1036
418 1853
1519 1873
323 685
1390 1868
553 737
333 768
471 1943
496 1160
978 1419
161 1238
690 992
355 1692
22 755
428 1890
925 1377
399 1929
1321 1968
555 1871
599 1514
480 1866
649 898
811 1750
245 1298
1314 1604
614 646
1038 1918
1292 1890
274 1623
380 1373
1224 1734
1840 1921
56 833
104 660
52 1001
598 1717
1067 1702
877 1290
589 1254
275 1697
180 1967
591 716
1850 2041
1641 2003
120 403
217 1896
221 1725
702 1839
58 1570
281 906
865 1831
717 1079
577 1983
1267 1931
350 1249
101 478
319 517
735 898
613 1938
1397 1515
689 1002
744 1754
710 1309
13 1033
202 429
216 312
1105 1923
826 1565
623 1181
591 1986
1022 1637
896 2004
269 1279
933 1739
267 2012
1594 2023
98 343
883 1725
339 563
262 1245
181 531
472 1254
519 1466
142 973
183 523
244 1972
10 150
910 1236
436 1044
73 775
303 1195
1190 1239
189 1933
813 838
632 1755
1124 1814
654 777
972 1766
