3999
3400 3798
1370 3097
577 2180
1862 3400
1665 3702
3106 3865
1568 2952
2079 2210
204 2243
910 1654
679 916
51 879
1817 3327
1001 1482
210 1606
515 1665
2263 3751
149 2570
341 1719
1779 2506
1562 2785
1051 2062
1241 2867
666 1675
1418 3206
357 3482
1405 3329
2871 3642
1602 3385
1478 2361
1701 2281
329 3964
1429 1916
1201 3582
130 1931
770 3732
3004 3887
25 151
497 1094
1735 2871
82 304
1715 2653
249 2690
532 1975
61 3165
188 828
247 3090
229 3383
1814 3311
2217 3530
1813 3493
304 460
720 1349
1123 3807
3744 3908
99 2886
1715 2512
916 1100
1865 2695
473 3241
3434 3981
328 1457
434 3561
1948 2025
610 1084
2326 2478
197 2468
2245 3698
3717 3805
182 3871
497 2169
2553 3495
364 2740
1782 2388
699 1487
450 3205
1663 3582
2448 3869
92 154
964 2800
1675 2478
3134 3891
2208 2553
2624 3511
3637 3947
282 332
873 2878
2266 3825
1594 2180
2677 2743
528 1683
357 2385
1030 2921
1344 3688
214 3400
42 1654
1874 2800
729 1229
434 3523
1888 2751
1547 3503
1135 2525
2143 3038
448 2389
716 2800
3179 3443
1015 2645
2094 2476
1185 1648
1992 2711
167 1325
16 544
1665 3658
3019 3502
1014 1891
1885 2128
82 1707
3 2518
1262 3813
676 3755
434 1675
1276 2303
528 2533
2045 3256
980 3146
2952 3371
27 3031
262 2525
631 1668
986 2677
444 1325
2185 3458
282 436
544 1417
981 2273
2837 3180
3814 3919
1489 1968
2316 3445
3726 3926
804 2837
657 1946
1407 3995
2422 2438
963 2941
2688 3830
928 1335
1368 2298
2628 3600
61 1351
347 1538
2590 3273
850 2534
1084 1332
1344 2112
1502 3205
619 2726
25 2267
434 2047
827 3732
2035 2550
302 1272
2057 3238
514 3708
1901 3502
632 1665
1110 2330
658 3859
385 625
1465 2927
2619 3763
221 517
1251 3891
160 3012
830 980
2304 3887
252 1335
1946 2733
916 3101
576 2217
626 2588
2680 3345
1651 1736
1744 1773
364 697
1975 3052
806 2218
619 1904
33 2711
626 1699
154 1112
2349 2947
3479 3908
1157 1393
1055 2935
1012 3947
3574 3821
790 1537
385 3753
359 2780
3015 3257
51 2285
113 3544
341 855
185 2905
235 1627
2544 3665
860 1814
889 1252
1542 3263
87 1540
658 3432
2293 2844
903 3511
75 3916
1071 3756
555 1909
2337 3031
666 3834
314 341
889 1400
1547 2763
1160 2982
1968 2460
62 99
1407 2566
1740 3802
84 1712
3722 3916
1406 2361
1967 2357
2295 3061
72 1975
1222 3735
960 3743
794 2033
2500 2550
686 3889
167 1052
676 1182
2223 2601
143 1744
2295 2462
98 2269
210 539
2448 3262
1547 3457
2033 3575
99 1443
796 2073
1954 2066
2033 2769
2036 3559
1317 1418
1103 1507
3434 3637
1969 2100
1384 3947
346 1170
337 1181
337 1544
1871 3224
1975 2429
3564 3646
85 1030
154 1978
1635 3195
2195 2630
454 1783
551 2501
2677 3049
2615 3179
1968 2028
1636 2349
1352 3926
2049 3646
1715 2196
3 184
2548 3671
1038 2677
1483 2357
1053 3613
583 3972
503 649
1665 3112
475 680
619 2031
1654 3842
3909 3980
1239 1626
832 3766
1895 3655
475 2201
1313 3255
2342 3972
771 3061
111 1072
3803 3919
2579 3516
1958 2074
3577 3817
660 3003
1229 2138
293 1744
661 3444
329 3299
2425 3288
806 1171
916 2649
1111 2217
2357 3685
504 3536
316 1529
1134 1627
117 2676
2430 3224
2168 3859
1656 3066
3182 3345
2505 3498
1517 2172
3559 3679
2514 2821
874 1229
813 3919
2372 3501
1309 2472
347 3328
106 3559
1150 3373
649 1766
2362 3743
1267 3021
544 763
276 1118
619 1830
377 2873
2370 2474
1694 2010
776 1969
1428 2340
2052 2911
1457 1649
2800 3072
1141 1668
2301 3627
3437 3732
1370 2315
1799 2370
2525 2677
2544 3978
2505 3914
980 1022
1552 2217
160 1432
1267 1729
1141 1713
388 3061
211 2066
347 2288
621 2263
1877 3064
1592 3386
2133 2676
1019 2577
2376 2610
129 2905
914 3904
1170 3018
33 1707
1442 3400
2626 3671
1948 2442
357 2336
33 2432
670 3434
3145 3889
2825 2926
123 1602
2825 3319
393 1699
2703 3645
1629 3477
337 859
373 1030
3061 3919
2445 3127
1020 1458
2349 3075
1529 3424
99 1018
1164 3007
666 2776
497 795
2603 3907
3181 3327
108 1782
2544 3657
3280 3511
1540 3265
1019 3713
792 2837
272 2837
1523 2435
1395 1985
1494 2422
2514 3610
916 1677
1370 1972
2889 3662
324 3528
2325 2472
1883 2143
889 1054
82 99
757 3224
349 1110
1563 3282
780 832
415 2586
3283 3316
405 3817
877 2210
1635 3770
1141 3124
1446 2433
1740 3701
391 2379
1708 3907
1334 3989
1869 3386
889 2841
728 3263
292 3265
2217 3868
619 2632
3148 3974
3121 3329
998 2425
1055 2088
1143 2504
249 1715
939 3381
1457 2264
925 3901
98 3000
548 3224
1888 2633
2205 3435
2871 3468
1648 3236
1065 1325
2350 2614
1079 1779
3061 3549
448 1935
1239 1668
1895 2503
3067 3130
721 3432
2578 2954
109 2448
99 2748
3286 3735
2681 3440
3533 3993
262 682
182 2778
1879 3973
1659 3646
587 3567
415 2199
1895 3336
282 2777
103 1183
2681 3840
385 2892
420 1690
3197 3492
1693 3542
415 1075
265 3400
1118 2809
2215 3263
594 2432
1124 2941
690 1964
1401 3683
210 2621
2690 3837
229 761
205 771
121 2062
1740 3743
649 2585
676 1576
2223 2933
1325 2329
1029 3817
413 980
912 3645
3774 3953
363 2736
528 833
1239 1560
881 1030
383 3329
1701 3700
1429 2680
1650 3327
37 1675
916 3017
841 1391
1195 3802
1107 2561
2998 3022
2370 3053
87 2395
3226 3257
732 3538
1276 2108
1276 1707
279 873
229 3851
914 1748
1361 3235
551 2497
3442 3859
2210 3136
221 3193
1909 2055
74 3732
38 1107
3011 3148
631 3304
1107 1362
3248 3817
1562 3924
2445 2583
1779 3366
3293 3627
1019 2254
1953 3599
1195 1487
446 473
249 1368
1693 3614
605 3070
173 3959
2367 3329
497 3283
3257 3801
98 3283
77 2891
399 2108
37 3667
2067 2376
385 1608
218 609
1302 1551
1648 3548
791 3235
1053 2519
61 423
1060 2941
2572 2905
1180 1903
1946 2839
154 1369
1336 3683
215 3090
1680 3525
238 3113
2780 3725
210 1751
138 2263
978 3772
3579 3901
609 3364
395 1429
340 2357
1529 3014
210 1923
2854 2871
2093 2619
2898 3880
904 3490
549 2589
363 869
2193 3717
2223 2378
642 3362
1830 3098
60 3345
2587 3492
1019 1772
1431 1507
3222 3263
1410 2066
497 1216
1173 3386
2592 3989
2129 3743
1156 2361
3712 3717
1325 2894
690 1341
1158 2368
544 1439
2788 3887
609 875
1053 3025
1693 2820
3309 3373
975 1999
939 2724
147 599
1600 2057
2097 3708
329 3210
3273 3295
609 1816
1948 2344
273 3013
1144 1239
939 3884
1428 1466
1263 1428
2263 2757
861 2295
1887 2172
1612 1680
2147 2207
1891 3380
772 3662
1962 3444
645 1272
849 3070
356 1785
1155 2350
887 3404
2671 3516
1157 3925
1448 2350
1547 3250
2376 2427
683 3444
1860 2376
3159 3474
1473 3992
25 461
1540 3802
1739 2825
971 3400
2837 3483
1804 3828
1141 2838
368 2676
2690 2741
1487 3524
188 764
1428 3308
1875 2825
1880 3265
810 1877
1174 3982
1507 2618
921 3916
3098 3608
1395 1506
1712 3103
149 3473
2452 3432
1680 3526
1395 1525
1480 3531
540 3845
1523 2783
2578 3244
145 1071
2280 3444
3701 3938
33 2118
802 825
660 3764
797 3484
1206 3587
2065 3065
3271 3698
666 2899
2544 2897
802 1586
1422 1779
775 3687
61 3158
2 2588
1149 2499
2291 3265
2417 3708
1160 1521
282 2918
1055 3039
475 1408
201 749
2158 3980
1715 3962
2604 3926
304 2017
448 2371
475 3423
939 3084
2439 2780
1744 2451
648 3345
355 887
3100 3345
914 2092
1563 3970
1429 2297
666 2359
1914 3330
545 1487
637 1721
1625 2270
415 3041
1170 1792
222 415
221 1936
1621 2425
238 487
385 3950
1587 3501
672 1721
2006 2066
1518 2057
2034 3340
173 2513
2505 2847
1168 2811
2087 3908
61 1167
2418 3549
2942 3235
3056 3600
33 1625
676 1301
655 3514
985 1030
329 1805
1594 2094
87 412
1195 2825
1276 3858
173 1546
98 1539
2711 3083
1744 2719
1625 2250
720 1490
797 1046
1597 1865
2540 2553
142 1999
115 551
87 344
3430 3735
2066 3786
504 1027
377 3863
631 1193
3257 3607
3538 3720
3420 3907
1622 2922
3037 3980
1505 3502
546 1121
858 1930
2911 3586
2322 3330
1170 2308
88 802
1903 3315
1084 2428
1404 3627
3185 3514
3062 3294
2057 3917
947 1001
1127 2504
399 3301
2867 3229
700 3416
806 1381
978 1661
3204 3789
3436 3644
1110 2765
1589 2094
1456 3511
1604 3865
649 3126
484 3386
340 3471
1727 2553
797 845
1277 2445
1084 1085
379 2504
1782 1815
981 1600
3375 3982
871 2550
1460 3521
1911 3628
720 848
786 2478
1090 1813
2191 2588
479 2837
158 324
678 1160
736 1446
1480 3875
2702 3717
1537 1619
1700 2898
2689 3444
2573 3005
165 2004
181 1909
3 3551
2060 2588
215 1602
980 1373
711 1084
419 3434
607 2370
1289 1699
1494 3538
919 2296
1953 2211
1885 1907
469 2825
3179 3990
961 2295
103 167
128 3109
1561 2432
1418 1536
149 2564
1322 1370
3698 3855
2448 2716
1555 1991
2303 3544
324 2467
868 3645
773 878
951 3813
1494 2544
2140 2824
99 2027
1909 3077
1675 2941
51 206
1394 3521
1501 3538
377 1245
2227 3828
586 3926
1041 1366
1328 3916
94 1407
2690 3955
666 1203
1744 3823
2357 3812
149 1451
3132 3947
1909 2475
429 3972
1132 3538
1999 2032
3349 3908
2296 2722
1648 2631
884 1239
1783 2229
463 2057
2185 3617
155 1885
2102 3982
2864 3735
326 2246
883 1457
3001 3813
2034 2872
1888 2454
1013 1023
45 2514
796 2728
1554 3031
511 2376
452 2074
1377 3400
1412 1814
3390 3859
1129 3511
493 3205
183 1991
223 1395
1838 2217
889 1427
546 1998
10 2934
865 2871
248 775
420 2372
2432 3841
1342 3294
2142 2811
1473 2584
3828 3854
175 377
1625 2885
1894 2316
3311 3889
37 3074
1272 3343
3781 3980
1239 2159
86 1537
544 3672
1622 2136
168 3953
856 2939
273 3677
756 1267
273 3943
2676 3799
2734 3683
215 690
366 3594
1215 3502
1475 1882
162 2544
519 3432
1267 1821
2534 2981
2968 3567
1435 1736
377 2436
230 2448
3330 3459
3706 3887
1523 3963
2525 2911
2360 3501
2943 3179
1956 2205
1019 2650
239 1110
364 1829
997 3090
378 856
2538 3418
1255 1335
153 420
197 3957
131 2172
1769 2316
1106 3544
2221 3091
448 1839
1119 1313
1335 3996
2871 3602
2805 3887
1674 3813
1866 3830
634 3600
3325 3511
2589 2705
347 3676
11 856
2414 2478
87 2178
286 599
2499 2977
2203 2355
282 2830
2646 3980
1975 2213
275 1865
616 978
1188 2815
692 3273
3475 3972
591 3294
1706 1903
626 1135
706 3567
3148 3228
2478 2531
771 3115
981 1618
653 3867
1487 3979
1318 2118
1206 1955
1721 3411
807 2871
924 3330
909 2094
1199 1680
2260 3257
1387 2472
102 186
841 1725
1020 1646
3327 3787
520 2772
955 1507
71 2180
2361 3196
1044 2045
806 1086
366 2866
662 3882
1465 3414
3294 3637
347 994
2868 3514
210 1645
3093 3645
528 3009
2507 3409
490 720
312 2448
1963 2952
631 3507
1176 2445
2223 2651
2905 3398
304 643
3057 3516
3098 3292
3656 3919
1488 2266
660 1096
1313 2400
3054 3362
528 3857
882 939
1520 2588
2934 3080
934 2578
2303 2445
1927 2143
330 3514
249 1736
1135 2680
856 1603
1902 3762
174 1975
1475 3517
364 439
197 2431
270 981
262 3778
1726 2266
771 2539
1527 2167
1035 1699
83 551
796 2975
274 662
2472 3934
2225 2296
1164 1304
1221 3010
391 3281
237 2871
2837 3715
1934 3330
3330 3773
2099 3567
2029 3516
1477 3418
2303 3813
327 341
219 1625
1261 1991
504 783
478 3474
1141 2511
3660 3683
3149 3362
1470 2195
1793 3887
1157 2834
3436 3986
130 2490
1558 2811
513 2422
474 3148
295 3502
581 1909
1158 3946
1993 3858
180 1865
1594 3066
1695 3813
922 2172
1055 2345
2184 2645
651 3090
475 3480
25 833
375 3641
50 2355
1854 1991
1572 3501
1240 1813
1214 3859
1783 2238
974 3717
1127 2645
324 1945
2062 3505
889 3553
3294 3810
916 1973
948 1487
1170 3233
2786 3329
182 1461
1302 3988
978 3711
1298 1724
140 1986
2223 2310
1206 3219
502 1013
1846 3109
626 2140
1744 1982
1925 2066
1013 3433
939 1017
520 1057
2487 2534
385 3578
1059 2074
2589 3659
2293 3331
2711 3682
2690 3008
2680 3973
337 3188
3162 3982
2514 3264
1428 2061
1969 2945
73 2167
221 1823
1885 2481
1071 1127
1160 3838
796 2488
1877 3954
660 1540
2030 2965
726 2246
2422 3611
25 3710
388 1331
37 1758
1714 3065
984 2553
2352 3373
1118 3387
1296 3184
9 448
2034 2660
25 2257
863 3901
1110 1316
1623 1953
914 2252
2681 3092
675 1783
2648 3735
1699 2019
1569 1902
1953 3632
2048 3708
2876 3521
1462 3265
1147 3735
1084 2525
458 858
176 1473
789 3235
2117 3817
329 2515
2424 2690
2004 3555
2952 3451
249 3907
1407 2408
242 1302
1494 1707
2085 2432
1326 1366
425 3492
3566 3993
701 1865
690 1746
1457 1906
847 1836
118 3889
97 2355
2571 3662
1830 2952
1557 3859
980 2382
1492 3732
609 1632
3416 3616
1005 1783
2045 2742
2934 3748
2525 3567
1654 3298
2955 3070
399 1243
1562 1878
434 3160
1457 2194
1833 2205
3474 3723
1826 2811
2483 3205
182 819
3300 3926
841 3142
238 1392
85 3444
31 434
173 3694
473 1740
1548 2140
626 3993
504 1670
1631 2030
204 2403
1366 2394
1135 3283
374 2143
98 3214
2066 3041
1110 3041
705 2376
1684 1968
915 1313
1055 1097
160 1849
2617 3582
1571 2867
1370 3565
1487 2938
841 3532
273 622
1093 2534
1428 3368
1116 1418
273 340
782 2316
1446 3466
2221 2551
298 3521
2115 2263
1724 1789
596 3993
271 1141
2691 3010
1798 2514
698 1693
566 3109
173 2963
1340 2941
2094 3464
1206 2189
111 742
154 2814
1366 3225
1529 1867
2349 3359
568 858
1529 1669
1988 2210
304 1828
335 1071
936 2349
872 2578
2867 3063
448 2011
1383 3582
2233 3514
3436 3537
51 1343
2210 3936
2931 3492
442 2544
1975 2098
2051 3907
1629 1996
1911 2043
3199 3926
1861 3916
231 2711
1911 2831
2161 2180
1596 3865
1547 3543
2156 3582
35 2263
1272 2413
363 1687
649 2910
1891 3873
2266 3082
1480 3372
916 1897
1368 3190
1195 3867
188 2232
111 3234
1816 3474
1107 2108
977 1712
873 2644
1895 2374
2030 2240
473 3302
427 1629
366 2081
357 1223
434 993
1158 3846
3041 3502
1917 2676
2373 3582
1224 2185
2118 2192
599 1745
1013 1355
103 2764
221 3059
613 1903
599 3398
562 1877
1526 2205
2445 2464
676 1634
507 1986
2952 3556
2715 3953
98 2875
3 1390
802 3016
1885 2466
839 1814
3272 3830
1205 1429
1473 1824
3030 3901
1024 1157
579 1206
802 2387
501 2645
536 1407
186 3765
1107 3741
78 201
1975 3707
2033 3374
249 1563
1736 2712
190 2180
649 3194
1513 1911
2563 3919
1135 3503
1473 2358
1409 3502
1864 2217
3356 3492
1523 1918
61 2383
941 1665
1446 2190
1158 3296
98 3714
847 3186
324 2994
1217 3070
1127 1721
1627 1704
2951 3544
63 2677
377 2768
2593 3859
3305 3789
1395 1801
1401 2266
182 2920
1665 3503
347 2486
797 2303
834 2780
250 3789
2597 3109
1473 1494
2680 3789
1196 2296
832 833
1664 3877
386 3627
3213 3891
2228 2905
103 1271
2066 2686
690 2928
1365 1969
1736 2282
914 3669
1791 2185
1550 3867
1074 1170
1429 1685
1450 2422
1620 3574
1928 2217
2998 3170
325 2221
1099 2010
2478 3045
561 887
640 3345
3321 3907
689 3867
1302 1324
3044 3184
1083 1814
2950 3516
3332 3889
341 3172
1158 2882
1127 2246
2659 3953
2108 2296
246 3600
582 1370
660 1423
2205 2302
520 1345
380 1721
304 3539
3907 3941
17 262
215 1537
1865 2997
3491 3877
1851 1953
3907 3915
2760 3789
415 3693
914 3503
98 1306
1562 1924
277 999
1239 1776
311 3887
33 2030
82 160
1654 3488
1421 1712
597 3662
1299 1446
887 2130
544 3061
836 1813
1540 3184
304 3540
1529 2591
130 2616
718 3490
111 2457
2246 2299
3767 3901
3646 3738
521 1164
420 2300
111 3503
550 847
1895 2348
626 2800
1250 3263
800 2905
167 3130
1179 3444
1446 3933
483 3972
195 3148
1893 2952
3870 3973
357 3785
1611 3641
98 1275
1311 2293
1229 2532
846 1736
1622 2198
324 901
77 2391
1888 1900
658 2871
980 2070
1830 3891
2335 3330
173 950
2311 3066
779 2180
2811 3283
273 2406
1654 3997
1712 3858
229 2241
1876 3386
198 1629
2363 2499
201 1063
524 662
918 2295
1946 1971
430 3090
1212 3646
838 1446
1499 2030
862 3031
652 3418
569 3471
674 3416
2118 3131
77 1398
77 394
1668 3490
802 935
873 1913
2991 3600
1157 3572
1195 3817
435 3708
399 2658
2372 2573
1575 2448
775 969
12 2934
2550 3157
771 2541
290 304
978 3775
967 1968
939 1401
1280 3265
1556 1975
1006 3436
1814 3876
98 3984
1629 3759
130 1740
1480 3489
1648 2537
112 1547
1668 1969
572 1625
666 1617
449 1699
1247 2941
3541 3646
841 3323
149 1600
415 3636
2147 3399
186 658
611 1325
1584 2534
1911 3055
858 3283
2296 2989
823 3877
920 3993
399 3201
43 2263
1401 2780
3609 3972
575 2711
232 3830
2289 3717
220 2195
3294 3960
1991 3392
544 3757
2598 3989
1629 2303
2640 2911
1602 2053
227 3521
2004 2582
2357 3615
103 1189
2578 3496
2422 2828
2376 2404
3024 3398
1534 1622
775 3809
1896 2544
324 402
1312 1602
33 2062
3263 3895
105 420
20 1648
70 504
366 1396
1865 3396
337 851
217 1370
1438 2911
337 1293
2147 2294
878 1494
1665 3622
1892 2998
1441 2266
1428 2863
858 3777
1033 3732
1642 1782
221 2259
1813 2519
547 3327
87 3391
2750 2911
324 1830
329 1519
99 253
1211 3066
103 1197
2780 3562
2202 3514
876 1366
197 3478
799 858
1120 1888
1946 2309
902 3662
1855 2905
754 1487
2176 3184
1531 1693
1353 1744
2333 2934
556 1993
391 3792
1457 3041
3640 3877
1986 2853
1323 3865
2009 3743
136 475
1209 1903
1030 3500
1680 3173
169 1188
2066 2956
2588 3920
560 1562
2573 3251
1984 2800
229 3417
238 249
847 1806
173 1859
841 3467
1686 1877
1020 2396
695 1563
2453 2478
897 3257
1847 1991
2969 2998
356 3116
676 2559
599 731
409 2645
552 3877
1297 1344
357 2680
1740 2172
1909 1919
1693 2802
873 3883
1787 2505
712 3265
1625 1950
841 1066
3549 3790
1080 3330
1272 1747
1712 2747
2903 3265
797 1856
408 473
1118 1732
593 3316
3828 3900
1999 3151
1993 3850
1942 3501
1454 1475
3307 3828
1598 1946
167 2681
114 3490
282 2255
2010 2177
262 2234
1158 3652
531 3327
658 1707
2195 3230
2104 3474
148 186
599 1863
1239 1248
209 3559
1118 3583
182 2797
391 2303
1009 3514
2399 3511
914 1031
1040 1267
89 660
3311 3708
385 3259
709 3544
1594 1707
878 1947
1740 3982
2837 2967
1388 3671
251 2534
2485 3257
3211 3373
341 2731
364 3563
3600 3911
649 1671
1249 1368
796 2083
160 3878
2704 3502
1329 3830
802 2874
1742 1946
2507 3322
389 2316
1407 2465
1516 3544
2125 3400
47 1272
1529 2749
546 1691
737 1239
775 1647
847 1436
2619 3888
1425 1909
2123 3953
677 1164
666 1358
2143 2709
1712 2459
36 3989
2030 3736
2425 2516
1213 3492
1395 2256
3152 3891
889 2519
2316 2321
1368 3339
717 3031
465 3416
329 1872
2589 2739
832 2775
841 2160
856 3678
1658 3698
304 1764
1624 2361
1701 2493
892 1968
1724 3320
1890 3549
1508 3265
1330 2499
103 970
927 3549
995 2316
273 315
746 3887
824 3010
139 3031
1877 2888
595 3845
422 2118
2033 3503
520 1961
662 2906
1717 2361
2913 3662
826 1537
939 3260
2082 2376
654 1622
523 3916
160 553
2837 3824
1912 3066
1559 2350
1648 3487
1933 2911
2534 3133
1813 2175
3511 3512
451 2553
832 1062
619 3376
182 1908
805 916
1749 2507
91 3982
1036 3501
891 2676
1429 1997
3645 3686
2505 3202
1418 3104
983 3257
1563 2732
1370 3365
2507 3306
1135 1675
1375 3698
2514 3412
1115 2350
1071 1485
3400 3588
1837 3641
1999 3029
2843 3130
662 2767
978 3664
1158 3076
14 3362
996 2293
551 600
3547 3867
1891 3485
3 2249
400 2898
1939 3743
1042 3098
811 1473
1140 1953
356 3118
1102 3130
229 3804
841 3506
1401 2210
976 3179
1401 1707
1402 1523
179 2514
504 1416
341 3836
80 3908
1494 3224
1465 3806
944 3567
357 2552
3033 3184
1635 1679
2520 2550
3908 3951
720 1740
3224 3783
25 2230
2172 2988
1721 1974
377 3815
2010 3189
1235 3362
853 3973
1020 2482
300 3345
1969 3758
130 3164
1300 3982
85 3830
1910 3544
2004 3168
1138 2143
720 3068
2205 3604
3096 3574
626 1895
2018 2681
1170 2661
504 3844
384 1335
2231 3316
2147 2525
77 2525
1594 3735
285 3010
52 3065
1818 3263
914 1444
1665 3085
475 2596
658 978
1335 2907
1969 2662
1407 1675
144 3434
2696 3444
1170 3503
1993 2111
364 2625
167 2034
2181 2619
1011 1418
599 1163
1152 2505
2236 3471
203 3327
958 3065
1701 2341
377 1535
1830 3802
1600 3511
2080 2499
2338 3919
2953 3972
254 3980
310 2349
388 1653
2934 3497
1678 1779
1547 3378
1291 3908
280 3070
2380 3184
1655 2030
1229 2680
2623 3813
66 2140
2046 3662
1395 2680
2677 3246
2045 2437
1188 3839
630 1055
1053 1857
1540 2553
1827 2210
1915 2263
2284 2370
873 3864
1622 3858
1105 3973
1768 2094
1885 3177
2816 2871
403 1272
1574 3813
3273 3569
197 2909
887 1771
2711 3156
3418 3742
296 1782
585 1654
3 3369
2833 3708
357 2890
1265 3373
263 3148
364 1987
833 1782
3042 3641
377 1401
691 3544
1098 3919
638 3947
1693 3398
1702 3807
546 1127
161 2074
1465 1952
833 3698
366 1750
475 1794
1254 1993
887 1130
1303 3641
277 1921
3265 3469
878 2410
1736 2113
1188 3461
238 766
215 2425
1767 3845
282 658
1948 2627
51 1540
1680 2528
778 2448
2711 3696
2519 3865
631 3994
260 1118
160 1820
2346 3179
1313 3422
473 2090
2185 2779
204 443
574 1366
1968 3557
933 2361
893 978
818 3436
229 926
61 1496
3066 3983
913 2293
911 1948
1133 1911
2498 2573
1433 3148
2611 3807
3345 3666
720 2835
1616 2185
609 3589
3139 3947
329 3762
8 399
1465 2948
2798 2800
1087 3538
2217 3977
51 510
1884 2034
1986 3626
973 3859
3453 3490
76 3109
56 939
3813 3961
434 759
785 3065
2290 3257
802 3724
982 3830
684 3567
2961 3830
1802 2780
1507 3041
833 2507
391 3147
1951 3330
2381 2578
676 3603
2514 3355
2135 2504
809 1724
399 3847
2504 3289
201 3367
2033 2672
1258 3471
619 2766
2799 3549
448 3198
2870 3889
283 1911
2041 3980
603 2361
946 1368
1895 3441
1797 2507
744 3224
2594 3887
481 1071
1227 1648
1510 1986
238 2095
1993 3928
1689 2004
832 3729
3501 3942
2507 2850
546 1990
197 2279
588 2998
878 1944
366 3384
1868 2266
522 3263
956 3701
832 2683
87 932
1457 2023
1570 1627
1141 2865
3313 3980
3344 3989
486 1344
391 3326
1813 1848
1953 2609
2912 3683
1325 2673
229 1453
2165 2355
388 397
2708 3362
2827 3641
238 3079
456 2140
347 2343
2478 2608
376 3743
1937 3559
1430 2094
1013 1467
2544 2846
101 3521
2578 2781
3627 3829
873 1540
3041 3926
3596 3919
2185 2801
2246 2562
2478 3654
1629 3285
3010 3450
448 3191
1852 2246
2246 3421
90 3567
551 3634
2127 3867
2811 3046
2575 3908
2110 3743
1276 1668
1084 1452
1232 2118
1267 3398
2711 2957
658 3436
1640 1885
667 2293
1473 2730
2224 2867
2355 2393
1888 2916
1290 2355
534 980
1654 3858
197 2599
1774 2478
98 1565
116 690
604 3432
1055 3872
2681 3585
3203 3329
554 832
1682 3662
1600 3828
37 3494
649 1960
1137 1635
470 1110
287 3471
598 3031
135 1946
1583 3717
448 735
369 873
771 1162
544 3853
1363 1712
3377 3901
2319 2800
1680 2372
406 1475
2045 2680
3171 3828
1160 3398
3088 3973
26 2030
649 1338
895 3574
2247 2370
282 1569
1783 3123
2332 2357
1437 3867
1325 3976
3627 3637
2167 2826
1231 3735
3490 3930
2461 3845
137 188
1475 2132
878 2600
103 1734
221 3448
1071 2000
1627 2699
358 3471
1816 3600
249 1779
1346 1885
313 1118
2432 3221
317 1475
497 3161
1487 3361
1305 2246
1744 1831
33 649
85 2293
2147 3163
77 492
337 755
1870 3908
2030 3237
833 1948
130 2272
952 1206
82 1903
2105 2676
981 1284
669 3789
2064 2263
631 2384
520 1048
2416 3989
2226 2867
2205 2372
1157 3944
864 3148
2026 2074
1001 2415
2007 2619
2365 3947
1344 2752
1335 2984
278 1680
111 122
612 3345
733 3235
3235 3879
1030 3481
1429 2635
2062 3771
2553 3071
197 777
2398 2573
2296 3818
615 3807
1816 3400
650 1701
201 564
3452 3828
81 3066
1276 2519
676 3568
1370 1830
2456 3329
404 3865
356 3087
445 2034
1877 2303
939 3699
2524 2588
991 2045
1429 3291
3456 3645
518 802
319 3789
1195 3972
186 362
1712 2639
1705 2180
660 2386
2934 3350
1562 3750
3273 3749
1660 2057
340 2998
1511 3090
1465 2852
1110 3819
3393 3683
2527 3179
371 1547
1668 3327
2347 3418
906 1313
538 1993
25 2896
1158 1600
187 3010
15 3708
1625 3705
2210 2746
2108 2361
385 2372
1523 2303
1302 1733
1069 2349
559 2425
1796 3373
262 1841
1206 3606
1071 1257
762 1267
3671 3898
3373 3503
1850 3090
784 1648
281 1885
2652 3859
79 2172
1743 2074
324 2320
1141 2411
257 3109
107 1164
213 3418
1028 3205
608 3224
1 1986
1724 3776
798 2143
432 3070
1020 3780
796 2157
337 1594
1991 2369
221 658
1135 2372
1001 1472
592 1622
1474 2573
338 1013
85 916
1428 3279
1026 2690
2276 3184
1613 2504
2350 3932
111 1354
103 334
660 3527
1401 3732
1512 2676
329 1364
3733 3830
1522 2425
1104 2370
740 1344
2195 2698
1418 3061
2195 3633
1782 2791
1723 2195
1693 2151
2186 2195
660 2856
2507 3921
981 2331
1699 2278
1157 3061
516 1239
1504 2033
51 156
619 2714
204 1681
505 2034
551 1756
34 363
297 2147
399 2758
1164 2426
734 978
2062 3648
340 1118
25 2794
1348 3671
2849 3109
3184 3439
2450 2534
546 3034
981 3150
363 3739
1759 3444
277 3653
234 1523
385 1295
1523 2971
2836 3916
570 599
2505 2680
1761 3416
2556 3627
149 1609
357 3856
741 797
526 2998
269 2143
3061 3559
2535 3316
1135 3311
1268 1693
372 2998
2167 3370
210 2328
2149 2422
399 2076
1718 3600
331 2588
77 730
1779 3073
2063 2905
3066 3740
462 1744
1547 3601
51 2667
277 886
2479 3889
2351 3273
580 3813
1600 2676
3418 3571
228 2355
1055 2869
1366 2251
1401 3845
225 356
1188 3550
207 2425
3 3114
1986 3860
3637 3802
273 1294
46 1721
1989 2293
2143 3351
201 3465
1055 3283
160 2581
491 3641
1563 3341
1366 3968
2471 3474
2143 3637
448 1675
77 3597
1302 3247
366 2372
500 1529
2645 3363
2542 2645
2121 3549
1721 2822
885 3436
243 377
2266 3731
599 3675
703 1712
3235 3283
3130 3510
796 3297
1110 1601
1579 1813
1953 2665
1986 2072
1313 1497
2209 2998
551 2806
775 1822
399 1226
2858 3235
1145 1946
1911 2545
388 867
210 2022
1993 3334
1411 2350
1401 3010
191 1602
485 3416
1256 2057
2936 3807
3584 3953
3105 3205
1948 2796
1428 1830
1194 2448
878 1414
1563 2508
3501 3727
2851 3559
1523 2946
2182 2573
725 3549
3650 3698
1333 2295
1582 3065
1777 1814
646 3436
363 626
771 2795
775 1426
1141 1981
210 1382
69 377
1993 3695
2246 3060
1206 3187
917 3098
188 2930
2172 2440
1457 3215
2221 3454
1068 1206
2550 3427
1507 2122
67 3574
1811 3817
1153 2645
2898 3354
262 2171
240 775
1948 2162
2221 2484
1344 2680
2074 3311
2263 2303
858 2727
3318 3867
1622 2312
32 1055
546 1889
202 1699
987 2140
1107 2265
1975 2737
434 1468
322 1507
3261 3471
878 1577
528 1049
1825 3065
111 2668
2463 2573
690 3779
1968 3637
3820 3926
1286 3070
1699 3135
1781 3010
2784 3373
802 3969
2655 2952
157 1888
229 1600
1593 2205
1013 2693
249 2355
2094 2887
544 2449
1177 3671
1929 2167
3070 3311
504 1350
1487 2154
2543 2934
1325 2606
3267 3418
512 1229
775 3858
1267 1403
1965 2422
345 3889
3728 3916
3205 3276
204 215
690 3407
2074 3593
631 765
2306 3993
306 2195
1999 2756
2089 3901
2195 2519
1635 2015
2986 3574
551 3041
197 1905
1276 3061
852 3646
1159 3973
2114 2898
1030 3621
259 2057
2004 3797
806 3486
1419 1547
3373 3438
25 3752
1368 2917
1509 2934
1164 2108
1366 2525
2432 3546
1675 3717
1117 3645
3416 3958
366 3827
303 3471
544 2134
775 2274
2780 3832
806 1995
2829 3698
2990 3567
1108 2361
2682 3090
1135 3398
1151 3701
30 363
841 1127
221 2717
41 3989
238 2744
1178 1368
627 2066
1696 2034
1600 1946
1077 3516
3398 3492
1628 3641
23 2223
633 3316
1157 3794
743 3521
1721 3560
1840 3646
497 857
489 2147
1783 3663
21 520
475 3324
1969 2701
3031 3965
1118 1253
812 1084
1372 3294
843 3574
914 1190
224 2619
341 3020
2118 2366
3178 3641
277 3704
2589 3956
1540 3582
149 2859
3503 3662
1665 3176
459 2295
215 3645
1429 2139
1081 1654
1008 3098
2952 3816
1479 3474
2619 2700
1158 2643
51 2915
188 1447
1272 2576
82 1302
793 2941
690 2086
707 2499
1712 2354
204 1320
1244 2589
164 546
1494 1909
1715 3581
2266 3401
833 856
666 1698
1446 2327
3754 3908
1800 2030
504 3831
3179 3499
1135 3802
747 1999
1259 2185
2636 3098
1053 2729
149 1932
1157 3342
2020 2425
2780 3760
546 816
3782 3919
103 2974
173 1692
1000 1654
2558 3972
1740 3574
2170 2800
3179 3885
196 2296
1344 2286
473 2595
2421 3867
307 1188
1374 3671
57 2045
3283 3329
1141 3619
2441 3708
215 3802
2811 3347
1814 2995
649 3335
1715 2678
3386 3651
411 1537
2010 2812
1025 1721
896 3646
666 2008
624 1602
3312 3807
702 3386
255 3574
694 2514
173 1045
1315 1715
1399 2370
1030 1122
160 2565
803 2934
119 1627
2349 2685
3591 3901
858 2183
837 1629
878 2212
2037 2588
1071 3078
3232 3373
1667 3735
2084 3148
2364 3973
499 2195
2050 3432
2880 3070
488 2217
1668 2499
357 1274
1898 2118
1078 3982
1563 2804
2718 3807
738 1909
388 965
1480 1672
1680 2174
1635 3266
340 3263
1736 3394
3040 3817
37 535
1585 1602
3490 3998
1730 3514
301 1865
204 2116
2904 3205
2589 3598
1594 1953
1030 3277
589 3627
215 1701
844 1627
337 930
221 2706
2491 3471
1359 2505
2167 2638
1941 2573
99 1420
2519 3980
154 3388
204 739
1204 3492
1157 3429
2039 3516
1127 1999
629 3316
354 1736
262 2972
2530 3031
3418 3858
407 1407
453 1335
204 2622
1246 3817
2033 3410
178 3294
1473 3580
343 2589
3311 3516
130 3861
2223 2372
2296 3167
1016 2825
3503 3887
440 3386
2137 3098
2811 3692
796 3576
126 182
1895 2773
2045 2929
660 2753
1540 3065
713 1779
1095 2432
337 714
1765 2550
563 3671
2637 3090
2307 2357
528 2663
1503 3907
2074 2262
832 1131
528 942
2721 3845
1325 3200
1287 2167
606 2544
1188 3212
1310 2293
273 1786
3637 3646
238 565
1276 2316
356 433
340 1013
229 3144
831 3444
1795 2118
938 1968
1648 3637
1865 2580
2204 2905
1498 3926
2057 2242
1891 2502
2793 3889
3683 3719
1814 3670
806 2397
504 1643
609 3737
3061 3953
1229 1940
467 1715
111 2694
215 277
1001 2148
1264 3265
2140 3643
2504 2884
323 1019
954 1507
1429 2390
215 3273
1064 1629
2470 2898
2147 2962
497 3346
847 1594
3570 3993
305 1891
1819 3400
1019 1835
1367 2504
821 1721
631 3174
1285 3502
2004 3041
2068 3432
1219 3511
455 3582
256 2223
1891 2679
95 2445
710 3184
2811 3649
1491 3953
438 2578
1206 2480
2146 3474
130 2206
1588 3582
914 1834
797 1273
2800 3894
61 167
1278 3901
3006 3205
417 2074
3502 3552
2976 3316
1208 3490
351 3474
85 3802
3403 3973
1888 2810
3953 3991
13 889
37 2253
447 1475
1922 3817
1101 1715
284 3549
727 3416
366 1142
37 3129
1662 2811
2510 2677
1703 3257
28 3865
1507 2214
720 2949
847 3874
544 1397
1594 2010
3 1594
1529 3858
1056 1118
3362 3419
2141 3662
1157 2901
1019 2959
2295 2707
1770 3859
3130 3208
1030 3697
1166 1627
939 3927
3224 3910
614 3436
3273 3515
2140 3800
282 1187
797 3595
1480 1545
1047 1562
3032 3316
149 972
236 1562
340 2167
856 3592
899 2472
1627 2443
3218 3434
1813 2536
1507 3217
1003 3434
2376 3637
473 748
340 2185
943 3559
182 1376
266 528
1158 1720
520 636
186 1058
889 1543
19 3567
357 3166
2589 3503
273 1321
2034 2567
2124 2422
249 1001
1378 3327
1327 2172
1654 3449
241 1313
1783 3220
1486 2147
1141 2077
495 2033
399 1464
1999 3120
87 3509
590 3065
620 2711
364 2372
931 3926
1676 1724
520 3311
2069 2619
133 160
2745 3645
1107 1757
3329 3680
99 2021
337 1977
258 2573
268 1001
2677 3902
382 797
551 635
1783 2525
299 3683
85 662
1487 1926
1581 3471
3192 3600
626 2867
2147 3668
1816 3802
1043 2898
1903 2697
201 3137
104 1693
1071 2647
1895 2287
1515 2045
1164 2881
937 2505
573 1693
2357 2924
858 2879
878 1082
1053 3348
2377 2711
2024 3492
1891 3637
1622 3890
1276 3041
847 2521
665 2867
676 1401
2010 3209
599 3317
1637 1724
37 3522
77 2268
820 2355
1991 3314
441 520
2519 2619
1407 3476
3330 3462
2316 2787
1946 2861
618 2210
498 1993
1148 3683
356 2108
391 3337
200 201
2167 2817
980 3858
85 3641
388 2944
401 1547
1976 3989
2118 3415
87 3811
264 1537
658 1562
940 1625
685 1480
1053 1760
817 2550
1614 2499
806 1830
2755 3294
273 360
1440 2472
2554 3090
44 1239
856 2883
87 2960
2012 2295
2495 2507
687 3148
2361 2402
1230 2422
1184 2911
341 348
111 1459
1563 3684
768 1948
2529 3807
149 3826
797 2109
37 2187
870 2034
171 631
308 1953
3858 3877
54 887
708 1779
1779 3252
1160 1970
609 2271
3734 3865
1524 3010
1188 1494
197 1528
546 3069
2223 2893
420 2547
3398 3671
201 1810
847 1959
294 1013
796 2895
1347 3828
1281 1465
282 1673
506 1418
2782 3743
420 2509
1084 1236
238 822
366 2120
2514 2620
571 771
1188 3275
2674 3432
267 3907
22 2504
1763 3867
3791 3877
771 1844
1172 2952
396 3735
364 3470
1135 2898
2607 3109
1627 3353
981 1034
367 1001
3287 3807
434 3848
1428 2317
2140 3893
530 3273
957 3184
558 2681
2444 3926
1237 3671
1724 3047
1803 3436
662 3849
2237 2676
482 1715
2258 2370
2813 3813
1118 2040
1938 1969
1652 2316
981 2770
476 3698
981 3618
1126 1724
3717 3892
856 2855
3521 3629
1188 2978
929 3701
988 2553
676 1113
887 2144
3239 3732
2266 3095
428 1911
1344 2555
381 1313
1050 3953
1164 2908
2999 3373
1165 2445
61 3406
201 3216
347 1716
1070 3889
2919 3732
1272 2108
55 2263
51 1128
2578 3935
1339 1891
336 3980
617 2499
134 1635
1229 2016
3382 3865
1283 3671
1807 2045
33 1991
37 3913
1476 1877
1888 2372
673 1020
1164 3043
527 3645
959 1480
2979 3574
388 966
324 2641
1313 3519
1465 1740
1020 2519
3130 3140
3559 3952
1455 3235
99 814
132 1877
2549 3492
2118 2993
2221 3460
2350 2612
1368 2517
1738 2677
3311 3989
609 2044
2553 3906
1019 2108
154 2494
2519 3031
2472 3612
2296 3605
3833 3891
2690 3111
261 3501
656 1537
833 1276
186 2669
3865 3937
1418 2602
1457 3402
154 2334
801 1325
2172 3405
979 3789
1218 2266
163 3362
1053 3358
233 3743
889 3240
39 2355
3 2666
760 771
720 2860
473 1615
745 2825
808 1701
1110 1386
365 2010
167 3521
609 2277
1210 3828
1107 1175
424 3559
1709 3070
353 3327
160 3922
1701 2983
193 1170
923 1267
1200 1272
1567 3582
2448 3141
1594 1975
1019 1514
1979 2062
245 2472
421 2681
415 541
2246 3881
2185 3647
1622 3333
2687 3362
2033 2958
1288 2905
1610 2534
2180 2902
1308 3830
1067 1160
127 2499
2412 2898
662 1039
769 2221
806 3903
1158 3183
3641 3852
528 3338
1395 2914
750 2057
2002 2941
601 3544
1728 2185
1465 1755
1564 1814
2054 3516
2004 3227
4 1948
873 3357
304 2216
771 1790
2546 3263
2499 2657
33 3109
1540 2350
916 2845
385 1607
2239 3600
2980 3891
82 2221
85 3514
1523 2613
3 3249
2504 3081
82 887
1228 3432
723 2825
1302 3243
431 3501
434 3303
1192 1903
208 1680
658 1911
29 631
1830 2514
1473 3352
787 1635
149 1270
192 1170
173 1127
1446 3689
3747 3953
3362 3703
802 1600
2759 3980
1578 3098
1010 3109
167 2550
415 1495
2964 3627
1668 2472
833 2370
662 3253
3023 3434
391 3310
873 3896
1371 2210
68 3294
391 3761
1207 1302
3620 3645
693 720
1073 2180
1020 2738
681 2645
968 2550
2103 3743
1563 3554
2432 3971
2642 3316
688 1407
1260 1267
420 3681
724 1107
2219 3432
978 2096
2220 3235
1753 3490
3099 3662
989 2223
1471 3701
2303 2349
387 1895
3721 3789
2405 2898
170 3263
1830 3386
1903 2056
2205 3504
2205 2675
1415 3947
1198 3877
40 878
1484 3130
1020 1697
420 1731
324 496
370 2941
1832 3474
1292 1779
3110 3789
194 3947
226 3567
888 1084
2094 2735
210 3041
2505 3690
2221 2973
907 2544
1699 3745
1001 1379
1004 3434
2033 3223
277 333
59 3683
1968 2966
2445 3269
177 1480
3224 3270
473 2392
166 388
2589 2818
1366 2164
388 1549
2074 3389
1229 2771
172 3065
1885 3431
2848 3432
124 856
1366 3674
2295 3716
992 3845
2677 3117
715 1991
1899 1999
1413 3109
82 796
1220 3993
1675 3807
475 2525
1307 3993
660 2401
2790 2952
1537 3508
1160 3036
3048 3877
1736 3558
676 3175
2062 3843
3416 3769
221 3808
1267 2434
2353 3066
1948 2569
2676 3425
3179 3746
2004 3638
24 2004
1053 1943
2045 3360
2446 2472
2420 3273
2754 3845
1021 3205
339 3416
186 3673
471 2837
1071 1775
1888 2188
647 1110
1949 3294
1032 1465
1206 2108
1638 2350
525 1562
1843 3492
361 3098
1644 2094
2720 2811
1013 1566
1784 1877
2370 3897
61 477
473 1469
1986 2222
1788 3887
1980 3807
3845 3923
1920 3549
18 1865
1475 2119
1020 3026
48 1302
249 1707
2293 3975
364 2925
321 2094
277 2492
186 2670
806 2656
914 2323
626 2534
464 2911
1602 2710
619 1002
619 3631
3397 3501
415 1853
1711 2062
664 2867
2526 3877
1814 3447
58 1370
277 418
472 1986
3521 3931
578 3907
1319 2905
201 1668
2932 2998
2163 2223
1084 3058
2557 3891
2350 3625
1741 2578
159 2898
619 2166
1999 2038
1494 2217
347 3985
1053 1809
277 3122
2419 3698
262 3290
1188 1530
2318 3070
2807 3646
5 3717
2489 3538
1701 2664
130 398
508 1629
1865 3283
1335 3231
1688 3877
282 2248
509 3993
719 1020
2477 3130
103 3623
2324 3901
599 1553
347 2091
1602 2107
186 1266
1701 2275
671 2681
2996 3471
3582 3788
520 1780
7 3735
1114 2553
96 2425
1563 3518
1529 2940
628 3345
1886 3683
815 3989
1463 3830
2221 3051
385 426
3090 3793
85 2934
1389 3386
2376 2803
767 1475
880 2998
186 468
212 3434
130 1957
3386 3940
1242 1782
93 1428
1357 3717
2619 3426
204 3862
154 1541
2167 3268
2013 3889
457 2143
480 3845
1778 3549
329 1591
188 2473
2075 2690
1465 2469
356 2042
2425 2819
704 3316
1895 2629
2235 3982
111 3949
1635 1812
774 1170
494 1507
1302 2058
856 3207
1668 1744
2261 3982
1457 3691
182 1657
2447 3224
3184 3886
2432 3948
1445 2941
1076 1969
2568 3329
1191 1911
1473 2832
188 1816
3732 3966
1877 2713
1493 2296
2423 3947
3891 3929
1127 1707
2014 2505
1089 1537
154 1675
781 3514
2774 3701
33 3257
210 3138
141 1229
2550 3028
1599 3989
890 2588
528 1136
1001 2244
3474 3529
1481 2478
841 1983
49 3327
1337 3789
2522 3031
1537 1605
2496 2871
3490 3709
842 3916
720 2923
847 3154
1434 1629
1013 2937
1813 2152
1783 2283
77 2005
350 546
82 3330
2295 3967
146 3708
722 2293
662 3395
475 1532
216 3130
188 1722
1139 3891
309 2867
167 3179
3066 3143
352 2034
188 3107
543 1968
668 2690
1816 1986
110 3574
342 858
1313 1816
2519 3901
262 1500
304 3639
3108 3544
504 3311
1858 2780
2314 2780
1238 3130
341 3086
1380 3972
847 908
6 1680
520 1356
340 1707
318 2010
898 1335
244 356
2842 3701
1092 1991
420 3939
2101 3436
1600 3802
2147 2808
64 1736
3472 3828
584 1107
1154 3538
356 2173
1146 2205
626 1335
690 3835
154 3278
2472 3242
1160 2654
197 1195
1602 2126
2210 2761
3630 3698
363 3169
1903 3899
3521 3718
905 1782
2445 3258
1055 2762
366 1873
1109 1480
2349 2684
887 3408
391 3119
229 623
889 3535
2106 3538
1762 3708
752 3516
806 3661
631 1590
497 3428
61 1752
189 1635
341 3283
173 753
420 557
199 3345
152 3502
1233 1418
2003 3010
796 2992
788 3544
2789 3891
100 1368
1195 2578
2692 2941
602 3329
1666 1813
1494 1627
125 2357
775 3050
1161 3444
340 2448
551 3102
1808 2645
2507 3945
2172 2407
1053 2059
1272 2200
51 1088
1202 2911
1195 1446
1344 3254
2131 3916
1641 2422
2246 2862
854 1344
356 1842
659 2167
329 1816
347 3398
167 1276
1573 3538
289 3993
3701 3795
392 3490
2356 3845
1360 1903
497 2900
2066 2970
2153 3982
1724 3858
1395 2339
3128 3273
2375 3627
1061 3865
25 2840
1909 2458
3520 3817
3027 3434
182 3398
1881 3538
497 2292
641 2911
1740 3416
1282 3010
1225 2180
414 2376
410 662
1633 2062
980 1169
3 291
3418 3999
3316 3545
609 894
188 2179
2305 3973
2645 3784
978 2155
204 1580
1019 3796
1279 2588
1229 3635
1562 3035
533 1368
1475 1816
2221 3455
2985 3919
2877 3511
1891 2634
1891 2313
416 1395
1370 2823
363 3153
437 2030
82 3362
639 1529
262 537
1195 3205
840 887
1969 2197
1164 3573
1888 2150
120 1107
1993 3905
2145 3559
644 2445
866 3867
2078 3418
962 980
2867 3125
529 3065
363 663
320 1418
1639 2004
1625 3379
2573 3155
238 1269
2316 3822
448 2455
1127 3916
1480 2108
150 1475
990 1625
3701 3768
391 1091
288 1622
758 873
363 2605
567 1783
1754 2690
2180 3534
2355 2523
2010 2725
900 2825
53 2534
1195 1885
949 2589
415 542
3446 3600
1710 3973
3094 3947
1125 3514
1523 3730
1595 3235
2507 3413
388 1966
1395 3245
2432 3513
85 3148
1737 3701
832 1424
65 2357
858 3002
1407 1994
2001 3732
1007 1724
364 2857
832 3866
1234 1701
1449 1699
690 3918
751 2504
87 2723
466 1665
1533 3516
390 1001
835 2825
2140 3590
130 3463
953 1648
829 3066
1635 3311
1845 3972
1446 2574
3089 3098
2057 3912
1816 3908
1186 1782
666 2409
1782 3274
833 2837
981 3284
945 1953
1037 2800
2619 2987
2349 2792
3627 3987
696 2010
797 2071
77 1630
277 2560
1385 3859
1314 2062
2140 3624
