3901
116 120
656 2156
1553 3802
578 2125
434 1969
42 1997
570 2531
416 1921
209 2454
412 1956
834 1178
797 2237
1127 2839
1217 3647
104 746
1778 2770
1777 3012
1424 1796
665 3026
1992 3497
1456 1491
2075 3552
957 3043
1783 3565
696 3871
3503 3772
174 1232
362 2625
1828 2518
2236 3846
2458 2489
1856 3315
1234 1365
990 2450
1223 2379
2091 3197
1434 2307
889 2319
1734 3800
116 534
859 2294
971 3386
1138 2626
3443 3816
699 2375
89 3284
116 371
180 3023
2869 3147
753 3455
2177 3657
22 1635
1016 1704
2722 3691
1505 3550
2925 3636
1334 3657
693 3113
1270 2641
309 1206
3015 3321
513 3755
404 3212
2131 2471
202 3791
1801 2888
957 2907
1983 3890
188 3125
1136 2524
284 501
171 668
72 3377
658 3402
1293 2466
868 2877
778 854
724 2230
761 1039
2108 3864
2499 3467
1754 2581
35 59
194 222
389 3048
2093 2123
2648 3547
1124 3600
923 2452
2214 3111
649 923
1504 3122
643 1061
1287 1911
745 3269
176 3453
1166 3130
2092 2477
727 1768
855 1940
2710 3371
139 3771
1001 2257
1536 3496
838 3434
86 88
1813 2109
1506 3191
896 1436
881 1370
1971 3366
1314 1688
1794 3451
1440 1602
3015 3165
1736 2915
85 767
2732 3394
1139 1571
748 3308
48 516
196 3462
1407 3208
1898 2144
399 1326
219 2947
1274 3114
1245 3740
1441 2783
128 2135
2290 3342
2515 3757
3070 3884
1143 2264
1270 2985
1159 1708
182 2267
1887 3661
836 2249
2336 3112
142 1772
852 2448
731 791
1922 2727
419 1096
892 3363
435 1842
522 2638
419 771
327 2983
260 3779
1104 3610
2350 2568
2199 3106
3093 3495
2577 3818
1656 3610
1265 2239
288 1466
3378 3679
212 1831
1607 1968
78 3901
198 533
1692 2418
255 3700
2639 3663
1349 3635
1037 2663
1457 3720
1015 3520
7 2500
15 2019
2657 2690
3120 3638
1496 2173
1523 2155
1441 3571
554 2039
10 1202
1949 3831
3152 3388
1691 3773
721 2087
1282 1381
1071 3102
2955 3624
2651 3673
1709 2146
1670 3893
2075 2759
3677 3819
188 580
2111 2273
392 1251
794 3648
3186 3328
1235 3394
32 1085
104 2757
392 1129
1525 2895
293 2689
363 3711
82 431
2986 3148
467 1958
1280 1892
1146 2246
3476 3482
2383 2691
735 3760
904 1067
1716 2772
1717 3690
2903 2941
2467 3087
173 3633
1272 2652
1702 2110
367 1920
3245 3833
476 2703
3277 3422
539 645
1832 2576
1465 2953
1024 1224
201 1522
116 3864
504 1149
534 2439
3729 3751
1090 2284
286 885
465 3686
17 3618
2855 3295
2250 3156
984 2224
471 2361
217 768
2670 3171
1362 3305
2851 3672
252 1837
946 1589
282 2637
940 1138
3035 3052
1540 3626
231 2441
3409 3609
2792 3471
327 3260
1377 2825
585 2155
960 2494
2223 2920
2185 2967
1685 3685
230 1626
869 1254
1212 2570
229 2038
401 1177
1545 1952
5 3415
2668 3759
2457 2555
1047 2937
10 3781
773 2785
152 1158
2579 3011
1492 2068
2874 3495
1086 3776
311 3183
677 1026
136 1329
1757 3707
2421 3684
2860 3271
2182 3825
224 2120
140 393
467 1479
1665 1765
1417 2069
219 1072
2743 3086
2421 3435
177 722
2095 2949
866 3724
679 1598
3383 3474
1199 3158
1611 2465
1827 3787
482 3795
2605 3737
2952 3854
1 1033
2946 3361
2853 2989
2392 2420
838 1048
1750 2076
1147 2935
261 2234
1846 2286
1221 1357
35 2521
127 2343
1377 1905
58 3855
2008 3314
1839 2314
101 1318
430 3653
2159 3325
1893 3290
545 3034
677 2150
378 984
116 1146
1107 1540
367 866
1395 3161
492 1896
87 3589
562 2824
1623 2860
1202 1642
602 2083
2335 3685
1231 2700
861 1965
2143 2848
937 2213
1518 3280
264 2536
1840 3874
2167 3531
359 2251
3099 3162
2685 2799
848 2771
1842 2803
573 3490
3372 3525
560 944
1167 2034
871 1797
840 2107
285 375
388 1913
2015 2496
2486 2675
699 3750
1563 2868
537 667
2073 3370
2058 2837
1487 1907
602 2366
934 1591
735 2995
1684 3117
577 1786
1370 1936
1265 3650
1831 2288
1746 2032
1402 2419
2164 3644
3012 3257
2310 2684
2697 3499
231 3509
776 2795
2565 2992
1192 3879
1420 2156
1480 3370
3218 3737
310 450
2431 2901
1902 2662
935 3034
1322 2241
2203 3819
2035 2633
1438 3785
582 3546
451 2255
988 1252
1923 2926
1185 1595
1585 2112
2 1076
1966 2606
740 1856
1425 3039
1488 3706
593 2896
2904 3790
165 3758
929 2457
156 1556
1255 3359
2591 3449
530 925
59 2725
244 727
2440 2547
101 2976
1160 1448
1840 2323
116 3785
993 1558
1011 2962
1074 2754
711 3891
1318 1373
116 3755
2543 3711
1639 2980
588 2706
2046 2089
2289 2409
2376 3492
291 1990
1152 3897
1129 1826
442 808
1410 3838
2017 3498
2345 3838
1369 2627
2031 2068
8 2018
3546 3566
1534 2119
386 2425
143 1947
1533 3549
2718 3420
2079 3020
75 3500
1483 3393
3001 3348
1890 3247
2963 3054
1336 3875
206 2481
979 2755
1482 3068
2455 3302
659 851
1442 2157
2649 2791
2686 3496
1484 2541
1865 3682
123 1557
973 1500
1830 3326
386 1690
323 1947
9 2867
803 2908
933 2483
1212 3202
2366 3198
3506 3678
1572 1823
25 1733
241 1945
628 2812
1740 2907
940 1892
1262 2613
2469 2960
2607 3593
295 1658
750 2306
432 3185
368 3070
589 2101
286 2125
1413 2651
2818 3786
651 924
958 3505
1786 2100
512 3488
2399 3719
635 2475
1305 3039
12 1623
242 1043
3285 3668
278 3232
39 931
308 2398
1277 2530
1532 2339
1817 3181
1528 2655
2234 3494
351 2322
702 3044
858 3585
2354 2777
2251 2796
607 2794
54 1005
591 2296
2800 3718
673 3679
1147 3508
690 2557
1144 1372
1210 3858
2370 2659
1341 2851
530 3439
2032 2770
1281 2321
998 2518
954 2090
2447 3288
36 2442
1884 2360
147 2248
1501 2961
1486 3127
814 2866
897 1261
2299 3461
1168 3485
706 870
1792 3173
900 1888
1242 2414
2957 3523
3069 3827
475 1497
715 3815
610 908
2445 3128
992 1982
1490 3107
2563 3283
281 2838
1503 1754
195 2954
1626 2677
436 3428
1113 3094
662 1848
105 393
2424 2735
652 2160
3387 3407
1631 3894
1086 2222
1224 2148
538 1646
15 2343
371 2179
952 2360
155 1116
2650 3388
2081 3086
1539 2019
865 2957
148 2711
399 2633
1782 2064
2823 3391
1490 1801
511 2134
3173 3683
1106 3595
160 2195
1051 3179
1701 1781
2186 2921
90 518
116 320
2856 3713
1107 2313
2050 3898
175 3311
994 2732
686 2381
1120 3693
1054 1783
1208 3734
711 1777
1385 1405
819 1482
2793 3458
1402 2563
814 3590
330 3530
598 3188
1707 2363
1381 2895
578 1611
3673 3882
1332 1899
1367 3849
1538 2540
124 3666
1177 2612
803 1473
461 1187
1112 2565
1862 3708
1897 2795
23 3199
1017 3556
2197 3210
1699 3157
531 1068
1087 2899
1045 2867
729 2011
1249 1651
903 3896
2451 2751
1680 3800
551 3528
1131 3791
685 2415
1263 1594
2474 3270
3222 3224
1890 2561
2194 3175
116 770
1079 2221
1499 1943
860 980
1205 1875
30 1517
1324 2538
457 2478
184 1453
1340 2255
404 3829
453 1787
3242 3895
1832 3431
294 3025
1376 3649
2883 3763
824 1002
829 1934
477 1544
792 1184
1530 1849
663 3162
3793 3801
111 3365
1208 1698
1056 3527
488 2346
1351 2402
1731 3430
1526 2420
2 1461
1373 1936
364 1429
666 1429
948 3289
2330 2699
181 1519
384 420
16 588
1734 2511
549 1870
2535 2589
497 1206
2493 2692
789 1100
3238 3474
49 3552
360 2972
1843 3662
222 657
3228 3397
671 2713
532 1859
2807 3809
3473 3484
43 721
1925 1953
710 2372
1036 2776
2041 3352
1218 1726
1865 1924
134 3248
491 3235
680 3109
2974 3125
1651 2105
398 2353
1546 1748
976 2558
316 2492
2463 2608
203 3158
2476 3014
458 855
2799 2891
953 1151
804 1240
1013 1043
1006 2022
365 2884
116 2406
1804 2132
1389 2519
848 3781
575 2736
206 285
96 1032
744 3632
2682 3017
384 3349
60 2082
341 1930
455 1770
507 1889
284 3267
1219 3328
1024 2700
271 1643
391 870
1637 3166
2756 2888
1943 3139
1642 2058
2969 3811
3454 3769
2684 3599
805 2426
245 2934
276 405
1975 3745
1069 2356
143 3774
1269 1784
854 1591
1354 3391
714 2564
716 1049
2394 3562
2988 3735
1084 3558
905 1193
1010 1145
477 1895
1957 2949
14 119
223 1999
2427 3357
2045 2746
579 1537
385 2225
233 3360
356 1994
2269 2370
151 3260
3214 3341
373 1398
1524 1807
336 812
2163 3124
62 1765
1014 2298
3249 3476
438 1929
773 1030
3004 3543
1064 2646
424 522
1749 2708
466 1244
304 1940
2352 2486
1800 3482
3591 3766
1150 2673
2722 3188
1791 3423
2929 3024
322 3071
902 3322
2823 3263
2773 2914
1099 1927
1857 2934
2691 3056
116 2415
51 1195
2369 3821
939 3213
1435 1517
6 3447
2698 3194
78 606
2405 2916
844 909
1000 2430
2731 3121
1885 2939
599 3301
798 3566
1671 3497
2474 2723
1304 1432
205 1920
1378 1661
1696 3629
280 796
1811 2916
2145 3258
519 941
150 3753
303 1303
548 670
1816 3066
3211 3361
94 3590
825 1701
383 743
235 2728
559 2942
116 3214
1028 2059
2138 3717
611 2951
116 791
842 3489
645 3270
629 747
1092 3239
179 2534
1496 1697
1551 3749
353 1375
642 1779
3472 3812
915 1921
366 2529
3075 3407
3660 3708
214 730
788 2601
760 3782
1573 2161
1902 2593
324 3793
1925 3536
243 2504
2109 2429
441 2005
126 1637
917 1426
1851 2672
913 1877
683 2308
1279 3193
1281 2062
617 802
1564 3477
2517 3098
1132 2507
2718 3869
107 3073
288 2670
1019 2347
329 2904
1186 3459
2134 2996
971 3303
103 270
1633 1723
2308 2861
1423 2287
3195 3544
1351 3659
965 1427
300 3230
500 1654
2775 3511
2423 2747
664 1791
990 3670
86 619
520 1184
305 3437
2113 2391
1306 2595
328 3255
857 2961
102 1450
2046 2693
2822 3150
797 998
258 1153
2165 3478
208 1188
981 3374
3647 3681
3554 3621
1951 3584
3544 3605
1174 1284
2226 3068
1836 3382
1343 1916
3620 3741
2410 2986
444 746
547 2477
1159 3353
601 3886
1399 2950
762 2250
800 1172
964 2548
1928 3715
1289 3887
570 2490
3752 3866
116 2671
1119 2654
1386 2236
1438 3667
2358 3298
480 1578
809 2094
758 3231
1028 2003
2794 3339
631 2840
759 1133
2030 3049
1052 1834
1425 2003
1664 3025
3042 3194
1286 1513
1333 3273
1672 1977
3603 3658
1737 3233
483 3189
1248 3225
355 2098
644 1550
2943 3863
1013 3412
169 1565
3057 3764
116 1790
2056 2798
1115 2162
349 1932
892 3199
2480 2812
462 2842
418 592
159 3598
1156 2329
2226 3236
647 3292
909 2816
30 2133
1093 1793
2319 2599
289 709
3020 3697
1330 3340
403 1770
3089 3537
2361 2862
674 1333
1065 3740
1661 1784
390 3463
345 542
1241 1742
1703 3613
1604 1935
110 977
786 1443
218 2558
1999 3331
3629 3842
1444 3179
1122 1880
434 2765
1012 1175
2311 3131
901 3554
230 2011
454 2107
94 2232
452 1846
1910 3347
3529 3668
1725 1761
864 1959
1348 3205
624 1388
2327 3873
3378 3712
1392 2532
1021 3129
116 2047
742 2103
1822 3352
320 347
302 1514
103 321
203 1739
1276 1913
3021 3221
45 2149
2359 3440
2850 3558
1599 2627
3261 3377
1675 3576
2256 3526
1915 3448
654 2831
705 3006
842 1799
608 2620
941 1738
495 949
1123 2139
2264 3227
2821 2942
1168 3267
827 2605
2194 3555
744 3739
447 3244
1303 3602
635 1302
1093 3664
2751 3575
1494 2743
1285 2388
843 949
951 1505
390 2293
61 2102
44 3469
2280 3450
3631 3719
2387 3418
793 830
540 3103
2212 3818
2523 3002
1176 1792
320 3123
528 1002
1196 1608
901 1203
3046 3066
2029 3784
1764 2148
490 3074
1057 3843
1766 2099
2871 3486
573 1387
1020 3024
2489 2513
732 3014
61 1732
3470 3542
2048 3462
672 3168
1914 2879
183 3047
1515 1887
777 1242
470 1599
331 3557
2206 2228
775 791
827 2097
2240 2680
164 1619
3289 3570
351 1824
328 3018
131 3863
2774 2947
1380 1870
3172 3426
1269 1383
213 3538
1524 1876
987 1308
32 2970
2999 3830
812 3241
1767 2172
2211 3696
610 3703
795 3834
1469 2760
1356 2688
157 1015
2533 3067
248 3137
1059 3861
2022 3615
380 644
650 2136
342 1172
2367 3240
1868 3766
195 757
704 2092
199 2948
220 3608
138 2809
359 3236
3509 3645
2834 3853
151 1570
503 1664
2350 2881
237 2381
558 3175
330 3405
606 1122
1751 2664
862 2665
2020 2091
440 2984
2412 3588
1198 3105
319 3715
1284 3852
1882 2299
523 2583
201 410
1253 2553
2451 2724
2932 3806
3036 3572
1357 2283
1118 1151
910 2197
1457 1721
290 2829
116 2613
532 3219
98 3048
18 1054
891 2862
808 1435
472 549
1317 3415
116 3566
2001 3163
759 1934
3092 3726
82 3105
154 3528
678 2040
249 3149
106 3345
58 867
447 2438
146 3761
642 3776
1911 2537
2845 3122
1272 1291
1844 2995
2469 2649
1016 1389
911 2021
597 3876
1929 2347
1473 3457
2057 3119
183 902
701 2979
1046 2676
310 1837
1213 2078
1639 3358
554 1860
656 1753
563 2283
1507 3226
495 637
2577 2622
409 3768
3229 3344
1084 2944
2740 3535
1835 3655
2028 2656
95 3676
2397 2495
581 2946
641 3847
2385 3318
1542 3264
1973 3387
2493 3003
810 2193
601 2945
2910 2968
322 2822
2490 3518
1220 2025
2122 3814
1238 3865
2216 3595
2129 3687
38 1323
2758 3592
1861 3324
1044 2110
1850 3266
925 3031
332 3131
354 2875
2931 3363
1580 2967
494 2719
972 1724
69 873
2910 3664
1339 1995
1854 3145
1676 2982
2077 3762
55 2623
1257 3435
2941 3720
542 1980
2807 3358
2190 3705
1833 3350
2462 2480
3214 3238
1760 2582
1088 3115
1539 1688
3064 3614
316 521
1996 2628
2423 3785
1978 2906
743 2151
695 1571
2145 3067
1726 2303
1234 2364
478 787
559 914
1374 2187
1901 1961
372 652
1460 3879
1811 2290
1785 3255
186 3241
167 2616
1949 2631
1585 1822
702 3295
2266 3733
423 643
17 1239
1068 3586
2847 3750
83 2243
402 3360
584 2630
292 657
1888 2320
2665 2945
1412 1805
778 2614
575 2027
2429 2712
1345 3315
2669 3329
306 1142
1667 3250
2617 2857
612 630
191 3102
1173 3659
168 1472
815 1279
853 3410
1674 1826
2362 3847
725 3393
754 2754
128 1221
1927 2635
975 1153
7 1211
2217 3093
2466 3612
1205 1597
1675 2417
1408 3206
1818 1906
3060 3121
1220 1436
1682 3840
1460 2680
1590 1696
2205 2819
776 2393
79 564
780 2459
768 2765
1008 1990
1415 2257
648 3514
318 2460
646 3473
3768 3770
2200 3392
114 582
357 646
171 2593
1647 2625
935 974
307 3831
3104 3479
60 1124
249 3172
639 1838
2334 3775
535 1979
565 3089
3351 3517
1350 2154
2841 3480
1171 1580
673 2522
508 816
2063 3478
1229 2709
462 3116
1618 2061
429 2224
91 211
439 811
314 920
3485 3757
649 2546
947 1946
105 3294
2231 2274
1073 2013
724 2726
1443 1529
1785 2172
499 737
2542 3786
1744 2890
1102 2389
479 2435
1189 2244
1864 2882
1537 1705
81 1321
1288 3344
626 3275
726 2568
805 2154
508 1182
1747 2769
1263 1977
1118 3044
271 455
681 2572
454 2060
2886 3209
241 1543
51 1730
2437 2681
2363 2590
2927 3763
245 2890
2342 2801
461 2067
757 3491
1780 2171
1954 2785
3287 3619
1403 2395
1763 3294
665 1398
159 1967
1406 2893
528 2715
1371 1841
76 1548
770 3239
754 3722
2149 2802
788 1050
2085 2284
1638 3126
1824 2036
2578 3079
1207 3726
1795 2654
1674 3109
574 2717
1741 3155
275 1485
1516 3164
1091 3262
1280 3136
207 3770
1455 3223
696 1917
574 709
2346 3134
2198 3436
49 179
1592 2007
115 3201
1983 3533
387 1634
1906 2331
1031 3855
485 1958
319 599
515 2512
1771 3253
2495 2985
1071 1597
669 2503
471 2815
1108 2750
1101 3058
490 2576
1074 1267
801 3112
3587 3856
1806 3408
1719 2143
83 1538
1414 3717
1078 1117
1352 1710
66 3350
3419 3602
1082 2671
2542 3276
1149 2491
931 1904
1634 2050
333 2887
198 3540
2245 2773
1662 1987
1439 2997
637 2626
832 3118
756 1762
1454 2753
50 2292
783 2804
232 3431
823 853
119 2527
571 3285
2116 3389
1706 2063
129 2716
2675 3551
486 3375
2427 2574
33 1325
1081 3709
1944 2505
317 2141
2472 2712
1035 2656
2261 3312
689 2952
265 991
722 2603
116 2100
298 1706
153 1207
2344 3805
1162 2550
703 3169
1546 3206
2241 3784
1614 1712
2843 3686
18 756
520 2679
516 2055
227 2578
443 1412
20 1178
153 593
555 1189
2051 3643
1375 3008
1918 2382
1411 2864
350 2115
2410 3545
496 1231
125 3733
2435 3245
1847 3356
1312 3300
919 3828
42 676
3493 3603
137 2911
695 3317
414 2359
334 911
1525 2428
346 2965
1690 1939
2964 3442
145 553
1355 1403
314 2835
1419 3741
1469 1551
687 3532
1437 1501
556 3642
3319 3884
1774 2580
564 2909
1007 2325
1038 3362
1793 3396
1961 3423
2012 3837
2318 2358
1161 2175
1097 3006
3325 3338
415 3735
3055 3386
1050 3059
1361 3821
1211 2353
739 2213
607 1246
2036 2865
460 3867
3695 3845
1512 2835
557 2909
166 1474
1513 2167
496 2461
995 3506
2733 3424
2322 3651
969 1225
2624 3297
1972 3561
2523 2673
3203 3767
3073 3265
1001 2126
1026 3681
3399 3433
1447 3515
1082 2595
1148 1655
1328 2124
67 2567
2314 2379
1963 2488
806 3765
893 1352
1554 2609
1889 2454
397 1893
1653 3254
798 2886
1236 1855
3037 3237
3513 3782
772 3545
676 3343
541 3401
39 3450
2539 3507
684 2682
1466 2080
1531 1978
1818 1823
501 981
2826 3443
718 2631
3587 3748
1821 1904
2235 2501
416 2787
480 1625
3001 3861
1703 1750
1368 2028
1980 3299
1743 2189
1830 2783
2784 3220
1620 1860
1353 2047
766 2328
2958 3330
440 524
1769 3605
3594 3619
274 2085
2870 3850
758 1900
910 2617
1875 3736
3135 3656
831 1314
856 877
1144 1852
1676 3483
749 800
847 1235
1739 2016
3346 3860
1112 2039
3190 3894
524 3330
1715 2037
962 3201
1430 2176
1658 2219
1347 3063
130 3177
118 882
1567 3670
1609 3095
69 3840
2829 3288
1233 3874
382 2532
825 3013
1576 3491
2900 3320
469 3272
1276 2618
1230 1843
514 1393
2874 3891
1096 3885
1180 2956
364 3564
3005 3804
2042 2771
2509 2971
340 2984
4 186
939 3615
517 2586
394 2210
1593 3601
402 2449
640 1077
279 1581
1268 2491
253 2615
2131 2737
878 1313
954 1628
1545 1556
813 1711
2374 2940
2275 2463
2782 3844
2205 2307
1139 1476
552 3637
868 1123
829 3839
2025 3512
414 2344
273 2403
2521 3418
896 2288
3126 3745
518 1157
2140 3153
377 802
1751 3631
129 1698
211 2473
297 1062
1712 1759
763 3508
839 1534
1549 1967
2889 3341
807 2551
112 1578
2930 3447
1451 2705
2259 2635
485 2406
2653 3521
780 3571
538 3444
2202 3180
921 2766
228 2385
1916 2277
1228 1394
2005 2636
609 3677
1628 2642
2316 2496
1700 1798
2484 2917
2033 2396
3349 3727
107 1454
1157 2232
301 736
1331 3134
445 2924
1950 2035
234 1029
1617 3584
431 2326
1700 1790
1426 3354
782 1223
2551 3893
1981 2244
428 3526
2683 3876
2790 3626
1511 2376
299 3085
1693 2397
2999 3695
2098 3742
1689 1718
513 3228
2024 3390
3082 3281
938 2834
1196 3627
108 2804
1668 2572
382 1640
3226 3335
580 1905
2108 2824
666 1587
1687 2918
963 3701
845 1820
116 720
425 1081
16 617
305 2553
3091 3837
1969 2317
1881 3274
116 3748
200 3421
546 3262
1277 2291
339 821
550 1209
1569 2681
2225 2634
2332 3074
443 3362
2375 3075
2766 3886
2259 3212
728 2847
475 2043
422 1725
1264 3119
1187 2176
2509 3247
1912 3609
1985 2983
64 945
4 983
1644 2401
3630 3892
3248 3721
3282 3742
689 777
2364 2580
62 1400
600 2309
438 441
846 1126
3184 3608
468 3512
2065 3150
488 2728
2049 2168
1365 2554
1762 2658
2404 3616
1478 2476
821 1853
624 3731
2584 3851
739 1215
1069 1952
259 567
1445 2859
1322 3826
338 3007
1125 3243
2152 3395
708 2419
352 2533
3456 3539
1773 2007
1023 2052
266 852
1957 3754
1991 2499
456 2519
2218 2266
661 1717
1094 1776
1033 2994
2179 2723
1607 3710
2116 3348
3222 3425
3 315
2042 2074
261 1400
1166 2121
297 539
1340 3625
823 1560
1613 1638
90 2981
3028 3193
1320 3606
1155 1475
223 1083
466 2989
1066 3628
2414 3479
1621 3082
1627 2413
2140 2677
2737 2953
136 1116
1951 2881
294 2175
2333 2569
2472 3268
2608 3704
141 3583
2020 2645
2810 3856
968 1665
519 612
2453 3249
867 1992
969 2667
378 1511
348 3510
733 1986
2445 2969
56 3008
863 1615
81 2016
2498 3124
29 2752
132 2615
84 2002
2508 2527
2069 3577
620 752
1226 3301
779 2933
324 3641
2404 2564
822 3072
31 417
2371 3183
499 2660
1367 2187
2332 2705
355 2789
873 2268
1976 2188
831 3146
2980 3778
491 3221
2437 3029
291 3652
2556 3466
1483 1518
2061 2735
876 3862
100 596
878 1609
1666 2662
625 1072
1494 2706
1063 1300
1731 2089
1372 1956
1872 2201
510 781
1076 2428
1481 3446
2517 2714
2391 2937
1289 1549
717 2340
2788 3037
1652 3788
332 2683
2198 2559
85 1677
595 2191
2828 3518
2585 3332
3404 3680
116 2092
89 3063
244 1880
1697 3298
421 2600
1878 3174
1073 2991
2704 3084
2341 3540
1057 3900
2276 3833
1379 1884
234 325
1691 1753
225 918
3041 3820
2702 2808
2545 3094
1649 3405
2014 3281
546 2880
99 3689
904 2848
1183 3570
283 1193
2820 3364
41 603
1481 1891
1900 3087
449 967
1908 3195
1431 3402
719 2173
421 3738
2506 3806
2208 3465
1722 2237
1134 3347
1 3072
1044 2704
2184 3714
1345 1459
2850 3753
1237 3007
1522 1939
37 2043
116 1854
2138 2647
1863 2744
1386 3230
346 2065
627 712
2378 2806
879 1383
1393 1657
2844 3707
1988 3331
1181 2512
951 3755
2304 3623
1150 1695
2981 3128
1964 3032
1695 2836
2026 2671
1871 2094
2813 3307
2473 3417
2382 3283
1136 1869
919 932
276 412
391 1561
381 3092
257 1772
1587 1729
278 3857
1135 2015
1397 3883
1588 2894
694 3607
343 2277
614 2306
2912 3107
2258 2470
571 587
1562 3764
1573 2594
1601 2096
1341 3148
345 3061
1137 3811
959 3050
117 959
2258 2872
731 1755
748 1108
428 2840
170 1117
1156 2056
664 3880
2976 3016
594 3166
641 1579
897 3310
93 2222
616 1428
239 3159
193 2436
1514 2233
348 557
250 1640
258 1649
113 2386
3355 3808
3465 3754
132 688
569 2398
978 2549
1342 1997
3019 3440
505 807
723 3878
95 331
76 3390
943 3333
521 3516
728 2071
1115 3676
615 1745
2825 2987
2417 3286
717 730
1324 2292
872 2623
2144 2181
916 2066
1502 2931
3130 3461
2739 2762
1938 3639
411 845
156 3622
1364 3652
2051 3113
268 1541
2355 3700
3110 3211
3114 3367
1336 1388
1465 2487
956 3027
2383 3384
738 1467
57 252
1399 2416
296 583
585 1863
740 2871
2562 2884
269 2875
591 2687
987 3110
2300 3492
406 2164
1042 1720
1362 1854
2481 3416
3081 3204
379 725
1536 2547
828 3638
2993 3704
224 2220
298 2304
437 3163
192 955
502 830
815 2405
605 2178
2492 3748
312 1984
1146 1456
1343 1624
3575 3836
898 3881
2204 3897
1866 2064
2297 2526
529 2746
463 1909
698 771
1795 2081
265 767
1647 2778
1445 2797
928 2415
451 3799
1894 3519
1098 2326
2438 3804
2256 3684
1192 3444
883 3058
46 3129
639 1883
2294 2479
38 1673
1064 2570
1260 1409
295 660
1416 2674
1213 3867
407 2997
1529 1548
710 1173
5 3640
785 3278
992 3694
370 790
243 2407
24 2729
734 2159
836 1554
3384 3744
474 1779
79 2968
2487 3578
714 753
1756 2096
329 1569
27 1335
1497 1575
1613 3797
2810 3525
152 616
2661 2757
1327 2959
1489 2632
1794 2760
2687 3101
3624 3642
1128 3216
1163 3389
403 457
1778 2368
1298 3790
2210 2348
938 3648
3436 3480
121 1309
2008 3841
2401 3513
523 555
661 1933
373 1914
28 1374
116 899
2045 3243
547 3823
763 1633
1803 2688
1219 1250
365 2338
2459 2750
3027 3468
442 444
1182 2041
2591 2660
3171 3237
1486 3338
11 2843
3038 3323
999 1891
2479 2767
955 2897
2596 2922
1453 2070
1471 2948
966 1359
1455 2515
489 1031
692 2503
166 3445
986 1659
2071 2114
398 2380
1858 2467
1808 3213
2223 3666
2629 2641
568 2644
267 3139
720 2219
640 1271
1247 2097
1114 2538
1133 3534
2820 2923
651 3541
92 1142
1583 3834
1439 2411
881 947
2658 2668
790 3337
1390 2432
1342 1937
1041 3593
1506 3028
2169 2514
2861 3537
1053 1996
708 3000
3314 3773
118 413
1708 3822
452 2317
3576 3870
550 2525
999 2178
1560 3475
102 733
732 900
1256 2206
498 1162
173 1165
1713 1825
2703 2903
822 2831
1543 2272
509 1195
993 1962
1316 3761
420 1515
1378 2814
2898 3151
216 760
426 1180
2944 3510
1075 1311
307 2374
256 3256
2534 3180
934 2229
989 1292
1789 3585
354 882
2248 2377
1857 3889
191 2758
2196 3594
204 1404
34 46
3071 3765
690 1245
658 1746
2183 2357
1449 3374
991 2342
3353 3581
1410 2748
2192 2609
3503 3671
898 2678
240 2891
654 1681
2516 2806
116 1397
1605 3215
1255 1509
1930 3218
1297 2604
2203 3170
1767 2400
1405 3898
251 487
1421 2889
2973 3279
361 492
2029 3836
1423 2575
2938 3296
1334 2387
124 3789
764 2067
2482 3336
509 1544
487 1110
1878 3062
844 3699
1898 2341
2433 2592
1401 3137
2546 3458
1588 2805
2199 3862
841 3573
691 3302
155 1275
1862 3553
1170 3899
1103 1683
1790 2390
968 3777
1728 1848
1629 2418
1233 2095
1780 3115
254 1000
2120 2462
277 2988
2560 2978
974 1749
417 3146
2279 3186
3244 3841
25 1912
1317 2073
341 1643
2027 2650
916 3501
263 2372
2994 3160
2500 3859
1350 1493
2893 3312
2087 2504
31 3830
736 2365
1282 3693
400 2243
944 3345
2936 3672
2291 3176
2157 3059
577 3589
1366 3321
1928 2047
3088 3880
1827 2791
1718 3010
1923 3744
1728 2516
877 2514
36 1327
1229 3200
857 1881
2620 3263
251 1258
1169 1437
1290 3083
1090 3531
1463 2227
184 2913
2833 3813
144 1154
1009 2384
796 2162
1109 2497
20 1051
1055 2412
1010 1474
1131 1287
936 2267
469 2711
1360 2242
64 3701
468 2854
587 3877
48 1567
2998 3877
1809 2351
165 371
1462 1520
6 3333
1230 3152
1630 1662
74 1329
3357 3796
1855 3632
283 3184
77 1427
3346 3523
9 3031
1897 3326
1924 3564
786 2883
53 2456
1385 1829
1475 2725
741 1745
2452 3543
2720 2772
527 2803
1106 2726
1852 2846
3103 3644
2010 3271
1922 2160
2411 3381
43 2679
966 2195
1293 3276
50 2231
1059 2611
960 1204
1125 2336
387 1938
465 3306
1602 2813
1503 3065
905 3250
1838 1849
1710 2618
65 1804
1882 2425
3429 3618
340 1933
615 3452
1421 2200
2587 2724
389 1714
1507 3097
1414 3217
269 704
2396 2818
1308 2657
1723 2965
154 3816
1422 3035
1128 3224
396 2549
29 885
363 2044
1682 2781
1278 3269
2033 3026
2748 3019
289 3799
1034 2328
158 1190
418 3382
358 2424
1868 3182
1359 1598
1595 3153
625 2755
2165 2678
525 3548
1973 2014
1660 3883
3287 3870
247 1748
765 1655
1025 3327
2440 2943
792 3141
975 1829
2072 2928
1845 2621
1111 2689
343 2779
620 858
687 3215
3293 3667
1586 2987
1574 2858
1143 3614
3187 3400
232 1654
924 3470
1248 2380
2078 2896
2192 3371
257 2080
1948 2204
1120 2779
22 1579
149 3055
1492 3597
619 2324
1326 3432
1729 3858
686 2321
2207 2279
2730 3261
912 3437
569 3653
424 2464
907 3009
334 1555
1401 1500
1618 3111
84 2139
2973 3660
1774 3430
357 945
851 1600
1295 3424
2082 3316
2767 2809
1404 1800
281 2153
964 1364
653 2535
473 2992
514 2701
613 1391
2070 2242
1361 2298
268 3675
65 1035
592 3419
246 2464
745 3316
950 3713
2201 2392
679 1617
502 3265
2289 3311
388 1261
67 326
3654 3663
376 1239
2745 3752
3519 3530
362 3805
628 701
135 3692
1955 3783
1807 3305
1816 3813
670 1298
1998 3481
1582 1624
2996 3563
167 2780
1577 3291
194 3767
181 1254
979 2664
785 1258
2606 3404
308 1174
1348 2550
312 3582
994 2990
734 3157
164 2458
3040 3235
1632 2278
973 1950
604 2302
833 3277
1535 3500
928 2119
260 3488
2151 3691
2152 3052
1965 3827
1495 3851
789 3895
463 2083
111 3049
93 2287
2141 2413
2252 2761
2316 3413
476 1547
169 2592
73 1839
70 3524
498 2261
266 2217
133 210
922 3406
972 1246
765 3501
2717 3202
1022 2602
2268 3207
1677 2817
1140 1408
274 2666
2745 3826
1040 3656
2707 3888
2102 3057
1593 2530
850 3051
2238 2263
52 3555
3306 3414
1771 2838
741 2076
1422 3481
1347 2690
1815 1941
116 973
1273 3586
2113 2730
2135 3778
2004 3869
315 2775
1707 2915
540 2227
446 2278
1315 3100
1020 1907
116 2690
63 2749
1222 1632
1629 1686
662 2998
1307 3569
88 3796
1575 3076
380 3156
605 3502
2827 3427
484 3859
13 1266
1027 3274
781 3022
2566 3434
1154 1686
742 3579
394 1418
841 1872
3205 3403
2373 3178
369 2852
2506 2921
1467 3022
962 3264
618 755
1092 3324
214 1612
636 2103
1274 1442
1810 2868
40 672
769 2764
988 1479
116 2341
985 1606
2702 2966
888 2699
899 2377
837 2465
809 1201
1109 2368
473 2409
175 3192
1140 2819
1737 2171
2037 3890
579 1584
2182 2616
1017 2590
3145 3320
1596 2686
1797 2329
2645 2856
3460 3591
1484 2365
958 3381
1114 1508
1199 2422
2426 2526
1291 3189
1547 3385
1259 2768
3716 3853
456 653
663 3514
163 3727
632 2787
1194 2763
2913 3852
196 884
826 3417
1693 3182
1309 2507
140 2585
1960 3062
879 2589
1204 3308
2613 3256
1526 2055
572 2327
1894 3483
1292 2922
647 1989
2552 2845
109 133
840 2622
1413 1741
1979 2497
57 99
1592 1953
784 3484
1776 2710
377 3140
2598 3399
2239 3185
2161 3030
106 3747
527 1986
1493 2127
1946 2057
1249 2839
545 1561
1788 2311
374 3520
247 2355
1636 2004
97 2180
406 2123
674 1087
2209 3675
3164 3310
2587 3779
2863 3705
2892 3196
535 3697
2407 3108
3278 3433
2471 3825
448 2599
1042 2619
112 678
1562 2560
1671 3560
1994 3204
408 622
3722 3817
655 880
47 342
1099 3069
2354 2468
738 793
262 3662
1713 2696
2297 3574
2742 2842
1641 3368
172 2815
2574 3208
694 3569
13 2991
633 2334
1325 3758
1052 1418
1756 3021
2221 3698
120 2136
53 1761
54 2498
2318 3033
3498 3562
225 1029
505 2652
1527 2849
161 511
1520 1685
435 1419
116 3194
1066 2935
563 3168
117 3732
1812 3871
1815 2333
871 2281
1396 2101
1721 2513
1384 3561
2932 3709
236 336
581 2362
125 3304
141 1232
2548 2666
544 1620
185 3729
350 2300
190 1250
344 1243
1768 3574
1009 3076
162 321
100 2510
2446 2536
2448 2933
145 3030
1366 1619
1311 1498
1121 1495
122 3703
828 946
361 507
1297 2494
609 1521
2052 3892
275 2340
2619 3398
1869 2371
819 3438
1363 1666
157 3038
832 2571
497 2520
2100 3771
279 1883
2802 3416
1434 2776
1078 2537
1126 2006
899 2928
1175 3486
3630 3888
439 3688
536 3259
795 3132
2917 3469
483 1966
3309 3889
2752 3597
1621 3494
891 2790
433 1814
3095 3635
1191 2436
209 3191
337 3669
2880 3292
1899 2640
150 1527
531 1813
1814 3549
449 1411
2208 2788
2137 3878
864 3803
2390 3582
1061 2394
2393 3246
3178 3196
34 2729
1252 2002
1286 2541
227 1836
1080 3504
997 2905
1910 3167
1058 2447
2610 3127
1975 2655
567 2629
782 1541
287 3682
1557 2768
942 2832
3723 3849
820 3077
536 2853
453 2920
3411 3812
1803 2977
608 2270
1063 3600
116 2967
1080 1720
1103 3541
1796 2295
2245 3617
433 489
72 2263
1678 1851
2272 2296
2502 3550
474 3369
3475 3646
634 2450
1353 3323
19 2782
2218 3739
2833 3612
131 1715
846 3466
970 3868
2877 2885
1119 2610
2059 3736
71 1137
985 1310
1241 1988
478 1113
3225 3872
1528 2260
70 869
2482 2524
1283 3413
177 1164
470 1323
352 889
2659 3291
818 3368
2031 2892
1563 2312
176 517
922 2030
2667 2924
318 3780
926 3728
2738 3335
623 1653
1908 3200
349 2925
1747 1798
2914 3623
1170 2147
2062 2971
1970 3493
127 2117
1266 2993
1926 2975
146 1371
1339 2601
1169 3395
627 1251
1305 3772
1226 2573
3251 3795
1391 2897
2088 3794
160 2084
1730 1962
1452 3769
833 1363
515 3373
218 2252
116 1042
500 3144
130 2607
537 3524
2209 3527
3216 3854
682 3252
19 3143
28 207
506 716
1433 1917
1160 1945
1446 1622
2166 3579
185 2753
1152 3536
172 3810
2121 2882
2357 2742
280 1915
2293 2837
2093 2130
1459 2522
3167 3300
236 267
506 3322
142 1075
890 3641
810 3043
2816 3777
1918 2150
2115 2485
533 3003
272 3606
948 1283
2919 3502
572 2444
41 794
395 2009
895 3296
787 1981
2351 3272
2285 3560
2543 3730
989 3688
504 2977
413 3266
1937 2202
437 970
762 3522
221 2611
2902 3658
2324 3725
221 3317
1295 3706
405 2099
512 1145
876 1003
2520 3045
1458 3017
1409 1610
1835 3810
1464 3882
927 1802
397 1321
629 2147
2455 2559
1873 3078
2137 2389
2269 3400
3120 3257
2253 2876
865 2598
2905 2908
1763 2442
137 3680
2174 3379
655 1344
3329 3868
2235 3522
2643 3746
691 2596
2643 3077
2693 2938
630 3181
859 1874
1338 1462
1552 2975
887 3116
299 2325
464 932
1089 1185
2676 3645
1847 2798
766 888
1724 2709
541 2188
1085 2117
338 3252
1083 3835
68 1337
425 2301
33 3307
368 1989
2301 3759
942 2331
2954 3254
344 3383
2826 3807
242 2285
180 3507
300 2240
2830 3029
1259 3620
358 1040
2557 3410
2190 2470
1458 1603
863 1089
213 313
930 2106
2628 3864
667 1018
1652 3065
263 450
26 3455
1834 2303
2432 2707
2153 3355
2554 3210
253 3223
116 360
1121 3104
208 3732
1669 1919
2158 3392
977 3621
2312 3505
598 3517
3696 3803
1296 3845
1874 2309
493 2781
56 2749
1302 2339
1285 3373
3471 3794
163 1867
2270 3788
2386 3846
2638 2866
1237 2169
1944 2982
120 2367
396 2777
1236 3634
1606 1694
817 3567
982 3354
1141 1809
411 1471
2778 3227
3547 3634
2302 2898
3577 3580
712 3504
576 2320
1648 3604
45 3219
638 1360
92 2053
861 2111
1310 2485
894 2395
2168 2756
2026 3080
1668 3334
1512 1679
2796 2849
2142 2280
1349 2636
134 3013
826 3042
1134 2696
52 317
1564 3808
1648 3743
2692 3439
1132 3220
862 3616
3159 3823
2012 3456
71 170
122 843
835 3738
693 2644
997 1444
1271 1985
1705 1866
1759 2170
1886 2573
1552 1931
2013 2282
422 764
1380 2586
189 2483
621 2400
1428 2721
2233 3258
2761 3117
2887 3406
510 1941
2575 3661
2501 3090
432 3699
850 2832
202 1581
811 1568
1692 3372
566 2163
565 1879
1714 2408
1407 1984
116 3563
2569 2918
1858 2196
1758 3033
427 529
2053 3601
296 2305
1452 3096
631 1424
3313 3828
600 1396
2697 3749
907 1004
544 1498
228 3467
240 2444
681 926
309 409
1141 3671
2273 2694
1521 3032
1468 2733
311 1216
1337 2126
1650 2315
2044 2084
552 847
1338 1516
560 1727
37 2972
1532 3829
1161 1225
2814 3375
3297 3598
254 1098
804 3640
1111 3583
1931 3364
1656 2841
381 2254
1058 1228
2719 3452
872 3604
860 1775
1095 2923
66 215
1088 1864
618 3273
400 2478
2789 3441
2786 3734
2345 2433
217 1733
874 3730
81 116
2184 3683
1004 3532
68 1485
1861 1995
1645 2939
2214 3169
3016 3516
1070 2603
1164 1572
2552 3746
1450 2720
874 1294
1477 3731
1635 3896
2556 3209
1645 2870
2827 3665
1048 3336
813 1049
912 2581
1510 3596
1782 1821
110 1991
534 3253
161 3084
1027 1328
590 1171
395 886
837 2461
2846 3332
2001 3428
680 816
2024 2146
2335 3279
47 3337
933 2054
1678 3728
707 3857
458 3098
335 3445
1358 3622
178 1331
2249 2544
2653 3176
568 3293
116 3668
1550 2805
353 430
40 1201
2621 3138
226 1744
121 1976
561 2453
139 2105
675 3490
246 2936
494 1215
1330 3154
586 1253
1155 2959
2406 2571
2793 3572
481 2416
1209 1555
915 3190
1346 1432
1030 1508
1711 3489
3725 3762
2215 3472
303 2528
621 3343
1200 3409
2247 3839
2388 2669
801 3408
1740 3611
1687 3723
2104 3446
199 2958
2127 2873
1433 3775
903 1659
482 875
1810 3553
930 3637
1825 2475
1683 1955
1594 3085
174 2739
1968 2441
1387 2604
8 1301
2736 3140
1964 3628
1335 1896
3106 3438
1523 3802
1833 2661
1488 1808
1802 3231
1294 3379
14 1304
1845 3198
675 1045
638 3367
703 3050
1313 1487
633 2170
1844 3303
1684 1935
849 1036
123 586
1722 1805
1954 3351
1570 2189
543 1812
3123 3798
2215 3356
1873 3611
1262 3334
1011 1716
834 1382
12 775
2349 2663
2049 2254
562 1278
3290 3901
2642 3041
856 1589
1394 3365
1974 3401
1909 2926
583 956
548 1105
1244 1448
2632 3797
168 784
1023 3133
890 3427
751 893
1926 2077
1306 2484
2054 3165
212 1850
700 1186
2378 3573
719 2544
2129 3229
55 326
2741 3817
3047 3835
2698 2764
632 1415
1903 2009
589 3097
215 360
2337 2878
1553 2449
2919 3747
1476 2714
187 1060
1764 2174
1566 1948
906 1788
144 715
561 2950
1135 2821
1079 2443
1646 3023
2230 2348
1876 3613
415 1694
1038 2734
894 2713
2508 3142
379 1886
239 2220
1300 2086
73 77
23 636
1853 2238
1760 2738
1354 2017
1319 3091
1005 3774
182 1390
323 1510
2446 3596
98 1227
1430 1680
3669 3783
408 3318
1307 3217
216 1499
1446 3643
2181 3061
1077 2384
713 1972
178 3380
1163 1320
2588 3174
669 2562
410 961
2439 3422
590 3234
1110 3760
558 659
1867 2124
770 2313
401 626
525 3233
1942 3875
668 3412
1736 3820
1041 3900
720 2588
697 2511
1273 3240
1299 2894
3559 3801
2434 2727
1037 3649
921 3674
2023 3090
193 3376
726 1819
1397 3866
356 3426
2646 3542
1315 1358
27 2801
1610 2531
335 1417
366 2731
2637 3702
1732 3242
986 2911
2247 3599
147 2253
2780 3036
87 1214
2338 2762
273 2000
2118 2869
287 2721
1558 3487
884 2265
1127 2836
2048 3665
1227 1755
113 1489
3534 3692
2694 3674
238 1382
1183 3054
2734 2974
383 2811
1605 3275
595 2879
149 2744
1841 2786
2648 3872
1296 1959
1596 1820
614 1158
2640 3397
282 1100
1971 3108
1583 2295
197 233
1622 3789
929 3515
634 2066
1663 2023
1257 2104
162 603
337 3860
1065 2431
3529 3842
2759 3060
1530 3535
3429 3887
375 3135
961 3581
204 3282
97 1268
1104 1395
2216 3568
553 3617
622 3046
2488 2940
407 1055
996 1094
737 2180
1704 2602
3815 3843
1392 1449
2315 3045
1256 1781
526 751
952 2352
917 1758
1243 3556
1032 3078
995 1600
584 1679
2246 3454
2963 3694
1477 1586
2275 3280
3234 3690
1509 2784
660 2990
723 1416
333 2133
189 272
2800 3079
2132 3499
1216 2403
1067 3814
1963 2859
1470 2212
255 2460
464 2274
2018 2408
684 2510
963 3463
75 1667
906 1012
920 2865
126 2828
1105 1672
2038 3881
1735 2142
1056 1641
1625 2079
135 248
3304 3756
1332 2128
347 2716
1217 3080
2183 3848
74 1102
967 3451
835 1480
2901 3844
1210 3824
429 1636
446 3710
1559 2502
623 3559
1167 2906
2106 3207
817 3712
376 1616
210 2191
1464 1584
1197 1238
1787 1982
445 2927
1504 3359
2763 3192
1355 2597
1018 1566
1218 1542
1319 2207
705 1766
1817 3342
576 1942
2430 3441
983 3284
950 1612
472 2276
2769 3743
1871 2229
423 2072
880 3002
187 820
192 3442
2852 3850
1577 3460
2422 2740
1531 2876
772 1006
2088 2830
556 1062
503 594
1519 2369
818 3088
116 1888
3 2672
1709 2747
1895 2966
2060 2086
713 1176
1461 1752
1590 3064
1615 3366
3004 3607
148 2349
1095 1970
1789 3177
1264 3678
2373 2900
3170 3721
138 1420
1247 3147
24 1346
2540 2715
339 799
2844 2960
976 2639
292 2857
799 3056
1903 3787
1101 3464
2112 3822
237 3899
2090 3449
481 526
597 3487
2130 3756
2647 3567
96 1993
1260 3809
26 3792
1316 2402
1188 1702
3425 3563
729 2674
774 3339
887 2962
755 1070
2930 3319
2885 3251
996 1663
3096 3588
304 2612
2305 2624
479 3873
301 2708
3099 3580
1885 3187
978 3154
277 2561
290 1773
2468 3414
2808 3143
1369 1932
596 2260
63 2040
648 2177
385 1735
692 1478
1130 2685
270 3155
3689 3832
1568 3477
80 2817
262 3848
2858 3539
2873 3654
229 2567
11 1275
2583 3009
293 2964
370 372
2128 3369
1008 3627
2579 2899
1574 2323
1179 3639
2630 3313
2443 3138
1987 2695
2774 3655
1879 3824
226 2193
114 1384
116 2190
1919 2211
2006 3625
551 3101
697 913
2970 3650
2282 3453
707 3136
1627 1752
895 2528
3118 3420
2356 3832
3268 3792
1576 1630
2158 2262
116 2487
1053 3010
1179 1194
3232 3548
943 1431
459 1608
1034 2000
313 908
613 849
459 2337
1214 1775
1376 2912
1451 3005
2456 3197
683 1960
109 200
1047 2594
116 2370
1657 2792
374 3144
1738 2600
698 718
2118 3040
235 2262
1491 3011
306 1901
1743 1974
1299 2010
1463 1533
115 2434
238 3380
1344 1368
1669 3798
2811 3464
2978 3403
3411 3421
806 3459
750 1046
779 3376
426 1582
936 1301
2797 3309
1288 3081
91 2074
493 3132
671 1670
1003 1601
1644 3716
1757 2166
783 3565
427 839
1799 2186
220 486
2330 3432
1148 1290
484 2555
980 1535
2271 3568
259 1165
44 3718
21 1719
747 749
886 2228
1197 2271
937 1614
604 2854
700 3151
302 927
3160 3646
953 1470
1603 3141
2701 3557
3636 3751
460 1559
158 2310
2021 2286
2185 3807
1828 2525
1631 2741
205 3133
264 1819
2545 3142
1356 3521
2505 2955
2872 3340
1993 3083
21 3053
325 3578
2529 3538
1406 3724
1007 2566
1877 3299
1650 3149
1203 3511
369 824
685 3385
256 3286
752 3468
1191 2122
80 1472
774 3448
250 3551
108 3533
688 1097
436 1039
1181 1240
1673 1689
197 2929
883 1859
650 682
706 3203
611 1198
2265 2864
1025 2863
