3902
417 1077
3400 3728
1388 3046
1872 2136
538 2016
1012 3404
380 454
43 744
2874 3013
2903 3577
328 2537
212 546
136 1473
902 1601
659 1079
303 1896
3147 3770
2405 3522
2947 3881
401 2065
74 1966
1212 3246
2455 3065
311 2406
1158 2389
1474 2972
287 1255
1661 2681
1720 3259
974 3658
176 1319
1887 2284
2713 3869
3479 3626
1149 3003
1217 2349
1270 3199
346 3575
721 2562
1292 2467
916 3488
2876 3675
1210 2791
611 1893
1841 2001
901 3852
545 1557
1520 2938
1713 2504
1107 3728
1814 3454
1118 1944
1525 3113
280 1657
2672 3302
520 2763
3399 3671
999 2672
51 1391
112 2063
2804 3315
419 3720
1090 2774
1424 2166
242 3035
169 2298
197 3585
322 3527
2993 3458
2213 2338
1104 3061
91 427
1320 3558
173 2899
1507 1789
1492 2220
831 2485
1868 2384
2448 3453
399 1872
995 2979
1806 2159
660 2469
478 1122
318 602
2645 3882
296 1986
307 788
2207 3709
2384 3626
902 3590
984 2015
1223 3283
1176 1199
1052 2258
59 3225
368 1333
2893 3011
715 1316
2451 3639
1750 3485
229 2111
698 2812
1661 2739
1717 2296
570 1874
1900 2884
1770 3428
423 3626
2777 2946
2145 2893
783 3409
962 2958
1588 3858
215 1391
1807 3663
973 1078
2278 3146
1758 2702
2339 3117
1248 2200
587 3270
2111 2668
170 3847
187 2210
717 2982
1639 2972
1543 2197
3015 3397
1067 3428
2822 3743
3714 3764
860 1172
1395 2066
2216 3625
490 1964
61 2515
1309 2989
1936 3096
2309 3853
1786 3317
1066 1769
1368 1754
998 1088
1110 2618
928 3892
2024 3210
966 2030
1090 2422
93 2577
659 3400
1349 2878
2933 3626
906 1801
505 915
2120 3626
1399 2403
3208 3626
1292 2759
2236 3711
3006 3145
101 3248
694 2603
2982 3537
1083 2163
965 3178
2041 3888
626 1833
769 1924
2717 3624
507 1467
36 3221
11 2796
2278 2971
2794 3732
1014 2026
2476 3822
460 2274
548 1784
1645 2415
3446 3487
1030 2942
142 765
1413 2172
3203 3299
2052 3805
1072 3197
227 811
3054 3255
418 2462
291 1975
1029 3638
2016 2630
1064 1671
1391 3798
1018 2499
1193 3095
453 1962
1489 3626
838 3646
26 2711
450 1626
1462 2783
211 3705
268 2639
1373 3852
604 1184
1850 3031
1984 2131
899 2911
878 1522
1323 3062
2951 3369
1111 2887
3203 3626
834 2479
836 3287
316 981
97 3197
1669 2341
3008 3528
2613 2728
2822 3684
1726 2829
1690 2547
187 3282
3410 3878
2023 3563
191 1922
2266 2894
1528 1662
2457 3290
2022 3182
2121 3145
1421 3469
914 2263
615 3658
2307 2850
2004 3322
2170 2931
444 804
216 1831
2800 3306
1034 3287
15 21
209 665
1473 3382
171 3828
368 1206
414 3158
2300 3388
819 1914
2580 3568
292 2074
671 2799
1738 3167
870 1647
1353 2596
600 2605
259 2870
1846 3180
236 2638
3627 3809
431 1336
938 1211
1096 3311
681 3878
390 1921
1570 3649
612 2526
547 1513
1039 1266
1980 3338
2038 3492
1481 2165
2714 3843
800 1308
1205 3535
3090 3234
2232 2648
319 2589
184 2109
2685 2686
525 2373
1350 3637
3259 3443
1762 2962
469 1089
302 1647
2992 3200
68 575
1002 1085
2385 2895
2374 3156
956 3688
1704 2641
15 2926
1196 1331
1898 2041
2417 2686
2365 3322
1287 2629
1852 2888
420 2517
423 2164
2278 2419
2737 3707
890 1946
223 3189
1093 3053
31 2912
1754 3580
1954 2570
944 2245
1606 2643
1993 3849
365 2137
554 1453
348 982
802 1200
367 1941
1491 1929
1016 1741
1218 3706
1446 3654
1740 3626
1475 2089
2278 2541
898 1443
1179 2644
3060 3737
1798 2931
691 1258
1120 3223
2172 2446
967 2392
915 2600
2717 3853
1631 3317
1727 2322
1316 1992
3006 3076
74 3114
884 2301
896 2346
1359 2695
461 1715
1566 2212
2688 3804
2489 3458
448 926
1523 2472
1175 2904
2418 3870
1086 2169
176 2931
2309 3345
2017 2256
2394 3691
1896 3835
1050 3047
1909 2004
1435 2379
1480 2762
846 3500
2610 2670
120 1851
1044 1775
2161 3566
600 1398
412 1361
3084 3831
277 3175
1388 2215
164 2356
510 3502
858 1280
61 3057
67 1804
351 552
3181 3433
485 575
98 1942
792 3203
1285 2900
82 1315
1537 2142
1192 2108
2610 3039
31 3784
68 980
239 3363
2325 3177
615 3687
1547 1651
2213 2605
2018 3439
1708 3154
741 3861
2019 2621
3016 3398
1476 2206
2817 3758
497 1274
622 1583
1766 1924
2815 3495
585 1787
914 1289
1389 2309
1163 2404
1479 2511
1213 1431
19 2500
1367 2504
1081 1973
2442 2919
606 3613
295 2562
2885 3114
376 3319
326 618
1008 2664
2902 3062
896 982
2810 3503
426 2782
897 1425
924 1902
888 3348
999 1313
2193 3773
2002 3376
1373 2390
1328 2867
876 3509
2278 2832
1060 2593
57 3026
393 1692
1039 1377
1874 3626
1362 3336
2008 3128
698 3292
1265 1753
527 3632
1706 2816
1179 2809
2389 3626
1893 3604
1626 2108
2090 2722
2020 2495
915 1592
1184 1220
2581 3497
1421 3293
791 2692
1993 2030
2296 3673
129 2328
238 321
1571 1851
2487 2580
1087 2464
1605 2090
2522 3660
1455 3263
2652 3206
687 2394
1078 3701
1068 3092
1736 2374
1991 2954
1862 3414
1860 3280
423 776
252 1648
455 3203
631 2278
1254 2988
1384 2409
980 2987
239 2507
617 2855
1571 2772
1087 3775
1461 2759
1169 2861
837 3169
1257 2182
1091 1746
2248 2939
1387 1562
345 2470
3241 3775
2919 3126
1431 3126
1612 3533
139 3173
599 843
94 720
495 1892
1211 3166
2935 3331
1062 3097
3565 3626
1115 3576
1095 2514
439 1211
2722 3617
3640 3690
124 3073
627 3079
1278 2321
2452 3115
2997 3295
129 1772
2733 3364
34 3405
889 3649
2871 2977
656 1219
1747 2590
1783 3471
723 2566
1850 3608
1648 2079
1817 2872
2876 3626
1890 3354
991 1883
1883 2060
161 3383
1339 2964
774 3079
1114 2833
2557 3167
1010 3358
796 1151
2391 3561
61 2374
1097 1492
7 3580
3568 3588
49 3659
978 2036
400 483
642 1616
404 562
22 2882
865 2067
2241 3772
3 3239
1504 1618
2796 3176
1671 1721
2656 3268
2501 3241
2352 2996
422 2247
3061 3083
624 1748
2741 3499
1582 2690
2321 2573
1144 2353
2732 3581
1660 2433
636 1676
635 3021
1474 2843
84 2089
2897 3757
2237 3202
251 453
203 3704
434 2173
840 3103
494 2781
2424 3642
3153 3776
1039 2608
2371 2538
3713 3856
1071 3268
3713 3848
1992 3794
537 2324
2174 3368
567 2786
710 1130
540 2426
1489 3132
315 3402
2329 3343
1550 3204
2615 2708
1233 3702
378 812
1209 1566
1888 3008
2776 3879
159 1272
2271 3034
2841 3151
838 2535
2612 3686
3414 3859
3151 3233
1877 2980
204 3303
3366 3446
1876 3157
1215 2550
362 1441
639 3671
1943 2544
2294 3169
496 642
387 2794
1563 3086
2268 2795
1285 3820
2039 2979
1275 2864
185 2969
1214 1969
1865 2463
462 1859
707 1655
716 2845
1111 2866
748 1583
96 697
875 3416
2815 3342
2846 3352
2278 2635
168 3640
20 3863
1052 3409
1101 3868
881 3448
111 1955
878 2331
167 495
1003 1967
3111 3552
196 2593
1863 2021
1250 2504
1781 2158
1987 2326
931 3662
1293 3591
222 2548
396 810
1770 3551
38 1759
80 1047
1593 2278
1732 2473
961 3345
3209 3832
1484 3873
100 1556
2080 3220
219 2598
1212 2094
533 3750
1970 2879
2376 3629
787 1428
95 2096
777 2917
519 2233
1620 1971
891 3895
1614 2157
807 2078
1235 2312
939 3053
2591 3694
665 2032
2027 3626
440 2710
3021 3613
831 3526
1301 2426
2038 2278
1876 3496
2205 2578
253 1173
3254 3448
574 2881
174 2525
109 3599
2365 3343
992 3573
88 1683
1190 2761
1553 2678
542 3393
267 1203
1445 3732
1271 2447
87 3314
1888 3411
916 2402
1450 2719
1371 3658
783 2875
2108 3400
1164 1347
2756 3762
2264 3553
141 1775
2919 3729
2631 2983
1825 2342
145 1440
623 1620
1494 2936
424 2618
746 2317
290 3751
2367 2736
1499 1512
130 1197
1528 1670
985 2075
2145 2314
580 775
494 1411
699 1053
1686 2113
1030 2904
705 3581
865 1178
183 3163
1128 3751
696 2152
3127 3661
2916 3187
1873 3459
2636 3609
2610 3901
567 1912
2031 3237
515 3250
745 1593
1608 3385
679 1415
76 376
60 1791
180 1093
937 2139
1383 3840
1521 2272
1531 3264
1374 2904
3529 3650
491 3460
1370 2663
1785 3304
1745 1834
3302 3652
978 1196
1273 1410
2278 2981
740 3761
1827 2333
1386 2112
2491 3198
1911 3446
2684 3257
4 3808
1220 3666
323 3301
1153 2999
1823 2049
954 1483
1584 2905
817 2123
1249 2836
909 1336
3262 3586
353 2505
630 2314
254 2265
1867 2474
1851 2373
903 3169
2715 2863
1006 1346
722 766
652 855
1878 3245
3117 3329
2483 3297
2069 2908
2104 2891
1653 3406
229 1073
165 3851
1678 1845
709 2406
1505 3431
402 2477
921 3583
3730 3777
1031 2889
313 3491
2569 2998
596 3814
1799 2858
323 922
1308 3324
2425 3490
1220 1838
473 2544
284 2557
725 2250
997 3626
2948 3626
1177 1345
2065 2468
1523 3461
1359 3601
2082 2901
295 2989
1890 3462
1922 3358
499 3743
559 1100
397 971
1995 3788
2696 3171
1582 1953
712 1293
729 2095
152 3869
822 885
44 1577
898 3437
299 3552
1478 1854
2615 3332
2488 3865
212 3843
2193 2382
483 834
594 1534
1513 2916
1600 2871
499 2615
1268 3828
472 3244
1455 3733
1281 3042
1751 3420
2173 2446
753 914
716 754
29 2410
1869 2476
946 3783
1134 2360
799 3468
213 1892
1949 2803
1439 3161
2505 3274
322 1926
522 2605
958 2428
480 3536
345 3162
1236 2937
2973 3491
1993 2532
1908 2568
845 3712
941 3384
151 2509
1503 2102
1287 1799
847 1748
478 2511
616 2622
1230 2885
1568 2563
284 785
123 1290
3607 3833
425 2088
2076 3344
1043 1751
166 1579
1358 1394
428 541
830 1544
3085 3721
2184 3129
2607 2635
28 2014
636 3298
392 502
130 2936
17 3331
1316 3339
275 516
631 3493
838 983
436 2902
28 3282
2246 2545
3088 3466
1511 1675
1953 3412
492 1760
2897 2968
1239 1240
2530 3295
2014 3488
505 3654
2351 2460
81 645
140 640
349 2915
790 2180
2911 3511
3509 3880
3117 3604
1409 1532
2634 2650
2122 3307
1379 2727
582 820
127 1809
1031 1878
2315 2861
1406 2301
363 1723
1878 3712
2238 3624
2071 3864
3489 3648
863 1627
356 865
1553 3159
368 2228
1572 2022
42 2004
299 1664
155 3752
116 2350
1780 2769
1435 3318
793 2602
517 3058
897 2466
235 1359
2151 2895
2099 3440
1743 3525
95 2944
1858 2192
2076 2430
51 3740
1238 1512
1587 3227
1810 3784
767 1431
3422 3571
259 3716
88 3780
342 3831
2474 2792
845 3785
1238 2029
539 1867
1539 3486
2359 3328
2517 2808
1665 2109
3560 3875
3655 3731
1217 1252
2281 3177
1621 2619
442 2419
248 3301
1353 1982
1929 3882
1226 3806
2034 3806
1995 2302
210 3531
243 3862
236 531
297 1471
898 1978
1925 3694
867 2986
1877 2383
1397 3633
1006 2723
1068 1704
2260 3127
3265 3670
849 1180
131 251
3137 3626
1689 3212
2602 3626
2082 2453
3641 3675
2361 3240
2395 2889
1333 3013
2497 3513
936 2233
258 370
1365 1455
2576 3638
1061 2941
3252 3412
2801 3854
1884 2979
504 2215
603 3816
3247 3372
1552 2112
823 2888
2415 2952
131 3548
2043 2975
1205 1547
2796 2896
1436 3599
703 2565
1192 1897
456 1307
2877 2966
3375 3626
1871 3334
357 2756
1628 2993
25 779
19 2603
1858 3767
1701 2351
3296 3697
1185 2921
2801 3710
256 1835
2328 2407
1479 2701
2509 3420
2539 2747
2839 2853
374 2893
138 2091
384 702
2772 2787
103 2278
3408 3454
1652 2841
2322 2766
1226 3280
1489 3848
548 2236
662 2312
2181 3357
2341 3445
647 2696
1658 2608
508 3307
230 3697
2427 3669
175 913
2076 3023
551 614
1253 3218
86 1133
811 3216
553 2906
2983 3186
1974 2795
933 2668
78 1624
2308 3027
538 2938
572 3686
287 2662
824 1413
537 3576
1941 3734
315 3780
783 3846
1917 3750
1108 3028
1729 1989
2831 3839
1321 1849
634 3356
1102 3455
976 1796
873 3478
334 3378
1837 3245
2909 3595
515 2369
117 3892
1157 1594
2048 3232
486 2180
88 3605
24 669
1036 2067
2239 3217
147 2360
808 2486
177 616
2257 3288
148 2783
2541 2792
786 895
1089 2558
1060 3043
1083 3559
643 1044
329 1548
2089 3695
900 2278
318 337
1151 1946
1640 2883
257 2759
3871 3896
1342 3222
1741 2251
514 1900
1680 2057
475 1565
777 1985
781 2755
338 3214
3118 3279
737 3392
13 1022
188 3850
772 3315
208 2585
2501 2526
1728 3668
2918 3243
2879 3845
2507 3738
2498 3741
2017 2677
2561 2925
2266 2606
470 1472
1227 3360
1113 2850
472 1451
526 2949
161 1998
793 3550
2080 3065
120 2278
2283 3411
301 2516
2319 3258
1050 3475
10 532
597 2225
463 1274
2586 3029
122 2906
26 86
1182 3844
443 3035
1487 2327
758 1167
1843 3461
304 1457
496 1830
1495 1944
1787 2535
47 1817
1124 2028
2746 3053
1725 2305
381 3605
1142 2148
1229 2276
1440 3614
2257 3146
620 661
761 1980
1496 2594
2109 3483
1141 2447
2358 2617
3622 3624
2174 2454
1739 2829
597 3123
900 3827
2394 3067
3229 3797
3231 3444
2188 2916
62 1186
1506 3626
3484 3517
606 1318
1791 2230
2455 3491
234 2324
1468 2278
2025 2728
1682 2019
5 3116
589 2674
2639 3266
2734 2832
952 2652
1125 3351
381 1433
3365 3846
2475 2561
989 3722
181 2447
373 2391
857 1121
2259 2953
1744 3124
786 3719
242 3817
3107 3704
528 1548
1040 1588
691 2534
636 1248
656 2278
2677 3274
485 728
607 2128
143 3262
2465 2546
219 3113
703 3718
907 3029
2259 3787
1136 3799
129 1559
1487 1675
1529 3540
41 959
806 2167
121 1035
1033 3790
1009 1883
371 1055
839 2981
3033 3371
1810 2006
518 3212
10 1235
1732 2716
488 1949
1135 3770
1583 3645
274 3150
140 1738
2905 3263
109 694
2352 3403
849 1655
223 710
89 1607
1045 2787
500 1928
1503 3815
2802 2961
2051 3812
2001 2335
3110 3199
1133 1895
578 1723
3594 3765
1450 2783
1718 3007
1483 2149
2480 2765
1615 3890
2892 2945
1181 1339
1593 3227
102 856
1737 3765
421 3057
1193 2267
1090 1160
2582 3721
15 540
2046 3277
3056 3510
126 3748
1041 3351
749 2252
310 2921
922 3777
3538 3765
1168 2514
3321 3837
2527 3170
2149 3748
2746 2754
2549 3313
2495 3211
1626 1935
2636 2758
1171 2227
1058 2418
1951 2258
3114 3647
2644 3149
279 3027
1099 2814
206 3801
1778 3161
1342 1751
956 2227
786 2822
2968 3663
550 2214
997 1254
459 1607
1971 2859
1863 2162
3541 3626
474 1772
2790 3632
1759 2808
270 2897
1430 2375
3648 3836
110 3418
1315 3479
154 1846
1483 1836
3218 3863
3248 3706
265 1940
2871 3463
273 1641
1855 2345
2263 3140
1489 1721
1894 3168
3328 3355
2208 3593
835 2817
329 963
1051 3675
13 1965
441 896
2135 3111
1526 1552
892 3887
321 2316
1284 2354
139 3282
1306 3630
245 1522
1144 2022
1764 1857
1639 2547
3014 3079
701 2391
2895 3077
2361 3254
1712 3194
2464 3555
2098 2438
1076 2899
1949 2651
759 1473
1114 3439
1223 3120
2206 2249
2262 2809
74 2187
2036 3309
2860 3213
89 877
1705 2765
1300 1694
2553 2888
28 2013
1536 3460
727 2587
378 774
251 2518
139 621
1335 2911
689 884
1272 2704
959 1189
3051 3407
217 3635
94 2331
873 2356
617 3435
1240 2994
2346 3680
1952 3189
2293 2392
1924 2670
1168 3313
824 2947
2785 2989
2193 2687
1988 3747
628 3132
1929 3297
851 1816
2873 3499
530 3533
1996 3827
5 1497
467 2752
1696 1860
572 3298
1102 3484
1118 2278
1064 3440
196 829
2487 3626
1833 3667
1638 2815
866 2028
1517 1676
2440 3657
2189 3506
261 3503
481 3439
3082 3209
533 3514
192 1731
1400 2716
2927 3501
1627 3207
3130 3760
1730 3538
1378 3477
2950 3418
1923 3041
78 2816
834 1311
882 2797
24 3128
1275 3626
880 2367
906 3000
957 1406
362 2158
1805 1840
1620 2525
3129 3564
1958 2278
2370 3898
510 3407
186 341
2150 3519
157 3571
666 2408
1337 2724
1079 3844
352 1470
1093 2291
1282 3684
2081 2194
2485 3585
606 794
2929 3425
1733 1865
2244 2637
241 3641
678 1421
1353 1542
2997 3019
2599 3879
2232 2601
681 1899
2261 3280
173 2500
123 156
504 752
1084 3481
1562 3626
1066 1567
125 3175
732 3861
779 844
1558 2039
1162 1871
1535 1919
2134 3819
2174 2653
1564 3068
964 2407
1933 3500
1609 1641
1348 2375
662 2458
1654 2291
337 3205
132 388
988 1777
661 950
2886 3810
375 908
1967 3330
622 3480
1903 3639
476 1420
193 3097
677 3532
868 1718
1015 1030
1080 3353
2230 3072
60 566
394 2278
1881 3835
3408 3480
2162 3296
736 3254
2416 3236
298 1576
425 2941
113 160
1140 3246
1155 3197
2038 2691
1122 3813
1705 2142
2707 3845
292 2513
1457 3324
924 1303
1109 1368
3100 3821
1622 2383
2784 3663
1472 1752
1501 3544
1320 2462
2327 2640
41 2397
258 1821
1722 3297
989 3508
138 3718
103 1526
1447 2626
55 528
1025 1469
438 3277
1166 3721
689 3660
629 2658
1032 2490
1832 2614
2102 3056
1461 3512
23 608
308 378
3165 3189
1260 1874
411 1646
1007 2762
2087 3361
1392 3016
1054 3024
622 2939
1243 2673
2517 3884
889 1231
1782 3824
1200 1636
409 960
98 883
272 3150
2150 3794
2660 3345
695 3050
845 1937
2884 3730
2706 3149
1337 3387
144 435
2090 3003
2401 3684
2044 3397
320 2353
443 1906
3289 3637
1296 2896
31 2378
2019 2591
505 3241
125 2148
644 1101
340 624
1602 2007
1490 2440
2758 3764
1982 2852
282 1867
1400 3264
73 3650
490 1390
848 1775
753 2700
547 1550
2208 3094
1585 2349
1696 3774
1067 1610
659 3867
620 3447
2721 2999
2355 2755
815 1886
2087 3782
358 2903
205 1679
603 1117
746 1978
1293 1880
423 3718
1716 3024
262 1470
1556 2595
1413 2724
181 1319
1570 3748
90 515
1012 2842
313 711
432 3512
3850 3884
2156 3672
2116 2910
2278 2923
862 1086
2023 2533
30 3236
77 175
3605 3819
362 2179
1507 2120
1828 2907
388 878
1991 3482
940 3601
1818 1972
2102 3300
283 2924
3327 3351
2410 2995
255 1727
1102 3174
1045 1546
1333 3497
1823 3550
426 760
987 3044
1856 3388
1647 2634
2165 2344
136 2561
347 1210
1272 3749
1706 2313
1504 2584
633 2763
499 2476
1560 3218
2040 3016
444 2836
887 3792
285 1257
198 981
1491 3268
681 1440
137 3789
433 2189
873 3618
1493 2947
2116 3758
605 3470
451 1797
1752 2551
221 3755
2230 2278
563 3036
2589 3832
7 278
3237 3717
817 1844
761 1681
2241 3523
1042 2412
1280 2970
2413 3706
1200 2037
685 3381
1216 2631
1477 1919
712 1510
2077 2322
428 524
144 3284
214 3183
2185 2500
84 102
1460 2654
1086 1352
2118 3111
258 2760
373 2570
1042 2400
1432 3554
111 233
616 2854
338 1354
1672 3302
1392 3290
3267 3736
2540 3632
1147 3232
1671 3461
155 1643
1085 1558
207 1140
2451 3003
189 2237
3101 3726
324 1206
996 1048
1780 3619
682 3821
195 1756
13 486
530 1700
816 2181
1344 2175
1285 2661
274 3152
989 2013
1597 3181
1705 2728
2314 2694
666 3479
2692 3096
2153 3623
1857 3358
728 2274
1362 3239
1453 1853
566 919
1026 1433
247 1101
1434 2737
736 1423
1167 3136
342 1330
1374 3685
571 2656
135 2711
1018 2712
765 943
3092 3306
2278 2806
1002 2555
1769 2321
466 1510
479 2912
383 1107
1962 2204
1117 3405
677 772
332 1077
966 1402
1591 3811
1061 2371
2554 3146
924 3036
2280 2542
2205 3102
1850 3780
2676 2844
1774 1971
1565 2432
281 2171
615 1344
1112 3536
1590 2043
50 1525
101 1482
944 3276
1286 3626
2811 3574
1291 2110
725 1242
542 2278
2717 3837
638 1043
1800 1956
1299 2067
1510 1911
1524 3360
2329 3550
1 2456
808 2856
680 2001
509 2365
1793 3265
2152 3616
2278 3002
1191 3793
2086 2755
3202 3777
638 2823
306 3745
3384 3849
720 3900
151 3761
2103 3323
689 2906
2061 2852
867 2985
1429 3626
2295 2543
703 1532
488 765
406 1012
1040 1803
1841 2167
530 1194
1795 2324
289 3626
44 1136
1011 1203
1235 2933
2611 3869
1234 1681
3257 3372
1284 3035
2478 3026
768 3893
3020 3633
638 2574
2520 3093
115 2912
482 3108
44 707
1703 2589
294 1240
2224 2659
1780 2047
71 857
1214 1963
992 1980
2397 2740
1553 2770
1767 3194
484 2050
2264 3070
1381 1827
116 1819
918 2851
2683 3220
3228 3801
80 3515
289 3566
789 1606
2008 2429
1577 2510
2218 3662
2127 3029
1337 2703
730 2527
2058 3213
2443 3857
371 2336
959 2072
593 2143
623 809
396 2878
1762 3703
411 3601
254 2519
1288 2945
355 1940
875 1441
153 2584
433 1644
1983 2231
1773 3711
1534 3674
1565 3851
609 3698
1661 3017
575 2887
65 1066
1232 2278
90 2719
2734 3756
1168 1281
917 2714
795 3626
1877 1964
113 2117
412 2976
2592 3625
1262 1325
1797 2632
1832 2292
1842 3635
714 2121
489 3585
40 946
1698 3655
1676 3063
1349 1792
1385 2261
1829 2829
2278 3623
568 978
77 1339
340 1811
1378 3891
1908 2709
1111 2506
708 1005
426 3528
587 1659
382 3192
257 526
1845 2194
220 819
502 2196
2932 3440
1165 1778
1025 3661
2689 2797
430 619
972 2558
1379 2648
591 3896
1754 1804
32 1165
512 2663
1617 1860
1994 3407
448 3404
796 3562
66 119
338 559
119 1236
384 1202
2974 3405
755 804
217 672
3599 3778
273 418
3271 3679
1456 3840
1573 3431
3146 3669
561 2927
1105 2278
470 854
548 1466
2515 2532
1328 3404
3763 3898
2467 3030
2712 3311
767 2872
3222 3547
1173 1920
172 1308
1206 3456
267 2372
477 3320
8 2800
2096 3653
484 1663
637 3337
734 1711
901 2680
775 1013
1071 3825
2242 2297
544 3735
306 509
2644 2994
2980 3059
2024 2288
695 1598
2749 3634
121 951
3738 3899
1591 3656
230 798
477 3394
2484 3563
1351 1885
335 3376
782 2240
1420 2473
1684 2443
2216 2342
521 3121
595 1330
355 2795
1739 1805
376 2556
163 2757
1608 3002
126 3623
1385 2819
2654 3644
1212 1755
2670 3467
2991 3531
1222 2868
1747 2281
464 3899
1071 2287
557 745
2316 2364
1936 3572
2146 2378
1300 2352
1114 2367
807 1642
2545 3145
761 2513
2358 3570
657 2636
1434 1761
1785 3796
1088 3318
1052 3724
59 2990
120 2069
1997 2521
1208 1529
1230 2279
787 3333
1714 3025
317 2232
1673 2370
1725 3141
3565 3720
1097 1991
725 3712
1835 1864
2084 2168
171 2450
853 3875
623 2824
300 3639
3139 3161
33 1016
1216 2577
818 1037
186 503
930 1706
1139 2311
674 2205
1191 2214
667 1512
661 1931
1882 2192
3662 3864
1887 2227
1684 3429
144 2426
2029 2772
1938 3121
1837 2922
712 1187
517 1317
1861 3458
249 1649
296 1487
237 1447
780 3668
27 984
1196 1376
2217 2824
1917 3731
370 1529
1531 3840
551 716
2002 3001
2616 2676
1438 3132
2640 3414
170 1958
1107 1170
1683 2945
214 2085
309 3551
1186 2170
894 1060
981 2588
2298 3379
1810 3337
329 1116
1248 1957
8 484
96 1396
613 1037
120 2358
204 2669
885 1822
1891 3030
2303 3764
420 1616
1186 2493
76 331
2115 2167
1678 3480
389 588
68 3571
830 3800
879 2209
1407 3566
1184 3228
178 1297
306 986
246 1796
658 2214
2811 3471
1277 3395
2189 3235
1960 2846
373 1797
3062 3464
47 3598
861 1149
790 1070
3472 3802
1479 3005
532 2629
385 927
1409 3172
2176 3803
793 3081
3879 3902
839 1405
1214 2724
281 1454
884 2706
437 2480
2170 3668
1172 3475
1912 2835
2420 2570
3346 3845
569 2364
3584 3611
1247 2186
1688 3621
2968 3786
108 2488
166 2278
394 815
1161 2780
35 746
3034 3382
677 2609
2490 2862
554 3741
644 3793
1490 3271
342 3086
1578 2342
2650 3219
2853 3098
1432 2633
1803 1925
372 2569
2285 3028
93 821
112 1443
1276 3648
676 3810
23 948
490 3631
610 3642
95 2807
938 3125
2452 3294
2485 2765
2813 3647
1082 2419
2554 3771
588 1625
589 2879
3185 3795
1410 2646
1314 2278
1876 2766
1096 3747
454 1604
3687 3786
1025 3692
1644 2523
628 1464
1106 3896
2334 3574
127 791
240 2821
1165 1771
153 2010
1094 1738
556 1621
436 928
1727 2482
2726 2869
2583 3365
1502 1523
2096 2144
3709 3885
1777 1990
1710 2637
542 3534
232 1842
528 3204
1655 3372
777 939
1617 2360
1481 3413
2505 3759
2101 3244
2834 3708
665 1734
12 3567
523 822
443 3603
830 2155
2698 3569
79 2899
109 2537
427 2402
1061 3552
857 1021
1959 3844
2704 3434
1637 1977
2711 3569
3008 3788
114 2179
509 1972
2801 3859
1418 1995
84 272
960 1638
375 532
196 3758
617 824
52 2310
2880 3364
264 1733
1930 2677
209 2278
2066 2494
1 27
1121 2480
815 992
99 2133
2119 3395
604 3190
155 1238
629 788
430 935
278 1967
227 1251
1043 3163
1302 2516
1036 3499
265 3743
1516 3774
1244 1979
1745 1770
1166 1175
191 3775
288 1399
643 2064
1648 3316
2405 3126
72 3486
908 2620
1136 2773
944 3308
2807 3767
2060 3026
2194 3860
1514 1893
1280 2841
428 3511
1297 1387
2533 2625
925 2104
597 2017
2002 2881
1917 2611
2278 2606
566 1634
1312 3205
336 3028
187 2195
290 543
691 3428
608 1148
690 718
1019 2062
402 1001
3415 3724
2186 2874
1157 2305
1355 2148
163 2471
797 2786
446 2278
2363 2397
263 274
605 1554
3088 3607
1746 1894
6 1122
286 1708
410 2247
984 2414
2199 3786
106 3369
89 1193
1416 1817
975 2611
955 1192
1992 3144
722 2869
173 3672
2838 3090
2220 3110
2764 2877
55 2222
2488 3893
164 1892
1752 3781
2083 2206
1027 1303
603 3545
73 2134
1159 3004
364 397
195 2686
3272 3626
1347 2722
3120 3502
385 1846
1843 3256
69 2843
1276 2239
2101 2281
1697 2516
1145 1697
1084 3128
3143 3858
22 1500
2035 3821
1150 1729
1658 2754
1934 1961
415 2446
1176 3164
2710 3838
1600 1962
2140 3519
237 397
2571 3251
161 956
296 2496
1368 2042
2955 3027
1692 1862
913 1349
313 2430
225 3427
2283 2709
83 2368
2699 3096
893 3774
1685 2479
1016 2211
1218 3058
1562 3450
2286 2520
851 2994
1889 2421
2383 3287
227 2779
595 1394
3033 3826
1477 2544
236 2585
1078 2451
1498 1522
683 3878
277 2807
906 2955
1394 2201
643 1279
2008 2733
514 3261
2285 2366
1562 3472
3255 3727
2437 3596
1945 2739
1148 2849
2280 3432
529 1139
224 3808
2688 3586
699 3408
601 3364
99 1070
888 1848
647 1528
85 3761
729 1057
1457 2114
2527 3902
910 1157
1007 1732
315 343
1607 2011
1941 2657
390 923
2154 3259
2629 2936
2672 3153
219 953
904 3531
1720 2714
322 337
64 3830
2013 3612
241 950
2278 3405
2380 2386
960 3746
1018 2492
2627 3315
393 3226
290 1199
1515 2323
1491 3621
3530 3665
825 1538
690 2720
2385 3809
1068 3808
165 2699
816 1684
2272 3286
3080 3569
3619 3686
2126 3731
464 1294
1205 2676
1360 1931
123 2413
415 2177
441 3521
2730 3678
1151 2259
436 927
2280 2507
1199 1758
73 2051
2607 3155
1187 1519
2710 3606
1273 3771
3121 3619
828 3167
2210 2278
2581 3704
1798 3493
180 1826
3260 3651
3438 3895
1103 3638
2084 3196
962 2591
2647 2688
1008 2748
1432 3230
370 861
1589 1669
3076 3659
1657 3834
664 3806
1698 3681
1931 2054
3124 3341
3144 3768
488 1471
2137 3134
763 1577
607 2229
2604 2628
668 1159
355 1222
581 3572
809 965
60 3236
150 511
391 1389
2278 2507
2960 3576
3012 3071
485 2565
418 3072
817 2267
653 3108
1541 3617
523 1968
1040 2519
889 2138
1123 2429
787 2267
1321 1554
1833 3150
1175 2741
1711 2334
1032 3626
2378 2775
788 2946
326 757
1307 3421
1586 2440
653 1723
809 3810
375 1731
770 2533
1064 3243
2381 2747
113 1467
1444 2278
1848 3751
272 1057
2604 2798
2209 3180
2121 2340
223 454
452 1261
2203 3392
1763 3105
1310 2087
690 2581
945 1453
332 2889
2151 2233
2012 3258
498 1908
1429 2497
334 2402
1423 1970
964 2825
1614 3104
1868 3036
2228 2330
1718 3641
2383 3626
2978 3365
1688 2059
1369 2071
136 3200
75 3222
90 795
327 3874
2430 3790
3232 3876
738 864
692 3200
614 1276
608 2692
2883 3224
1123 1311
3125 3380
1540 2961
331 2648
1538 2825
12 3272
1905 3792
26 437
843 1158
2526 3269
2006 3696
1796 2540
2863 3479
1441 2056
2885 3225
1635 2320
288 2137
537 642
2278 2478
629 3349
820 1221
390 3320
228 2667
1865 2833
822 3562
2437 3431
346 3055
916 3635
1496 2285
605 911
2799 3049
1527 2470
1564 1779
335 1325
1219 3058
3220 3582
1600 3626
2113 3245
1171 1973
947 3672
1137 2421
632 3162
682 1785
1304 2346
2251 3089
266 1067
678 3331
1120 2290
2068 3086
1490 2320
135 2129
1452 3688
1079 1139
739 1231
1201 2559
750 3370
2178 2580
1848 3726
977 3199
710 1509
213 2567
2550 3636
2278 3104
186 1531
471 3747
1415 2597
121 2370
1945 3791
1144 1378
975 2357
220 3071
201 552
1484 2221
1830 3474
807 2176
852 1416
82 3677
1325 3138
1103 1766
579 3618
2744 3803
470 2305
513 2946
275 3066
1820 2138
1763 3078
595 1484
1638 3059
1437 3798
402 1171
491 3065
2284 2915
819 1092
1593 2706
2282 3683
1075 1984
2392 3382
2278 3499
562 2678
2639 3828
745 1152
307 854
1188 1828
411 646
1190 2039
112 1699
1847 3835
1410 2643
720 1465
784 2649
3637 3846
2840 3459
372 1234
1621 2350
2149 3158
2247 2608
288 903
1885 2733
1558 1930
1415 3788
217 3362
1344 1976
457 727
2466 2550
693 1419
2252 3505
218 1731
427 1677
2 3467
2263 3883
1866 2258
3061 3120
99 295
312 1084
3626 3784
663 1494
78 2223
323 1800
2041 3416
1761 3278
1704 3074
395 495
249 398
1794 2323
1790 3478
1216 2800
614 1945
344 2944
1345 1907
2461 3271
2372 3798
204 3805
292 584
1400 1476
1679 2111
293 1526
828 2386
934 1902
1232 2833
938 1284
2142 3842
1307 1474
1010 1298
153 655
1385 1955
416 504
1492 3815
1707 2138
3296 3861
771 1148
962 1364
573 2256
2545 3032
872 3429
3602 3640
1501 2202
80 2585
1678 2077
405 1666
1757 2944
3801 3830
1382 2255
3742 3858
965 1530
1672 3313
1710 1868
968 1538
339 1426
2349 3097
2646 3317
330 3403
178 522
2482 3452
1666 3843
486 588
2332 2409
1056 2562
3038 3144
3041 3864
357 839
2105 3303
525 1948
1387 2882
940 2157
1459 3429
1024 2793
2255 2709
1533 2231
2375 2575
56 3702
461 3457
3848 3863
2549 3633
2157 3265
932 3517
1970 3738
1069 1187
823 1585
1641 1765
363 2278
1890 3326
1194 3276
273 1656
1004 1444
563 1023
59 2623
2152 2181
386 3050
885 1129
1549 2569
826 1145
118 1582
741 3502
2283 3131
87 1224
2396 2518
2826 2852
1300 2125
1019 2862
1674 2696
2282 3528
651 3082
1955 2103
1899 2474
415 1259
1635 1729
791 3708
327 996
1566 2162
367 1653
792 1501
784 2073
559 3279
2270 2320
999 3396
2038 2288
1254 2622
1326 2255
2612 2927
346 3852
206 276
1147 1503
150 706
1739 3312
1997 2172
1401 3198
2547 3419
387 1403
3350 3677
51 1143
1085 3263
768 1437
255 3281
284 403
1660 2130
727 1588
2366 3466
1946 2806
1979 2712
127 3556
596 2646
3068 3090
2921 2941
250 2752
210 1319
2253 3445
1023 2955
25 2297
1451 2961
350 2364
972 1160
1204 1700
55 2418
660 2631
3071 3841
2560 3301
124 2873
433 547
1509 2425
1463 2425
3484 3536
1477 2380
2009 3057
678 2029
502 551
1488 2518
1505 2329
1842 3578
2371 3586
44 3626
316 864
215 1599
2000 2036
1166 2057
1261 3807
582 827
841 2190
2377 3450
466 2824
70 381
116 3476
639 3886
1154 3890
568 2362
1006 1696
2564 3485
1506 2530
1802 2277
1513 2548
1596 3430
2798 2850
430 719
76 1872
146 3227
1532 2851
1740 2228
345 3621
497 2752
372 1743
1338 3736
1444 2902
2278 3465
3418 3893
742 2939
2150 3231
18 908
2275 2792
1291 3045
387 2393
587 3826
2729 3467
3124 3800
1219 3359
888 3441
1138 3030
1695 2809
1900 3792
607 1352
166 1683
1327 2959
2930 3158
1633 3048
275 2557
468 1231
2272 3899
1420 2445
2141 2405
979 1243
589 969
1444 3022
2151 3427
1916 3573
929 1094
688 1831
662 2003
833 2934
1978 3360
699 3626
2853 3276
1644 3465
1964 3542
558 2256
3048 3119
1140 1341
1347 2411
1194 2328
652 3338
307 1330
2185 3485
1660 2811
1486 2179
1091 1404
1628 3826
166 1127
1735 2737
631 2269
2344 3604
3478 3894
2661 3353
386 2624
1573 2920
1289 3606
171 3018
1982 2884
2996 3574
940 3791
20 354
325 2814
704 1622
2059 2215
2725 3530
87 1226
987 2334
2384 2982
2444 3033
1972 3664
1742 3519
682 1369
987 3087
1023 1746
1471 2176
795 2778
81 2787
5 1073
46 1804
24 905
1395 3709
134 135
1261 2466
2896 3767
802 3369
269 2851
1393 3708
2294 3797
1048 1105
39 1711
58 1094
164 444
2399 3468
1776 3153
98 2362
7 1407
1263 2278
1656 2198
1245 1987
803 3060
19 2288
1438 2092
1174 2525
792 874
92 1433
1296 2805
2132 2682
2467 3839
543 2864
1234 1539
1766 2350
1596 3312
1666 2191
384 687
1310 2028
1760 3215
722 3108
1902 2512
801 3617
243 1126
1618 3237
764 1733
1799 2745
332 2276
3050 3409
482 1871
2126 3336
694 3475
544 2503
2972 3059
644 3630
2463 2768
2032 3175
119 3264
1606 1999
744 1613
25 1922
2735 3472
1958 2341
980 1879
497 2095
1352 3430
283 1667
2117 2536
1247 1904
2066 2957
1550 2316
48 3290
795 1575
950 3113
2093 2656
1915 2437
3687 3886
2566 3109
128 3448
2563 3131
1998 3626
47 3739
154 1753
2756 3391
215 1910
2455 3626
2508 3103
1395 3497
45 388
2337 3542
1100 3902
2495 3723
1619 3127
536 1759
698 939
684 1190
340 565
244 851
226 2006
874 1652
2959 3818
501 3850
2132 3789
2097 3442
1077 3075
1065 2103
1050 2697
2934 3483
1720 2814
182 1399
994 2693
126 1210
828 996
2264 2701
2831 3626
2084 3705
543 867
2595 3466
687 1803
583 3247
1547 3238
875 1434
660 2388
3068 3312
1281 3389
744 2584
3001 3539
1074 3162
298 1207
2213 2665
1425 1585
1936 3009
713 2543
366 3399
37 958
823 1291
2055 2934
1297 2633
386 1927
97 2436
107 937
1311 3661
408 1303
1724 2224
2310 3493
1595 2159
309 1580
1089 1225
1504 3867
1481 1611
535 3471
1414 3356
133 1132
2255 2278
1345 2217
1241 3824
2298 2993
733 3612
1230 3483
3160 3856
1858 2903
3543 3563
1808 3239
756 3626
3337 3682
211 805
1119 3677
1218 2984
1409 3520
1828 2186
472 3228
731 2106
1725 2273
2024 2865
1845 3736
379 582
1356 1709
1561 3711
2687 2867
3511 3562
1128 3311
3425 3699
2515 3793
2612 3277
2353 2634
231 3625
1458 2530
111 3693
70 670
2192 2788
2873 3194
506 1857
429 1299
2278 3221
1222 3191
3427 3628
2362 2543
1362 2883
348 874
331 3005
1032 3198
736 1044
140 3473
1098 3760
316 964
395 2278
1673 3847
2479 3897
1973 3335
808 2462
3262 3285
1179 3770
735 2863
1855 2943
449 2983
935 2554
1032 1709
3181 3713
3322 3388
441 1372
1839 2239
27 922
494 724
2387 3357
886 2537
781 2999
130 814
160 2767
1559 1813
1287 3530
1574 3629
2434 3588
369 3726
2882 3890
522 2023
2199 3307
1392 1798
3006 3430
1049 3689
66 3188
2389 2449
1049 2635
1552 2372
271 3025
425 3541
3600 3688
3430 3626
1 1932
970 1172
1569 2637
357 2101
303 1939
1791 3705
1363 2282
766 1628
1336 2513
711 3503
1548 2749
2529 2997
97 2497
1656 3779
326 2284
36 1329
1911 2821
458 2726
1691 3353
1425 2278
711 1637
1756 3325
105 3542
1048 3377
3052 3357
239 3823
1388 2913
1131 3789
125 2098
650 1005
393 1650
590 3892
2291 3829
1408 2007
297 1328
542 3606
309 2531
567 2220
1024 3284
2731 3573
604 3347
160 3106
1862 2535
2217 2419
2436 2540
1028 2905
2819 3875
1525 1630
1447 3291
538 2967
2509 2719
1748 3889
106 3626
921 1343
903 1554
483 1366
1213 3703
609 2027
2226 3247
3434 3535
850 1823
462 602
303 649
3056 3700
533 1059
493 1800
448 2940
2051 3753
2452 2730
314 598
1180 1310
820 937
1008 3354
8 3425
1057 1778
9 2361
1424 1451
2435 3803
333 2057
2208 3076
1476 1874
314 2669
165 1841
82 2654
195 2669
1832 2701
20 3592
804 1417
2209 3597
2327 3811
96 2558
252 3336
412 2030
1635 3395
2801 3626
648 1950
1228 3839
2134 2348
768 891
1912 2070
2923 3882
897 2331
639 2127
2938 3310
3213 3690
2771 3805
496 1802
1556 2524
549 699
1120 3884
2278 3626
1787 2219
631 1322
1573 2160
2502 2726
1713 2867
1295 1591
837 1730
367 2395
206 2398
1885 2235
514 3494
371 1472
2236 3412
93 377
526 1375
2296 2819
620 3498
339 813
2199 2231
921 1103
149 2297
359 1698
2887 3129
994 1668
77 382
1494 1603
1470 1601
3041 3766
1485 3243
2071 2798
1608 3110
63 2098
482 3024
1944 3703
892 2409
586 2069
1083 1334
864 1314
3037 3454
1700 2289
477 1198
1987 2032
2464 2675
2730 3642
624 1792
1693 2836
359 3626
1256 1438
544 2577
1761 1918
1045 3518
23 2579
1412 3895
102 1332
1130 1221
138 773
299 2124
2343 2404
1442 3669
382 2005
287 1097
1315 1834
3370 3401
2410 3284
1087 2546
1555 3741
1496 3423
335 3702
2159 2384
2165 2266
2020 3411
2306 3607
1002 2877
1369 3095
2095 2145
321 361
151 2143
517 1508
1374 2679
2347 2817
1183 3021
212 3275
859 3623
2652 3655
2106 3305
2413 2846
560 1637
2881 3273
534 2173
2270 3580
1830 2107
267 3760
877 2100
2816 3678
320 3434
1745 1769
2278 3333
180 1702
2257 2431
1756 1812
255 2243
1321 2528
1046 1762
2521 3568
2607 2666
1014 1267
1768 3660
1961 2857
1940 3784
194 2222
2549 3255
1299 3122
435 1961
1467 1870
291 2738
2053 3744
602 2097
774 927
949 2915
3459 3811
491 2448
1380 1837
2180 2575
685 2593
1947 1979
2301 3260
2704 3755
1461 1855
1618 2663
1507 2501
781 2874
2575 3795
1827 2808
446 2158
990 3618
453 2132
1146 2548
1324 1622
2097 3436
2185 2415
555 3450
1117 1123
1243 3180
1286 2650
2595 3064
871 3460
1088 2705
1564 3099
1005 3327
305 464
124 200
41 1070
2366 3077
2348 3824
211 3769
641 3650
478 2007
2757 2872
946 2294
3184 3588
1014 2643
1639 3370
243 935
3034 3386
1747 1749
2278 2374
1534 2973
982 2653
1158 2511
591 651
104 334
2240 3248
1024 1581
1629 3205
3647 3855
2082 3088
564 975
1263 1478
1443 1708
2318 2546
462 2818
2473 3251
2204 3794
726 3724
1623 2016
747 3612
407 1675
1449 2749
628 3069
1269 3300
525 2552
928 3328
202 1802
447 2276
1132 1953
179 1379
1687 3630
2278 2417
985 2963
2216 2521
1268 1601
892 1950
552 3538
2633 3581
1203 3615
1037 2973
291 2312
2183 2668
213 2234
2127 2351
3732 3754
958 3750
241 2354
1411 1505
2116 3148
154 3103
1419 2862
208 3252
1539 2861
461 1342
3009 3375
158 1100
22 3866
700 1863
756 3744
249 1692
686 3303
1981 3830
2443 2948
523 2928
2106 2519
2635 3092
3193 3512
94 2323
1156 3587
1217 3373
2933 2969
260 1019
2797 3131
208 3678
841 1422
230 3133
487 1669
1435 2304
1161 2825
2482 3340
666 2789
695 3524
920 1389
675 3837
2555 2914
220 1180
2794 3072
1063 3795
1073 3392
1160 2747
3318 3694
86 2734
1557 2869
3177 3579
2536 3744
1161 2642
2678 3887
3649 3887
1478 2133
1658 2622
1617 2404
1427 2222
591 775
242 1264
841 2536
1096 1257
2604 3610
1600 1835
190 901
1697 3517
651 3327
3320 3847
1334 3652
1273 2578
1042 3338
2319 3720
1760 3202
1346 3626
1010 2147
3390 3654
2996 3437
1984 3849
3589 3898
653 1657
2559 2742
652 3877
1792 3800
1213 2661
1167 2653
1236 3516
54 3125
554 2754
796 917
210 3584
1091 2956
257 3060
2682 3195
1020 2240
1710 3048
2278 3321
2967 3853
966 3507
784 2739
281 732
2671 2786
2104 3551
1518 2555
2743 3258
829 2967
2459 2762
2490 2875
83 3725
3356 3859
199 3009
1958 3324
759 2356
2014 2758
1713 3827
540 1159
1007 2197
228 2133
600 1038
832 1805
1896 3652
463 3626
3015 3626
36 3274
2820 3809
150 1407
994 3832
2299 2843
53 562
1614 2750
2481 3216
2252 2385
14 685
1406 3249
314 1741
175 811
912 1274
891 2421
2751 3755
3246 3535
2406 2687
3077 3626
3629 3671
3301 3626
831 3242
1788 3300
283 2757
3587 3697
81 778
1036 3690
1815 1950
2830 3659
3137 3403
2065 2420
298 445
598 3376
596 2045
1191 2559
1357 3797
942 2251
70 2254
259 2766
12 1334
327 592
2969 3179
16 1247
1268 2390
707 3354
728 3500
2237 3142
214 2373
510 2043
228 842
772 1673
158 1232
2514 3620
2059 3613
2113 3040
1772 3424
816 2279
1424 2753
1292 1954
2319 2395
2310 3426
1758 2898
1000 1223
1730 2060
1195 2563
83 435
1901 3595
1283 3533
3192 3626
2197 3253
1419 2718
2423 2470
1132 3872
1559 3546
869 3486
1147 2763
902 1551
1173 2933
1709 1719
972 2056
1605 3468
1928 2878
1207 1652
3584 3715
2971 3399
2112 3417
1340 3001
1743 2827
1627 3851
278 2799
413 877
131 2033
2020 2224
1049 1246
762 1176
339 732
2448 2890
625 2682
3025 3416
769 2117
1411 2618
1448 3251
576 1843
993 1653
673 753
1289 1373
3260 3504
254 1468
66 3549
181 2959
1416 3374
1145 2441
1450 1831
609 3728
743 1919
229 1221
1928 2572
751 3790
1017 2864
1605 1777
1237 1557
1824 3572
162 3279
2344 3209
1545 3384
2274 2828
2436 3298
2278 2585
3064 3557
360 3587
318 2538
465 3151
3212 3225
1616 3295
158 237
2241 2578
163 3201
1320 2439
985 1121
779 2655
3135 3856
1679 3367
1763 2420
577 2389
1509 3397
932 1887
1296 1305
568 2984
1566 3626
3163 3451
2837 3216
1632 3257
647 2380
1301 1899
843 3449
3208 3831
252 3595
1753 3112
1133 2847
1875 2821
3064 3643
2080 2520
1207 2566
1894 3091
2348 3509
101 3676
396 2848
2463 2965
802 861
1913 2143
654 3231
3010 3445
