3911
1682 2379
2543 3688
2942 3731
1790 3116
787 1412
720 3113
1088 2414
2147 2455
975 2928
1726 3079
839 3221
141 1500
1000 2161
1267 3238
2263 2418
290 856
3191 3244
1371 1405
171 2025
1070 3297
1064 1421
1859 3161
1220 3445
365 416
2538 3885
1938 2651
582 2997
716 1078
2786 3174
1721 3868
276 3485
58 3483
232 2074
1603 1638
3030 3283
1513 2390
27 3345
127 1429
385 2366
299 2634
1274 1932
1228 2083
1647 3890
246 2540
1102 2169
676 1285
1678 2685
747 2925
1678 3814
2303 3139
2534 3389
727 3244
957 2379
2496 3893
851 1441
2483 3801
1349 2138
2407 2880
1681 3412
1104 2656
1998 2157
336 636
1604 1764
1054 1860
631 1806
10 2851
3395 3614
1414 1616
824 1879
1562 2159
227 616
170 272
2731 2759
1046 1089
385 1535
11 3570
428 1113
1221 2294
279 3137
980 3165
1653 2496
709 927
117 3457
2685 3600
147 2325
1273 2429
377 483
941 3688
647 3746
1118 1163
1087 2152
1257 1806
636 3523
753 1301
419 1828
424 1193
825 3316
462 504
65 2684
2005 2668
783 3770
1840 2784
258 2524
3501 3784
2563 3151
2510 2900
1950 3292
420 572
775 2812
1539 2965
1328 1671
992 1436
2378 2433
652 2962
462 2840
238 2790
1681 2929
318 494
1502 1574
2749 3751
2034 2995
303 708
2425 3372
1020 2755
1675 2084
2634 3551
888 3283
485 2025
503 3184
747 2180
352 1318
17 1403
427 1239
848 3615
1089 2479
2373 3325
660 988
6 1987
2058 3472
1157 3559
2411 3691
3066 3695
113 873
419 3856
858 2024
2192 2340
1878 2997
1038 1771
678 2893
1806 2723
920 1136
3348 3787
185 3404
2725 2814
592 2111
3232 3423
3152 3701
2650 2976
149 1113
1206 1368
1931 2257
1029 2625
212 1336
167 1784
656 1106
1685 2405
3033 3900
486 2144
1206 1240
1574 2179
481 1177
2246 3642
1243 1622
1101 3731
876 1395
362 678
3610 3708
389 878
1643 2793
2776 3292
1264 3018
2623 3013
23 3875
1135 2823
1403 3295
853 3152
2296 3629
1798 2566
220 2116
775 2011
497 3048
1771 3496
1197 3621
393 3504
823 1165
1605 1933
2919 3490
2711 3844
397 962
2686 3471
2105 2209
1869 1940
1726 2553
1839 3354
3071 3367
3223 3819
1505 3366
2223 2986
1866 2904
205 2426
2892 3765
1342 3244
1860 3860
1798 3602
1302 1805
1622 1787
1924 2083
2935 3127
479 2851
1261 3258
12 2563
279 3872
1696 1750
2904 2917
947 1383
688 1106
2094 2904
31 783
1225 1931
1386 1817
493 1726
1806 2700
996 1867
1097 3698
87 3516
1201 2818
244 1280
2230 3516
43 1795
267 989
2024 2348
149 3731
113 2398
1907 2665
975 2123
1148 3465
2276 3891
1206 2091
72 511
867 2684
143 3812
187 1377
2696 2993
412 3758
286 1702
969 2849
304 3444
3480 3891
1654 3520
505 2497
246 2673
131 3022
315 2416
1524 3687
1872 3610
725 2892
353 1892
1674 2211
2522 3870
1818 2573
2223 2803
520 1845
1603 2231
845 2452
344 1795
233 2881
1024 2748
376 1635
3213 3734
824 1778
2423 2821
1475 2502
927 2892
761 1184
2851 2905
501 3854
1369 2779
380 1965
74 2258
1280 3190
1455 2077
708 3522
607 2839
233 1242
1295 1594
2094 3356
1048 2820
573 2470
1500 2605
58 780
1409 3563
1505 2904
856 1559
1140 1950
2599 3398
743 2766
2782 3587
354 1971
1972 2766
1202 2981
135 3483
1996 2581
1780 1813
2029 2583
1860 2220
1432 1948
1638 3836
793 3608
841 2684
324 1440
738 2438
990 1432
875 2446
244 1465
833 2050
2711 2717
1296 3374
276 2791
2732 3428
1668 2671
2048 2733
1560 2407
878 1472
962 2858
1716 3274
2303 3343
2363 3521
2128 2771
1687 1688
821 2053
3038 3325
3079 3116
2785 3257
1570 2997
1465 3542
324 3784
900 2657
2094 2716
1044 2693
1147 3793
1498 3455
1182 2326
462 909
619 3600
3425 3511
74 2739
921 2294
1421 3325
33 3666
1604 3204
697 3389
1766 3892
11 2690
1638 3114
1293 3042
2521 2821
1766 3126
667 3328
974 3242
1645 3609
105 3297
3324 3562
765 1838
109 2793
946 2905
2248 3318
1396 1412
1850 2643
1705 1730
730 2695
646 1066
1852 3223
1776 2923
600 1483
400 1662
653 2626
83 3148
1134 3192
2561 3033
329 1302
2962 3461
940 1561
210 3228
1991 3800
740 2626
1034 2697
211 2529
2075 3093
128 1279
3400 3793
1943 3187
525 1523
653 1187
3066 3471
522 1432
1997 2837
502 2012
2797 3148
1058 1656
2203 3526
655 3909
532 1802
2528 3344
475 3890
2793 3440
2652 2948
78 2501
77 3877
3319 3572
2146 3190
833 3479
2134 2721
1737 2846
2905 3787
3501 3591
1106 2903
1039 2376
410 1411
431 3640
2572 3046
1498 1531
1193 2874
606 1779
1836 2555
2157 3667
113 1652
940 3841
1644 3756
273 3166
422 3304
2665 3261
1150 3311
337 2553
270 1157
530 2854
2674 3691
1055 1172
569 1151
1819 2125
1202 3747
1508 2973
66 878
980 2572
2058 3436
862 3151
1510 3468
2502 2773
118 477
1421 1819
1686 3096
1598 1940
770 2974
784 1780
2013 2886
117 3619
2949 3879
3079 3093
702 3564
2248 3878
2423 2742
2885 3605
3046 3350
1188 2008
2643 2764
712 3109
1732 3787
369 2284
1179 1999
1118 3622
940 1540
1818 2966
930 1513
1155 2744
277 1310
589 1811
628 3571
1480 2592
876 1521
1529 3365
159 3776
1117 3341
671 3107
2466 2665
462 3658
677 1085
351 1669
46 2514
419 2740
411 1076
3673 3733
646 3483
309 498
374 1135
829 3091
838 3272
1528 3581
592 3099
859 3292
1273 3446
928 3311
991 1920
967 2955
1151 1313
2372 3910
1576 1767
247 2263
474 1795
939 1950
1377 2904
3281 3854
605 2181
1530 3101
638 1759
660 2195
3247 3260
1826 2538
1662 3217
3229 3444
3100 3448
1482 3677
3150 3568
1853 2704
1117 1815
2170 3888
55 3693
2875 3455
1000 2250
411 3784
826 2917
1172 3684
1104 3653
245 3481
1866 2448
2182 2455
1523 2981
1080 1464
2688 3530
1867 2192
746 3538
1355 2743
41 2665
1202 2602
1021 3116
199 1374
162 1287
2697 3664
416 1929
364 398
352 1288
1593 1721
157 1173
1975 3420
593 3471
2350 3344
131 2059
1913 2623
821 3692
67 3113
745 1765
761 2772
3352 3788
1123 3335
76 3253
636 2996
2593 3319
1798 3478
71 1201
684 1156
1482 2101
3421 3644
2897 3793
2863 3268
777 1706
820 3343
553 2405
484 1767
1666 3325
845 1320
1841 3630
2209 3384
999 2652
1464 1617
823 2092
1129 2455
1046 1367
1971 3053
535 2041
511 3181
677 2424
2235 2961
2597 2873
396 2913
2193 2928
646 1970
2103 3670
266 1757
1530 2278
1257 2247
232 2674
1668 3345
3599 3652
2325 3040
2816 3302
341 856
1757 1980
143 3655
1783 2736
2252 2383
1352 2720
438 2648
1788 2376
1918 2779
391 677
1372 1932
355 1401
2181 3371
27 3104
1003 3471
1802 3847
3583 3716
1990 2171
1597 2677
730 3348
216 268
882 2115
1250 1520
2054 2961
3691 3739
791 3690
1409 1569
789 2731
1029 1359
721 1465
2199 3890
1993 2732
653 2375
753 2620
143 2518
497 1492
571 2962
2255 3606
1026 2600
558 793
422 1482
2121 2820
1316 1430
677 2607
486 3729
149 276
839 2447
1937 3201
889 3464
2247 3518
3465 3586
1043 1891
27 585
497 2465
1283 3225
132 3564
1917 2634
1719 3060
233 3784
791 2725
1531 2002
26 1678
1534 3792
1482 1794
2433 2906
329 3462
786 1843
1573 2502
3054 3837
622 1171
420 2967
287 2696
2257 2595
870 2821
1670 2926
1791 2964
79 1820
1146 2650
741 1835
115 2638
260 613
606 791
256 3711
1182 1360
940 1995
181 1618
150 597
1622 2785
2221 3837
1969 2143
740 2422
33 853
1100 2446
272 461
2650 3752
2643 3509
162 2738
1565 2886
1113 2038
718 3547
770 2679
1503 1811
507 3803
229 2779
1381 2721
1209 3246
1692 2486
1068 1818
3292 3505
1991 3182
1304 3444
2804 3046
2036 2609
176 1417
846 1429
591 2332
1371 3808
1856 3309
130 991
1750 2836
991 2225
442 768
471 2708
1012 2797
73 2895
1465 3304
858 2623
2485 3652
1412 3147
135 3473
965 3481
1386 1646
252 3261
1614 2743
894 1117
479 1173
955 1525
2910 3716
2402 3784
1168 1627
573 1621
1635 3741
684 890
1458 1892
1195 3872
2853 3813
852 2000
3152 3409
1815 1892
2642 3309
7 3455
1295 1409
1432 1631
1795 3804
226 1624
1500 3741
2940 3423
1635 2364
1940 3648
1557 3592
568 1197
2347 2454
2741 3268
824 2036
61 144
2306 3344
678 790
2913 3307
1444 2805
1110 2341
61 853
722 870
1537 3678
2133 3343
2599 3185
783 1938
223 1520
3270 3734
2981 2997
2291 3253
1201 2252
193 310
604 3188
1623 3367
1247 1289
1110 2316
1982 2142
1172 2416
369 2266
1791 3028
1812 2271
1936 2141
2762 2807
1374 1973
2608 2882
3682 3777
198 1498
130 2369
730 2069
771 2285
2094 3537
1866 2229
2450 3420
1586 3562
1910 3627
239 1662
1265 1580
150 3259
1265 3643
992 2815
277 1908
1594 3166
385 2318
268 1603
111 3182
1531 3002
1811 3148
1889 2817
1464 2416
1632 2606
3298 3714
1136 2572
647 1669
1235 3103
2762 2784
1024 2489
623 3450
719 1281
3298 3318
1955 2821
1630 3673
1931 3318
231 3501
2962 3024
2750 3546
2280 2820
1628 1940
2073 3688
1767 1887
852 3469
2635 3066
2873 3725
606 983
502 3027
3115 3606
1254 1282
2870 3743
606 1394
1036 1864
1411 1714
573 2300
2973 3178
424 1555
1280 2766
714 3166
1825 3046
1239 3117
605 967
1439 2733
1407 3698
324 1368
267 458
292 1992
452 3516
240 1815
823 2651
252 1341
463 2635
3335 3515
1780 3755
2196 2596
323 644
8 2023
967 1357
1117 1420
930 1686
215 3468
3109 3550
253 509
279 2934
549 647
3066 3354
1334 2781
432 2609
64 3508
633 818
584 1173
721 3416
603 1280
471 2670
1283 2785
149 607
1958 2049
2356 3455
3026 3465
2895 3368
508 2928
1720 2786
3218 3328
765 1575
377 2342
2920 3124
2631 3248
1374 2644
803 1819
1802 2336
592 1722
2496 2981
1498 1789
1291 3122
544 1726
517 2423
1208 2005
2563 3057
342 1997
198 204
1549 2313
2257 2328
2024 2026
294 512
422 2295
84 713
1383 1572
730 2714
91 415
401 1819
617 3606
906 2623
38 2762
1668 2186
1594 2822
2371 3711
477 1438
234 3599
1281 3281
734 2148
1411 2940
1283 2519
1683 2008
770 2236
2521 3899
1137 3004
1140 1498
1528 3290
2003 3456
1528 2320
2945 3546
217 476
2248 3719
28 273
135 1810
1212 1248
2610 3190
1011 3423
286 3329
622 1419
393 1339
2766 3439
900 1033
1544 3657
1412 1507
1686 1888
996 1611
1292 1678
3392 3493
1041 2376
807 2658
870 2021
1168 1301
2004 2793
1671 2446
1558 3687
919 3491
2142 2150
227 1731
2869 3773
1900 2192
321 2608
2369 3541
3452 3863
323 3847
1829 2138
2192 3726
1202 3761
232 923
1162 3153
1389 2920
1430 1669
821 1745
3079 3428
1303 3448
1471 2331
2919 2981
590 2837
1061 3875
2419 3378
3623 3890
1102 1399
703 3594
502 1690
83 2590
2379 3317
1050 1554
1836 3811
143 884
1771 3151
2233 2407
3060 3333
2396 2921
176 3056
2189 2843
524 3304
634 939
869 1500
765 1009
2410 3538
1191 2247
716 1827
2049 2559
34 2138
1425 2094
1226 2885
2302 2650
2592 2727
2591 3793
1107 2961
126 1283
477 542
111 1737
1450 3345
368 788
2347 3167
1024 1611
1764 2684
123 2920
1688 3407
1511 1910
1843 2223
1483 3339
2608 3402
889 3585
642 3070
102 3004
1551 3794
1668 3149
84 1842
1108 2696
968 2563
1224 2626
1135 3319
233 3359
1020 2971
111 324
910 2194
130 1737
330 802
1890 2672
2156 2709
1062 2873
6 1961
11 3513
1520 2110
160 2100
2614 3261
1052 3531
2599 2730
2951 3070
1110 2321
676 1311
1429 2442
3488 3649
591 931
106 1681
1115 3546
2961 3906
1141 3369
2661 3511
2777 3297
1767 3459
486 3281
735 3852
816 3678
1112 3600
1048 3789
1116 2756
3448 3874
1977 3109
1770 2731
2328 3417
1483 1762
1293 3867
693 1393
1356 3877
2404 2640
1210 2138
40 3033
423 1398
1235 3210
3336 3800
368 797
2034 2135
400 2025
745 938
13 541
1513 1968
1887 2194
1766 2846
1760 3687
3152 3705
443 2616
564 2762
845 1963
185 3882
3219 3619
596 2310
900 1122
2431 3853
2688 3082
2771 3177
622 3612
663 2425
1840 2185
922 1675
676 1743
2259 2766
511 3757
699 2599
1291 1673
1704 2083
256 721
267 1114
479 1795
1816 3491
1429 3628
1657 2246
2709 3680
441 2751
3268 3588
1043 2785
1058 3110
117 2994
1500 2787
1064 3557
213 1235
3579 3792
224 3689
1294 2593
1776 2564
709 1978
825 3061
925 2919
329 940
198 3077
413 2483
2367 3630
2541 3706
753 1518
1791 3524
412 1718
524 1455
11 3234
458 3890
1971 2838
563 1282
150 2754
698 2170
1236 3444
490 3070
1315 3526
747 3123
3283 3663
1604 3016
3532 3716
1127 1812
1675 2682
1843 2640
2502 3483
176 2505
1281 3036
1943 2613
4 1836
1979 3328
2874 3762
380 705
3156 3501
2240 3569
1418 3282
2239 2861
390 1711
1686 2957
916 3119
1257 1707
1007 3538
991 3263
1132 2706
160 302
310 1071
1683 2285
2357 3184
367 1200
1571 2476
2648 2745
2473 2885
1956 2194
352 3819
306 2034
490 3519
416 1423
351 3778
2170 3337
407 3088
183 3228
2478 2711
2183 2926
2617 2817
1736 2588
11 1655
2431 3251
645 2938
469 2930
304 1212
1465 3362
2721 3191
1453 2017
2328 2475
1036 2072
740 2051
825 3380
1606 3468
200 2078
1245 1301
293 1812
2149 2181
442 3009
1749 3809
509 2130
244 2821
371 708
85 309
315 1796
14 3389
2650 3720
384 3153
2434 3877
383 3188
3471 3823
682 1102
1843 3511
876 2846
808 2092
198 305
1543 2247
1069 2581
1196 3751
2295 2852
1554 3345
658 1903
1168 1904
893 3456
338 1903
2075 3545
934 2217
1730 3483
747 2380
276 3437
267 3067
1717 3253
521 1239
2049 2395
2124 2263
2632 2635
1024 1028
1396 2817
2353 3139
373 1626
434 1151
1383 2681
1991 3891
1182 2515
2355 3572
1861 2449
315 970
1245 2572
233 537
2585 2592
2412 3698
1899 2595
3161 3355
176 3790
1618 1953
2530 2771
838 2052
812 1890
1806 3816
457 2325
1026 3622
533 1197
3153 3419
607 2778
1938 2005
2313 3375
521 676
881 2437
1818 2012
1605 1946
818 2472
297 3789
1776 3722
3587 3880
1135 1930
276 3753
160 2129
182 194
275 1365
3146 3649
520 3001
3627 3877
773 3358
162 1646
2383 3534
1010 3309
429 2017
2123 2499
3182 3483
1289 3771
2037 3682
3879 3886
939 3120
462 2288
679 2596
9 24
135 1942
655 659
2425 3622
843 2542
2541 3357
2202 3673
583 2837
1887 2542
1853 3742
541 1938
1118 2139
547 3731
821 3609
378 2219
2595 2898
1026 2055
29 1866
2593 2767
241 1990
3119 3622
577 1377
1132 1646
1589 2553
1903 2429
1379 3594
3259 3367
2036 2189
962 3108
309 3081
230 3113
2143 3864
1574 3068
1402 2987
1293 3467
2648 2941
758 3546
1306 3875
3481 3779
2743 2765
1467 2873
442 972
2114 2663
52 3280
2651 3609
1201 1490
1784 3191
980 1698
2388 2779
424 1981
237 1480
985 3252
265 436
1724 2973
489 1210
601 1195
608 1966
448 3219
240 3241
640 2650
422 2779
862 3330
260 3194
1058 2831
1345 2402
1084 2634
2307 2480
855 3538
3444 3766
3632 3852
660 2210
97 1328
2485 2570
192 476
254 3462
352 3267
2394 2483
653 2212
1726 2816
2140 2209
1020 1608
156 1798
1850 3568
473 2771
8 347
1020 2208
2008 2546
512 3230
2594 2624
297 1791
297 481
1914 2962
1174 1302
330 592
1437 3201
3293 3698
974 2483
1168 3083
1620 3089
1396 1721
1215 2817
2123 3697
1264 1486
1642 2157
3107 3728
3106 3389
721 2853
950 1115
511 984
414 773
108 1325
1344 1644
2626 3247
2663 3554
160 3767
845 2822
1371 2784
950 1040
1648 2017
599 1104
2510 2587
384 1432
260 1338
2252 3283
2563 3517
235 2917
622 1257
511 2678
1532 1955
488 3788
375 704
709 1290
1301 2263
74 2826
2308 3711
3500 3519
502 3095
2888 3258
1636 2581
2175 2446
595 3794
1064 3645
1429 3416
380 3872
609 1932
639 1635
2369 2488
638 1052
54 1264
761 2866
489 3319
408 3435
91 2118
1043 2322
3141 3751
1618 3395
761 1834
1155 1850
2685 3242
121 1444
466 3244
1336 2270
436 1210
1692 3226
696 1416
436 2158
2542 3438
1048 1853
177 1293
1197 3166
700 2677
1411 3039
1820 2184
1411 3175
2696 3847
1639 1735
862 2618
3297 3625
1036 1808
810 1117
441 1082
1992 2012
312 1600
1955 2859
2646 2734
1802 2352
2006 3462
422 1644
200 403
286 490
2960 3875
2476 3670
1482 2980
1557 3862
479 2159
662 1766
91 330
745 1460
1013 2920
1688 2500
1000 1914
393 1729
916 1835
342 1994
2705 3647
704 1368
1757 3197
1784 2633
560 786
82 1046
1681 1997
1692 3737
1477 1505
486 1747
838 2205
277 1368
1509 3374
416 556
1102 3281
1132 3289
1949 2189
10 3309
798 2376
369 3819
3347 3682
819 3305
818 3243
1887 2733
1600 2822
934 1914
1531 1792
2123 3544
422 3665
2581 3768
1910 2218
637 3665
1036 2544
1935 3335
950 1697
992 1867
969 3191
1620 3566
279 2096
1584 1620
16 535
3690 3727
24 3846
1703 3654
416 1815
368 2044
400 1165
3482 3654
128 479
1134 1985
159 3744
1421 1675
856 3416
63 2008
323 3723
1197 2539
870 3158
3164 3423
131 1683
285 980
1495 2643
173 802
1301 1890
107 2141
2864 3600
158 1201
260 1037
716 3029
145 3837
598 1046
2314 2869
162 1051
3257 3503
3191 3787
934 3529
687 738
257 2854
48 2908
272 3828
863 2423
2460 3794
369 2166
1639 2071
209 683
2615 2688
1624 2269
3531 3596
373 2093
1992 2975
330 2397
329 2851
833 3293
2665 3674
2138 3003
1113 3032
3043 3564
3348 3610
2231 2309
1853 2689
783 3170
2953 3423
1708 2596
591 1664
767 1644
900 3005
2954 3599
3292 3474
351 2952
742 775
3155 3274
2012 3787
342 1588
372 3258
185 2842
2296 3833
1619 1790
1115 2541
454 777
2307 3460
2684 3763
159 2012
992 3883
2609 3639
2495 3070
310 2428
1246 2921
470 3813
175 1571
263 2640
2788 3689
932 1678
1210 3687
308 1957
1910 3007
1620 2662
1031 2816
1590 3694
900 982
343 1638
493 739
151 1529
1771 2636
3223 3327
2928 2999
1618 2601
561 1106
638 2780
2809 3283
75 2379
489 791
2267 2511
975 2734
711 3809
830 3521
702 2426
3244 3332
481 842
796 1200
1926 2643
2846 3435
714 733
2817 3224
1789 2174
808 3789
1106 2172
1931 2784
1239 1406
2792 3689
1197 3235
426 493
1079 2895
1433 3465
2471 3248
2697 2769
1911 3679
1525 2476
534 2870
889 3049
2501 3415
496 3188
775 857
714 1694
2902 3670
734 1193
356 2616
2240 3609
165 194
543 3309
646 2464
3246 3326
777 2936
74 243
1193 1291
1738 2696
2496 3080
1206 1522
660 3319
2733 3346
638 1073
219 1790
964 1024
632 1840
1504 2725
1857 3202
1094 1874
1220 3622
5 730
1487 2157
1104 2456
186 2594
1441 1671
1943 3073
99 756
194 3894
482 2538
194 1225
2616 3303
2022 2736
2858 3297
1212 2076
1574 2835
359 1957
1600 3631
1005 1202
515 1441
1938 3389
1199 3837
1060 1674
2277 2397
704 1255
6 124
623 1158
821 3676
364 1219
111 3079
541 1715
740 2490
677 1646
2307 2577
1446 1721
801 1790
111 1450
364 945
2070 2329
1590 2252
3363 3572
455 2652
1192 2325
2079 3889
1578 3088
877 1113
352 2802
1383 2429
1348 2029
765 3685
2870 3259
565 3325
1087 1863
913 2263
878 1133
1552 2705
458 3809
2034 3051
2219 3318
2794 3682
355 2120
1206 1579
862 2645
1118 1204
618 2840
373 3514
442 1347
131 1272
2926 3668
839 3220
2484 3282
770 2461
3107 3858
1741 3670
3649 3865
190 940
2416 3516
189 1940
2568 3879
2019 3284
431 3805
2508 3247
1276 3284
2429 2930
2677 2746
2381 3282
793 2323
718 3254
2938 3157
458 2851
1278 2115
355 3277
2310 3428
209 1014
345 2423
70 1600
969 1485
2429 3673
1528 2238
1798 3536
1459 2181
1337 3139
996 2255
786 2904
3111 3274
3208 3246
1725 2854
962 3797
142 258
1887 3360
2609 3379
967 1462
860 3688
1624 3058
2374 2635
307 1730
214 647
1336 2018
272 2865
1383 3902
24 2909
2310 3748
233 1330
244 3151
115 868
785 1911
1266 1802
2248 3718
1181 3199
464 3521
424 1951
1409 3686
518 2231
946 3196
2007 3253
1832 1966
1132 3340
1873 2142
1196 3452
329 1087
436 2360
449 3615
1758 3305
1366 3354
1902 3516
736 2142
691 1444
324 3395
1812 2890
380 1709
1072 2721
351 2550
404 509
531 2837
2379 2876
323 3098
460 2437
3031 3207
412 3552
1178 2414
134 1168
2594 3845
2157 2775
991 1469
1768 3693
552 1021
44 1000
1157 3627
934 2557
1923 2553
680 1291
1020 2940
3041 3153
666 1571
159 948
805 3462
2449 3160
155 623
1295 1403
1450 3627
2829 3837
2674 3542
648 3462
507 1884
1224 1781
471 1864
112 2511
2095 2159
227 3830
2058 2265
476 791
2529 2922
2840 3678
2189 2883
1117 1763
1799 2413
924 3184
209 1833
661 3562
2081 3420
288 2058
1141 2047
220 2685
825 1194
441 764
2517 2677
992 1093
2813 2837
1075 2514
179 1645
1711 3851
1726 3465
1081 1674
1128 2219
2138 3399
973 2159
3138 3353
1380 2075
2279 2383
1120 3508
1830 2965
838 3066
3489 3879
1732 2961
545 2329
1991 3238
159 274
8 1440
1052 2720
519 3219
1531 3315
1940 2257
275 2674
1755 2181
1018 2652
1843 3088
2444 3046
279 1876
3527 3854
1200 3499
1281 2703
2998 3665
1095 3649
1594 3081
227 3410
1116 3857
2216 2973
902 2079
51 1386
283 3257
1538 2885
2709 3118
3246 3338
400 2634
2482 2987
622 978
1089 1750
1835 3135
952 3367
3166 3201
8 1227
2828 3512
1599 3698
2347 2527
1450 1671
1048 2921
1350 1513
35 1110
2058 2626
1750 2014
2231 2420
1772 1835
3084 3127
2346 3599
381 1430
1506 3610
445 2376
1746 2058
491 1325
835 2501
99 1585
3606 3821
3261 3789
160 1417
605 3119
2634 3134
240 774
1862 2005
237 1340
208 1857
1343 3813
377 3840
2721 3262
335 1892
379 3599
1686 2680
2822 2920
1443 3091
471 1742
2189 2289
2209 3273
1864 3689
1130 1711
2640 3125
657 2025
974 1289
726 2231
950 2676
318 2164
2409 3343
1004 3610
2369 3391
417 3614
1756 3614
3691 3839
1016 3328
355 3287
3065 3610
874 1750
138 3519
1334 2293
1202 3775
1897 2711
853 3594
430 3444
476 2487
762 2311
1886 3682
297 2209
2623 3660
1157 3131
1737 3293
136 1836
1898 2594
1607 1780
2937 3311
2057 2892
33 3010
714 2984
3188 3593
117 2090
131 3385
319 2926
1950 2405
1774 2510
526 3311
1393 2819
2877 3665
3248 3819
6 605
468 1289
150 2884
541 3822
1807 2652
2474 3298
1663 3854
456 505
2919 3193
152 2869
1713 1992
58 528
1523 2201
431 2104
275 1610
393 930
130 1966
33 2089
323 2507
1641 3693
300 628
1239 2611
268 2855
2122 2425
885 1289
2538 3422
1132 3502
753 866
248 1464
3354 3815
580 1789
3432 3654
1428 3891
237 3548
1799 3237
3044 3657
2067 2313
975 3362
225 1212
3475 3546
89 833
1434 3678
1424 1903
1639 2009
1604 2694
2443 2593
655 2853
149 1140
2079 2257
100 3184
2109 2397
250 3354
256 3508
499 3891
721 2840
1464 3703
350 1293
246 3681
486 2204
2973 3575
2715 3564
876 3342
732 3751
3088 3245
1732 3184
1711 3196
318 339
268 557
1302 1408
318 2959
1002 1736
99 1740
477 3093
99 986
734 3294
3364 3695
137 1403
2565 2725
450 481
2173 2541
497 977
1282 1493
420 1815
1984 3731
172 3491
487 2170
103 3813
815 1118
512 2574
150 1822
2036 2908
15 607
1196 1444
777 3069
58 1308
1505 2520
1273 3291
1803 2446
1025 3854
878 3454
1193 3119
377 998
1432 2990
286 3130
535 3637
380 1461
2296 2862
2325 3659
2622 3455
2231 2245
480 1020
718 2722
2347 3619
2317 2521
740 3905
544 2261
342 915
747 1090
544 2918
2603 3070
1176 2997
1577 3508
512 3269
591 2215
1173 2370
1109 2083
2582 3107
1265 3578
1312 2219
1587 1590
1319 3587
2542 2914
373 3786
477 1027
678 2940
261 1654
2840 3792
27 3597
594 2402
1971 3872
1077 3614
268 2800
2485 3411
2191 2693
3293 3870
264 393
1131 2786
129 260
3112 3452
318 1193
738 2832
807 2637
793 2844
2123 2653
3121 3695
174 2786
202 3247
465 1046
2285 3447
2737 3127
708 3081
969 1844
178 1692
2961 3560
94 277
551 2913
2822 3793
322 3572
1179 2213
724 1721
852 1362
406 3875
1271 1645
1291 3414
1932 3595
1225 2608
2593 3635
228 3691
1849 3228
1275 2240
99 2841
1166 2921
1957 3847
786 2905
273 3387
2911 2921
962 1547
431 3064
37 636
1301 3615
2529 3528
1249 1282
1134 2586
752 3531
1183 3687
366 3031
655 1049
201 3511
269 1136
140 2514
2 2294
1554 2392
332 3253
385 570
1674 1990
933 2705
2433 2858
2666 2797
1096 2595
128 478
1270 2510
1998 2705
1047 3600
1124 2663
30 1957
904 2677
808 1594
576 2828
852 2476
702 3031
88 2285
1734 2248
2485 2691
1302 2333
1195 2190
346 1523
259 3751
1541 2930
1514 3910
130 807
420 3078
520 3641
527 3247
1409 3313
1853 3738
115 3214
2628 3274
188 1529
2369 2683
980 1837
1603 2861
606 2551
50 3280
847 3594
641 2709
3424 3800
2439 3519
793 1850
1789 2242
2297 3793
32 2194
611 2285
277 1385
1159 1471
684 3386
1440 2379
1632 1998
2200 3519
856 3216
3268 3651
628 1052
1269 2873
3113 3470
2106 2623
3421 3627
1056 1444
2669 3153
939 1976
256 3456
400 2697
1457 2614
387 3809
1848 2743
1864 3654
930 2141
260 3081
1557 2197
2709 3198
1654 3395
49 1571
8 57
709 3740
1971 3406
1455 1556
754 3343
1026 1442
2516 2529
386 1616
2036 3304
521 3362
431 3377
862 891
451 2294
833 993
2521 3393
1058 3345
702 2029
1525 3613
1691 2895
555 2870
1021 1153
3188 3271
1336 3895
2296 3819
807 1415
2141 2298
1624 1683
673 2854
1225 3521
675 3670
3163 3297
479 1520
858 1931
83 388
1200 3558
2049 2468
412 3320
509 1998
1542 3526
1391 3138
544 1800
2915 3374
441 1225
60 1799
823 1245
506 1377
865 2296
985 3334
530 1245
368 1480
2437 3831
1536 3568
538 2347
2514 2526
2264 2736
2930 3760
1451 1791
1135 3408
2793 2848
2065 3691
2535 2732
221 2816
548 1483
1179 2891
2698 2820
1277 3711
2313 3092
1295 2677
2548 2648
2616 2824
738 3416
36 1681
1113 2604
2080 2219
2720 3626
3304 3652
2811 3788
1305 2790
1795 3211
1465 2092
284 1645
1773 3244
1895 2538
1332 1966
222 1172
368 2774
2017 3619
1638 1927
2092 2905
1662 3266
467 2285
624 1102
421 3511
279 1449
1289 3555
987 1674
104 117
3319 3587
493 3299
358 1141
1525 3848
911 3139
1632 3580
446 3190
1654 2947
2441 3274
520 1634
2651 3281
1546 1571
325 420
1497 2383
209 2126
1022 1377
1335 1386
2232 2663
507 1553
574 1692
1115 1820
160 3590
258 1346
2938 3090
1520 2871
1393 1491
59 1818
2731 2858
168 3088
2216 2938
1281 2401
3298 3806
800 3751
411 650
792 2762
2247 2268
411 811
2869 3764
3521 3662
2609 3176
423 2254
318 437
439 1212
393 2728
2997 3824
1224 2451
1530 2795
1596 2665
200 2630
166 1403
1334 3129
304 3789
1767 1960
313 934
509 643
1032 3564
84 3212
2734 3143
2721 3898
440 2861
472 2008
1000 1484
889 1396
84 101
744 839
3142 3870
612 1264
2840 3060
6 966
1767 2735
1944 3088
512 1877
1733 3711
1225 2895
795 3127
840 3711
636 2255
1812 3884
84 1864
84 3494
3649 3683
412 560
1257 3688
918 3238
2449 3428
1847 2294
2119 3325
304 2034
1417 3268
1368 1483
3138 3394
2249 3788
3257 3780
258 3093
1771 2810
1784 2830
592 3712
799 3392
2541 2927
1874 3236
252 749
1224 1870
1300 1464
2598 2886
276 1613
844 1736
143 3011
1548 1654
541 2770
845 3487
1654 3168
1146 3362
246 2389
524 1282
256 3716
258 1640
1280 1393
1523 3255
164 364
352 2227
1064 1916
237 831
1058 2768
2455 2858
1860 2453
889 1448
950 3023
1421 1450
1639 3434
1675 2834
1590 3172
678 2046
740 1126
1168 1297
3455 3616
476 1629
603 1517
813 1441
146 1992
2131 2455
1529 2675
1545 3606
1180 1430
1099 1455
770 1115
1411 2391
715 824
1328 1476
2907 3305
2562 3526
2137 2614
384 3182
623 2956
200 3881
3345 3392
95 471
317 730
1211 2170
1688 1914
342 1658
377 2312
111 2092
614 704
636 3180
629 2643
2592 2943
1921 2311
1155 3636
2724 3138
2005 3908
2024 3903
295 3452
850 2725
61 936
42 159
1136 2912
2987 3203
2108 2296
2244 3283
2496 3431
540 2209
1213 1455
2127 2246
607 1397
1966 2458
1693 2008
315 2153
939 1470
1 2711
297 2581
1048 3246
773 3196
1235 1793
1519 2029
2005 3904
979 2426
2908 3873
618 695
2529 3395
1182 2513
2243 2295
1668 1928
309 701
1456 1911
927 2538
963 1328
1669 2329
1836 3741
2635 3553
704 2151
2219 2281
1185 3615
1686 3897
471 2660
2283 2414
1802 2664
1943 3556
373 3196
1105 1711
117 2064
3335 3652
524 1334
833 3132
2896 3284
61 1601
2403 2886
1893 2736
3196 3837
1089 1140
1776 2857
721 1864
615 2405
747 1764
1393 2082
1200 1295
33 2136
839 2435
1327 2423
2407 3259
1751 2596
1915 3792
696 3561
1780 2850
3721 3800
1207 1866
1991 2709
435 2310
2594 2979
364 400
74 2351
130 2790
3102 3280
560 3284
1386 1566
310 2719
3045 3526
974 3491
1955 2963
2733 3871
384 3107
315 827
505 1299
2504 3693
996 2303
80 1036
267 2506
1157 3076
83 1769
1736 2988
684 2784
3182 3819
839 3151
1258 2419
822 3690
8 523
808 3119
423 903
775 1144
610 1525
133 150
286 1175
2241 3673
1179 2641
2479 3401
709 776
1440 3258
587 1235
618 794
364 2304
2408 2433
334 1866
24 605
98 793
864 1835
1134 3907
272 1919
86 1328
280 351
905 1811
1605 2436
702 2869
185 3348
930 3734
1087 3582
2295 3772
340 2892
1165 1683
1591 2521
1281 2361
1426 2820
1008 3630
1688 3896
1730 2972
453 862
477 3842
684 3829
419 2255
1134 1427
3 115
113 2154
753 1363
738 3859
1646 2873
2697 2872
876 2621
1431 2919
442 2440
1527 1857
2339 3360
1632 3059
1455 1637
685 3614
1990 2107
507 3151
125 3562
58 2799
781 2419
759 2094
227 3416
220 1167
380 2462
1006 3223
1412 1871
1880 2510
773 2860
578 3546
1671 2616
1925 3060
2885 3847
1441 2970
2407 3717
702 946
369 3278
481 2833
1744 3468
638 1042
2335 3248
674 3392
382 1483
3238 3576
696 2400
395 2034
2087 3491
240 3388
1142 1530
196 3690
1216 2017
3259 3788
647 3624
2386 3421
1182 2303
2483 3086
849 1412
1091 2425
361 493
591 3652
2459 3004
603 649
1210 1616
3734 3783
2655 3794
1196 1860
2369 3715
490 2294
1146 2596
21 1505
2930 3233
1118 3087
3501 3818
974 1990
1791 3700
3661 3809
3284 3589
83 3543
2246 2685
1594 2216
1624 3145
511 3093
530 2599
297 745
1701 2240
1057 2246
419 1967
2327 3695
1989 3161
971 3630
1441 2523
1286 3258
1730 3390
1030 1557
949 1291
3161 3732
2870 3222
1471 3128
2102 3854
423 3006
1331 3670
246 1186
676 1988
777 2853
2319 3606
3471 3498
220 2932
1396 1737
185 191
1373 3201
2015 3389
2758 2861
1273 3785
1812 2685
530 1151
444 2194
163 852
431 1732
2344 3091
206 3344
757 1707
3000 3190
1815 2851
876 3285
176 1677
2075 3497
116 2790
363 3360
1771 2627
447 2329
2377 3792
1625 2885
3688 3835
2982 3139
694 1757
3154 3420
734 3699
252 586
18 603
2334 3107
520 3312
1754 3615
1681 3451
916 3188
2143 2177
2879 3654
1501 2828
56 3109
3206 3678
677 3140
886 1172
1764 3526
1374 2477
1322 1707
433 1220
1146 3138
623 1850
930 3787
2263 3449
2328 3486
268 2260
2115 2537
1029 2027
2867 3354
2771 3769
1430 2188
3021 3311
2299 3568
2560 3360
1700 3282
681 1645
1083 2720
1230 2581
197 1633
2387 2913
1966 2384
1377 1474
255 1633
2449 3798
2699 3153
878 3609
2303 3448
1181 2252
218 1819
2457 2640
3542 3847
3014 3228
2762 3567
897 1102
246 1611
961 3421
33 1307
277 357
1371 3887
1329 2419
1205 2797
1260 3248
27 2187
329 2419
1104 3741
154 1644
861 1383
39 3033
707 1334
1284 1890
2455 2757
409 2731
802 1382
1529 3116
1611 1874
458 2743
1571 3397
1840 3525
818 2552
2510 3348
1857 3306
1116 3189
162 935
275 723
1375 2307
370 3435
1622 1665
273 402
2170 2257
1409 2178
808 1140
1482 2273
646 3331
1440 2311
2310 3047
898 2479
665 2616
1478 3511
2402 3020
1026 1321
716 2086
1173 1952
1336 2747
2429 3542
237 3574
3148 3789
291 856
737 1790
2908 3573
148 824
817 3788
1444 3361
2083 3035
2870 3136
664 1890
1840 2946
823 3242
1181 3458
232 3322
2496 3159
2216 2325
1912 3870
1043 1804
638 1392
1635 2712
684 1384
3066 3362
1568 1678
854 3448
1116 1962
710 1125
489 2905
2939 3258
2337 3070
2181 3443
1603 2651
818 3116
1858 2828
521 3004
1074 3568
3242 3741
1784 3735
1530 3183
2016 2115
1776 2066
1513 2789
502 2362
802 2163
3109 3148
524 3274
871 1819
2705 2847
1615 3305
718 1901
1422 3448
1668 2639
1934 3508
2272 2502
2965 3601
490 1639
1220 2924
1182 1309
11 3116
348 1064
10 1029
516 1283
368 994
25 2383
2729 3521
1707 3426
1064 1164
1325 2207
1298 1632
1119 1820
1896 2514
2580 3678
786 1914
566 1620
2492 2553
2697 3019
505 1466
2797 3510
476 2845
2039 3328
296 3423
236 310
620 2874
128 2063
128 1324
384 520
2075 2282
696 3416
2558 2693
777 3774
1273 1612
83 976
734 3607
3435 3466
750 2449
424 2667
2554 2743
838 3618
323 1263
1582 2596
1089 1574
1259 2938
927 3127
2731 2968
2079 2533
1280 1911
939 2950
1790 3669
2160 2246
1141 1732
2886 3293
535 1732
3314 3435
539 2141
1679 2608
2693 2856
1063 3852
716 3622
91 2099
237 1121
1212 1748
958 2328
1480 2437
1479 2917
1957 3427
399 1971
301 2635
761 2088
1604 3495
1151 1217
3105 3877
985 3169
1998 3079
1835 3817
1736 3750
507 514
195 1721
2159 2162
567 1574
1528 3081
2494 3219
1262 1604
2779 3162
804 2614
1974 2965
58 1684
969 1252
2329 3656
373 3405
559 606
853 996
1143 3468
298 1125
524 1633
1265 1672
328 2908
1797 2407
1293 2012
647 1939
1605 1875
2431 3200
1618 1945
232 2198
1695 3481
424 1809
1662 3702
405 2240
708 1059
135 1189
1195 3373
2001 2501
1650 1730
2347 3276
765 3634
2275 2919
2732 3850
1707 3300
773 2493
377 1997
2766 3453
200 249
1757 1950
2437 3215
392 3139
1169 2397
3442 3910
490 3182
573 1867
916 2711
502 3802
837 3161
1364 2720
3050 3690
3144 3910
560 765
53 1857
19 967
2354 2563
419 2274
1554 2916
858 2142
1874 2491
1141 3827
807 959
1471 1881
2509 2595
1136 3838
618 1198
535 554
836 3152
944 3298
200 927
275 779
62 991
278 3879
1253 1675
2414 2536
1736 2674
1326 1911
416 2385
509 3617
436 3097
1196 1530
1557 3173
1831 3452
709 2097
1603 2987
2025 3834
2061 2329
369 2056
1753 2732
1125 2062
1757 2978
1471 3017
489 3259
1195 3186
2224 3657
1616 2301
1616 3549
1557 2255
1421 3344
960 1820
3435 3782
1669 3542
2155 2192
486 2469
1947 3800
1505 3855
1089 1264
1943 3349
1799 1964
1273 3604
1224 2578
176 1098
2032 3716
1351 3852
1328 2117
814 1179
3253 3652
1021 3807
185 2228
729 1633
1481 1590
115 560
1903 2214
653 1452
529 2223
68 2874
2311 2827
858 3693
275 3638
1222 1282
3282 3535
1029 3034
530 2693
1154 1892
462 1602
1959 2797
1203 2479
2989 3223
969 2753
360 2141
272 1440
1220 2498
2431 3256
1806 3209
653 3279
2310 3264
2629 2917
122 2595
783 1053
2514 3348
654 870
1045 2696
1354 2426
505 560
326 2541
497 2821
492 2295
716 914
119 2397
1149 2479
385 1256
704 3413
1179 3318
1463 3654
1196 3362
1146 3113
1370 2295
1851 2693
2798 3792
2674 3630
2251 2895
489 2476
1645 3037
120 420
692 1632
513 623
1533 2247
689 2553
628 3876
887 3223
1116 2760
1181 2315
20 3360
1241 3284
1777 2142
1023 3508
1662 3441
809 1711
992 1824
330 2049
946 1052
1021 3382
282 2402
1633 3506
546 985
588 1155
1857 3318
521 718
926 1784
3507 3734
418 2820
717 3501
745 3288
530 3033
573 2286
603 929
304 1116
676 1234
544 2167
1624 3825
1141 3799
1181 3749
10 3562
1488 1903
3062 3392
316 2816
954 2446
1516 3309
10 3657
10 3091
670 3870
2313 3081
507 3781
738 2887
541 1233
91 2234
3374 3710
2969 3268
1786 3033
2688 3901
436 2710
441 2752
1358 1639
2808 3615
2307 3205
2079 2901
773 3351
2252 3119
1798 3395
1450 1480
942 2079
2290 3031
1766 2206
500 1590
1622 1712
753 1237
61 2368
2189 3533
1001 1325
24 1727
1739 3462
99 975
2917 3577
3682 3872
1017 1403
562 3481
2476 2965
209 916
1317 3421
2123 2324
1111 2874
1801 3813
315 3310
27 635
581 3594
198 1035
769 1110
1165 3619
832 1386
880 1283
834 2437
1264 2649
1151 2432
1840 2085
2040 3562
2365 2640
3113 3396
2303 2511
714 2417
3004 3403
3060 3275
1789 2825
1103 1992
91 669
1295 1692
2330 3599
2572 3910
1526 3630
786 1850
1155 2958
2425 3713
690 3716
852 2033
384 1932
411 1378
161 2483
262 573
2165 2854
2349 3673
2426 2531
2663 2785
1325 3784
1334 3429
828 3910
2567 3568
1371 3704
853 1471
745 3565
194 1361
825 1210
135 901
3246 3810
327 660
628 3231
1911 2713
114 870
1125 1218
423 3672
304 775
1616 2944
1417 2651
1785 3335
2589 3734
953 1135
495 2521
1669 3879
1611 2307
1087 3240
113 149
3693 3730
2338 3794
3308 3531
2311 3265
1043 3620
24 281
1885 2705
1950 2431
892 3587
2433 3072
660 2262
934 2256
1865 3190
2822 3538
1480 3280
244 2981
2828 2846
232 579
908 2414
1644 3540
411 981
1764 3304
2612 2874
1780 3609
2687 2861
1086 1523
755 1525
1325 1661
2654 3280
1811 2556
90 1955
1110 2572
1181 2868
1811 2113
493 907
1699 3046
2431 2571
1106 3741
3148 3328
1138 2025
1245 2416
1404 2684
242 2593
1564 3456
1371 2525
2194 3796
2043 2732
2962 2992
1067 3531
535 1473
818 1244
2083 2216
3093 3161
808 996
708 2393
198 1499
314 2017
1528 2985
1200 2010
985 1843
1799 2977
772 3687
1676 2614
3171 3219
3296 3800
1435 2869
696 3074
782 2790
2771 2940
1429 1667
309 1160
3360 3370
1782 2926
2983 3257
1633 2427
1531 1909
1000 3321
3238 3611
1997 3228
1104 3869
324 3872
927 946
2511 3025
2305 2511
1165 2858
975 1125
2222 3665
1867 2143
2529 2575
1750 2894
943 1529
1220 3843
2796 3594
3075 3852
244 2785
2028 3060
2029 2763
1998 3649
1052 2736
310 3428
6 1550
184 1374
3055 3572
791 3305
1618 1659
1157 1494
3063 3813
1155 2176
783 2421
655 1468
872 3247
2405 3795
2115 2416
194 3383
778 2734
2397 2569
1265 2784
2253 3335
1818 2292
1152 2973
240 3250
1235 3191
550 3731
751 1201
1454 2928
2031 3201
1353 3091
686 2433
1823 2419
1836 2718
946 2940
2511 2549
1775 3600
997 3420
985 3832
1376 1853
3456 3650
3238 3736
128 2991
1245 1646
1026 2287
1161 2861
3261 3481
1520 3492
1393 3754
1048 1605
1635 1906
2115 2168
1892 3133
1134 2216
92 1036
1710 3031
748 2248
2020 2736
603 2532
2846 3420
1374 1417
714 2933
93 2592
802 1139
655 2806
394 3344
481 895
1214 2049
512 1396
385 1611
153 824
900 1498
3376 3689
220 3463
1954 2828
458 1943
1238 3465
1314 3519
544 3911
115 425
2255 3311
2143 2503
220 3085
2426 3094
1922 2965
760 3374
1195 2098
1887 3242
320 3367
61 3381
1983 2157
1609 2928
1268 2313
273 349
2889 3890
355 858
618 2345
763 1172
1132 3301
1680 3091
646 3323
2145 3531
3201 3227
1894 2938
96 1087
1058 2899
951 3516
1620 3196
1846 3665
2223 3861
2987 3791
2359 3695
207 821
203 2608
2647 3152
802 2343
917 3004
1874 3052
1814 2159
1689 2648
626 1021
1029 2035
1173 3866
3166 3374
807 1445
1496 3870
1024 1387
47 3421
286 1986
2659 2734
678 1728
3248 3598
3261 3468
252 1232
180 1766
770 3849
1500 1581
625 1990
441 1592
2594 3619
1600 2619
2576 3587
1046 2481
1855 2223
823 1931
1265 3696
2648 3293
734 3484
1997 3542
592 3286
706 1136
1554 3671
1257 3242
896 3305
267 2467
980 1231
2786 3826
1206 1410
1854 3127
1170 2502
1882 2733
240 1065
2542 2547
1649 2029
169 1600
1683 2786
937 2921
672 3392
289 3698
912 1513
1333 2886
2853 3875
1941 3614
1323 2240
331 2024
806 2913
1671 2414
899 2920
209 3015
1905 3452
2485 3539
3249 3298
628 995
1043 2692
1302 1489
2445 3491
2132 2542
1125 1583
162 2512
621 3367
342 1092
3228 3603
1515 3538
227 2358
668 1430
510 2075
1674 1761
766 845
2720 2801
1638 3724
1737 2626
251 505
1938 2376
1190 1860
2382 3292
110 355
1890 2931
2501 3281
2853 2926
605 1799
956 3877
1688 3476
1400 1910
459 967
1910 3759
2479 3433
2030 3184
1447 1955
2701 2987
330 1140
618 2042
333 1224
883 2449
139 1874
1867 3282
1752 2024
761 3627
1015 3109
2592 3820
607 2761
143 2036
1115 1165
1563 1957
2817 3418
916 2793
45 2485
1512 2383
412 3584
3008 3657
1789 3195
536 2311
1390 2734
2725 3709
1554 2112
3012 3689
1229 2609
2652 3428
2402 3675
731 962
2430 3219
3477 3690
1145 2599
651 950
575 2816
1991 2688
1605 2068
1223 3572
3138 3430
1707 3633
2406 2688
627 2405
1883 2892
622 1660
1239 3239
442 1764
69 2837
2226 3695
889 2060
497 2463
521 3852
131 3745
718 1388
74 1914
2584 3456
113 1651
630 2663
2045 2854
271 2501
256 1776
2726 3809
423 974
1821 2143
591 2702
1368 3794
2192 2579
1413 3564
2614 3646
1622 2399
1336 1417
1868 2930
2878 3891
2328 2783
351 728
252 1723
309 1567
81 1820
602 825
2545 3343
2237 3257
22 3031
1932 3707
696 1595
311 2908
273 2707
3179 3280
258 1019
879 2790
1146 2913
2415 3657
838 1251
