3609
414 1952
1394 2610
875 3048
120 3486
615 1319
1085 1120
2029 2737
1405 2980
1015 1832
706 2217
540 1976
1595 3147
536 3070
2185 2924
1995 3190
541 3108
1766 3155
134 3342
1999 3119
1206 2406
86 2736
833 3303
993 1973
142 3293
650 1960
219 1785
160 2581
381 2732
510 1209
2568 3589
944 2407
159 2902
892 1129
1520 2808
3394 3405
1567 2529
1414 3267
1497 1990
2004 3312
1347 3267
1410 3378
2325 2368
689 2568
269 3066
154 3447
1263 2204
1433 1978
849 1380
726 996
578 792
1395 2110
2406 3284
2724 3237
251 827
1646 3195
2545 3091
929 3023
244 2568
1566 2556
1005 1414
1241 2046
2441 3055
1664 3573
2455 3348
487 703
2163 3356
1797 2413
1145 2579
2000 2963
2360 3410
574 1246
570 3195
1422 3300
1873 2780
14 781
2320 3536
2897 3082
2169 2919
173 899
2143 3423
196 275
3569 3578
1277 1783
586 2568
1074 3355
112 542
2111 3044
1715 2872
2034 2685
3458 3580
1008 1719
207 3182
2732 3162
1703 2594
695 1668
1314 3302
1729 2980
898 2710
1361 2131
2780 3042
1572 2556
1763 1890
263 3363
1899 3493
286 1268
94 3457
269 3122
474 1854
517 3463
528 3329
417 1817
1893 1965
565 2543
787 1863
414 1016
1782 3377
2572 3140
1814 2316
1527 3184
1859 2412
362 2982
2353 2380
2028 3301
2358 2744
479 739
1136 1969
248 638
873 3133
1687 3357
969 2404
414 1714
206 510
807 2174
997 1453
721 2455
1879 3044
396 3205
49 2967
1766 1822
1482 1901
2761 3229
1689 2120
2883 3042
2754 3247
781 1032
1348 2376
2579 2697
96 1673
1048 1809
619 2757
1293 1453
941 3469
597 2556
2780 3145
837 1543
1491 2264
1402 3327
2543 2780
2031 2355
3129 3179
1601 2855
2441 2735
297 2355
188 414
49 3347
1115 2289
2527 2759
1703 3386
2441 2597
2647 3485
1999 2346
836 3001
1768 3254
27 3175
2780 3219
958 2997
35 3426
2657 3426
670 1005
1402 2336
332 2545
1941 2871
2185 2568
1150 3541
1796 3486
470 3296
255 2075
2027 3305
1990 2580
1663 3054
2406 2556
2300 2561
134 3289
2002 2947
2684 2780
1327 1941
550 680
499 1127
1606 1701
1380 1659
367 1687
2008 3059
1845 2780
2132 2175
2247 3466
510 2665
578 1359
973 2209
1243 2534
1322 2025
2289 2556
1902 2646
1234 2316
1118 1473
78 3446
775 3285
1098 1788
1817 2971
258 2109
1386 1951
255 945
288 2556
307 1005
528 3448
1396 1943
357 3424
775 2245
831 1783
906 1808
1367 1569
613 3181
154 3435
2073 2109
144 578
672 2614
2187 2742
243 726
286 2363
1463 2236
2406 2452
741 1520
2249 2568
2311 2915
1790 3075
1410 3259
789 1966
2770 3486
471 1465
1118 2295
502 1269
1963 2234
568 2568
775 1052
994 3296
474 2339
1221 1973
1103 2579
598 2614
449 2325
638 2116
747 1043
1614 2085
1594 3142
2170 2745
875 2327
414 914
1376 2972
126 2406
1882 3575
1459 2744
1385 2610
3001 3035
662 1808
159 2205
1026 1471
1493 2074
1088 1947
379 1172
474 1061
1675 2545
419 3500
1811 2166
474 1212
2340 2431
750 3549
784 2380
960 2744
1166 2481
1016 2244
1941 3057
1766 3307
594 2081
3404 3492
2109 2738
1465 2308
2150 2579
1383 1517
943 2110
689 2209
2166 2711
1941 2909
68 1911
732 926
1488 2337
1215 1909
1614 2785
1582 2914
233 540
1773 2737
1706 2052
2732 2850
174 678
929 2933
2049 2924
1738 2217
1780 2415
951 1844
2020 3069
1275 3328
1703 2017
640 3195
295 1628
1004 3538
126 3569
2109 2908
1539 2309
2218 2244
300 1768
1810 2568
684 1867
160 1391
511 2292
2938 3195
474 830
920 988
109 2315
732 3413
396 634
2680 3200
1338 2129
2010 2722
1493 2061
414 1119
879 2158
379 3043
2692 2939
1094 3549
354 1295
201 1700
2780 2804
2556 3599
101 2472
324 2339
1380 1599
1410 2471
1153 2227
1748 3328
875 2045
610 3042
612 2616
87 1136
527 2498
1909 2202
474 3302
1753 2548
2758 2765
557 2548
374 1845
1097 2406
757 1719
1498 2227
499 2362
2187 2845
2200 2406
688 1270
909 3544
3204 3296
887 3082
988 3353
321 3147
801 3457
626 1376
909 986
2590 2599
3361 3574
1554 3148
362 2602
704 1701
393 2311
82 1701
255 2958
540 1261
267 2208
1488 2568
2157 2706
201 1093
2802 3216
52 2744
1755 2297
345 3439
752 2512
1703 1818
718 2620
2311 2402
2846 3326
1768 1830
54 711
125 518
2472 2681
2855 3013
370 3503
224 419
2387 2901
475 2197
764 1136
1005 3385
788 1923
2330 2351
78 378
154 957
782 3217
2568 3291
759 2810
1190 2732
612 984
1919 3287
325 2194
523 2814
532 2750
1154 2008
726 1122
1238 1488
2775 3132
72 1763
370 3528
1115 3519
503 3082
141 3303
678 1991
3068 3549
93 2758
773 2818
1539 1925
1045 3101
396 2519
3152 3328
578 3234
301 574
647 1120
68 2321
1638 1782
551 2396
893 2380
349 3070
1144 3574
729 951
51 3363
1023 2173
2578 2852
1319 2816
2568 2758
398 2947
2378 3302
420 2780
980 2959
1141 1669
2287 3399
134 3199
789 2895
1730 2355
1005 2808
1493 3522
1191 3356
510 3480
1120 3571
1826 1867
1456 1714
195 1312
3143 3569
414 2780
2065 3481
2149 3106
167 532
3267 3559
1912 2300
1762 3303
196 2100
362 3421
2233 3514
426 2003
2599 2835
12 1706
274 2158
279 2872
538 2810
849 2732
882 1375
1219 2235
482 550
673 2780
2375 3195
391 1785
303 3072
1034 1859
109 1855
2406 2731
1205 2664
194 1628
1801 2548
1499 2568
1479 2418
1482 2557
1471 2503
723 2158
429 1469
2120 3074
196 339
346 3575
31 3142
205 2914
1663 3263
1999 2140
2212 3561
415 2355
746 1482
682 1905
453 1962
1005 1045
2964 3534
892 1895
2181 2732
474 2039
1137 1540
1390 2624
769 2802
1486 2129
743 931
396 1272
134 1650
3215 3558
240 2924
944 3102
612 910
762 2120
548 1058
690 873
584 2316
857 2515
787 1358
2310 2780
313 2759
2125 2732
414 2230
249 1988
3231 3424
155 1755
502 2531
2651 3606
419 2424
78 124
55 3493
2806 3356
1096 2033
465 3485
2143 2847
1442 2548
96 874
325 2809
2966 3296
2679 3200
1110 3514
841 2780
1917 3531
1684 2009
399 1479
550 1927
644 3493
1817 2586
2300 2473
1478 2355
376 2843
2244 2305
1060 1455
779 2192
245 2209
323 1663
49 1061
1726 2782
779 1326
80 3145
2747 2780
1843 2556
458 1920
1095 2316
1575 2126
3179 3364
396 2084
1575 3310
934 1780
1783 3194
1378 1919
1219 1499
1041 1780
1047 2387
606 1206
372 3580
2842 2923
1946 3495
2206 2961
1682 3424
1941 2409
414 1200
612 1303
1623 2010
2003 3365
2457 3556
401 1433
2894 3302
2251 2973
1135 2846
1433 3557
904 1205
678 2673
785 1457
474 2572
286 1655
877 1575
869 2441
2142 3549
744 1263
1205 1608
948 1706
2316 2666
909 2879
881 2964
613 1645
3082 3395
7 2758
236 3375
1823 3558
1711 2251
547 3473
582 1846
1703 2089
1808 2258
898 3233
1530 3182
623 2844
889 1719
458 3387
354 382
1924 3179
528 576
400 2846
872 3147
1747 2610
1597 2652
429 800
1010 2370
1583 2493
2455 3213
2406 2528
2732 3070
1253 2439
650 2601
1609 3511
444 2003
345 3126
1789 2676
499 2283
528 2669
268 3070
2432 2905
886 2737
345 3243
1777 2406
302 2512
351 696
1152 1766
54 692
518 2494
118 2139
1703 2643
21 2253
2432 3390
1023 2948
452 1767
2234 3484
981 1701
787 1371
871 3471
1744 3145
36 3514
592 3516
175 875
928 2441
1766 2068
1824 2964
1552 2284
251 1006
949 1701
2170 3523
1004 3460
847 1845
169 173
2796 3569
2662 2947
1156 2947
114 2457
48 3184
523 1873
829 1491
1169 2039
2828 3237
1157 2027
408 2999
1074 3083
474 2781
2148 3570
2247 2850
547 1415
105 1789
1077 1491
763 1115
1441 3394
696 1886
49 2461
1611 3608
2229 3511
1271 1570
414 1122
1579 2212
1079 3562
686 2964
1625 2129
1060 2682
724 2143
528 1316
3280 3457
1137 2500
1695 3514
477 2287
492 955
1572 1990
875 3462
414 3415
2139 2604
1249 2910
2266 2370
2009 2447
1664 2365
1004 3028
787 1745
2564 3481
726 2789
1194 2457
1575 1731
2545 3392
1074 1761
345 1483
112 2051
965 2953
311 2472
90 1701
1312 3543
2446 3457
803 3539
929 1388
1257 2534
458 985
696 1005
1037 2170
2137 2512
1602 2300
979 1552
2914 3422
3340 3467
1409 2370
2472 2728
510 1226
1532 1788
1141 1186
330 362
1552 3212
703 1806
3283 3293
234 1367
188 2109
474 3250
2505 2963
1400 3531
184 1843
458 2425
269 1260
474 2732
1520 2301
1482 2249
304 2236
170 2538
518 566
1814 2556
452 2593
2700 2959
791 3590
1786 1990
1376 3491
2996 3514
1 1181
229 3379
1846 3172
547 2734
293 732
327 370
249 2684
2525 3488
611 3267
552 1035
936 1368
613 1304
1205 2030
2568 2841
1586 2846
974 2370
581 1005
235 2432
414 434
1382 1765
1471 3450
1231 3356
1207 1845
71 638
955 3107
678 3502
2556 2639
913 3042
1568 1859
2382 3604
1609 2406
2435 2548
1253 2797
2787 3511
112 3358
1491 3169
2008 2589
1871 2774
134 972
479 1746
851 903
2406 3188
1577 2214
362 2504
202 2517
406 1554
640 1005
84 2568
377 1768
1992 3304
178 2009
994 2732
574 1821
2148 2516
788 2319
2066 3101
303 437
2470 3408
2949 3070
1808 3332
149 2214
1420 3404
316 1004
59 3471
978 2104
259 958
1677 2104
474 3058
625 988
1005 3499
1597 3242
1313 3132
1426 2545
2521 3303
1509 2320
1219 1362
927 3082
3379 3472
1236 2599
1005 2143
1229 1857
2568 2678
596 2370
2272 3267
3159 3247
246 1363
1868 3514
2316 2807
2175 2658
548 1040
286 2342
1962 3027
98 1614
379 3376
192 474
1841 2761
990 2214
1305 2244
238 2732
337 1539
78 3598
1703 2635
1805 2129
696 751
472 1755
1889 1999
1505 1636
1552 2985
1723 1817
1430 3532
464 1015
2009 2186
791 1315
736 2413
112 392
157 2422
1377 1846
1422 2556
2620 3415
27 1379
760 1434
1062 1170
1861 2502
1575 1945
892 2405
1378 2406
817 837
96 193
3094 3096
1708 3371
3145 3592
1909 2913
494 2759
218 857
370 3313
116 2422
474 3593
3312 3583
2306 2568
474 1377
1185 1627
1487 3293
1367 3220
2615 2846
2512 3401
1273 2141
170 1849
2025 3597
2546 3580
27 2069
1893 2464
474 1883
841 1664
2067 3247
552 3389
2234 2565
574 590
315 574
1108 2396
1443 2872
1159 3467
2388 3279
1553 3264
500 857
249 1106
1182 1877
2457 3545
898 1534
789 1813
2520 3465
376 2921
868 2406
1412 3588
1228 3404
2064 3142
96 1370
173 2359
2779 3363
794 807
1639 2325
612 2698
813 2033
1641 2039
619 2848
1567 3380
2043 2780
2224 3531
795 1382
2632 2980
1520 2044
1312 1507
1820 2039
1793 1902
446 3001
201 3437
414 3379
550 3420
249 2830
873 3003
696 725
631 1137
2114 2556
857 870
1115 2637
944 1404
84 875
1466 2842
882 1283
2487 3179
653 2481
511 3429
86 177
426 2556
1139 3132
892 2395
2244 3275
1271 2113
1141 1612
1269 2406
160 844
1465 3393
1580 2234
533 1060
2347 2382
2865 3200
951 2942
1005 1747
1909 3088
852 3161
2802 2932
2288 3082
1211 1270
1600 2413
830 1766
1250 3426
1949 2556
1062 2313
260 2039
909 2042
781 2341
296 2579
2108 2624
2255 2556
1406 2457
3158 3511
16 1697
2094 3411
1136 2165
474 2469
609 2455
545 1636
2250 3549
1654 2257
458 1724
738 2872
2236 2917
1319 2674
1918 2668
1940 2028
2247 2377
414 2934
2009 2611
18 1941
2186 2732
1206 1630
650 3144
1 3219
359 2206
396 2868
860 1004
791 2536
1845 2935
761 3531
1402 1733
1192 1719
76 236
170 2926
184 608
414 2270
1742 2634
2479 3562
200 1992
2308 2732
857 2397
79 1005
99 1465
496 638
1938 3531
184 1713
2732 3364
499 665
130 2544
429 2570
1908 2214
2209 2495
1060 3601
552 3600
614 1290
773 2291
1005 2617
747 1862
1117 2376
165 1319
249 1526
365 2033
748 1763
1621 2169
2396 3546
1778 2534
956 1706
474 706
931 1073
1319 2849
68 81
862 2534
86 1657
791 3384
807 2655
1517 3201
1482 2164
517 2122
2065 2780
255 2151
1696 2803
2277 2947
982 2964
858 1893
33 2732
3272 3404
158 3404
779 1565
2499 2568
682 3221
2556 3305
1919 1996
1957 2170
2914 3552
2456 2634
1112 2247
2654 3303
2360 3253
3044 3553
565 1286
650 660
646 2020
86 1440
431 2236
1064 3379
6 1074
2055 3255
931 1964
676 3539
2396 3346
664 2351
1422 3139
1229 3577
131 511
135 414
677 3575
1005 2315
2010 2082
698 806
1060 3482
212 1780
1772 3044
1919 3370
1798 1894
789 2608
1235 2842
320 2758
3286 3539
782 2582
325 341
2614 3403
1273 1511
1880 2406
1011 1692
2588 3071
1229 2781
3467 3537
307 2206
106 1583
1872 2387
1992 2812
2406 3078
414 629
2120 2598
1199 1488
1489 2556
2695 3549
1028 3568
3170 3539
490 1229
309 837
474 3159
251 456
1382 3008
2417 2910
1005 1195
936 1489
3363 3475
594 603
3029 3394
479 1351
474 2205
1046 2009
1307 1708
594 1285
1553 2510
929 1812
345 3206
2020 2907
1255 1859
389 1430
770 3142
1836 2556
280 479
1267 2780
247 1539
56 1402
2445 2472
2008 3271
89 2620
1749 2556
2406 2645
2079 2761
732 1904
651 3574
1219 2778
2737 3007
1422 1670
2846 2918
1517 2467
846 1990
168 1973
2027 2038
1434 2077
474 1237
299 2370
2166 2851
1206 3024
2502 2857
1300 2214
354 1031
419 866
946 3044
885 3200
246 2713
2287 2986
695 1331
810 1704
3303 3498
863 1690
1866 3312
971 1892
334 2387
252 2325
2556 3512
1593 3471
362 3508
148 3082
778 1271
1213 2525
571 2149
548 2600
154 2650
589 875
2244 3136
1341 2406
1263 2541
414 2554
1915 2404
2890 3465
2360 2427
319 3132
1012 1611
26 269
54 1323
1069 3075
1545 2780
2410 3237
517 2400
404 810
2423 3195
1563 2010
1763 2023
1423 1554
787 3535
60 2236
2237 3363
2268 2544
1005 1947
2251 2269
455 851
3147 3398
2893 3184
2943 3580
256 2964
2588 3560
878 2939
2732 3348
66 703
303 2419
159 451
901 2432
1410 1749
136 785
1736 2208
955 2390
160 1274
2028 2817
1448 1663
1592 2104
673 3001
396 1425
1330 3190
1185 2530
474 2372
2404 3468
907 2335
892 2981
474 1437
201 2805
1845 2896
4 638
1030 1941
1005 3602
101 474
1140 2810
1005 1794
1005 1370
1143 1845
179 594
787 3065
1141 2900
1453 3018
2265 3101
737 944
1461 1706
565 583
2143 2216
187 958
1141 1217
1164 3145
837 2645
1060 2514
1847 2889
941 1384
2568 3051
2924 2945
671 3467
173 2703
2470 3137
1136 2524
1424 2028
467 3424
443 1780
929 1437
375 2020
181 2685
555 1453
2169 3193
468 1708
2114 3588
2732 2798
565 1632
1918 3118
2957 3465
466 2872
1453 2050
2794 3516
506 3486
1005 1598
1629 2759
1311 2780
1005 2920
617 1482
971 2623
599 2959
931 3092
154 3432
67 2020
965 2723
2 732
1429 1552
3075 3235
1847 3584
2251 2491
2120 3164
326 2253
2558 2732
1421 1782
2478 3373
159 1160
1222 1867
2525 2769
141 474
2523 2548
1022 1233
210 3426
2651 3530
532 1784
1241 2820
1051 3575
1755 2904
1456 3581
2148 3207
1676 2914
1706 1929
2671 3082
440 1902
2629 3514
92 2610
1294 2694
469 2872
2093 2732
650 2057
3349 3379
2170 2259
2507 3465
405 3394
1184 2534
2690 3145
2660 3588
1309 3303
523 2275
819 3511
414 1393
2508 2651
1654 2496
892 2771
276 1430
2099 2300
1859 2406
202 2223
502 2282
688 2556
2842 3100
1290 2928
1150 2448
2212 2563
134 3076
1018 2311
27 2659
1386 2733
1433 2760
3070 3090
1944 3424
958 1651
1229 2195
2003 3202
788 2596
2117 3296
1005 2532
86 1528
184 1842
3 3394
348 1386
715 1137
1513 2382
1764 2169
1544 2247
68 2568
2555 2599
820 2320
3303 3483
1474 2380
1622 1847
722 1788
2386 2478
806 952
1005 2360
835 1022
1017 2033
1137 1502
65 1663
86 2322
271 3467
2090 2651
388 810
1950 2267
1913 3356
1554 2465
1220 2335
548 798
1850 3292
1597 3224
74 3574
2803 3474
1068 2396
747 2401
1909 3367
1137 2018
480 678
1514 2033
184 2960
1697 2293
250 1023
78 1428
1546 1950
416 2382
2161 3457
624 2751
921 2300
292 1654
1402 1770
513 806
895 1482
790 2947
958 1769
975 1992
1647 2568
747 1197
1436 3044
578 3120
821 2939
1319 2221
272 2578
1023 3020
1787 3580
2502 2891
2199 3279
1367 2281
527 3414
432 1422
429 2310
971 2628
54 3086
2011 3539
702 2287
1386 2056
462 2732
1434 1438
269 597
2542 2780
1726 3520
1539 2274
2620 3225
909 1042
379 3434
3112 3516
1057 3022
1410 2753
379 2159
402 944
1121 2803
2351 2420
1380 2153
630 1493
255 2558
1649 2732
1253 2091
622 2758
2037 3108
638 2661
2732 3536
1005 1252
2732 3565
1216 1785
1115 1306
2339 3454
1590 3471
535 3140
104 408
2540 2568
1783 2177
1588 2599
1118 3385
474 2309
288 452
458 1954
214 2599
1636 1737
1373 1611
2432 3268
728 2759
1142 1553
2556 2675
2251 2326
681 1990
2158 3230
1875 2544
2339 3299
1369 1780
1107 2910
457 3101
1182 1264
159 3442
1617 2020
331 376
414 3460
624 2482
667 1430
717 1554
528 2556
785 1325
1739 2959
1088 3222
1624 2382
358 1074
2206 2988
2048 2579
1757 2470
479 1956
1809 2058
783 3467
147 863
1296 3568
68 1490
925 941
518 3214
531 2382
328 1567
3255 3444
1520 1942
782 2574
2792 3182
810 2717
1444 2360
2568 2769
2544 2747
1809 2670
882 935
2622 2964
138 2737
412 2206
497 1597
2422 3321
511 537
1708 3591
396 628
1598 2963
143 2685
49 840
2025 3077
502 1287
1449 2855
749 3511
1450 2685
527 675
548 3494
474 3167
1203 1376
385 3267
474 2726
2109 2612
1835 3411
154 3316
2197 2950
788 1732
995 2842
452 1081
2376 3274
1066 2143
474 3398
424 3279
322 2980
2208 3265
108 159
955 3440
873 1227
54 809
1591 2104
1763 2016
2197 3425
484 1380
775 3396
668 2737
1909 2241
2588 3240
2227 2752
128 1850
1262 2009
1062 3157
395 2910
2062 2478
45 3588
540 1702
2187 2466
807 3325
1808 3589
159 3306
27 2285
209 1919
766 1692
78 600
1044 2846
2027 2573
1597 2103
236 1089
753 3465
1537 2556
720 2351
574 1242
1282 2320
1520 2965
161 2187
2404 2476
2010 3309
2539 3481
1007 1062
251 1644
851 2260
1434 1574
217 2844
726 2324
5 2158
974 2780
864 1755
791 2863
669 3022
336 619
1539 2707
1141 1610
414 1763
2545 2970
639 1241
27 373
2190 3255
988 2916
150 2139
2640 3042
201 1712
578 3290
450 3302
314 2544
1365 1628
2131 3572
2489 2685
34 1554
1005 2090
414 3345
1999 2767
1462 2396
971 3335
1521 3022
361 1005
17 2187
2691 2810
1614 3131
202 1149
954 1253
1460 2422
682 2831
1782 3314
1919 3334
3277 3328
3022 3330
1907 2131
173 730
1263 1310
379 868
1253 3550
2124 3336
1938 2556
1354 3486
109 335
380 1687
4 2732
416 2406
888 1575
2732 2939
1133 2311
1276 2175
511 2633
64 303
1109 2737
317 3001
2413 3061
3115 3336
361 3568
479 2756
595 2481
2320 3470
880 1946
2323 3356
3345 3363
2070 3379
1846 3497
1270 2784
612 1247
863 1648
774 3022
3509 3574
2103 2556
1548 2472
1931 2376
1636 2211
86 3525
965 1891
1244 2214
523 3160
2802 3251
1433 1642
112 350
197 851
525 892
580 1909
1 1661
1141 2086
1185 2911
119 2287
1705 3481
789 1874
1120 3168
1575 2207
528 2730
1344 3070
3308 3328
2009 3319
1809 2567
2939 3582
88 517
2236 2783
548 1123
103 2404
493 1241
184 438
2160 2761
837 1049
2226 2406
620 779
1493 3344
146 3562
414 1002
502 3153
1430 2459
408 977
1146 3132
695 1132
2110 2243
1871 2556
2087 2620
781 3099
474 2844
414 1891
289 1270
1837 2588
1614 3270
1751 2803
3227 3312
160 2993
2149 3064
2406 2517
343 3293
2182 2614
710 3094
1664 1936
936 2974
837 1838
423 1376
133 1703
1961 3248
941 1208
898 2349
2786 3424
1205 2440
654 1850
202 1101
463 1367
1576 1992
140 578
47 528
1396 3464
411 1973
2577 3184
414 2011
851 1967
2556 3407
1730 2556
2387 2438
1005 2810
1003 2980
510 593
2413 2488
1137 3058
1467 2441
863 2825
1796 2780
2413 2940
1551 3182
236 1525
419 2613
409 3426
1212 2512
1350 3467
502 1581
87 2406
2568 2710
2120 2732
1078 3336
708 2732
329 1430
1516 3101
540 1202
186 236
1126 3147
1993 2380
891 3070
726 3113
1922 2758
773 3412
49 1468
1983 2534
360 3531
2501 3237
376 3278
539 1088
1733 2568
2532 2744
1660 1719
238 303
768 1241
1946 2978
1279 3568
2340 3339
789 2869
1084 1782
2380 3103
1981 2715
787 2394
1005 2801
2028 2133
474 3104
1206 3383
1439 3248
624 2777
1547 3279
1573 3042
2587 3296
1785 2571
2217 2824
2175 3510
624 1968
208 2175
2906 2939
851 2568
1512 2316
983 3493
1541 3302
1664 3079
2234 2280
806 3593
459 863
843 1783
1628 3236
2209 2584
306 2732
1183 1294
1481 1553
1177 1263
992 3328
30 3459
2655 2732
1959 2197
2228 3248
1542 2512
474 2493
2406 3262
951 2433
1294 2273
2910 3150
1865 2478
1536 1726
2568 3579
1336 1817
1004 2696
1120 2962
3174 3324
524 619
1009 1456
1994 3539
550 2474
508 682
3400 3562
474 697
1552 2451
379 1722
3110 3562
1862 2780
2299 2311
2630 3568
2780 3564
1962 2180
561 2253
942 2208
381 2166
642 2980
530 2110
2547 3575
1074 2357
49 2892
3248 3294
667 2406
575 3140
414 3600
703 1781
1005 2534
461 2964
379 1302
2399 2578
3034 3575
1281 1902
594 637
2351 3409
1116 2545
30 2804
1697 2328
2283 2780
823 3424
2969 3279
281 1687
944 2732
127 2544
898 917
2166 3352
547 916
2104 2256
510 2406
2490 2624
2715 2781
2184 3516
1493 1585
1953 2422
1021 1809
2506 2780
2924 3191
1755 3369
3562 3566
851 2263
2832 3075
775 1341
659 2251
1567 2559
1128 1950
629 2131
499 1680
2110 3372
278 2109
799 1919
2989 3424
1962 1980
1970 2169
1846 2112
2355 3430
1210 3302
254 3471
2556 3411
2136 2217
91 1386
931 1470
282 2578
1062 2059
2634 2740
1063 3142
340 1768
338 3237
2548 3039
2196 2335
1319 2720
733 1491
1005 2568
2475 3279
1396 3542
3177 3296
1614 1618
511 2152
1779 2568
3176 3574
1464 1918
354 2463
2522 3324
1005 1389
2568 2845
2247 2332
322 2732
414 3425
908 2197
1410 2860
1840 2588
251 2861
857 1754
1789 3178
1201 2732
270 1479
29 2387
988 2492
1376 2294
22 2033
2139 2790
85 3075
305 2039
303 1656
1206 2032
691 731
1204 2963
2568 3557
2206 2367
1 2391
2512 2721
1539 3366
714 1434
2855 3226
652 2624
1393 1611
1935 3070
1 3504
2376 3060
650 3605
854 1990
2300 2764
2780 2795
1928 2432
1 1432
1419 2208
1869 2732
616 2422
77 2959
663 782
20 2169
1158 1434
548 932
1308 3190
1386 2437
363 1118
414 855
474 1249
613 2888
2826 3190
204 2610
408 1914
1887 3184
2432 2780
682 2449
756 1567
1318 1628
170 3388
253 1205
2649 3588
773 1278
462 3190
2732 3384
2568 3006
693 1785
691 2238
1675 2780
552 2714
1118 2708
1396 2701
1876 1930
287 2579
2595 2732
148 2406
890 1902
190 1005
1539 2553
2108 2406
624 3362
1185 1634
518 1939
726 3165
2442 2980
682 2862
481 1636
1530 2568
905 2214
429 3117
242 873
781 3513
2525 2983
791 2014
876 1479
1791 2758
208 2556
376 2226
765 1567
705 2780
362 474
2821 3094
3426 3554
2406 3144
2129 2726
447 1005
2008 3565
220 3336
1005 1192
486 1022
1691 3200
171 1553
965 1451
678 1019
1701 2870
1804 2963
2803 2822
2155 2780
1097 3184
160 1538
199 3142
38 929
436 1023
1631 1871
196 2506
621 3575
298 3247
68 73
1218 3140
1447 2212
554 1060
863 3506
516 781
1808 3431
552 3124
1265 1973
222 936
529 1219
2780 2878
2568 3594
585 1554
560 2157
498 1846
1422 2876
587 2253
806 1173
370 2255
938 1263
1809 2270
1280 3531
2366 3195
192 3312
27 522
2340 2954
1603 3328
965 1972
1910 3411
196 2925
1266 2534
2341 2406
1005 1582
806 2261
563 2251
965 1324
773 3489
708 2325
1888 3481
796 3481
2317 2406
2732 3562
246 1254
1229 3163
2780 3526
285 2502
2162 2947
1120 1329
454 612
63 1471
1465 3121
966 1552
1055 1456
1121 2406
354 407
1847 1869
1434 3033
2027 2882
1517 2219
453 1005
547 1558
692 2556
1114 2614
2568 3471
261 1312
2441 3419
2012 2033
931 2134
1876 2354
474 3473
3186 3486
791 1852
284 2351
1898 3457
1005 2345
2157 2200
565 1397
1005 1428
1433 1800
414 2619
1000 1876
345 3521
950 1768
370 3244
989 2008
1893 3127
3021 3044
852 2575
1389 1876
831 2568
852 1560
2047 3394
30 635
241 3558
32 2842
812 2855
2314 2810
732 1284
1005 3218
286 3476
1015 1674
1902 2798
2252 3574
1291 2842
2212 3154
1273 2356
1382 3479
3354 3580
13 3042
785 1906
2855 3250
1119 1692
1182 3032
2478 3051
1768 3167
1846 3258
1320 2556
955 2880
633 1636
30 1672
41 1396
156 2568
1777 3485
785 2995
173 1515
138 414
505 1023
1271 2304
1479 3089
1946 3067
1005 1063
1171 1788
735 2129
195 474
2556 2716
785 3318
650 1029
1453 2528
2579 2795
1491 3173
1005 3252
1290 1403
2560 2651
1410 2231
1637 2008
695 2952
1219 2931
154 2071
1946 2024
540 1168
1148 2525
333 1697
1585 2732
1803 3485
501 1798
1150 1640
308 929
696 1301
527 1124
96 223
1407 3147
649 3404
19 246
941 3138
2556 3283
213 1783
447 1517
1201 2335
495 2157
2148 2551
1974 2370
3075 3284
2028 3111
355 909
1339 2556
726 3518
419 816
2157 2443
775 2727
550 1245
1482 2123
1271 1799
2271 2382
2148 2392
62 2143
785 2881
875 3187
2406 3367
951 1998
1005 1251
198 1611
414 441
727 882
1203 2568
2253 3162
1741 2340
2025 2834
518 2021
269 1188
1962 2788
1813 2406
548 1311
303 694
922 3132
512 2455
202 1666
884 1433
286 1802
371 2212
1719 1815
474 3418
1859 2941
2006 3539
1564 2340
2214 2469
414 2113
1611 1693
227 2457
1663 2198
249 3037
648 2187
2203 2947
2550 2758
1328 1918
369 951
2194 2568
1653 3248
517 2398
1699 2247
682 1193
2651 3010
558 1136
3237 3261
54 3416
1382 3038
1597 2689
11 1654
1614 2385
1364 1798
163 837
2398 2568
1015 2766
2387 2642
1962 3257
1256 2855
568 2387
1185 2317
160 3104
2406 2629
30 1087
39 109
1834 3486
1273 1485
1750 2802
2003 2338
111 1402
786 2556
15 2556
376 2035
802 2404
3179 3282
2187 2626
269 556
1090 1763
2759 2968
1240 1488
1014 2209
2239 3179
2175 3451
1893 2595
839 2502
1584 2033
1115 1604
1237 1788
474 481
353 789
2157 2246
1386 2898
2179 3101
2984 3190
958 2839
1652 2217
345 2920
196 685
559 3195
1342 3044
1413 1434
3200 3381
1553 1836
2281 2732
403 2780
2361 3569
1937 2481
246 2098
1524 3465
2472 3517
1230 1583
352 2545
2924 3011
478 1780
1587 3293
428 2027
1493 2080
1427 2685
2104 2296
499 2188
1176 2340
772 2406
565 867
822 3562
618 806
1717 1719
2556 2919
703 808
2413 3418
574 1776
988 2121
2424 2556
1520 3098
2208 2946
474 2785
594 3188
594 3084
1552 1896
3182 3337
172 782
2360 2686
180 1692
1859 2007
754 2370
1663 2885
565 2729
9 2212
1270 2829
78 3149
1973 2955
2003 2576
1206 3128
2093 3575
2320 2746
1472 2744
747 2040
1990 2191
562 3094
414 2518
221 1491
257 1319
1847 2334
1422 3529
574 1649
2053 3108
695 3004
1559 2025
345 2743
2406 2999
57 613
1025 2470
745 936
1999 2677
619 1694
1755 2854
1687 2414
1611 2994
1273 3343
408 1417
1833 2525
459 2556
3080 3588
1597 1827
2749 3471
2556 3509
1465 3134
1059 2844
2651 3005
898 1345
1789 3512
962 3569
2406 3054
1120 1685
386 1785
657 2227
2119 3293
1100 2148
306 1999
123 2502
376 3496
441 3493
2648 2914
1867 2899
607 2404
2441 2513
1495 2300
414 2158
2406 3156
1312 1616
936 959
780 882
1185 3053
2481 2554
152 2149
1795 2025
1944 2568
1708 3602
445 2502
1758 2455
1248 2855
474 2698
228 2287
941 2638
433 517
1819 2166
624 1728
624 3002
1921 2842
703 1615
255 1130
1402 1476
1798 2026
155 1005
1253 3594
743 1005
2339 2877
2739 3324
1435 3140
1294 1340
507 1380
1241 2568
650 1533
1992 2776
696 2709
151 1206
701 3411
510 1333
176 1876
96 3266
2761 3218
2872 3515
613 2389
3255 3443
2376 2406
1433 2656
807 2975
824 1692
2376 2486
227 414
1961 2780
2155 3237
2139 2864
97 1118
594 1596
1946 2213
1839 2422
971 1091
2149 3368
177 414
2170 3135
1273 3262
1232 3108
2212 2499
294 3140
413 613
1002 2287
201 2097
2131 2800
1258 3190
2335 2348
909 2345
190 3108
1396 2841
414 2703
1263 2716
521 2039
364 2339
923 3075
129 2599
354 3276
2470 3555
2780 3326
782 3298
861 1219
225 2028
1453 1500
2846 3551
2102 3411
1918 2156
528 1070
2028 2731
1 3125
2254 2360
230 624
474 935
1155 2980
3078 3404
30 919
788 2454
2170 2518
2963 3141
2372 2614
1798 2886
2227 3406
552 2979
68 1401
781 2130
700 785
42 3237
109 3527
196 1683
1180 1697
532 3040
3394 3436
894 2120
1613 2382
246 3095
1561 1973
579 988
414 2751
2320 2603
251 3397
2178 3558
1664 3063
1263 1681
882 2303
2325 3322
1501 1808
2168 3302
1987 3094
1783 3019
1471 2485
825 2120
202 1900
1655 2406
788 1658
999 3179
505 2568
527 3499
3097 3101
1471 2352
1782 3196
1456 1986
1708 2458
1005 1651
2429 3568
2396 2699
1111 1726
1985 2810
474 1863
2131 3433
1099 2404
68 2318
991 1554
2096 3147
1617 2780
109 3109
112 2222
1771 3247
740 1867
532 1519
2139 2230
842 851
2001 3108
49 2815
767 2844
1477 1583
1328 2780
696 1958
1493 3031
347 2844
958 1897
2104 3239
1343 2478
873 3087
25 1654
1605 2027
807 3198
166 2175
902 1788
403 2227
1150 3438
837 3030
3281 3379
1163 3336
1185 2426
246 1036
429 3596
1701 2106
638 3391
951 1225
1517 3151
1320 1471
1355 1636
1491 2617
753 2568
2481 3359
683 1697
1096 2568
83 857
3328 3547
1850 3009
965 1259
2556 2674
2685 3016
1150 2856
1522 3324
773 1381
517 1709
1798 2732
2244 2927
1356 3336
2149 2450
852 3223
383 1015
1074 3452
1904 2732
2718 3379
1850 2477
1165 3580
2217 3256
1422 2383
965 2823
318 1876
1223 1271
3108 3210
414 2947
2780 2903
112 2460
1056 1845
2609 3516
1932 2744
283 779
931 1411
325 1027
1934 2810
370 805
1005 3265
3000 3539
290 1488
544 2355
1725 2478
703 2675
1273 3477
514 1141
122 1088
1788 3245
1299 1520
2278 2481
2190 2732
669 2780
1766 2840
2084 2732
1080 1583
1229 1288
947 3457
452 2887
1785 1854
789 953
1871 3402
1396 3228
1131 2217
1410 1881
971 2833
1992 2644
1902 3238
912 2110
414 1879
569 2376
2715 3327
550 1267
1136 2480
139 3493
1062 3026
2158 3123
1759 3001
1488 1760
429 2054
1562 1918
2166 2687
782 1392
2015 3255
160 2762
1273 1878
1950 2107
2432 2533
410 2025
473 2732
1550 2624
523 1807
2441 2556
695 2667
414 2121
691 2232
2802 3166
109 771
3296 3427
2329 3324
1241 1475
2208 3085
1374 1847
2878 3094
526 3569
376 1870
1 1775
1175 2209
70 2803
1484 2020
215 1396
577 2470
987 2588
384 678
1788 2535
1633 1798
963 1553
1719 3297
2578 2653
159 162
1876 2585
1294 2858
691 1317
439 479
255 1665
1884 2149
747 1189
1583 3576
703 2350
2963 3533
1808 2127
312 1312
303 2526
96 107
1949 2396
1720 1950
627 2175
1766 3338
2206 2951
1167 3493
1147 2544
873 2873
53 1376
414 2574
896 1422
2956 3514
33 2599
1939 2732
1871 3320
1179 1850
30 2453
2780 3132
2491 2780
414 2213
1692 2242
1614 2167
408 3049
971 1200
112 3564
43 1062
2022 2109
1195 3394
3293 3317
474 1702
1239 1402
1809 3014
2131 2631
1376 2484
2208 2428
277 2481
2201 2227
1399 3558
1297 2206
1619 1962
1503 2624
1092 2197
2325 3050
2403 3255
27 156
779 3478
1005 1100
1692 1948
2287 3185
2610 2977
1205 2189
852 3291
414 1701
2039 3017
543 936
1480 2236
24 2197
1662 3411
421 3324
2145 3411
957 2732
249 2005
3041 3379
532 1885
1137 2171
100 2610
1817 2704
61 1783
2339 3603
2836 3248
1408 3022
1523 3140
1076 2335
1735 2502
1372 3481
1664 1989
232 2253
1446 2209
474 3212
900 1182
2379 3511
2010 2556
216 419
2568 3276
1496 1973
2008 3507
135 1479
572 2234
458 3295
10 1950
1360 3356
292 414
1349 2143
387 3531
134 911
2236 2462
2010 2279
1831 2610
186 2568
848 2169
325 1198
414 881
641 3516
1480 2556
2914 3025
1083 3247
1686 2761
546 2139
1926 3145
565 666
429 1075
573 2634
266 2039
1860 2253
967 3336
434 2351
591 2634
658 3486
931 2036
1479 3455
918 1755
95 236
1850 2540
1518 2914
255 3374
797 3042
852 859
448 2170
1290 1816
2120 3490
394 3312
2712 3108
1871 2867
2811 3042
909 1050
1706 2912
2335 3331
1479 2220
687 2744
325 2147
2678 2685
356 1876
1289 3404
3456 3485
1716 2247
196 661
1607 1763
1065 2624
2408 3101
2556 2858
1583 1710
810 2936
1999 3461
488 1780
1706 3046
857 2381
2578 2922
520 2406
732 3146
489 523
1782 2607
547 970
113 1456
782 1955
1488 1734
366 1992
691 3211
1020 1847
251 520
1654 3441
414 2653
1454 3182
1382 3273
354 2772
460 2512
1367 2537
1346 2759
1366 1517
643 2525
344 1789
2146 3184
153 499
2374 3142
2620 3116
549 3094
1367 3449
578 1883
2511 2802
1667 3255
605 2360
2027 3045
422 2924
1504 1871
850 2548
898 2215
203 1654
1086 1687
2340 3599
362 588
958 1856
988 1067
1845 3012
964 3200
941 2621
397 2020
2568 3203
742 1726
1418 2534
2651 3241
182 2320
1506 3312
54 1134
1488 3417
697 1120
1707 3132
2737 3056
810 1352
2411 3279
474 1384
1253 2944
1918 2483
699 955
1196 2158
2298 2761
442 1150
564 3248
1620 3145
1746 2732
1810 2959
791 1113
1088 2013
2763 3267
1561 2732
420 2110
1859 2976
527 1578
552 2725
1848 3356
2544 2929
1752 3562
3197 3568
2624 2705
1871 1903
1571 2360
747 3350
978 2568
69 2166
719 1382
1205 3407
882 1825
452 1038
154 2549
414 1923
788 2364
201 581
550 1982
78 1718
1726 3526
914 1386
414 478
1015 1125
1292 1726
1453 1828
75 1859
892 2125
2316 3333
1023 1740
863 940
716 2910
636 3558
865 898
170 939
1798 2992
679 3140
2827 3182
1004 3114
2323 2780
1697 2639
2468 3465
1332 2455
1782 2619
452 1933
504 2910
2672 2761
2448 2780
2470 2768
511 2043
2903 3457
691 1039
173 1698
619 2306
1353 2803
2470 3579
1445 2844
2568 2995
612 1688
419 2343
2262 2810
2181 3279
1864 3324
604 2143
1150 2434
1721 2110
2169 3585
933 1946
2176 2253
828 2339
971 2041
86 601
264 2010
944 2497
807 1161
863 3524
527 1678
2126 2556
2335 2416
670 1015
413 1005
838 1654
23 1206
117 3580
1185 3453
479 3548
3180 3302
1583 3288
2003 2371
856 1692
1082 2620
310 2413
1024 3485
1335 2844
807 3382
1977 3485
1962 3171
286 1858
567 2844
191 1636
3156 3558
1535 2455
645 3481
1997 3588
691 3062
102 3363
941 1984
54 1013
1727 1809
184 2369
2355 3341
547 1458
1294 2819
1033 1909
619 1224
2086 2556
1465 2741
427 3516
1053 2129
705 873
968 1950
897 1241
58 1382
1294 1679
474 2397
656 3511
2406 3289
695 2542
251 3047
1150 2641
1918 2105
850 2406
2793 2939
936 3315
1271 2302
2234 2618
50 613
519 1785
709 2924
1847 2083
430 1290
815 2104
121 408
1182 2101
3006 3336
1919 2693
1492 1789
1380 2688
638 2225
955 2312
1294 3595
1071 1789
2959 3081
2556 2565
1687 2791
1708 3563
682 2452
1952 2422
810 1774
370 2384
1271 2606
183 2010
1060 1647
961 2217
845 3363
632 3147
1893 2874
734 1229
1452 3247
2251 3501
474 1723
414 731
2351 2987
921 2568
1517 1979
1022 2193
68 811
8 2139
390 1798
852 1387
773 786
2244 2663
244 810
1022 2930
273 1850
286 1756
502 1743
30 3189
236 2076
955 1779
3293 3323
1902 2552
707 1567
2158 2286
1789 2755
696 1510
1398 2939
2148 2421
882 1671
2240 3132
1708 2307
852 1589
1088 2060
3022 3052
619 3232
851 2128
1817 3246
452 2592
2884 3549
368 1575
1975 3184
435 2339
1981 2578
115 2939
1290 3252
2780 2794
1270 2605
1022 1794
777 2620
37 2234
1088 1138
474 1861
779 3609
750 2732
1597 3105
79 2025
1867 2801
678 1339
3145 3260
1062 2393
1431 2227
1567 2780
425 2457
202 1829
1151 3516
691 3036
2588 3607
779 1531
226 1312
2210 3248
1162 1628
1430 2799
173 1643
485 3022
1867 3192
132 1270
2430 3267
474 1844
1748 2406
517 3249
2333 2457
775 2937
2157 2991
28 944
1337 3471
532 1545
483 2380
695 2248
1950 3209
1971 3190
586 3200
2107 2780
342 3075
1628 2092
1088 2183
3255 3586
2331 3247
15 2802
2311 2436
655 3182
1054 1553
976 1023
2406 3386
354 2095
975 1005
170 1880
552 3208
509 3094
518 2859
1118 2636
2078 2525
1537 1941
1182 3269
3487 3588
291 747
1871 2063
96 1494
2583 3574
1321 2340
772 1687
814 1456
998 2478
1557 1867
262 1074
1929 2780
1182 3445
532 3428
40 3001
1105 1946
44 540
929 3015
1136 2591
855 3467
832 1004
1178 2131
474 714
2780 3609
2072 3493
313 2732
184 1104
2406 3038
944 2990
1763 3360
499 1851
853 1697
202 211
2963 3311
1367 2569
1015 1792
510 2344
231 523
2683 2910
713 3179
3130 3426
712 2129
476 547
2172 2634
1115 1416
1893 2118
1118 1635
2373 3142
2773 3001
553 1115
1291 2556
515 3471
2276 3426
1334 3485
1628 2406
787 1174
2715 3274
418 773
246 1251
2149 2934
1241 3567
170 2144
1072 2614
46 1465
110 3549
1099 2780
2732 3554
1005 3452
2003 3587
164 2376
1893 2875
883 1611
540 2135
674 2759
185 502
2406 2465
1298 1567
2838 3568
145 3324
2732 3032
1214 2959
1022 2998
1471 2627
1768 2115
1187 1290
1252 2380
201 3073
1549 2614
458 1357
1001 1022
2546 2568
523 2290
109 239
408 2562
775 2702
781 1626
758 1817
137 1312
265 3312
1190 2872
1726 3505
951 2866
806 1102
325 834
1508 2634
134 2566
1628 2138
249 930
804 2472
1253 2444
732 924
511 2019
1290 2154
237 518
170 937
1219 3183
2853 3411
269 1853
473 2634
1182 1555
915 2325
818 1456
414 1357
2578 2748
826 3569
145 2406
189 2187
2148 3093
1556 1846
527 1529
2157 2837
1663 2625
776 1270
602 2432
2088 3558
1664 3351
2719 3465
534 2197
2313 2780
1380 1916
362 2813
491 2803
1566 2311
325 2509
755 788
236 793
1430 3540
2588 3203
