3201
1669 2123
1213 2422
474 1179
2313 2834
1597 1886
758 2079
1545 2374
1784 2235
92 3033
853 908
2534 3033
570 770
984 2218
2862 3148
1560 2768
159 2476
1000 2605
345 844
227 3009
431 768
486 1922
644 961
1201 3076
1541 1909
872 2477
2294 2588
988 2622
1215 2360
342 1248
833 3111
2526 2872
875 1858
1312 2260
47 1470
838 1712
702 1859
1307 1726
1773 2949
721 1546
1 1654
2146 3103
305 463
122 167
1982 2566
2275 3024
2647 2781
258 2915
757 1025
1090 1858
484 2762
238 1532
2856 3067
1063 1612
1710 2712
903 1832
531 2659
1958 2917
1651 2776
423 1489
252 1858
683 2039
1399 1849
1631 2612
1157 1912
1349 2931
2420 2582
1351 2296
1579 2081
414 1858
1002 2241
400 1219
2590 2728
897 2915
2994 3028
1406 2913
1533 2113
2771 2847
618 1881
2706 3133
404 2828
2328 2531
1117 3116
802 2864
667 1858
1055 2567
2490 2635
1261 2017
2214 2589
1788 2447
335 1858
2668 3132
1254 2900
655 1659
2020 2456
449 505
1047 3020
433 1394
1491 1901
1065 2353
685 1122
1144 1590
255 289
1858 2495
1505 1858
2221 2836
1580 1826
1158 1692
941 2830
173 2235
870 2312
1146 1840
1420 1878
2468 2837
1610 2373
229 2619
1034 1392
1886 2295
642 813
3078 3144
1802 3146
2426 2752
702 2231
2486 2961
1324 1656
5 980
300 510
1258 1497
1455 2341
222 2909
145 2329
8 1803
292 650
656 2855
2394 2941
2538 2996
1293 2754
921 1322
1064 1206
1293 2047
702 2308
1291 2293
1125 1191
1858 2163
738 915
2495 3092
101 1709
1482 1536
1462 2198
860 2157
186 2335
789 2238
2771 2786
1607 2038
1091 3053
156 1679
651 2881
2131 2632
899 2785
652 765
471 2982
597 2432
1256 2065
1383 2638
724 1318
1250 2923
474 1922
1257 1448
518 1643
1275 1343
1911 2970
1070 1257
199 1747
712 1238
123 1384
833 1004
1309 2207
1575 2540
2652 2790
1454 1585
999 2744
324 2713
1720 3120
436 2793
530 801
2178 2631
975 1714
759 1872
261 1788
3069 3080
1839 3146
1577 2941
342 1249
2294 2611
569 572
145 1548
2277 2514
2438 3162
625 977
1290 3030
171 3095
1189 1216
190 1445
529 2939
1675 2377
208 1743
702 2879
1023 1306
732 2428
2216 2446
797 1213
694 708
552 1858
2233 2439
105 3191
1096 2840
913 1809
2557 2929
560 1582
851 1156
2396 3035
1699 2167
1414 2702
83 3058
931 1833
303 1124
1333 3003
2693 2924
1136 1849
579 1941
379 1586
1045 2315
795 1282
2013 2686
1758 1774
23 2895
2164 3134
1301 1658
1609 2217
1863 2669
750 1163
2894 3052
674 2061
1666 2472
1911 3099
2048 2175
39 2968
2368 2477
294 1107
352 3162
1905 2373
411 908
2002 2517
1539 2653
1858 2329
198 2673
1341 1508
481 2851
1648 2190
887 1139
1331 1869
2090 2713
335 2927
532 1964
1491 1586
1816 2739
527 3039
2000 2777
613 2989
2623 2626
237 345
1473 2267
1371 1820
301 751
1631 3030
2164 2356
1478 1627
586 1473
506 1909
792 2012
1608 2164
797 1362
405 3055
1647 2181
1039 1644
1315 1981
1168 1877
1248 2698
1450 2552
2553 2853
535 2185
2786 3038
901 1725
1631 2204
1102 2127
98 2315
158 475
318 590
991 1849
2119 2823
1747 2427
316 1665
1906 3022
2148 2948
478 3144
1489 3059
336 1346
1178 2187
682 1358
1756 2727
428 961
466 2200
1358 2845
1105 2930
394 1022
1566 2262
924 2961
637 2819
2855 3023
959 2784
985 3176
1015 1814
1468 1713
690 1184
1289 3007
186 2630
601 1965
2310 2416
463 2748
718 783
778 1922
1510 2486
115 523
2183 2655
1744 2635
619 2414
2351 3172
1526 2573
393 3024
766 1057
2876 2941
544 618
645 1906
1395 1890
279 1043
810 1761
1397 2790
2935 3106
334 1848
421 1398
973 2858
563 1472
1467 3189
935 1540
122 3167
2482 2566
2366 3002
2622 2966
776 2357
2359 2828
1712 2222
247 2963
1519 1951
1858 2867
462 891
1744 2256
1764 2796
707 3004
627 994
279 938
2813 3147
2170 2307
200 2663
974 2271
26 896
170 2578
1545 1858
2093 2268
44 73
736 2118
1160 1557
1603 2221
1774 2867
1162 2663
374 1474
172 1250
703 1011
1092 2040
2431 2483
1003 3018
2706 3116
119 1783
2001 2805
1082 1893
2282 2337
2352 2448
278 1244
623 1449
543 2700
94 2191
618 1633
1716 1996
1858 2188
2614 2632
1225 2791
97 1719
2459 2587
1294 3134
18 50
622 852
725 1858
810 2196
328 839
262 1790
281 2587
208 1449
1745 3161
127 1715
133 2431
45 2169
257 2749
593 827
867 2364
855 3201
987 1892
38 2628
879 1494
2779 2865
1328 3111
829 1341
17 1180
770 1100
1302 2233
961 1130
1499 2496
351 2995
1858 2952
2213 2234
2251 2303
415 2702
525 1732
861 2550
1855 2383
233 962
1798 2114
2432 2785
1736 2316
148 2376
2513 3127
1014 2843
369 791
212 1165
1092 2965
1885 2602
1212 1858
1858 2920
979 2373
2405 3079
14 2927
865 997
1570 2411
499 3162
349 617
767 2040
1126 3107
2207 2342
1450 1935
686 2346
2672 2988
839 3161
1251 2877
2985 3034
1512 3155
114 1202
1652 2560
1309 2664
679 2265
2657 3082
1097 2519
1563 1962
321 2685
740 2695
1015 2362
693 1134
2129 2687
472 2838
631 2680
616 1159
2587 3198
267 730
155 1056
771 2916
480 1319
1193 1761
1193 1218
107 2106
43 3074
2535 2596
2212 2448
677 1099
426 1016
1844 2005
271 2070
225 661
214 1076
759 1569
2311 2608
308 3140
2436 2689
1383 2434
1858 2790
1083 2700
819 1476
1731 2674
542 1594
548 1898
1222 1817
615 1955
676 758
1112 2946
437 1013
1874 2648
920 1126
595 2651
2620 2964
1413 1858
1860 3168
830 996
603 1747
1280 1695
1427 2463
519 1607
1104 2528
1406 2297
1358 1684
1852 3188
1848 2108
2265 2591
1164 2128
2098 3031
25 1062
1808 2499
683 2986
357 2950
213 2800
1786 2036
1822 2235
154 2547
257 2690
91 427
1171 2923
1275 1582
1628 1632
1144 3070
1060 2856
548 2369
75 2340
232 1134
142 2257
1515 2325
710 2366
238 361
285 657
1100 2894
264 2594
549 2114
433 1298
1557 3095
797 1622
1521 3049
2186 2604
928 1537
1726 2051
250 300
1980 3139
672 2786
598 660
839 952
743 1871
471 845
2397 3197
1603 2462
1317 2219
1038 2209
1288 2208
631 2158
1046 1646
1899 2912
218 1150
372 2746
905 1040
1479 2180
1619 1858
1685 2512
1841 3177
805 1028
2090 3088
2695 2937
2225 2384
57 1462
671 2600
793 2948
12 609
1694 2961
275 534
1086 1101
454 2064
781 2237
650 3006
234 2063
1918 2584
1945 3129
555 2071
426 452
854 2745
864 1147
814 2369
2048 2639
1974 2876
1197 2580
723 1330
1554 2073
20 849
1781 1858
344 1817
519 811
1271 2076
277 3031
283 1972
1011 2528
1979 2634
941 1768
78 1043
1589 2884
270 1626
887 3140
419 437
2241 3023
2590 2830
1129 2465
2450 2727
243 1019
1113 1881
892 1858
1439 2834
1943 3061
399 1522
1936 1983
393 914
2086 2387
401 1360
156 2460
602 1181
574 2421
1868 2172
1502 3082
723 3175
1155 1858
720 1380
714 1562
309 2891
1008 2904
1020 2675
1319 2117
1433 2037
577 610
228 2535
388 3113
206 1292
509 793
309 948
685 1109
1712 2426
928 2194
550 3108
578 2963
1235 2295
626 2229
2068 2346
683 2612
1424 1917
1580 2523
2214 3012
824 2566
784 3042
2179 2681
77 2694
1744 2502
495 2837
1968 2491
547 2346
2735 2948
1390 2032
366 2825
1686 3019
341 2939
42 144
107 1504
1819 2073
1881 2324
133 1858
1449 2921
333 610
699 830
1218 2558
1467 2136
127 2545
2423 2763
1867 1993
868 1123
479 817
1228 2648
576 1670
1420 1472
1343 3159
205 1016
558 682
486 1798
758 1560
1025 1374
71 3024
1715 2060
1858 1979
1413 1456
1374 2471
299 1936
151 1326
580 1455
51 1569
259 2244
1899 2883
319 3025
638 942
1933 2332
1357 2784
1199 2243
1292 2247
1415 3167
877 3141
824 1310
41 3093
2301 3191
1428 2537
1293 1541
2033 3044
1507 2950
2619 2773
3069 3072
129 2325
514 2952
1558 2705
23 1127
1975 2688
315 2871
384 1859
1255 1871
25 189
41 698
395 1858
386 439
893 1744
2956 3003
1357 1527
1554 2700
541 1915
944 2992
250 2666
583 1504
111 1858
2222 2551
1073 1676
978 1741
309 1971
1102 2883
547 681
502 2702
1091 2767
662 726
414 2493
622 1033
861 1858
2748 2868
1733 2287
619 884
1038 2821
968 3084
392 2457
2409 2824
2031 2581
1399 2977
2171 3063
2896 3035
736 3180
303 717
83 2515
1702 1852
2077 2952
1483 1825
2920 2969
16 2685
425 1885
279 1858
108 1667
1014 1701
239 786
1679 2691
924 2163
239 1096
1127 1759
696 729
160 3078
625 2311
2753 2769
889 1081
1627 2123
1081 2851
2527 2835
1338 1638
1765 1893
1319 2472
1533 1858
1047 1437
2019 3142
947 2135
131 2928
140 1213
1878 2052
201 1206
2587 2962
737 2920
132 1846
115 3199
264 362
1797 2462
992 1788
1393 1566
742 2537
177 2291
955 1279
178 2438
774 899
267 1241
510 2744
22 1234
1983 2435
1656 2202
88 2084
1536 1846
2588 3114
492 1870
1518 1887
1719 2045
2470 2777
60 1813
1650 2212
1858 2154
1029 1851
1619 1792
81 831
662 1432
1541 2070
54 1069
1840 1858
334 1004
201 735
2434 2795
1517 1592
1119 2037
990 995
2084 2819
1443 1907
1481 1731
150 1977
27 1571
186 3065
467 552
1477 2504
1310 2219
1544 1761
1870 2640
1522 2007
1209 2713
500 2825
777 2939
498 2455
1772 2237
1767 2500
1700 1814
454 1202
226 1939
453 2855
194 1785
160 2391
930 2131
1679 1727
1859 2980
2605 3121
322 3090
1165 2168
1019 1219
125 2214
1181 1591
224 2420
465 553
106 459
584 2393
933 1821
815 2750
401 1748
10 42
717 2918
1909 2823
1094 2483
282 2815
1100 2024
308 754
1599 1965
470 1352
552 2730
127 675
897 2709
85 2485
1077 3157
1740 2754
925 2170
445 2855
807 1496
2729 3134
124 493
1445 1587
229 865
1858 2832
15 788
865 1204
591 666
106 159
1323 2240
978 2214
925 1436
364 1234
1796 2022
416 1943
995 2023
419 1551
1378 3043
1585 1934
31 677
419 1230
1462 1876
1949 2718
1054 1134
269 1561
470 2830
720 1705
273 2256
980 1370
1357 2143
808 1809
315 2733
2171 2726
1724 2846
1158 2203
1168 1681
2180 2886
244 3032
1746 1856
214 2019
1304 2877
221 246
1210 3193
818 1494
1770 2334
2599 2839
1334 2450
1203 3009
1080 2706
1941 2071
622 2508
1465 1895
347 2408
22 1498
2024 2284
339 1199
776 1616
564 1733
2367 2871
1020 2204
169 2684
1101 2183
687 1513
57 1259
1581 2191
939 2959
2611 3160
316 594
2080 2298
1869 3048
2246 3058
695 2315
1024 1230
383 2310
1189 1202
1847 2478
30 1674
800 1831
1249 2430
537 971
63 2100
1900 1925
1369 1943
354 1898
1189 2304
712 1776
906 1781
2382 2479
2781 2958
1791 2870
383 1484
331 2692
360 1038
911 1603
1760 2745
1498 2121
1823 3155
1703 2204
1157 2820
889 2534
41 2316
812 2090
1393 2460
531 2667
398 1237
10 2388
1206 2347
66 1028
428 746
43 1327
1502 2548
1548 2826
35 1643
1255 1858
1011 2169
785 799
2343 2651
168 644
272 2397
2337 2482
2996 3024
380 2187
119 605
2321 3071
1573 3049
1954 2952
1257 1438
1645 2819
1366 1789
555 2817
229 665
2703 3100
2648 3009
894 2122
2088 2767
1858 2890
1771 1931
732 1847
136 3022
617 2641
529 1813
1019 1635
608 2952
2628 2739
642 2701
945 3025
962 1560
845 1041
1466 3136
271 793
441 1284
488 3169
365 1407
1718 3039
2389 2409
2338 3078
1526 1623
1442 2041
1242 2471
1586 2511
1288 1970
1511 2556
589 2869
1722 2002
1914 2140
409 1085
1087 2872
205 917
298 2159
2440 2780
894 1596
1841 2408
635 931
1690 1977
2489 2599
1151 2797
1118 1187
1108 1858
1354 1821
1545 3022
1858 2411
1263 1315
1 3065
781 2025
962 2738
265 2506
762 1841
1198 1557
2227 2705
1469 1881
423 2707
541 2754
609 3166
2413 2904
1468 2303
781 2177
598 793
240 3173
284 2827
101 1012
1274 2399
1188 3010
717 1752
1944 3131
2492 2912
282 976
690 1706
2623 2837
1406 3185
2096 2134
1369 3027
968 1886
1091 2503
2157 2545
661 2671
153 1110
142 1464
1928 3108
1058 2397
2384 2724
22 3008
1162 3083
880 2785
760 1858
46 684
2754 3087
1990 2019
1126 1627
1150 2661
1448 2327
360 1089
2524 2585
1041 1543
1858 2274
839 2473
1550 3168
1938 3023
2692 2769
301 2870
470 1618
2057 2367
8 2740
1300 1312
874 1336
434 1576
336 2770
1310 2371
149 1421
118 1273
1480 2941
1500 1782
331 919
2458 3140
2 3002
366 1264
336 1795
1918 2755
16 2487
146 1623
314 2044
749 3201
1367 3109
2386 2858
684 1031
300 1404
2423 2841
1479 3088
615 2390
1928 2803
1114 1858
1370 2323
1411 1519
274 434
718 1755
846 1536
759 1379
361 1659
513 992
64 2036
2006 2671
197 2303
1445 2888
1381 2748
998 1997
376 1101
1835 2125
1259 1975
877 2195
550 2402
164 2429
1417 2633
70 628
2325 2688
950 1554
389 1340
780 1855
128 1118
2466 2839
817 2983
1239 2692
1482 1894
934 1913
1858 2549
2314 2332
1378 2310
2124 2720
1866 3139
234 2567
456 978
2912 3178
101 1086
799 1858
386 2946
570 711
1011 1049
118 2201
1753 3194
533 1811
1216 2012
784 1036
1648 3196
2014 3129
2205 3038
150 3182
252 895
2176 2890
922 1961
400 2991
135 653
764 2987
1628 2958
709 728
664 2563
711 795
417 2868
707 783
937 3196
959 3089
1852 2515
385 1229
838 3037
1495 1869
1588 3165
795 2128
1526 1710
1171 2757
931 2808
1365 1603
2434 2812
288 1911
362 3041
1780 2908
728 996
1948 2830
559 1086
340 1037
2168 3103
1097 2720
7 1226
335 1940
236 783
106 2444
812 1205
1010 2190
254 1598
1942 2812
1963 2723
1628 2937
337 979
1263 2126
2178 2900
1337 1437
539 2720
292 3019
318 1208
249 1249
226 533
163 1879
715 1378
522 2994
1502 2951
533 1336
710 2681
899 2464
113 1245
1851 2851
73 841
37 2055
599 1511
2711 3100
739 849
1196 2564
1394 2978
942 1118
1431 2739
919 1181
67 2504
1830 2980
2453 3105
566 908
303 1465
1213 1809
1361 2569
617 2620
1564 1900
361 2605
1108 3080
236 2751
642 1511
584 2403
393 545
1987 3019
1430 2878
1776 2255
2969 3094
99 759
1504 1724
1585 2176
850 2569
581 2987
483 2676
369 2722
145 2891
366 1720
1925 2141
241 1999
1074 1997
606 1296
442 1301
70 78
232 1121
1120 2514
755 1638
693 1594
1210 2618
142 2001
1359 2928
427 430
1501 3008
89 1803
1009 2233
225 588
909 1304
398 1353
2091 2111
546 2907
174 1668
433 508
1109 1465
245 2672
115 3197
152 2281
736 2775
1670 2396
183 374
1872 2635
2442 2963
11 2069
900 1796
391 2262
1410 1815
542 1793
615 1303
900 2523
1024 1331
357 1377
734 949
1501 2424
520 1785
550 1602
2547 2616
711 2381
394 771
121 2400
301 1093
2311 3039
526 1218
1674 2395
457 2786
1461 3146
770 1272
1214 2960
1337 2539
39 2653
1983 2650
1580 2987
419 562
1032 3148
2153 2229
1298 3036
784 1909
161 1858
1687 1985
984 1460
1100 2575
294 1983
504 2186
573 968
833 2094
2211 3145
1279 1517
14 2042
65 653
371 2115
1858 3197
474 503
267 2829
647 1273
1026 1660
37 1593
1775 2192
394 2162
569 2333
339 2003
1343 2474
1110 1135
213 2279
427 2511
146 1487
2056 2829
75 1240
1240 3132
259 2766
2555 2927
1638 2710
1886 2485
366 953
124 979
2654 3132
2248 3137
1281 1779
1773 2099
3045 3167
1904 2897
201 2532
2920 3121
502 3154
861 2475
2731 2771
2708 3100
2276 2710
1998 2370
1840 2663
57 1574
374 1531
2058 2706
980 2000
1892 2200
1677 1930
112 880
744 1985
920 2554
1536 2499
467 1900
2520 2611
1101 2629
1933 2173
569 682
110 905
2152 2199
1865 2336
61 1766
517 644
823 2459
1978 2736
1207 3073
192 375
623 2866
1181 1671
1847 2780
1366 2603
2113 2498
1260 3143
1109 2524
143 2457
1738 2581
269 2730
349 2606
2391 3044
289 1611
1214 1223
453 1177
2010 2302
2725 2868
871 2316
1281 2781
2217 2809
1116 2176
65 884
1742 2584
169 1396
1134 2412
2372 2940
1086 2086
848 1216
2216 3060
1712 2882
394 1318
844 1418
1364 1458
446 1882
435 2721
1464 2505
356 963
910 1547
1253 2110
374 1858
184 2695
2250 3134
1332 3190
1605 2791
111 253
40 2925
1185 2058
1962 2544
373 1964
428 2965
1155 1993
363 887
231 2038
2001 3135
482 1273
1290 1408
518 2349
795 1896
495 1769
708 3161
2074 2702
1057 2898
2280 2937
11 3162
228 1673
810 1183
1006 2494
2777 3136
256 437
539 1035
440 1647
1258 2205
270 2397
345 1723
302 2677
1430 2421
139 1379
181 1052
1480 2782
651 1105
219 2218
1789 1858
574 1263
703 1000
1180 1688
1431 2117
451 1224
1131 1264
1258 2102
2305 2678
11 2375
283 2681
409 1895
2453 2472
835 2088
1807 2134
2107 2758
561 2326
1567 1955
1163 2035
2289 2321
1186 2763
126 732
1435 3011
164 504
1347 2115
133 2842
262 329
284 2235
1647 2048
42 414
1777 2545
497 883
2832 2965
1461 2071
1642 2437
431 2760
1229 2090
1044 1293
186 2377
1017 2617
1726 2239
1230 1805
1435 2690
1096 1822
135 157
208 3168
558 568
1513 1969
1318 2998
910 1109
1937 2252
1570 2833
518 2514
1799 2066
1411 2699
170 1483
1042 1630
231 1148
1434 2419
495 1694
427 1253
2054 2066
1604 2984
1672 2762
722 966
535 1899
1127 1837
1096 2312
1853 3170
2035 2296
756 2104
356 1351
1391 1426
148 2922
398 719
1588 2026
121 1420
50 1661
2451 2676
686 2445
432 2019
1968 2475
2461 2727
1552 2933
314 636
616 2404
1499 3190
281 794
1156 2992
1187 3086
892 2084
974 2926
1175 2871
668 2287
1722 2133
1474 2443
2520 3009
607 892
415 769
1314 2003
2345 2993
268 1686
651 2759
414 2742
1802 3016
495 2075
1203 1858
103 596
1425 2563
193 1932
762 2517
2216 2897
108 2694
919 3110
2114 3081
1309 2662
423 2576
1456 3025
69 2942
1180 1955
494 781
335 2889
2779 2914
1239 2955
415 2191
2218 3138
209 1056
775 2064
148 2111
1675 2076
1995 2786
1200 1858
822 2740
50 2599
1347 1822
2876 2944
403 712
708 1858
1901 2627
1906 2224
635 1985
1918 2210
2016 2922
1504 1793
1858 2959
1022 2601
2260 2743
1058 1601
1711 2841
960 1787
2289 2374
1133 1858
2336 2788
1449 2903
220 1776
2067 2159
377 830
150 2188
2161 2767
2259 3183
1905 2283
2013 2410
163 639
116 1725
2520 2578
1664 2996
310 2128
23 1152
88 3153
393 1037
136 2507
1220 3080
983 3129
1890 1997
451 1299
787 1637
1737 2184
1691 3183
2567 2843
1674 2720
564 1534
1858 3157
457 863
2536 2890
1400 1846
2037 2655
94 2932
372 2670
1921 2157
195 1145
460 3018
2374 2407
2027 2077
1215 2089
657 3182
1749 2685
1865 2850
653 2828
1698 3168
1530 3060
191 1858
1513 2672
1409 2512
862 1119
1736 2051
1280 1399
493 2791
2363 3182
821 3192
1485 1707
2217 2529
195 2308
1737 2572
1448 1787
1312 2211
658 886
1 1929
2498 2512
1858 2897
1908 2154
295 1628
73 1084
57 2420
1420 2607
832 2423
1566 2226
300 1637
2251 3195
450 2524
100 218
1847 1979
58 1589
1961 2543
1271 1455
79 1106
1014 2014
1297 2692
1339 1814
422 2552
16 2116
146 149
2083 2891
1305 3121
882 1267
192 1947
93 3112
1140 2394
159 2230
521 1659
2381 2704
1639 1953
678 3121
659 996
1583 2369
994 2140
682 1419
285 1276
230 2475
122 1889
1858 2462
1555 2174
433 1276
380 3200
503 1132
669 3159
1287 2981
1851 3179
713 3128
652 2854
1855 2138
96 175
1529 1571
229 262
738 824
2915 3006
1657 3060
1858 1980
207 1890
2139 2426
221 1862
429 1620
245 2945
1391 3167
1024 1060
1812 2711
673 2038
8 1575
299 2394
675 1812
700 2320
940 1671
133 728
690 1906
413 2167
1119 2465
386 2791
1095 2177
782 1403
589 1514
8 936
50 2050
191 1166
2441 2687
435 1649
1118 2856
2326 2667
1154 2901
1715 1854
313 1556
97 210
1665 1679
236 3013
1718 2308
1123 1858
755 1018
886 2097
1820 3096
1798 2176
7 1903
1065 2329
1776 2850
975 2309
405 2384
1158 1344
974 3190
1665 2610
429 2851
601 1804
72 2305
1651 2062
2354 2687
424 1156
2885 2907
134 771
878 2838
1017 1483
2423 3139
2291 2915
55 2080
827 1115
52 446
759 2274
1002 2706
1996 2913
524 788
360 1770
1858 2391
1139 2443
1858 2127
213 2165
2187 2522
418 811
501 1437
734 1858
336 3166
1820 3169
2814 2831
205 2804
1514 2078
1314 2203
800 3106
1470 1858
1742 2959
995 1485
633 2864
2078 2197
556 3034
613 1818
1989 2435
389 2145
2469 2653
2954 2961
1263 1961
1864 2900
1848 2254
29 411
2966 3003
158 2409
389 2694
1606 2954
755 1559
1440 1638
2870 2902
253 669
103 3175
2586 2952
1864 2290
587 2694
1611 1858
1871 2781
502 3109
251 1069
2745 3095
1424 1428
233 1858
1536 2268
847 1717
405 1197
1773 3169
1624 2467
629 698
276 1369
349 796
37 1761
102 2971
1625 3118
78 3180
1383 2811
357 2495
440 904
659 866
1270 3123
970 1216
1858 2645
315 1316
631 3117
2482 2598
755 2644
1342 3153
314 1634
135 2716
283 390
1373 2255
727 1766
1428 1646
946 2740
1757 2940
435 2132
1219 2679
1607 1926
1732 3029
653 1891
408 3165
13 858
2216 2936
140 2741
2061 2972
2523 2792
890 973
47 1587
163 3078
2287 3119
1356 2992
1762 2921
339 397
1156 3051
240 3108
2114 2746
715 1858
2318 3135
76 2635
247 1600
176 671
469 2689
381 1858
1858 2464
137 1902
206 1156
1753 3176
661 1389
1570 2816
365 3069
844 1392
1873 2966
1320 2447
1734 2545
1506 2044
148 2513
361 1486
536 1302
332 2915
439 2319
499 1643
2140 2899
1192 1896
436 1388
1057 1399
1392 2425
811 867
1753 2852
714 915
346 2044
965 3165
1090 1568
27 916
1725 2777
20 2339
280 3005
851 2242
2681 3026
1965 2134
1385 3147
1234 2737
511 2809
788 1449
816 3146
666 2599
661 1796
180 1680
1678 2986
1908 2193
1643 2525
636 1858
2979 3058
2022 2764
942 1641
671 2690
27 109
384 859
284 1073
2253 2812
2158 2264
2518 2970
409 1888
260 3175
118 1063
1923 2058
1153 2206
396 2087
956 2850
861 2999
966 1514
289 1304
2443 3034
490 1782
858 2157
106 2896
1331 3015
322 438
1313 1858
2029 2723
1411 2271
1311 3180
964 1271
612 2535
286 2566
150 929
334 1110
818 2479
1402 1403
1221 1742
819 3069
2360 2683
1071 3136
1326 1691
723 1952
1834 3075
353 2897
28 2177
2930 3181
2009 2355
1382 1435
716 1424
443 2528
1588 2504
1092 1524
142 975
396 3082
83 2818
967 1429
1792 2233
780 2581
56 306
80 1415
160 2426
1090 2829
1393 1617
431 1554
413 1190
325 949
1565 1576
1514 2336
2450 2645
1286 1858
298 1218
1671 1858
420 1165
218 700
1474 3126
1646 2874
454 2252
1858 3162
1811 2512
751 1441
882 2781
825 3137
1169 1956
1240 2115
1625 2207
714 2595
369 1742
961 1210
1858 2239
2931 3082
296 3182
2584 3119
2263 2427
215 1794
2681 2779
298 1962
2705 3201
806 2321
222 714
1956 3180
342 2758
1858 2496
362 2043
858 2789
118 1151
413 516
1739 2660
2146 3142
780 2223
2380 2961
1430 1603
1850 2245
421 1302
1475 2211
1313 2822
1295 1428
1575 1663
1274 1306
241 1167
240 2021
181 2637
1318 2424
1290 1970
1497 2370
1858 2994
1456 2682
877 1558
9 1893
2534 2872
613 1222
1338 2893
733 1858
1911 1966
487 2252
301 1918
1437 3147
653 1217
218 1207
158 1042
720 3070
77 90
384 692
654 2158
625 1061
518 2455
232 3101
1178 1875
1925 3014
467 1236
319 2774
1262 2481
954 1434
473 799
418 2633
1108 1361
783 1721
260 1988
235 1903
320 2825
22 1268
620 2256
138 2744
1237 3142
611 1369
682 947
1370 1429
1247 1337
466 1363
231 2300
271 2714
454 1916
1953 3176
2174 3065
2446 3104
706 1202
1970 2910
1887 2953
630 1843
612 2516
82 331
39 2203
2212 3112
790 2840
269 1327
59 70
2560 2816
807 1973
1485 1944
894 2554
47 2304
1021 1102
2180 2994
39 244
1817 2232
2053 2843
662 3140
2549 2827
332 2579
242 2337
834 1941
856 2710
1623 2565
1418 3046
195 2814
1737 3019
2431 2995
123 264
63 538
971 1788
413 2878
370 566
465 1920
484 2377
462 1051
1858 2975
1471 3016
1494 2082
1483 3155
2637 3197
2034 2339
707 1342
2625 2863
1075 1793
2463 2663
1243 1733
2385 3076
1279 1548
803 880
1881 2050
2010 2943
458 915
2397 2736
2289 2546
2140 2238
484 1296
1492 1540
1194 1953
2105 2381
820 3143
680 1480
1489 3056
1853 2202
24 291
529 2345
2785 3001
729 2170
1361 2165
206 1188
864 1491
820 1858
276 330
245 2665
405 1589
1930 2920
2050 3185
216 598
1843 2672
23 756
181 264
300 1372
56 1698
275 2872
2809 3049
1450 2906
314 3038
2014 2365
825 1795
188 1775
25 2322
857 1329
104 2677
2717 2878
1801 2350
288 1348
510 1949
338 2454
1691 2457
193 2038
511 614
807 2204
574 1266
1315 2957
713 1842
59 2166
2202 2569
557 2467
504 1006
1369 2676
386 1200
838 1308
2200 2236
2348 2370
130 2468
1832 2053
1007 1812
1697 2515
1327 1800
1246 2814
1231 2447
1283 1803
1613 2318
907 2011
1368 2715
1569 2501
2190 3085
218 2183
108 769
1343 1959
36 1109
705 2435
1142 1976
1743 2347
592 1771
254 1277
357 3002
448 3070
1138 1576
3113 3149
2613 3196
1274 3159
304 635
103 2778
1732 1909
1682 3008
1992 2921
1648 2531
2559 2958
63 146
2272 2929
484 2976
225 2938
868 2220
1085 2449
387 2816
1447 2179
358 1858
380 725
1824 2990
1765 2031
2339 2973
202 2711
158 3157
162 819
2456 2499
818 2456
1045 2718
2498 2887
1858 2898
2001 2570
2482 2942
2030 2922
2049 2293
1047 1808
422 654
136 360
1933 3007
1587 3076
652 2748
2022 2267
578 1174
167 1867
1128 2913
1411 2199
435 1858
2170 2744
119 418
323 1497
731 974
228 2330
95 2950
1152 2783
831 1275
729 1079
1572 1930
2228 2446
993 1840
441 2014
1683 2250
2378 2837
1078 3166
197 455
334 2967
1958 3078
1133 1787
496 578
3006 3143
125 758
1080 3098
996 3102
701 2312
1163 2829
2017 3135
753 2345
826 2462
1068 2465
984 2325
852 1775
343 1519
1954 2656
84 1143
1059 2595
1062 1993
908 1604
1795 2587
611 3196
123 382
835 1461
75 2215
584 3162
2186 2593
2238 2756
1835 2535
74 2247
485 847
1648 1827
331 1924
828 1199
857 2032
876 1244
1196 2132
198 843
632 1488
373 1193
1810 2111
885 3175
617 619
1647 1908
169 3111
1497 3113
673 1858
2090 3158
1387 2295
1540 1899
250 923
2919 3183
2036 2923
609 2266
1103 2116
165 281
982 2012
125 3127
847 2628
677 1722
1503 2541
147 536
610 2017
1230 2849
10 2160
2697 2827
175 2796
1766 3025
430 2144
2123 2799
381 541
562 1457
621 1670
2249 3028
928 1900
2715 2891
1933 2129
434 1731
2150 2809
2485 2565
1085 1870
927 1215
1092 3079
763 2167
418 2568
48 656
1586 2072
2065 2891
2567 3031
1355 2113
648 1322
423 1893
1370 2061
471 2189
156 1420
2646 2667
459 1405
1190 1897
1821 2900
888 1899
444 601
1560 2880
2913 3018
175 949
989 2729
49 2586
401 474
1098 2178
961 1050
1203 3077
2269 2486
1719 2396
817 1698
760 2990
1739 2628
86 1339
1410 1722
565 2521
263 1025
418 1651
2875 2923
773 2488
772 1473
477 2456
531 1538
894 1814
1488 2165
710 2186
340 2780
2013 2427
2101 2595
1522 1861
1206 2904
3 2267
704 3097
2623 3040
693 2095
2003 2285
2073 2698
269 1729
353 2000
395 818
1058 2642
2933 3106
761 2350
704 2719
1158 1571
2475 2788
1319 1321
21 2275
1966 2419
795 2908
279 1016
2046 2262
1910 2526
505 1030
1551 1858
800 2597
104 1227
1055 2636
313 2168
387 2510
26 2937
2034 2883
453 1884
746 2234
342 1838
3087 3151
1306 3122
434 1434
957 2788
1493 2065
597 2511
1150 2571
1553 2553
1693 1850
468 1374
1640 2332
446 1841
1302 2911
2234 3095
465 1970
2191 2467
466 3088
972 2729
934 1710
121 1857
342 1785
1720 2818
600 2610
1114 2701
1491 2278
288 943
170 1453
801 1331
1813 3110
2305 2994
665 1456
1614 2848
2131 3169
1364 1411
1326 1630
115 3070
649 2707
503 670
1065 1105
2432 2497
1157 2265
158 2351
1288 1806
752 1173
2176 2563
1686 2306
1525 1845
2535 2798
248 1017
926 1979
1621 2965
2117 2423
1313 1911
1802 2299
540 2788
867 3171
1410 2270
327 3079
292 912
1671 1704
703 1376
1558 1946
2351 2794
683 2481
426 2772
881 2431
1625 1655
844 2418
2288 2515
372 1451
994 2015
1351 1490
466 1001
339 799
1719 1774
2182 2483
1636 2569
748 2612
1287 1351
533 604
131 1102
39 3191
1279 1902
1878 2844
1310 3064
1375 2165
1896 2317
1015 2085
1767 3017
1181 2929
1444 2693
833 1067
396 958
1111 2560
64 328
350 756
1627 2120
1553 3034
2311 2790
1858 2390
217 459
457 2802
53 852
2149 2291
88 809
1188 2784
294 2261
1106 3050
361 1642
185 191
1404 2861
259 1216
980 1828
1062 1782
308 489
1286 2591
2736 3054
1259 1858
547 3164
2059 2526
1728 1996
367 439
1214 1906
1861 2066
2169 2484
1858 2666
4 2417
1269 2011
1312 1366
348 2896
6 2495
929 2028
567 1062
195 1467
68 1259
1162 2530
447 3012
62 1724
400 1516
1761 2807
2424 2672
42 2925
122 951
1265 3103
1733 2350
84 845
41 2477
723 2596
849 1994
1898 2842
322 2373
1207 1542
719 1858
2221 2806
1096 1528
741 929
1505 2671
844 2688
1697 2658
1215 1964
229 641
1485 1670
1028 2265
1173 3161
24 3111
1137 1517
1919 2463
864 1653
1950 2711
762 1908
1037 2616
2158 2689
1325 2331
1069 1119
691 1281
827 2239
287 2612
640 2461
4 2286
1152 2480
1270 2191
84 1072
174 334
2132 2381
779 2224
2406 2611
451 1559
410 1264
1450 2966
1240 1350
1149 1665
2577 2970
1619 2899
2621 2930
368 721
1553 3148
318 1327
624 2412
2112 2502
1005 3051
89 2129
222 3152
241 1742
307 2084
654 1141
218 1858
1834 3125
2810 2918
1548 2142
252 317
514 539
1845 2239
1553 2092
149 2358
2155 2168
883 1858
312 1154
117 1173
986 1365
1014 1412
1715 2940
297 1863
2748 3153
1379 1751
1274 2848
1322 1903
1983 2527
293 971
451 2834
1143 2530
104 2734
141 1142
365 402
2816 3091
1883 2586
338 611
747 2620
436 502
656 2147
464 1469
548 721
507 1859
558 1057
836 1845
1048 1203
407 2877
476 845
1936 2010
2344 3156
215 2872
902 2677
804 2567
704 2431
1391 2747
634 831
2165 2864
175 905
529 745
197 1730
1171 2415
1885 1933
905 1002
196 226
2795 3066
1872 2480
1084 2815
657 2207
1858 1946
1509 1965
1170 1482
2732 3051
191 1310
781 1736
1085 1154
1331 2860
1004 1611
1374 3143
857 867
2071 2615
585 1698
1275 3062
2649 2878
2687 2927
1045 2281
1629 3033
875 2360
311 1642
167 3082
1055 1252
1781 2452
1053 1178
2427 3005
1056 2858
1394 2974
16 1858
1298 1423
1799 2271
462 3190
1422 2120
131 192
2204 2723
302 358
728 898
554 2281
180 2858
776 1237
1958 3130
1448 2247
840 2088
1341 1841
266 2863
2515 3174
221 2294
852 3044
16 616
214 1771
2025 3047
1498 1696
718 1615
1514 2801
512 2024
2171 2667
1287 1927
1312 2552
2346 2541
1750 2690
2288 2592
528 2255
1850 1861
166 2459
1262 1858
815 941
505 3106
663 1656
2894 3124
204 1739
1710 2990
405 2730
120 2461
1858 2750
1604 2574
499 2659
1046 1694
2251 3115
1708 2219
1143 2346
198 533
773 1802
34 1276
1835 2392
877 2871
203 2997
2289 2293
1443 1967
646 2784
355 1793
1130 3150
689 3015
290 2187
1222 3137
1042 2178
1660 2705
1301 1474
2025 2609
2018 2768
313 2561
203 3009
1191 2207
146 378
87 193
2202 2583
717 2344
821 2214
411 2750
1237 1880
1719 2080
564 2004
1509 2542
1856 2472
1014 1858
1957 2324
2693 2705
686 918
328 2212
1579 2746
2454 2727
1168 1304
1858 2964
1587 2696
346 491
20 1066
1459 1526
202 412
59 565
971 2296
2533 2616
180 1946
1106 1588
2614 2690
179 2022
2076 3000
801 1520
2522 3187
2303 2750
842 1182
1613 1955
77 667
642 2010
1153 1474
20 1142
239 932
1858 1881
981 1296
1689 1861
1027 3028
1351 2651
282 1903
7 643
1571 2009
1858 2665
539 2761
70 2398
59 1403
1921 2624
1237 2172
1691 2947
1345 2347
2509 2795
406 1016
571 3116
2763 2787
1224 2292
2060 2137
1081 3021
284 2859
359 2434
2017 2041
1566 1644
33 2590
2892 2899
73 2963
1584 2326
857 1834
2294 2765
2371 2401
582 1187
195 1323
1063 2559
1084 2816
2156 2454
1151 1778
1966 2217
868 1715
32 3012
4 2767
1161 2954
1765 2265
187 812
568 1509
1270 3068
1244 2616
2017 2379
136 3057
378 1233
2078 2130
161 773
514 2109
1261 2562
713 2044
1613 2258
2433 2513
1074 1278
1211 2089
380 1248
1595 1995
1105 2103
1767 2212
131 1754
616 2614
536 2008
1271 2229
303 1212
19 1261
1580 2907
243 1559
688 1591
1443 2071
2239 3163
316 1463
1232 2002
182 1637
2839 2905
332 1335
254 780
429 1991
427 1887
1217 1578
842 2777
589 697
1523 2918
1639 1811
223 2199
140 2109
253 1997
733 1644
65 550
665 1942
848 2273
1285 1954
837 973
2448 3186
326 411
661 1325
869 1188
1960 2120
493 3106
2863 3176
252 1219
1863 3180
1452 2537
202 575
1090 1836
542 3134
886 1274
1172 2089
2310 3058
969 2481
1446 1905
548 1829
1250 1401
515 1697
79 2596
1074 2151
2011 2200
1222 1416
1176 3108
1195 3198
984 2971
685 2857
2616 2838
873 1045
1535 3065
84 2361
2677 3033
1984 2453
211 2769
1858 2532
214 1844
2746 3184
504 2873
1106 1858
484 1781
1006 1763
2412 2975
1245 2267
1662 2718
99 2643
2498 2506
1986 2316
497 3166
88 798
215 1735
1792 2427
1386 1544
1469 2934
461 2132
635 1832
42 2554
298 551
1549 2303
1088 1253
451 684
