4000
596 3507
525 2241
715 3347
3002 3084
2414 2744
108 2302
469 2148
2049 2660
311 2074
2817 3718
639 1264
14 2796
2834 3446
1017 2407
2774 3087
2113 2484
2431 3656
1723 2372
1180 3621
3456 3969
111 2266
326 2944
2361 3033
399 2628
234 2341
2018 3819
1706 3463
1512 2937
2539 3823
1064 3387
3020 3650
2022 3042
629 3652
2480 3710
2113 3907
1753 2987
920 1464
143 843
2640 3921
2711 3745
2044 3493
1232 1622
3218 3811
2581 3370
109 1759
295 3863
6 1994
1545 1625
722 1959
304 2924
2873 2915
1375 2448
324 859
2668 3225
1636 2332
2233 2892
115 1903
556 3296
359 524
994 3680
1462 3502
1185 3556
983 1093
1578 2139
3550 3831
2165 3562
3143 3617
249 2379
167 633
2246 3027
1297 2845
71 2508
1954 2408
332 1244
2809 3900
1527 1711
1177 2920
2824 2967
606 1479
432 3792
400 2444
3044 3784
176 1146
324 2569
839 3734
1023 2952
783 2912
1886 3008
268 1964
935 2210
803 2580
482 2642
1871 2867
1 2057
926 3482
234 410
727 1813
3143 3639
2871 3444
202 619
3563 3987
2357 3990
427 1819
2633 2726
2042 3269
11 3570
1581 1962
354 1222
1324 2505
998 3779
270 3469
1027 2943
1433 3786
52 984
365 3714
47 2258
803 1695
412 3932
79 1071
2379 3688
395 963
643 3264
1349 2019
9 2711
1806 2814
114 1331
1403 3616
1816 1966
1246 3692
1592 3757
527 1273
2585 2764
536 3886
2072 2842
1241 2015
2046 3144
2278 3664
96 3538
2088 3576
530 834
161 2794
1400 2717
714 2543
2598 3753
2707 3813
2860 3637
1543 3421
1272 3888
1078 1439
1872 2017
944 3980
903 2700
2527 3994
2031 3419
1484 3105
1833 2421
1073 2019
1500 1823
345 2175
323 2935
1633 2535
1450 1650
2466 3622
151 1092
1288 3637
3279 3346
395 893
1229 3659
1935 2813
2146 2318
97 2534
1732 3808
1174 2946
1169 2055
61 3457
2994 3943
1314 3093
266 1159
1406 1738
2265 2671
319 1532
1406 3275
2963 3602
2201 2362
1656 3476
71 87
607 3486
2943 3794
667 2065
577 3038
380 2821
969 2648
1296 3536
1419 2298
1990 3112
1115 2992
2203 3381
1520 1961
3038 3602
866 2157
724 1996
1636 2562
2854 3045
296 1318
2335 2930
1278 2191
526 3817
1137 2657
20 3374
99 3021
788 3988
1769 2058
441 3787
822 2311
1207 1813
2276 2412
1147 3926
3490 3838
821 1962
898 3297
996 2790
2108 3870
117 2269
1731 3527
3701 3733
2038 2190
931 2963
1318 1708
3412 3686
446 3590
619 1989
1705 2561
2724 2752
1844 3787
979 2357
324 1155
423 2529
2001 2928
2187 3817
1532 1907
1664 1807
2772 3997
2695 2970
335 1566
427 1148
396 2956
2845 3922
723 1761
1733 3844
893 3999
259 1488
880 3758
3441 3894
3306 3476
213 1693
715 1082
837 3317
1796 2756
330 1909
2326 3605
1279 3690
1562 2804
2355 3804
1307 3232
1730 1741
317 3044
353 359
1958 2273
2433 3532
1228 1267
1922 3173
327 2187
988 1333
2430 3806
2925 3263
2623 3911
1268 3641
962 2833
2603 3371
1674 2964
1092 1716
3302 3352
1290 3018
1016 1932
3095 3456
2405 3918
2082 2774
1461 3222
1206 1519
757 3806
255 884
121 2381
108 3945
1251 3907
1074 2125
48 3052
939 2253
2088 2174
2817 3872
2636 3921
1670 3498
1458 1933
2732 3032
3246 3748
1435 1796
264 3880
1865 2999
370 452
487 684
972 1108
1688 2873
2402 2849
2170 2819
2373 2629
2519 2641
531 3616
348 2790
1147 2692
1634 3763
2146 2540
1614 3143
742 1580
1889 1913
95 179
106 2236
2405 3519
543 2097
2865 3412
206 1696
213 3730
1496 2915
1989 2766
823 2005
1840 2774
1171 1670
108 1070
457 608
349 1441
2131 3140
2371 3078
2184 2291
706 1305
1966 3873
2481 3128
2919 3233
2174 2357
1649 3252
1023 3732
2372 3120
536 2614
259 2133
1788 3157
1098 3833
2238 2884
2880 3037
241 2662
411 3743
37 607
961 1588
239 1453
2822 3163
1579 2126
1504 3762
3772 3818
746 1339
1584 2721
322 3881
3012 3123
3345 3450
3170 3621
1137 2367
874 1150
2197 2877
1552 2570
1867 2551
1309 2048
666 1969
319 1825
249 3413
31 454
898 3621
349 3310
2157 2627
855 1042
178 2100
413 3831
319 3424
180 2065
2144 3833
56 849
162 3739
641 1189
3304 3918
3190 3492
1751 3604
101 3645
1540 2522
725 3319
695 1870
2164 2852
1669 3419
1328 2178
7 739
825 2992
815 3979
1469 3462
920 3522
2131 3806
1051 3657
615 2988
2525 3950
1530 1930
296 2928
1787 2773
18 2634
789 2418
595 2911
1824 3327
2551 3924
34 1831
1989 2328
3695 3754
410 3194
677 3870
2625 3724
1067 2629
2337 3130
1753 3770
859 1482
1426 1625
3575 3625
1516 1696
1143 1853
197 210
2064 2777
1290 1385
840 2727
649 806
3149 3208
77 1994
1701 2673
1838 3648
1480 2166
1183 3386
2286 3609
2443 2917
1876 2710
1626 3446
2784 3920
1132 3315
61 71
2182 3400
1575 2342
10 3631
1722 3023
434 1629
3378 3456
2918 3075
86 444
1178 3796
2413 2798
2650 3829
1358 3623
1007 1165
1615 2718
537 3413
1922 2273
2949 3941
611 1304
740 1476
1119 1824
864 3403
2524 2660
2878 3579
1525 3856
2367 2733
1770 2857
2320 2366
722 1947
1294 1558
1038 3417
1025 3671
3875 3881
3258 3463
2310 3896
2826 3918
2900 2973
1022 2842
916 2974
2406 3618
161 2724
1255 3028
505 3027
110 2855
1448 2913
2720 2791
705 1065
831 2921
1962 3957
740 2610
697 852
101 3230
2195 3266
885 1501
2337 3176
1465 2197
295 2010
1199 3252
1305 2453
2094 2802
871 2373
3182 3480
2025 3722
2945 3623
1155 2069
1056 2315
2143 2302
442 2548
1605 3548
674 3263
231 287
3452 3602
320 1140
51 1046
50 732
2966 3999
764 3486
853 1283
1394 3433
1084 2208
1544 2647
3517 3832
3596 3740
684 2853
1900 3229
174 3133
1766 2207
1686 3697
394 3376
596 1627
41 1978
238 1456
688 1513
1720 3195
1065 1582
2762 3414
1896 2479
3218 3360
2127 3379
868 3379
2955 3719
761 1313
111 3741
866 2027
516 2397
671 3746
2393 3666
621 1125
1947 3024
1824 3131
1748 2217
415 3091
1613 3557
2830 2840
446 3955
2041 2873
683 1507
14 2050
2832 3010
1444 1574
571 592
2083 2213
450 1824
804 3705
949 1753
1740 3828
1039 2573
1278 3369
85 477
131 2466
2471 3110
2105 2461
101 657
2578 3166
1703 1957
1581 3214
1587 1946
181 854
2348 2559
808 2468
237 2233
489 1109
952 1201
1786 3839
900 2564
703 3496
275 3175
363 877
426 2700
1725 3715
217 3575
638 3797
989 2976
2077 2592
2903 3621
2348 2499
66 2971
108 1339
3267 3965
607 1389
3115 3842
782 3571
3214 3723
1851 2691
1533 1893
2263 3225
2042 2598
895 3155
1459 3746
846 3423
2307 3918
2001 3567
6 1065
1876 2285
791 2793
66 876
1952 2163
338 3418
405 2786
281 3857
1734 3384
1051 3617
513 626
480 3173
1632 2200
2704 3436
468 2418
2866 3267
142 3288
1954 3266
1846 2940
862 2983
446 3223
2030 2136
2008 3039
490 2685
1916 2208
2559 2668
436 2865
428 3746
365 2746
1232 3452
61 2009
436 2302
2522 2877
2515 3425
745 2219
605 3390
243 2265
1979 2145
1491 3244
321 3518
2111 2384
1491 2542
3014 3182
261 392
716 1261
470 662
1181 3434
528 2325
908 3415
59 1967
1457 2955
1452 2457
2351 3915
1125 2805
790 1332
2594 3048
1557 1772
3749 3946
1028 3921
268 2460
2731 3521
817 2349
166 2741
2001 3743
1028 3048
758 1274
1043 2164
1079 1957
1600 3467
2855 3403
257 3479
400 487
542 3986
107 961
3335 3485
92 2043
630 1008
512 3450
1671 2247
922 3677
2422 3806
1766 3851
2611 3395
1151 3302
424 629
1949 2414
940 1341
30 2582
2032 3936
2829 2880
3291 3808
175 3067
674 3577
1498 2659
1294 2336
1281 2914
765 1397
3447 3474
3358 3725
1950 3676
784 3703
1004 2911
106 857
439 2821
3121 3968
13 3351
1677 1856
99 2154
177 3235
1633 3100
330 2255
1972 2984
164 2190
2864 2980
208 996
1477 2691
136 1723
862 1260
107 584
293 1344
1551 2478
1240 2664
17 2624
389 1471
195 1087
1554 3203
2414 3058
1104 2668
634 2501
1184 1790
1198 3046
1629 2011
2316 2317
1809 3476
1650 3024
346 1436
255 3516
3059 3864
2563 2583
1387 2675
833 3052
181 670
1964 3100
1601 3664
674 1596
974 2004
1250 3331
64 1129
3299 3390
110 713
2364 2795
822 3074
1673 2022
70 2485
429 2640
981 2262
629 807
116 379
3162 3327
3133 3907
609 968
824 1600
451 1621
1328 3697
1649 3345
3603 3722
1774 2292
1737 1912
287 2992
1714 3883
3371 3626
3191 3558
63 1593
375 3015
983 1408
1066 2959
887 1017
419 796
2334 2865
2783 3054
650 1944
573 3597
799 2172
1499 3573
2580 3340
269 1920
9 2765
582 1883
673 3774
190 413
1467 1581
747 1043
223 890
312 1501
337 3758
882 1365
648 2115
1383 3797
2313 3111
1077 2574
880 2924
795 3103
44 1582
661 1571
589 2401
340 871
1905 2023
771 2442
2000 2815
1799 2681
946 2658
1475 3435
297 1524
13 3336
292 2327
1828 2569
1237 3158
436 1226
932 3875
1235 3013
974 3031
1110 2729
2260 2634
854 2302
192 3537
2842 3777
519 1357
2040 2106
978 2239
344 1859
2014 2602
337 477
958 3707
519 1073
1619 3993
3103 3528
1712 3193
2487 3727
3660 3934
1300 3640
612 1036
1783 3627
1515 3189
1753 2260
128 349
2400 3337
201 898
192 3837
92 2666
1618 3259
1600 2434
2190 3569
1698 3146
1478 3246
589 2103
1655 1997
1799 2046
1939 2057
1106 2310
1656 2932
1525 2862
2968 2992
2086 3266
1076 3128
2481 3364
487 1170
137 3432
2758 2888
168 3113
2344 3473
2120 2387
2221 2302
1145 2182
176 1522
2144 3966
968 2759
238 1718
2420 2820
971 1579
2637 2977
488 3412
725 2917
591 2766
2081 3335
2614 3519
2281 3238
563 3159
452 3626
964 2458
550 3185
2923 3885
1941 3143
2799 3122
1798 2763
675 1848
124 2852
2459 3764
3587 3888
2785 3455
1878 3877
3524 3680
281 1242
242 2812
2320 3156
3679 3965
1255 3949
1340 3817
46 187
2048 3870
157 1711
1019 2027
3156 3998
775 2274
105 3961
1336 3344
540 2824
1915 3483
1126 1472
942 3803
1195 2004
1630 3145
252 1264
60 2640
387 2382
3434 3950
440 1723
273 430
807 2918
275 3324
1296 2417
280 1284
2157 3579
2350 2584
1814 3867
367 2345
2041 2526
558 2729
1676 2641
2635 3918
3656 3876
1182 3525
728 2583
2073 2122
1247 1691
31 1886
505 1641
1864 2988
306 2626
956 3378
2104 2350
896 2334
824 1014
3171 3582
1591 3212
862 3512
2781 3349
468 2747
3152 3291
70 3795
1502 3856
1010 3815
934 2576
3100 3832
2634 3360
2953 3551
328 977
1791 1802
1049 3657
1329 1830
2082 3145
2057 3442
1418 1568
3066 3149
227 996
321 507
554 1858
688 973
1312 2444
29 3487
2248 3215
869 2261
1013 2238
1486 3890
957 1611
595 1126
477 2071
2585 2873
824 3968
285 690
2924 3824
2702 2922
894 2482
749 1527
693 2275
2778 3755
1285 1904
228 3748
2584 3394
2402 3602
2672 3160
1096 2517
3368 3835
2024 3084
1391 3925
1580 1868
1049 3158
1063 1418
2200 3248
1896 2329
314 2414
1682 1768
498 3504
1369 3371
861 2128
1238 2997
1832 2148
945 3893
685 1051
513 3276
576 2699
842 2816
894 1419
470 3715
3122 3630
518 3224
22 2988
2995 3627
923 1145
1083 2338
694 2294
2037 2108
221 2630
543 1136
521 2952
2233 3782
3937 3940
2990 3488
438 3373
314 3105
2106 2143
976 2503
2055 3852
1898 1925
3901 3980
939 3662
3300 3782
2905 3643
1999 3792
745 1211
1311 3067
126 2956
65 2492
151 1542
2753 3026
277 1893
1040 1369
1048 3950
1468 2452
372 2261
1075 3385
1597 1753
3254 3415
1789 3154
2393 3475
2683 3044
292 3248
2483 3834
746 3247
788 2267
2502 2962
317 3486
881 2784
1623 2695
1170 2524
343 1502
325 2973
844 3525
745 1607
1160 3119
359 3432
854 3165
502 3893
1550 1636
2152 3219
540 1995
766 2120
3349 3778
2311 3530
819 2740
1140 1430
1863 3689
2524 3830
882 927
1411 2543
485 2346
1091 3685
851 2906
1857 2391
293 366
223 2312
2754 3832
310 2087
1536 3466
1304 3173
2342 3677
1412 1506
3332 3858
458 1203
321 630
663 3461
1349 2285
889 3763
2347 3997
1527 3981
2051 3266
2310 2758
1969 2329
244 1374
3516 3760
1646 3244
3156 3236
113 1787
303 2380
1468 3160
2845 3481
781 3675
679 2095
1057 2606
1441 2150
2682 3888
449 1250
3149 3434
2474 2548
1659 3839
82 3454
601 1599
1110 3124
1144 1753
1666 2455
3258 3802
1681 2599
3715 3917
2297 2769
18 1793
2328 3991
2836 3976
1548 1679
1801 3168
239 1379
2516 3072
1925 3266
585 2444
901 3182
3177 3771
743 774
255 3861
1625 3789
1322 2530
5 2885
1577 2706
2276 2704
1671 2947
1773 1917
557 1888
53 3344
354 2394
1202 3077
1378 3342
1035 1091
1414 3078
1650 3511
576 2963
221 3027
2310 3542
1279 2850
868 1408
403 3827
1288 2760
514 2708
80 2737
109 1414
1671 3437
719 953
40 1048
514 617
1328 3641
2842 3533
351 1463
641 1484
383 3591
272 3220
1284 3123
330 929
2405 3196
1432 2234
2349 2543
1282 2510
203 407
803 1654
1359 3565
1670 2568
2422 3921
2433 3148
2991 3956
676 2965
187 3728
2536 3376
182 1405
2390 2894
823 3822
2821 3559
296 386
544 2350
1385 3357
82 3729
1605 3310
323 712
91 3611
720 3258
2240 3699
1617 2842
188 3816
3122 3847
192 3428
1521 2968
216 3251
3561 3760
1065 1777
3903 3973
1567 2605
433 3914
1323 3432
2732 3038
2054 2633
525 3188
223 829
425 1428
3713 3789
2134 2550
15 2158
1293 2267
750 1126
965 3218
209 487
2689 3714
3504 3707
165 976
717 1467
381 1429
1509 3485
302 2520
1194 2760
2626 3310
3427 3696
885 902
433 2117
1791 1877
811 1886
882 1321
485 1696
2330 2463
1060 1705
3251 3431
2162 3746
2207 2340
2522 3627
617 891
2925 2988
3270 3458
1337 3376
672 3495
45 2632
994 1065
146 2509
1023 1660
759 3334
3266 3525
1731 3344
2163 3907
1682 3062
1149 2975
1459 1951
1536 2280
961 3702
1452 1608
911 1416
733 3229
2742 3559
313 2934
132 2008
59 444
1994 2407
1494 3752
288 3540
1236 2901
1499 3129
246 2138
2248 2875
400 962
849 2309
2719 3690
686 732
1278 3987
1018 1840
2310 3927
1648 2233
1606 3546
1909 2370
2565 3894
262 2221
549 2019
708 2302
3076 3158
1326 2001
803 959
479 3624
1399 3929
1913 3609
2039 3082
2457 3748
738 820
1075 3543
101 2337
1001 3165
26 2709
324 2825
178 456
2536 3034
2177 3923
256 406
210 2133
2153 2679
118 1793
838 1468
360 2376
305 1079
1513 3107
1456 2302
3535 3911
2482 3205
3425 3706
112 634
397 1897
1471 3350
949 3094
2304 3633
253 2477
1371 2290
590 2168
1100 2944
2261 3986
1929 3621
103 1307
413 1087
2364 2601
1792 3704
938 1218
778 2035
1501 2068
1103 2428
687 1020
467 1350
643 2734
935 3267
1803 3733
360 526
3081 3128
824 1750
1948 2708
954 3326
917 3212
2595 3100
1694 2562
2243 3918
209 1254
2208 2238
814 2378
311 3065
1587 2876
775 885
793 2890
681 3407
328 3690
2367 2942
987 3845
618 2806
398 1147
2173 3591
1377 3266
154 1454
667 2168
122 1742
351 3036
287 2053
105 1975
142 3960
732 1225
199 518
3102 3793
716 2317
1511 2261
2618 3244
1368 1650
653 917
533 3481
3339 3556
49 3003
1603 3474
86 1562
1072 2683
1316 3905
372 465
390 492
2151 3600
2301 3293
324 3212
1191 3741
594 1514
1469 2229
32 1610
120 1210
760 881
1167 1700
811 1473
1717 2730
177 2634
1433 3962
1949 2869
1919 2409
1254 3568
119 2165
176 2391
2803 3951
630 1446
1003 3628
3139 3819
1628 2357
1758 3130
324 3720
536 3372
1794 2605
322 670
2001 2668
2450 3770
1306 1612
38 1700
103 1061
2030 2464
3541 3545
2476 3687
1953 3475
1443 3695
1244 1600
2239 3607
1130 3138
389 2741
1497 3476
377 2498
794 2976
1431 1591
605 2777
1089 2855
1837 3820
2693 3806
554 3905
2716 3931
145 488
2458 2879
384 1672
1964 3007
866 2293
27 339
948 3027
730 788
597 2351
2611 3243
1274 1871
1751 2720
1592 3476
773 2000
550 3884
2307 3589
1313 3846
764 1747
2554 3429
3207 3899
1981 3023
82 2704
209 1558
1003 3910
177 1567
1352 3353
180 2265
1925 2109
2170 3878
1824 2961
2277 2966
154 473
555 2557
863 1436
552 2267
1030 1120
1280 3151
2026 3157
139 2262
1132 2261
1508 2575
12 1857
639 3838
813 1755
2090 2887
375 1609
388 3055
119 1547
872 1306
2123 2628
1158 2006
2343 3361
1249 3300
2461 2770
202 3952
924 1560
2192 3617
957 2083
117 569
3096 3620
2889 3914
2960 3007
581 3398
1051 3690
1767 1801
1925 2934
968 1973
165 3867
45 3974
661 1372
2099 3927
2818 3384
2907 3609
242 3761
804 3986
2239 3788
1923 2359
36 859
294 458
1616 2332
2550 3743
71 3428
1523 2822
1425 3337
463 2475
1422 1888
1126 1976
248 3355
2185 3060
1287 1938
2249 3948
1587 3302
193 2736
2391 3942
45 2015
1127 1651
3053 3777
81 2124
271 3341
2954 3406
704 2022
3585 3716
2116 2451
3191 3325
1298 2507
2190 2927
208 687
55 1188
1604 3645
11 2230
215 1888
3190 3684
604 1673
1303 2557
656 2367
2458 2975
1963 3925
2626 3973
2712 3032
83 341
2247 3180
1737 1886
2008 2109
779 2691
1849 2454
1753 2831
208 1532
784 1673
1406 3750
1762 2497
503 1760
3335 3733
570 974
3500 3750
63 2808
74 3635
796 1079
832 2161
943 1602
943 1291
3000 3304
1969 2414
225 3160
2185 3941
384 1339
118 1384
443 3374
274 1045
533 3086
397 3989
213 2586
664 3919
131 1745
1118 1973
1299 3976
1902 3412
873 2116
1246 3230
2330 3426
19 1175
477 2381
73 1175
2871 3845
3583 3928
2444 3541
3417 3758
2613 3373
1280 3979
924 986
3091 3239
2440 2827
691 1721
35 3961
427 3434
2624 3743
351 397
1084 2446
2994 3876
20 3440
667 3041
614 3254
3062 3305
613 3035
1392 1399
2461 3782
1554 2555
1289 3665
1011 2494
45 2143
1814 3698
189 2849
2071 3721
43 3491
1560 3093
583 2250
1361 2306
347 3629
1753 2396
1647 2015
1146 2278
368 3797
1412 3674
991 2024
1332 2288
2154 3019
1271 3817
1205 2181
1993 3605
618 1653
664 1699
2685 3568
626 1892
2656 3125
3005 3188
455 631
3081 3430
2337 3559
330 2067
3292 3455
1102 1484
1301 2410
477 3333
1128 1521
436 3296
283 1810
1956 3206
1575 3580
90 125
1025 3892
2070 3298
362 2920
674 755
411 3376
1185 3947
229 2061
337 3413
1871 3817
477 2089
1389 3736
780 1528
3593 3876
287 814
245 660
491 1066
2055 2466
2989 3565
177 1956
404 509
3321 3571
284 1711
457 3171
2222 2493
565 1842
400 2656
2866 3256
1389 2901
1182 3057
1485 3410
2292 2993
1155 3471
3382 3732
726 2551
1808 3565
1419 2098
1398 3318
1233 2793
2330 2820
2144 3906
918 2346
2381 2385
1448 1582
841 2845
1069 3977
731 3089
3822 3963
1616 3950
2405 3282
2623 2873
1341 3476
866 2839
701 2849
1987 3702
3612 3687
1114 1920
989 2722
752 3071
26 61
2214 2504
927 1873
2152 3512
786 2129
576 1895
1715 3689
95 2393
521 2629
275 1802
3164 3479
8 1306
3116 3122
769 2955
1327 2419
1024 2427
2193 2882
307 2419
690 1878
1493 3971
743 2261
765 2345
350 587
1807 1950
609 999
2432 3870
1947 2461
1973 3402
277 3444
1469 1512
1829 3494
1919 3768
882 1871
931 2388
208 3095
1120 3594
2651 3967
960 3616
1190 3052
365 3286
1179 2400
373 3150
267 1280
472 769
2719 3655
1189 3271
685 1023
1642 3655
709 1399
91 2807
1528 3775
808 2652
1058 1977
2963 3441
2204 3506
3215 3502
300 1880
1516 2903
663 975
2067 3601
1973 2591
1813 3869
2722 3438
3645 3683
634 2017
560 2992
612 1909
1567 3423
341 2441
2105 3992
2093 2874
1373 3186
514 989
2101 3977
2748 3416
1966 2694
341 1323
1640 3210
108 3160
2484 3964
3260 3797
3823 3862
1667 3278
1084 3637
1481 4000
362 2868
1922 2397
1381 1717
2770 3793
101 3579
1719 3407
3143 3955
1284 3693
811 2793
1420 2746
1738 2856
1340 2951
598 2507
1924 3897
653 1352
89 2752
1445 1769
946 3096
324 3354
1734 3850
510 1244
414 2935
1051 2350
1644 2097
2802 3460
1771 3258
266 1995
3176 3531
181 2185
2957 3000
1711 2531
1122 2194
2109 3656
3010 3624
1014 1146
835 3634
1735 3528
134 2900
3465 3722
2467 2608
365 3965
1133 3239
2577 3426
495 1654
802 3874
233 2133
287 3265
131 1919
395 2948
292 2984
1080 1734
1230 2173
1535 3456
748 1310
196 1083
91 1070
732 2393
1905 1961
166 2084
2267 2730
283 1153
1540 1871
778 2261
2559 2999
1355 3669
208 1847
1491 2076
2628 2732
3497 3909
2969 3465
2415 2849
609 3888
3358 3526
1448 3172
917 2809
1437 2366
532 3921
140 546
2406 3560
2411 3995
2148 2479
2426 2695
672 3529
754 1075
1084 2691
2011 2559
514 2045
1168 3302
1820 2022
1964 3393
1423 1969
3339 3534
1416 2524
562 1683
512 733
446 1914
828 1358
1345 2207
236 2917
63 1126
579 2679
691 3448
2522 3283
1683 2598
862 1115
3597 3904
116 881
2545 2602
2350 3237
3554 3600
2917 3899
2301 3163
3196 3820
1915 3927
586 2295
1823 1850
2132 3122
1229 2183
2461 3463
2780 3943
996 2257
1583 3724
2898 3779
14 1947
1531 3598
1581 3595
1183 1767
84 1058
969 1256
759 2938
409 2284
357 3818
453 3187
1361 3815
1843 2665
2357 3806
2003 2624
1846 2171
2338 3658
1378 3958
1693 2557
1052 3541
3069 3370
1182 1906
462 2810
335 2571
1034 1249
1402 3602
633 3443
2857 3515
149 980
665 3816
371 2488
2031 3262
3552 3694
184 858
1051 3038
2007 3304
911 2977
1062 2530
1103 3667
543 1223
433 2129
1121 1516
426 3908
389 464
3566 3878
521 2244
2739 2773
1529 2387
61 571
393 3453
2340 3722
2235 3234
1224 1984
2837 3564
1522 2957
2725 2857
826 2627
1797 2950
878 3709
2676 2843
961 2478
1763 2864
1486 1558
969 1755
2149 2797
702 1419
1494 2731
1625 3836
1002 1071
2999 3064
2513 3921
1980 3623
741 3840
2677 3611
376 1427
1772 3055
1279 2006
2427 3589
1059 1836
349 1257
506 744
1774 3135
2985 2998
1708 1712
3905 3994
2684 2687
1501 1667
1465 2981
231 3946
63 1469
740 3715
2342 3451
1779 2882
421 1242
778 3349
3032 3678
3357 3376
1598 2323
1284 3579
2410 3428
101 1729
477 1191
349 667
739 1831
600 1035
2444 2789
2909 3807
309 3474
81 401
310 2282
731 3891
848 2897
308 2758
2767 3961
76 249
1198 2466
1353 1611
1709 2097
396 1196
1239 3502
2669 2787
3872 3898
821 2026
286 1486
1016 1320
572 3684
373 769
3000 3961
1461 2788
1887 3770
1334 1612
1921 2557
1177 2814
1084 3160
4 1765
1920 2419
1961 3142
2775 3984
1021 3979
2496 3172
1723 2872
691 1516
1100 3114
1047 3452
41 2644
1772 2271
1815 1944
1185 2770
63 1740
1556 3899
2772 3741
5 1673
1931 3204
371 815
591 695
1338 1962
651 1339
177 3712
110 973
311 1913
318 1326
3342 3366
542 3975
2010 2523
1822 3788
2844 3887
928 1878
1427 2811
3148 3634
435 3034
1174 2169
198 1359
37 2661
1152 1244
2953 3084
486 1495
397 2101
460 1753
63 1625
726 1577
270 3022
1202 3438
2178 2712
226 1684
2070 3860
875 2167
497 1835
2368 3570
298 3113
2835 3609
1796 3346
2431 3307
1335 1853
1292 3026
941 1521
152 3647
849 3654
1182 1631
1393 2822
762 3130
182 2001
132 1983
1483 1689
3499 3667
169 1541
1164 3509
471 482
227 2126
734 2174
207 3373
420 2979
338 2628
1125 1491
110 839
1147 3391
3251 3395
111 2490
30 2066
1465 3184
1861 2848
718 3411
105 1086
2318 3182
1395 2963
1135 1538
485 3711
2616 3768
1193 2465
28 922
1534 3059
1409 2078
1830 2771
239 1909
3085 3914
183 3497
1142 2895
798 2284
1360 2893
1566 3004
3241 3390
415 1799
847 3289
448 2976
2211 3173
904 3130
2768 3741
2032 3914
342 3376
2194 3856
3316 3709
2392 3067
1728 1732
3108 3630
468 3883
478 2746
37 1890
1100 2621
1881 3288
862 1071
25 1820
257 2845
1396 3895
1662 3777
977 1407
3494 3588
723 3651
1085 2128
1714 2083
2121 3621
2444 3273
1526 3395
1228 2787
404 419
1183 3373
1130 3466
152 2053
278 3798
235 407
421 3709
1172 2523
834 3446
1247 3208
110 184
1191 3016
1908 2258
1135 2145
260 2609
283 2379
1878 2462
258 1438
2526 3653
3449 3456
1683 3071
2468 2497
1552 3619
2431 3422
486 2018
574 2703
2730 2865
1765 2485
1710 3094
1313 1435
2135 2337
3047 3713
2389 2636
2145 3201
1255 2407
1145 3791
1977 2779
167 3915
650 668
2118 3342
2551 2895
1509 3294
396 1496
262 1173
2424 3889
587 3691
123 1470
1479 3816
598 836
576 1727
203 641
1935 2225
2846 3758
3226 3418
1065 2156
2147 2963
1655 1720
209 2016
78 674
1925 2327
3270 3865
1226 1937
1286 3160
218 3709
893 3433
802 2784
2335 2852
5 2532
1472 3805
1166 2208
1108 2254
2281 3589
185 2456
2464 3625
574 3657
471 3796
373 2912
770 2452
1640 2386
1701 2362
2276 2865
1638 1955
2790 3781
1095 3122
1976 3373
2727 3408
574 1698
283 511
141 1931
1862 2419
892 3631
1592 2556
313 2985
3730 3810
2439 3878
2095 2231
526 1742
2431 2512
96 1828
1501 3927
1099 2273
1068 3981
1229 3183
194 2087
178 2125
1131 2357
1985 2458
102 3778
311 2590
1066 1286
566 3098
899 1189
110 1540
1884 2209
1756 2352
2335 3599
1476 2997
3614 3704
305 3040
2167 3413
950 3385
2843 3574
575 1549
816 2891
1974 3953
2079 3232
1927 3326
541 2957
742 3141
1445 1468
193 3389
635 2301
2060 3056
1284 2517
1282 2886
2091 2648
2796 3792
2335 3080
691 2475
62 979
1616 3885
2259 2670
2176 2342
501 3086
110 2988
368 1692
1528 2369
1449 2300
609 1416
1460 3647
2934 3308
1369 3220
303 2880
600 2093
1117 2790
1231 1604
494 2304
1469 3474
459 3259
3704 3841
864 3092
2435 2784
2242 2872
229 3754
1969 2071
72 3637
1516 2639
646 3579
447 2078
237 2268
492 1356
903 1589
659 3304
635 1795
3785 3864
52 1432
2322 2569
277 675
282 3535
600 2092
1051 2838
3208 3930
223 1204
2135 2991
1473 3272
1860 1871
2719 3485
437 1832
1864 3367
851 3223
65 2744
809 2954
69 1141
358 2670
1818 3326
1485 1898
440 1070
1607 3459
2674 2694
173 3724
35 410
2302 2342
1417 2301
1670 3025
736 3020
483 2970
1516 3743
1090 3812
1354 2912
1266 2101
756 2701
2102 3571
951 3891
3358 3662
339 3670
1285 2844
75 850
2990 3322
2565 2643
1898 3797
1799 3169
2514 3505
732 3269
393 3341
1277 2529
1058 2036
2349 3343
692 2928
1522 3253
2400 3927
545 2982
933 1264
276 1876
742 807
1135 2459
2511 3637
2239 3217
3215 3843
1840 3660
1044 1580
993 1170
2363 3883
1919 3059
2311 3602
1369 2757
3395 3525
2184 3741
1033 1547
2395 3503
2179 2863
349 385
1244 3913
3313 3344
2205 2219
172 2820
290 1874
1368 2470
2135 3188
2143 3470
15 2487
861 3303
250 935
1093 1219
3027 3314
1302 3655
2436 3861
2170 3825
980 1302
745 3627
2164 3333
99 2925
2198 3165
1070 3872
737 1445
1545 3478
1700 3231
1201 1298
56 2033
1997 3662
3291 3477
164 1404
2461 2917
186 3056
943 1884
1095 1901
1270 2337
140 3950
1172 2179
71 2432
1053 1829
1057 2824
100 458
1576 3291
1475 2297
805 3580
927 3608
314 3927
357 1280
15 926
278 3259
797 3911
1967 2620
208 258
500 2750
1971 2018
1455 3484
123 2297
577 1555
722 2882
1432 2350
377 2768
2516 2522
156 3726
1824 3672
1624 2137
2963 3266
2541 2684
1796 1869
1977 3045
1083 3295
2047 2610
1305 3782
849 2976
547 3895
766 1234
2008 2252
2472 3264
2723 3738
478 1046
1032 1334
1598 2514
1186 2864
1359 2891
735 3573
2604 3776
2581 3855
1995 2618
152 1996
2697 3982
1947 2302
2135 2319
2623 3777
1467 3882
2304 3946
772 3831
1943 3333
1875 2651
2124 3644
830 3192
1931 3643
545 3675
1818 2707
971 3281
1349 3429
2191 2300
2283 3101
726 1992
315 1706
3180 3360
3088 3377
3088 3472
2553 2683
1028 3255
1263 3678
1316 2763
1364 2802
1341 3977
2654 3624
178 2939
436 442
1538 1968
78 2218
909 2680
2407 3082
287 2963
3403 3615
1629 2220
666 2972
1051 1517
1228 3585
61 974
778 1489
1343 3503
664 2302
2576 3816
478 3476
1420 2416
364 2904
1366 2897
655 3669
2668 2705
1347 2614
2232 3576
505 1134
391 852
3 1587
1183 3177
1265 3396
716 2133
2353 3013
1504 2693
305 1224
2359 3045
897 3081
1491 1933
646 654
682 786
147 3925
642 2507
480 2697
3349 3709
702 1746
1416 2357
1778 3806
3061 3267
1015 3832
1088 2122
1127 2570
1572 3794
101 721
1594 2914
800 3587
845 3542
1135 3581
1764 1900
1516 2524
895 3966
31 2390
1791 2284
1028 3674
1424 2803
41 2480
99 640
1947 3067
1756 2584
354 3341
1924 3266
1866 3462
1310 1607
2228 3765
1573 3023
2580 3027
1378 1838
1240 2338
807 865
71 2750
1157 3021
10 1586
1896 3274
1428 3840
387 3163
416 1654
1535 2259
2004 3062
964 2254
2323 3109
1655 1784
543 2953
1503 3769
2356 3269
1201 2962
713 2469
3571 3598
441 3227
917 2749
719 1151
2599 3485
3476 3926
1320 1398
1048 3503
2908 3188
3435 3917
32 2130
37 1940
93 125
408 1482
475 3169
1522 3185
1135 3338
163 2395
114 635
21 955
399 2237
14 1598
2958 3514
725 799
1319 2719
636 1095
3323 3333
153 1610
1931 3079
263 3675
2289 3404
2939 3931
49 557
283 517
478 2357
1491 3434
145 2140
698 2979
1743 2433
2602 3782
1990 2837
1399 1674
2020 2066
1786 3104
624 2984
2207 3059
964 3911
530 2320
2128 3059
16 3473
45 2283
81 3458
505 1856
402 2335
505 3578
369 1465
75 2730
38 143
256 2813
326 3096
808 2524
1275 3407
548 2368
1817 1982
978 1541
860 1774
1727 1882
888 3336
350 2246
1045 2515
2507 2524
575 785
355 2472
420 446
1343 3572
1523 1775
625 3766
291 1724
3038 3821
650 2359
725 2534
751 1611
1845 2561
881 3773
2302 2357
757 1811
2012 2112
588 2963
362 3859
832 1980
2034 2298
1038 3856
2287 2950
222 509
2812 3501
619 2567
583 2910
255 568
265 714
866 1911
2841 3270
639 778
2842 3361
3228 3650
2337 3160
1179 1209
2160 3846
171 3715
1137 3738
2692 2859
966 1960
628 3072
704 992
648 3343
913 1633
3520 3913
1253 3976
1103 1257
209 1910
1371 3927
570 1351
3027 3100
303 1759
652 2923
1855 3808
55 214
1743 2767
2994 3669
634 1933
3587 3915
1748 2393
247 436
866 2649
4 2019
2169 3261
1186 1789
508 1799
81 982
2212 2341
1753 3343
3585 3768
185 427
210 535
1908 2173
213 1566
342 3409
670 2429
2088 2762
2761 3389
1140 3690
975 3095
635 1890
2500 3423
441 1696
1753 3602
1827 3695
314 1440
1581 1592
478 784
578 3486
177 3249
237 3879
762 985
2506 3573
271 3902
886 2651
489 3692
2132 3646
3464 3977
1284 3513
478 3978
1828 3011
27 1014
133 1654
2809 3848
3592 3782
580 2147
1284 3023
1046 3434
3067 3399
1229 1934
18 3221
727 3049
3208 3728
557 2924
299 2157
1886 2604
1051 2329
353 1330
1063 2745
1331 2782
1554 1749
995 3743
924 1544
2318 3413
1112 1541
1475 2941
245 1464
669 2842
1299 1518
702 2227
1011 2032
504 2342
837 3765
1160 2917
166 220
681 1257
2119 3597
2863 3823
383 921
787 2239
1772 2337
2360 3515
1530 3501
566 3356
57 3130
30 1041
1804 3503
816 1363
240 3673
1844 3026
299 3610
1090 1250
593 2767
1749 3514
159 1880
674 3971
99 539
906 948
1129 3866
2798 3177
2667 3927
23 989
94 3738
907 3492
27 515
2297 2858
2800 3395
715 1051
1704 2775
18 496
1908 2707
10 3910
2754 3966
1773 2903
2957 3779
1401 2895
1123 1699
854 1540
94 3267
42 2065
238 3029
2270 2928
1286 3439
231 2224
1333 2847
2377 2810
1539 2171
399 793
1521 2325
1582 2464
856 1114
2026 2776
1558 3801
725 2438
204 1095
184 3835
1724 2262
1487 2126
1306 2442
808 1250
1878 1976
538 3322
43 2668
1389 2190
763 2809
520 3463
2400 3698
2767 2944
2892 2929
990 1653
316 1530
3133 3796
349 1126
1415 1480
1138 3546
333 1843
1082 1833
676 3597
2583 3858
1736 3680
2354 3448
2188 2294
1342 1369
2013 3175
3234 3639
1909 3918
778 3476
287 938
1059 3677
2046 3284
1012 1486
502 1942
433 3983
2021 2215
2473 3899
257 1931
876 1005
232 1484
1413 2459
650 1220
1839 3911
104 1636
1530 3525
7 700
210 2214
3668 3950
336 607
1332 3455
410 418
178 3832
1977 2737
3014 3868
596 3616
670 3998
569 2464
2462 2622
1615 2523
310 2828
1804 2114
411 1101
84 710
136 1162
346 3831
238 1564
125 649
497 2421
336 3401
477 1787
2223 3746
2714 3377
725 3933
2259 2491
238 461
1649 2996
589 1400
678 1109
1390 3596
331 363
589 1879
1796 1976
212 3405
2386 2877
1741 3769
1998 3977
352 471
2994 3136
2323 3097
2423 3456
2529 3921
2463 3334
3202 3885
725 2784
2479 2546
1265 2412
1007 1444
1569 2435
2668 2727
917 3509
628 3731
3115 3141
870 2518
3633 3735
922 1678
810 1476
718 3803
2870 3012
958 2717
2728 3642
476 1997
2088 2538
812 1613
2792 2970
2530 2918
2323 2596
2334 3554
499 2915
917 3122
121 2675
584 2466
148 2261
2881 3814
115 3866
1540 2686
1426 2715
1666 3955
385 893
2226 2287
681 3750
1516 2617
1028 3547
142 3492
3165 3923
409 2771
365 2070
1988 2743
767 3625
1573 3070
2677 3783
1986 2251
1534 3636
645 1012
768 3138
1050 1163
637 1700
283 3280
436 3087
220 2902
135 3878
641 3392
2493 3085
867 2741
1660 1899
920 3326
1427 1652
707 2169
103 3744
106 2233
1279 3045
1584 2970
978 3485
761 3649
446 1821
945 3038
1318 2687
855 3328
2523 3033
3961 3963
1674 2777
1070 2646
63 3850
2518 2602
1190 2339
2793 3596
378 386
1864 3405
130 2702
1576 2655
385 3767
1130 2928
1215 1925
596 949
1811 2189
374 3677
1684 3250
3119 3809
251 3999
1197 2040
3035 3302
619 780
144 3695
1348 1468
367 3922
1729 2638
3416 3804
29 1161
2282 2978
2472 3832
1421 2568
2386 3118
883 1278
3829 3970
2392 2486
2926 3113
1318 3050
1227 1274
684 3939
158 208
1005 3420
1410 2726
2375 3841
2303 3773
799 3257
1825 2735
2741 3918
2383 3803
1580 3336
3373 3790
3048 3211
2095 3768
176 2186
1382 3748
1340 3191
636 3209
543 3355
1416 1799
610 1737
293 912
380 1483
1510 2175
364 2634
213 1116
1269 1377
1303 2066
582 3029
889 1535
1554 2563
1616 3588
2589 3225
2524 2551
118 1429
728 1193
261 2113
1315 3559
977 3993
322 1849
184 1852
622 1042
1824 2215
230 1082
59 569
399 2883
783 2537
283 2713
557 2308
1250 3083
1176 3925
67 3452
801 1730
2122 2871
1959 3912
277 1248
2384 3286
1908 2096
3134 3687
1373 1885
2444 3960
50 2751
551 2196
2676 3959
58 3223
720 2696
797 2861
1190 2338
409 3137
1620 3889
1097 3620
208 794
1313 3970
1031 1528
56 1235
3112 3258
1697 3709
557 3200
81 784
756 1303
54 1727
14 1572
1132 2931
1421 2276
1455 2831
1010 3617
484 1992
361 3747
539 2547
1807 2065
3343 3648
689 1213
2729 3468
1791 3944
1212 1303
1714 3444
1826 2339
1687 3672
324 2299
1496 2138
2570 3282
917 1456
1637 1871
3110 3671
666 3132
625 2955
3290 3434
244 3609
1041 1258
601 3981
288 757
576 2678
254 3046
505 2411
139 3489
2030 3925
2550 2558
1035 2116
1438 1658
220 375
1668 1730
1035 1925
971 2321
1251 3826
466 1553
127 1461
477 2830
1299 2754
3000 3095
578 3063
221 947
1346 1964
2075 2855
372 2612
2791 3573
2013 3549
2202 2916
1744 3168
659 2404
241 3849
11 3682
753 1620
2137 2185
1818 2374
433 2953
967 3027
575 1610
238 777
711 1474
702 3259
2882 3834
274 925
1434 2148
2391 3289
1850 2337
910 3113
347 488
81 3301
967 4000
620 2448
2763 3650
639 3972
1214 2062
311 1931
2248 3434
903 1213
2239 3905
2561 3681
1785 2830
193 2599
1042 2399
1661 2783
193 1243
2777 3907
1208 2469
3001 3720
599 738
2738 3985
1781 1973
1905 3585
2457 2463
1375 3142
1861 3928
1964 2920
3602 3675
487 1549
738 2110
106 186
1118 3708
1049 2828
916 2916
3010 3589
446 1325
1282 3481
159 3365
1253 2489
1078 2109
949 3539
2284 2851
1247 3523
1635 2217
2043 2749
2165 3379
639 1661
1425 2560
1459 3905
769 1150
529 3927
867 1590
827 1091
1969 2080
1714 1791
1461 2142
583 1690
609 3690
1079 2391
725 2495
2544 3232
1200 3876
2112 3917
193 3153
1372 2018
301 1262
1262 3173
988 3500
616 666
567 2036
1126 2957
994 1386
1205 2988
2298 2694
164 1713
1908 2135
483 1733
1065 1186
109 3178
1054 2105
129 2641
1582 3000
558 3416
366 2405
691 1287
108 2044
33 1689
627 1754
2364 2827
1111 3585
2729 2873
769 2726
3495 3793
568 3117
1320 1607
386 2333
151 2954
200 2724
1843 3077
696 3064
3258 3605
1126 3832
297 3926
1088 3147
1817 3728
565 2969
631 2358
1700 2187
1252 2850
1702 3117
1000 2751
2062 2845
1824 2774
177 302
17 445
138 471
1564 3181
1251 3189
2578 3722
289 2781
1006 2635
1505 2693
928 2848
623 3190
501 534
1760 2040
2842 3291
1046 1172
2216 2861
438 2437
837 1065
3024 3487
3395 3397
1592 2964
384 2315
1645 2007
1665 1966
2109 3695
1139 2159
1496 2755
1537 3981
382 1070
356 1464
2193 2933
2629 3871
649 3932
1124 2813
561 2877
145 1680
219 3927
1726 2473
394 2028
1519 3344
95 2292
466 3055
890 3291
1107 2130
609 2393
41 722
1217 3966
2632 3199
1498 2208
3090 3535
1065 3980
2039 3073
650 1854
1080 2896
744 1197
3737 3963
911 3954
769 2954
304 3759
329 2431
440 1280
543 1534
199 3907
850 1492
1418 2487
566 2992
2409 3197
44 3799
2774 3445
574 1094
914 3413
2720 2770
3143 3173
155 1332
948 3704
670 3370
1213 2077
1289 1789
1317 1447
564 2331
729 1718
559 882
1046 2207
2892 3895
2457 3302
2132 2801
492 2439
1945 3856
457 2245
3062 3385
1079 2324
1730 2832
2133 3617
3485 3786
1437 3717
882 3254
1928 2713
964 3088
522 1603
1752 3570
150 453
2052 3412
255 3950
1580 2170
2233 2587
879 1437
156 3835
1537 3212
2046 3612
512 3751
3638 3864
1859 3562
742 854
1055 2221
905 3879
107 2899
1757 2128
916 2174
1479 3704
1522 2936
1141 1683
1612 2071
20 876
1621 2330
2425 3820
2823 3995
807 3099
1585 2104
609 1989
693 3782
237 2264
883 2085
2320 3937
1145 3690
1595 3827
2398 2852
1264 2279
1424 3756
2021 2593
3268 3385
159 470
3309 3685
1544 2433
594 3258
2557 2743
1563 1731
2395 3388
2447 2464
1276 1334
900 2646
1520 3380
1782 2012
583 1955
814 1841
2400 2738
1940 3285
436 1936
238 422
683 1961
1959 2344
2199 2521
880 2505
1042 1556
2375 3320
1759 2221
2831 3640
37 1009
778 2457
1419 3910
2159 2566
2 980
1130 1812
830 1925
557 3839
2241 3009
609 3662
2623 2728
1134 3051
154 1726
290 1011
1780 2903
1493 3742
778 2019
2786 3630
1800 3906
205 1598
264 880
1302 1495
3338 3348
366 2078
1755 2350
599 3977
649 3488
430 1512
314 883
3301 3853
742 1466
63 71
2964 3916
1309 3780
644 2685
478 607
256 2391
1494 2071
2272 3992
1190 2634
742 3984
32 1805
1441 2811
223 1565
649 1834
1147 3277
3000 3287
2562 3167
2600 3462
170 3608
662 949
694 702
2204 3673
105 1790
2572 3470
396 3889
1154 3553
696 2921
1444 3927
648 2149
2487 3918
1418 3242
1973 2645
1545 2631
1100 1685
271 3570
310 2031
721 2365
792 3292
1172 3800
2271 3807
1591 2057
1472 1490
2180 2631
1656 3883
3330 3570
1156 2842
2928 3659
324 3623
880 3068
776 3477
3187 3381
253 2632
2346 3404
1594 3465
1312 2615
2139 2195
2566 3950
1221 2074
819 2406
191 3998
1742 3312
1360 2287
909 917
1163 1948
1284 1373
995 3544
1192 1802
2916 3383
1283 2877
1422 3560
1739 3582
1026 2087
2575 2634
1706 2471
739 1516
680 3456
1442 3064
513 1591
2916 3427
431 1933
1447 1616
1037 1477
467 3856
1546 2085
2410 3996
3126 3937
523 3612
3329 3817
2091 3663
1776 3928
1048 1510
1081 3921
1707 3659
2746 3584
1643 2411
202 2607
334 3375
417 481
2533 3525
2785 3038
680 3311
1172 3106
21 2247
198 569
2828 3111
553 590
276 632
1371 1986
2174 3606
1302 1548
838 3661
2090 2372
2250 3067
937 3975
821 2295
1620 2815
1105 3970
1451 2368
699 1017
1307 3711
1733 2143
966 2312
1348 2557
219 2155
2118 2256
619 733
1877 2679
1754 2726
643 2816
1077 3282
1970 2052
723 2267
312 3840
1029 3525
2357 3831
1884 2066
270 1380
919 1112
1060 3122
1763 2107
1684 2555
1285 2422
24 1525
2462 3469
877 3087
990 1598
1883 3127
807 3179
679 1974
2284 2608
1138 3349
3296 3932
1992 3362
2002 3518
581 1651
945 2752
2314 3267
648 2653
1227 3755
537 2509
2403 3198
549 573
707 1280
2362 2634
322 2419
275 602
3017 3376
915 2143
1367 2904
1395 3827
718 1302
1187 1501
295 3515
1113 1247
563 2437
2257 3213
1509 3724
711 3599
237 658
2230 3095
795 1558
1926 2172
2393 2926
1362 3999
478 868
291 3080
2588 3542
2973 3244
1273 2260
2680 3510
415 2171
1275 1295
39 1371
303 3613
3432 3932
1045 2976
1344 1360
1965 2163
274 1529
3030 3230
224 1751
658 1376
1389 3006
1799 3552
589 1673
481 3922
493 3188
2056 3814
120 1049
1245 3909
455 883
98 3788
818 2238
2449 3946
485 3363
969 2935
2986 3704
2357 2957
1247 2305
474 577
50 453
1657 2340
1757 2597
2215 3245
621 936
2063 2688
31 909
1064 2329
1894 3910
2985 3359
3043 3867
689 2379
782 2634
1216 1919
733 1543
349 2204
1947 2795
88 3476
458 2868
1991 3903
551 3456
160 3925
1395 1863
462 2736
3251 3739
1303 3553
1663 2106
2698 3547
257 3690
457 2457
1388 3116
361 993
1046 1135
2206 2391
2071 2897
2073 2579
2788 3412
68 924
322 1613
603 1045
2549 2585
1335 2113
3174 3289
1610 1639
100 997
852 1559
373 446
272 2559
1616 2141
1103 3161
876 3632
176 391
2919 3521
1682 1813
2166 2598
2029 3218
2641 3909
2935 3774
310 3375
930 3043
668 3854
478 3460
664 3527
970 2809
1918 2809
74 964
2059 3187
2583 2963
3216 3524
1259 3434
2662 2894
2445 3058
2231 2552
894 2393
3274 3700
357 647
2663 3363
1891 3246
938 2651
3175 3935
490 3938
3240 3911
639 2623
630 2126
1570 2878
486 2690
1989 3508
405 3594
2199 3149
2331 3793
514 876
2085 2296
607 2688
2056 3537
657 3496
380 3555
2240 2511
211 434
1126 2481
1296 3412
1170 3909
287 1039
880 1903
2163 3948
135 1561
260 3981
93 1308
3586 3996
382 3198
1911 2528
2843 3873
496 1370
2619 3427
1430 2803
2765 3463
19 1831
927 2702
1675 3045
258 951
279 3915
1188 3526
