3206
1691 2575
594 1644
608 2014
1623 3058
1535 2011
1065 2345
84 2314
331 3078
219 2095
851 2904
1871 2890
716 2331
356 2621
1509 2193
2264 2617
649 3130
82 1943
366 1746
2134 2338
908 3088
623 2953
1152 2844
2405 2531
1405 2817
945 3036
595 1897
1326 2620
446 1871
43 806
979 3009
269 1140
1350 2639
809 1470
435 2175
921 1501
1522 1871
1871 2557
270 2208
339 1556
309 1818
1509 1938
1410 2833
935 1793
407 1609
1249 1665
2385 3179
1130 1698
1933 2768
252 2830
737 967
1732 2174
1745 2460
1029 2262
2333 2515
996 1274
946 1618
264 2295
1380 3056
1085 3202
1346 2250
1769 1907
1198 1479
1660 2192
1244 2443
1152 2539
1471 2213
895 2299
814 2427
940 1998
154 2285
676 701
248 3052
1643 2904
3063 3105
447 3033
24 2935
1540 2375
529 2896
164 2462
1259 2131
745 2904
1775 2130
2276 3178
2131 2956
111 2418
97 2775
301 326
1476 1905
2371 2723
571 1101
2191 2244
1377 2206
94 2371
1258 1492
1092 2764
2902 3105
1452 1896
325 2726
805 1719
462 1439
82 1149
618 1404
442 555
63 129
1188 2704
295 3010
303 2822
141 820
2504 3051
673 1102
241 3105
155 2378
300 2437
1053 2022
592 3061
597 3105
480 2272
462 2497
584 722
2268 2503
376 2769
2755 3053
191 1659
2355 2456
2360 2704
124 2678
2061 2755
1115 1586
373 498
1198 2602
819 1609
65 1430
364 2463
332 2693
68 921
494 2791
290 913
1530 2727
509 1612
2575 2853
1135 1549
2349 2503
1038 2271
319 2152
248 410
1474 2250
3040 3161
171 283
1212 1504
750 1177
1097 2108
465 1056
1871 2045
71 2169
106 889
56 1225
860 2848
517 1459
150 2493
189 2791
1388 1477
1318 1853
2958 3012
67 716
553 632
768 2715
983 1404
262 1202
533 1770
234 511
1484 2760
245 1138
2847 3014
1718 2857
181 2958
792 1628
92 2717
2038 2332
697 2570
2133 2159
348 942
294 805
887 1061
1379 3049
699 1929
333 358
459 479
625 1661
261 3203
2739 3177
1700 2217
42 883
2030 2591
955 1978
1789 2211
1679 2378
290 981
157 2491
308 671
749 3001
300 1476
122 3186
40 2589
478 2647
2526 2716
3041 3066
2542 2914
551 1847
403 3089
894 2100
569 922
134 2061
428 1043
461 2654
1644 2284
78 475
1296 2827
1698 2543
1500 1530
1507 2816
1345 1441
357 856
544 794
2108 2238
1474 2027
927 3058
172 2044
526 1895
664 1433
1869 2305
498 681
1659 2315
929 1514
387 3005
2399 2629
1226 2582
1421 2262
155 1887
1038 1201
1289 2865
1266 1500
2247 2664
201 1216
1521 1567
2826 3045
591 1165
1312 2917
742 2610
2878 2933
2352 2511
1471 2328
97 1423
589 3118
689 696
2595 3016
1783 2161
947 2136
59 2958
2014 2148
2191 3102
984 2618
1281 2458
1493 2069
1467 2313
740 1553
668 912
1117 3132
2579 2798
2052 3186
660 1738
1276 2247
1003 1596
65 1674
306 1586
2167 3044
1806 2292
9 2777
1203 2910
2038 2060
1490 2225
1057 2762
1879 1932
2248 2846
1731 2174
1221 1436
1188 2186
810 2063
1921 2651
1227 3034
242 1067
25 131
1390 2826
496 889
391 1091
1924 2561
213 1368
3017 3136
818 2527
1208 2610
1246 2373
405 1026
295 2038
1579 3114
2483 3120
888 2776
939 2720
2222 2367
2083 2794
506 1486
1314 2607
1155 1298
2039 3124
1374 2713
587 2640
43 1264
720 2008
1397 2892
289 2571
118 3054
2504 3155
1595 1982
1580 2658
1895 3107
1926 2204
1311 2731
533 2194
2064 3085
2008 3132
198 887
1193 2507
2032 2650
189 870
132 2117
1764 1954
576 2678
2552 2703
668 2384
478 2085
1237 3043
2079 2643
1717 2692
1670 2029
2584 2914
232 1069
527 1158
686 891
1263 2606
272 288
328 1433
2165 3125
2094 3025
700 2765
1602 2314
68 846
981 1519
1426 1582
2270 2679
2033 3071
1438 1811
1035 1791
953 2165
399 2247
390 619
78 1874
1902 2569
684 1371
960 2653
2100 2105
1006 1928
1733 2199
944 1318
1929 3141
1871 2507
86 2530
193 949
1574 2546
187 1952
221 804
186 2172
1243 1918
2049 3088
1443 2590
1823 2558
2201 2425
71 2151
2627 2954
1729 2158
1497 1632
175 670
2027 2528
1030 1739
1827 2825
33 3168
1769 2034
1056 2905
943 1484
353 786
566 2262
1553 1564
2617 2756
758 2293
846 2323
1404 1698
2381 3050
406 3064
164 1801
191 3118
2175 2965
592 1552
1299 2797
1113 1824
1657 2514
587 2774
752 2620
180 2464
361 3105
434 1144
1747 2036
310 2127
1410 2294
235 2441
386 2698
1737 2408
2754 3050
1423 3184
1106 1401
23 1949
194 425
829 2788
18 2166
1800 2852
2341 2599
1639 2762
268 2012
2377 2627
508 1640
225 2922
2433 3057
1069 1836
213 947
729 2964
1721 2560
949 1494
901 2040
1678 2040
2428 2832
2534 2594
1909 3121
1460 1923
1798 2546
2794 3010
1696 2659
422 1560
285 3106
2268 3108
504 2546
1057 2043
232 2280
884 2447
1446 2268
608 1854
1794 3087
2052 2604
495 3148
435 2850
2581 2595
713 945
492 1327
1653 2567
438 1505
767 1066
959 1453
708 1930
136 1102
298 2973
1067 1238
428 1537
1068 2168
753 823
1411 1971
158 2844
2480 2749
488 2339
2469 2603
2382 2931
506 1383
2630 3086
1634 1871
227 2348
208 962
207 1358
837 1619
782 1130
1467 3092
1185 2955
2432 2671
2023 3199
405 1253
652 1424
135 812
679 2339
524 1096
348 2790
336 2076
271 595
42 1083
2588 3026
1886 2705
130 1614
1504 1524
2547 2688
1167 2234
1059 1570
547 1880
1137 2085
898 936
1802 1966
242 2991
63 2782
332 2383
1546 3100
859 1232
332 3148
1654 3126
94 2262
1337 2940
970 1288
2552 2725
1951 2722
893 2276
1791 2176
2159 3162
2204 2537
1112 1218
433 1128
2409 2450
1946 2675
2656 2977
818 1972
1210 2093
958 2441
656 1083
217 1627
162 686
2235 2698
340 686
382 1082
610 1736
1330 2498
2258 2955
1186 1373
688 3034
704 2428
178 2247
1739 3014
274 3027
710 1694
1706 2492
647 743
190 304
1889 2363
1771 2307
1022 2369
939 2505
395 686
935 1833
1496 2362
1029 1042
150 2034
483 2620
786 1031
123 2547
1090 3180
945 982
387 1566
1047 2854
2803 2968
1794 2468
844 1485
78 2361
36 1524
1239 2817
593 2690
744 2603
2669 2963
795 1327
1148 2120
2694 2862
1596 1941
82 2294
89 1014
1225 2151
322 1178
264 817
1744 2167
300 1453
405 965
984 2174
1360 2208
780 1832
349 2647
1193 2572
1329 1545
2249 2802
1363 1734
587 1704
2082 2986
76 423
159 1871
1544 2586
477 2645
1317 2750
159 1875
1152 1865
2262 2810
2702 3118
683 759
75 3083
2312 2555
1418 3002
2424 2673
112 2841
290 430
400 1480
15 512
1235 1712
1054 2498
1688 3014
809 2811
1064 1617
358 3124
99 2405
907 1198
53 1733
1845 3131
1048 2821
345 1331
1526 3194
642 1478
462 2568
1508 1716
603 1839
37 2274
2053 2645
3065 3169
1781 1796
1772 2712
400 2470
1306 1352
20 690
2697 3154
1734 1866
87 341
1262 1320
1178 2190
769 2726
379 395
743 1650
1565 2411
882 2027
645 2916
2314 2505
1613 3135
963 2729
27 1624
319 1636
2226 2654
996 2388
1390 1837
751 3124
2633 3072
142 884
2460 3052
92 2777
2384 3159
1147 1416
166 2208
276 1871
285 2595
55 621
1897 3094
308 2768
1726 1865
937 2418
781 1929
504 566
477 1109
1404 2073
2423 2646
952 2530
590 853
1157 1455
205 3061
947 1616
757 1598
2198 3172
192 589
1410 2326
1303 3186
1925 2197
641 2328
631 3132
1082 3185
1006 1407
2289 3079
1793 2846
1527 2599
2559 3014
1912 1949
661 1996
200 3182
1100 2888
183 1615
287 1685
152 2749
708 1856
1526 1992
221 1802
489 2500
639 2951
1182 2151
2150 2616
721 2262
862 969
1630 1671
364 2408
306 1803
1152 1908
2779 2837
337 1720
481 1913
1061 1751
1642 2961
2385 2528
2214 2262
2408 3010
1518 2806
1237 1517
1121 3052
1123 3175
1760 2867
82 1934
212 1607
2261 2680
1583 1871
2660 2781
405 807
93 1852
2633 2763
342 1492
253 2140
454 2113
2018 2473
2071 3023
392 1157
853 1683
1715 2719
208 2140
534 1187
241 2714
66 2443
1305 1842
752 2503
248 249
1436 3013
715 1895
236 1100
1690 2721
529 1362
724 1942
38 953
1590 2047
457 1177
46 886
419 961
2312 2936
2588 2699
1190 1825
279 3033
756 1611
174 599
372 1784
424 745
1022 2823
821 1578
1298 1630
580 3022
713 2151
755 1265
1106 1624
2242 2339
366 2757
615 892
463 2617
1365 1958
1600 2540
310 2680
35 1068
2357 2587
986 2282
480 2854
706 3075
170 2076
126 1110
1413 1953
575 1319
345 2175
237 2549
308 485
2046 2330
2521 2747
651 2909
787 2455
141 1300
161 1062
2122 2917
848 2842
43 650
354 862
1954 2874
1960 2110
499 2327
651 1520
355 2256
333 2899
1067 2885
1412 1749
750 2087
2415 2814
119 2868
1502 1995
1940 2109
18 1876
779 1705
676 1364
2482 2631
2376 2795
1679 2708
909 2220
969 1570
14 98
85 443
455 2364
812 1246
1820 3017
3 2313
641 2661
876 2712
660 2066
2135 2356
376 1867
463 3124
474 1335
1885 2171
563 1375
266 1418
427 2665
2396 3026
1759 2719
444 899
2176 3030
954 2060
931 1450
2648 2714
1103 2885
469 3138
2550 2598
1028 1498
688 2379
75 491
255 1499
486 705
1386 2906
1064 1701
1245 2092
2229 2456
1358 2149
2492 2810
712 947
891 1493
1180 1826
933 3101
195 1371
1795 2408
386 1365
956 1583
1892 2683
505 2823
3085 3128
666 2986
1607 2611
540 1657
1120 2999
69 557
2498 3053
1233 3155
2732 2736
528 879
42 1771
1764 2199
270 1489
1117 1635
1382 2945
1159 1773
882 1089
2262 3124
1364 2449
833 2668
179 1155
534 3096
280 2211
1750 3182
189 878
1711 2221
100 2345
486 3146
1833 2737
2484 2661
709 1356
431 504
3107 3157
1256 2448
846 1155
988 2960
311 1014
565 1961
473 1637
727 3070
2346 2596
297 3186
915 2610
321 1727
2742 2762
1149 2208
410 1487
1663 3041
1396 2546
254 863
205 2942
1144 2392
846 2039
973 1252
241 1777
463 2322
1711 2431
2359 2549
303 758
71 985
674 1614
2434 2590
1471 1717
2216 2324
1639 2356
1828 2920
1183 1858
2109 2639
2708 3158
2084 2510
316 854
1710 2581
470 1931
952 1744
1468 1871
1629 1646
466 2204
784 1686
1702 1947
102 948
1070 1826
594 2733
201 723
1497 2323
446 1247
1196 2131
863 2506
1218 2922
719 2379
633 2955
1249 2269
88 2990
2410 2687
259 1911
169 1668
1179 2889
649 2196
1404 2821
122 760
2189 2612
922 2004
705 1095
151 1971
347 2714
559 2461
2815 2995
2709 2939
1880 2061
67 658
725 784
1275 2099
646 1400
2491 3063
2014 2882
631 1016
484 1312
1569 3162
695 2519
884 2696
1444 2424
137 1970
1275 2397
966 1913
1435 2015
1092 2582
2688 3072
2132 2250
565 1783
1530 2750
54 1839
1053 1843
1207 1461
2551 3158
2310 3124
1260 1310
1355 3041
1664 2045
1403 2056
497 640
444 2079
472 2367
2125 2993
1259 1970
964 1323
573 835
1823 2121
2694 3046
1565 2163
387 1131
1404 1871
968 2249
1239 2447
356 647
1372 3124
1736 1790
715 2216
1125 1321
249 1469
1395 3121
1607 2597
1308 2759
1481 3098
2036 2935
1890 2731
67 1033
589 2128
278 2135
437 2356
569 2387
1344 2775
191 245
68 196
28 746
2328 2400
827 1741
1404 2660
2141 2443
480 2119
1597 2297
64 1531
1329 2160
1493 2982
2952 3092
939 1886
1935 2836
680 2320
787 1442
941 2066
130 1222
762 2115
968 1980
574 1314
566 3078
1170 1886
477 2413
1756 1898
2563 2703
351 965
1519 1568
852 1052
55 476
720 1008
930 1349
121 568
1466 2535
2133 2374
221 445
997 2818
48 333
1670 2351
590 1543
1337 1357
555 2544
522 2239
2528 2983
1478 1645
463 2412
2308 3080
271 2628
1092 1449
659 2513
1002 1121
374 2077
918 1728
1204 2348
740 1399
1774 2031
2311 2928
910 3046
2120 2984
354 549
373 2262
302 2506
1291 1580
881 1506
320 1967
2553 2795
2023 2783
937 2975
1606 2932
2059 2216
2001 2623
2215 2352
1173 2504
984 1609
2561 3078
2324 2686
421 1227
1812 3116
369 1171
801 3089
1978 3037
709 2040
530 1132
211 2195
27 2086
836 1453
1884 2499
750 2751
2488 2895
41 2234
1538 2126
1302 2572
1055 2892
1826 3140
1347 2957
2711 3181
148 357
1335 2177
571 1891
519 2831
455 859
1312 2318
1482 3096
641 1761
316 2439
1629 2508
1668 2881
1552 2425
2621 2728
2871 3043
1065 1577
521 2380
305 1580
2233 2759
1318 2220
2164 2979
2615 2616
575 2027
2105 2698
1274 1421
1959 2005
6 3031
1306 2052
2886 2981
2228 2514
8 866
2255 2262
748 2536
496 3137
787 1767
1125 1620
1431 1624
1762 2389
2207 2224
1845 2046
1165 1659
426 2447
1612 2621
195 246
1136 3059
1225 2712
2658 3113
651 2345
924 1737
1512 2255
1532 2440
2721 2798
2213 2541
1191 2485
1771 2568
655 3124
2284 3121
1180 3156
22 2589
416 2406
3137 3200
1934 2596
1863 3100
58 1959
2776 2877
729 2805
764 3025
718 1662
1672 2790
2347 2453
546 1936
1702 1871
2055 3132
1370 2575
590 1026
855 1779
464 3092
926 3071
1207 1738
831 919
934 2911
413 2505
2764 3137
258 1855
2225 2785
503 2842
378 3125
1986 3077
235 378
2237 3087
1055 1560
271 2992
5 6
1205 2982
2310 2465
819 1949
1069 2192
426 2036
2384 2608
1637 2275
278 1445
1189 2900
1175 1993
754 2153
2341 2991
898 1870
945 1807
498 1291
1230 2237
532 1398
401 517
2022 2538
853 2448
261 282
1206 3198
1712 3015
1487 2526
2401 3114
463 2586
818 1117
381 2363
104 2487
314 903
554 1111
265 2970
1343 2644
1332 3010
978 1293
1391 2010
2324 3048
1498 1830
1034 2564
1515 3093
966 2306
1257 3078
669 897
847 1920
3024 3052
469 1513
1316 1343
815 1995
1245 2227
2143 2217
3070 3169
1908 2262
1832 2632
313 1046
858 2706
559 1582
1857 2322
914 1396
318 548
1227 2519
165 1844
664 1230
2446 2505
1876 3057
1265 2549
674 797
1377 1380
184 781
690 3013
1397 2679
128 129
284 1979
365 1962
1440 2897
1465 3081
2317 2901
57 3196
1889 2149
1141 2301
102 1763
2017 2486
2837 2950
763 2818
2891 3124
1334 2551
1695 2013
382 2089
1310 3134
634 3008
2230 3201
650 2978
477 1087
2114 2834
1075 1172
2441 2590
2763 2873
3015 3081
2559 2919
2458 2586
1417 1794
1041 1102
2394 2750
853 2996
188 1314
569 747
727 1519
598 1404
69 2308
903 2503
398 2783
76 1175
1592 2325
1430 2921
1204 2927
612 2553
552 1934
256 1269
286 1823
581 2344
194 1002
1228 1413
974 2435
274 2700
1539 2895
1071 3139
1645 2516
1100 2578
1651 3036
1751 3153
2243 2432
1039 2920
1540 2157
1236 3055
652 2700
1252 1633
538 2813
1414 1935
431 646
2701 3135
1314 2606
269 2570
1068 1725
579 844
1001 2817
550 1720
1674 2119
2145 3206
491 1194
1363 2490
1736 2893
267 2569
1340 2817
1311 1771
2035 2076
850 1241
925 1280
636 2711
1043 1656
2149 2930
82 1657
842 2333
235 724
429 665
869 1404
1060 1728
1058 1196
1404 1892
387 2753
111 318
586 2748
356 1723
2259 2435
874 1175
519 1178
2262 2425
1055 1727
57 2120
850 2848
377 839
1569 2896
1927 2793
2747 2969
332 1305
262 1245
1080 2154
683 1758
412 3086
2479 3054
342 346
1451 2883
260 402
1551 1709
877 2153
2335 2858
870 2941
1063 1380
2074 2303
742 2687
1294 2274
1580 2708
209 713
890 2925
703 2399
144 2296
2197 2402
34 1050
2091 2172
1036 2187
880 2979
1692 2354
605 2163
1599 1874
802 1697
765 2783
1538 2739
974 1561
16 2353
445 2494
5 2284
1029 2019
1361 2076
400 1613
979 2835
1584 3130
113 699
262 2056
1274 2505
2481 2637
1819 2947
1708 2849
1298 2474
1718 2368
135 2609
598 969
1150 2214
832 1389
636 1518
343 1696
309 2480
2701 3042
498 2097
451 1491
335 1920
1026 3020
151 2429
178 1369
2556 3002
455 822
1012 1423
2301 3149
911 978
1116 3031
34 1583
2233 2445
1097 1696
766 2349
510 1901
81 2896
2377 3048
1261 2755
1965 2488
811 2433
936 1572
2181 2416
900 2660
315 604
43 2289
1611 2703
419 696
19 2984
597 2419
248 388
500 1909
2365 2420
1604 2697
4 3134
94 2459
639 2466
1902 2209
111 2189
776 1208
720 1186
220 1724
703 3144
789 1799
452 759
871 924
228 1570
1528 2797
33 277
1525 1992
1547 2092
1472 3098
1758 1950
585 2750
1683 2210
287 3067
2748 3183
1231 3060
1632 2072
279 3038
871 2667
2214 2748
2024 2904
1505 2252
1614 3003
2828 3060
3019 3192
630 2726
2048 2307
496 1627
1814 1906
1893 2803
2746 2833
485 2414
2663 3127
1347 1908
262 1211
22 1648
998 2908
1549 2476
639 3182
1107 2792
377 1782
1841 2621
518 2988
145 1464
377 834
32 634
2188 2975
30 449
1730 2046
1406 2130
1120 1900
572 1563
2631 2842
2424 2884
1715 2668
244 1993
238 1039
152 2401
279 1251
587 808
78 93
532 1111
676 1533
546 2982
402 2316
681 1541
2047 2185
970 2770
474 893
52 68
1192 2854
1805 2252
1549 3162
72 2653
2335 2515
1052 2437
353 2459
757 2231
1860 2235
488 862
1043 2343
734 2914
1420 1981
1205 2500
1871 2069
116 788
1151 2816
824 2452
686 730
333 1604
1785 3012
968 1499
665 2860
679 2724
1584 2262
275 458
2202 2989
2696 3124
1483 2233
1285 2774
1126 2920
1372 1481
2159 3068
1034 1717
905 971
591 2241
458 1769
988 1505
334 2653
714 1094
161 907
1825 2892
21 1706
728 2974
1227 2451
1138 1975
456 1494
283 530
2734 2931
994 2257
286 2662
60 2118
222 2656
274 1005
118 734
2497 3166
111 1350
1956 3053
614 1397
521 2738
799 2926
2452 2985
564 2219
567 2026
1204 1589
2133 3124
733 913
1098 1605
1034 1694
640 2353
616 1514
1374 2663
2529 3055
900 2970
173 2018
1375 2101
848 3104
154 2348
374 1336
675 1708
299 2290
28 1329
363 902
1042 2992
980 2288
443 2988
673 3187
1004 2922
573 2302
440 1064
1408 2933
1215 2613
394 687
2770 3124
563 3161
92 359
780 1471
626 1957
313 3068
1788 2884
631 2678
536 2382
820 3063
595 1714
691 855
1224 3071
2436 3191
855 2915
945 1904
1280 2659
131 1948
699 1806
2425 2518
993 3073
504 2445
29 315
1163 1802
2280 2777
1979 2471
291 1935
407 648
1634 1771
579 1045
1404 1449
1588 1911
2303 2808
119 1810
43 1289
429 2929
847 1200
1317 2076
2214 3057
648 2488
541 1393
1689 2700
287 2311
1247 1815
1841 1968
387 903
283 1832
1921 2279
865 1839
507 2787
170 588
847 1873
1032 2435
725 993
101 1944
900 1769
502 1862
451 1213
1163 3034
839 2671
1687 1755
126 621
333 2071
781 2304
143 2219
1705 2586
191 2925
1394 1438
1578 3150
448 2266
930 2176
796 2959
881 1896
488 1804
578 1871
1235 2117
1879 2344
2151 2615
342 1560
70 2110
10 2914
1337 1969
216 329
35 1488
340 1591
1394 2708
1422 3150
64 887
1077 1277
111 757
183 2543
1421 1862
1007 1763
2085 2959
1060 2138
1209 2276
98 423
1901 2278
390 1994
234 711
95 1844
1662 2129
28 2181
704 1097
923 960
2271 2579
1859 2465
105 1336
2794 3060
127 3060
775 1419
809 2323
1834 2600
2314 2481
2421 3149
2458 3172
1095 1987
272 645
49 1194
973 2372
2107 3055
1767 1993
1066 1447
243 839
1300 2980
58 878
2267 3202
1093 1338
1242 2892
608 3053
2856 2885
606 1997
1882 2979
797 1040
199 253
2014 2580
982 1621
597 1318
1699 2152
1184 2972
1466 2154
261 2216
2424 2609
1338 1366
849 1984
887 1672
2216 2973
2367 2925
1521 2658
411 2353
702 879
521 1153
617 1620
398 865
135 2443
1128 1535
319 2730
1956 2670
1172 2100
54 3124
562 1332
2866 3042
1534 3062
2909 3039
383 810
818 2084
1406 2159
3097 3122
1384 2630
370 2804
375 943
499 2799
1400 2179
2087 3189
380 1921
374 1139
1659 2153
357 2844
1745 2872
242 2757
1600 2031
1261 2224
655 1764
131 1352
146 1181
1947 2950
887 970
827 1774
2639 2780
273 2256
1346 3115
965 2336
1503 2697
1338 1722
1140 1580
2261 2356
1254 1320
1013 2301
493 1715
207 3205
1486 2240
1211 1902
2477 2989
1316 1877
2246 2685
682 2593
764 1751
975 2015
607 1137
1687 2777
848 2431
802 1773
482 1910
2334 2890
385 1010
413 880
417 2580
74 365
515 2823
74 1313
1295 2530
1088 1636
2223 2501
654 3054
2771 3147
1087 2006
1459 2193
19 1067
593 1634
1098 2144
1826 2973
2912 2989
371 2952
1312 3010
1049 2182
669 1935
396 1143
79 3125
31 3136
2755 3185
1929 2386
932 2995
1658 1745
563 2142
1056 2887
2009 2792
935 2262
650 2905
705 2913
182 999
443 732
2709 2858
658 1151
176 742
1870 2927
531 2441
522 1404
2021 2241
1133 1792
628 2904
657 825
1044 3111
163 1083
109 2609
1110 1460
17 1425
1619 2789
1379 2052
1840 2621
2107 2784
647 2938
548 1641
2026 2191
1918 3055
1197 1641
800 1105
1376 2825
1706 1983
2459 2665
1491 1698
64 1763
323 1068
2565 3201
885 2096
1270 2253
2640 2786
1817 2595
1179 2938
113 1661
843 2763
799 1302
1639 1776
441 2337
61 388
437 718
33 1970
792 1681
1451 1991
1247 1282
26 1209
680 766
832 1278
2205 2542
1114 1696
1106 1448
1942 2961
1120 2995
437 740
1899 3193
89 2119
957 2536
2740 2848
1474 2512
122 785
1160 2988
204 2311
135 1440
490 2074
1167 1359
1287 1298
2698 3124
1166 1404
1816 2481
2167 3006
1823 2307
983 2140
296 400
1610 2929
543 1090
635 2759
1305 2663
436 1530
1742 1926
2291 2841
146 1089
952 2442
603 2267
606 2262
795 2601
257 299
555 959
2218 2715
2699 3047
1471 3051
257 2657
2709 3096
2177 2502
2491 3064
368 494
782 1096
819 1871
1950 2032
1894 2180
1654 2686
2353 3206
259 1907
429 1037
535 2272
1603 3077
2508 2982
175 3100
920 1466
89 1084
1113 2020
1268 2288
2178 3148
353 1985
1552 2259
1667 2650
1993 2988
1239 1625
265 1297
2236 2953
18 1099
739 1415
414 1131
790 1153
838 1634
453 1997
1125 2256
1927 3176
1929 3159
1284 1326
468 1109
160 2281
1829 2929
262 522
801 1130
139 1977
1626 2963
1493 1799
371 2102
1582 1892
2115 3116
2545 3164
848 2900
1799 2274
633 2768
1043 1865
1847 3078
477 1559
153 2960
431 892
777 3195
242 1554
818 2358
74 3175
1828 1879
560 1575
672 2764
571 792
2070 3086
1145 3013
746 824
2994 3071
2512 2591
2075 2417
661 2713
772 2099
1712 2657
336 2576
1375 2055
573 3092
1557 2465
326 1833
358 896
2801 3195
2300 2735
1404 1499
987 2531
451 2370
2310 2562
1503 1915
694 1091
1295 2262
1346 1529
147 1624
2553 3082
2196 2349
2099 2472
1731 2407
156 1223
2139 3152
1486 2044
1146 2103
312 1114
1381 2847
9 632
2079 2924
211 1092
514 872
1447 2066
2156 2287
1313 2237
1365 2375
168 2165
1305 1835
1613 2456
169 2235
2 1353
1006 2238
2380 2710
2262 2788
667 1405
705 1134
140 142
1446 2634
875 2612
2845 2897
15 1608
1242 1477
1168 2616
343 1086
1019 1960
244 327
1576 3037
1194 2698
142 1078
491 1666
1319 3174
874 1878
27 1387
861 2044
1665 1858
120 1725
114 2717
1536 2449
1404 1919
507 1522
402 858
2523 2774
117 1942
550 2785
580 2833
96 1206
1733 2031
542 1104
1670 2356
1496 2589
541 2731
473 739
1249 3095
3032 3150
352 1318
997 2840
1136 2652
2184 2692
1623 2450
1324 2208
303 2422
149 2202
2495 2642
2090 2315
1800 2946
1733 3102
1118 2532
873 1741
879 2298
11 1643
237 2340
434 3034
753 3071
1587 2424
3037 3104
768 1677
1922 2917
793 2162
225 1738
2232 2323
182 1086
828 3137
1302 1565
849 3165
731 2250
135 1252
1283 1555
1613 2573
2317 2583
467 1757
376 626
1842 2513
1354 3173
374 3137
1534 1997
2933 3011
508 1756
2436 2880
1868 2140
1982 2829
143 609
1558 2456
1021 2221
1402 1711
779 951
268 2778
1427 2639
1199 2646
819 2454
1478 1738
1121 2098
1801 3145
1848 3055
1090 2056
928 2170
993 1349
36 1152
1412 2604
992 3152
2773 2853
1727 2776
1478 1655
705 788
2739 2860
177 202
583 968
1682 2578
770 2503
226 489
529 885
138 1827
101 118
185 308
1860 1974
2825 3119
465 1404
1921 2827
53 108
2557 2676
1758 2237
1258 2691
493 2273
2316 3039
3075 3129
663 2766
377 2338
902 2591
803 2625
1886 2898
995 2239
1701 2086
557 2143
2855 3070
1931 2638
869 2852
112 523
1775 2137
1098 2489
893 2778
62 215
604 1349
622 1282
446 2280
1179 2587
917 2607
2460 2767
800 1851
1744 2284
750 2697
934 2986
643 2406
1562 2544
1999 2082
1657 3147
112 2432
1350 1593
429 1693
1647 2059
439 2984
278 3124
118 271
561 1169
1156 1429
275 2088
492 1499
1819 2428
352 513
950 2248
46 143
367 2087
265 1831
1787 2666
1703 1826
2204 2932
2725 3012
629 777
2262 2722
2235 2656
320 2232
1146 1190
2016 2509
556 3141
2486 2670
2863 3099
1351 2658
891 1495
528 701
1757 2433
514 1345
1156 2023
224 1905
1225 2278
2857 3003
2440 2817
627 2918
793 1653
1404 2061
110 1215
741 1789
2905 3027
1581 2769
935 2335
2933 3111
448 1765
2391 3015
78 2813
159 3076
2476 2894
1773 2260
635 2309
485 3103
648 761
1143 1982
1622 3191
2 2167
665 2773
633 2585
324 2238
1416 3112
294 1009
620 2890
2202 2427
1178 2749
1550 3136
1347 1596
208 1305
1917 2511
2051 2943
665 1409
1611 2824
1437 3158
2420 2729
1587 1919
1036 3154
1322 1421
2310 3142
1023 1521
1893 2879
1808 2056
735 2793
688 2998
512 2697
662 3152
2468 2812
2955 3007
568 2743
787 2684
334 717
305 306
743 2317
1379 1664
520 2367
408 1946
986 3060
1466 2698
44 2277
344 766
2069 2735
118 3119
54 3074
663 1144
2412 3149
103 2765
86 2851
261 971
339 3127
1245 2487
753 1505
707 1398
1484 1631
638 1324
777 2418
1217 2214
1608 2624
970 2095
1352 2966
1605 2839
813 929
900 3184
519 1773
1458 1464
1051 2201
2915 3171
315 2115
255 855
938 3080
1417 2691
2754 3073
1036 2319
341 1320
1499 3170
1129 2146
1817 2869
1094 2663
1468 2469
91 2402
936 1348
2124 2682
1607 2496
1060 1675
727 975
2507 2967
2262 2988
1652 1872
1070 3000
1457 1547
1244 1914
364 2246
714 2622
448 573
1119 2470
370 2355
860 2909
10 1015
1669 2751
80 647
2390 2516
1238 1481
701 3181
107 868
1213 2695
658 2613
376 1158
1870 2310
2342 2423
2335 3011
392 2799
399 2641
2247 2577
825 2736
1221 2861
641 1680
1027 1038
137 2430
1202 1548
922 1754
2050 2797
450 1502
172 2768
1755 2623
1276 1613
1028 2227
1039 1267
696 1229
977 2112
1954 2962
503 2230
60 1748
42 678
415 1147
621 1903
460 2204
39 989
596 3077
1446 3035
2573 2822
1928 2398
1713 3204
1780 2080
2308 2944
1387 2704
1342 2106
355 3057
1795 1814
1296 3124
501 1144
811 2993
167 2146
2200 2874
933 1171
685 1510
2174 2560
21 361
719 3160
329 1499
651 1270
1500 2520
1770 2744
1623 2322
744 1828
388 1551
143 866
2402 2735
1011 1434
13 463
824 1279
653 1420
1009 2429
481 1717
1138 1404
1024 3008
384 1989
2932 3092
186 2054
1893 1943
1175 3085
2287 2772
469 1363
688 2883
482 1921
2438 2509
585 2010
1107 1634
709 1523
60 647
210 2123
464 612
1268 2349
1223 1633
915 3129
971 2116
570 2425
307 2312
1800 1933
317 844
338 2824
826 2184
1247 1884
2133 3164
1752 2118
2952 3045
693 1623
1210 3008
698 1341
2268 3091
565 1138
919 3086
773 1664
47 1560
845 2926
1092 1988
1079 1159
1977 3004
1378 1434
763 2418
2550 2981
2574 3061
1871 2122
1459 2905
1018 1246
1623 2366
967 2498
231 1839
434 864
1027 1542
1672 2715
1336 2478
1307 2540
198 2521
2898 2903
1846 2468
841 1382
1278 2923
1228 2093
1462 2155
1244 3188
2201 2796
2138 2997
961 1552
1896 2897
2280 2765
738 1442
1821 2821
611 2305
251 435
1892 2386
1849 1969
1609 2472
427 516
1586 2170
376 677
507 2814
233 1960
2010 2918
1519 2821
676 2511
1219 1231
437 2629
276 1773
1002 1563
304 371
1025 1964
745 839
577 2171
420 3197
418 1799
1100 1178
2146 2252
36 694
1665 2395
39 2530
664 1594
2718 3005
1638 1948
2031 2805
1149 1255
921 2321
560 2118
1434 3020
993 1872
973 2223
1056 2536
1994 3200
393 2506
1503 2820
145 2324
537 819
1772 2067
2781 3001
842 1272
1768 2596
1229 3110
15 857
521 2297
515 1883
692 2986
263 892
723 2864
2470 2619
401 3090
862 2924
1649 1715
1554 3122
1744 2912
1758 1927
1026 2829
853 2245
419 3084
2930 3069
241 2971
722 2933
1916 2439
862 2269
467 2277
2185 2952
2313 3019
409 2355
1250 1524
53 1320
1720 2013
1210 1810
126 1970
1314 2761
63 438
1302 2640
446 1220
1505 2610
200 3053
1414 2403
2107 2909
188 1519
1766 3012
2446 2987
1098 2870
2234 2960
1113 1494
764 2859
371 1404
330 1604
281 2999
1349 2719
2062 2316
1124 2530
2119 2675
743 2265
74 1142
810 1453
642 2334
1990 2252
1274 3101
1669 2123
90 1412
865 2976
2249 3021
125 776
1748 3093
252 1870
1435 2843
377 1871
498 2972
1292 2811
1017 1469
1202 2549
471 491
1207 1960
1039 1964
316 699
865 2760
795 1760
30 159
987 1130
582 786
1571 2213
201 2433
250 2655
1076 2893
329 1517
220 1960
2000 3205
2281 2955
97 2809
240 2375
1315 2711
1479 2640
441 769
1286 1475
215 2253
1944 2393
1607 3141
628 1339
969 2677
2649 2986
1528 2905
774 2319
613 1886
342 1871
362 3128
507 2485
487 2588
1196 2593
1552 2799
2182 2532
1396 1976
216 2106
50 202
2614 2723
757 2171
1672 2808
2394 2837
480 1166
2426 2762
17 2745
1701 2283
27 1111
278 2022
1573 1882
1838 2752
1378 1454
354 1068
947 1834
932 2280
967 1939
2065 2072
1558 2049
539 787
2595 2672
175 2237
1055 1603
521 2876
2271 3009
50 1804
183 1310
12 528
1428 3090
51 2611
325 2447
636 1081
1712 1870
33 568
203 548
159 2909
230 992
1122 1536
1974 2741
1404 2219
550 2194
1277 2229
350 1655
1944 3046
600 3014
360 1313
1838 2114
2866 3124
1355 2028
1874 2920
1195 1973
1316 2057
1510 2987
1404 2510
2104 2951
115 458
2078 3052
234 1670
841 3109
1419 2046
800 2765
558 2358
27 2082
1320 2183
1099 2948
1533 2682
217 2155
223 1236
322 1063
302 1067
2007 2095
1784 2930
318 3124
191 307
1888 2549
976 1043
929 2239
1871 2350
1813 2670
1534 2251
431 2365
21 77
1143 2255
459 2821
2435 2758
1526 2534
870 2051
754 2254
2633 2750
1673 2686
1317 3123
848 960
539 1072
218 2805
2467 2557
292 1003
893 2052
725 1073
1869 2058
327 2347
1722 3162
1392 2154
1000 2517
867 1262
2292 2626
2042 2513
1108 1447
2016 2633
2639 3099
841 1182
73 1481
2046 2522
507 2181
528 1328
550 1026
496 2981
2002 2460
2319 2571
1707 2014
540 2906
1097 1534
1409 2353
2039 2931
83 1060
2788 2907
840 2295
838 3133
1756 3170
2672 3124
1994 2329
1647 2073
1544 2226
2078 3002
224 1385
2467 2998
2612 3197
239 624
251 846
727 2849
554 653
30 293
2533 3189
830 1299
3133 3190
1828 2655
994 1664
2259 3117
822 1970
1093 1161
1688 2262
491 1952
798 2388
1238 2592
1934 2025
504 610
488 1626
394 1809
31 2725
300 2018
687 2068
1230 3124
164 803
990 1549
1166 3139
96 1993
596 2838
865 3041
1493 2286
1020 1286
2776 2910
1684 3033
454 2487
1894 3054
353 991
1174 1355
578 1002
327 2081
186 2287
247 2742
2873 3143
2311 2335
2459 3013
2605 2680
1367 2521
427 1309
1247 2111
1647 2182
36 657
130 144
110 2525
466 1473
1496 3024
174 2514
618 2789
231 868
1850 2653
45 2844
1234 2090
1652 1963
1309 1743
541 1729
389 2174
1568 1992
2800 2987
855 1283
1337 2203
2875 2970
486 2640
1276 2554
126 239
7 2597
1162 1168
80 1022
624 2722
1419 1474
473 916
2934 3118
1164 2701
189 665
709 1733
139 404
1055 3138
2295 2539
935 2745
2417 2653
1846 2404
1456 2781
416 3063
2452 2974
69 771
1655 3193
2459 2769
480 2772
1169 1325
1348 3028
1675 1945
708 1329
836 3026
701 1041
1357 1585
645 1459
1485 2920
562 2819
2173 2338
71 978
542 3139
922 1738
1111 1583
457 1601
56 2652
1009 1128
2114 2749
964 2211
1797 2970
734 2475
74 602
1200 3034
2483 2776
904 1224
1333 2343
2190 2305
1744 2057
525 1094
1252 2342
1554 1881
329 3204
250 1822
1195 2367
1000 3162
793 2786
546 1787
60 837
1409 3167
1168 2350
1170 1676
900 2138
269 2689
1432 2350
1147 1206
279 1698
792 1349
472 2263
229 380
966 2262
2807 2882
1126 1801
69 839
880 1154
566 1127
644 2555
1861 2489
1698 2297
28 662
771 998
615 1301
188 1176
1210 2447
849 1503
1780 2435
781 1844
972 1481
926 2891
1327 1864
1060 1511
884 2003
1964 2147
783 2771
143 1290
637 2476
907 2937
946 1978
612 1753
1141 2212
1995 2902
1000 3086
625 2949
1955 2822
90 2444
243 3191
1113 3124
206 2976
906 2519
1298 1989
1002 3029
593 1855
751 783
54 1692
459 1516
1370 1937
1786 2578
659 1240
1098 2272
2140 2464
2976 3150
1248 1894
255 2635
1018 2566
701 2559
782 2037
631 2636
1214 1730
137 1935
385 1137
214 1878
1763 1998
641 1133
173 1304
623 1145
2149 2768
197 769
1834 3057
1664 2990
2213 2389
2333 2681
1345 2799
380 2725
1871 2773
1063 3018
828 1789
235 866
1009 3132
1291 2548
544 690
1114 2112
235 2085
658 1609
721 1715
1087 1097
796 1796
222 1740
1286 2854
28 2271
816 2649
2674 2853
2457 2741
1735 1763
791 2950
698 2723
1636 1835
726 2379
810 1979
2788 2900
1474 2020
1778 2900
1614 2725
1455 3151
895 3204
1931 2617
397 2389
440 2524
562 687
736 1767
252 1337
931 3150
13 832
1271 3011
1716 1823
1520 1592
195 2842
133 2371
1641 3173
106 1074
1144 2495
432 2009
770 1637
1 3007
1453 1817
73 1273
601 2914
175 1463
2 778
2707 2762
2482 3163
1269 2628
2041 2327
545 2136
139 2286
1169 2885
