3280
156 604
2404 3042
368 1665
511 2090
491 938
812 2633
54 3008
1476 2862
862 1053
716 2383
1659 2877
1691 2281
1201 1381
1566 2083
1169 2831
1570 2708
429 1035
2351 2600
114 3124
1616 2029
1639 3163
1655 2131
1876 2693
346 1899
2607 2995
1743 2763
2737 3239
2088 2865
1330 1955
1730 2755
1612 3023
760 3224
930 2986
1348 2038
360 2304
3066 3223
1833 2029
1415 2658
1836 2752
1759 1903
1844 2841
2143 2807
1701 2250
1120 2283
771 1820
1710 2624
1155 2793
16 1470
1486 2656
882 1552
1229 1640
1507 2657
168 415
866 3178
1477 2374
1188 2095
977 1645
215 2006
1738 2113
8 2226
1422 2035
783 1990
36 2967
1221 2053
1669 2524
298 499
314 441
907 1636
206 2927
693 2655
1846 3161
849 1437
2500 2633
1262 1886
321 1884
764 2764
2457 3232
1063 1767
561 2408
470 3124
1763 2687
571 2687
677 2984
13 460
817 2901
2564 2667
2677 2762
1656 2380
980 3109
959 2338
1059 2745
1080 1765
1791 3233
887 2772
646 2083
1400 1626
2023 3236
192 3088
792 1141
1512 2671
2040 2512
537 891
2239 2268
1047 2680
2316 2501
727 1206
689 2855
176 1824
1605 1953
941 1009
1428 2594
1192 2398
673 1793
1497 2840
1979 2826
1069 2514
434 1126
1944 2268
1105 3125
2609 3007
439 3234
49 482
721 1037
85 2408
1830 1995
1320 2753
176 1350
535 878
183 1528
1331 1546
2341 2675
2537 3003
955 1140
784 1687
763 2585
522 1662
2132 2922
934 1436
1703 2463
1531 2284
1582 1871
1019 1754
133 2551
1352 2003
1816 2169
350 2180
2365 2968
1355 1497
796 2168
294 1554
1018 1423
1354 2829
1776 2452
2344 2622
143 2180
923 3021
615 1463
1387 1515
40 275
733 1648
73 1533
1294 1513
416 2285
2495 3262
606 2940
44 2728
479 815
213 361
1436 2050
947 2481
1420 2569
739 2212
182 3065
1966 2766
361 594
1711 2809
2691 3227
978 2434
795 1057
1167 2691
24 276
82 678
35 2200
556 3200
568 1110
785 3129
2771 2849
1267 2168
1901 1917
2629 3051
140 679
880 2585
1409 2008
816 1105
611 1809
663 1863
2741 2945
511 1251
2124 3110
1260 3022
522 1094
139 744
1710 1878
595 2990
1921 2337
423 1707
1153 3172
1294 2384
250 2407
1925 2425
765 2333
836 1233
412 500
257 2434
1765 2551
1656 1937
1685 2545
990 2292
494 2448
1438 3100
615 2079
476 1306
93 143
1484 3071
2796 3114
182 2396
58 2214
1323 2972
1094 2525
1542 2332
275 1611
303 2808
1248 2817
1745 2226
1411 2203
1241 1521
2895 3170
658 884
485 1693
984 2003
1288 1808
165 371
884 3103
1105 3201
623 3252
275 2631
662 688
2155 3226
305 486
531 1156
872 1313
810 882
683 1344
1511 3103
482 1754
2211 2754
758 1481
271 1124
2307 3266
401 2447
573 764
1914 2536
2032 2833
1737 3174
618 2369
828 2677
1463 1954
905 2990
144 228
557 1739
618 3091
1431 1967
1471 1560
217 696
908 2473
598 993
652 708
92 1620
1953 2383
197 1562
318 877
417 2051
885 2278
2920 2971
729 1471
1405 3135
847 1293
1589 2574
1505 1546
1020 1142
2897 2973
261 1892
2177 2811
1263 2034
899 1321
198 1827
1995 2843
1381 2750
272 1008
2124 2279
590 1827
748 1764
437 1536
1394 2049
338 2304
337 345
2360 2518
69 1035
556 945
2538 3090
464 2284
696 1178
331 1873
1177 1576
347 1915
413 2999
1232 3072
115 2108
451 2200
1959 2293
2415 2860
115 890
694 2238
885 2838
420 683
1841 2921
898 2704
272 761
631 1361
723 1578
772 2178
1147 1803
921 2271
28 2006
2017 3143
1682 3023
308 1256
840 2815
1535 2609
1839 3270
813 908
1006 1039
2600 2981
2636 2784
986 1239
1419 3005
531 1866
270 338
872 1306
1035 2735
687 2612
205 1472
1910 2265
227 2078
394 1153
1348 2676
1435 1647
979 1953
2390 3002
1687 3168
859 2455
2189 2557
746 3010
993 1481
1076 2598
672 1619
2244 2807
37 1592
1136 1176
278 569
1841 2445
471 1222
91 2750
49 2958
573 576
1107 2405
2630 2697
1905 1930
1835 2516
293 753
1267 3185
89 1197
667 2523
649 2424
236 1086
1463 2819
779 2412
1334 3263
1394 1929
593 1705
126 1390
585 1157
2680 2929
1463 2107
533 2443
2166 3088
369 627
1464 3273
2582 3078
585 2173
963 3169
1595 2253
1240 2079
1386 2968
1082 2740
1023 1654
493 3261
2199 2727
333 2848
635 1601
1791 2545
490 527
1391 2057
367 2710
3109 3127
1008 1415
346 1164
130 660
1855 1990
1039 2168
2441 2942
1811 3082
2283 2562
467 3030
374 1205
2640 2864
431 2649
206 2280
246 3209
1919 2547
1557 1901
1596 1690
1777 2256
1051 3116
2395 3215
1266 2270
268 284
45 1408
412 1302
586 2015
1443 2701
1781 2406
1198 1628
2110 3280
621 3074
236 2725
86 565
1362 1966
806 1514
46 855
1149 1230
331 1635
1613 1989
478 2309
43 2813
820 2420
282 2463
1567 3207
1145 3106
390 786
1142 1940
1244 2674
2670 3054
820 3053
290 1898
1082 2180
307 1887
842 2618
1372 1568
64 1322
1798 2954
112 2880
727 1377
1841 2195
684 1100
76 2483
34 718
519 646
1298 1875
1025 2081
483 3223
628 2607
388 2262
2490 2532
623 3153
63 1831
406 1186
461 2782
650 1480
301 3009
1288 1520
622 2908
910 1345
1662 2953
1749 2547
1588 2675
1098 2041
1443 2627
390 1034
1939 2266
754 2531
1246 3030
284 2429
150 1570
1187 2370
1325 2689
130 763
1747 2946
1683 1876
30 2323
1126 3006
43 2700
494 1219
1897 2455
1640 2717
1197 1540
24 2668
2013 2435
814 2247
398 1059
302 1138
1307 1545
1851 1947
2234 2912
388 2955
2930 3035
2046 2619
560 1061
1278 3007
1644 1989
153 1217
794 1197
749 1292
572 2215
1714 2499
1175 1990
2462 2707
1656 2449
783 2879
512 2167
375 650
1353 3260
782 1116
2502 3061
670 2040
2015 2592
263 1767
802 2455
865 3190
1022 1931
1435 2420
136 1241
692 1376
418 1729
2909 3193
1539 2418
1227 2225
20 3012
609 1042
1565 2877
691 2541
1761 2660
1344 2581
1072 1933
346 662
492 1513
857 1921
941 2093
556 2269
345 2844
614 1600
1857 3193
531 2588
598 2126
976 2407
918 1763
1594 2338
53 2004
622 1012
1220 1516
2064 3269
1604 3088
1385 1940
131 205
378 1387
2768 3170
924 2622
3014 3162
1055 1158
2224 2567
845 2867
240 2841
1684 1907
936 2888
2342 3018
935 2064
541 2691
2314 2766
1507 1865
1068 1320
1508 2121
1193 1785
218 1409
2053 2175
1162 1727
1308 2825
454 1750
1450 2127
2410 2582
2532 3256
1466 3184
64 2281
937 2456
1977 2208
1478 2238
1069 3090
990 2783
596 2849
1510 2240
1486 1821
318 3230
947 984
1430 1444
733 790
1845 2485
1822 2622
2467 2728
732 3105
1927 3258
194 841
1811 3091
379 1906
1627 2040
78 2276
699 3270
1806 2610
923 2497
309 792
890 3085
514 2033
924 1658
237 2065
2163 2407
847 3040
889 1899
305 536
1564 1888
865 1193
528 1469
1354 2355
1048 1835
1332 3081
1029 1320
2641 2760
147 3106
2112 2675
1232 2277
107 509
1486 1997
269 2063
2096 2982
482 3227
2919 2987
650 2391
389 3142
534 2253
234 834
1726 1734
1360 2830
1358 1435
786 1303
1692 1859
1641 1979
528 1499
734 1748
1995 2064
1626 1775
494 2054
2332 3244
694 3039
331 3130
1769 2584
1220 2477
51 2825
664 2301
1021 1649
546 2307
455 1479
2149 2864
847 1083
1756 3025
2179 2219
1341 1879
529 2226
1024 1317
1735 2045
589 824
1216 2373
1911 2052
1786 2636
496 2216
1069 2947
278 3038
159 1981
2401 2661
690 2114
1102 1115
792 2001
814 2986
330 569
1211 2668
486 2041
831 2506
63 3254
1156 3042
800 1755
797 1778
1225 3049
1 2946
1122 2232
2078 2899
1929 3074
1771 2823
525 3190
1056 3258
1753 2585
383 2850
792 2277
903 1397
698 1408
1517 2005
2540 2856
825 2128
370 1696
2615 2668
1756 2541
436 843
1773 2201
2138 2140
932 1571
1459 2793
18 1795
2570 3085
649 1774
475 1104
1008 1235
2719 3258
2339 2801
2217 3226
2449 2504
2185 2514
1333 2208
573 1374
1730 2207
572 1700
920 1973
518 801
15 1975
1615 2782
1400 2594
2029 2334
483 2371
2435 2639
1046 1554
1429 2546
230 407
112 3146
258 2459
1642 2203
2312 2393
630 1795
338 1224
331 2986
1089 1760
1460 2514
1570 2394
2772 2839
1857 3161
643 2203
637 1037
84 2825
250 1764
1368 1890
1607 1684
95 446
1643 2681
310 406
223 2778
855 2154
576 689
1893 1952
196 1002
757 2782
415 1947
480 2311
1205 2699
365 2732
2523 2950
654 2039
588 2216
117 2133
37 996
4 180
2386 2489
1201 3203
732 2856
1423 2810
1513 1710
1205 2731
1569 2094
1125 3207
337 2226
975 1527
1366 2020
2443 2577
325 1522
180 2894
1317 1846
1451 1554
1444 3200
343 1099
585 1958
1280 2071
268 299
442 647
633 861
2401 2912
1017 1890
49 55
1295 1464
898 2592
819 1244
129 1359
1067 1687
407 2803
330 2842
513 726
233 1924
935 1148
292 1076
224 1565
726 1572
1921 2464
130 1581
768 3118
547 736
230 1466
750 2359
2246 2756
2640 3270
2678 2864
706 1938
680 726
671 2026
1485 2009
1115 2977
710 2024
532 1306
827 2965
301 2718
1968 2417
1309 2712
514 592
881 1875
678 700
288 1899
237 2170
1929 2300
1936 2383
801 2120
1251 2395
371 2893
806 1132
631 2315
422 1786
10 224
807 2091
1274 2321
2652 2667
1766 3101
9 3223
316 1417
2503 3206
1514 2265
7 442
844 1328
607 865
763 765
1132 1271
1189 2901
618 2722
949 1754
1610 1888
894 2199
1025 1950
1071 2190
1004 1690
893 2554
1828 2349
511 1864
324 2946
1429 1948
126 1651
2055 2095
276 1432
658 1580
629 1112
713 1100
545 1158
157 2890
1527 2934
2098 3074
1100 1608
1892 1971
428 540
982 2042
987 2073
1404 2687
863 883
2675 2905
637 2815
1202 1429
741 1044
1026 2971
56 733
2557 2809
3210 3266
674 3004
1738 3081
1179 2593
1254 1431
1307 1567
146 695
1099 2959
1690 2778
1251 2280
1983 3269
2887 3162
989 2278
753 3017
267 673
1512 2241
1484 1856
2280 2299
385 1315
2395 2571
271 1478
495 2319
2261 3100
2153 2543
1965 2961
1224 1807
689 3214
1101 2388
277 1928
2665 2822
435 2259
315 1559
1033 1659
19 57
580 1852
516 1422
2172 2235
756 1984
2003 2775
1006 1048
1530 2414
471 571
1057 2275
2479 3232
2375 2793
1574 2206
965 2238
2300 3021
651 1628
613 2612
128 2465
2776 3185
1397 2251
548 1420
1173 1639
1166 2677
1829 2634
216 2679
1617 3062
637 2516
13 1062
2046 3083
658 2849
1888 2767
1190 2111
1862 2465
10 1525
2138 2643
1923 2736
2831 3071
801 1374
1877 3103
146 1772
91 315
1125 1623
449 1288
862 927
1902 2919
475 2235
1343 1711
1366 2287
1509 2355
785 2710
307 2586
1222 1407
785 963
344 1215
542 1486
703 2433
722 863
800 2466
337 2392
1116 3126
664 861
566 1267
1678 3066
1483 2661
2487 3216
208 2594
273 297
223 2640
353 2005
113 3015
694 1339
1580 2132
775 881
1517 1957
681 982
540 2714
2263 3210
262 2179
243 3253
456 2741
883 1965
2365 2848
1077 3083
247 2668
1664 2878
129 1935
1472 1859
937 1354
2659 2897
135 1600
2333 3051
21 363
260 1656
992 2958
5 2621
1210 2732
3054 3278
344 3071
1117 2276
1102 2648
147 3242
1175 2032
726 1145
2335 2912
1019 1316
1260 2209
1564 2415
58 2245
109 2140
746 1845
1134 1408
390 3042
745 2923
891 918
818 2511
2491 2697
1700 2124
2638 2966
579 823
269 2663
606 1553
1245 1296
609 2067
1708 1989
710 2103
2080 2321
2277 2838
143 1714
116 2492
2103 2729
2954 3054
2331 2527
307 2184
72 1684
273 1633
412 658
389 3098
727 1858
2803 2879
66 2709
458 1726
686 1338
867 2513
1040 2094
1392 2101
1281 3269
1351 2654
2484 2995
395 1481
601 2888
745 1349
773 2366
1788 2055
362 2697
974 3242
628 2475
1296 1804
384 2477
70 861
604 1861
1975 2544
554 2267
831 2781
53 1337
993 2677
30 887
1675 1827
1355 3199
874 2230
2216 3033
1771 3111
2508 2525
407 924
584 2933
2346 2856
174 2804
365 1452
1107 1732
1756 1952
659 1019
1669 3241
2192 2433
697 1655
1034 1586
1462 3259
1282 2613
990 1412
1194 2113
2139 2680
560 2318
778 1890
318 2047
207 2301
406 1868
915 1376
2144 2435
988 2153
350 2208
557 1911
961 1417
799 1661
965 1646
173 277
336 1565
2298 2818
1574 2805
2748 2977
1000 2230
1446 1618
106 2486
1613 1879
321 3013
43 3266
957 1981
1645 3191
656 2838
2411 2800
1119 2648
556 2552
206 585
1013 1294
1112 1927
336 2034
1938 2431
800 1070
582 1816
436 2735
1153 2365
1401 3236
504 3046
2200 3213
390 2994
1733 2573
3057 3203
2225 2906
1289 1508
2157 2585
838 1693
1267 3125
2415 2928
907 2809
943 1993
137 1910
668 871
2247 2726
2465 2703
1307 1352
1264 2423
1195 1424
594 1268
147 1088
478 2922
1617 2556
175 2220
2469 2698
1177 1898
655 1959
60 330
36 158
2732 3243
571 1564
657 1122
704 2501
1402 2454
63 1343
1367 2046
2255 2890
644 1963
1234 2886
2321 2852
1844 2518
2387 2655
3105 3164
2091 2401
270 1191
750 2667
754 1736
622 2303
1417 1541
195 3242
1321 3079
505 3077
1107 3207
1452 2974
1362 2698
1241 2636
1661 3245
1146 1280
1948 2132
1165 3010
1321 2597
1695 2567
1366 2715
822 1775
298 1711
1617 2773
902 2728
2919 3249
261 723
1094 2750
1152 2706
2927 3268
143 1100
249 2217
1285 2451
484 1559
1630 2971
898 1978
1402 2555
949 3250
2650 3002
881 2238
90 891
273 1295
79 1122
350 3020
2338 2480
1523 2532
2661 2685
774 1975
1948 2707
358 1517
1248 2951
310 984
1606 2883
535 2696
1816 2011
109 2312
2512 3177
1453 2024
725 760
1331 1973
380 459
654 1491
584 3144
712 1584
185 499
1409 2416
1260 1735
2373 2617
1054 2179
1783 1959
1219 2392
933 1502
1478 1952
885 1903
415 2148
439 824
1706 2890
528 2922
473 2604
2088 2505
1214 3029
818 3155
317 734
963 1296
2591 2980
233 944
118 2133
1027 2362
1465 3159
1796 2128
231 1707
2285 2991
1099 2662
2404 2798
1341 1896
744 881
290 3264
302 3021
180 2428
127 1563
910 1058
501 2818
473 1086
3074 3104
2434 3132
775 2330
62 478
741 2565
1059 3099
831 2076
635 2002
1026 2088
2171 3010
1913 2489
91 750
2180 2404
855 3183
835 3051
981 1152
1506 1779
1771 3257
2311 3052
1408 2851
921 952
459 1788
3037 3141
134 2124
999 2291
623 1609
12 1622
499 1399
2083 2792
1140 1857
1098 2489
1341 2018
55 1832
182 1473
323 818
1455 3233
1045 2980
644 1976
2036 2649
572 2123
2274 2888
154 2772
2241 3101
1366 2637
2116 2733
261 2347
1277 2208
253 2935
169 1033
742 1311
841 2599
2771 3068
662 2248
1291 3039
493 3013
2890 3274
608 2477
94 775
1009 2466
146 2287
1402 3031
550 1177
808 1126
1414 2954
1065 1260
908 2361
1108 1792
654 1783
2307 3000
2422 3008
609 988
1730 2507
1073 1851
2028 2740
1285 2854
403 3001
867 2025
2095 3248
752 815
481 734
385 2988
2128 2915
295 2642
26 2690
465 2489
492 3129
1396 1758
1039 2335
1064 3180
430 3205
1910 2442
367 2758
804 1300
115 1631
1969 2759
1645 2596
1872 2111
221 1262
1527 3021
1352 1989
901 1528
77 2231
381 1234
2572 2754
1546 2903
1137 1444
275 434
764 841
1128 3116
421 1709
686 2862
785 3071
673 1142
720 2841
89 2775
172 2105
342 1158
2202 2382
935 1757
2272 2621
2240 2816
523 3137
673 2721
169 2317
993 2775
1599 2383
876 2359
1102 2046
900 1376
492 2591
594 1413
1632 2528
745 3185
1496 1579
1270 1863
459 1179
1321 2512
186 723
741 3176
58 2016
1434 3141
2060 2202
3091 3198
2996 3010
169 2692
1584 2851
197 1961
75 2655
1893 1905
1584 3094
1666 1863
575 1084
1450 1846
948 2010
2966 3156
289 1118
3084 3205
1559 2686
443 932
2413 2606
49 3236
1507 2749
2332 2986
2374 3212
2412 2993
910 2437
219 2504
2883 3212
2097 3242
866 2225
427 891
2005 2642
2393 3195
57 2791
576 2073
478 777
1402 3223
11 1164
71 1882
342 1248
2420 2798
1673 1903
1374 2268
2052 3070
2994 3043
829 2015
776 2612
1475 1811
1097 1264
972 1125
2005 2314
81 1372
53 285
1535 2607
2233 2829
1 855
1495 2407
2487 3179
2162 3180
1452 2765
616 2937
433 1144
1005 2726
2518 2874
77 2419
1002 2563
1183 2535
1664 2854
1160 1717
359 2190
1519 3239
2455 2978
566 2165
403 2824
1047 1829
823 3166
1394 1602
347 2147
2547 2676
706 2574
99 3206
408 3065
279 2024
1322 1843
1545 2978
1151 1296
253 3247
2155 2747
1241 3138
1681 3162
750 1376
1809 1826
1292 1305
806 2141
2676 2804
1286 2355
764 882
1079 3061
36 2956
1256 1751
12 2084
878 1307
2052 2357
1280 1372
845 973
1 2068
1371 2339
191 1233
265 1222
1373 3114
1023 2953
745 1085
1731 1763
909 1710
2314 3126
822 2354
1962 2574
672 1824
1974 2483
1637 1786
1869 2633
1117 2600
197 3227
568 624
93 376
489 2339
689 1987
420 2797
242 1925
751 3085
280 2853
2308 3049
830 3222
505 1922
1036 2481
1598 2202
856 1351
212 1276
1431 1731
303 690
1076 2851
1487 1870
2690 2916
233 2753
11 847
1012 1262
345 2595
1187 2809
2 321
1791 2689
815 3273
1389 1888
563 804
1112 3165
2043 2822
634 2862
368 2609
2024 3048
611 1309
2848 2985
477 1355
1743 3157
1283 2101
1824 1966
346 1244
37 3087
498 1302
369 1482
1855 2417
1133 2068
941 1632
628 1373
389 3185
1026 1545
1367 3076
2212 2228
490 640
334 2155
493 1318
988 2972
822 2066
1220 1816
1152 2161
1239 3056
1573 2276
434 2947
1020 2877
2374 3187
2898 3133
1094 1432
110 596
1458 3120
392 1605
228 1927
867 2234
666 1025
2153 2861
113 1687
560 1929
1580 1914
171 2519
1152 2785
1513 2621
1346 2508
966 1845
650 2399
1405 2286
2614 2807
2831 3112
1765 3133
1947 2829
521 1197
1674 2527
2435 2438
466 2487
380 2780
1132 1817
1908 2621
690 2510
109 3276
163 2537
403 3207
1774 2434
1764 2789
1543 1894
755 1512
1794 2740
1711 1835
1338 2003
820 3019
2942 2948
1718 2388
710 2535
705 2068
893 1650
1767 3275
1659 3054
421 2682
839 1014
1330 3267
519 3235
1514 2750
820 2075
1628 2559
98 2689
1115 1256
933 2475
572 1395
57 3125
1015 2444
1345 3131
1773 2609
1313 3059
234 2837
1649 1722
1478 2508
985 2568
2603 2619
1088 2181
625 2707
1663 1875
37 1115
401 1805
1146 1926
2587 3205
213 2790
1006 3038
107 953
542 1409
112 1577
1639 2233
1841 1946
2504 3119
2806 3036
2109 2278
250 2838
2794 2939
682 3190
1314 2183
778 1381
1106 3060
1598 2266
2305 2754
747 2815
101 786
403 1629
1860 2007
1446 1941
223 2411
237 294
2277 2342
2190 2320
87 1516
1125 1881
172 664
2078 2376
1914 2404
2266 2583
1107 1255
388 2484
1547 1664
272 2539
33 3026
2378 2417
1022 2453
1292 1524
917 932
2775 2801
648 3137
119 1764
424 1733
271 1898
575 3058
2172 2310
215 2822
1171 1726
77 583
176 3186
269 3097
328 1995
471 2450
2222 2268
922 1116
2072 2426
64 109
171 2484
2885 3020
831 3143
1118 2241
336 3149
2403 2481
706 1338
678 3246
2217 2672
746 2200
2766 3038
938 3161
130 1159
1235 2161
342 760
77 2140
1204 1707
2282 2366
361 2697
203 1875
347 1838
129 2320
236 251
454 715
1969 3146
2969 2984
737 1487
912 2068
1700 1763
280 731
86 2578
597 3253
913 2842
937 1823
41 2786
1634 2841
1445 1773
1404 1791
447 1860
2537 2921
89 1351
112 2478
638 2944
304 1903
646 814
399 1048
1290 1518
2482 3167
744 892
2688 2733
215 1644
879 2579
71 3211
1181 2246
434 1487
1844 3042
1117 1613
796 2853
2006 2400
1227 2602
24 455
471 804
1357 1474
133 2897
616 1393
146 2326
1686 2465
1497 2151
200 1760
10 2252
2281 2836
2094 2223
2213 2495
549 1179
528 2904
809 1859
2413 2940
2229 2388
11 1661
1529 2536
1284 2172
2194 2901
2111 2255
327 455
1457 3002
2348 2977
2525 2800
2141 2975
352 845
1234 2891
520 3190
1973 2193
2099 3218
253 3117
544 2764
538 1442
2174 3005
504 1834
1972 2897
2031 2804
1351 3044
1153 1406
1470 1699
1248 1265
2924 3222
280 3202
1212 2691
1192 2368
1357 3069
1324 3227
1394 2938
2863 3045
2544 2794
1498 2165
1279 2778
463 611
615 1644
904 2355
517 1923
1410 2438
2800 3276
1357 2069
142 3258
1324 1951
1031 3193
1162 2312
2492 3196
1803 1813
619 841
2976 3067
1775 2284
320 1773
439 1788
2391 2492
492 1280
2133 2313
401 2092
515 842
161 3116
419 1487
290 832
1099 1427
759 910
2088 3175
1597 2501
2420 3049
1304 1605
463 1818
1405 2343
683 1849
205 2896
1135 1309
379 1879
107 2044
961 1522
138 3081
570 2079
1075 1646
2952 3240
2931 3173
1717 3271
204 1294
1378 2664
826 1546
483 942
2769 2968
728 1899
854 1037
36 343
444 1771
252 2776
2138 3102
1526 2190
13 2926
85 2072
665 1658
1450 2575
276 2391
1092 2463
2047 2664
55 377
615 3141
1076 3047
148 2842
1102 3146
732 2784
771 1261
277 2921
2101 2735
638 1893
2461 2808
823 2778
738 2093
1200 1391
1871 2558
763 1195
870 2177
259 2475
474 3269
2402 3090
2257 3114
1400 2366
1320 1741
1940 2964
175 2695
539 2670
1956 2103
770 1851
343 2216
1006 1529
23 672
270 707
980 1708
555 1836
535 678
490 2022
303 2798
1383 1458
508 718
1339 2533
1272 1353
73 1331
1620 2739
1760 1783
239 1431
1879 2250
176 1060
1161 2483
676 2698
283 2444
937 1074
264 3045
934 2641
656 1048
298 1391
232 259
122 1367
897 1034
1106 1299
1010 2667
450 2584
569 3143
80 3015
179 2690
510 1285
379 1043
188 2523
557 1375
566 1387
31 3232
1916 3174
408 604
1028 1256
1032 1264
2113 2859
2199 2801
1708 2940
1282 2449
71 1607
741 2591
93 2468
433 1156
1410 3013
603 2278
48 344
1218 1570
306 3149
2093 2397
878 2592
1901 2549
505 2327
2085 2393
2452 2561
1339 1942
30 562
166 2311
235 616
271 2735
2834 3149
512 3182
1458 2273
1851 2014
573 2766
2577 3008
1988 3177
1473 1660
985 3028
765 2168
473 661
379 2125
2030 2073
1593 1811
187 1232
540 1295
1443 3096
113 140
1287 2083
2608 3131
367 2868
1295 1507
1317 1998
771 2118
477 1544
1002 1247
61 631
2320 3180
321 791
1714 2647
303 1334
623 2470
1614 3049
1014 1201
554 2352
668 1731
502 3169
337 3118
2032 3160
948 2632
14 1140
396 1344
860 1080
348 1132
66 3027
1549 3278
2620 3041
962 1244
409 2971
210 2153
1009 1012
226 2740
1080 2673
344 1093
1462 2288
1536 2827
1346 2429
1417 2779
421 2037
2601 2679
278 2041
408 1330
1117 1233
73 1986
1193 2963
1059 2852
178 1415
2295 3177
345 1182
332 2980
1605 2517
1365 3131
872 1464
690 1441
1778 2112
1597 1644
20 2077
365 1119
335 3203
1803 2140
935 2530
2899 3002
250 2825
1196 3081
519 3279
435 1609
1129 2794
2393 2832
622 2542
1565 2852
1090 3133
718 2549
445 2359
491 3226
199 2026
105 1449
798 1328
1313 1790
1257 2707
426 3149
2045 2241
895 3124
1123 2408
674 883
1632 3221
298 1981
2335 2347
1422 1820
1652 3173
2009 2047
724 3066
83 311
925 3020
294 2429
1829 2814
2045 2411
1022 2322
1317 2605
1179 2870
420 1702
1923 2233
786 1784
277 1789
560 2979
1290 2265
1088 1252
1002 3212
1118 1638
1847 2821
1911 2041
685 1420
815 1583
2047 2551
1726 3257
2653 3180
55 432
1025 2299
11 2246
1266 3146
1119 2320
511 3171
2086 2374
1921 2853
890 3161
1146 1184
1380 3167
1050 2786
1339 2324
2788 3218
343 2995
368 2521
1934 2984
153 3080
499 2713
851 1684
2877 3038
391 1023
1403 2815
1492 2250
683 2029
2720 3137
2052 3158
418 2333
694 2982
577 1306
1898 2311
302 2962
2550 2557
2375 2733
1111 1778
656 1235
1893 2919
1900 2999
506 2831
389 2187
9 399
598 2900
2129 2492
1072 1624
372 1923
2381 3236
1545 3200
538 2493
522 1626
620 1146
1436 1504
89 2976
462 1646
1047 1640
241 1484
385 1700
822 2204
612 1543
1680 3035
1918 2406
1019 1672
2133 2710
1501 3029
644 1066
1506 2260
1022 2753
402 2620
2101 2159
1259 2906
433 3086
30 3115
1118 1704
2034 2580
141 596
990 1837
2822 3140
980 3023
1162 3121
1382 2413
557 1143
65 1232
641 3109
569 1220
1828 2247
639 2619
245 2230
753 1095
1871 2466
2784 3276
2541 3197
674 2949
553 1116
547 1301
436 2188
1352 2536
354 1192
2375 2392
184 268
800 1440
1039 3129
12 3073
50 1334
948 2104
504 1493
1617 2112
1516 1920
475 2027
2022 2582
1842 2256
1503 3233
519 964
2389 2842
418 1249
1027 1802
1324 1815
2806 3220
1738 2754
2160 2999
1574 1840
778 2818
305 2872
212 1689
1020 1838
2347 3091
643 2412
1327 2848
216 1849
3232 3257
1490 1828
867 1904
1550 2406
593 1243
1112 1127
393 2091
605 1353
2577 2995
1027 2136
386 2641
617 3025
580 1373
1302 3228
1335 1484
60 1425
805 2670
151 662
507 672
171 1454
1762 2619
1209 1639
1567 2012
3174 3189
1363 2776
1001 2412
2680 3123
2622 2705
1309 1874
228 387
2048 3066
1436 1985
1658 2882
1506 2421
2285 3225
1947 2966
2233 2888
863 991
538 884
1418 2649
2943 3169
2751 2968
636 2641
1033 2373
1535 3182
1698 1925
1328 2022
606 969
1302 3154
269 486
742 1782
618 939
1456 1696
968 1646
220 3029
943 1011
1322 3107
771 2176
1223 1282
1661 1970
1999 2545
272 1250
1932 2339
965 1458
71 2998
453 2026
66 2847
291 1910
1598 2655
884 2094
420 2635
827 2884
2141 2432
2071 2645
730 3167
12 961
442 2616
39 2396
1991 2906
1154 2527
1824 2741
281 1158
425 463
1035 2137
1103 2253
468 907
587 2199
823 2711
1290 3192
531 1297
290 714
644 885
2611 2976
1164 1346
2177 2299
1496 2364
1164 3212
872 3116
1643 2494
1591 1696
734 1175
853 3193
2696 2724
1927 2347
152 3114
2146 2537
558 2495
1603 2661
1901 2156
1233 2430
74 1905
2017 2302
1342 1969
2145 2906
140 2522
383 1488
410 2966
1423 2520
1172 2281
1201 2523
1105 1720
160 1522
415 488
2472 3198
988 1952
1529 2525
1819 1892
20 1725
357 1471
2932 3240
643 1404
1426 3278
133 1057
2466 2821
1938 2152
930 1416
2032 2799
982 1960
946 2040
1765 3253
421 3182
919 2958
1914 2687
248 3015
638 998
574 2415
2664 3194
1880 2514
399 1410
2980 2997
404 2319
2764 2907
2021 3206
1149 3024
609 1980
1522 3095
60 928
2610 2873
2936 3203
788 2589
86 647
1266 2197
512 1585
284 2901
10 524
2141 2925
1467 2246
833 1696
2256 3148
1199 1536
2957 2994
2408 2892
1336 1473
837 985
193 1761
504 1820
2242 2830
723 2626
2377 2518
1130 1628
742 778
575 1895
2954 3229
373 2927
1126 2590
2009 3075
2250 2254
1423 2401
923 3251
1193 3231
230 1234
1707 2312
180 1354
1657 1761
222 1690
1716 3234
1012 1072
1362 3035
9 2569
1801 2165
1119 1609
1862 2414
1195 2875
1014 2191
1862 3209
711 1195
1275 3020
21 1253
155 1466
780 3177
454 2899
535 2256
326 367
1473 1694
1462 3113
21 924
385 1258
347 2777
2732 3050
1551 2883
229 2504
284 1645
746 2300
1049 2864
2235 2433
1224 2345
2150 2396
1227 1580
58 1838
1163 2396
259 1364
2786 2983
2526 3090
606 2325
875 2450
1855 3240
963 3088
2960 3026
307 1082
83 2577
20 1607
575 3126
417 1982
914 1786
412 446
1177 2074
788 1319
1387 2115
120 237
997 1792
401 2978
83 1016
380 1746
1767 2391
949 2019
491 2854
206 2999
1723 3061
172 1174
2584 3143
796 934
718 2294
999 1850
339 879
1420 2548
2918 3025
1038 1446
2342 2992
1844 3061
2846 3131
2212 3089
1669 2702
27 475
153 1130
329 2808
1384 1470
931 2444
686 999
47 228
145 369
1827 2922
1452 3145
1185 1348
1142 2633
97 1106
514 2055
2730 2982
503 2138
132 923
598 2738
788 1671
675 3051
709 2333
1662 1774
669 2807
201 2830
1885 1979
1226 2359
896 3234
53 2602
635 1697
2623 3023
83 2628
364 3151
1561 3118
926 2808
296 383
1098 3100
2446 2535
2026 2953
772 2210
1130 2132
42 709
361 607
1598 2784
140 821
929 2486
903 1708
1140 1670
814 3276
500 2328
1345 3005
1131 2203
2429 2676
342 2516
1027 1412
1465 1468
2592 3167
1381 2365
649 1448
632 2584
399 3065
879 3093
238 1279
234 610
353 487
127 1800
2110 3013
1679 2977
1362 2532
2812 3270
2716 3151
274 3240
717 3209
756 2438
197 1625
958 1187
2373 2379
2610 2694
2858 2976
864 1512
351 708
1528 2940
2117 2574
547 903
593 3125
1034 1797
60 1744
938 2508
153 266
1609 3162
397 756
382 775
719 866
801 1170
994 2972
270 2336
400 1437
696 2306
1889 1981
1433 1444
1136 2770
353 2498
1754 2128
2055 2487
213 2509
1124 3174
727 2012
1829 2221
2227 2545
1558 1792
1 2912
1447 1743
1180 3136
1943 3083
440 668
827 2161
383 2978
2089 2535
380 3032
2006 2130
796 2449
645 1279
637 1761
1343 1795
1607 1659
1231 1600
878 1086
1334 1715
949 1719
1643 1713
477 2684
1124 1292
2071 2158
223 3257
455 1356
294 1860
744 960
63 2471
566 1136
469 1778
1219 1405
1432 1464
965 1443
230 2253
13 2012
708 2569
1465 2225
2625 2764
1273 2103
1087 1795
105 2835
842 3226
417 858
2436 2771
2746 3105
1446 2853
1664 2515
669 733
457 756
578 584
268 2218
459 1876
818 3273
96 1330
169 2102
340 2594
302 472
552 2110
2283 3273
2820 3222
898 2989
2411 3106
1752 2072
1149 3182
314 414
225 2557
921 1374
607 2112
2350 3151
25 205
1860 1994
1626 2899
2134 2567
1370 2009
202 2821
783 2300
961 3106
1412 1506
1548 2321
2110 2876
407 664
181 388
852 999
1121 1367
554 1026
1668 2679
1621 3007
313 1559
709 735
1735 3137
1203 3039
276 677
2243 3233
338 1410
669 1535
886 1279
788 2255
224 3218
893 1590
2414 2902
542 1235
477 3188
933 1139
1080 2911
353 1575
760 2106
1145 3029
233 286
2690 2852
24 3030
172 2744
576 1357
2186 2726
887 2495
2620 3011
278 2392
568 1731
452 2994
1809 2803
418 2142
256 2689
2249 2418
1863 2299
941 2990
236 3034
1312 2793
842 1728
442 653
848 2417
643 754
1655 1735
486 982
628 1412
1262 2439
930 3204
1966 3266
123 2172
1033 2567
647 1792
2640 2786
215 1743
2450 3272
104 1959
1391 3063
150 1288
1136 2889
568 789
115 559
635 1400
2851 3199
593 2164
2071 2970
1461 2276
1439 2771
318 2845
551 1397
261 1437
439 1353
2795 3234
2742 3239
607 656
255 2017
3045 3237
212 1098
1494 2078
602 3005
1471 1472
522 2551
979 2921
438 1693
1783 1809
3016 3039
1106 1826
933 956
3007 3139
1078 2217
22 127
127 677
932 2161
710 2314
890 2942
2234 3239
908 2953
3 3035
2418 2591
971 2093
2280 3129
762 1975
322 500
93 940
175 2710
1379 1658
417 934
882 951
310 2452
1497 2941
365 3205
85 491
9 2512
175 530
1341 2122
911 1859
171 2743
300 3118
2264 2486
1030 1527
213 526
170 1014
107 1826
1892 2358
1876 2458
2290 2942
2496 2856
861 2356
947 2285
2230 2544
1883 2418
216 1717
1496 2265
6 86
494 983
701 2111
483 846
366 2366
1543 2438
2696 3255
1676 2927
2651 2772
1344 3152
938 2947
1945 2284
1242 2073
2474 2726
1329 2155
2385 2413
2544 2798
21 2576
1655 1848
1187 3128
91 1047
1282 1712
1007 3103
642 1845
350 2463
1429 2869
1331 1404
1721 1760
2082 3100
647 979
980 1693
211 1023
1909 3109
2670 2857
604 1052
1290 2237
2806 3277
315 2620
32 1938
113 1613
1788 1835
564 1632
105 2353
1109 1372
2486 2602
1465 2196
100 1285
732 1643
984 1862
2095 2683
305 1556
2481 3238
1082 1600
2866 3169
2017 3122
811 1415
2301 2666
1564 3026
370 3199
59 3136
164 2696
216 2179
696 1219
702 2165
2516 2549
1338 2255
873 3253
1799 2443
2034 2476
869 1640
1238 3008
126 1008
433 2182
769 3015
708 766
611 2806
540 970
1717 3208
1733 1953
1346 2829
124 538
1462 1911
772 2375
1114 2452
254 772
862 1326
787 1758
2340 2600
1009 1432
473 2100
767 2202
29 2015
1567 2064
319 435
1037 2669
1041 2642
212 1996
349 1584
1208 1828
2198 2477
490 2367
1081 1516
1812 3278
1057 2059
1814 2177
827 2329
2761 3133
865 3206
259 599
1003 1733
1472 1849
505 2012
2801 3170
2607 2800
1925 2484
1662 2022
57 1587
616 686
1730 1855
446 1269
121 2319
108 3030
554 567
1536 1846
497 1714
355 446
1437 1489
1768 2972
38 1481
370 3173
594 1825
405 921
315 845
806 2728
916 1149
906 1324
1227 1820
1854 2804
1088 2802
1072 1532
783 1849
133 1122
2946 3092
954 3105
1940 2910
1496 1724
1314 3064
162 754
781 2984
1113 3170
1328 1421
2338 3126
765 1345
677 3151
209 3209
500 2000
370 2319
979 2335
189 2079
2053 2087
950 1758
435 1340
68 1422
1574 2475
1836 2488
1537 2821
2072 3108
2296 2450
1224 1228
111 3083
436 1667
3101 3219
1597 3045
224 2212
2602 3124
1086 1758
253 1756
1649 3200
803 3026
2395 2529
1398 2698
411 2414
1649 2056
52 3198
2642 2644
1313 1853
1314 2549
1810 2433
649 1237
88 1973
571 2235
301 1992
581 2883
547 2828
1912 2958
67 1397
356 1435
863 2553
1787 3198
1738 1990
149 1528
1124 2830
1964 2304
1466 1780
1388 1517
301 1857
406 2440
2776 3055
3136 3217
2289 3025
1890 2534
1310 2332
85 369
17 907
740 2304
190 3085
66 1069
591 2862
1156 1239
2913 3141
2283 2297
542 2053
1826 3136
1266 2787
1236 1322
2301 2566
1620 2849
1348 2372
753 903
709 2258
631 918
463 995
102 1554
1620 2061
314 2236
182 948
147 2388
280 2070
482 2803
883 2045
341 2733
1969 2881
2536 2879
1096 2582
129 1207
1965 2723
1213 2990
312 580
310 584
287 866
654 1742
2648 2879
1597 3222
824 2409
1891 3101
742 2062
150 3065
646 943
2247 2782
167 514
2610 2854
2753 2947
105 2636
2871 3210
1222 1740
1688 1905
1239 2734
893 1775
850 1543
330 2483
2287 2527
879 1175
368 1369
73 125
126 1653
2443 3181
2818 2914
273 2119
1538 2741
2266 2460
804 2646
371 1373
258 1145
512 1500
1836 1838
943 2058
868 2664
43 448
824 2757
947 2406
214 580
638 2363
1508 1948
668 793
234 336
1130 2444
2234 2649
1355 2612
2560 2794
930 1555
626 674
1508 1770
669 985
371 1867
177 3173
887 1020
1450 3150
1669 2569
2342 3147
1205 1343
2113 2774
967 2541
258 600
706 2240
493 1091
1168 3218
2091 2427
743 1871
64 862
1251 1470
918 1264
408 1192
2307 3134
2205 2501
543 1162
1803 2135
596 1677
1534 2982
258 2917
454 1347
103 2547
1949 3210
888 1965
244 1314
1514 2287
2648 3199
1150 2679
150 314
1774 1979
2240 3265
