4000
1302 2665
2821 2969
1754 2502
1515 2806
1039 3090
582 1451
2340 3570
1034 2002
107 299
1533 1709
2639 2912
256 1458
2348 3025
475 2233
2905 3611
731 3816
213 2345
1675 2160
309 504
2242 3711
2033 2561
1531 2416
165 3421
2492 3319
1863 3203
2398 2664
758 1361
296 615
939 1409
1559 2329
481 1545
1576 3141
1343 3136
33 2956
736 3866
1141 2453
1709 3450
2756 3482
311 850
1326 2468
509 2763
402 2900
3434 3578
2458 2966
2271 3140
2142 2731
526 2817
2756 3374
2606 3658
1340 3487
2344 2445
2029 3348
3 1050
118 361
805 3992
1278 2227
197 1561
2542 3445
1815 2022
2264 3693
1090 3938
1868 3016
276 313
791 2929
1259 2747
148 1524
627 3465
3386 3936
1318 1665
1172 1447
1655 2231
1652 1685
3190 3809
1509 3667
191 2102
1229 3196
2289 3639
419 1194
1425 2584
1381 2735
513 2679
2079 2520
559 3794
1541 3095
459 3218
1374 3530
614 3562
955 3825
607 3887
325 922
3410 3594
3648 3760
1990 2957
2030 2145
2372 2734
307 3661
2255 2599
3600 3612
694 2958
150 1717
1268 2726
2518 3523
119 657
1605 3535
534 2919
167 3435
239 3710
1074 3668
968 1119
1992 3999
2315 3273
522 2326
431 3514
579 2413
139 3066
2258 2432
1450 2543
333 3390
412 796
44 910
2812 3737
445 3526
983 2221
371 2792
964 2731
1805 3890
855 3921
160 2279
852 2297
158 3838
1858 3718
1320 1522
660 2391
536 2880
548 1949
2111 3791
31 1214
2461 3382
1668 2292
2361 2442
1941 2520
2354 3076
669 1592
1064 1071
969 1492
1473 2872
1209 1333
293 3692
2641 3360
20 1472
908 1784
42 3070
278 884
59 1801
502 2389
751 3938
828 3613
114 2068
1334 2171
578 2215
1385 2847
2894 3580
1628 2457
1969 3896
654 3437
2989 3393
2819 3769
58 77
1000 1796
1350 3966
692 3423
2058 3412
253 2327
2653 3372
2060 3739
829 1384
452 3593
622 3284
1147 2561
2252 2708
566 2954
1902 3437
360 2766
1936 2492
2699 2714
75 506
1581 2482
2373 3864
2253 3916
146 3091
1406 2515
596 600
157 1274
2583 2738
807 3301
97 3293
959 2007
1735 3843
2202 2239
506 1556
424 728
343 3788
1474 2560
1122 3748
535 2686
405 426
703 1407
1994 2507
321 3484
850 3706
992 3796
515 2807
505 1045
1889 2762
211 2598
268 3454
1731 3417
162 2342
265 3779
1261 3324
1998 2135
175 1479
356 3263
25 778
120 3272
1314 2268
3689 3771
2153 2913
2157 3316
1200 3630
862 1999
2195 2693
975 2500
820 3760
1152 3790
1923 3291
1240 1806
2928 3993
1247 2771
999 1670
2871 3572
477 3156
86 1360
2425 2592
483 2846
387 3777
295 2580
1150 3826
219 3804
2841 3100
1371 1895
252 1752
2964 3849
666 900
1072 1913
362 3411
1531 2069
1233 2764
77 1380
232 3962
2800 3765
587 778
773 948
104 2654
1729 3332
172 1096
154 410
979 3612
1963 3619
262 3665
1175 2216
2049 3133
1521 3501
712 2143
995 3672
226 3802
1162 3019
438 3094
1071 1287
529 1766
1032 1392
3014 3924
56 3029
301 943
2252 3877
2277 3987
2118 2708
430 1350
2359 3532
606 856
1232 2119
2443 2496
1809 3632
1952 2434
314 3009
1454 2323
430 2325
1529 3681
1652 3739
224 3828
665 3390
1384 2569
2339 2710
2916 3489
599 917
737 899
2622 2725
486 3969
1015 3197
338 3162
833 1534
1918 2488
2192 2959
222 373
803 2892
1315 3428
2517 3306
458 940
2931 3574
1416 3604
267 1677
210 471
65 1005
3460 3852
227 1482
1167 1373
851 2553
806 2593
823 1651
1616 3915
780 2303
2090 2622
1701 3729
579 3169
1361 3857
443 466
918 3646
631 3161
3443 3702
1688 2382
1390 3527
1212 3891
53 3684
859 2228
73 2143
422 1254
2855 3559
1506 2434
127 489
1270 3529
544 2144
2910 3578
2933 3364
1298 3554
832 3216
785 3861
1426 2909
1196 3106
2230 3325
178 3041
2832 3583
1661 3773
3358 3670
2961 3766
789 1163
3027 3674
1341 2601
2704 2835
1256 3785
837 2091
2477 3438
416 3052
272 442
2894 3862
196 282
1703 2560
319 2600
818 2976
402 770
83 1201
2655 3508
3568 3647
1236 2904
1238 1412
1490 1630
2677 2691
43 3129
2124 2766
1609 3929
928 2116
934 994
2676 3421
1434 2268
1153 3088
10 3137
1498 2061
1401 2000
1969 2748
29 1465
1590 3968
31 1926
1454 2350
1263 2066
297 416
871 1748
970 2330
173 2241
1236 2181
1733 3627
1606 3274
749 1409
3412 3697
1741 2001
370 2452
98 550
632 1614
1124 2911
907 3229
503 3738
950 2141
1580 2627
170 2452
715 1570
244 597
145 2432
1399 1496
1016 2791
1672 2037
112 597
1518 2216
1045 2981
308 3715
1520 2490
1661 2809
641 2705
765 3157
3007 3702
1178 1972
1472 2018
228 1893
2404 2675
50 624
1243 3628
834 3164
1383 1955
1723 3645
889 1251
2003 2238
66 1130
2415 3678
1130 1339
1174 3447
722 1931
809 2987
246 2007
3192 3260
2282 2769
1632 3018
496 1701
95 1584
2967 3394
2945 3209
446 609
2426 3404
391 1835
1078 1301
1239 1928
905 2992
258 3756
1753 1869
1011 1366
2604 3749
619 2614
984 2365
1308 2012
721 748
1436 2973
2831 3543
627 3232
2980 3407
1112 3679
1745 2616
266 1698
1967 2920
779 1156
2117 3034
718 3320
717 1960
3404 3503
213 3621
725 2719
816 924
269 1020
1315 3037
327 2836
1111 1263
1227 3547
507 3024
1482 1803
384 2472
1158 3148
2563 3338
2317 2526
1359 1443
398 2662
1538 2665
576 2855
13 2096
75 3035
1738 3017
2627 3670
1411 3593
3195 3752
2072 3873
994 2820
1920 2417
533 678
1586 3247
1878 3894
1022 1168
2139 2322
1221 1413
1337 2281
439 3694
1292 2259
7 3767
3513 3615
1722 2235
555 2355
2355 3196
2544 3797
1657 2372
3547 3829
568 3159
604 2053
1307 3029
1493 1978
2711 3756
1720 3568
2830 3230
2185 3321
3296 3919
997 2437
2755 3453
909 1693
717 3689
1389 2902
1510 1633
1766 2327
1716 2299
695 1913
708 752
3137 3712
138 3873
504 1620
480 3498
2652 2680
723 1198
178 2042
1604 2197
1292 3661
17 741
150 2950
2129 3942
880 2167
1796 2705
2017 3878
122 3222
1286 3996
117 1874
387 979
3236 3492
3039 3590
1196 1489
2467 3126
3110 3794
1359 2900
753 2500
1517 3012
337 353
527 2285
1828 2369
102 2775
2110 2250
156 1616
1657 2194
1822 3934
1716 3130
958 1773
988 1159
168 709
1846 3044
626 3114
860 1695
316 1116
215 1456
145 1125
712 1204
630 1656
2211 3939
2184 2749
163 3342
639 3300
1318 3013
2901 3216
1049 3373
806 3414
396 545
203 2385
911 1376
904 3429
27 878
1435 3648
319 2353
1543 2451
790 2324
640 1847
2121 3047
1459 3699
498 1614
1865 3659
679 2109
822 1070
2060 3062
1696 3170
720 2703
1939 2710
1133 1839
136 593
3123 3722
1216 3043
457 1244
692 3177
2814 2921
226 2420
539 3199
1032 2292
767 1021
2234 3005
1589 2150
654 3813
2621 2678
1646 3292
2672 3511
843 2807
1034 1912
2090 2115
1966 2650
1349 2757
1019 3772
3889 3959
76 1050
2065 3475
330 1736
2246 3680
442 1089
1788 3584
667 2685
682 2538
909 1244
2852 3619
767 3456
294 3882
1861 3187
2185 2851
1031 2780
708 2786
976 3252
1546 2611
591 1185
2986 3706
2754 2759
1106 1958
2573 3162
1937 3784
2448 3891
1595 3708
704 1728
2404 3714
408 2133
3070 3912
1338 2748
2247 2519
180 2958
3375 3654
2533 3168
1391 2474
2412 3446
1208 2989
415 2801
799 1402
945 3212
2810 3711
2363 3951
1621 3990
1139 1331
787 1816
1283 1876
113 2109
918 1900
2095 3845
1138 2586
514 922
1774 2889
3140 3770
413 3012
407 482
299 1367
1694 3834
1172 1332
826 2862
1622 3266
1156 2827
16 2854
491 2211
897 3946
190 408
246 2509
3494 3959
1456 3693
3217 3372
1119 3116
2844 3824
3221 3955
105 3475
1911 3233
2063 2283
1826 3611
1630 2675
2295 2758
1188 1732
613 1293
1609 2823
944 983
555 701
1698 1870
854 2402
1047 1647
49 2717
616 1417
1242 2684
1293 3876
877 2968
547 1253
998 1430
1634 3896
978 1544
479 966
2290 2852
1135 1138
1752 3828
2393 3229
411 2791
2080 3138
2948 3785
853 1120
607 1438
1192 1247
636 3389
1150 1494
494 2296
2376 2772
1760 3069
3544 3657
1102 1645
1319 2478
180 592
2286 2590
436 3170
685 1851
205 2285
285 2040
2523 2758
1621 3156
1938 2318
873 1653
2779 3988
2682 3766
1030 2509
336 2548
2967 3801
989 3935
1338 2454
664 3964
522 3807
1393 2949
1136 1946
3319 3940
1928 2996
2308 2999
868 3932
42 681
546 1605
2051 3908
1625 2571
1187 1479
3265 3874
2655 3820
804 1860
2513 3723
485 582
567 3415
2197 3248
1770 2920
505 2527
1435 2702
543 1823
448 637
1909 1975
738 1297
2075 3872
250 3207
1845 3550
302 1140
298 1872
1310 3561
2203 3736
169 3902
404 851
2317 3234
1077 3153
700 1596
1956 2835
60 3753
2095 2814
71 2980
2241 2750
1864 3763
2626 3917
2694 3078
3007 3361
2210 3329
48 1061
1619 3096
971 3650
1234 3701
2836 3259
1265 3040
842 1516
1646 3948
3346 3964
248 976
927 1313
1632 3175
546 705
842 2343
1765 3549
954 3698
1817 3545
533 3098
399 2006
827 1869
2170 2696
2709 3345
1029 1298
193 1000
3197 3754
217 1682
2362 2380
1853 3860
804 2539
1648 3463
3205 3932
339 3652
1428 2781
171 552
3422 3441
1137 2667
2796 3870
51 3527
91 948
1202 1383
38 710
932 2506
50 541
219 1074
1269 2728
1159 1710
289 3970
26 857
2974 3802
2191 3694
1668 2433
2641 2963
2803 3053
2526 2743
8 981
1380 2074
1461 2785
1127 2378
2009 2156
274 1142
1313 1658
1231 1516
757 2302
3003 3240
910 3255
1791 2411
1916 3916
1759 3705
87 2501
591 622
2476 3817
379 3812
1597 2551
286 2414
1877 2052
811 2588
118 2013
3571 3577
127 1984
2540 3935
2232 3718
113 2769
3740 3776
1046 3123
1330 2270
2745 3937
1871 3893
201 3320
1220 1572
1262 1289
15 680
1098 1678
747 3087
1786 3298
1768 3458
484 907
2393 3725
1720 1763
2050 3215
195 1801
49 1304
1129 2071
972 3384
1865 3720
1730 2760
1377 2562
2044 3996
1608 3104
1683 2699
810 1530
37 2743
192 856
2780 3134
2254 3864
565 1463
185 3026
2324 3865
1117 1965
2260 3143
1121 3575
523 2843
1578 2063
2891 3146
643 1983
610 2828
602 2684
1368 2628
1062 2503
840 2535
2789 2943
2494 3632
1664 1778
1194 1713
840 1424
1054 1336
33 2553
2400 3315
1353 2036
1421 3564
2232 2425
2309 2510
2683 3033
2419 2712
292 3261
526 1415
876 1687
287 1771
796 836
1504 2120
1033 3888
457 995
697 2935
433 2722
1442 2164
571 3508
1879 2613
2806 3080
1985 2755
3249 3411
22 2611
960 3244
510 1326
1812 3616
378 3730
2379 3620
1990 3674
2550 3888
756 3863
424 3929
864 2676
16 1134
1577 3428
2004 2354
1434 3525
535 1578
3700 3990
1572 1689
2282 3083
256 3318
866 3264
1101 3270
2198 2504
2094 2634
1722 3844
2284 3777
3092 3223
1571 1948
2424 3364
3587 3722
108 3705
1876 2810
1643 3361
148 1917
537 2431
3656 3714
1888 3277
462 1538
2321 2539
1494 1555
2444 3834
2951 3600
444 3261
318 3971
146 3512
865 2669
124 1355
3144 3922
562 3819
217 1279
1917 3580
1643 2658
411 1769
121 1942
2141 2181
1165 3931
1816 2632
3541 3577
1163 2137
1686 3754
1024 2386
1739 3550
175 3541
2882 3205
1824 2632
1360 2270
92 3079
992 1691
2392 2626
1594 2508
1937 3065
556 3357
265 1663
3246 3678
2153 3174
247 3234
1264 2421
355 3646
41 3635
1684 2496
74 3329
2890 3067
2981 3801
502 2576
446 1562
2246 3339
193 523
1099 2398
507 3315
1092 3737
1230 1663
60 278
2565 3157
1693 1932
893 1068
1976 3180
691 1220
1344 1878
1667 3876
110 3709
230 511
510 2343
3497 3942
556 3563
606 2896
264 3732
2298 3634
129 462
564 687
2038 2251
1512 2126
1059 2368
3107 3387
1271 2484
39 2480
334 3248
1574 3444
375 2142
2159 2736
1523 3869
749 3153
285 2249
1035 3145
777 3778
1327 3368
493 728
2358 2903
3010 3655
2043 3202
1364 1429
52 2261
1610 3080
3207 3485
289 3242
307 1503
375 2926
1126 3812
1640 3592
3305 3899
1907 2179
2203 2915
3545 3697
1423 2275
347 1245
2901 3537
2729 2771
585 3680
2497 3624
2944 2982
437 1994
2014 3599
696 3591
1073 3176
328 3707
649 1027
298 2877
2876 3970
1825 1942
2213 3176
2799 3918
670 3709
1123 2850
2808 3321
55 3498
302 3537
3108 3506
1066 2409
136 3125
1595 3943
3195 3346
662 3861
846 3708
590 3817
57 3310
1671 3316
2811 3814
567 3774
1148 1237
722 972
3589 3620
2341 3430
3871 3952
2537 3653
1214 2108
495 2503
2420 3247
744 3235
1348 3219
398 501
1920 2367
1873 3182
1833 2688
3046 3805
1680 3200
608 2737
1076 1545
179 2883
824 2777
423 1986
3369 3906
2138 3500
857 3225
1526 1943
100 394
1065 1476
2666 3214
768 2297
2888 3839
1694 2829
841 1819
2521 2868
396 1943
882 3761
930 1157
85 888
1436 2449
1637 1933
1282 2651
1837 2770
57 334
3395 3943
2613 3243
1953 2499
1739 2879
1044 2987
779 1765
3344 3462
946 2458
1173 2413
736 1171
876 1889
233 2907
845 1615
3599 3786
2340 3459
1476 3339
530 1427
238 291
733 1117
819 1512
746 1800
616 1406
1490 3281
1568 2795
3235 3780
2846 3726
1300 2122
3356 3924
699 3091
1897 2383
1744 2416
745 1267
761 2408
188 3388
2303 2631
2903 3212
617 1898
645 2230
343 3759
940 2256
225 2994
891 3963
1649 2066
1559 2172
569 2433
1469 1800
1314 3275
706 744
1288 2888
1702 2521
531 2941
316 2138
2208 2403
1825 3073
1974 2793
1225 1542
465 3455
671 3268
2103 2906
290 3775
283 1931
288 3448
938 1397
949 2762
1867 2346
870 1880
957 1103
1667 3221
55 2614
1724 3542
1115 1811
1422 2744
488 2483
1438 1480
3033 3307
650 1346
1151 1551
508 1283
451 3141
795 1619
1052 2819
1038 3631
774 1713
1216 1950
3060 3306
898 3251
678 3734
2688 3859
1311 1428
1884 3583
1772 3522
2294 3649
3054 3825
2386 3371
487 3655
623 839
349 1712
1341 1768
1579 3001
1761 3435
266 1272
38 2658
1325 2979
2028 3637
301 2732
296 358
589 2578
1055 2148
133 2541
2423 2824
1145 1560
1560 3150
80 125
2276 3015
3023 3690
838 1818
367 1413
2408 3335
1087 2854
4 1820
18 2822
542 1241
1623 3432
1433 2381
434 2106
2174 3685
1633 1642
3671 3993
208 2982
595 1972
661 3556
652 1372
2214 2370
1011 2267
2131 3468
1058 1149
2485 3440
951 2845
1169 3432
953 2158
973 1934
2381 3200
19 2572
390 2184
2439 3625
2532 3044
763 3572
1170 3158
177 1965
1868 2777
1301 3695
1012 2701
45 2191
2966 3555
715 1139
969 2495
3378 3654
1530 2114
2478 3610
554 2287
106 788
1740 3308
2031 2839
1354 3824
1083 3189
1583 3353
304 470
1373 1535
1371 1834
7 2936
254 2707
554 1277
1981 2717
1737 2004
164 3075
1442 2283
447 2255
2963 3905
1206 3856
2918 3166
109 2998
1302 2422
881 3384
1367 1911
634 1918
813 1540
563 3699
182 1109
3223 3313
1751 1758
2411 2412
2157 2465
2711 3370
1394 3224
2182 2523
2071 3293
2079 2472
645 3473
3042 3310
2648 3124
1105 2763
94 3481
1207 2747
1272 3819
2598 3322
2730 2798
385 2112
2059 3505
157 2366
1204 2504
305 2226
2895 3117
28 1084
2055 3165
1019 3877
1264 2076
861 1325
1483 3079
323 2054
354 1250
1270 3002
1048 2979
2096 2098
3587 3793
425 3485
698 893
493 2302
2023 2594
2741 3953
731 2898
35 2437
520 2897
2430 3517
2278 3178
716 1890
3287 3981
1374 3691
980 3516
3684 3789
365 2125
771 1065
68 1501
2349 2378
47 2165
159 898
2198 3554
723 2923
982 2536
1719 2610
2329 3493
1253 3787
1053 1485
3088 3206
2347 3204
589 1309
656 985
2741 3424
188 263
1300 3453
1602 2860
2093 3686
1096 3213
2997 3641
3245 3635
342 1468
1776 2974
771 3850
739 1475
131 1082
783 3405
757 3188
925 1335
766 3381
468 2435
513 2209
464 2092
766 3910
1404 2454
2164 3302
673 3616
892 947
3013 3598
544 958
135 3691
2123 3194
3059 3102
308 675
3385 3838
902 1982
1396 1569
1549 3292
1852 3853
2953 3023
2617 3719
1818 3253
376 3038
997 2388
624 1993
1537 3280
168 1084
88 1193
90 2390
835 3791
417 1842
179 3821
3040 3839
2527 3222
1991 4000
1883 3365
3500 3836
1893 2927
1124 2249
1007 1747
848 2659
2837 2858
2334 2838
1823 2702
1748 2274
1862 3893
917 1157
826 1141
406 553
467 1339
24 951
2773 2948
2824 3848
1672 1951
1148 1423
2857 3010
598 1460
1174 1980
3495 3726
1856 3103
97 1658
698 760
341 3966
726 1715
3304 3925
987 1290
812 1429
1191 1941
841 2640
847 3521
1369 3286
577 2954
3470 3682
155 2693
1660 2320
198 2546
155 3559
454 930
1 3193
575 2258
1601 2299
460 1730
1690 2057
14 474
620 1304
572 965
229 1018
911 1457
558 2389
361 1398
1078 2950
1979 3155
764 1773
895 1521
952 2192
725 1282
864 2724
690 3385
2266 3533
317 3210
1125 3972
1401 3492
1328 1999
3097 3109
1831 3716
331 3875
1841 1896
1289 1919
926 1905
2985 3792
373 3360
1182 1351
497 2176
482 1649
734 2207
1211 1585
1155 1552
1381 3634
1094 3478
1756 2319
3115 3444
1703 3383
1767 3595
1987 3443
315 3747
199 1281
570 3795
2438 2487
1718 3617
702 801
189 3579
1427 2475
580 3440
251 1102
20 3085
1166 1273
1971 3426
501 1425
1849 2984
584 2130
874 2460
390 1762
409 476
2005 2591
3300 3576
214 1118
2670 3230
394 3158
1626 1944
2056 2081
2732 3823
174 1199
1122 2286
61 1481
550 1644
2568 3362
2305 3799
3204 3889
2183 3663
635 3516
63 2094
1767 2525
1366 2621
388 518
2267 2921
2577 3528
892 2677
249 1105
1185 2331
3626 3848
568 1259
2304 3290
862 2825
116 3089
2859 3400
950 2089
199 1079
176 2059
2081 2450
870 2673
249 3502
777 3291
385 1327
2915 3439
2224 2417
239 3576
527 1930
360 2017
357 1153
121 2479
585 2335
1702 2032
2911 3018
557 3905
914 1922
237 3298
1295 3869
1276 1389
912 2085
1563 3510
87 3884
355 3274
1127 2105
732 1782
1095 2371
1410 1728
321 1636
32 1492
455 1343
727 3904
1930 3558
132 993
128 2809
1533 1734
1099 2311
952 1518
1861 2946
353 3974
1275 2000
1949 3060
425 2820
1466 2180
3264 3717
322 2540
1239 3008
351 2052
580 1431
368 3679
1131 1885
3497 3999
3704 3979
1043 2511
209 1916
759 3716
3534 3573
2656 3130
1984 2541
1993 3763
1418 1899
1278 2101
1358 3312
1188 3507
2555 3446
2746 3811
3379 3381
2293 3883
1353 3352
1563 3072
759 1977
429 3020
739 1051
3185 3191
1583 2019
1190 2154
1432 1688
1405 2983
2146 2642
34 2024
960 1251
1970 3820
1028 2524
913 1362
95 3857
1222 2421
1322 1453
1416 2720
1573 3068
2190 3092
2477 3985
1046 1088
1160 3626
1855 2988
2518 3415
1396 2816
67 1228
1342 3782
3762 3951
1727 3220
1081 1284
1265 2734
52 2148
1757 3515
1079 2070
366 1570
1395 3897
858 2984
2776 3305
540 784
1548 1617
317 1137
271 1280
799 3830
1446 3761
1803 3317
2783 2912
2310 3397
3515 3563
899 1310
679 1056
347 1087
376 2451
2962 3798
798 2877
196 3778
1006 3457
2570 3958
1049 3636
2637 2808
99 3590
3085 3671
2615 3352
936 1769
595 2938
782 1001
2360 3287
1316 3236
2044 2231
978 3377
395 2941
869 2088
1921 3784
512 1582
3114 3553
3057 3781
935 2368
1886 2750
629 3933
512 1382
618 2459
459 3783
2595 2910
1073 3368
1591 1790
900 1569
183 819
2120 2196
160 1437
1666 2014
88 2834
690 1758
2392 2973
3113 3167
3348 3982
259 2093
386 933
1871 2310
1996 3358
2210 3228
849 1378
956 3968
1449 3688
399 1320
78 3335
1655 1900
172 3919
3467 3637
584 2633
1088 1488
689 3179
3237 3683
3535 3625
1445 2462
885 3118
198 1519
1114 2891
807 2111
1017 1820
401 789
781 919
212 1829
2236 2464
130 3584
1786 1819
431 2057
2765 3669
37 2491
92 3823
70 3946
769 2897
730 3159
834 1988
1997 3214
1537 1934
2226 3186
896 3250
2977 3882
167 998
2999 3764
863 1902
406 3188
1309 3051
1612 3796
2038 2831
1470 3208
123 2933
885 2656
1440 2020
1497 1789
706 1914
170 2088
448 701
1149 2176
2858 3988
1611 3728
1534 2754
2624 3553
1145 3161
91 982
336 962
1254 2242
2908 3094
1202 2053
2629 3656
2200 3540
2516 2887
2625 3256
1491 3710
788 1277
549 2875
1497 1515
2152 3179
1797 3965
2443 2873
231 693
295 2749
594 1742
2736 3237
1794 2463
2272 3051
724 3769
21 1513
277 284
134 158
1957 3914
1160 2294
858 2943
273 3050
84 1604
3772 3870
51 3231
200 2084
3539 3830
2244 3149
1838 2789
705 3937
1721 3934
3165 3391
1207 2618
894 3881
1815 2101
873 1946
3486 3831
1227 3464
879 882
163 1775
745 2508
156 1594
70 3642
3074 3340
1808 2234
1026 1662
1783 2440
676 2353
3356 3423
440 1556
1927 3151
287 2301
2804 3957
3184 3629
3096 3463
377 968
283 3263
333 469
2602 3048
2530 3742
176 2361
562 573
1135 2263
631 2865
1113 2200
3331 3397
2578 2729
1044 3676
1726 2552
795 1377
434 1385
437 3232
2010 2778
204 245
1554 3328
2594 3713
2479 3028
1403 2281
1683 2616
65 3285
837 2309
1894 3757
2825 3643
13 3539
2945 3480
2097 2619
3063 3596
1197 3111
615 2960
1218 3624
1781 3131
2073 3610
1195 1970
1542 3425
378 3878
2409 3607
553 875
2947 3122
2024 2765
2995 3378
676 1717
822 2161
1433 3895
450 548
275 1544
2440 3947
914 1623
640 3327
839 2025
1144 1347
1908 2883
729 1593
754 1177
1963 2645
1759 3606
2397 2499
254 1089
2365 2406
3189 3401
2636 3565
1223 2624
963 2279
78 99
139 923
648 1213
1612 2830
3458 3952
1855 2608
1587 2243
275 2721
1129 1269
2697 2716
1446 3279
750 1524
260 3177
605 2224
1760 3439
592 3288
1500 3363
3054 3605
143 517
1813 2955
800 3331
1750 2415
1258 2188
2311 3350
1575 3551
250 2886
1597 3810
2671 3245
519 1128
879 1481
1217 1641
2410 3523
628 2110
2442 2549
144 1484
2 3066
2474 2695
71 2543
1956 2511
81 3201
601 2932
828 1386
46 3675
467 2217
2906 3582
3055 3601
1178 2630
458 2253
2021 2530
1077 1180
3526 3770
1750 2350
651 1761
1924 2678
1398 3201
412 2575
3470 3613
1431 3290
2453 3257
194 404
351 3872
85 941
186 374
1547 3926
3086 3854
1929 2464
1331 3302
330 3685
707 3442
549 2167
2484 2502
2753 2871
1057 1791
445 478
594 3473
474 1923
382 1909
831 2792
2498 3520
191 881
1896 3569
1076 2237
880 3452
64 2445
875 1167
2132 2262
509 1755
1797 3323
499 3246
764 1564
8 1514
3343 3433
451 3069
1824 2275
363 719
1697 2400
1356 3971
2456 3037
1835 2612
1281 3787
403 3312
3795 3908
1452 3041
236 2139
1441 2834
1507 3307
872 2399
220 3883
224 561
1023 2880
1856 3915
1799 2716
340 3477
1183 3449
1103 2116
770 1211
40 393
1209 3341
1169 1620
1414 1802
142 742
18 3653
54 638
1996 2123
1696 2223
2289 2849
1836 2512
453 2373
1718 2801
1784 2034
1935 3469
608 2158
149 2034
669 1101
27 3363
3594 3815
2682 3947
2644 3641
67 3097
3102 3418
1681 3273
420 2674
132 3792
2849 3822
173 3392
1940 3215
1785 3119
106 3399
902 3281
2021 2175
1862 2308
1986 2607
657 3343
2331 3334
177 1929
1357 2785
514 2193
2074 3454
633 1554
755 3868
1513 3532
450 2599
1110 1388
414 2146
1212 2065
1575 3729
2868 3499
2767 3707
1653 3278
255 2869
43 2628
80 2407
1082 2131
257 3504
792 2724
3056 3408
258 2466
2237 2401
890 2597
1974 3560
90 2925
3745 3948
2817 3104
1143 1995
647 2347
693 1165
270 1886
2913 2993
596 2290
1154 2840
194 225
1961 3330
2493 2671
1848 3667
3071 3122
125 166
218 1002
2431 3062
9 123
971 1952
2320 2338
2300 3628
233 3375
126 3239
1600 2786
2486 3853
183 3846
2288 3398
985 2209
1109 2687
3447 3569
2776 3907
2548 2733
916 2457
421 2156
2276 2336
517 3075
844 3259
3250 3420
2402 3164
1375 1738
9 2015
1607 2218
844 1832
1469 3244
1802 1981
967 3927
1705 3056
2885 3045
1405 3277
12 2026
388 2447
271 1603
3902 3994
449 2773
310 1778
372 973
2803 3147
161 1252
419 1514
2352 3945
1699 2147
1895 3887
2288 3588
2914 3506
69 2937
845 1528
1224 3511
468 829
3067 3958
490 1659
2150 2531
3024 3271
872 2134
2679 3135
2039 3148
499 2896
1806 3345
1200 3524
1627 3997
1430 3424
1307 2205
1164 1925
3334 3479
435 2236
391 2602
508 2135
1584 2447
344 3125
181 234
2165 3704
17 151
3272 3556
3003 3198
1363 1903
435 1814
229 4000
3478 3657
1553 2240
762 3465
824 3774
1804 2401
2978 3992
695 2155
2818 3468
573 2407
2636 3895
3399 3806
1097 1365
1086 1811
1186 2219
1501 2450
479 1731
1691 1973
1316 1335
1388 1700
259 602
920 2914
830 3147
3608 3803
2169 2534
1093 3885
2557 3529
1799 1901
933 2697
1539 2129
713 1144
1042 2235
1218 2070
655 3257
1644 2737
2972 3031
1237 1486
803 2005
1192 1321
1048 2149
511 3797
1234 2746
1673 2970
1875 3344
487 3901
2314 2357
2046 2790
2753 3609
1062 1753
684 1255
3106 3758
519 3800
2271 3127
2384 3650
235 2304
3496 3767
62 798
675 1747
1408 2040
1642 2698
2225 2473
84 1526
1904 2580
905 3897
2489 3835
520 1704
1243 3117
1764 3605
2272 3918
2422 3995
1311 1552
1461 2221
3482 3855
2358 3865
103 3509
1522 2517
941 3262
2886 3673
3954 3983
329 2793
1666 2351
1699 3181
1527 1887
2864 3732
2623 3483
272 3660
429 2177
2012 3011
2035 2802
1726 3441
1308 2260
626 1354
2640 2798
3903 3940
877 2306
2558 3278
2049 2664
1743 2108
352 2698
255 3337
2744 3582
2462 3818
3398 3688
53 2564
3557 3912
1041 1070
2145 3651
735 2582
1602 1674
93 2126
1098 3768
718 2612
1498 3603
1525 2072
1676 2266
3087 3143
3426 3978
1012 1176
1870 3826
1536 2547
354 2473
3166 3451
2648 3721
189 1830
2405 3211
711 2002
1527 2882
611 1445
3058 3698
115 2127
436 794
901 2929
831 2649
644 2645
1789 2384
3425 3640
1535 2245
306 1131
142 349
525 1355
2201 3560
1922 3832
383 2646
957 3886
1553 2387
652 1932
2140 2745
2787 3677
1894 2821
2207 2904
56 1274
1008 1468
2721 3669
1539 3504
2105 3276
1462 3048
644 3184
2383 3733
1455 2514
1962 3431
300 2010
703 3731
401 1504
1502 1737
3314 3389
924 3542
752 2962
3266 3690
565 1897
925 1347
348 3973
953 3967
203 2301
216 3340
1056 2287
1898 3666
1557 2587
947 3867
936 3151
655 748
2524 3479
2076 3276
1444 1830
1199 2455
2041 2547
1252 1833
1635 2563
1329 3484
473 1580
814 2554
1471 2832
36 3491
1725 3719
883 2233
477 1706
884 2277
551 3006
2625 3387
463 762
665 2463
314 3191
1222 2566
2259 2881
2087 2466
1015 2554
3405 3836
2395 3731
2635 3552
1727 3566
937 3168
1418 3115
2512 2770
4 614
2097 3180
30 68
3004 3963
1850 1967
2238 3323
673 2942
108 2151
1013 3433
2356 2778
1060 3750
39 1662
1376 3525
783 2707
2475 3913
2788 3386
1063 3490
456 2519
1647 1914
1110 1346
2380 3469
270 1565
473 2739
1770 2605
1248 1781
2567 3874
653 2099
40 228
2388 2672
465 3903
2864 3931
928 2103
710 1669
2083 2332
3303 3416
628 3890
3121 3369
2379 3811
2247 3403
1795 3755
2538 2588
1664 2545
1958 3373
2178 3082
2878 3591
274 2607
1959 3174
1333 1487
1906 3299
906 912
1072 2316
1734 3633
3782 3833
1161 3149
1027 1677
659 2930
729 1756
1391 2826
2522 3837
1872 2178
539 642
428 3309
970 1471
1455 2874
1631 1985
538 620
758 1587
2446 3686
2220 2727
3100 3175
352 2890
6 359
2374 3268
674 2723
1392 3464
895 956
1126 3279
2187 3353
137 2505
1345 2045
243 280
2163 2727
1317 2186
901 3382
999 1714
1599 2113
938 991
184 1030
711 991
433 2704
61 3813
848 1168
818 1879
1004 1447
3336 3548
389 1358
1558 2027
1155 2556
110 3863
874 1859
587 1626
248 1964
1599 2115
380 3406
328 2923
1598 2657
755 1888
1618 3413
131 1850
1186 3608
1173 2497
3185 3687
2062 2179
686 3049
1617 2865
2529 3976
740 1496
3032 3997
242 2025
364 1671
820 3376
1964 3488
860 3480
1743 3808
83 1798
54 2722
1370 2674
2572 2867
2228 2797
946 3518
1603 3448
1465 2661
1001 2759
1519 3747
417 782
309 531
3664 3681
2481 3183
3139 3618
2003 2047
677 805
1424 1488
69 1714
2907 2998
668 1676
1219 3906
263 2136
1798 2428
2147 3776
656 2528
683 931
1400 1787
1420 3288
3283 3521
1114 3476
2274 3034
525 2498
338 1100
1780 3178
871 3299
1095 3436
109 2269
1179 1226
823 1777
3451 3851
1679 2102
1205 1746
1123 2823
3269 3561
1665 3886
1968 2489
441 2991
1940 2856
63 3418
2784 2971
2615 3798
2026 3967
350 3396
342 2845
2351 2926
1146 2794
1257 2085
2172 3084
1695 3503
756 1432
2 1395
1495 2199
1763 3211
2055 2395
29 1324
1182 3701
1226 2163
886 3267
1450 2619
1774 2856
251 1588
2812 3262
481 1306
2360 3241
230 3009
1555 3295
1905 2222
310 329
1344 2263
1988 2893
986 3295
990 1742
603 2642
1592 2872
2322 2426
392 3282
1568 2990
1312 1540
1938 3074
1651 2651
1814 3764
2429 3380
1010 1935
3814 3950
3400 3409
532 1775
1193 2991
444 1448
1936 3314
1486 2008
3549 3762
1020 2735
453 2291
794 2073
495 1321
2701 2816
2983 3460
686 2048
547 1190
303 3859
261 3642
2300 3622
524 619
1933 2214
3061 3383
578 2177
186 2638
443 3659
418 528
2870 3892
432 1003
1285 2423
2313 3652
1111 1782
1749 2045
240 3930
2525 3380
1505 3436
241 3597
1841 3490
2067 3271
1024 1238
245 2774
1305 1631
1113 2265
1297 2043
743 3049
257 2592
2483 2922
3639 3721
2042 3294
2397 3256
516 1944
3135 3461
659 2916
3152 3472
847 3885
380 808
2591 3911
81 3110
392 3743
1038 3032
1874 3788
776 3187
1854 2312
488 2257
486 2436
612 2909
2245 2837
1910 3953
1955 2348
335 1100
916 3474
159 1947
2760 3224
2681 3039
1104 3585
2027 3917
3076 3112
1771 1945
1399 1866
264 1558
231 3633
1523 3806
341 3858
1505 2893
82 400
1294 1744
1548 1567
237 815
1133 2494
32 1628
114 3228
1348 1629
2273 3771
3322 3962
1827 3989
835 2725
1529 3907
2117 3406
1080 1340
2229 2534
772 2151
3409 3949
2244 3621
2455 3809
1777 3218
540 1881
2647 3510
240 2957
2788 3111
791 3603
484 3658
600 1968
1246 3829
1005 2467
115 1324
2137 2225
996 2985
260 1421
1440 1912
147 1228
3099 3939
144 332
3233 3507
1925 2564
1037 1854
405 1601
86 3799
797 2125
2850 3552
1299 3617
2170 3744
649 1704
1987 3084
1627 2419
1242 2585
583 3116
297 2161
2946 3022
593 2218
2173 3926
1017 2620
441 1003
221 1323
1201 3854
449 1700
1215 1295
1901 2121
1903 2206
1439 3502
1639 2160
1013 3566
288 1232
3099 3998
1408 2805
2036 2782
2995 3379
1187 2566
612 1640
1094 3103
420 1260
560 2171
1170 2307
1107 2182
564 3058
2174 3163
3169 3973
1379 1675
2842 2940
2280 2840
3786 3808
1210 3472
2206 2603
162 2944
927 3190
322 974
1729 3199
318 3025
1219 1464
393 3609
2337 3371
2965 2992
1464 3833
1637 2444
141 2874
2924 3374
915 1877
1040 3662
1785 2953
209 1322
700 1181
339 397
988 2169
2690 3031
570 3692
286 1441
1152 1954
2700 3741
808 1197
1858 3047
207 1715
661 2610
23 2939
1736 3042
277 1356
929 3359
1991 3280
3414 3898
151 1907
571 2091
633 2605
1085 3904
1284 2189
1419 2480
211 3548
653 2738
727 1832
793 1697
761 3730
537 1615
557 3520
516 1511
282 2186
3072 3231
2127 2490
2362 3105
598 1029
1337 1636
12 2842
313 1248
3118 3227
827 1290
1007 1517
2429 2718
485 1342
1980 3696
529 2969
422 1939
2056 2396
1829 2132
410 3742
1927 3160
1483 3753
383 3858
447 2418
825 3493
400 2054
2144 2687
552 3900
241 3892
1198 2239
72 2815
244 1882
345 714
331 3119
1108 3333
370 3284
1260 3327
2649 2990
923 3921
588 3725
538 3598
137 3604
3750 3779
1810 3682
816 2653
542 3226
763 3171
381 3152
134 1067
3586 3602
41 1189
3574 3920
460 1035
1323 1474
1884 3735
3588 3984
849 3020
581 1532
47 590
432 2654
2661 2866
223 1279
2104 2961
1444 3871
623 2861
720 2623
2795 3366
187 1844
1951 2212
1549 3585
867 2410
2015 2811
903 3238
1036 3367
768 2092
35 1783
792 1093
461 534
934 1457
532 990
1648 3579
1176 1547
887 1083
367 3089
202 1296
293 1466
566 1817
1979 2069
1710 1954
3133 3491
1288 3063
1708 2902
576 3976
2098 2418
503 3301
610 2506
234 262
1478 2634
1915 3289
3260 3748
3061 3267
284 3752
374 2997
2544 3751
2219 3082
2371 2853
1475 3420
1414 2775
221 2107
1379 3226
34 1989
1948 3455
1097 3955
817 3930
1036 2606
403 1708
279 908
2860 3193
2683 2949
1180 3434
10 291
733 866
2618 3471
1090 3120
2510 2695
201 2364
2501 3030
223 2978
981 1749
1588 1836
987 1550
1058 2899
1977 3727
59 187
218 621
440 2314
185 2187
45 1503
817 3562
854 1143
2646 3349
1998 3832
1041 3192
1687 1860
558 2589
1711 3570
1362 2885
273 3101
478 2660
364 2881
379 3524
2284 3483
2516 3355
2113 2975
238 3713
489 2690
1286 3840
1541 2323
2427 3984
2586 2867
641 3347
1104 3827
903 2550
1745 1843
1245 1921
1060 2774
1887 2162
1075 1467
843 1682
613 2359
1368 1370
3249 3922
2844 3333
3359 3499
1010 2313
2768 3927
1008 3053
2934 3303
1506 3138
1033 2326
2369 3640
1258 1499
2078 3979
1873 2569
2940 3330
141 3351
1779 2298
813 2481
1458 3014
1459 3057
785 1838
984 2424
2183 2784
3783 3898
1364 2491
1821 2278
809 2168
1336 2827
1191 2848
650 3160
2713 3101
1146 1585
577 1973
2723 2751
551 2476
1225 3880
2201 3723
48 472
1287 1400
3768 3981
377 3183
1881 3342
1892 3581
1075 2975
166 1755
1052 3662
707 753
964 1171
685 2573
3297 3775
2706 3417
949 2075
324 986
73 3145
2223 2296
2339 3851
3086 3914
1593 3126
2579 2608
2669 3021
6 3022
965 3807
1853 3773
2694 3746
716 2248
1740 2077
896 1792
205 3285
1660 3142
2971 3941
2559 2895
2441 2660
2908 3623
621 1866
471 846
1273 2403
358 3514
821 1828
1147 3911
977 1404
1565 2884
545 3081
2488 3884
128 1462
1926 2377
883 3242
2960 3607
2293 3703
2643 3308
101 247
2136 3755
1068 3155
1849 2597
327 3332
480 1205
1317 2514
588 3036
2363 2692
1557 2742
634 1132
3129 3275
3289 3909
867 890
2709 3427
886 3985
769 2064
24 3171
2581 3391
2205 2813
1625 3365
1280 2730
1352 2609
138 3986
702 1690
2587 3867
2584 3219
1039 2390
3121 3213
1721 2719
1641 2796
1115 3210
414 515
3555 3925
967 1586
1546 3849
3350 3481
369 575
790 2194
500 2196
366 2106
1707 3856
955 1787
1453 2315
1794 2469
3254 3956
382 1754
1081 2562
2797 3879
682 1638
2790 3528
668 878
2713 2800
536 1845
2067 3623
2130 3395
3136 3899
326 583
605 980
2128 2456
496 3881
2557 3596
409 2604
1976 3172
681 775
1345 2375
3027 3960
966 3700
368 3203
1674 2328
1108 2471
3818 3978
942 1057
222 1091
14 3113
521 3793
989 2670
21 861
830 2064
2334 3217
439 1650
103 1257
1332 3337
323 3505
344 1014
793 2639
919 1351
2099 3910
143 630
1629 3954
2087 3728
3220 3311
524 1217
82 1772
691 3663
2959 3602
2601 3225
2590 2870
2863 3173
1422 3643
977 2603
704 1656
617 1776
2319 3416
279 3571
472 2019
2507 2706
853 2932
747 3132
3064 3974
1382 3105
79 120
100 3913
2851 3318
664 3969
1725 2048
646 1261
2663 3530
2220 2917
569 961
1439 1821
2878 3900
601 697
786 1793
801 2250
1230 2469
154 1025
320 696
1262 3987
2609 2922
1437 3743
1532 2140
1607 3944
574 713
105 3592
2947 3317
1051 3065
395 2114
2204 3757
454 2193
306 1183
267 760
2574 3744
2332 2375
780 945
2367 2542
389 2928
635 3638
1507 2195
3614 3675
1164 3618
1669 2394
2815 3349
561 1591
1460 1686
1268 3071
963 3296
79 2374
677 3759
2935 3842
751 3519
1842 2536
101 3488
996 3144
483 3461
1449 2565
1151 3575
1266 2155
1852 3894
1995 2691
72 574
838 2470
625 3045
518 1357
1069 2254
1014 2589
2556 2558
2082 3595
651 906
466 1566
1161 3326
325 3975
800 1733
559 2441
1091 1947
586 2936
1596 1950
810 2841
3326 3393
232 2213
1579 2574
1706 2470
812 2439
25 2086
174 1975
357 1915
2262 2976
500 3622
1053 1536
2321 2555
153 2633
660 2650
161 2100
94 2668
427 2345
869 3703
2938 3975
2802 2838
363 2799
3167 3724
543 1303
3251 3909
397 1189
2100 2826
3128 3269
2112 3933
1116 2515
212 345
464 2689
210 1822
646 2582
463 3467
1600 2833
475 1002
939 1299
1023 1179
709 1711
2657 3989
3338 3413
833 3466
1132 1175
667 3297
672 3860
2781 3202
1246 1508
740 1477
2159 3879
1266 1387
1732 2848
1487 3355
2346 3928
165 2964
648 1306
726 1021
129 2061
5 2617
242 3186
2531 2977
1670 2829
1566 1834
1840 2925
1638 2016
3282 3540
111 2715
1511 3286
2537 2567
181 3311
1330 3005
1451 2988
2051 3965
1467 3724
3154 3512
2212 2430
369 2681
1790 2918
11 637
192 197
670 3146
2427 2787
2222 3644
1221 2084
1291 2596
1590 2919
2804 2972
3011 3589
1962 3466
2264 3751
1904 3630
184 625
959 2189
1805 2083
1037 1890
326 1484
1634 1924
1240 3128
773 3745
2884 3601
2349 3043
1788 1892
3208 3717
1166 2965
1363 1679
974 2643
30 3108
2001 3142
214 3960
1092 1543
2312 3827
1086 3880
1249 2119
2460 2637
528 3928
3154 3172
206 2740
721 2644
1509 1867
3077 3546
102 3139
1329 3803
1319 1757
2035 3336
140 1372
1624 3402
438 3676
658 1608
2118 2188
2449 2879
346 1489
1499 3957
1059 2782
1810 3733
802 815
859 2662
865 3258
135 1271
407 2970
1843 3522
2761 3019
22 836
2208 3660
1478 2631
3597 3749
294 2993
1960 3666
1723 3476
456 2595
1639 2585
3150 3758
541 642
1719 2366
455 1203
3 1500
1508 2333
1158 1162
2728 3090
2459 2575
2050 2306
1510 1571
1275 2833
689 2406
2046 2336
2023 2215
1573 2859
1883 2952
2173 3961
683 2630
521 2742
418 1564
1415 3901
1525 3016
2039 3936
852 2905
1502 3050
1844 3026
2714 3805
2600 3064
1827 3477
1857 3489
2934 3868
3198 3429
426 3644
2927 3209
281 2009
1215 2257
122 3543
915 1009
694 772
1847 3677
1042 3804
2939 3258
2942 3241
1654 1741
11 3392
1016 1945
3052 3388
891 1618
638 1953
2522 3977
868 3313
1846 2394
1223 1303
2134 3325
699 3419
1891 1908
2229 3403
1067 1673
1009 3017
23 276
2018 3486
2248 3738
2794 3672
944 1120
3000 3028
1470 2461
497 2448
1839 3294
421 498
1394 3923
2828 3452
1184 3781
89 530
2269 2330
74 1369
942 3006
811 1040
303 3835
3442 3815
492 2486
215 2862
2783 3533
2493 2579
1610 2305
1493 2217
897 1685
1551 3841
746 2008
2364 2405
3095 3972
340 742
2485 3449
3227 3496
2576 3354
1863 3843
1031 2199
112 1154
204 292
3107 3112
2382 3567
3283 3831
3746 3846
315 2545
3194 3240
929 3134
2487 2546
1276 3377
281 2663
714 937
269 1857
1181 3038
386 3494
2077 2568
2686 3131
1989 3181
1589 2086
2757 3949
1764 1961
305 1613
64 618
688 2733
1412 2128
190 207
3551 3695
337 3328
2037 3875
2535 3538
2166 2899
2446 3531
2202 3982
1061 1681
261 3253
3093 3546
1249 1959
2692 3614
195 1026
560 3720
208 2620
1812 3407
66 894
1203 3255
629 3509
3941 3945
415 2779
1864 2761
1112 1140
2180 2873
1480 1971
1724 2273
775 1118
491 1840
1028 2764
1735 2685
2866 3438
2533 2635
1106 1233
2559 2571
3410 3712
2227 3059
469 2307
611 2752
2325 2952
3132 3366
1807 3789
28 2549
1213 2149
1255 1375
1018 1386
1107 1795
44 3741
1712 2337
1452 1807
776 1882
1085 2876
2968 3980
2570 3735
46 350
913 3606
586 3837
887 3800
563 1804
666 2930
1426 3001
3021 3638
428 2344
1910 2030
2712 3998
1250 2011
3073 3354
1208 3565
1477 3431
116 3991
359 1574
206 3396
324 3124
1562 3740
3083 3238
2638 2861
36 658
3004 3035
1577 3370
632 750
1598 2931
2629 3501
1229 2152
182 362
202 235
1121 1206
572 3810
672 3173
1305 3636
320 1906
1312 2435
2551 3495
3081 3687
3519 3986
89 954
2668 2924
1378 1880
814 2006
300 2955
743 1285
1403 1645
268 1762
599 3077
19 1622
413 3008
732 786
603 2937
476 2399
2436 3462
2465 2996
671 2414
2013 2863
1485 2752
1080 2082
926 3665
1025 2295
3427 3586
2917 3821
427 2666
1402 1495
1235 2032
124 2338
346 1267
1004 2316
1684 3629
1128 1978
461 975
2482 2529
1528 3163
2468 3055
1006 2335
1352 3206
111 3015
2020 2352
2068 2385
3419 3645
904 2986
2673 2951
1581 2818
662 2122
738 3304
243 1420
3408 3564
2813 3430
2822 2853
1063 2532
372 3402
96 2162
781 935
1410 1678
200 2726
3270 3855
252 1349
784 3265
961 1891
680 1054
1334 1393
2667 3841
126 719
1066 3850
311 3078
1611 1692
943 1142
365 888
2581 3961
737 2428
169 3734
1837 3474
1443 2168
147 3357
2041 3822
3243 3920
3068 3557
687 1397
227 1793
1650 3847
787 2175
724 2133
1448 2875
663 2438
15 3457
492 1919
2847 3816
2265 3093
3401 3852
1606 2505
3538 3980
2370 2898
1195 2956
253 2033
96 2869
735 1875
1983 3615
962 3991
663 684
2029 2680
921 3252
2240 2243
384 3673
647 3098
1022 2154
832 3002
1567 3459
863 2261
1576 2513
730 2078
2022 2528
2593 2596
1561 3531
1224 3649
104 3456
93 2377
1231 3324
1780 3513
236 2689
5 2328
76 639
2652 3109
1134 2124
1582 1751
1613 1851
335 1417
2396 2843
2291 3445
371 3977
1043 1885
1654 2659
1520 2031
280 797
1069 2751
674 2356
153 1296
1859 2256
855 3627
3376 3780
332 1387
1779 2552
1692 2333
216 3341
802 1997
765 1419
1 98
304 1635
133 3715
1241 3994
1491 2089
1624 2994
2767 3362
2583 2718
1365 2647
490 2058
1136 2342
1064 1705
2740 3394
312 3544
1831 2857
3558 3866
821 1550
423 1235
3367 3518
220 3631
2028 3239
825 2047
1746 2107
1680 2471
2011 2357
152 2280
140 290
932 3534
312 2387
1808 1826
1407 1982
62 1411
1813 3923
2703 3573
2715 3254
117 3944
470 889
107 152
26 3471
921 3840
1291 3536
1707 2887
754 3995
2768 3668
1184 1792
581 3036
2204 3664
2251 2495
609 1328
643 1659
58 1473
920 3983
734 3536
993 3127
1899 2696
381 3847
3696 3727
604 688
3046 3736
2739 2892
2772 3581
1957 2104
3517 3790
2839 3030
171 3309
164 1809
636 1966
2805 3845
2016 3651
931 2376
1177 3683
2577 3844
2700 3120
119 3765
348 741
452 1055
1210 3351
3647 3956
1848 3347
1463 3450
1256 2166
2190 2720
1047 3000
130 1992
494 2080
774 1390
149 2889
2318 3487
2062 3182
356 3862
1294 3950
2341 3842
1689 3567
