4000
1622 1737
912 3329
620 2793
2439 3886
2291 2602
219 3471
243 578
672 2057
527 1524
200 3454
1379 3992
3526 3989
1066 2127
3260 3909
234 2525
693 3692
2720 3560
105 1626
221 577
2321 2523
366 703
1165 2558
3779 3945
1747 2849
381 3949
3168 3828
692 1931
318 1361
12 2114
1009 3950
2595 3157
473 3382
166 2793
936 1842
1046 1430
3263 3896
1299 1948
936 1895
326 696
1184 3993
719 2288
2171 3037
1392 2170
209 2704
2936 3498
1864 3024
2863 2898
3313 3335
2172 3605
3128 3319
2417 3231
2605 3299
1129 1534
101 1921
1519 2551
1378 3305
3348 3886
1268 1924
1590 2056
1271 3597
864 3444
2789 3442
1581 2507
1438 3039
3431 3644
2253 3074
230 2077
3159 3791
375 3644
976 2274
355 3556
648 2951
298 3446
3638 3774
1759 1937
1342 2401
800 2703
2744 3439
181 1214
348 1633
523 2303
1937 3219
3466 3532
354 2715
1219 2941
1452 2505
726 3022
659 3367
919 1318
1955 2383
2882 3802
785 2195
148 3400
1400 1536
763 1606
814 3600
1441 2323
648 1395
1524 2485
726 2262
3204 3979
571 903
2120 2741
1564 1877
1304 2084
2077 2306
604 1859
1699 2972
1376 2003
2511 3054
575 1876
2416 2424
1699 2147
1477 3896
1539 3680
1743 2316
2147 3244
3078 3343
938 2826
892 1955
224 720
119 3013
216 1988
2182 2740
343 756
1601 3782
517 3900
2063 3603
193 1783
844 2572
934 3223
1655 2879
2837 3105
497 2924
3323 3361
1531 3778
512 3711
383 1873
872 3561
1627 3565
548 2695
1388 2771
1942 2913
810 1672
237 1940
351 3792
2398 3625
2156 3223
1389 2504
1371 3169
878 3248
403 2518
910 2260
417 2175
636 1678
1029 3956
580 1906
152 3300
1000 2893
151 609
1350 3522
2042 3269
603 3116
184 547
780 3987
277 2828
1384 2568
1461 2482
304 3463
1026 1463
503 1021
2862 3121
129 572
2212 3670
125 2360
1679 2548
3144 3196
1425 2923
2117 3950
935 2760
1653 3062
813 2740
778 2085
2543 2798
2250 2590
1575 2611
2288 3995
883 973
1200 3961
3382 3452
959 2277
1696 2376
1 2734
1729 2725
1603 2324
2969 3332
225 3175
2818 3204
1696 3837
1295 3671
1574 2932
319 2728
51 2888
112 886
865 2505
1359 1467
564 1448
1346 2402
2793 3102
1511 3510
1120 3938
1943 3772
3545 3986
1374 2400
2276 3937
1931 2196
1704 3413
1408 3686
1406 2897
478 2143
285 2401
1173 2448
1238 3975
3816 3946
1062 3324
1145 1833
1126 3523
545 552
1073 2248
2761 3250
2335 2677
2010 2387
382 2713
2069 2863
916 1855
33 161
2149 2812
1283 2015
490 754
1015 2540
774 1385
643 1008
517 2289
579 1492
3483 3603
1594 3929
1295 3587
1945 3579
841 3478
85 413
185 2495
2763 3277
38 2821
1057 2263
17 1470
947 2057
1174 3086
266 3972
389 2857
1425 2233
2549 3487
957 1971
40 3938
857 3416
690 3562
1106 2102
573 2603
1534 1694
825 3429
63 1270
767 2912
2309 3608
2099 2791
641 1673
80 1795
457 3230
1917 3627
1994 3639
1135 3976
421 2458
1725 3789
1233 1943
2406 2780
744 2162
827 1453
806 2724
1573 2895
2170 3788
1744 3241
2411 2801
2109 3211
465 2306
1688 1804
1291 2977
517 3512
2058 3661
382 3314
775 2012
204 1426
2262 3823
660 1792
570 1094
1986 2310
959 3824
1339 2777
2673 3154
1948 3302
2186 3260
3195 3389
1877 3087
3476 3857
1525 2886
1355 1419
286 390
87 2649
681 3690
2102 2352
2072 3182
2167 3975
133 3785
1210 1475
1445 2121
217 3844
1684 3948
1746 2454
2239 2393
953 3211
1881 3921
309 1286
120 1977
3724 3966
2145 3156
2995 3298
1363 3732
1823 3925
1254 3727
690 3403
379 974
2798 3727
2561 2952
2668 3726
312 3611
135 626
1510 1833
608 817
513 3801
779 1557
3013 3570
1647 1668
1505 1583
3032 3662
1381 1981
1314 2613
598 1766
500 2408
549 1084
352 2478
736 1779
2678 3887
691 3169
2442 3957
863 1488
979 1914
662 3820
1603 1962
650 1670
709 3740
990 3218
766 3966
1316 3652
3828 3912
1878 2192
3026 3751
538 3537
3040 3438
1179 3455
2687 3220
237 850
792 2752
2773 3699
3177 3558
713 3710
14 700
687 948
2364 3125
624 3502
1936 2501
86 410
11 2942
569 705
403 2781
394 799
3200 3784
19 1969
122 3936
2112 2181
2911 3720
2948 2956
257 1539
2335 2711
975 2647
559 1104
449 2754
2426 3153
2463 2871
1105 3947
854 918
3343 3952
76 1238
1587 2701
1359 2081
500 2747
900 3798
1323 3815
2803 3245
579 1572
258 1234
1044 2244
2660 2853
114 963
518 951
1065 3681
2615 3400
317 380
993 2336
687 3881
1090 2282
610 958
3509 3931
1698 3854
1798 3417
3584 3931
2236 3347
1053 3801
2054 3535
215 2715
378 1063
2360 3011
341 1444
483 2230
589 859
2777 2914
1560 3854
2761 2992
848 1628
2516 2651
462 1259
845 991
847 3489
347 3274
2012 2720
2456 3519
2614 3705
37 2533
832 2458
205 3922
1960 1969
750 3462
722 2773
940 1437
1050 1265
1716 3140
1702 3293
2115 3817
3332 3872
1014 3239
107 3732
1641 1786
1940 2682
186 1946
205 1161
1714 3640
302 1683
1489 3440
1949 2569
1825 1849
96 1374
1941 2400
2202 3607
2362 3814
632 988
956 1517
2465 3888
145 3158
1487 1673
346 1106
286 509
1187 1991
1386 2476
2354 2469
644 2167
2894 3661
1246 3787
1973 2663
241 3449
1165 2355
802 2326
71 3246
2332 3665
148 802
1989 3845
948 3516
407 532
3110 3459
2304 3589
1567 3376
3540 3607
465 885
88 1754
2559 3107
9 3130
1793 2154
298 378
2554 2975
3042 3591
258 3038
1177 3112
2857 3065
672 2521
2589 3581
2584 3969
3241 3805
1143 1970
746 1639
1936 3308
2735 3676
2329 3822
110 2826
261 1804
90 1068
3913 3920
341 2029
1613 1857
1155 1258
2329 3213
264 268
1910 2768
27 1340
1435 2242
1487 2386
1528 3698
2277 3407
1552 3837
971 1645
2763 3138
1785 3699
155 3501
1115 3355
408 1801
244 740
1560 3457
3071 3709
1292 3460
2219 2259
772 1935
3276 3394
1035 3416
595 3068
1476 3595
2765 2846
522 1743
1506 2581
859 1460
1700 3043
913 994
2301 2986
1330 1657
1005 1186
284 678
470 1903
879 2824
419 2255
734 3028
1906 3818
942 2750
1661 2392
444 2770
2738 3553
3317 3524
3054 3701
1685 3496
334 1624
2878 3840
1267 3014
412 431
2337 2674
1569 3010
1461 1687
145 2960
1150 3098
2758 3642
1529 3753
2123 3585
268 2865
361 1706
1257 2631
697 894
830 2217
1209 1509
536 2305
162 227
2690 3247
2046 3268
2068 2888
836 906
90 1032
902 2126
1925 3378
713 886
757 2630
762 3612
2281 3040
495 3358
645 3762
1272 2319
8 3173
2373 3821
70 141
2145 2390
1730 2841
501 1934
2242 3502
510 2912
1252 2256
2855 3014
1736 2470
1187 1913
1428 2632
1660 3707
340 540
1901 3914
2056 3719
391 2075
2764 2995
1416 2509
1600 1987
2258 2880
2334 3114
1724 3215
670 3601
698 2706
607 700
780 2976
803 1175
233 3489
238 279
521 3592
1194 1516
1626 1722
669 747
777 1896
1181 1514
1006 3237
5 2889
1613 3810
1597 3330
1302 2142
834 3426
1126 3570
721 800
2486 2787
901 2453
1814 2707
1495 3387
627 3524
1682 2119
2450 3760
1906 1982
2475 3360
868 2427
2151 2402
1255 2096
303 3938
325 1966
1843 2429
219 944
894 2259
1488 3292
3045 3099
2399 3692
1535 2584
462 3702
2823 2905
1312 1494
1767 1992
1725 3155
201 3561
1800 2446
2910 3623
2134 3233
120 1039
179 1359
324 3874
582 1561
2100 2950
433 2585
1047 3733
722 2464
2666 3184
65 3193
639 3275
422 1110
272 3087
239 1892
185 1720
1150 1871
3000 3069
1373 3533
28 3415
1266 2766
1999 3442
1507 2108
3075 3462
2278 3538
2239 2610
255 3472
1457 2787
2689 2957
2874 3473
2983 3945
162 2351
254 3033
1373 3940
226 2285
1574 3325
1971 2343
482 1068
1498 3930
1073 2074
2038 2189
1197 3734
1280 3707
1528 3268
416 765
1442 2429
97 2806
1074 2590
1690 2545
1472 3596
3332 3759
1415 3233
560 2464
2854 3046
1066 3571
1497 2888
1020 2558
321 1839
1681 2968
653 2395
461 3900
1503 3439
2078 3565
206 2967
2298 3513
355 2474
1123 3266
81 3633
3107 3559
925 2805
540 3800
303 580
1459 1486
1541 2477
776 3895
430 1092
641 3325
1883 3514
1464 3887
2570 2601
380 542
1059 2574
1414 1480
2416 3730
1690 2796
697 3147
1163 1670
1333 3095
1777 2381
980 2585
2628 3025
1402 2776
387 2729
1686 1963
997 2805
2290 2909
2428 2612
565 1265
2255 3566
2801 3064
1435 3988
307 1215
369 2299
211 771
338 350
902 2374
1791 3111
629 1136
622 2619
378 2157
794 1326
36 3485
716 2316
1246 3082
2307 3372
2165 3500
2539 3976
2052 2957
1218 1655
659 1951
1173 1256
33 442
980 1515
1919 3914
2748 3764
3314 3800
1177 2444
2947 3615
104 2580
1068 3320
2527 3907
3920 3990
955 3533
2259 3780
1235 1799
849 1817
134 3049
2194 3021
1130 2356
1516 3122
658 3248
2190 2501
139 2476
1525 3188
1248 3625
3024 3047
2743 3590
1472 3145
213 559
1827 2085
1775 2771
1760 3941
144 2384
557 927
2457 3619
1571 1728
445 3392
613 3528
1631 2124
976 1060
50 3654
43 1292
2023 3677
379 3489
414 1437
3087 3610
237 279
3149 3531
3480 4000
646 2678
1598 1847
476 642
2812 3740
1271 1769
1847 2267
227 2860
2280 2567
41 3705
332 1062
3657 3772
1795 3447
3001 3096
3327 3363
2204 2546
1512 2680
1621 3008
296 3783
2343 3171
3664 3760
877 1915
1701 2243
196 2840
3484 3526
547 1318
2376 3191
484 3094
1454 3441
327 1233
1085 2349
1247 1371
372 2046
705 1876
46 2125
1434 1665
1406 3664
642 647
2168 2649
956 2370
2908 3524
249 1195
1043 3545
3055 3330
3174 3194
830 3842
1902 3937
1928 3245
1563 1812
63 3611
2235 3281
2160 2877
2262 3615
2498 2731
1640 2200
2853 3018
1039 2377
1850 3220
2716 3931
294 491
2137 3292
142 1039
2344 2941
1970 2206
653 3212
1924 2627
2117 2738
970 3853
675 1422
299 2304
2974 3785
1550 1755
1585 3662
156 3397
1227 1357
1213 1668
1134 3826
2479 2943
917 3609
773 1356
2357 2894
1202 1354
1498 3949
1667 2041
436 2231
1303 3353
164 736
1300 3344
3161 3163
1704 2687
654 1929
253 1140
2934 3819
1238 3373
119 3759
1205 3612
1058 3618
2729 3188
3308 3379
1187 3111
406 1544
19 2834
1614 2112
2682 3097
1649 3153
405 1522
2844 3667
412 3179
1490 3883
1636 2780
699 1089
867 1173
1092 2808
601 2150
505 3197
1807 3007
3206 3752
1591 3721
62 2940
396 1950
1429 2039
2243 3536
856 2702
331 2546
200 969
62 286
2011 3996
2314 3829
2940 3583
116 1134
1069 2960
1922 2776
663 3833
2280 3512
2445 2919
3 2292
1223 2629
861 1422
1035 1301
1159 2824
1099 1797
1426 1819
2928 3823
1247 1316
1970 3549
2848 3614
2663 3388
278 3878
24 2124
2984 3205
2900 3670
2405 2949
410 3572
416 2576
2732 3278
2853 3474
3423 3955
52 3107
1308 1996
1031 3224
828 3925
267 950
2282 3017
202 383
882 3008
337 1597
1324 2830
334 3230
2626 2875
3015 3099
2093 3915
1165 2465
1802 3124
1098 2995
108 2469
461 2993
2195 3476
600 3078
1511 3092
3176 3240
2304 2815
3174 3178
2739 3423
785 1294
1148 2338
794 1804
929 1702
2299 3494
1343 1836
1053 1587
1033 3921
3269 3677
106 2719
455 2680
1607 3968
1697 2531
18 2031
169 3180
1501 3151
284 3997
1602 3180
1358 1599
3168 3231
289 1586
2700 3436
1621 1771
946 1987
1373 2237
572 1969
2673 2937
772 3366
288 1844
1508 3799
283 565
2686 3304
4 3954
1511 1882
669 3754
62 2749
1282 2978
940 3171
363 3980
601 3907
1240 1653
415 3286
1593 2692
427 2478
1516 3574
1036 1282
2135 3025
1391 1741
676 2026
1677 1864
2436 2820
610 907
1062 2376
1138 2848
1527 3804
2092 2909
240 2663
682 2848
2014 2709
2213 2366
853 3226
1009 1610
93 1279
1181 1459
2391 2677
2485 2876
3313 3824
1200 2233
1485 2742
588 1774
2457 3737
218 1348
786 1814
183 1581
923 2035
1778 3629
876 900
1352 1958
263 3457
952 2700
638 1640
668 825
1181 2988
458 1567
33 3453
1156 3172
605 2160
1399 3089
1154 1284
833 2463
342 1099
1700 2245
1019 2732
479 1744
1773 3035
1655 2946
2279 3742
35 1495
123 2508
156 2193
850 3928
2391 3239
154 1138
1267 1282
2760 2819
2984 3576
2640 3988
2272 2289
1863 2883
2057 2806
1188 2908
1379 2288
326 3150
2471 3090
116 583
1727 2577
567 1286
2994 3856
1330 3196
764 3619
195 2277
1038 2567
281 2358
1117 3752
1824 3708
34 1049
83 2971
852 3225
2052 2321
2803 3034
343 992
289 1671
484 529
2779 3245
1091 3685
242 1909
1587 3265
1900 3841
1553 2810
265 785
82 739
162 3363
2094 2508
2401 2726
1505 1989
368 1697
138 319
1028 2801
1472 3028
1616 2097
3349 3917
1421 3585
471 3843
1622 2203
1215 2897
1311 3304
2935 2964
1390 1582
2753 2800
2097 3722
351 1580
594 2170
431 3876
804 2114
434 3128
1159 2223
1633 2536
93 3176
2468 2795
238 2636
2436 2814
676 3137
878 3049
456 3910
2175 3922
882 3834
3294 3923
918 1816
1382 3149
3718 3964
2017 3635
3180 3912
695 890
381 884
1403 3141
1269 3831
2022 2040
385 1157
3041 3537
1364 1708
1533 3911
2567 2572
2222 2748
2905 3840
2804 3985
1676 3398
7 3513
1601 2630
2712 3164
1985 2833
1265 1789
1825 2556
701 3183
1104 3100
909 2513
145 2658
1191 2838
1262 3110
2452 3207
1118 1390
968 2044
1411 3272
1163 2381
1573 2947
2452 3454
181 614
1939 3927
3088 3487
173 3740
1104 1163
829 879
2380 3256
407 2176
925 3328
972 3540
230 852
600 1635
2508 3765
2540 3038
1948 2034
362 3652
23 3929
1797 2671
1100 1162
1077 2097
1133 2264
246 473
399 3599
1317 3934
2303 2595
528 999
318 939
640 2087
1644 2631
2359 2471
1612 3999
2071 3151
1038 2845
766 3873
1387 3530
2279 3297
2179 3389
3511 3707
985 3986
947 1618
73 1292
220 1263
2339 3103
234 424
1313 2080
445 3653
584 2712
2202 3217
2256 2742
1123 3368
951 3104
2778 3977
533 2365
256 3494
2331 3318
690 2387
606 2810
323 896
2532 3473
647 1541
530 1504
2149 2526
758 3350
3244 3838
203 3782
290 2551
2477 3788
2078 2954
2591 2635
459 3046
376 3970
357 2617
1490 3352
2348 3205
673 2466
838 1413
2016 3773
1388 2726
729 1456
635 1903
535 2074
522 2923
2314 2996
1977 3424
922 2211
433 2653
526 3603
407 2285
2490 3605
1462 3049
27 3358
2446 3333
1456 3515
552 2588
1769 3649
319 695
2579 3272
461 3772
2368 3916
2491 2929
1482 3804
2451 2827
2522 3866
1386 2438
799 2555
317 584
1490 2297
2264 3420
735 737
1115 2685
3891 3894
327 3276
2004 3455
914 1103
1367 2120
572 2997
2332 3959
2483 3869
573 3832
1338 2437
69 2427
1713 3435
2132 2924
1441 2397
316 429
1864 2794
2101 3589
1491 2121
1108 2837
587 1436
1189 2750
157 983
1375 1562
127 3960
1592 3170
386 3303
783 2692
1690 1858
790 1653
61 2172
3862 3987
2552 3133
966 2804
1277 3241
3713 3803
1230 2527
1648 2676
1261 1595
979 2680
1601 3915
2783 3007
250 2462
2541 3151
590 2760
255 2271
336 2380
2907 3618
175 2925
1447 3761
1753 3927
405 1217
274 2058
488 1027
524 3347
2619 3561
273 1038
282 1714
1031 2484
656 3044
1632 1774
940 3827
2102 2338
444 2707
3394 3820
3396 3951
2061 3849
2732 3197
463 1792
727 2788
1227 2024
143 3913
1109 3811
1224 1809
489 2117
1590 3763
3445 3638
2737 3817
241 3757
490 3129
2561 3564
2902 3690
3536 3992
531 1451
1926 3934
2451 2634
959 2581
807 3641
856 3481
3784 3906
863 1642
66 3474
764 3969
1045 1159
1164 1751
629 1958
28 2485
1828 2993
1468 3845
483 1126
649 3722
2032 2694
624 2523
1258 3254
467 675
2395 2927
1884 3868
998 3626
297 2354
34 1686
53 350
1170 3001
2434 2731
1327 3066
3547 3639
1184 1773
839 3334
566 1916
2342 3854
97 2062
871 2805
1826 3119
1800 3115
2725 3695
221 2079
2887 3027
3118 3930
923 2292
438 989
2188 3581
2275 2730
665 1117
63 2140
2506 3538
1041 1745
2091 3629
93 3994
3125 3497
2772 4000
170 1548
2121 3271
990 1854
80 106
423 2513
1679 2714
2171 3930
226 3028
943 2346
328 2220
1535 3093
288 1929
1175 3771
3072 3573
328 1440
1258 3655
2372 2923
1626 1988
1169 1974
494 3956
2382 2494
695 3293
2647 3310
1698 2754
125 1720
946 2839
1054 2218
3179 3546
1917 2180
843 2101
2026 3264
557 1210
1216 3887
2369 3417
1999 2643
1092 1112
1128 2718
1539 2985
881 3329
1761 2334
2268 3748
1141 2549
1789 3851
2204 3198
770 2832
1732 3593
402 1031
516 2075
1943 2657
1980 2323
296 1869
2455 3534
118 1002
2788 3237
1610 2190
3679 3767
2394 3644
376 1088
189 3895
1779 2281
2315 3259
426 542
29 1189
3337 3991
1713 3360
113 745
247 860
1763 1905
1383 3725
239 523
3497 3787
2064 2127
116 2279
1208 2402
1989 2847
791 3375
3282 3358
1750 2191
795 1568
1137 1717
1749 2488
38 495
839 1880
3258 3391
2738 3712
1941 3219
1078 3917
3303 3571
222 1888
1509 3155
1334 3973
2712 3414
2358 2551
1116 2089
1828 2475
946 1449
2059 3064
3070 3855
797 3522
2868 3299
330 3956
569 3211
340 600
2723 2828
2930 3215
432 2324
1926 2064
1336 2641
672 1833
370 1509
1300 1907
1781 3747
60 3300
356 3950
1306 2503
349 1383
180 1865
2718 3620
166 2840
2642 2929
781 2405
2183 2415
1454 3430
387 3910
74 2991
75 1954
3291 3311
424 841
1481 3021
1189 2141
6 1651
659 2219
1214 2347
652 1298
321 3246
497 3521
2543 3339
642 1679
599 1581
329 2495
1130 3989
2461 3753
558 1281
446 2733
1000 2155
2407 2547
1339 1639
492 1811
124 2490
2710 2856
361 3118
418 1843
1236 3244
705 3322
466 879
2043 2606
1775 1813
583 2563
1685 3870
1245 2215
2484 3591
2112 2835
230 2302
1474 2704
866 2944
3451 3703
348 1579
473 1183
293 841
747 1613
1982 2186
1428 2604
1805 3564
130 2903
1082 2586
1905 2207
519 2017
1047 2148
48 2876
31 2309
363 1631
590 3793
1745 2322
1853 2189
1474 2907
519 1075
1297 2107
445 2868
2751 3121
1081 2623
669 3678
420 1974
1884 1934
2495 3162
1400 3060
364 2083
3432 3941
385 1947
451 2880
1084 2043
3053 3963
1610 2993
270 2630
3400 3743
1133 2447
1615 3758
1138 3271
2756 3163
2305 3862
400 1035
1224 1608
949 1673
418 960
1667 3709
2861 2968
759 3540
995 3027
1382 1983
950 1018
591 1586
171 2025
845 1166
1823 2242
398 3139
214 259
3080 3982
1993 3246
3311 3369
207 438
1677 1800
1577 3079
957 1408
1111 1333
619 3867
1226 3545
306 984
1329 2708
187 3483
1512 2100
3119 3175
1208 3752
2931 3793
1836 2481
1877 3693
1798 2477
3272 3671
3306 3363
837 1137
154 2036
575 3015
1192 2463
1160 2246
1112 3018
361 3066
357 3249
263 621
768 915
596 1077
1370 3227
937 2535
1310 3139
1836 3435
1522 3428
454 2183
1255 1627
1580 3258
2015 2209
318 2200
2497 3199
468 1967
1268 2590
1930 3143
2711 2916
2115 3172
94 2181
19 3095
2859 3555
3565 3575
1232 2792
1620 2302
3370 3720
1822 3361
1171 2199
2268 3546
1494 3326
903 3290
1325 2709
1958 2575
144 3052
819 3020
1730 3673
277 3777
1734 2255
1212 2682
715 2075
219 2767
1360 2095
417 2031
996 3252
1054 2153
1772 2385
2538 2917
1251 2110
84 114
143 854
149 3960
2758 3397
2419 2952
406 1122
885 2096
227 2358
767 3461
59 3141
253 2363
1273 3547
190 1803
2136 3819
1824 2006
1946 2162
298 3634
3215 3397
1353 2962
2283 3632
3549 3753
1527 3878
70 2513
1154 1693
300 2917
74 3912
625 3901
2110 2507
3501 3619
115 3079
718 1624
152 3309
1024 2136
1745 2350
2172 3554
2516 3254
348 655
1322 3993
3111 3714
1061 3232
1638 2164
2613 3663
3240 3622
796 2087
1261 1347
3314 3607
1625 3264
782 3267
804 1924
2300 2723
510 3513
566 3389
1388 2860
2573 2800
140 614
44 2649
1714 2549
2697 3991
432 1560
2210 3975
2422 2924
1380 3516
1629 1933
2624 2826
399 2587
1096 1844
790 3597
685 1834
1064 1670
30 3077
1015 2852
643 3120
674 1787
3694 3797
2669 3818
1056 3864
1541 1916
1447 3090
2759 2881
218 2965
723 964
250 1344
1574 3155
1744 3375
685 2708
2957 3636
1266 3382
49 2161
830 3406
686 2527
981 2453
1903 2836
3072 3606
850 1786
2726 3666
2468 3144
1662 3140
3446 3989
2197 3627
1486 2026
194 2671
127 1458
1588 3039
1044 3391
2305 3331
967 2405
67 3856
3357 3999
1473 1590
2982 3818
2634 3908
552 2257
2509 3871
591 3893
8 3243
910 1072
3008 3802
1698 3396
1380 2051
1073 1964
181 3547
2867 3266
2443 2792
1060 3999
2202 2809
1976 2124
1792 3692
2555 3911
2229 3971
1229 2496
1758 2340
338 3914
1370 2655
1899 1974
52 1921
1530 3110
2013 3926
1923 3330
962 2581
2787 3190
2794 3165
1718 3451
722 3505
2572 3770
498 1972
2600 3115
3031 3843
287 2008
1921 2807
1346 3779
7 2241
1866 3866
2850 3247
3234 3651
452 918
2934 3457
516 1728
702 3010
463 2686
2569 3406
2186 3271
6 1228
1114 3051
2543 3152
50 2369
3 2378
1822 3112
890 3588
3170 3807
65 1913
3257 3948
2505 3536
443 479
2676 3744
1957 2447
653 1616
928 2088
495 1392
1103 1605
612 3390
862 2516
775 3952
1164 2345
453 875
2380 2531
2598 3823
851 2735
848 3321
2208 3969
1945 2029
155 3918
650 2987
256 819
1060 2437
3402 3531
898 1795
356 1730
1934 2677
143 2563
36 1330
3411 3947
1706 1956
241 300
973 1936
2052 2453
1196 2100
1312 2976
2373 2665
321 455
2868 3962
1090 3143
1119 2328
135 2295
3786 3899
2562 3007
1434 2948
2891 3300
667 3574
2771 3594
1171 1837
700 1802
578 3112
954 3903
2076 3976
630 3462
1149 3643
2389 3592
1233 3995
1585 2411
1171 3009
131 896
1566 3877
897 1630
481 2504
904 2694
164 810
232 1752
222 2182
1998 3885
1106 2939
82 3616
250 303
2001 2840
1664 1889
1123 2221
3234 3787
930 2146
1733 2775
807 1333
735 1365
2387 3885
9 3394
2084 2211
917 3656
1302 1940
3523 3839
738 2483
1119 3450
257 2411
2162 2892
578 1885
135 1456
1446 3167
97 263
1154 1328
1960 2616
322 3342
1021 3721
1886 2163
3412 3474
460 2833
1051 3267
1086 3961
74 1806
610 3501
1639 3285
2497 3889
499 1548
75 2586
199 254
576 1867
1589 2404
1398 1904
2755 3269
373 3960
1884 2341
1577 3589
2478 3091
128 404
2314 2318
417 2311
660 3202
822 2959
2180 2212
639 3745
668 2568
1396 3741
1305 3221
755 3892
1364 3688
2890 3817
37 957
537 2166
3210 3812
793 2110
712 996
2870 3782
247 2915
122 2545
1831 3780
1612 2148
377 1066
2372 3521
2430 3287
623 1960
194 210
1103 2138
2351 3983
1146 2671
416 1386
232 566
1859 2515
1112 1334
2114 3687
564 1826
1259 3714
1780 1791
1756 3717
356 2596
1380 2237
1494 2460
2843 3282
158 212
362 3399
1438 1785
991 2105
2592 3401
1400 2018
2115 3710
331 3736
911 1623
115 248
316 3648
88 1586
6 1262
2342 2524
982 3507
2207 3006
2368 2483
15 2761
2903 3304
1184 3221
1339 1965
1898 1915
2542 3274
3414 3658
1254 3535
1832 3069
3494 3907
535 2614
885 1939
1663 2536
460 2710
660 664
282 3451
2705 3146
3696 3940
1487 2220
225 3386
277 3647
1637 3892
703 3711
3051 3488
1133 1642
516 758
2656 3748
845 3867
2970 3359
1311 3293
1667 3937
878 2010
1032 1321
392 3214
244 1697
353 3898
200 1554
463 3985
3226 3669
1900 3667
315 996
364 1070
3781 3965
1402 3809
2765 3262
790 1910
2956 3859
2096 3546
1500 3726
1832 3899
2775 3016
3354 3530
1861 1990
410 1289
1756 3500
760 3755
2471 3381
1261 3073
2002 3920
78 3827
306 3473
503 1108
2009 2627
2235 2921
588 3325
2404 3178
92 1814
1677 3512
425 876
1417 2645
168 1549
345 483
559 1952
547 1615
1185 2656
595 2156
177 3503
185 3116
3051 3516
1006 2425
220 717
1845 1863
2698 2910
1840 2145
2030 2454
2327 3873
2469 3058
886 3942
113 870
1520 2243
1246 2961
2268 2555
30 2904
115 2066
256 3140
827 3132
3239 3729
2602 3701
199 3454
1434 2999
982 1474
1098 3812
1032 1584
1646 3299
2521 3004
2900 3700
1521 1916
651 3704
1802 1897
590 3814
1656 3993
2687 2885
205 2989
2333 2578
2907 3982
3223 3477
525 2704
130 433
1777 3401
316 3284
554 922
1217 2686
2905 3242
1384 2023
302 1443
736 3869
795 2456
1530 3390
2364 2627
1993 2824
122 3448
272 2207
816 3630
1600 2811
2699 3037
58 3123
1169 1779
1879 2842
2128 3974
2641 3419
3295 3961
923 2045
34 1203
611 1515
1768 2679
1087 3296
2458 3735
858 3312
335 2337
1821 2328
1003 3737
929 3884
2984 3359
1991 3305
2362 2375
2528 3609
1111 2332
579 2816
607 3574
1426 2579
1190 1937
242 1887
1390 2324
30 1503
814 978
137 3923
1306 1999
163 1787
2606 3584
726 1669
2214 3579
954 2391
1658 3634
3465 3934
573 2430
1064 2869
1289 3260
1061 2037
322 2926
1815 2375
3130 3815
542 1703
199 719
2917 3251
580 3154
400 2423
2185 2413
1019 1545
1972 2502
3624 3867
2125 3542
2659 2941
1696 2159
106 1576
1725 3897
260 428
96 2438
3928 3935
1420 3248
1153 2932
647 747
1715 2441
613 3642
314 2769
2720 2860
247 976
422 2834
2385 2750
1458 2784
225 788
2514 3764
551 3763
1423 2025
2660 2762
2476 2566
1069 2168
2606 2789
1192 2159
3943 3957
1893 2679
447 3359
2337 3639
1837 2313
152 2373
56 1817
2602 3136
651 1740
2159 2586
474 2103
2169 3855
180 2116
729 2638
2763 3268
1285 3768
94 835
3591 3640
2156 3688
1015 1984
2113 3585
734 1121
469 698
1437 3470
748 3508
1009 1203
198 1830
3064 3795
714 3929
2233 2908
1635 2711
468 2746
540 2247
1711 3847
740 3577
2428 3135
3620 3853
221 2520
146 945
2006 3171
925 1087
1272 1484
2050 3226
984 3609
1630 2320
244 3141
2676 2799
65 1810
697 3385
752 1603
107 352
128 1818
1835 2017
232 1377
1250 3760
1518 2695
308 3205
921 1611
1099 2395
1523 2667
805 3181
1894 2574
2155 3174
687 3831
304 3166
550 3507
3042 3592
1313 3188
168 197
1790 3732
2403 2912
2152 2398
120 588
1095 2564
119 701
1945 2181
530 2944
276 3809
2251 2487
1290 1397
880 1024
1401 2645
820 2585
25 802
2357 3593
2419 2659
1829 2873
711 3878
539 3679
2173 3514
1570 3159
1436 3117
1362 2723
815 2338
1158 2803
320 2311
1267 3734
1296 2774
1706 3192
2198 2838
165 1349
1621 2963
1455 2493
593 3756
496 2619
2041 2289
1188 3602
1911 2231
3183 3850
480 2446
1195 1521
375 396
1978 2452
191 2433
1789 3769
2986 3341
3555 3926
171 3276
2210 2345
787 1524
2557 3039
1961 2008
887 3089
1642 2554
224 3846
419 1093
2006 2775
1269 3731
77 3335
3274 3661
941 3666
541 882
3267 3728
46 873
3139 3759
1439 3533
2095 2996
1913 3996
1097 3204
1721 3874
1525 2367
2365 2657
1269 1596
1146 3029
2414 3717
895 2637
1425 3196
193 771
1206 3901
2232 2684
48 3347
2138 2968
165 1080
1253 3128
831 3167
260 2628
668 2346
1056 2449
1435 2735
1222 2718
1851 2784
2047 2621
488 2139
743 1640
487 2591
2752 3921
212 1537
1933 2482
795 2717
2653 2783
2107 2174
1557 3003
3324 3631
2521 3691
1136 3806
532 1443
1 2060
81 2313
3311 3986
476 3865
545 1563
512 867
64 1695
156 725
535 1798
1856 2916
2158 2398
2351 3208
1593 3728
2592 3846
2639 3880
1832 3182
171 3446
163 704
236 1755
525 2328
141 3560
2745 2973
1089 1873
1975 2451
387 425
1180 2146
2214 2685
591 3499
1841 3762
1861 3756
798 1044
3735 3874
1234 1746
2467 3946
651 2767
1749 1932
899 3234
2672 3737
453 1719
3305 3863
431 965
2654 3399
2552 2796
1680 2621
888 2464
2146 2269
1699 3236
300 3104
2943 3435
804 3538
1305 2699
2798 3167
2647 3414
810 1939
424 432
913 1057
952 2466
670 1152
21 1137
2593 3575
964 1823
881 3964
177 2634
671 3543
35 2609
764 3488
1369 3364
1259 3515
478 794
608 631
1671 3662
1353 1900
484 3222
485 1990
617 1922
612 2561
2810 3949
637 2794
518 3517
761 2084
956 3698
1704 3032
3121 3748
4 2270
2282 3351
28 2899
738 3598
2708 3279
1320 2407
657 2191
1363 2507
872 1131
1809 2847
2564 3548
1188 3425
301 2662
1597 3497
2274 3978
469 2438
68 1863
2166 3890
1309 2392
3526 3682
1409 3904
1313 2565
1483 2215
713 945
2182 3987
376 1441
670 2770
2426 3910
2570 3681
1023 1870
2821 3659
37 148
646 2062
2160 3677
657 3898
1619 3945
1239 1376
942 1988
602 2353
728 2336
333 2785
2329 3349
1760 3587
177 2721
1280 2216
1692 2535
2560 3443
71 2733
3384 3578
2103 3604
380 1508
2487 3913
1385 3061
546 874
350 2727
2878 2884
2730 3146
808 2558
639 3270
1774 3972
1609 3808
873 1055
2180 3390
1852 3844
1231 2560
2368 2922
2601 2901
714 2051
852 1394
1369 1874
1955 2342
2227 3618
1788 3630
667 3336
512 2335
489 1315
191 1735
2252 3498
1028 3063
288 3519
3613 3928
360 3278
2637 3328
1858 3119
2120 3702
2774 3201
1878 2072
719 2681
2021 2656
1607 1858
1753 3037
121 2777
3175 3946
671 1659
1286 1633
758 3345
88 574
1295 2420
251 3185
1174 1427
1684 3417
990 1666
3059 3398
268 1004
419 2445
612 1683
280 819
504 1153
2806 3688
1438 3778
191 1664
1803 3567
1202 2599
186 2060
947 2550
302 3657
1618 3790
594 1739
45 83
1064 2284
1005 2211
613 1048
1486 2400
269 2748
2352 3671
889 2626
1562 3486
1638 3779
375 2041
2867 3738
1672 2093
141 207
1407 2191
1650 2306
1914 3672
1831 2263
1624 3067
151 2522
1241 3954
2814 3442
1623 3216
1831 3032
2064 3117
2386 3214
1992 3881
238 3142
1199 3699
2946 3212
1617 2943
1650 2486
405 2107
3521 3549
125 1116
2201 3324
1337 2579
163 2005
2427 2864
1757 2662
2187 2436
594 3908
2821 2825
166 1892
2657 2927
64 1808
671 3724
1415 2765
147 3948
1977 3660
127 2828
869 1130
3273 3813
377 1290
2210 3625
2176 2758
614 1025
3518 3535
1192 1623
624 1751
688 3318
836 1643
1150 2691
936 3281
3184 3706
857 2580
2183 2431
1451 2855
952 974
192 2234
662 3552
1946 2967
928 3953
2494 3686
1337 2670
425 492
1790 2790
2643 3715
279 1760
193 683
3475 3917
54 411
3085 3847
789 3575
2519 2979
292 3734
476 3776
502 2833
234 3861
289 2200
1782 3383
1477 3820
674 1944
276 3750
2296 2470
275 667
1057 2767
2396 3611
1981 2386
632 1264
355 3664
437 3233
2817 3594
128 876
2560 2648
525 1497
812 2099
313 3185
1385 2520
1075 3764
1793 3092
3404 3803
102 3440
598 710
601 2553
456 1777
352 1376
1207 3134
2308 3717
1379 3287
868 1174
557 1383
999 3551
827 1726
856 2362
2061 2857
1577 2213
1742 2403
1090 2009
1491 3288
986 1480
79 3995
917 2990
2413 2932
322 2659
75 1016
2192 2246
1654 3954
607 665
868 3962
79 1571
1917 3090
762 1413
515 1870
3927 3952
2379 3988
1830 2883
905 1207
2014 2307
708 2770
1306 2130
1739 1778
2086 3967
1371 2973
465 780
3746 3925
3060 3153
165 2050
1828 3837
209 2790
1479 1905
136 2167
1959 2784
3576 3780
1710 3529
333 1782
2703 3253
2270 2597
295 1215
373 1635
201 2812
916 2044
1047 1201
297 753
46 3529
2420 3018
1488 2940
750 1413
3365 3534
1889 3377
10 3303
2 3066
1248 1979
3529 3689
2872 3264
47 1324
1689 3197
1271 2694
8 3218
2530 2740
3694 3744
1685 2880
1369 3416
2570 3966
1108 3803
470 3570
186 2213
2749 3406
479 2105
388 2166
1050 2426
648 2430
2133 3313
39 1146
49 826
412 1972
118 1496
1755 2437
2173 2340
1824 2736
2447 2622
2108 3796
2214 3744
792 3858
1229 2998
1526 2859
3280 3552
1208 3173
2388 3081
954 2594
14 2020
2838 3168
632 3084
328 821
2299 2785
239 895
207 453
1751 3206
735 2918
180 1411
373 1876
3364 3615
1791 3319
1860 2490
1753 1839
2292 3576
55 2710
2065 2759
1501 2272
1075 3542
1042 3827
2730 3908
429 933
3132 3923
2267 2407
1548 2783
1358 3130
1285 2947
938 3637
1402 3194
341 2293
1616 2816
254 3630
3144 3781
716 3587
985 2343
406 2980
109 467
2015 2584
703 2472
3069 3504
1463 1967
742 3594
562 2873
1712 2973
1966 3525
1445 1875
117 2275
2019 3194
926 2197
1720 2190
2533 3794
100 3024
1242 2316
1415 2025
2151 2911
2822 3801
91 2940
2266 2468
174 1076
1006 2492
2550 3492
1158 1442
2275 2802
2428 3560
1431 2591
2309 2678
2273 3721
2713 3825
894 2800
863 2215
568 1504
3458 3894
721 2873
1657 2249
1011 1302
1288 2366
1083 2509
3273 3716
2403 2981
749 1337
383 2312
1049 2945
945 3836
2372 3444
2073 2493
315 1480
1001 3375
281 3261
1821 3203
741 1834
2493 2897
1839 1971
2009 2123
950 3627
2176 3841
826 2416
2814 3895
1473 3200
1319 2465
212 1544
932 1834
864 1931
1606 1995
1203 3259
1384 1790
1053 2653
927 3360
1874 2012
201 455
1532 3885
2048 2315
716 2327
1013 2137
315 2212
3323 3490
980 1557
1202 2982
1077 3437
2703 2832
608 2074
458 534
1528 3173
327 2975
908 2040
184 999
2855 3426
1508 2633
2635 3522
2065 3318
1234 1527
1056 2992
1326 3979
1052 3231
1764 2788
415 2049
448 2578
3214 3541
80 2272
1555 1573
48 2613
3667 3852
339 3690
2178 3877
1301 1578
2131 3523
2072 2475
561 1600
2652 3040
1871 3849
1422 2607
2247 3025
2330 3401
1879 2675
494 1396
489 2098
543 3439
974 3502
1368 2133
1326 2916
570 1459
1739 2918
1303 3922
342 1967
2340 3076
3519 3564
585 1493
99 438
365 748
1389 2330
1501 2935
214 1826
998 2184
1000 3919
740 1366
2280 2320
36 2499
1079 2031
771 2913
3056 3977
1164 2882
1890 2404
228 422
1504 3228
1022 2298
3357 3900
1803 2219
132 2643
1782 2858
1559 2878
151 3684
1198 2339
1223 1691
1787 2237
1409 2920
2724 3674
2381 3710
1262 2039
306 1207
1664 3652
3322 3455
2522 2729
1247 3254
1430 3391
332 3338
1144 2061
1612 1736
1389 1678
1500 2263
3550 3593
1585 3828
2510 3705
2235 3374
1204 3308
548 2715
362 3762
1169 2909
887 3581
1552 2267
1611 3668
3579 3873
3083 3534
602 2225
698 2797
11 1347
2976 3083
924 2759
1575 2177
1162 2614
333 2724
1868 2413
1119 2070
1728 3222
130 3013
1231 2040
3132 3221
209 1318
399 443
435 2514
2397 3840
1290 2722
2466 3675
1707 3722
343 2044
42 3081
576 3527
783 1765
3384 3544
1631 2355
2334 2725
182 1136
252 2958
836 1580
1672 2639
211 1186
2955 3641
2692 3010
3405 3982
2796 3856
1450 3681
1534 2390
2281 2645
646 3735
312 1410
334 575
2757 3452
674 1132
3323 3356
1604 3006
985 1861
949 2415
478 2933
211 3232
555 3387
1910 2226
1211 3302
150 2713
1458 2392
750 2232
1082 2261
344 3312
961 2298
1255 2749
760 2456
533 838
1227 3702
1622 2612
762 2731
3395 3911
1024 1502
475 1463
2925 3783
2742 3981
493 3996
470 3466
968 1392
2234 3427
859 2357
488 2136
928 960
1406 1663
326 1809
2625 3034
2192 2662
825 3393
927 1544
1144 1820
3054 3229
3100 3148
3328 3620
546 569
1351 2804
1630 3469
3281 3633
1107 1886
511 708
178 363
2287 3115
223 2494
1663 2975
2977 3642
1091 1918
1645 3186
72 2944
1109 1543
1274 3709
1093 1843
2524 3924
1638 2866
537 2979
218 442
384 2813
597 3466
1650 2147
1125 1741
26 3726
1862 2958
546 1912
54 520
1991 2099
1109 3459
582 2664
1994 2583
337 1738
1114 3078
1237 3387
2264 3506
1243 2093
1124 3464
123 3309
1418 2667
1982 2365
2882 3104
1248 2782
1466 3452
1335 3610
2546 3432
114 3686
621 3788
1470 2685
3727 3968
2889 3219
1225 3666
2484 2774
2350 3977
2077 2269
305 2253
685 1346
381 3749
154 1182
2253 2834
708 2582
1723 2601
393 1166
58 867
1111 1139
2952 3309
2129 3099
264 1799
2544 3658
769 3183
1210 3830
477 1632
359 2216
854 3967
1166 1193
811 2859
443 3423
229 3866
2171 2789
2046 3160
2302 2953
2321 2996
2992 3819
801 3422
222 3036
2504 2693
679 760
583 2752
1973 3027
3002 3590
3108 3967
2283 3459
1607 2327
2948 3992
1708 3582
820 1748
1822 3125
294 2082
1786 3646
1715 2435
1469 3637
533 584
1266 2883
2352 3176
960 1370
1567 3775
706 3253
807 1606
1249 1609
661 2385
3539 3758
94 1424
1037 3784
2148 3833
1076 2265
1162 1513
1030 2695
948 2397
1281 1500
111 1811
184 3177
2240 3794
1211 2354
1731 3552
123 915
2766 2847
873 3848
1461 1762
805 1545
2959 3243
332 1147
1353 3050
2967 3617
1254 2780
792 1276
2360 3187
379 777
1454 1926
187 2238
2149 3101
1308 2361
2375 2906
1071 2101
54 2707
3052 3530
1770 2311
82 3290
1471 2832
1992 2118
3557 3870
2286 3046
1981 3650
2307 3048
2137 3142
1801 3243
38 598
848 3191
1176 3778
1859 3200
1702 2535
1904 2766
264 1856
413 1260
90 919
1281 3984
1874 3714
987 2935
3042 3170
1428 3346
2418 3964
2709 3932
2396 3783
400 1172
2523 3962
1571 3258
297 2228
2415 3971
915 1538
1347 1713
2409 3694
1785 3349
2081 2785
2023 3052
1153 2608
666 1522
1217 1756
1497 3072
2636 3947
824 1773
501 563
1545 1700
253 1512
2269 3877
534 1794
2007 3898
3628 3781
1116 1674
1908 2673
1305 3114
50 724
459 3880
582 1736
814 3909
1142 3815
783 3468
694 3794
1682 1746
2929 3584
235 1430
2303 3991
64 1871
1741 3259
1542 3629
656 3479
1551 3751
2135 3384
823 3476
2910 2982
3169 3189
1632 2317
1886 2060
3184 3222
1019 3968
968 1280
14 2620
1408 2050
839 1827
1300 2733
701 3247
1273 3357
340 369
1922 3456
52 462
3488 3542
734 1034
1135 1856
446 1846
1069 2247
641 2885
1223 3315
2224 2596
3255 3833
401 2274
650 2254
766 2355
1938 2197
118 1649
633 2813
95 3901
1747 3154
1615 1966
1986 3362
2457 3398
2554 3014
890 3106
176 3335
2486 3127
1412 2596
304 2043
1805 1987
96 3496
95 2679
1311 2876
2550 3433
1061 2650
460 3182
1889 2028
1775 3586
1678 3697
2528 2529
621 1850
413 3831
164 2127
1195 1332
1933 3418
27 1178
652 2946
276 3520
1451 2412
1168 2754
1442 3814
1054 1837
855 2977
2010 2637
81 2699
1535 3683
226 3092
2350 3515
964 3621
155 3023
586 3230
570 3958
1098 2125
837 2103
1990 3340
1141 2144
342 548
1135 2986
3301 3899
2514 3316
3434 3940
1503 2419
1436 2618
13 799
1139 2661
751 1563
2578 3164
272 838
291 2577
1012 2595
2008 3460
1 167
2208 2641
903 2432
1091 2918
1478 2058
657 991
1862 3880
113 979
9 3149
576 3322
2445 3835
680 3756
442 1892
197 3496
172 1423
294 3346
634 3399
339 3537
840 1686
1683 2790
490 3352
1769 1848
1556 1844
2313 3352
891 1994
16 1708
255 3232
842 3896
977 1821
1374 2927
510 1671
581 3505
1915 2533
537 2051
1287 2454
284 863
1082 3380
1084 2294
1443 2903
2065 3212
2323 3371
1491 2055
3802 3871
2104 3505
2123 2626
967 2681
1953 2700
1565 2623
32 1515
3362 3869
1493 3569
2231 2776
684 1445
933 1307
11 160
2688 3319
403 2960
3464 3905
257 656
1243 2256
801 3846
729 3944
1170 3287
1652 1986
107 3266
3113 3253
2283 3467
172 1433
2019 3095
22 3487
2669 3273
20 3033
2683 3514
2537 3641
450 3500
1476 3879
534 2067
1345 3116
262 1793
70 83
3 2111
1748 3109
1331 3612
1521 3773
3179 3237
522 2364
2669 3679
984 1273
159 2552
357 662
220 2168
7 2517
2769 3005
3005 3633
1965 3605
208 922
2325 3278
338 1005
1675 3793
126 1801
733 3364
820 910
1149 3302
2636 3963
1805 2520
988 3159
772 1684
3571 3590
1093 3315
1177 1405
2612 3464
2135 3855
949 3346
397 3034
497 3886
1575 2628
98 872
1709 2056
1252 3860
951 2087
1144 3766
2512 2867
1473 2062
1010 1089
1214 2534
1211 2285
3081 3909
2133 3568
2369 2792
1409 3871
3426 3563
1748 1838
472 564
1289 1817
2623 3191
1028 2473
602 3362
2220 2349
1715 2816
1338 3307
2568 3483
2863 3711
89 3610
1862 2108
3005 3021
1076 2029
3444 3701
1470 2440
58 3723
1668 2208
2420 3597
1530 1593
311 1799
310 773
385 459
317 2482
395 2769
1231 2151
367 2470
458 1243
1372 3172
467 514
3409 3870
929 2480
1634 1781
358 1925
988 3432
444 2639
733 2390
1920 2688
805 2938
2592 3460
296 1558
1278 2925
3482 3531
1929 3012
187 3998
95 2501
1941 3555
2497 3862
1396 2489
556 3177
2239 3270
714 1308
1797 1873
3089 3580
456 1743
1447 2896
377 2574
2366 2563
3100 3235
1761 2696
1547 3396
545 2536
1611 3117
1224 2851
1850 3206
49 371
1927 2959
2786 3853
530 1498
2667 3015
1113 2232
2095 3495
1780 3751
3645 3845
1316 1904
1244 1301
2128 3126
2128 3670
518 3408
2621 3178
784 3804
652 689
2234 2320
1870 2540
982 2339
809 933
1781 3985
1540 1618
1784 2837
1324 3060
418 3290
1040 2979
2410 3720
2053 3282
1645 3135
553 2085
730 1049
732 1139
2889 3283
396 3289
1220 2270
2106 2660
967 1229
1021 2577
1242 3220
231 281
1693 2631
592 1358
881 1627
1432 2913
188 1199
1878 2173
2894 3941
2564 3315
149 629
188 2175
1338 1499
1117 2105
214 3875
1363 1973
1997 2958
1221 2349
707 3971
857 3270
1312 3440
197 902
544 3240
1115 2371
748 1200
1127 1847
3164 3312
224 3902
942 1552
618 3972
368 1965
2078 3882
3030 3658
2545 3847
900 3739
1268 2813
675 3114
1114 1288
440 1285
731 801
469 3957
441 1811
1134 3939
57 331
153 2524
1776 3127
368 369
188 2396
1546 2216
364 3083
2000 3329
3142 3844
887 2330
523 1495
339 3038
260 1275
3892 3979
271 3146
595 1007
676 3493
738 2027
282 2336
1087 2033
864 1493
1465 2315
1993 2635
1199 2885
532 895
1151 2039
1747 2500
168 2090
245 468
1364 3638
665 800
826 3841
1419 3728
3361 3894
893 2900
1796 1914
1175 1477
312 920
3143 3491
2122 2246
767 2829
721 3163
1404 1419
242 3218
486 3001
2345 3849
500 1170
1067 2346
351 3421
2487 2646
1505 3131
1158 2138
415 2155
616 3963
998 1423
429 3915
144 1017
615 1761
519 1609
1705 1830
818 2528
157 3019
1411 3185
494 733
157 1780
1341 3006
1827 2773
1657 2644
628 3763
506 3773
896 3079
4 2681
2421 3033
2205 3127
3413 3640
492 1879
194 1167
2966 3637
1649 1925
2531 3785
3724 4000
846 1141
35 409
1693 3118
2459 3634
931 1149
1303 1393
2571 3758
2580 3498
103 337
2189 3809
508 2956
2831 3812
1293 3926
777 1968
643 3698
677 2569
1476 1778
919 2014
79 1186
1288 2019
382 773
71 938
916 1891
258 3413
503 3800
2204 3933
1825 3135
1050 2195
172 464
446 507
1101 3507
1562 2081
374 2688
1102 1382
1334 3238
775 1398
439 501
1272 3881
913 3843
973 3410
1749 2911
2934 3824
1682 1872
565 3209
1252 3057
149 837
1398 2429
