3906
146 750
2074 2085
1742 2036
169 357
3291 3861
1675 2295
1478 3904
2563 3530
1959 2076
1848 3344
58 3579
1346 1426
1041 2308
832 2561
420 1711
1710 1801
1381 1991
1777 3523
2603 3337
1377 2135
1122 1952
401 1961
1437 2175
1162 2158
640 2262
777 1681
535 1855
2993 3036
400 3664
1587 2768
2292 3703
1608 3608
2423 2584
1984 2502
1697 3208
1922 2993
880 1949
2792 3315
1135 3236
1577 2602
3214 3499
211 1571
286 2456
3500 3824
1380 3294
447 899
1000 1078
2138 2270
1550 2619
145 515
850 1922
1604 2319
1416 2043
1897 3103
1686 2312
234 2599
1449 3620
704 1437
6 424
1582 2957
989 3346
2415 3559
2326 2773
1089 1212
1437 1760
2475 3326
44 2773
1712 3528
540 646
459 3095
523 1218
812 1889
836 1527
1876 3572
98 1243
1613 1747
1394 3312
1864 2120
877 906
405 2352
1266 3815
1968 3874
1616 1939
201 2855
941 3129
583 3014
314 3898
2436 2912
243 2901
1987 3166
799 1638
858 1256
1040 1438
1950 2229
1732 3511
839 1330
1876 3722
332 3139
1373 2930
1117 3003
187 324
2121 2497
331 690
510 2058
1009 1724
3232 3615
2492 2518
3153 3273
2062 2768
135 565
855 1808
611 1750
67 3757
123 2980
1237 3489
1992 2966
11 198
1593 3898
1111 2335
1361 2308
2234 2859
727 3560
866 3438
607 1826
1398 3370
2301 2620
134 3517
998 1609
2262 3677
1777 2284
2624 3082
529 860
2892 3454
778 1528
3078 3805
1448 1623
289 2608
1215 3453
1359 1394
1274 1343
1095 3727
60 3044
410 2415
871 2871
2364 2977
2422 2672
1848 2788
449 589
38 774
160 2873
2391 3307
1810 2256
3020 3458
3242 3516
1303 1853
1177 1481
261 1755
3071 3590
574 3027
1097 3385
1771 3069
2025 2773
2406 3419
3012 3523
541 1615
490 2509
642 3523
841 986
978 3579
886 3734
2351 3270
2713 3478
1580 2002
941 2737
743 2115
625 676
218 3811
1068 1415
562 2876
103 2372
1299 3880
1279 1383
125 397
1744 3808
1816 3897
588 3135
1416 2047
2516 3335
484 1234
481 876
605 2456
293 3532
1231 3302
2652 3372
262 1289
2303 3289
1546 3134
488 3050
1282 2618
2986 2990
78 1160
100 2374
2660 3472
882 2436
214 2846
2711 3596
565 1647
1952 3486
1996 2068
2109 2231
278 488
1733 2928
1414 1500
890 3565
1399 3462
1453 2601
432 2457
738 1514
1979 2147
2374 2985
669 2048
1343 3275
425 3139
392 1624
1045 3426
36 3372
1713 2497
785 1786
1378 2049
429 678
1209 2930
1479 3039
1799 2154
2547 3779
2545 3849
1248 2217
2112 3904
2689 2973
1513 3055
451 3029
685 1032
139 3287
1896 3796
3157 3873
837 1965
1190 1885
851 1965
2208 3647
1055 1447
288 886
2207 2791
367 2788
134 3577
394 1915
722 1294
1131 3112
1517 1897
798 1949
482 1027
2867 3131
1406 3153
271 3562
1103 1641
2388 3372
2592 3011
1814 2390
1746 2352
1449 2748
139 3458
92 1937
695 3207
1703 2992
103 1180
66 1660
165 3885
1911 3135
117 1258
1416 1842
982 1949
274 2873
906 2818
389 3623
625 1066
1949 2786
142 311
151 1972
34 894
2990 3899
1412 1449
583 2078
238 2079
716 3565
2865 3408
2186 3657
2763 3718
1185 3631
1121 1475
2332 2369
665 3876
1069 3299
2173 3494
1479 3363
455 2765
368 2428
507 2265
1816 3682
215 3700
164 3058
2556 3128
902 2339
899 3388
364 3047
723 1456
1992 2767
998 1064
458 1145
1951 2154
1869 3328
912 3598
361 3185
22 830
1208 1431
241 2861
2555 3209
2001 3030
1205 2594
2141 2358
90 3729
3605 3864
1197 1614
1378 3345
1515 2768
899 1997
3134 3560
23 3434
690 3852
1376 1538
399 2236
139 2352
790 2335
1038 1257
2123 2465
1343 3109
911 1202
2367 3419
717 2932
2557 3434
193 2085
191 1294
1822 3426
3312 3800
2720 3787
2588 3306
1097 2750
535 981
2800 3051
531 2322
2541 2561
471 2831
2624 2820
2610 2962
2641 3197
2300 2575
3800 3858
1949 2583
376 2207
3475 3557
399 1992
843 2133
627 844
666 859
1541 2496
2750 3494
51 2207
1125 2470
2251 3624
1095 2389
1451 2001
955 2711
2644 3011
2020 3697
797 1729
896 2695
1573 3012
81 2255
544 2717
346 1177
3401 3622
1037 3250
1438 3595
1420 2966
171 3534
364 1925
902 2247
383 1097
954 1687
1967 2829
1296 2829
100 3378
69 2800
306 1918
1084 3528
562 3373
3334 3822
1316 2481
1791 2870
1137 1484
3171 3699
265 590
308 3300
2424 2436
3488 3632
1626 2694
2626 3853
1131 1386
1826 2510
1039 2564
1304 1447
1633 1834
1032 2835
2147 3619
695 2875
316 3347
1784 2501
1631 3434
3320 3569
233 836
1488 2752
2297 3659
1228 3753
1578 3595
2580 3885
897 3151
562 1894
1628 2266
1158 1256
3474 3779
1798 3562
468 2147
967 2705
365 1068
184 541
886 1485
2338 2430
2154 2742
2420 2571
1284 2502
475 2364
1424 3104
81 226
769 2426
3796 3897
791 1623
1103 3024
670 3306
2164 3204
1648 3294
1887 2502
293 301
302 2161
1744 3667
1512 3661
1006 2576
2861 2994
1451 2565
1948 3370
1207 3337
318 2708
1968 2808
707 1001
2641 3502
678 1243
41 3412
2958 3787
1120 2222
2994 3609
1303 3635
1222 3849
45 435
810 2059
671 1848
1593 3757
487 853
1886 2222
862 1396
2251 2523
1803 3218
968 3709
3302 3870
2063 2454
623 1248
96 2914
1395 2827
564 2655
922 3250
1375 1604
1687 2212
2059 3788
589 2627
3214 3655
2554 3791
1593 2930
427 1637
2034 2604
160 1549
869 1429
989 3505
659 3058
3101 3480
158 809
3808 3901
2599 3854
2308 3056
2705 3312
2177 2976
378 916
100 3069
809 1836
510 3764
3584 3859
1075 1730
1520 1684
47 2585
564 786
2788 2991
341 400
1606 3488
401 701
1711 1917
122 1771
1357 1982
49 1751
3153 3768
280 3651
2051 2265
1039 1105
1078 2735
2404 2513
846 3069
1761 2855
469 550
2967 3250
91 570
2186 3417
1897 2356
2839 3784
902 1100
1299 1850
2562 3659
1891 3718
703 1564
1154 2479
284 1208
1011 1243
2353 3381
1054 2013
151 3740
2139 2896
831 2064
997 1713
552 1154
2214 2852
1098 2711
215 1693
2870 3896
400 1204
1983 2375
146 2622
369 2994
1311 1613
629 2871
254 1086
1586 3030
1596 2666
269 799
2457 3070
139 3849
1360 3157
2613 2956
2962 3147
2370 2441
1571 2819
799 3557
41 3557
150 586
215 979
642 845
693 1742
2340 3574
2871 2909
430 1052
2847 3109
797 1956
12 1808
417 3546
1102 1419
34 982
2040 2496
2363 3875
703 962
526 2079
2485 3812
400 2248
298 2500
424 3906
492 1027
986 1174
2552 2901
1393 1487
1207 1715
1152 2470
1001 1851
606 1475
401 2929
2617 3012
2602 2682
100 417
62 3269
192 3864
1256 3685
589 2822
1339 2034
855 3307
1068 1632
1653 3859
1530 2138
3077 3702
2615 3226
111 567
2416 2775
1694 3702
362 1510
2345 2390
2687 3901
323 986
1130 2597
1384 3393
306 3523
1538 2179
2756 3101
3520 3864
169 667
2231 3778
1428 2546
2396 2416
940 3787
3156 3204
215 2960
1280 1741
2946 3679
1294 2306
1024 2138
263 3859
2655 3901
940 2161
2830 3525
2718 3165
274 1590
2924 3263
3067 3131
1686 2438
252 1197
2206 3413
455 1238
2073 3795
2906 3458
723 2745
1249 1470
57 3525
1277 3707
544 1734
548 3036
192 3567
624 1697
56 215
1196 3155
1026 3019
503 899
1971 3078
565 948
2679 3387
3307 3313
1249 2746
680 1946
1459 1946
1069 2813
2226 2292
2183 3395
778 1082
2856 3366
906 3883
1803 2964
1138 1946
801 3470
163 1483
1174 3120
255 3211
2686 3305
397 3809
1160 2700
2470 3071
1089 3643
126 1536
378 3826
453 1681
83 1637
1598 3234
467 2411
2180 2870
2660 3482
910 1154
1139 2436
844 1147
2809 3876
2612 2668
392 2655
1841 3163
569 3719
202 3123
67 3418
1445 2229
2279 3139
86 885
1521 1718
1923 2476
1379 1410
169 1699
769 1920
1128 3125
424 3713
2477 2993
1668 1902
1022 3772
681 3746
1580 3720
801 3087
1685 3462
441 3272
2509 3658
1103 1307
2855 3509
1539 3840
2023 3395
3156 3395
1234 2539
2374 3248
502 1154
3116 3574
2057 3541
2064 3752
2179 2542
306 1168
1064 2094
1334 1888
2901 3031
621 2204
30 1534
1038 3899
764 2222
110 1246
430 1690
2668 2789
158 262
1788 2262
118 627
1385 3446
172 524
486 1471
1899 2818
2994 3441
596 642
2324 2624
1869 2468
662 3338
490 2615
306 1046
797 918
160 943
2115 2810
153 595
1021 2680
568 3364
627 730
1828 3490
1815 2790
319 2390
472 3593
911 1386
1958 3163
493 1149
1405 1534
1161 2943
1923 3274
1856 3451
255 783
1217 1660
3117 3661
2063 2817
747 1316
1836 3679
47 2042
2309 2705
1403 3864
2188 3191
401 3187
2048 3668
2079 2142
1154 1319
850 2834
690 2132
90 493
868 3337
801 2997
2866 3787
522 2136
2397 2682
1301 2374
198 2935
469 2572
2311 3242
1928 2972
1904 2294
1412 3901
1243 1986
1892 2626
1829 2752
2687 2790
2187 3856
457 1991
969 2519
2038 2569
2561 2892
1924 2029
296 3605
244 2294
1107 3246
980 1359
264 1531
461 3078
1643 1744
802 2674
1027 2872
1320 3497
1251 3185
109 610
2451 3711
575 712
1187 3380
1939 2982
3310 3727
3370 3723
27 2186
1106 1170
145 2722
2100 2225
1689 2982
687 3177
2608 3670
1550 3422
1334 2246
120 2936
923 2641
911 1813
2353 2553
2225 3851
1048 2073
367 1998
1032 2653
2800 3725
859 2630
498 3822
2151 3560
1447 2251
718 1762
769 3867
997 3521
1167 3011
84 3115
1792 3413
1272 2992
2083 2390
941 3770
499 902
159 3602
1320 3588
2133 2938
1945 3254
398 532
1562 3464
1580 2647
1633 2869
1330 3468
1144 1426
986 1597
483 3120
3154 3541
1633 3633
490 2993
3078 3548
1359 3069
2344 3306
1689 3136
1109 1127
980 3181
780 3135
965 2690
3086 3728
1102 2530
539 1410
1697 3054
1118 2347
1583 3622
2187 3147
866 1023
1182 3876
1354 2966
2108 3300
1808 3691
232 2803
692 2654
299 2974
774 3403
390 2268
1629 1742
3613 3699
146 1835
729 3007
726 3134
773 1443
1030 1617
997 1474
1356 2638
1252 1675
488 776
2104 2666
1147 1492
1443 3694
2252 3833
1475 3066
562 965
127 2719
1554 2493
74 311
493 2152
1725 3086
782 2767
820 1483
76 3383
493 2417
245 3420
1394 1764
26 3440
398 3868
172 2252
3076 3753
2707 2856
2280 2959
2792 3207
599 2959
947 2457
1869 3290
3002 3671
251 3458
518 570
1733 3866
601 968
935 2693
119 1270
1869 3109
2829 3071
1519 2660
931 2056
192 497
1141 2372
257 3562
739 2485
2978 3784
734 2936
327 2490
456 2048
1412 3131
1564 1784
154 1979
830 2065
104 1991
1684 2148
2960 3530
178 281
1429 2540
2313 3120
3102 3453
866 3147
1536 3476
2260 3075
857 2513
569 1113
796 3543
835 2287
836 977
3216 3610
1299 2001
1773 2990
1603 3111
241 605
617 3114
1470 1727
3120 3850
3574 3716
505 2976
1197 1836
1504 2363
42 3721
1391 2651
1443 2913
605 1391
991 2615
504 649
343 3646
563 1732
1593 1977
830 1811
226 894
2029 2480
1594 2208
2094 3150
2917 3027
1864 3595
849 3673
2129 2838
14 3223
655 3114
368 1290
2718 3553
1020 3380
510 3756
599 2513
502 3254
343 2702
636 1764
1907 3784
2719 3888
1106 1161
367 2146
67 1603
1741 3513
1523 3459
2660 3253
335 1562
3057 3459
339 2680
193 1027
2897 3718
3424 3689
1889 3547
1051 3223
992 2959
1683 3125
907 2574
490 2695
424 2033
2673 3453
506 2484
1442 2892
42 3641
1568 3828
690 870
1568 1960
1039 2428
1529 3904
433 3191
2115 3368
1803 2030
2874 3036
1603 2137
2098 2124
170 1377
1562 2349
963 3081
29 1863
940 2541
1692 2283
579 3289
788 2420
2216 3475
152 1642
2159 3753
2709 3312
691 1578
974 3029
644 2991
2034 2102
2554 3656
159 1593
2459 2482
796 3857
3500 3878
1711 2505
603 2541
3135 3415
1081 2214
2484 3008
1613 1909
1658 2094
1571 2730
3162 3822
183 2363
1909 2268
1566 2397
2059 2561
2918 3310
570 2937
192 312
2695 3119
1242 3387
2072 2693
63 1233
3307 3819
823 2502
2306 2341
1451 2400
177 2943
548 3864
3420 3589
1817 2739
3418 3737
28 3114
2435 2709
1758 3163
847 3429
1678 3494
1655 2831
1141 2697
2266 3882
1859 3101
968 1107
1304 3112
765 1099
1400 2240
225 544
1102 3386
1258 2738
2214 3785
583 626
1802 3801
2923 3263
715 2670
2181 3593
3446 3897
462 1794
1114 2129
1797 2930
3032 3525
487 3169
2574 3271
2692 3270
894 1982
452 3306
714 3307
122 1698
2372 2973
1079 2493
709 3444
1089 1893
1524 3535
2092 2639
92 2534
1270 2696
1468 2711
1521 3333
435 1353
309 1451
3395 3871
1823 3310
982 1443
399 3108
1483 3130
1828 3241
835 2522
1475 2325
1341 3569
2219 2221
1270 3832
2962 3775
809 3478
1051 1828
1413 1510
528 1959
828 2149
1649 3525
2209 3419
1447 2752
2382 2666
234 2859
228 2846
646 975
47 2659
583 2743
300 970
411 1463
2395 3619
1057 1449
371 2369
270 2620
413 2048
2849 2879
3431 3804
3030 3519
2519 3442
238 1786
1314 3651
1610 3223
929 2416
3181 3242
1051 1928
537 3489
400 2289
1391 2026
3659 3744
1526 2513
1817 2547
179 3236
835 1372
1423 2870
946 3314
2934 2956
1141 1618
2029 3663
535 3325
108 2420
963 1444
1542 1939
2484 3716
343 2898
2956 3180
2779 3849
375 1147
1213 3139
995 3475
2166 2736
1802 2925
1506 3800
238 255
1107 2115
932 3478
364 1207
105 2003
1394 3716
1263 1537
325 570
35 2151
1424 2887
997 2402
776 2364
796 2581
8 378
417 2409
109 3349
2675 3785
2161 3280
2516 2621
746 2680
26 2037
3217 3242
860 1651
458 2984
1078 3216
2854 2990
2857 3496
649 1232
1483 2982
524 914
3225 3302
1102 2257
1462 3157
844 2457
2861 3166
681 1357
417 2288
1826 3068
181 2674
2804 3030
355 2482
2690 3747
833 3623
3194 3729
572 3877
2908 2990
2063 2724
2231 3220
1589 1755
1428 3312
879 1124
690 940
1697 3252
397 3400
368 2526
901 3223
1095 2119
2064 2634
1748 2276
488 3017
1909 2390
2705 3629
705 966
1078 1337
1295 2032
894 2474
103 3000
1206 3753
238 2569
1839 3214
1516 2852
3317 3387
2643 3075
1521 1708
2242 2694
1640 2059
2141 3599
494 1562
614 1470
846 1270
3195 3302
140 3185
799 1880
603 2338
2379 2608
1351 2593
1383 3698
3444 3582
686 2626
678 2420
1016 3610
2691 3128
918 1732
1642 3369
1589 2672
193 2308
1910 3494
1109 3681
1403 2559
2746 3235
544 1731
1993 3898
255 3308
568 675
1568 2440
2110 3458
254 1305
49 2286
3062 3351
368 553
236 2693
1343 3178
1786 3089
2782 3707
358 3605
2129 3316
1559 2266
2602 3436
330 1463
1093 2859
1861 3202
1885 2039
564 3794
1083 3784
1322 2255
1499 3569
892 3133
1137 1745
1732 2357
1221 2509
1359 3246
452 1715
340 3859
3007 3607
2087 2759
1022 1091
1601 2013
1627 2124
158 738
2070 3055
19 3849
1304 2428
2114 3782
459 2788
1534 3544
1101 1578
2529 3563
2558 2954
555 2615
809 3207
1580 3341
489 1185
1973 3787
2338 2591
988 2087
749 2347
226 1589
272 2255
965 1316
419 1487
560 3166
1119 3263
859 1922
1058 2574
984 1395
364 3045
378 2812
90 92
1762 3616
721 1828
415 715
2187 2298
2911 3309
458 478
1003 2347
1414 1700
458 776
97 695
1055 2090
1106 3332
1909 2141
1424 3084
2283 2725
848 2746
903 2252
320 2511
3106 3453
2988 3824
1568 3031
1566 1617
2214 2980
2464 3019
1531 3724
1302 2847
543 3615
850 3256
148 250
1351 3626
262 2203
103 213
41 2126
321 778
855 2262
1386 3185
250 3286
423 1001
2894 3651
1109 1439
467 1034
458 3636
1949 3710
293 2305
1800 3426
1342 1642
608 3496
570 692
1818 3671
3270 3576
1142 2584
250 3060
2208 2681
1268 1330
320 2903
265 3262
2940 3507
567 2015
1691 3289
1644 1876
2558 3357
139 2992
1777 3127
883 3426
324 1964
569 2627
1900 2874
939 2911
1018 2441
1890 3829
43 3615
2846 3806
95 2695
527 636
2825 3878
1464 3242
1539 2127
1864 3203
467 3660
1489 1538
3052 3128
367 3392
50 1732
1720 2133
2149 3537
343 1043
801 3650
2138 2687
1816 2520
1783 2782
1826 3812
2238 3125
1014 1383
1617 3231
1991 2483
2149 2793
1166 2768
2240 2372
1569 1899
1932 3489
1382 2879
2485 2939
440 3007
911 2075
3813 3827
940 2618
1550 3173
3504 3579
1845 1861
1808 2392
2322 2600
904 1197
254 3835
844 3757
162 3037
3829 3897
1461 3418
2350 3608
1471 1825
2865 3783
2930 2951
912 3906
2372 3901
860 3478
899 2381
176 1724
558 1979
902 1606
1130 3146
2200 2268
2194 2719
2665 2911
153 452
1446 1902
617 3453
1613 3319
3430 3431
157 1536
2060 3496
3088 3134
564 2393
1177 2989
523 3634
1432 1475
2474 3557
327 755
2542 3748
399 1159
1033 1983
2001 3069
725 2686
1356 3147
1288 2626
255 645
2574 3356
3156 3496
963 2596
3025 3796
654 998
445 3878
2420 3810
885 1143
2123 2732
677 3462
570 1669
1391 3662
1438 1854
2240 3512
210 3378
459 635
3031 3608
945 3456
1598 1743
2568 3109
2693 2751
2517 3086
1631 2474
1 3236
1266 2446
1428 1457
2373 3475
283 1429
134 3483
720 3118
241 2483
1863 2987
705 1365
2081 3236
402 1471
1097 2798
153 865
1185 1761
1077 1410
1900 3383
818 1076
1562 3376
2667 3120
805 2221
1233 1895
2228 2262
2201 2529
1325 3877
3605 3706
524 794
47 946
93 1177
1856 3696
1697 2512
713 2475
2266 2290
818 2507
1384 2795
2204 3148
130 2079
2086 2772
658 1320
1607 1965
96 203
293 1804
1104 3123
1733 3215
441 1349
1805 2956
77 3434
1553 3779
510 965
1429 3855
1051 3822
110 3207
2179 3155
368 372
493 753
548 2788
3064 3496
39 2767
3098 3593
930 3569
1035 1939
1249 2599
1510 2319
1063 1538
2529 3560
1441 1826
31 705
134 2462
745 2847
1410 2323
430 1346
1249 1266
480 1762
1681 3493
1741 1771
485 510
1261 2555
768 2974
2184 3782
92 2272
2639 3181
1141 2799
3152 3302
1283 1828
1666 3885
2864 3306
90 3757
310 2342
258 2338
3003 3249
1876 2227
1006 1204
1802 3206
1821 2156
1055 2224
1531 2960
306 2902
1452 3859
3163 3707
1071 3382
618 2374
1709 2957
569 3080
1873 2352
60 512
1233 2168
1042 3434
2285 2322
1027 2970
1912 3204
90 2139
2139 2274
603 2626
1022 2113
1637 3899
3011 3381
953 1198
3166 3361
1861 3808
1741 3192
548 3866
566 2171
2943 3798
2253 2542
240 2548
1817 2082
2134 2674
401 855
2365 3037
3651 3863
472 2846
2509 3033
192 3026
1335 1377
2018 2448
1205 2214
1748 2398
562 1774
723 950
813 3138
1633 3228
18 1869
1357 1410
617 1537
2516 2944
1185 2744
468 1921
1414 2947
681 1981
1018 1424
1875 2292
226 1992
913 1817
2641 2915
1777 2536
2347 3704
342 3310
2688 3263
318 1161
578 2161
968 3284
2445 2767
75 3651
1798 2601
115 2709
2013 2862
1015 2672
1109 3795
3431 3527
479 1571
1702 2792
1064 1876
1300 1744
2397 2818
2221 3769
2271 3707
545 3155
1356 3399
81 462
1314 3579
1847 2852
1295 2787
234 3177
637 801
1940 2240
2650 2962
2335 2706
1982 2306
1675 3201
1566 3191
60 1994
664 2601
26 1782
1463 2596
2240 3881
761 2048
1675 3348
632 3314
1501 2976
2130 2773
1147 3416
1172 3204
34 2627
464 646
1334 2863
49 1631
3610 3816
1395 2627
1764 1959
105 3360
2641 3216
1566 3019
1922 2475
946 3269
1294 3015
1862 2519
2493 2861
190 957
462 2380
2832 3718
1177 2636
1236 3488
2352 3170
307 3037
3619 3762
1378 3404
477 2859
1681 3554
2231 2453
2861 3115
1735 1831
1611 3785
1095 2328
1777 2293
353 3661
915 2268
1454 2443
324 2634
281 1326
2124 2368
414 1316
1602 3128
274 787
155 3378
912 3637
2267 3250
2943 3751
1241 3380
769 3199
986 3371
2018 2873
3387 3604
946 1982
2684 3177
240 2282
32 3785
1762 3812
587 3671
2371 3541
2005 2865
2550 3101
333 3659
26 3278
1744 3583
124 1330
2176 2441
862 2271
2147 2558
737 821
1710 3905
647 3139
1740 1781
564 3251
171 3843
493 1134
1124 2105
774 3707
3429 3726
1598 2952
1267 1378
1081 1465
569 2434
196 1711
107 912
758 2363
569 3845
2129 2765
2488 3291
1198 3283
3374 3622
2308 3539
417 2413
1201 2187
1968 2122
2515 2690
1378 1900
2186 2728
1162 1174
942 980
2754 2966
421 796
863 2516
1112 2965
1558 3049
1876 3803
2225 2873
1536 2687
1821 3352
1589 2437
2886 3574
3447 3699
3699 3817
249 400
459 3167
496 986
2149 2169
1704 3579
2931 3254
1677 3239
565 815
776 3462
338 3037
1585 2221
1642 3628
1177 3595
1370 1686
1403 2605
172 3904
971 3191
434 3822
2252 3093
3605 3761
571 1384
193 1131
368 3324
918 3431
3526 3529
989 3838
683 1234
886 2455
849 2050
1001 3443
1908 3062
616 2222
1253 1959
1990 2792
2496 2634
1022 3866
146 1018
3389 3811
557 2136
589 1498
737 1363
1689 2905
1775 3254
1642 3696
2562 2773
2385 3115
860 1245
1604 3558
1510 3745
1197 2524
2294 3132
2151 3359
1714 3370
3379 3622
1264 1487
265 403
1889 2477
1208 3174
1503 2429
2151 2950
2648 2709
158 1234
1188 1689
808 1521
673 2154
1067 1991
324 985
2229 3640
40 3037
1560 1605
2018 3799
1205 1262
2568 3696
728 2694
336 2123
1645 2056
1589 1711
573 2519
1885 3555
1836 2116
941 3648
2842 3157
1625 1856
2154 2428
334 1617
109 1494
1905 2229
2601 3842
1107 3086
1069 1922
918 2292
1715 3036
849 2319
1619 3679
446 575
230 2256
1796 2624
2397 2634
1408 3526
159 3113
2769 3593
3678 3878
627 2703
13 2283
3133 3795
3123 3463
3246 3613
598 3055
3488 3894
2640 2705
1346 3702
1270 2878
160 1397
1965 3071
1384 3573
1295 3161
153 2418
2770 3294
830 1318
911 2573
649 1226
2265 3362
10 1243
393 3610
932 1293
769 3317
998 1345
797 1882
568 2477
1660 2205
2672 3485
1872 2829
1295 1980
2558 3329
313 1320
443 3270
1273 3007
636 3079
1771 3214
3011 3846
548 2873
982 2034
455 1753
1055 3342
267 2554
1928 2582
1943 2229
889 2484
688 2584
2186 2349
523 1935
2719 3701
737 2780
1581 3027
398 2097
719 3383
684 2497
455 1662
502 2879
2256 3200
1204 1394
1248 2477
235 1556
1742 2750
1260 1438
3131 3666
3238 3395
103 1497
657 3445
1576 3535
1395 2463
1244 2686
593 3419
724 2855
989 3281
158 2956
2508 2694
159 2213
198 698
1081 1417
2493 2807
1071 3071
33 945
662 2916
1732 2881
866 2027
429 3339
1443 3465
416 1391
37 1243
942 3296
859 1216
2794 3062
921 2746
1018 1124
1550 3683
1004 2353
2171 3304
463 737
1235 3413
1954 3562
1687 1771
442 3446
838 2856
918 2207
1162 1929
3036 3841
1068 2163
678 2502
1688 3623
2865 2996
858 1968
1411 2085
3058 3523
316 944
634 1613
1521 3630
2210 3878
276 459
599 2718
3556 3705
1103 3879
151 946
752 2087
909 3296
2608 2983
547 1816
2264 2847
2482 2715
1879 3520
1686 2450
109 3763
672 3885
1463 2677
3383 3777
1171 1784
582 1939
1010 1965
814 3040
2568 3854
2116 3005
765 982
741 1604
1689 3233
459 3318
689 3418
42 3096
906 1427
311 2153
490 3413
360 2879
487 674
1428 2314
3212 3446
481 3449
1865 2871
3040 3808
1366 3623
9 3418
232 1999
149 1160
1383 1606
85 3885
1006 1085
1367 3012
378 917
1861 2747
2841 3387
344 1793
599 1479
2618 2910
2068 3381
1889 3889
751 832
567 1726
1124 2833
1933 2256
1304 2547
633 3012
1866 3488
2765 3885
34 3317
240 260
822 2029
575 2372
715 3181
2347 2609
65 1162
490 3027
849 2202
250 806
1902 2885
2668 3754
2035 2859
1803 2562
1748 3260
1032 3716
100 250
600 2500
42 54
2223 3622
804 941
767 3697
997 2853
3038 3651
2625 2856
932 3073
2570 3027
1684 2765
122 2933
2191 3458
254 2237
765 3714
1915 2873
2428 2555
2932 3354
281 3175
715 781
1211 2485
1897 3317
597 2790
2111 2129
567 2144
87 646
281 3478
1536 3575
2433 3337
318 2106
997 2729
1749 2322
1846 3811
193 2694
1303 2494
1443 1654
769 3814
328 2255
343 2304
936 1160
1566 2231
867 3307
310 605
878 3058
1982 2817
318 2801
291 3679
860 2533
1531 2387
2785 3459
696 2992
2116 3293
3419 3595
82 2991
2738 3784
575 2010
1175 2608
657 2472
2602 3767
2170 2618
2116 2532
1204 2974
392 1467
41 136
1234 1502
1764 1923
836 1696
2475 3638
2936 3268
2672 3743
160 373
1466 2601
3302 3500
3477 3697
1764 2266
3608 3755
1863 3479
2889 3877
602 1613
662 678
502 2599
695 2458
1767 2686
2084 2932
1160 3471
153 3712
2768 2777
2138 2971
1592 3185
1331 1660
850 3536
816 2516
973 2620
1155 2085
692 1102
711 3729
2738 2911
1915 3230
900 1277
232 2046
234 320
556 720
1141 2376
344 861
1255 1827
2719 3707
1802 2687
509 589
1130 3023
1642 2088
3424 3839
813 2140
2322 2537
1437 3264
1351 3862
1436 1463
1831 3823
235 3265
2558 3834
134 2982
949 2542
265 3742
1422 3565
1676 1885
1787 3877
1659 1977
1075 1962
3246 3899
1992 2222
262 3847
194 3153
999 3040
1095 3010
1479 1570
1857 3289
1006 1317
697 1095
3453 3586
1387 3593
858 1255
3046 3827
835 2316
800 2713
1061 1479
1604 2685
2818 3153
197 2470
2001 3429
1942 2790
1309 3429
134 2899
1219 1463
2441 3034
238 3590
1836 2660
316 650
1124 3686
303 1571
226 1314
1286 3306
872 2353
2529 2664
311 407
1959 3649
2699 2980
855 1715
2412 2847
3078 3216
1487 2891
989 2823
300 1992
2151 3237
500 2138
1348 2859
145 605
918 3287
1250 3614
3702 3793
727 2160
2425 2693
3612 3784
834 1741
2911 3884
2549 3040
1982 3156
180 2187
1786 2845
3494 3652
2101 3530
1185 2052
2727 2782
279 1081
1752 3270
2436 2595
942 3811
1022 2215
377 1351
1346 2256
1652 3055
945 965
259 1451
617 3827
1449 2710
1757 1861
1329 1977
1255 3514
418 3372
81 3128
2089 3718
1233 3760
2251 3406
2441 2796
957 1053
748 3269
2991 3797
92 3587
1112 3825
205 3058
1069 2125
681 3675
1356 2333
1249 1681
1074 3314
1902 3252
1511 2437
583 1146
809 3795
1336 1802
3109 3535
297 720
1116 2973
241 894
3298 3800
2973 3137
508 1255
619 1039
159 2646
316 679
2178 3796
1234 2567
2374 2487
1778 3086
324 1490
1595 1684
715 1321
466 1055
143 2064
363 2364
378 1447
641 2208
80 300
1761 3565
1660 2682
351 2980
1096 3729
1425 3528
2416 3216
1112 1909
2139 3765
2451 3564
2251 3432
397 3021
891 2602
1605 2547
2096 2831
2017 2782
813 3053
3390 3827
1437 3156
2568 3595
7 109
1803 2802
327 502
122 3581
2962 3786
3016 3115
3223 3550
435 501
1561 2335
344 3259
945 2733
1178 3489
2443 3282
2443 3759
41 3831
1277 1759
2338 3353
1522 3829
1220 2063
1133 3239
1039 3340
60 795
1754 2852
2021 2569
3166 3229
374 1248
1304 1761
842 2151
700 1258
3246 3252
198 2444
534 3824
2932 3696
406 911
1817 3205
893 3610
487 1418
1831 3731
114 866
1314 3029
396 2639
435 1798
830 3727
895 1578
3733 3787
660 2892
835 862
109 3866
166 1410
2746 2926
1817 3061
945 3140
1315 2752
599 2271
2496 2941
1979 2383
381 2496
1285 1684
1803 1849
695 3394
219 3291
2948 3027
2535 3163
2364 3717
455 3407
2007 2992
2029 3503
2470 2662
1064 2271
470 2736
1739 3115
1899 3807
740 2680
256 441
2890 3796
2115 2355
182 2073
846 3135
316 2818
3367 3488
265 2235
1137 1292
1396 1695
1396 1766
2255 2307
3269 3690
1401 3062
1107 1160
2283 3013
1816 2784
1715 3381
1733 3676
327 1988
1303 3381
318 2291
657 1957
1320 3292
1154 1931
2064 3276
1233 1871
159 1544
3239 3568
217 3380
452 1320
575 3331
3365 3370
3147 3661
2363 2817
2292 3224
1877 2341
586 1713
67 169
681 817
3 3062
2349 2397
2087 2561
1684 2275
1194 2620
3112 3841
1769 2415
1809 2542
26 1860
444 1109
3459 3899
81 2686
2341 2704
912 1770
1525 2654
994 3133
2765 2874
474 2639
1900 2265
1539 2596
399 3266
2740 3420
1258 1812
1983 2883
1915 3439
3592 3876
779 3424
612 2013
1458 3269
110 2629
733 1821
1012 3615
2901 3085
703 1369
1089 3001
2639 2764
2772 3696
248 3075
957 960
2317 3372
53 2711
1287 2133
510 1151
2179 2940
1200 1403
1173 3671
311 3491
1129 2518
1470 2895
1075 1092
1407 2694
2353 2378
738 3009
221 720
813 2099
60 1564
1298 2509
2442 2654
657 1564
388 1391
465 957
2014 2087
774 3674
1505 2116
778 1269
1983 3303
1068 1357
799 3672
3716 3859
1390 3300
1032 2302
1295 2806
1687 1789
836 1386
441 2306
2484 3028
945 2192
1071 3018
3097 3395
2639 3189
146 1435
1089 1606
1179 1603
1208 3727
1952 2547
199 2513
625 1771
1555 3289
643 1864
1314 3270
94 2959
2504 3444
2341 2384
1748 1836
1831 3448
1536 2645
2162 3535
2498 2974
462 2528
2012 2482
625 1333
2590 2855
1622 3562
105 554
359 3565
2975 3019
1558 3461
2069 2149
73 2124
2232 2767
250 3090
46 2068
476 2369
240 3580
42 1412
2186 2614
765 2320
990 3254
1426 3460
344 1174
487 862
1080 2292
17 2674
1623 3613
1537 2118
3186 3520
2401 3133
1163 2268
2990 3149
101 1377
1721 2497
1256 1966
1578 1722
1278 1977
2063 3377
2167 3242
235 3758
1165 3030
1687 3327
110 1575
1327 1863
987 2485
1680 1848
858 2322
1377 2543
2123 2477
1790 3462
1071 2760
3236 3872
1140 2369
265 3716
3296 3358
628 1681
105 1195
668 695
1314 2870
2969 3829
1897 2329
1953 3058
1477 1885
1299 1430
2124 3092
559 2855
1191 3133
161 320
797 1665
789 3426
1471 2631
604 3413
706 3574
49 581
70 2018
586 3006
2734 3619
1018 2541
2141 2776
1748 2471
481 2196
247 2500
2136 2263
2569 3680
1974 2341
151 2296
980 2750
385 541
122 1368
517 1979
858 2056
1438 2360
1440 3204
1330 3611
1343 3450
1090 3296
2306 3671
151 2797
2128 2615
293 1225
2562 2874
429 3708
468 2211
818 3156
894 3841
193 2208
2800 2860
1153 1755
2483 3424
2657 3296
2129 2189
565 776
2123 2628
964 2416
188 3134
3135 3621
435 3789
172 311
826 2666
2718 3343
1075 1663
1392 2782
827 3012
192 246
2506 3459
2671 3608
1027 1060
824 2782
1294 3469
2623 3019
544 1123
2772 3188
2116 2922
3841 3854
473 2308
5 1069
813 3243
102 1781
468 3891
1078 2579
586 2197
2719 3473
584 2262
1161 2599
662 3495
2483 3239
2542 2826
2233 3556
1761 2443
2249 2529
2243 2672
862 3782
1248 2882
1824 3849
564 2230
110 2150
1535 3785
1334 2452
548 3216
715 3618
3157 3252
723 3557
1295 2483
1112 1630
1078 2431
293 603
2726 2790
2693 3864
513 1603
2437 2503
16 850
2474 3812
2856 3213
1137 2750
1008 1449
639 1915
1772 2136
231 2470
561 565
48 2204
1762 2942
1551 2231
103 3145
2222 2851
282 3310
3384 3434
1532 2973
468 2877
2497 3164
2220 2569
523 1064
1424 1852
2139 3022
662 1409
661 835
1169 3131
1617 2239
320 3397
1599 2660
1248 2054
1455 2940
121 1902
1868 3530
141 171
310 793
241 2738
1717 2056
648 1816
92 3375
1543 3157
567 2634
2294 3160
2982 3541
96 3428
2994 3627
2668 3606
1509 2094
441 2843
1889 2145
603 3139
2048 3557
852 1205
2172 3446
2256 3421
1946 2907
2461 3697
3287 3560
1938 2300
1198 2655
850 1639
240 744
1598 2758
4 1755
813 1593
1386 3062
343 1161
3124 3128
172 3246
2349 2976
206 2034
262 3510
366 705
292 1755
630 1471
3291 3500
727 2449
386 1537
732 2518
1055 3042
796 2920
2011 2493
2963 3214
2723 3413
825 3898
3291 3437
1623 3221
2131 2251
455 1795
980 2246
318 3750
198 952
1631 3444
1785 1939
1038 2998
15 2852
1131 1174
1223 3214
957 2147
110 1344
1383 2814
1784 3126
472 3294
1275 2943
1049 1483
2868 3134
774 2824
1606 2204
932 2000
1276 2991
3055 3665
1069 1858
594 3429
942 989
3125 3830
232 3812
1204 3263
133 1396
1089 3844
172 3372
617 3615
1786 3545
1482 3796
646 3906
965 2541
2034 3802
1682 3729
1548 2141
2608 2627
2451 2483
1623 3653
3466 3526
1240 2932
1784 2258
2475 2981
738 2919
625 2195
844 2831
1148 2443
1299 2663
908 1403
2618 3267
1281 3829
3396 3699
885 1656
467 1798
2560 2695
3540 3729
2568 2596
2554 2904
636 3257
611 924
771 1102
846 1550
2816 3310
287 1928
1637 1926
653 2555
1687 2024
551 1112
1019 2932
3590 3897
562 631
42 3074
663 1001
100 3037
1970 2618
234 2519
1856 2616
897 3906
3244 3614
1291 2980
2029 3312
1205 1701
20 2940
47 2714
956 3300
642 2527
209 1208
1580 2117
168 818
1374 1733
2486 3123
941 3317
1493 2831
1646 2752
175 1470
67 649
1383 1671
1207 2584
742 998
708 1821
1713 2993
1568 1756
2066 2420
1736 2451
431 3535
1603 1884
1833 2225
642 2927
533 2056
481 760
1064 2736
2514 3489
2736 3196
1227 2641
49 352
2428 3718
207 2846
285 1952
1631 2149
327 3739
1947 3380
1936 2255
1900 2666
1338 2457
2294 3727
167 3562
898 3699
189 625
430 3508
1977 2009
1716 2415
52 1429
1848 3405
1977 3654
491 3177
382 723
2477 3697
591 2207
3619 3766
502 2871
1672 2709
3029 3435
1927 2133
1558 2633
856 1946
1059 2500
636 2165
186 3898
2330 3556
1141 3182
1266 2245
1496 1538
158 544
290 1426
424 1963
391 3155
436 849
458 3890
2143 3177
642 1737
705 3571
146 1591
354 1534
2354 3444
1636 3824
832 2955
1075 1088
1189 2846
1831 2655
996 1416
2319 3123
3112 3757
472 1429
2482 3285
1675 2439
2073 3240
2273 2892
627 2880
784 1562
541 546
1087 2335
1395 2721
1056 3294
897 2008
1955 3383
2499 3114
2541 3036
1637 2432
2268 3561
3542 3659
1742 2731
232 277
129 832
589 1402
525 3387
495 1550
3383 3771
317 2555
1552 3462
1247 2911
2456 2676
2059 2405
1230 1733
927 1198
2531 2966
350 932
408 3878
765 926
1184 2415
2940 3411
2847 3821
1396 2022
452 3300
268 3779
1414 1944
2456 3603
905 2456
2419 2966
1355 2300
1475 3031
160 2821
1007 2068
577 1147
315 3619
2682 2768
963 2028
656 1266
2620 3500
1013 3528
2269 3314
1437 1518
429 1323
836 1969
1161 3380
174 2690
3702 3893
112 3782
1421 1617
538 2059
957 2669
1197 1600
897 1976
968 1547
452 1781
818 2331
34 3031
1316 3818
487 3591
226 3727
829 1103
2611 2713
797 2858
2632 2654
1566 3528
1781 2888
3107 3614
3898 3900
1476 3526
937 2094
1001 1412
1741 2716
99 524
611 1107
2252 2359
387 2879
392 2811
1071 2174
2829 3515
799 1486
198 3866
397 942
171 2836
1798 2599
274 1706
1270 1308
2410 3659
139 535
1255 2589
1598 3736
854 2341
171 3110
47 585
1394 2982
1106 1913
450 2509
430 1673
2561 3556
1097 1584
2053 2208
1210 1923
417 3781
2781 3166
131 2773
3258 3623
1350 2668
2403 3239
703 2185
1906 3191
2271 3854
1050 3418
212 2502
1580 2738
462 1901
1563 2994
2155 2752
1840 2338
1334 1843
322 1147
906 3452
2300 3808
1472 1983
1557 2962
2518 3122
481 961
2246 2283
1664 1897
1558 1667
1495 2484
1265 1784
801 2179
345 1889
1434 1965
1713 2482
224 2976
983 2265
1470 2979
1707 2451
89 2416
1832 2959
1254 3530
2713 3172
519 3153
583 2246
2073 2598
2415 2738
1029 2620
567 1830
3004 3614
2767 2783
2762 3496
467 840
1540 1660
1802 2041
96 1545
2736 3578
1109 1164
692 2874
919 1637
1438 2190
1744 3860
337 2252
1808 2466
819 2879
156 2974
2554 3696
397 1332
1126 2558
832 1193
657 972
1389 2136
364 959
906 3330
234 1414
2601 2850
2957 3071
1299 3617
2246 2516
1312 2772
1351 1635
424 2921
242 364
2995 3003
2678 3824
1181 2980
25 3525
3190 3876
888 1923
2246 2518
72 2087
2056 3687
344 1150
1258 1679
3291 3492
912 3600
1002 2831
1798 2136
1761 3426
235 3297
3287 3523
327 542
2139 2761
757 1106
3040 3848
235 651
727 934
586 1388
609 2018
1881 2772
1821 2544
521 1604
300 3301
1503 2844
549 2624
2960 3622
240 3252
720 976
2214 3757
216 2352
2525 2584
1605 3566
902 3063
968 3481
255 3323
575 3484
1207 3101
692 2124
241 858
435 3158
766 2496
1097 2006
705 3252
132 1006
1686 3141
1255 1572
3112 3287
727 2103
2271 2960
2261 2497
1130 2361
1538 2945
1199 1395
1806 1899
1533 3296
1460 1848
409 2680
2865 3693
1978 2475
2746 3738
1414 2755
1710 1934
873 3133
3210 3431
468 1870
1115 1277
2397 3112
2856 3613
1198 1634
3671 3886
3279 3424
3498 3827
1357 3614
886 2687
1036 2207
412 611
638 3904
1623 3570
1192 1826
2852 3487
1316 3695
738 2551
530 2713
439 2690
395 3040
1130 1838
1564 2993
1403 2607
1808 2250
2300 3644
1137 2157
1919 2079
68 2265
1303 3159
2013 3836
620 897
1605 2016
1039 2377
437 3446
1807 2554
1531 1916
2094 3183
1723 2626
778 2348
536 662
262 3311
796 3808
1715 2147
3239 3625
1874 3429
1198 3790
864 3191
885 2478
200 2064
982 1863
1347 1689
692 1598
3294 3533
306 2749
1565 2225
137 310
61 2500
275 2892
1764 1946
1106 3433
1357 3877
511 1479
3193 3779
849 1186
1162 2658
2521 3075
347 469
1081 3072
1137 3730
1412 1503
1899 2778
592 2602
1534 2562
128 1781
1297 3254
2399 3101
2695 3457
448 2870
541 1433
215 2019
1377 1631
1780 2353
3115 3142
774 1214
1447 2668
3569 3780
3083 3605
3177 3198
1303 3091
1777 2045
885 2071
881 1451
694 1568
846 1075
2334 2792
1047 1534
2077 3420
580 1428
1131 3500
171 2817
993 2829
1844 3185
401 3597
34 472
2701 3520
145 735
599 3289
759 2123
611 2587
657 3820
1985 2615
738 2107
1310 3614
3029 3059
239 1558
1899 3176
310 2004
3078 3773
1131 3147
2451 3792
151 2753
1864 3645
2321 2690
2473 2936
3518 3800
682 3679
998 1340
613 3075
300 3524
41 106
2874 3906
2865 3906
2319 3069
1915 3247
173 462
731 1022
1018 1416
305 1902
737 940
1820 3829
2187 2491
1304 2179
859 1995
886 1867
514 723
1156 2085
1378 3887
1914 3007
2068 2949
2 2225
454 2790
1364 1384
1728 2240
481 3381
1539 2848
980 1346
185 1531
96 472
702 3782
2133 2547
1313 3520
770 2141
2407 2943
763 3419
2578 3163
227 3579
762 2283
1864 2577
3269 3467
281 1239
81 1384
3378 3501
1183 1724
26 2682
2369 3048
1705 1742
1343 1491
2031 3337
2489 3520
875 2957
1571 2562
963 3639
1661 2363
2266 3732
887 2364
1537 3506
21 488
2861 3526
370 859
1256 1404
2596 2680
1521 2627
24 3300
1713 3525
59 1748
2171 2447
1073 1578
3552 3824
1724 3735
2606 3530
1979 2244
636 2414
367 938
1081 2495
2436 2788
568 3902
1359 3590
2193 3608
2467 3263
524 2044
122 422
2818 3007
49 3903
2349 3753
169 3715
1203 1762
1005 1258
2893 3459
3144 3155
55 300
1371 2437
2635 3250
2518 3601
2366 3528
438 3610
2538 3424
60 3100
1620 2079
469 2199
145 2067
1579 2529
2068 2774
379 1124
2959 2999
1025 2204
1507 3011
2327 3019
274 460
399 3409
344 1017
1208 3168
622 1755
2318 3029
2390 3410
367 2566
430 1989
1558 2750
720 2817
429 1903
736 3541
3094 3811
349 535
3854 3901
1157 2513
220 3378
281 3892
96 1352
1738 3593
3560 3876
90 1233
429 2061
649 1765
2182 2936
208 2171
1670 1928
884 2772
2346 3378
2337 2457
222 1510
920 2300
1633 3398
1249 3055
792 1952
67 2171
1068 1768
807 2654
1428 3288
1062 2085
1763 2574
3179 3702
1071 2900
1065 1539
488 3423
3143 3526
2421 3535
113 2792
326 681
832 3774
646 2055
1837 3204
803 1277
324 2757
1588 3086
235 3613
523 2299
348 1928
2221 2596
2974 3184
1416 3255
1483 1898
1831 3531
1006 2642
2335 3795
727 3261
223 2957
1606 3287
79 2456
2013 2349
2674 3043
1781 2336
2991 3336
2154 2766
2711 3795
1605 3245
195 818
2294 3837
2666 3549
520 737
2386 3827
765 1776
329 3661
1259 1426
1028 1294
1356 2953
238 1724
2315 2871
1174 1351
1786 2771
615 1038
1675 3317
1856 2460
105 2968
273 3223
2437 3669
2278 3615
710 3120
2930 3391
1589 2936
2800 3478
1112 3402
2682 3420
778 1386
105 3181
88 1185
811 3811
2840 3779
169 3551
690 2698
2001 2674
874 2956
2817 3236
1900 2229
469 699
1176 3444
237 2204
64 1537
138 2161
524 2805
1633 2765
1130 2306
951 3782
1038 2712
266 2718
1256 2218
147 2171
899 3613
3749 3753
1358 1828
392 3895
603 2369
1396 3538
398 3684
1564 3003
1072 3661
1941 1968
2093 2718
1162 1306
1205 1621
1503 2649
441 1650
846 1686
1674 3114
1266 3219
928 1426
153 1975
1991 2656
398 3865
384 1710
316 3522
254 2655
1103 2319
1605 3295
627 958
1719 3556
516 3785
925 3114
1510 2683
703 1132
1038 2080
1070 1277
2574 2960
2277 2973
2569 3227
1487 3897
855 1330
3125 3899
2310 2555
933 1697
2221 2394
1885 3207
586 1508
1711 1930
1952 2586
1359 3841
775 3565
145 3455
229 3494
2018 3688
541 3181
678 2474
2901 3277
2736 3099
772 1861
1328 3541
2800 3776
295 2485
320 2469
2281 2443
576 2940
1487 2091
652 2709
1051 3590
2637 3574
1469 1869
380 392
1271 3314
404 1032
294 3155
2815 3800
1424 3869
1473 2686
703 1136
617 3590
1450 3431
1779 3123
1503 2741
3031 3489
2427 2519
776 2568
946 3569
144 3420
1878 2437
866 1362
3222 3697
1110 3003
2095 2976
204 2901
116 3337
1724 2254
568 3321
1031 2654
1612 3904
1204 3370
1346 2347
1503 1883
2584 3121
1207 3250
1539 3585
963 2198
469 1922
1356 3322
1863 2343
1229 3556
2661 3475
253 2493
568 3041
605 3623
254 1094
398 942
1480 1968
1819 1923
1821 3109
932 1574
860 3065
274 356
1224 1959
3030 3414
535 2961
756 2161
304 2073
2837 3125
1909 2474
897 1108
1710 3427
3475 3741
3314 3355
2241 3679
1051 2624
1657 2115
1983 3866
2957 3692
2500 2634
754 3003
1044 2992
3350 3822
523 2259
426 467
3075 3207
1856 3425
71 232
809 3854
2713 3594
830 1324
611 2828
1334 3642
2441 3035
428 3131
844 1471
1567 3877
862 1710
310 2884
885 3812
2705 3105
649 2408
2063 2362
