4000
785 2524
785 2835
785 802
785 2582
785 3194
785 1462
785 2495
785 1614
785 2839
32 785
785 3822
785 2082
370 785
78 785
785 3218
785 3213
785 1516
785 3169
785 2897
785 2113
785 3167
785 1781
721 785
785 3277
706 785
785 2509
785 1934
785 2590
459 785
389 785
785 1262
785 2006
785 2288
199 785
213 785
785 2133
785 3183
785 2697
785 1397
785 2136
196 785
785 3143
785 3067
736 785
710 785
785 3786
581 785
785 1434
785 2448
785 3796
785 1115
704 785
785 3887
785 1286
785 789
785 2473
785 2660
785 3060
785 2699
785 1590
785 3453
785 3984
785 1075
785 3134
785 2080
785 3968
785 1192
785 2254
263 785
405 785
785 3944
785 1445
427 785
785 2131
785 2012
785 991
785 1519
785 1939
785 1868
785 2322
283 785
785 2299
785 3939
609 785
785 2709
785 3532
647 785
537 785
785 3272
785 843
785 903
785 1695
134 785
785 940
490 785
785 2406
785 2651
785 855
121 785
127 785
785 2539
540 785
785 2170
785 1740
785 3418
785 3106
785 2572
785 2457
775 785
785 2698
785 3698
697 785
785 3546
785 3203
785 2062
785 3301
785 1325
785 1799
136 785
785 2530
785 1878
785 1091
785 2125
3 785
785 3566
480 785
785 2713
785 3258
785 2115
785 1610
785 3200
785 3630
785 1636
785 1308
785 3908
361 785
785 1654
785 3085
785 1566
785 3154
785 2958
785 2764
785 3138
785 2814
785 2160
785 3555
785 3142
507 785
785 1488
785 3043
785 1527
785 1382
785 3866
785 1911
785 2996
785 3217
785 1351
785 3772
785 840
785 3809
785 1661
328 785
785 1881
85 785
785 3818
785 2552
785 3019
785 2375
785 3833
785 959
785 1800
785 3276
785 2442
785 1990
785 3735
785 2560
785 2092
224 785
785 2268
785 2915
785 1666
785 878
448 785
785 3480
785 2181
785 2176
785 2209
785 2612
785 1717
785 3821
785 3594
785 1479
785 2371
785 1131
785 2869
785 1390
785 3395
785 2808
785 3523
785 3782
785 3095
14 785
785 1102
785 2022
785 2875
785 1889
785 3319
785 1439
785 1058
785 3392
785 2313
785 3129
785 1174
175 785
785 2424
731 785
785 2226
785 2851
785 3820
785 1398
467 785
785 3396
785 3084
785 2819
785 2950
785 2482
785 2145
785 1788
785 2702
369 785
785 3044
785 2584
785 2052
785 1007
785 2349
785 2110
785 1991
785 3570
785 2830
785 1589
785 1111
785 2840
565 785
785 1295
785 2992
205 785
230 785
785 1809
785 1703
785 1395
785 3333
785 2540
785 3383
785 3070
192 785
785 3006
785 2691
785 2050
785 3549
785 3597
587 785
785 2169
651 785
785 2014
785 1304
785 2753
785 1042
785 2015
785 869
785 2663
785 1842
785 1821
785 2166
785 2566
456 785
318 785
785 1235
785 3522
259 785
785 3858
411 785
785 2533
785 3051
785 1558
141 785
785 3634
785 3761
785 2785
785 2306
785 2684
785 1448
785 3372
785 1054
785 3705
785 3518
629 785
785 2678
409 785
680 785
590 785
785 2044
785 2182
785 894
475 785
15 785
785 1378
785 2010
785 3670
531 785
785 1544
785 3436
275 785
785 1309
785 3094
785 3665
268 785
785 3707
186 785
785 3278
351 785
785 1621
785 1344
785 2019
432 785
517 785
289 785
785 2374
785 2688
785 1211
785 3246
785 2097
785 2932
785 2153
785 2361
785 938
785 2548
785 1873
785 1074
785 2123
785 3139
785 3018
139 785
785 3223
107 785
785 2672
785 1997
785 829
273 785
785 3580
785 1570
724 785
785 3141
785 3737
785 2327
785 1352
408 785
785 995
785 2562
785 2568
785 2673
785 1276
292 785
785 1617
785 1552
785 1051
785 2364
785 2179
785 1890
476 785
785 3100
785 911
785 1310
545 785
776 785
785 1116
785 3618
785 2800
785 3090
785 1596
785 3902
785 1247
785 1193
785 1622
785 1796
35 785
785 3561
785 1891
785 2270
785 3497
785 2058
785 1002
785 1938
785 1657
780 785
785 2721
785 1965
785 1031
785 2353
785 3708
552 785
785 1128
274 785
785 1329
785 3757
785 816
785 3160
785 3703
489 785
785 3650
785 1867
785 971
785 3854
391 785
785 2356
758 785
785 3988
785 2514
469 785
785 3074
785 1177
785 2746
785 1096
785 2826
785 3682
785 3746
429 785
40 785
785 3600
785 1022
785 1957
785 1747
785 3447
404 785
785 1266
785 1687
785 3526
785 2854
785 3178
785 3344
785 3208
397 785
306 785
785 1961
785 2095
785 1556
785 3417
785 3149
785 3921
785 2756
785 2321
785 3326
785 3253
785 1065
785 2278
785 3365
285 785
785 3817
785 3073
785 968
785 2077
785 919
785 1401
785 1777
387 785
785 2021
785 2959
785 3004
374 785
433 785
785 2301
785 1818
785 796
785 1553
610 785
785 3978
785 2801
785 1172
549 785
642 785
785 1011
785 2968
785 3089
779 785
246 785
785 3476
785 2151
677 785
785 3377
621 785
280 785
785 1182
785 2556
396 785
785 3322
785 3237
785 1643
785 3760
785 2467
785 1941
785 3050
785 3807
785 1045
785 1838
785 3037
785 3428
785 2214
295 785
785 3788
785 3980
785 2668
452 785
785 2622
785 900
785 2003
785 1490
785 1834
785 3013
333 785
785 3003
785 1301
726 785
785 3606
785 3494
785 3016
785 3814
785 3078
785 1736
785 1342
785 2604
785 1506
785 1018
785 907
785 3511
785 1368
785 3368
785 3605
733 785
785 2279
785 3692
785 3046
229 785
785 2531
785 2354
717 785
785 1039
785 3340
785 2649
785 1999
785 3931
785 3565
785 2391
785 1860
785 3962
785 2059
694 785
785 1387
785 2883
785 1106
785 1897
785 2358
785 3229
785 1730
785 1185
449 785
785 1526
785 3023
541 785
255 785
785 2296
785 3302
785 1599
785 2429
785 2858
785 824
785 2263
785 3252
785 2253
781 785
785 1049
785 2683
785 3049
785 2091
219 785
785 1081
785 2489
785 2357
785 1751
785 1491
785 1365
785 3005
481 785
785 850
785 1949
785 856
785 3017
785 3133
785 800
785 2198
785 1196
785 1850
785 1468
785 2740
785 3748
785 1628
785 3489
785 1297
785 3855
633 785
785 2345
785 2656
785 1391
167 785
785 898
785 2912
785 3375
785 1620
785 1567
348 785
785 2759
26 785
785 3928
785 793
785 3884
785 882
505 785
785 2037
785 3997
785 917
785 1714
30 785
156 785
785 2847
785 2644
785 922
785 1053
785 3753
785 806
785 2786
785 1120
785 2927
785 2188
785 1600
355 785
8 785
785 2821
785 1068
785 3373
785 2917
785 2213
785 1043
344 785
785 1502
785 1901
536 785
785 3444
785 1538
211 785
739 785
785 2775
785 3104
82 785
785 2982
785 3311
785 2571
524 785
785 2121
785 2503
785 1443
785 3844
785 3702
785 1176
785 1738
785 3096
785 2376
785 3318
785 1855
624 785
655 785
785 1673
785 3727
52 785
785 1741
763 785
785 3011
785 3529
98 785
785 3079
785 3911
16 785
785 2782
785 1143
636 785
785 3175
785 1830
785 1188
785 3288
785 1094
785 1791
407 785
785 1827
785 2966
785 3651
785 2134
785 2949
785 2223
785 3190
785 3456
785 3623
785 1241
785 2896
785 2930
785 3825
785 3590
785 3731
641 785
785 1932
785 2486
785 1392
785 1945
785 3181
442 785
785 848
554 785
785 2212
785 2056
785 2450
785 1458
785 2142
785 1233
785 1016
785 1992
785 895
785 1494
785 1407
785 3247
785 899
534 785
785 1272
785 3358
785 3212
453 785
785 857
445 785
119 785
785 1968
785 3446
785 3830
444 785
785 1300
785 3297
785 3620
282 785
785 3832
518 785
785 2792
668 785
785 1232
785 3290
785 2122
785 3201
785 1449
743 785
785 3979
663 785
180 785
785 3064
785 1142
785 956
785 930
785 3721
785 1524
785 3504
785 3457
785 3877
785 3000
785 2591
785 3179
785 2231
377 785
785 3328
658 785
785 3533
785 2743
785 1715
615 785
785 3164
785 2594
785 1499
785 910
319 785
785 3515
785 2256
785 3915
234 785
366 785
785 2458
785 1922
785 1302
785 2370
785 1712
785 2586
785 3563
785 2140
785 1110
785 3264
785 1849
785 3785
785 2161
785 2995
785 1937
785 3130
785 3231
769 785
323 785
785 1122
785 839
785 2421
785 865
785 1160
657 785
785 832
785 906
785 3323
785 3695
785 1098
785 3850
785 3251
785 3321
785 3353
785 2206
753 785
7 785
785 1151
785 3994
785 1639
785 3207
785 1353
785 3992
785 3394
174 785
785 1273
785 3335
785 3562
384 785
785 1225
785 3007
381 785
785 2599
785 2235
785 1132
785 3386
785 2040
36 785
226 785
252 785
785 3691
785 1482
785 3303
785 2827
785 3738
785 1995
423 785
785 2049
785 2728
785 3243
785 1694
785 958
785 1964
785 3604
785 2636
401 785
574 785
485 785
277 785
785 1916
550 785
785 3158
785 2534
785 2908
785 2909
785 3390
785 3676
785 3220
785 2219
785 3806
785 3644
785 3719
785 1815
785 3878
785 2860
421 785
785 1118
785 3325
785 3811
785 3624
354 785
613 785
785 1349
785 1646
785 1670
785 896
785 1595
785 3900
785 1748
623 785
785 2633
785 2104
785 3281
785 3982
785 2332
785 861
660 785
785 2116
785 3445
785 3206
591 785
785 819
785 3399
785 2703
785 2747
785 2338
785 3324
785 2325
785 2271
785 2419
785 3930
785 1637
785 3603
785 3062
785 2831
785 1534
785 1311
785 1895
785 2484
785 2477
785 1472
785 1822
57 785
742 785
785 905
99 785
785 1623
159 785
785 2172
785 3101
785 2757
785 1088
785 3346
68 785
785 1651
785 2502
785 2098
582 785
785 1483
785 2868
785 1296
66 785
785 1569
785 1528
785 3026
785 817
785 3965
785 1422
785 3242
785 3343
785 2940
785 2164
785 1435
785 2432
324 785
785 3152
785 3607
785 2751
785 3214
785 1743
785 1168
115 785
785 3466
785 2407
785 1510
785 2413
785 3408
161 785
785 3332
785 2190
785 1159
785 1543
394 785
785 1063
785 1456
785 2441
785 2079
785 2551
785 3973
785 2585
785 2155
785 2901
785 924
785 1846
785 3393
785 1678
785 3492
785 2220
594 785
785 3316
785 3405
785 2739
785 2850
120 785
785 2895
785 1348
785 3027
785 818
785 1593
785 1535
785 1466
785 2222
244 785
114 785
785 2316
494 785
785 1581
785 2011
785 3032
785 1474
785 3933
764 785
785 3899
785 1630
785 3355
785 1281
279 785
578 785
332 785
785 933
785 868
709 785
785 1384
785 2516
60 785
785 1580
785 1928
106 785
519 785
785 1856
785 1210
436 785
785 1105
785 2257
785 3364
785 3860
785 3413
785 2478
785 1845
785 1015
785 2255
785 2434
785 977
785 1228
785 2148
785 1366
785 3638
425 785
785 950
785 3350
785 2962
312 785
785 3987
785 3452
253 785
352 785
785 2525
785 978
785 1663
785 1504
785 2517
785 2168
785 2162
785 1248
212 785
785 1321
785 1332
602 785
785 2262
315 785
785 3784
113 785
785 2974
785 1652
785 844
785 2215
516 785
785 3509
785 2536
785 2124
785 3936
785 3020
6 785
785 3998
785 2884
785 2200
701 785
755 785
785 2247
785 1200
415 785
785 3036
785 3058
785 1260
785 1778
785 875
375 785
785 3826
785 969
785 2420
785 2352
785 1008
785 2914
785 1679
785 2984
347 785
785 3347
785 1545
197 785
785 965
785 1839
785 3065
785 947
785 3675
785 3498
785 918
419 785
785 2174
785 2069
785 3493
521 785
785 1588
785 2828
42 785
785 1009
311 785
785 2416
785 1634
785 854
785 2277
785 2203
785 2028
785 1060
785 1028
785 2118
785 1612
785 837
785 2807
785 3743
785 1148
191 785
182 785
785 1974
785 1877
785 2360
568 785
785 2903
785 1079
785 2498
785 2499
785 3808
785 874
785 3464
785 1908
785 3234
785 3186
785 3022
785 2597
785 2855
785 2156
785 3754
785 2899
785 2076
785 3937
785 2129
785 1859
785 852
785 1896
785 2178
785 2042
785 3837
785 3898
785 3964
53 785
785 2409
785 1093
785 974
785 2295
785 2067
284 785
785 3330
785 1207
785 2734
785 3553
785 3995
785 1812
785 2404
639 785
785 3687
785 2359
785 1515
785 792
785 3559
645 785
785 2193
95 785
785 1323
785 2063
785 1574
785 3749
785 979
785 1725
785 2438
785 1647
785 1755
785 3045
785 2377
707 785
785 2650
785 2943
785 3354
785 1797
785 1586
785 810
785 941
785 2881
785 813
473 785
734 785
785 1698
785 1460
785 3744
785 1268
785 881
785 1179
278 785
785 1413
785 1554
652 785
785 2289
785 2208
785 3681
785 1761
785 3118
785 1794
785 1555
785 1583
785 1078
785 1742
785 2773
785 1455
785 2185
720 785
785 1024
785 2880
785 3697
785 2227
105 785
576 785
785 999
785 3481
785 1953
785 2893
785 2266
785 1619
785 927
665 785
682 785
785 3815
785 3985
785 1484
785 3273
785 2878
785 1706
785 2183
785 2815
785 2722
785 1251
785 1789
785 2991
785 1363
785 1167
785 2397
684 785
785 3611
785 3216
130 785
785 2997
785 2319
785 3776
785 2559
785 814
722 785
785 3422
546 785
785 3025
785 847
785 1154
785 2035
785 3733
785 3672
785 988
785 3661
785 3233
308 785
785 3929
785 2287
785 3762
243 785
619 785
785 2905
784 785
785 2805
785 1512
785 948
785 1609
785 3770
785 2787
785 2293
785 2422
785 1540
785 1548
785 1234
785 3810
512 785
785 1970
723 785
785 3592
785 823
785 1783
785 1803
446 785
737 785
785 1409
785 3642
785 1508
785 1562
785 3238
785 1831
785 3920
785 3647
785 3116
785 1097
785 1086
785 1267
785 3655
785 3255
785 1681
785 2907
92 785
785 1676
785 3880
785 3922
785 2873
785 3479
785 3730
326 785
785 833
785 2816
785 2465
785 885
785 3918
785 2555
785 880
785 2999
785 3092
785 2647
46 785
785 3389
785 1356
785 3951
735 785
785 2937
515 785
785 1549
293 785
785 3955
542 785
785 3098
785 3940
477 785
785 1775
785 2745
785 2066
785 2752
785 1147
785 3684
10 785
785 1551
321 785
501 785
785 1766
671 785
13 785
785 3873
785 1950
510 785
785 2527
785 3963
785 3685
785 1824
785 1252
785 3248
785 2613
785 2244
785 1359
504 785
785 3863
232 785
785 1971
785 1955
785 2461
785 3870
785 1343
785 2061
785 1802
785 2149
785 1708
785 2199
675 785
101 785
785 2109
785 886
364 785
785 3460
785 1369
785 828
762 785
785 2036
383 785
785 2856
785 1847
470 785
785 1335
785 2538
785 1793
785 3548
785 1084
437 785
785 1904
785 944
785 2754
785 3888
785 1825
785 1952
596 785
785 2204
649 785
785 3579
785 1575
785 1046
785 3694
774 785
785 2790
685 785
785 982
500 785
785 1851
785 3352
556 785
785 1584
785 1848
785 2456
55 785
785 3125
785 1626
785 953
785 2379
573 785
785 1808
785 3710
785 2567
785 1452
131 785
532 785
785 2606
395 785
785 3249
785 1195
785 3508
785 3613
215 785
785 1140
785 3608
785 3081
630 785
785 2029
392 785
785 1754
785 2661
288 785
761 785
257 785
785 805
785 2592
785 1611
222 785
100 785
785 3659
785 3308
785 3360
785 1792
785 3077
785 1246
785 2964
785 2462
785 3512
785 3889
544 785
79 785
785 2561
151 785
785 3317
785 2543
785 2449
358 785
88 785
785 3699
785 1782
785 1947
785 3091
785 3469
153 785
785 1256
785 3972
785 1723
785 2307
487 785
785 1578
785 2852
603 785
51 785
785 3756
785 2589
785 2836
785 2793
785 3852
785 3712
785 3633
558 785
785 2311
785 3838
785 1739
495 785
785 3679
708 785
785 3861
553 785
785 2507
785 1197
785 976
785 3893
579 785
785 3589
785 2711
785 1525
785 3537
785 851
785 1563
785 3432
785 3059
785 3145
163 785
785 3622
785 2817
785 1158
785 2616
785 3943
785 2645
785 2466
667 785
785 1405
785 2952
474 785
44 785
785 992
785 1327
202 785
785 1346
785 3071
785 2695
785 2755
785 3569
179 785
785 1532
785 3847
785 2783
785 1958
785 3260
118 785
785 1820
785 3292
730 785
785 909
785 2867
785 2459
785 3974
785 1731
785 3759
785 2112
785 3726
785 2770
300 785
533 785
749 785
785 3991
785 2031
785 923
785 1175
785 1139
785 1330
785 1027
785 3458
785 1255
785 3438
785 3834
785 1052
785 1700
785 2186
785 2689
785 2541
785 3331
785 3879
785 2326
417 785
539 785
778 785
785 1303
785 2686
785 3075
586 785
785 1707
785 990
785 2280
785 2030
785 3787
785 1136
785 1135
785 2608
129 785
785 3188
785 2032
438 785
785 2579
785 3916
785 3892
785 1101
785 835
785 794
785 2969
785 1121
785 3099
785 3225
785 3502
785 822
589 785
785 1753
785 1641
785 1835
785 2671
785 3295
785 3224
785 2038
466 785
785 1240
785 3487
785 1813
785 2648
785 2955
785 3519
785 3367
785 3112
785 1375
785 2588
785 3728
49 785
785 2877
785 1582
785 1284
785 3872
785 2737
785 1946
785 812
785 3800
785 1085
785 3300
422 785
785 2171
785 1733
785 2128
785 2529
785 3155
700 785
785 1959
785 3923
785 3404
785 3595
350 785
785 2447
727 785
785 1864
785 1807
785 2971
785 3427
785 1727
785 1289
785 3999
785 807
785 1568
785 1784
785 3009
785 891
785 1780
785 2685
785 3779
12 785
785 3881
785 1201
757 785
785 2993
687 785
785 2929
785 3981
198 785
785 1704
785 3250
785 1662
785 3614
785 2925
41 785
785 2841
785 3412
785 2738
785 3431
785 3864
785 2942
785 2401
785 1070
785 3388
785 3652
785 1935
785 2829
785 3001
785 3690
785 3122
785 2020
785 3066
785 2463
785 3750
785 3643
785 2837
785 2086
785 2779
785 2998
785 2629
785 3550
238 785
785 1518
785 2383
785 1579
414 785
741 785
703 785
785 1386
317 785
181 785
785 1478
785 2563
785 1319
785 2760
785 2286
785 937
785 3816
785 1745
785 2108
260 785
785 3969
785 1616
785 3031
785 2308
785 1760
785 2071
785 2506
785 2323
785 2666
785 2106
73 785
543 785
785 994
567 785
785 3304
523 785
331 785
785 3450
431 785
673 785
785 2408
785 2304
785 3047
785 1427
785 3053
329 785
785 2946
785 3945
785 808
785 1659
458 785
785 1633
785 3897
785 1498
785 798
689 785
785 1036
785 3723
785 1361
785 1907
785 2732
785 3635
785 1613
785 2229
785 2387
785 2243
785 2211
785 3127
785 1438
276 785
214 785
785 1954
785 3380
785 2369
559 785
785 3173
785 1925
785 1572
785 1592
785 1664
785 2363
785 1426
527 785
785 1277
785 873
785 2781
785 2492
785 1485
785 3426
785 1318
785 3660
785 834
785 1972
785 2230
341 785
785 2139
441 785
785 3641
785 3219
785 3403
750 785
785 1077
785 2872
785 3926
785 1542
785 2919
785 2337
785 2366
462 785
785 1138
785 3938
785 1421
785 3688
785 3369
785 1550
785 1857
692 785
785 1810
785 3771
785 3791
785 2083
785 3596
785 3932
785 862
117 785
785 3513
785 1529
785 2609
785 1164
785 3391
597 785
785 2602
785 2150
785 3827
785 1035
785 1696
714 785
785 2228
745 785
785 1437
785 3640
785 2913
221 785
785 1585
785 2700
785 2365
785 1025
785 1299
123 785
785 2885
583 785
785 1523
785 2024
785 826
785 3610
785 3706
22 785
785 1004
785 3137
785 3599
785 1013
785 3306
785 787
503 785
785 3621
785 2396
785 3163
785 1432
785 791
785 2973
785 973
785 1640
785 2093
785 2758
785 2513
785 2143
785 3769
785 3534
785 1003
365 785
785 1476
785 1064
143 785
522 785
785 849
785 2546
695 785
785 2315
297 785
785 1198
785 3475
785 3123
785 3187
785 3244
785 2265
785 1732
785 1441
785 3989
386 785
785 1629
80 785
204 785
785 3012
785 1444
785 3374
785 1764
785 1774
785 1347
785 1942
785 1156
785 2189
785 2218
785 3283
785 2111
464 785
785 3510
785 3740
785 3554
785 920
785 3257
785 915
785 983
785 841
785 1624
785 1982
785 2547
785 1056
785 1885
785 1983
785 1962
785 3639
93 785
785 1033
622 785
785 2806
785 3166
785 1737
785 2285
785 2664
785 2090
165 785
785 2866
785 2799
785 3124
785 1001
164 785
785 3745
785 3351
785 3714
562 785
454 785
785 1141
785 2195
785 1191
785 2292
785 2744
785 2626
785 2965
785 1517
785 2763
785 3210
785 2439
785 2433
785 2655
785 3185
785 2979
56 785
785 1117
228 785
785 3648
785 1547
785 2355
785 1658
785 3904
785 1112
785 3345
785 1772
785 2274
746 785
785 3209
785 2519
785 3704
785 2103
785 2791
785 2920
785 2667
785 2794
666 785
61 785
785 1089
785 2620
785 1522
785 1702
785 3581
785 1109
785 2772
785 2250
785 3576
248 785
262 785
785 3115
604 785
785 1924
785 1181
785 1505
785 1417
785 2347
154 785
785 3241
785 1381
785 2239
785 3105
785 3835
785 1314
184 785
785 3379
785 2004
785 1898
785 1615
785 2027
785 1919
785 2242
566 785
785 3871
785 1237
785 1226
334 785
316 785
785 1364
785 2601
27 785
785 3310
148 785
785 3054
785 2809
785 913
785 3030
785 1546
751 785
760 785
785 1986
785 3934
785 936
785 879
785 1920
785 1892
785 2843
785 1607
785 890
785 1250
785 2669
451 785
359 785
785 2676
785 2736
785 1863
785 2060
785 1119
683 785
201 785
785 1591
785 2273
785 1917
785 2081
785 2426
785 2330
493 785
785 1041
785 3378
785 2986
388 785
785 1944
785 2485
785 2863
785 1930
785 904
691 785
264 785
785 3668
785 3010
785 2234
785 3763
193 785
785 987
194 785
570 785
785 3459
362 785
785 1316
785 3256
195 785
785 1887
785 2494
785 2870
785 1333
785 1541
785 3341
785 970
785 3174
785 972
785 3547
617 785
785 3401
785 3483
785 3192
785 1905
47 785
785 2900
785 1985
785 2001
785 1929
785 1037
785 2068
785 1073
132 785
785 1157
785 3109
70 785
785 3097
785 3434
785 2921
785 3696
785 3701
785 1977
785 2924
87 785
785 2258
785 3674
785 3110
785 3108
144 785
346 785
785 2641
785 1306
785 3853
785 3069
484 785
785 2318
785 3895
342 785
785 1257
785 2454
785 2853
785 2643
399 785
785 1243
785 2241
390 785
785 2225
785 2196
785 2317
785 3517
455 785
785 1338
785 892
1 785
785 2191
785 2101
785 3439
785 2378
785 1557
145 785
785 997
62 785
785 3416
785 1601
785 3126
785 3307
176 785
496 785
511 785
71 785
785 1014
785 3215
699 785
785 3294
785 3449
785 1133
785 3415
785 1408
785 3669
785 2236
785 1357
785 2748
785 3376
785 3254
785 1383
785 1080
206 785
785 3869
785 3736
785 2414
785 1026
785 1644
147 785
785 2180
627 785
785 2733
785 1981
785 939
785 3151
146 785
785 2957
785 3040
785 2157
345 785
785 2395
785 2334
785 2537
785 3430
785 3535
785 2526
785 1978
785 2054
785 1032
785 928
785 3836
785 2508
785 3925
785 2184
785 2573
785 2765
785 2725
785 3797
785 2640
670 785
785 1414
785 2784
785 3314
785 2675
785 1146
785 3689
58 785
785 3986
785 3667
785 2415
785 897
785 3560
785 1909
785 3424
785 1214
785 2500
785 1285
785 3976
785 2251
785 845
785 3542
785 1034
785 1496
785 2871
785 3199
785 1459
785 2983
785 3482
785 1709
785 3905
631 785
785 1509
785 3293
785 3245
785 2696
785 986
785 1980
72 785
785 2351
785 1836
785 1823
785 2302
160 785
765 785
785 1870
785 3882
785 1385
272 785
785 2941
785 3551
785 3191
785 3086
785 2981
785 1576
86 785
785 1744
785 2545
785 1603
785 1072
785 3654
785 2864
785 2832
785 1149
718 785
785 2719
785 1625
158 785
785 2553
785 1618
785 1631
785 3468
785 3865
785 1103
785 1377
785 3312
460 785
290 785
785 3153
785 3842
479 785
785 2833
785 858
785 1914
785 3612
393 785
785 820
785 2938
785 2846
785 1219
378 785
785 3894
785 1463
785 3057
785 931
785 3975
785 3883
785 3803
785 2528
785 1722
785 3336
385 785
785 2812
785 1467
785 1283
785 1943
239 785
785 2642
785 981
785 2879
94 785
785 1960
785 2240
785 932
785 2430
785 1492
785 1756
785 1404
785 3289
785 1893
785 3971
785 1114
785 3406
785 3287
785 3574
785 3783
785 2324
785 3540
785 3767
785 1486
785 1921
785 1263
785 2902
785 3382
785 2152
785 3034
785 1023
785 2803
785 3433
785 1416
785 3739
785 3778
785 1320
785 2692
104 785
560 785
785 1688
785 3041
785 1379
785 3768
785 2735
785 3362
785 1190
785 2064
744 785
83 785
785 1806
785 2639
785 2177
785 3711
785 1716
785 3948
785 3349
368 785
785 2638
785 1324
785 3824
785 2583
785 1726
785 3752
424 785
785 1865
785 3631
785 1693
785 1100
530 785
69 785
785 3629
785 3168
785 3227
785 1814
785 1771
21 785
142 785
785 3849
785 3957
785 2469
785 2072
785 2297
785 1171
785 786
785 3299
785 3924
785 2788
785 2523
785 3958
785 1184
785 1021
696 785
785 912
785 2980
785 3584
785 1287
785 2844
509 785
337 785
785 1163
785 3792
785 984
785 1305
785 1537
785 2102
785 1430
785 1410
785 3520
785 2175
785 1900
785 2718
513 785
785 1560
771 785
785 3709
785 3056
785 1787
785 1222
785 3545
785 3653
785 2336
785 1061
440 785
785 2154
785 2714
785 2487
637 785
482 785
785 2504
785 2596
785 2144
785 3840
773 785
785 3724
785 1996
785 2605
785 1837
785 3531
785 2389
785 1403
785 2631
785 1811
785 2065
785 2987
785 3636
785 2511
785 2988
785 3239
785 1130
785 3516
785 3851
785 2008
785 3400
785 1125
785 860
785 1531
653 785
785 3002
785 1048
768 785
785 2348
785 1577
785 2245
340 785
785 3686
2 785
713 785
785 3616
785 1844
785 3673
785 955
785 836
785 1854
785 838
681 785
785 1669
785 2724
187 785
112 785
785 1852
785 1894
785 2120
785 1173
785 3896
506 785
785 876
785 1988
785 2127
225 785
785 867
785 3804
785 1718
5 785
785 3421
785 1341
210 785
785 2710
785 2931
258 785
785 3530
785 929
785 943
785 2248
785 3236
785 3903
410 785
785 1166
785 1450
785 2333
178 785
729 785
785 2768
9 785
785 830
173 785
785 1206
785 3282
785 3713
557 785
785 2005
785 2475
241 785
785 3147
116 785
785 1187
785 2956
785 3663
785 3265
785 3359
785 1763
785 3732
785 2281
618 785
785 1804
785 2269
785 1886
785 3983
785 1503
672 785
785 3725
785 1067
785 3478
785 2658
785 821
785 1686
555 785
785 3645
785 3366
314 785
785 2944
785 2570
785 1431
785 3128
50 785
785 1969
785 2894
785 1602
661 785
39 785
785 1062
785 1204
785 1858
785 1055
18 785
785 2290
785 2443
785 1829
785 3038
785 1212
785 1883
785 2472
34 785
785 2055
785 1648
240 785
676 785
688 785
785 3327
785 2386
785 1231
785 1298
664 785
785 3593
785 1923
785 3165
19 785
785 1973
785 2388
785 2889
785 2595
785 2073
785 2444
785 3789
783 785
628 785
785 1899
785 1495
785 2985
785 3370
785 1987
785 3947
29 785
785 2634
785 3451
725 785
785 1927
785 2410
168 785
785 4000
207 785
785 3521
785 2303
242 785
785 951
785 3402
785 2373
785 1608
785 1161
785 1038
785 3755
450 785
785 3259
785 1165
111 785
785 3876
785 2659
488 785
785 3885
472 785
785 3859
705 785
785 2043
785 1337
382 785
638 785
785 3429
109 785
785 2423
785 921
296 785
785 2382
785 2159
785 2890
785 1833
785 3774
320 785
575 785
785 1071
785 1511
785 1412
785 1559
785 2674
785 3977
785 2804
785 3135
185 785
785 1005
785 1194
785 2624
599 785
785 3150
785 3132
785 2679
491 785
785 1500
785 3263
785 3718
785 2976
785 935
785 2795
785 3228
20 785
785 3715
785 2117
785 3856
712 785
785 1699
785 3039
785 3268
785 2762
785 2216
785 3577
785 1866
785 2542
785 985
785 3541
785 1399
64 785
785 3048
785 914
785 1258
785 2238
247 785
785 1979
785 2963
335 785
785 1082
785 2192
785 2977
785 1735
785 1906
785 2205
785 3339
126 785
785 2464
785 3320
785 2259
785 1380
785 3582
785 2574
785 888
785 2346
785 3734
785 3029
785 1307
785 3950
785 3914
785 2970
785 1126
190 785
785 1668
785 2628
785 2874
785 2398
785 2026
785 3262
785 2623
785 1264
785 1606
785 1705
785 1650
785 1227
785 1242
785 3626
124 785
785 2237
785 901
492 785
785 3801
416 785
785 1749
785 925
785 1963
785 2532
785 2481
785 1229
785 3093
785 1940
463 785
785 1604
785 3578
785 3777
785 2016
785 3839
256 785
785 1017
785 1313
785 1465
785 2922
785 3798
785 3717
785 3162
785 1186
785 2224
447 785
785 2910
785 2928
785 1153
785 1729
785 2892
785 827
785 1710
785 1762
785 2954
785 2593
785 3357
785 2275
785 1428
785 916
785 1069
785 1692
785 2496
785 2769
785 3552
785 1768
785 3286
785 3028
371 785
785 3765
398 785
785 2403
785 2340
785 3384
45 785
785 3189
785 3539
785 2411
785 3558
785 1274
299 785
785 3455
785 3949
785 3266
43 785
785 2368
785 3874
785 2578
785 1826
785 3381
785 2039
785 3867
785 1912
785 2778
785 1095
785 1776
785 2797
785 1047
785 3846
785 1684
785 3063
785 1597
785 2310
785 1713
785 3334
785 2283
785 2823
785 3014
77 785
785 2637
785 3485
785 1010
674 785
468 785
785 1334
785 1150
785 3961
659 785
785 2630
785 883
535 785
785 1765
785 1328
785 2381
785 1376
785 2550
785 1513
785 2132
785 2493
785 2385
785 3196
785 2393
607 785
4 785
785 1155
37 785
785 2994
785 2729
785 2842
785 3055
785 1882
785 2911
612 785
785 3671
785 2618
357 785
785 2521
785 863
785 2309
785 964
785 3990
785 3567
785 2882
785 2217
785 1951
785 945
611 785
302 785
286 785
785 2557
785 3556
785 3543
294 785
785 1481
785 2761
785 1493
478 785
785 2961
785 2471
785 1280
785 2632
135 785
785 2824
785 3967
785 3602
785 2418
785 1420
785 2558
785 1571
785 3180
360 785
654 785
785 1913
785 803
90 785
785 2197
785 2130
336 785
785 1012
785 1205
785 3267
785 1645
785 1371
785 1902
785 908
785 3102
785 2693
307 785
339 785
785 1050
785 2972
785 801
785 3407
785 2766
785 3397
785 1561
785 1675
520 785
785 3008
785 2483
785 1869
785 2798
785 2367
785 2331
772 785
785 2007
634 785
785 790
785 2933
593 785
548 785
785 2904
785 1520
785 3309
785 3960
785 1573
785 1861
785 949
592 785
785 3700
785 2173
785 3609
785 3121
785 2789
785 1477
785 2440
754 785
785 1903
785 1253
303 785
785 2009
23 785
785 2891
236 785
785 3751
785 1402
785 3443
785 2967
785 3505
785 3198
785 3812
785 3795
785 3226
785 2505
785 2670
785 3805
785 3775
785 3585
785 2399
785 3291
785 3829
785 2727
486 785
443 785
715 785
785 3222
785 1029
785 1006
785 2876
785 2886
785 1292
785 1030
785 2400
785 887
785 3764
785 3437
785 2187
785 1279
785 2163
785 3161
785 2276
325 785
785 952
785 2249
785 3956
785 1358
785 3298
785 3628
406 785
785 871
785 2906
376 785
785 2774
785 3488
770 785
785 2726
785 2813
310 785
785 2041
785 877
785 1230
785 3461
785 1336
785 1750
785 975
785 3171
785 1536
24 785
785 3107
269 785
785 1220
785 1457
785 3398
785 3907
231 785
656 785
785 3664
616 785
785 1215
54 785
63 785
785 3802
785 1394
785 2767
785 3527
563 785
103 785
785 3470
110 785
785 2975
785 2047
785 3270
785 3857
785 3114
785 2126
785 2392
785 1966
785 3952
785 1396
785 2233
785 2989
33 785
785 3275
785 1471
785 1677
785 3909
785 3414
785 3573
785 3211
785 2210
785 1682
785 1259
785 1202
338 785
233 785
785 2576
785 3157
457 785
635 785
785 1203
785 3841
785 3598
785 3136
785 2926
785 3766
785 3159
785 2694
400 785
785 2051
785 2025
693 785
785 2479
785 1278
785 1162
785 3474
785 1501
785 1059
785 2654
785 1137
785 2544
785 1238
785 3170
785 2260
483 785
785 2078
719 785
785 2625
430 785
785 3144
785 3205
785 815
11 785
785 3471
785 2627
698 785
785 2731
785 1326
785 3348
125 785
785 2344
785 2350
785 2017
785 1653
785 1134
785 1124
785 1044
785 2343
785 1419
785 1209
785 2716
716 785
785 2165
785 1340
81 785
785 2617
785 1976
785 2320
785 1888
785 2577
785 3441
785 1724
785 942
785 1880
785 1312
785 2723
785 3627
499 785
785 962
122 785
785 1393
785 3072
785 3120
785 1689
785 3442
785 1785
785 2045
785 1367
402 785
785 2114
353 785
367 785
785 1083
785 1291
309 785
785 3240
625 785
728 785
785 1451
785 2000
785 3790
785 2497
785 1345
785 3140
785 3156
785 2002
785 1355
785 2138
785 2564
785 1290
785 866
785 1470
785 1271
498 785
785 2515
785 3503
785 2100
785 2147
785 1697
785 1189
150 785
785 1108
245 785
551 785
785 3601
785 3274
785 3716
785 1087
363 785
785 831
785 2096
785 3111
785 2600
785 2453
785 2490
785 3193
209 785
157 785
785 1092
785 1994
785 3338
526 785
785 3329
785 2312
785 3425
298 785
426 785
785 811
785 893
785 2075
785 2300
785 3678
785 3875
785 2207
785 2834
785 2390
785 3848
152 785
267 785
785 993
220 785
785 3204
785 3082
497 785
785 2898
183 785
785 2070
785 1984
785 1489
785 1213
785 2491
785 2652
678 785
128 785
785 2845
785 2470
600 785
785 2436
785 2335
785 1795
785 3363
785 2252
785 1218
413 785
785 1719
785 2342
732 785
785 1598
785 1674
785 1786
785 2501
785 2960
564 785
785 3342
17 785
785 1360
785 1406
785 2018
785 1107
785 795
785 1245
785 2194
785 1759
529 785
785 1967
785 2202
785 1129
785 3720
785 1817
785 3862
785 3387
785 2264
327 785
538 785
235 785
322 785
785 1680
785 1805
785 3890
785 1711
785 2619
785 1638
785 934
785 1244
305 785
785 3507
785 1411
785 3942
785 2087
785 1424
785 2105
223 785
785 1370
785 3435
785 2305
785 2510
785 1746
785 1876
785 3886
785 3420
759 785
785 3831
785 1487
785 2384
785 3202
785 1104
785 3119
785 3484
785 2918
572 785
373 785
137 785
767 785
785 2314
785 1239
785 2137
76 785
785 1819
785 1998
785 3568
349 785
133 785
785 1779
785 1767
304 785
785 1632
785 3799
785 1418
74 785
686 785
372 785
785 2677
785 2428
785 1374
785 3409
785 3305
785 2094
785 1020
785 2615
785 3472
679 785
785 2859
785 1269
785 3729
785 1690
785 1322
785 3440
785 1728
250 785
785 3361
785 884
785 1879
585 785
785 1265
785 2707
785 2603
28 785
171 785
785 1183
785 3296
785 3586
785 1910
785 2455
785 1948
785 2437
785 2945
785 2158
203 785
785 2646
785 3197
785 1057
782 785
785 1475
785 3285
785 2476
785 1221
169 785
785 1667
170 785
149 785
785 3758
785 2822
785 3658
343 785
785 1076
785 3221
785 3906
785 1875
785 1853
89 785
785 3538
785 3313
785 1317
785 3591
785 3587
785 1372
785 3033
785 1828
166 785
785 797
785 3575
785 1440
785 2474
785 2522
785 3015
785 1533
785 902
785 2717
785 2034
785 3410
785 2405
785 870
785 2417
785 1473
785 3946
571 785
756 785
785 3042
785 1461
218 785
644 785
785 3572
785 1691
785 2013
379 785
785 2261
785 1564
650 785
785 3845
785 1497
785 3617
785 1423
785 3232
785 799
785 966
785 1655
251 785
785 1565
785 1798
785 1884
785 3741
785 2451
785 2750
577 785
59 785
785 2662
785 960
785 3625
748 785
785 1389
785 2520
785 1282
177 785
785 1373
785 2380
96 785
584 785
711 785
108 785
785 2135
547 785
785 3499
785 2048
648 785
785 1672
785 2838
785 954
785 2119
785 1113
287 785
785 1362
785 1040
608 785
67 785
785 2818
785 1454
785 2074
785 1464
785 1649
785 1872
785 2088
785 3891
785 1224
785 846
785 2861
785 1975
420 785
569 785
785 2221
471 785
626 785
785 2704
785 3024
785 3315
508 785
785 2776
237 785
785 2452
785 1734
785 2084
785 1261
785 1350
785 3280
785 3843
785 3919
785 1627
785 2796
785 1066
785 2916
785 2701
785 2862
785 3677
785 3448
785 2291
785 3235
502 785
785 3571
785 1773
785 2328
785 2653
785 3271
785 3794
785 3525
785 2749
785 1446
785 1152
65 785
785 989
777 785
785 2446
640 785
785 3656
785 2167
785 980
785 1530
785 1721
662 785
752 785
785 2201
785 1453
785 2146
785 3662
785 3917
785 1769
91 785
785 1752
84 785
785 2535
785 3666
785 1660
785 2580
785 1683
785 2706
785 3491
785 2341
669 785
643 785
785 963
102 785
785 3819
216 785
785 3646
785 1236
785 2712
380 785
785 1447
785 2512
785 1656
785 3993
588 785
785 1425
785 2053
785 2720
785 2865
601 785
785 1926
785 1144
785 1275
785 1208
785 3615
785 967
785 864
785 2141
785 3261
785 3462
785 3632
785 2887
281 785
785 2682
785 842
785 1170
785 2888
785 2362
785 2282
785 3184
785 2607
785 3454
785 1521
785 3693
785 2099
785 2610
785 2431
785 1871
785 3496
403 785
785 2811
785 1123
785 1288
785 1915
514 785
785 2936
525 785
785 3683
785 2611
291 785
785 3146
785 2549
632 785
785 1388
785 1436
785 2554
785 1933
785 1429
785 3742
785 3536
785 961
785 3021
785 1000
785 3524
785 809
785 2777
785 2947
785 1315
785 2488
785 2614
785 1539
439 785
785 1832
785 3619
785 3912
785 3465
785 3657
434 785
785 1801
785 2687
785 3172
785 853
785 1217
785 2425
561 785
75 785
428 785
785 996
738 785
785 2742
785 1635
785 859
785 3970
785 3279
208 785
785 1605
785 1442
785 3913
785 2705
227 785
155 785
25 785
785 3411
785 926
785 2657
785 2848
785 3195
785 3080
785 1685
785 2934
785 2085
785 3182
785 2372
785 2435
785 2690
785 2294
785 1293
785 2480
785 1816
785 1270
785 2935
785 2665
785 3117
785 2046
785 1841
785 998
785 2621
785 2402
785 3514
785 3463
785 804
785 2978
785 3588
785 2267
740 785
31 785
785 3941
646 785
785 3780
785 2089
785 1339
785 2412
785 2298
785 3495
785 2587
785 2825
785 2681
785 2033
785 1400
785 3793
785 3131
785 1720
785 3035
785 1701
785 2741
785 3337
785 1956
785 2445
785 1931
330 785
785 3544
412 785
785 1862
785 3477
785 1874
785 2939
785 3148
785 1770
785 3068
785 3490
785 1642
785 2708
785 3385
785 3959
785 1989
785 872
785 946
785 2635
605 785
785 1294
785 1480
785 2427
140 785
200 785
528 785
785 3076
785 1090
785 2460
785 3637
785 2339
785 2581
785 3813
261 785
785 1843
785 1145
785 3103
785 1469
598 785
785 3953
785 2284
785 2948
785 1665
785 3473
785 2394
785 1199
785 2272
785 3868
785 2771
162 785
38 785
785 2518
785 3996
217 785
785 1216
785 2232
785 1433
785 3371
785 957
785 3176
785 2575
785 889
785 2569
785 2849
785 2057
785 2923
785 3564
172 785
785 1331
785 3486
785 3781
620 785
785 2468
785 2680
254 785
785 1993
785 3230
785 1223
138 785
785 3423
785 3467
785 3269
785 3356
785 3083
785 2802
785 1249
785 3910
785 3557
271 785
785 825
785 1169
785 3954
785 1354
785 3506
785 1594
418 785
785 1019
785 3649
785 2730
270 785
461 785
785 3177
785 3747
785 2820
785 3113
785 1507
785 3501
785 1587
785 3419
785 788
785 2857
785 3773
702 785
785 2565
595 785
301 785
785 1918
606 785
785 1757
785 3087
785 1178
747 785
356 785
785 3927
785 2715
785 1514
785 3500
785 3528
785 1671
785 3680
785 3966
785 3901
313 785
265 785
785 3088
785 2810
785 3828
188 785
785 1840
785 2329
785 3935
785 2780
97 785
785 3061
785 2107
766 785
785 3722
785 3284
785 1415
785 3052
785 3583
189 785
690 785
614 785
785 2990
785 2023
266 785
465 785
249 785
785 2246
435 785
785 1099
785 1180
785 2598
48 785
785 1127
785 2953
785 2951
785 1790
785 1936
785 3823
785 1758
580 785
785 1254
