3999
1218 2428
416 871
775 1941
911 1340
2397 3333
2307 3252
1894 2679
1074 2845
232 976
941 1501
194 827
3543 3802
2839 3730
2622 3164
754 1270
3145 3969
810 2604
2980 3448
55 1111
2150 3726
1091 3302
646 1744
3020 3190
3668 3778
352 3644
1400 3977
2271 2617
1846 3419
1909 2218
1353 1977
2245 3019
3039 3504
449 3180
109 1333
1107 1591
942 2169
3028 3629
1 439
1771 3664
1538 1568
1506 1644
24 430
550 872
1493 2861
1707 1932
165 387
2347 3066
1090 2937
769 3428
1159 3287
1804 2924
1492 3809
674 3404
2142 3318
1747 3072
1009 3551
673 2801
1534 2893
302 1169
2026 3500
391 3925
246 1783
1810 2570
1119 2466
1969 2385
572 3288
1733 3696
2099 3887
384 3122
682 3750
924 2145
2915 3875
1128 3587
558 2128
949 3542
531 3880
1591 3089
2590 3714
535 2789
84 3984
258 3743
1787 2694
2773 3171
1336 2312
979 3493
1535 2810
1470 1606
2028 2806
913 2248
1274 2390
2402 2976
593 1018
1641 2284
159 1365
606 1604
1484 2886
1217 1474
2689 2981
702 1832
1298 1752
1013 1349
190 751
759 1155
1840 3879
967 3939
3024 3451
2421 3793
3025 3401
963 2504
1344 3986
444 2391
2096 3913
3132 3518
293 1142
826 1774
1901 3642
1414 2174
2068 3771
1149 2219
1888 3658
2014 2554
2327 2568
1912 1996
1859 3524
497 1464
1131 3482
2447 2965
744 2231
3218 3534
1744 2273
1388 2832
601 1365
719 1210
1100 1572
132 3298
1850 2576
224 2604
2737 2879
1371 2985
3019 3293
1022 3812
2542 3003
2329 3084
130 3081
449 2493
1498 2527
3068 3360
148 2129
618 1329
927 2431
393 3455
2004 2865
1092 1725
644 1967
1062 1499
800 3342
645 2734
1396 3582
2904 3726
999 1596
2269 3803
267 1174
616 3240
2662 2672
2351 3554
1027 3693
709 2453
914 3738
313 956
309 3406
455 1982
1102 1154
1727 3159
1446 1841
908 1075
2091 2821
787 2171
778 2324
881 1003
1068 2548
594 993
650 731
2265 3409
2021 2235
1174 3395
899 2614
2873 3371
1360 2850
1151 3868
1242 2844
86 567
103 143
3837 3960
1764 2799
2017 3151
2215 3371
496 1021
1802 2560
2508 3328
1307 3123
1066 2158
1485 1864
571 2840
2233 3425
2632 3424
2084 2726
110 139
750 2412
521 1008
1577 1658
1681 3328
2338 3674
3051 3122
270 2515
1966 3799
1790 2180
465 3903
1942 2966
2302 2948
639 1539
643 929
2807 3353
1452 3012
2005 2307
9 3060
283 351
2466 3110
780 2369
3346 3792
390 856
513 3560
3099 3123
2945 3442
1508 2387
3301 3853
1646 2238
1237 3409
2948 3114
600 926
691 2778
1749 3144
201 2849
1741 2976
1919 2479
422 3688
3446 3516
2629 3956
900 2265
1144 3471
2924 3924
1666 3985
1226 2219
1217 1252
2241 2322
1549 2121
2546 3830
94 2225
822 3350
1418 3426
1734 2378
577 843
37 3862
2539 3499
1384 3198
231 3538
1389 3418
1033 2285
762 1958
2056 3854
1751 3835
1984 3637
1292 3763
1916 3522
1136 1390
1330 3580
2918 3146
1927 3723
784 794
2275 3174
2127 3263
1857 2727
185 3874
162 3619
1716 2113
901 1408
834 2176
435 1805
3121 3187
1887 2700
3255 3930
1309 2831
1243 2952
1751 3729
1377 1483
1289 2585
1943 2589
955 3877
2242 2351
1197 2666
670 1223
632 1004
2782 2896
3615 3721
1546 3528
1487 3168
1310 3674
393 3099
426 3026
871 2618
934 2572
280 1191
594 3279
574 3593
865 2274
2430 3895
1545 1895
1260 2557
606 2324
2043 3780
410 2650
2505 3700
683 1763
1689 2015
1390 3504
1430 2992
2892 3748
127 3469
2751 3954
1191 3706
728 2191
1086 1614
180 3542
867 1056
135 765
755 2760
1348 2126
1720 2804
1652 3130
1773 3813
1638 2148
563 1800
910 2955
1008 3814
729 2159
908 1921
1695 3130
2082 2913
2684 2867
1923 3178
1125 3203
446 1621
2482 2848
77 2964
1678 2563
248 2974
172 1467
809 1244
3656 3941
92 2172
40 1384
1496 1960
587 3112
147 2384
2242 2259
2774 3356
1133 1469
2593 2713
936 2061
3466 3714
2927 3194
2009 2263
475 1834
3258 3544
983 1141
229 1587
2051 3456
111 3888
98 1370
1319 3891
521 2116
1059 1076
463 1445
2203 2838
792 2426
789 2676
106 598
1765 3508
1624 1818
386 696
1224 2083
2110 3645
185 3058
608 2565
1349 2431
1784 3828
350 2216
1334 3351
1542 2811
3891 3938
1124 1640
1634 3100
1675 3399
39 1341
2890 3717
132 2178
2407 3764
2220 3642
113 815
1758 3623
3 3697
82 1685
2842 3767
2412 3531
1713 2639
210 1360
333 1989
395 3155
417 3666
2051 2853
2101 3204
1766 2849
1853 2887
3315 3452
598 3751
653 3526
114 3185
3713 3990
2620 3177
941 2480
1233 2011
1267 2214
1276 3572
93 3679
118 3251
3055 3323
1013 3753
2422 2547
1014 3500
2419 2964
693 772
2540 3836
687 1621
1740 3076
1132 2297
1488 2461
574 2781
627 1254
1432 3346
664 1177
620 638
1045 2103
1126 2993
1722 3487
951 1736
470 3007
1930 3791
1448 3307
1280 3537
1636 2878
2282 3480
646 3483
1011 2429
3384 3413
638 1342
2297 2933
1626 3285
1260 3993
1017 1517
335 2910
298 3496
2229 3083
301 3179
2826 2942
1327 2708
125 2611
182 2452
996 3190
1392 3780
451 1247
1705 2221
1630 2911
1646 2137
81 2456
1368 1548
1773 3842
2591 3561
131 410
1754 3026
964 3483
919 3237
1833 3175
1052 1208
825 2344
167 1903
280 870
2809 3746
13 588
433 1184
181 3035
1667 2342
2981 3910
557 2254
1661 2106
692 3896
3048 3143
187 2935
968 2166
1818 2688
1673 2252
546 3275
509 1512
1252 3361
849 2999
126 207
835 837
2871 3408
1815 2588
461 768
2690 2700
2022 2275
3293 3619
1560 2068
3074 3988
370 2722
1248 1600
1413 3287
1966 3740
112 1788
2224 3926
1064 3551
281 2647
1842 2321
9 1706
1223 2503
2283 3814
2585 2770
704 1870
2181 2435
1952 2040
437 3545
848 2039
868 3501
1864 1897
53 3464
1246 1898
2519 3379
425 3698
51 2098
3082 3475
731 2205
804 2091
2211 3549
289 828
1178 2921
235 1755
2930 3348
726 2070
950 3555
669 1092
510 3769
1847 3050
188 3834
477 667
1000 3906
1656 3306
1627 1664
1439 1615
2075 2323
3056 3593
855 1908
3129 3628
2399 3335
268 1911
761 1859
1921 3411
1816 2243
579 3462
734 1772
1842 2354
763 3414
3013 3576
128 993
457 3815
3434 3861
373 3001
2868 3481
3006 3085
3872 3916
2897 3669
124 331
148 2053
261 2202
1696 3851
2509 3286
41 711
1944 2748
3063 3897
2042 2771
1268 3645
199 2132
707 3607
889 2037
471 2489
660 2167
1890 2490
696 815
1788 2822
1656 2488
18 2963
1456 2520
1324 2398
615 3882
46 1414
2499 3598
1825 3553
533 1028
871 1664
559 3236
1956 3448
2959 3968
100 1088
54 699
1995 3595
1465 2198
2730 2764
2116 2368
2079 3169
828 3078
1036 3499
560 3849
1922 3864
903 3976
1058 1099
20 1072
1488 3581
689 2350
3044 3244
1907 1997
971 1953
491 633
988 1609
144 2287
87 1009
979 1912
47 721
454 2961
1953 3148
2709 3146
47 1899
714 1475
799 1835
160 1232
2192 2200
1101 1417
2217 3280
436 1719
1900 3458
730 2732
2097 2931
2928 3013
700 3076
921 3452
2077 2950
26 683
2064 2642
1613 3098
2059 2279
3081 3989
1284 2308
1985 2335
3185 3568
1213 3466
58 3584
2284 2516
1273 1539
1193 2506
2384 2667
1902 2356
2086 2346
1117 2798
937 3869
337 2153
1325 2354
994 3567
587 1221
122 3482
3325 3800
2 3583
1196 2049
1866 2433
288 2958
237 1840
1225 1774
398 3192
2328 2785
222 2169
208 928
488 2682
360 2639
476 3020
1493 1562
133 174
8 2485
1207 3054
401 3698
138 1302
372 1952
1691 1843
1583 2944
869 1199
2365 2665
912 2489
1726 2204
1692 3179
2339 3851
1197 3737
3118 3806
57 3860
2234 2846
1897 1940
1595 3973
1531 3562
295 3023
1413 2919
2274 3614
1352 3684
1241 1364
1324 2683
2024 2055
49 2729
2761 3208
2640 2659
665 2668
1785 2047
1344 1503
3027 3736
2208 3784
1525 3445
1294 2452
670 2969
1747 2076
1233 2725
2664 3309
1271 2707
729 2517
486 1668
955 1288
553 3996
939 1964
2438 3334
115 3384
1436 3579
1954 3134
83 278
368 2210
2253 3438
1186 3979
415 2895
1306 3263
157 3203
1320 2553
997 2738
59 2160
65 2215
2677 3742
2388 3284
316 952
756 2114
1274 1849
1700 2042
1278 2652
317 1143
529 2011
446 1115
3298 3382
1562 3174
198 2996
3125 3940
1920 3521
1501 2883
673 1317
611 3646
1924 2818
1078 2608
344 861
2800 3478
551 1549
468 3962
688 2879
1270 1917
708 1886
737 861
1347 1381
2532 2619
735 3795
1951 3987
2607 3064
893 3994
982 1039
1771 2206
1515 3557
2432 2460
2397 2514
491 975
417 1277
1492 2903
2057 3585
932 2711
506 3613
481 1698
68 1380
1436 3719
1672 3289
2233 2285
2235 3383
1938 2825
704 3270
1420 1457
648 873
1712 3062
415 2984
771 1872
2892 3900
3521 3760
1036 1653
1032 3495
825 1644
2086 3600
1648 1742
1586 2454
2575 2730
1915 2345
371 1261
1203 3553
863 3829
3033 3338
686 1993
1528 3151
2781 2909
1635 3925
1154 1598
681 3283
3389 3457
2527 3686
336 599
212 2001
1387 3362
1605 2325
2044 2588
737 2885
809 2335
2247 2657
3372 3431
2492 2800
3796 3937
3626 3899
989 2843
2465 2595
1297 2583
766 1326
1865 3966
1308 3194
1954 3140
824 2373
191 3898
2109 3489
1681 3343
1861 2057
7 694
3224 3556
1167 1331
689 2334
724 1839
21 2078
1500 1896
781 835
1408 2945
2136 3286
597 3118
28 1760
2470 2674
1219 2216
1975 2971
44 2738
76 1631
668 780
515 1259
350 2661
1775 2834
2012 3957
1703 1819
626 1376
2934 3632
980 2502
3104 3743
2352 2521
896 1536
1564 1900
1504 1901
1628 2271
321 844
1099 3929
385 3153
760 3812
1111 2627
2299 2321
1510 3292
250 3414
179 1521
1374 2613
612 778
103 3271
1298 2830
1061 3586
2310 2940
2033 2414
814 3841
515 968
181 3460
2200 3456
1310 2722
1424 1887
186 1278
1655 2264
2006 3773
2394 3922
369 3946
2170 2600
2398 3671
801 2533
2989 3136
2756 2877
3091 3242
2856 3462
1024 3460
91 1731
1030 2932
552 698
2084 3436
2214 3798
1663 2112
1980 2208
335 380
534 1471
703 2766
1827 2212
2001 2691
2198 3664
1491 3490
110 1805
2702 3518
1593 1618
959 2197
354 765
2587 2664
74 2077
1989 2666
1247 1295
974 1535
2089 3249
2357 3943
2317 2526
63 1035
2977 3515
1219 3890
1142 3602
1256 3351
2083 2582
1480 2476
1689 2348
1054 2269
315 757
2675 2747
832 1588
1533 2905
530 3073
494 1603
1848 3432
1534 1741
2949 3155
2380 3811
1137 1829
1286 3599
1130 1969
1791 3291
3533 3715
1245 2543
3597 3799
372 1683
1081 3929
318 3757
619 3281
1874 3313
872 1272
2628 3977
2345 3326
195 3974
1459 2255
1947 3135
11 276
563 3901
2237 2446
909 3262
2616 3841
19 146
408 3047
1441 3709
1729 3693
2382 3416
1189 2382
507 887
189 348
60 1906
797 1938
476 2790
3070 3334
2721 2802
1611 3711
2194 3056
869 3274
2842 3566
2270 3984
940 2401
915 1047
1478 1532
2019 3096
3434 3525
1241 2143
2088 3547
1708 3513
1872 2896
1986 3881
1478 3875
1502 3759
1118 2078
686 1937
3474 3620
2128 2915
1830 2327
276 631
3270 3824
2848 3618
1239 1846
750 1211
3681 3942
300 2175
1199 2987
518 864
1815 3042
2149 3067
2411 3005
1301 2322
1732 2875
520 2695
1189 1559
745 1172
1868 2888
3864 3985
396 1775
514 3623
1736 2448
2841 3029
2131 3269
1262 3846
2135 3239
2016 2916
373 1538
430 685
1336 1338
499 3086
1665 3880
2878 3256
1573 2066
1495 2117
420 920
501 3850
1091 1797
4 3662
1655 3238
2125 2303
2296 3165
2134 2719
1737 3268
2013 3036
1806 3821
3304 3775
1466 2069
1103 1999
1536 2463
1589 3887
813 1876
2425 3958
1882 2677
3222 3916
32 2960
1973 3915
324 2232
1753 2037
647 2190
2594 2771
1366 2058
1372 2085
1122 3685
782 2806
136 2625
1425 2368
2841 3768
599 661
1084 1129
1432 3635
2048 3032
2689 2863
2829 3049
548 2195
255 3117
100 194
1025 2036
1220 3119
764 3697
607 710
1854 3845
946 1263
3264 3950
1940 3162
325 1067
118 2761
879 3260
1255 3193
1647 3606
497 1891
1250 3701
45 2803
806 2580
213 1845
375 1571
2420 3689
1743 3365
610 3520
3802 3858
286 1722
320 1698
3374 3509
1300 2528
146 858
718 1378
1158 3592
1852 3555
2183 3758
62 424
3041 3370
1628 3745
2908 3631
817 2599
823 3038
2288 2416
1148 1994
998 1932
562 2740
707 2701
2773 3100
620 3302
2655 3571
503 2080
2343 2636
640 3021
771 1803
3102 3380
287 795
2247 3517
1661 3102
406 1026
1529 2999
945 1073
1269 2821
939 958
3111 3377
2965 3133
1883 3124
1491 3914
636 845
1136 1240
362 2413
43 3557
2648 3749
3210 3548
2374 3453
1902 3225
1283 1375
1173 2157
1435 3394
2530 3261
1157 3847
318 3313
1586 2626
2175 3629
1472 3393
1981 3632
295 3350
684 2622
603 3909
1453 3131
3245 3444
677 3378
1037 1463
299 3809
479 2469
1911 3426
2346 3879
1976 3113
125 3022
3486 3577
610 1742
1647 1745
1051 1356
2782 2902
1746 3322
921 3512
1566 2583
1691 1860
328 892
403 2679
2724 3372
641 2156
502 634
2145 3927
523 2529
203 3971
1182 3015
22 2349
1713 1836
3085 3086
99 2518
3588 3956
90 1327
862 2114
1290 1750
1930 3115
1024 3790
442 3141
1188 3181
3000 3687
3344 3836
418 2136
1648 2654
1936 3933
1514 2110
1299 2977
1425 2702
2106 2766
526 1920
705 1674
2287 3871
1558 3601
1076 3867
1084 2182
1672 1811
756 2777
808 1253
528 727
630 3491
883 1072
1732 2513
2281 2564
1935 2798
394 2032
223 2183
3420 3900
2246 3863
1362 1837
2712 2794
2257 2995
2803 3982
2404 2684
211 2467
2749 3837
3659 3680
1826 3752
345 749
2519 2997
1195 3523
1856 3999
746 2602
1528 2170
326 2823
1853 2835
1034 2975
2063 3068
345 2364
1783 3723
2606 3017
690 3032
715 2673
254 2596
413 3206
2872 3303
1071 1096
2472 3712
590 2901
438 1125
583 3435
405 2641
1565 1779
183 3043
492 2088
1042 3221
218 3406
401 3546
1551 3079
1239 2133
768 785
758 1580
571 1880
2165 2951
1323 3976
2367 3831
1251 3502
441 2425
237 1402
2041 3202
1884 3545
910 2161
3703 3858
176 2118
1314 3608
546 2121
1254 2306
753 3339
716 1029
1571 2141
1712 2795
1027 2520
349 3663
271 1490
2407 2643
3441 3716
1120 3931
2033 2606
137 1181
498 3322
1407 2018
302 3415
2301 3490
2353 3548
1398 2093
1367 3317
733 1945
980 1779
431 1243
880 3541
1227 2682
284 1588
3404 3801
1421 2586
2910 3412
907 3833
2941 3116
1074 1914
2118 3969
105 2723
246 776
953 2232
1461 3002
193 954
292 3970
2049 2491
738 2757
2637 3058
2715 3994
1085 2330
1641 3201
2311 3731
365 2929
1447 1506
195 1873
1321 1353
1134 3702
2619 3491
1780 2177
1834 2697
2008 3786
930 2634
439 1990
3205 3874
2217 3455
469 1610
774 1100
1603 3461
319 1703
1320 3241
3131 3281
460 2894
252 695
501 1402
1020 3692
524 1250
1170 2506
902 2415
2789 3093
3074 3095
811 3660
1415 2860
2728 3278
2591 2787
2316 3016
260 2808
219 3667
3860 3963
464 657
3381 3764
723 846
451 805
991 2342
163 2971
1494 3578
2062 3540
338 1905
266 1564
2028 2898
2277 2943
1998 2290
2158 3376
1299 3142
854 2173
466 2953
1205 1379
1433 3501
2537 2799
1795 3386
1960 2375
2786 3505
538 3615
1983 2577
509 3219
2209 2881
991 2814
1061 2320
1573 2227
1224 3374
512 695
567 3628
1351 3842
2632 3383
94 1547
2406 3868
119 3716
2502 2512
642 2887
2161 2360
236 3038
142 2493
2087 3069
1843 3250
2858 3965
580 2831
1097 3395
423 474
2192 3405
1228 2013
831 3236
628 2204
89 2933
2492 2618
514 876
265 2480
2735 3659
821 3707
1787 2302
1540 3107
210 3999
330 2559
490 652
153 3305
1830 3087
791 2884
1337 1551
3467 3964
1395 2791
107 2703
266 2718
1557 2746
2494 3832
419 3425
367 1821
3265 3339
123 2418
1654 2239
260 3031
2291 2758
1228 3359
1457 3919
1089 3167
151 2550
1115 3967
2442 2629
340 827
160 848
1767 3149
2555 3963
351 1446
2340 3141
1010 3908
1831 3728
427 2318
1194 1198
1257 3585
275 685
336 2663
736 3347
573 3759
448 524
239 1718
847 3473
1835 3565
2786 3736
296 3520
2076 2394
3508 3765
72 384
1077 2162
16 3932
553 1338
889 2823
1063 1837
2060 2295
227 1198
85 471
1323 2863
2276 3238
2541 3886
2644 3627
3120 3481
1621 2772
279 3680
129 3175
700 734
2478 3220
888 1575
468 3390
862 3757
624 2482
1809 3209
362 1614
1194 1927
3760 3955
2146 3579
378 3961
1058 3849
140 3492
3230 3360
448 1623
137 3356
985 1578
2832 3582
172 2443
3016 3588
2511 2796
176 1430
1182 3884
113 2754
1375 1724
3018 3762
1200 1739
885 2562
2755 3960
948 3946
1762 1886
1322 2704
1135 2956
1392 2815
691 1235
2906 3569
609 2309
1592 2030
2775 3704
884 2569
191 2341
2349 2669
1002 2144
726 3821
2081 2851
3039 3962
1456 1608
27 3591
398 2662
860 2339
690 2603
1110 2763
485 1812
675 3583
1291 1789
1052 2615
101 3430
464 1965
1264 1410
462 1055
2696 2876
2019 3797
3530 3915
3865 3961
1168 2406
996 2737
527 2046
2830 3416
1060 1928
2534 2681
2900 3636
2882 3215
684 3539
60 75
906 3433
545 1946
443 1026
622 2499
3547 3710
629 2256
1379 2736
354 1895
205 291
569 3892
231 1790
1690 3092
1935 2801
3067 3469
3232 3443
2252 3742
38 820
15 3639
719 3920
22 3172
74 2587
989 3231
2090 3108
1418 2290
2381 2419
139 1799
3359 3397
2530 3774
945 3144
513 3911
1372 3028
2055 2430
1212 1994
273 3778
164 923
2686 3663
1019 1756
585 656
675 873
1686 3540
31 1659
28 2326
346 1617
30 3856
772 2213
1025 2994
1482 3079
2776 3340
1649 3114
1765 2103
1998 3332
741 2497
291 2484
300 2153
1095 3335
1757 2536
141 2968
972 1385
36 3176
1206 3083
1130 3910
200 678
1249 3888
1028 1888
50 2690
1235 3178
2272 3403
1165 2093
2105 3248
108 1331
2218 3538
114 3159
999 3939
1860 2663
643 3411
1822 2733
1857 2027
370 1516
3311 3451
1150 1836
228 663
2656 3624
708 3804
1909 3312
3446 3825
2313 3766
3325 3672
522 661
2304 3196
633 1097
1073 2597
1158 3377
42 1950
1844 2325
2182 2972
316 3170
922 2710
1769 2817
839 1923
1126 1590
1095 2388
2023 3341
53 2726
2427 3665
150 1728
108 2488
16 70
1311 1766
1038 3084
923 3772
2728 3884
3059 3316
1950 3721
3197 3324
44 853
152 3729
544 812
1738 3428
639 1650
1440 2854
997 1047
1419 2476
1547 2850
154 998
217 2960
2266 2475
3095 3098
133 2457
992 3677
472 949
214 2211
17 2124
902 2572
149 2100
1602 3277
1345 3574
965 3794
371 3369
674 966
2366 2537
411 3344
1279 2668
65 841
259 1185
1924 3770
329 3747
363 3507
2635 3213
2087 2680
1871 3983
582 3184
2396 2844
866 1438
946 3479
1657 1770
1582 3450
625 2644
995 2593
1607 3783
305 3390
541 1597
2496 3930
131 2793
1982 3892
256 3294
1643 2286
46 2998
259 851
2902 3327
864 1755
6 725
3061 3447
155 3321
564 3589
474 1861
1616 2633
424 2670
1204 2538
2089 2457
3597 3753
1267 1627
1467 1711
1383 3576
900 3739
1802 2563
1663 2845
1579 3271
327 3535
1517 3974
1423 1849
658 824
230 1297
1448 3090
1303 3897
301 2255
712 2522
1137 1652
1155 1157
99 3596
1065 3140
1108 2653
3437 3968
671 807
2625 2692
1437 3250
1442 3734
2939 3808
2912 3265
1318 2104
484 2775
8 293
1386 3624
238 3671
2405 2802
676 2209
915 1161
1347 1844
348 375
1582 3670
3012 3905
743 879
1541 2123
2050 2982
2244 3438
1370 3805
702 1899
2765 3008
111 1717
162 409
36 1502
193 208
3030 3777
647 3050
2714 3616
3361 3610
960 2940
122 1630
2 957
1312 3225
1162 2408
332 1904
504 1169
961 3613
1738 3658
944 3901
2557 3822
2090 3407
767 2913
1015 3349
2424 2522
2238 2278
1546 2020
2341 2966
550 2978
41 150
3580 3640
374 2390
591 931
226 3439
1277 3310
1589 2871
1083 3772
1333 3485
7 2244
2179 2951
390 3941
1639 3154
1082 2542
1592 2573
1800 3349
1808 3848
1395 3514
1729 3164
306 1776
2186 3704
19 3431
1164 1813
2056 3340
2638 3004
2039 3485
1845 3906
2432 3429
2500 3078
833 1977
2577 3945
1288 3861
445 488
326 3214
2769 2962
918 2495
1112 2633
2741 3052
1234 1637
651 2643
1532 3365
1868 2855
1262 2332
1106 1961
2101 3781
870 2736
528 1048
2555 2813
62 2014
374 1132
1075 2277
1585 2984
121 1570
485 3176
2378 3052
538 3207
1735 2716
759 766
2449 3254
717 2566
67 1637
1106 3720
981 3207
2584 3563
465 637
1522 2847
3010 3728
52 365
480 2938
679 2073
3695 3866
1012 1214
596 2080
2400 2601
3323 3746
1405 3596
952 1202
1160 3648
438 3633
2356 3945
585 1878
2893 3911
1690 2753
1034 1929
2270 3574
628 1511
2016 3807
2319 2752
3476 3600
1133 3727
310 1373
1122 2441
2162 2899
3681 3779
50 2320
391 1361
1043 1444
1715 2268
2881 3282
1704 3872
551 3894
140 3766
1784 2393
1651 2819
1341 3958
1531 3947
1039 2504
621 2758
252 3788
2421 2561
2383 2762
1428 3092
1406 1992
797 3007
843 3402
2117 3132
3264 3459
2119 2256
2858 3940
2286 3201
2185 3347
220 958
2743 3686
2646 2870
207 2401
409 3487
2586 3692
1090 1696
754 3257
2168 2661
1438 2469
112 2598
2409 3550
793 2769
14 2059
3604 3643
1366 3820
586 2852
986 1265
508 3388
81 3111
2809 2970
3297 3357
1801 2371
1153 3137
1777 2174
2102 3566
846 3981
977 3317
274 2240
1568 3002
310 2163
3355 3819
1721 3463
128 183
565 934
882 1275
1867 3492
216 1101
154 190
1107 1965
767 3080
23 2596
1109 3354
2783 3694
604 2829
319 2652
93 807
3299 3474
1795 2635
339 2970
3167 3575
1078 3517
167 3303
2140 3297
1576 2744
3379 3590
2207 3789
399 2034
1272 2909
578 2992
705 2818
1451 2745
500 2518
383 1684
334 1351
29 3034
201 1368
1793 1948
2923 3678
875 2979
1144 3388
1705 2505
1452 3477
543 2249
322 3463
3128 3211
3630 3856
929 1543
240 2660
1816 3316
1393 3333
79 822
3478 3572
153 166
1345 1622
2152 2861
66 665
1170 2874
1150 3528
3725 3949
1308 3827
1397 1796
134 2882
1237 1584
244 3639
2558 3235
721 2199
1429 2278
1232 3506
1145 3653
87 394
254 3651
255 2536
505 3709
2950 3665
340 3219
2213 2361
1761 2998
343 3036
421 820
1814 3787
1139 2074
1967 2865
536 2333
1209 3022
1721 2029
2507 3782
499 2379
2744 3571
748 3811
1544 1687
1642 2995
990 2828
1258 2475
3228 3649
984 1723
66 405
678 2779
279 3162
2759 3242
2680 3212
341 2565
577 2714
735 2658
1140 3009
1319 1361
30 3667
1450 1763
793 3108
1062 1285
1377 3059
2142 2361
169 3503
742 3248
2911 3558
1340 1936
876 1393
338 796
294 3908
98 222
1059 3127
2226 3705
217 1113
297 2377
180 3218
1612 3450
1997 3843
461 1594
377 1632
56 2181
1004 2819
1363 1851
143 659
1639 1831
2735 2768
496 1296
2461 2688
2678 3160
341 1758
123 2602
1709 3139
23 2025
909 2883
421 3611
495 1068
1145 3389
64 3385
1087 2429
12 623
1993 3850
1117 1937
1855 3750
248 2449
863 3602
2836 3233
392 1281
2794 2877
2125 3183
2226 3509
2517 2571
1093 2015
2441 3903
37 168
1221 3327
966 2314
2567 3307
1407 3247
2516 2920
1006 2658
1005 2552
1875 3570
1651 2649
1102 1222
3200 3510
653 1399
1123 2035
2458 2673
2986 3266
1019 1166
1116 3959
1481 2614
1910 3292
119 1875
2009 2817
339 2697
648 2869
324 3598
3754 3819
1714 2755
1152 3713
1700 2328
303 1165
45 352
376 2988
819 2148
1138 2903
1688 3355
2005 3510
290 1739
500 3543
1520 2912
555 3192
1686 2540
3436 3617
813 1330
904 913
353 1496
1925 2371
1440 1817
2096 2946
3306 3470
1113 2521
859 3063
1079 2166
435 3104
1926 3904
2312 2953
355 3573
182 669
1615 3505
1259 2251
856 2156
687 2448
1987 2254
1704 2990
1454 1526
504 3412
732 2266
1431 1530
455 761
1245 3320
214 2236
376 1391
1611 2420
3519 3589
120 1962
3527 3873
1682 2236
2873 3163
2941 3847
561 971
358 3838
2053 3838
953 1311
1248 3594
529 3818
1519 3274
1210 1781
2607 3921
2589 3186
402 733
2092 3995
760 892
859 987
525 832
680 1858
272 2007
1968 2567
1439 3420
264 2934
609 1939
2980 3694
275 655
220 2669
2852 2906
3150 3797
1512 2387
2041 2283
2054 3113
257 2135
184 2038
1537 2260
2827 3563
728 2698
1480 2008
1118 3782
189 555
541 2993
2280 3253
1316 1343
1415 3895
1426 3405
261 1996
25 2687
1978 3259
1010 2905
1581 2580
1391 2040
1462 3400
3103 3267
447 2313
622 3212
722 3116
2194 3972
2870 3948
2698 3506
1574 2151
1295 2991
233 1329
2623 3653
1957 2063
3117 3690
96 3735
17 1825
1264 3558
1441 3227
495 831
1728 1917
1978 3073
1410 2300
367 2812
764 1451
1434 3935
2484 2712
1542 1945
877 2022
2721 3625
2098 2665
161 566
1617 1862
1230 3177
1760 1941
1269 1483
897 3512
2481 3531
1337 3062
581 1707
1540 2994
3138 3609
1821 2942
68 1450
1177 3636
2891 3119
1193 3688
2745 3980
634 3301
917 3300
575 3568
2598 3442
2534 3783
597 2720
569 1660
2811 3672
986 1781
739 2929
377 1666
1023 3747
1863 3970
1382 1974
177 2804
196 3247
3748 3857
922 3955
369 713
2047 3072
592 895
3257 3883
489 3647
218 3634
2002 2151
644 1518
265 3519
651 1412
2742 2859
3272 3515
1786 2528
2510 2707
1470 2864
2780 3101
105 1359
790 1346
3467 3756
3027 3966
536 3341
498 3191
366 381
2336 2427
943 1175
2898 3675
2636 3166
3256 3791
982 3857
2752 3430
581 1680
938 1569
2746 3807
3419 3998
1636 2701
775 3332
2403 3392
1355 1554
2727 3080
961 1879
2385 3304
1403 3330
539 2497
544 2036
516 1282
1105 2168
121 2985
3003 3918
3046 3708
1612 3071
2651 3184
801 1949
1094 3421
976 3768
2331 3744
236 3995
387 389
2150 2921
2171 3822
3268 3606
1991 3109
1885 3852
2925 3454
2060 2552
1876 3712
452 2395
404 2988
2464 3041
1401 3338
1055 2549
85 230
80 1988
59 2628
3387 3859
1607 2435
15 221
2395 3090
2471 3432
857 2812
75 1104
124 2415
1020 2816
1218 3993
328 3364
11 602
890 3227
1699 2558
314 2206
1970 2021
2759 3009
1596 3998
343 1012
77 453
2468 3034
897 2754
757 2968
2159 3136
2740 3439
1808 3612
1702 3620
2155 3646
1409 3373
1387 1605
1620 2972
1134 1222
2048 2564
242 2732
706 1211
3077 3282
1206 1244
931 2329
303 723
1881 2828
2927 3353
2207 3148
423 804
1179 1972
532 3014
1280 2376
1284 2780
896 2611
2857 3577
1190 3459
73 887
82 2575
1411 2914
97 2066
2410 3182
277 2880
151 3718
48 2612
840 2140
1023 3878
285 311
69 2545
1143 2111
2102 2459
1826 1893
489 2590
1287 3923
668 836
1011 3075
2437 3051
3788 3992
381 3948
2267 2847
2827 3161
2222 2838
1006 2560
2227 2846
860 1799
1505 2374
1599 1974
753 916
2687 3744
1454 3705
1498 3817
1723 3514
507 3373
2440 3497
2289 2487
1971 3043
163 1959
2186 3290
2787 3777
2434 2855
96 1108
26 241
3329 3461
2044 3978
2719 3161
1358 2548
2223 2525
3595 3840
1226 2889
329 1970
2330 3157
2544 3296
549 2694
152 2027
245 3552
1449 2189
1877 3437
2263 3153
2393 3183
3015 3370
506 1185
547 3794
3403 3605
937 1509
269 3786
1265 3971
1064 3668
2130 3454
1778 1943
1167 3756
1553 1669
605 3396
342 3695
71 1579
977 2578
2280 2380
382 444
560 1822
20 2187
1045 3498
575 1067
1608 3324
2601 2839
840 2667
2058 3254
746 1812
1094 2343
784 3655
502 3535
792 2417
1507 3816
1750 3348
1001 1127
2597 3047
2262 2975
845 3273
1679 1796
29 1397
591 699
518 2462
52 3720
2155 3987
990 2562
717 2717
1948 2479
3172 3691
1292 2676
1486 1885
69 3391
10 3364
149 1280
2052 3573
1088 2444
3065 3889
2456 3169
1794 3224
213 3199
34 3188
1823 2392
1524 1677
565 3795
2685 3661
1464 3699
1315 2923
227 3163
54 2137
803 1022
916 1963
357 2070
1619 1727
494 2369
3037 3605
1500 3647
3544 3932
2743 2955
1156 1706
3234 3244
134 2410
1839 3320
3048 3484
270 1595
292 1671
2075 2674
2109 3157
1587 1979
905 1828
467 2465
995 1794
3115 3675
3627 3734
1213 3422
305 2894
637 2202
1283 1711
1964 3233
235 1253
636 865
2485 3928
1398 3601
1268 2305
24 3662
263 1963
205 399
209 3902
716 2250
1053 2340
419 1326
1782 1851
1215 2409
1904 2046
944 2729
1558 2778
454 2139
1919 2967
3 2261
959 2108
1291 3534
1499 3138
3918 3944
2331 2612
169 1037
144 3475
309 2224
1314 1971
3427 3839
1018 1053
232 2143
752 2319
1435 2454
1684 3641
234 1234
1554 3635
1519 3898
508 662
487 3792
808 3187
159 2478
174 1507
1955 3678
619 1926
116 629
1080 1466
511 698
852 3246
307 411
631 814
1376 3725
249 2683
156 1674
2043 2450
1798 3294
155 510
6 3424
1030 3398
1401 3708
1749 2301
360 1557
88 1332
542 3529
933 2337
2234 3784
525 2835
2000 2105
2071 2258
3529 3591
452 3149
552 3465
1915 2315
1688 2120
924 1622
294 1195
368 2246
3532 3622
1093 1693
2510 2937
1720 2822
2081 2439
970 2308
1743 2467
579 725
556 2440
1768 3275
283 1893
576 3944
1069 3220
404 1685
2853 2857
463 2640
3070 3326
964 2104
1313 3005
249 3314
554 2574
2626 3381
115 2651
540 3761
1903 2513
363 2777
2199 3112
1183 3800
2843 3170
2167 3854
1007 1699
173 3321
2405 2866
79 3621
624 2490
3718 3990
539 2229
2895 3245
1114 1976
1733 1877
2355 2396
2379 3570
382 3375
1890 2370
1215 2973
978 1318
935 2334
1054 2496
1098 2990
117 1238
3440 3844
2922 3502
1753 2085
1687 3523
2967 3931
888 3679
431 886
1207 3927
2172 2551
1328 2203
1201 1894
615 2946
349 839
2531 2900
2566 3564
826 1321
273 1487
1399 1610
710 2919
55 3745
545 650
2147 2749
847 2064
855 3094
3145 3844
1181 2350
1339 1476
313 2753
2416 3845
1208 2463
483 1421
503 3621
974 2550
175 1238
1364 1442
2355 3295
1121 1279
2458 3817
681 3066
2581 2630
2833 2837
1523 3733
171 1066
3423 3866
2230 3584
829 2784
948 2434
418 3689
434 2201
475 3468
604 1676
397 1322
392 1567
662 3226
1426 2443
1889 2061
463 2876
925 3291
5 3089
306 3367
1051 2180
440 2659
1147 1257
1746 2959
2720 3934
356 1569
184 243
1201 1455
296 1662
2444 2691
712 1153
857 1906
1381 2627
2000 3382
1123 2925
2239 3739
1563 1987
1140 2605
400 2545
428 2983
1803 2860
1604 1629
443 3770
874 2373
3696 3986
556 3126
3936 3980
2653 3128
833 2157
635 3407
158 2386
1114 2854
1858 2097
1060 2268
173 1813
1180 1212
886 2326
770 3876
2038 3014
2473 3992
31 1958
3267 3387
3135 3314
1824 1908
1544 3682
215 223
1983 3211
458 1497
1453 3813
1609 2532
1838 3923
1545 3400
178 788
2399 2547
3156 3852
402 1433
1643 2693
652 1537
333 3638
914 2383
1460 2699
1378 2191
493 2939
1829 2969
21 2193
359 2549
2681 2991
1348 1962
849 2141
2703 3907
2455 2908
697 2656
1423 2526
1427 3886
2451 3006
724 1718
104 2220
422 701
361 2288
1141 2731
2436 2723
627 2904
918 2605
1503 3252
48 307
773 1662
287 427
2455 2462
1220 2599
1063 3533
1918 3040
425 2347
744 3202
2010 2556
649 2660
972 3732
613 3272
413 3357
1975 2471
1667 3137
473 2359
1231 2609
109 2446
253 2884
1598 2592
2833 3914
1357 2805
2095 3200
786 3402
1342 2296
657 3690
641 3189
3877 3989
1469 2122
3536 3562
1798 3362
379 3565
2362 3209
1315 3650
1032 3284
2073 2792
1428 3193
1046 2185
994 1694
1778 3765
1263 1574
1205 3444
1128 3120
812 3093
2259 3343
1584 2212
91 426
1317 3171
1580 2824
403 450
992 2054
206 1811
106 1563
1850 2034
1139 1458
874 1329
1266 1620
51 1339
1240 2695
920 3310
342 796
1029 1710
720 2551
3410 3824
2936 3669
14 1578
2477 3661
1313 3031
1163 1764
356 1748
1852 2762
2508 2529
2928 3472
2173 3417
1086 3044
2579 3587
64 177
1635 2751
67 666
1196 3222
165 1420
1468 3124
789 3978
919 1416
2123 3775
2045 3815
2004 3727
523 2352
3253 3741
1188 2584
562 1638
1892 2503
1300 2294
963 3158
2791 3649
3199 3848
1304 1356
1567 2638
245 2573
1678 3097
1871 2433
1001 2696
1098 1382
3525 3676
1999 3342
250 1043
1516 3853
2249 2500
3243 3612
586 1697
878 3410
3037 3230
1881 2035
830 3762
61 3884
1697 2026
890 3641
1548 3142
1820 3516
80 3949
224 576
2197 2487
32 868
603 1056
2030 2724
141 3952
2338 3546
4 2515
1179 3537
584 3839
558 3774
1497 3810
2535 3319
434 473
241 2783
1505 2392
877 2470
1031 1616
458 3536
618 1149
1695 2099
288 1156
1914 2523
838 2704
1394 2245
1946 2366
2717 2824
3223 3631
866 3255
407 2851
1759 3785
1692 2045
842 3840
1653 2954
629 2756
204 2888
25 263
2600 3133
2424 3878
145 2973
1229 3724
1869 2031
70 1266
1354 2926
1187 1949
127 596
1847 3755
1040 3040
850 2498
1449 2062
1479 2932
1354 2693
334 1146
2731 2914
547 2353
720 3917
2647 3315
2050 2512
2176 2310
482 3468
322 447
1374 3168
456 1716
747 2862
1105 3273
2978 3592
2279 2930
745 3231
1227 3975
304 325
1468 2890
120 3091
537 3337
290 3147
1725 2483
614 3143
655 3899
38 1369
1271 1745
1957 3480
1096 2295
147 2408
262 706
1286 1907
3318 3363
321 3670
1085 2225
388 3336
973 3158
2947 2987
777 880
1044 3300
697 894
396 752
432 3909
1041 2889
450 2074
1129 3769
90 2901
1473 3767
532 2195
1147 3559
557 2129
3103 3652
1355 2272
18 3055
1455 3312
1352 1521
1273 2706
1302 3983
787 2494
2006 3182
3188 3829
2624 3738
1631 1657
2797 3950
161 2264
1166 1258
2072 3823
1461 1590
1583 2289
3189 3917
537 791
2196 2936
2426 2958
595 2359
2608 3691
1670 3105
3368 3789
608 3507
1527 3660
1369 1525
2867 2957
906 2071
664 739
928 2304
584 2559
138 2160
192 829
1486 2645
2067 3126
2126 3952
1275 2776
186 1127
806 885
527 1770
2248 3088
1216 3216
1070 2774
975 1585
1864 3053
243 407
1559 3826
347 3422
1509 1543
429 3449
1679 3125
1104 3617
364 1334
1192 3226
1 711
548 3296
2450 2671
469 962
965 2032
2886 3711
2768 3417
1463 3823
2417 3752
2692 3087
102 1956
2481 2875
3173 3239
1929 3643
1479 1855
632 2613
1050 3380
1161 1933
1828 3280
101 3991
2017 2742
1110 2389
905 2750
1040 3396
1925 2610
330 2010
777 2581
660 3046
2258 3289
511 3569
1522 3394
2739 2943
251 3539
1050 3893
479 3889
1062 3180
1103 2018
688 895
225 3229
602 3526
783 2003
2428 3710
559 2134
95 3060
612 3075
327 3586
1477 1817
142 517
3465 3609
3206 3779
947 2127
1460 2250
692 1785
240 1474
1160 2645
3715 3912
3378 3648
605 1296
216 3331
830 3035
2358 3818
1702 2634
1282 1676
83 2874
823 3065
308 2115
170 3913
13 3477
1200 2620
1565 3828
1792 2765
395 3241
933 3831
3575 3926
2187 3603
1981 3259
776 878
1650 2177
3319 3810
2364 3369
769 3755
2402 2880
1294 3352
2315 3683
2997 3029
2779 3942
1513 3440
2685 3443
842 1683
950 3761
1002 2314
3401 3654
2079 3806
2262 2423
790 2535
1184 3071
2459 2944
1820 3088
2825 3894
3129 3959
898 3953
1038 2764
1882 3511
572 773
472 1807
253 2257
802 1718
1769 2460
819 1394
2107 3805
1682 2533
304 1804
1462 3654
616 785
414 3893
645 1328
1947 3486
1214 2188
1459 2931
2813 3160
517 1042
592 3981
2131 2445
2305 3423
76 483
672 2705
1514 2336
477 2507
811 2920
519 573
983 3445
967 2486
3278 3701
1041 2317
3024 3195
298 1363
1767 3495
1518 1597
3054 3352
170 3644
1896 2834
1593 3331
2747 3457
331 1489
2332 2554
1931 3907
482 1701
49 3109
312 3269
1510 2654
663 2594
2710 3625
677 3476
268 2949
520 3922
1645 2190
722 1757
1489 3429
344 3967
795 1658
1878 3488
837 3391
526 2868
2112 2569
1163 3358
1192 2375
1225 3150
257 3863
2154 3367
1561 3496
238 3258
762 3197
117 3008
1701 3564
601 3867
533 3825
2165 2365
836 1409
459 740
2987 3260
611 1416
1553 3458
10 3996
1046 3511
2996 3735
1916 2122
817 1362
3637 3776
1116 3532
1293 1367
1801 2067
1951 3399
794 3651
1649 3834
583 851
755 1717
3418 3965
654 2025
35 2486
88 2377
102 3011
459 1358
389 1740
1776 2437
779 3472
841 3905
3234 3724
308 2784
226 951
145 3513
3249 3305
942 3366
570 2670
3101 3393
2119 3754
1824 2772
2546 3722
883 1429
1048 1570
2655 3975
92 2734
480 2282
40 2139
1577 2414
202 2814
2792 3283
1874 2979
258 1576
2495 3232
3018 3683
1120 2630
741 2363
1443 2483
649 3345
2357 2954
157 788
781 1724
406 3657
1990 2348
580 701
1016 2553
158 3804
732 3781
78 940
385 1677
2193 3484
3195 3368
1934 3147
3217 3386
803 2897
2570 3217
3243 3936
1708 2316
1335 1819
1504 2303
1789 2637
271 2023
33 383
512 1249
2065 2442
1180 2154
1305 2826
1070 3991
738 3652
272 911
2222 2623
932 1477
1629 2113
1606 2052
2856 3988
1183 3717
437 1832
312 1601
2267 2422
89 107
1972 2649
2541 3097
57 736
549 1756
1003 3235
715 3154
315 2631
3924 3972
1276 2445
215 2952
763 3673
1807 2624
84 2003
3494 3699
130 714
433 2961
441 487
568 3559
1665 2292
2293 2544
635 3464
589 3855
2595 3262
43 630
3276 3957
1057 1080
299 1824
671 1231
353 568
197 2922
314 1889
742 1359
2029 2917
3276 3997
1797 2820
1164 2891
274 3722
642 2201
1138 1556
2189 2699
1204 2795
1884 1944
2907 3581
666 2907
2436 3488
1772 3707
947 1988
798 3933
2741 2983
2146 2370
2007 2524
3213 3655
1922 2963
2323 3626
1928 2631
936 3816
1216 2592
484 3061
35 1640
1293 2917
3064 3447
175 884
505 3763
197 3608
1731 3045
2472 2864
595 901
1159 2840
1230 2498
1422 1495
1289 2237
2184 3408
694 1485
39 3951
1494 2556
1768 2020
2986 3787
2132 2708
2650 3240
1520 2120
3295 3561
540 1619
607 680
1316 3165
1891 3873
289 1173
456 2243
1973 3025
3208 3751
531 659
104 1873
166 962
1476 2111
960 1618
1633 3181
1437 1599
136 3731
492 1792
930 3798
1806 2982
357 3771
588 3603
3121 3682
2318 2725
2869 3890
1719 1933
1931 2525
1427 1693
1049 2309
347 3973
380 3964
135 3920
1087 1306
3630 3826
782 3541
1587 3560
364 2260
3001 3687
1209 3214
432 1077
1335 1484
881 1762
1343 3471
1305 1748
2163 2716
1065 3493
3375 3843
1148 2306
1560 2872
898 2133
1530 1556
320 1726
1869 3634
1236 3904
917 1594
899 2788
2281 3611
281 693
3228 3246
1714 1955
943 2808
1404 2094
625 3650
2866 3912
981 2423
1447 2413
1939 2501
1761 3550
713 3057
2610 3473
1984 3413
1862 2767
969 1624
1613 1642
2524 3594
1152 2344
1942 3345
1388 1892
1176 2031
2438 3329
3139 3883
209 2678
2184 3758
1089 3684
1737 2686
1190 3730
199 984
1777 2333
63 408
2358 3354
129 187
838 3622
1202 1709
2757 3042
3017 3604
2138 2372
1007 3330
570 3937
460 1151
3524 3703
566 1405
1261 3871
1307 1527
853 2362
358 3749
818 1471
3127 3173
2539 3494
355 2152
2962 3870
262 2453
956 3938
654 3954
1005 2065
1961 3479
490 1465
337 3453
171 1791
1029 2291
1680 1980
617 1674
613 2509
1178 2750
1473 3740
1854 3666
1730 2228
1910 2711
3023 3733
774 3049
927 1669
1905 3277
200 3618
1403 3732
244 1332
954 2069
969 3656
3657 3896
1780 2571
926 3011
1175 3820
1524 3106
2147 2447
73 1841
535 3865
626 1309
467 3673
935 2108
269 589
2124 3859
623 3223
12 264
420 2796
516 2228
2002 3610
228 388
221 2210
1550 2511
561 727
1880 2579
1079 3069
1444 3827
1017 3000
1411 1809
2671 2785
656 3082
978 3719
891 3616
600 2615
1236 2240
3497 3832
5 3152
2221 3614
718 1472
1135 2024
168 2760
478 1031
1176 3790
1715 2820
1782 2107
1654 1810
2916 3470
1671 3311
1424 2072
470 3803
1991 2770
1515 3398
1985 2885
1533 1673
2253 3110
1645 3835
234 3676
311 3549
2451 3921
1014 1281
621 1350
379 2705
925 2092
2231 3152
667 1866
810 2523
1572 3251
284 3266
179 3337
1121 2130
247 1865
816 2299
188 850
2815 2859
973 2386
1995 2468
2576 3498
1575 3308
676 3773
282 3196
957 3421
206 1675
39 3004
1730 2082
1694 2989
1246 3079
445 3205
590 2474
457 2164
530 1396
1146 2657
1458 2188
1383 3204
1632 3166
743 3107
278 1561
533 1171
2404 3237
2164 3846
242 564
1986 3943
386 1371
1422 2574
748 3216
1124 1550
247 3953
192 3801
27 1389
414 3700
1786 2464
672 3221
2543 2748
2514 3449
1187 3607
1033 2367
2276 2372
3870 3919
251 3677
212 893
858 1251
800 3833
33 1992
1856 3030
682 2648
126 412
453 770
42 3191
1406 3741
1082 1511
1119 2790
486 3869
2938 3392
1229 1625
519 1734
875 1883
1350 3229
211 3045
543 1979
1633 3096
2311 3279
1968 3397
323 1256
1168 1913
867 3385
1552 1698
359 3363
2974 3186
429 3599
730 1346
2294 3299
1555 1827
522 1443
1490 2298
1380 2578
1172 1934
554 1304
2477 2926
3503 3885
2337 2501
225 3215
2918 3640
1526 3433
2816 3702
1668 3285
1481 2836
361 1081
2862 3552
346 397
2491 3706
3358 3567
323 2675
1186 2603
1898 3336
332 1793
1057 3796
740 2899
440 3862
2733 2956
542 2473
198 582
1000 1867
2178 2805
3198 3737
71 2609
578 1412
1913 3638
2616 2763
462 1431
2196 3590
2144 2807
1035 1203
749 2389
282 3522
2273 3785
436 2205
2439 2672
204 481
2363 2561
412 821
1848 2241
1386 2149
988 2957
2641 3979
2293 3982
1870 2706
285 2230
1303 2797
816 1071
1670 3021
882 1523
400 3427
297 3808
178 679
3441 3793
1417 1508
802 1083
203 3309
1752 2788
799 3308
56 3033
894 2935
466 3934
1021 1838
2411 3094
614 2251
34 1049
2531 3435
1601 2646
2094 2837
1823 3106
2100 3935
164 786
478 493
286 1566
86 985
2617 3685
2292 2300
1015 2715
798 2709
1385 1404
378 3527
1735 3885
2582 3633
987 3578
834 1863
3077 3366
366 758
1242 3290
219 3489
747 1959
805 1918
658 1016
3288 3556
970 1513
97 938
617 3554
1754 3855
779 2381
1634 1814
1373 2642
844 1659
1419 1600
534 2718
72 3881
202 1069
1109 1541
1357 3010
703 1581
1287 2767
1623 2298
709 2793
317 3997
751 2391
1312 3876
2012 2138
891 2223
1131 3261
852 1833
95 818
640 3134
1290 2115
1879 2538
912 2739
854 1112
3530 3830
1660 2095
904 1626
196 2403
1400 3776
1529 1555
2400 2418
907 3376
2474 3415
3156 3902
267 1325
2179 3210
428 3882
442 3057
593 1625
1434 2568
277 2621
256 1162
3105 3928
58 1475
2621 2810
1255 1301
1044 1531
2261 2713
783 1602
