195
1775
0
3332
0
3842
3582
0
448
966
4350
1400
15
0
4426
3144
0
2424
1860
0
550
3312
4180
0
0
0
1770
2990
5085
0
0
1011
0
0
4320
0
7417
930
1595
0
48
0
1112
0
0
4290
0
0
312
1190
1085
2848
0
4048
1158
0
1095
0
4889
1332
0
528
0
1800
0
350
0
0
0
1044
387
2106
646
0
1276
1595
0
0
0
484
0
1625
0
2153
0
292
0
0
133
0
3564
385
0
0
5430
0
0
0
0
2160
0
0
0
672
330
6605
0
0
1596
1110
3472
0
822
0
0
0
0
6336
0
0
220
0
438
0
0
36
1660
0
1782
2754
1309
0
1233
0
0
0
0
0
826
1584
0
0
342
3564
1122
1232
1938
0
0
0
4182
1754
272
0
1440
0
1506
4344
3476
840
1704
0
0
0
3641
1375
0
2464
7408
0
0
4169
0
80
0
0
2100
0
956
3915
3705
0
1266
0
3120
1424
2156
0
284
219
42
1080
1528
3871
3619
0
320
644
0
0
3025
0
65
0
0
560
0
1562
0
102
3930
1662
0
0
1344
630
0
0
0
2592
5390
5600
0
0
462
0
50
932
4144
0
4005
0
916
286
0
0
0
0
0
0
0
0
0
6698
0
0
0
2737
4102
4956
1206
3469
1370
2472
2952
5239
0
0
0
0
2280
0
2576
1640
1473
2067
0
1508
0
0
4433
0
500
0
249
0
4794
0
980
663
730
602
0
0
1204
0
0
0
3564
2046
0
1364
0
0
2695
7450
0
312
0
0
0
1200
0
0
4725
0
0
0
0
0
0
441
0
0
0
2345
0
891
2618
0
0
1683
1902
4845
2784
793
0
1210
5678
0
1209
0
0
2505
1365
0
0
0
0
0
2680
2450
1013
0
0
0
0
0
1896
0
2235
1278
830
0
12
903
615
1756
0
5955
1695
0
0
2880
0
0
0
1515
1340
0
132
675
0
0
0
0
0
1836
1580
270
1158
1939
0
285
5763
0
2996
0
284
0
252
0
0
0
0
0
336
2352
0
0
0
532
5025
495
0
0
0
156
4774
0
0
0
0
0
1360
0
0
188
0
1935
3390
0
1211
0
0
3689
0
288
1924
0
5138
0
286
1836
5538
250
0
0
0
1901
2695
0
2844
224
0
5814
0
1598
1638
0
0
3072
240
3433
0
0
0
0
0
5376
0
5729
0
5232
0
2508
976
2380
0
4152
3159
0
0
765
0
0
0
0
468
0
0
0
4108
2136
442
116
0
861
0
567
2761
96
0
5312
0
0
0
0
3669
4444
0
0
0
0
1660
0
320
892
92
0
537
0
0
0
1575
0
0
264
174
1636
0
1088
0
3616
606
0
0
0
1235
1610
4092
496
0
60
429
0
0
1066
0
0
3210
6953
0
2821
2840
0
0
3290
3267
0
0
0
0
0
4185
603
0
0
1224
0
0
2048
596
0
4040
2370
0
3836
940
3760
3420
1295
3393
3047
0
0
0
0
3136
0
0
13
0
5499
0
0
0
835
2170
0
1260
2340
0
1807
2933
864
2303
1496
0
0
1221
0
0
0
1435
1752
4303
0
0
0
1040
2265
2788
0
0
0
0
2679
0
0
0
3245
0
0
1145
2400
912
833
2610
0
6144
5708
0
1442
0
0
2264
0
441
0
1208
0
786
6876
0
4704
0
1380
3322
0
954
0
0
0
0
1917
0
0
0
5157
0
0
1880
1504
0
2970
0
0
0
0
0
1242
0
0
0
1070
882
1725
162
6018
0
1508
0
192
0
0
2
2560
0
0
0
3590
1660
390
5568
0
4250
777
0
48
1442
0
2482
0
0
1194
2007
0
0
1311
3856
1351
0
549
153
0
682
0
0
0
1096
0
0
2123
4080
7488
0
2
1296
0
0
0
0
0
422
0
0
2431
2155
3663
1200
3256
0
3514
3121
3912
2160
5278
1274
4696
0
4576
0
1568
0
3402
3972
0
594
0
0
2664
56
5642
0
0
230
1856
975
312
3420
192
0
0
3600
0
0
0
0
4721
2486
0
0
2462
0
611
5404
6084
0
335
1072
4732
3680
0
1638
0
0
476
1820
0
0
0
0
0
2975
0
2430
0
0
6619
3126
1200
672
854
0
0
2032
2720
5587
5040
1328
2040
0
1835
0
0
0
0
2795
0
0
0
0
0
4606
0
0
0
0
96
432
588
5291
584
828
209
3948
1191
6829
0
0
0
1015
0
0
0
0
7004
940
0
0
1752
3
0
0
0
5782
2968
4284
1270
164
0
0
0
400
0
0
2304
0
0
2818
871
0
0
0
0
84
1256
0
0
0
5505
0
0
2002
0
465
0
0
0
0
435
5831
0
0
0
2561
4725
0
1608
0
0
4160
231
1276
640
387
1944
826
0
1915
0
0
3198
0
0
120
0
0
441
0
1380
0
1232
0
255
0
0
0
440
0
1728
984
451
0
0
0
0
0
0
1860
2513
0
1308
2775
0
146
0
0
6992
0
2336
0
0
7002
0
7188
0
0
360
0
0
0
1694
0
3232
6274
0
6000
15
2856
300
0
0
0
3546
0
0
0
1172
0
7128
1280
0
0
1890
0
0
0
0
1377
902
637
864
0
0
0
0
0
1827
0
2610
4631
1650
0
2982
256
921
4347
3406
0
819
0
0
0
0
2130
0
2661
762
0
5328
0
4440
5225
0
2790
0
0
1116
930
517
1350
0
1860
4609
1580
4396
0
6069
2760
0
4086
923
707
0
0
0
3663
0
0
2882
7614
0
0
5908
1476
55
3303
0
0
2295
0
2460
1350
334
0
0
768
0
657
0
1132
1326
0
0
0
0
0
0
0
0
1104
736
855
0
2212
0
3645
0
3198
0
0
0
423
2390
432
978
0
1583
5745
0
0
2088
0
756
0
0
418
2230
3094
0
0
0
0
2610
5340
1621
0
435
2569
1703
0
6025
1992
0
2230
0
3240
86
0
0
0
4875
362
2954
0
1500
0
1738
0
0
0
0
0
0
3400
0
780
1794
2490
0
2592
845
515
7019
2632
0
0
0
0
0
780
5122
3432
0
1215
0
0
1394
0
0
0
0
0
0
0
0
0
0
1268
498
0
4364
0
780
0
0
1918
771
0
858
0
0
0
0
1944
0
5474
0
705
0
0
0
0
0
1850
0
1302
0
0
0
0
0
651
0
1884
3
1816
4785
0
0
0
1935
0
0
1596
0
0
0
4790
506
2016
3950
0
0
618
0
0
0
2275
3289
1876
0
0
0
0
3570
0
0
0
0
1680
2080
72
0
0
0
0
4
0
231
616
0
4886
1470
0
2592
0
0
0
4688
0
0
1456
4186
0
0
0
252
1932
344
0
1900
0
36
1
0
0
0
360
4301
0
894
0
2718
4824
2568
0
5975
0
0
0
1728
0
1878
4875
3654
1040
0
0
0
0
0
0
876
0
132
0
0
0
1984
825
7048
0
0
1670
5355
2933
0
0
0
931
0
0
0
4
0
3
354
0
4640
0
0
3552
1688
0
0
0
0
1600
0
252
0
4587
0
400
1548
0
765
3152
0
3
0
0
0
1237
0
0
0
0
0
884
0
2779
0
2610
0
0
3835
0
0
0
0
0
0
0
0
1650
0
7110
0
2144
6948
0
0
0
0
0
2886
2142
0
0
2050
0
1107
1870
0
1266
4246
0
1488
328
600
0
0
492
252
72
3393
0
3
2758
4913
752
1632
0
314
1598
4215
3762
1372
0
0
0
0
976
0
315
0
959
3055
0
0
7578
3600
0
3251
0
450
80
909
6569
860
517
0
477
0
2893
0
1554
1383
2464
288
0
0
2354
0
1017
0
1378
0
476
0
2916
0
0
0
6715
850
1800
0
0
0
240
1596
0
16
0
2196
4598
0
4758
0
0
5616
0
468
0
0
0
0
3122
0
4267
558
5670
1215
0
0
0
0
4455
1305
5348
0
430
4693
0
0
0
0
0
0
0
0
0
949
0
0
0
2471
721
0
1504
0
0
0
4689
0
0
3804
492
0
0
1470
1226
4896
160
684
1441
2550
0
0
0
3066
3608
3510
2664
0
0
4396
402
5415
1561
6270
0
0
0
1212
0
0
0
2710
5301
0
0
0
0
0
0
3102
4147
1312
216
902
1790
0
1076
0
2490
0
0
0
0
0
0
0
0
543
0
1146
322
7141
0
0
0
0
0
0
0
0
0
0
4410
0
0
0
846
0
1819
1845
0
60
0
504
714
54
0
1080
5728
0
1950
0
1903
0
5085
0
0
993
6224
0
0
5338
2720
1939
0
0
2832
1464
0
0
0
2988
0
0
0
3493
0
0
2856
168
0
0
3910
416
0
0
1120
3987
399
0
4048
979
0
0
0
2587
2192
0
0
2214
0
3420
3604
0
3107
1152
0
4435
0
0
1225
348
0
1970
0
3816
0
0
3180
0
0
0
0
0
264
1248
0
1564
0
0
1413
0
1690
0
0
1836
0
285
0
0
0
42
0
882
184
1024
3926
2414
0
2160
0
552
0
0
0
1176
3484
0
72
546
3600
0
4420
1575
0
2940
2010
5362
0
918
0
788
0
0
5135
238
0
0
2197
4607
1740
0
0
2262
738
0
527
5530
2496
176
0
0
0
0
4148
1608
0
1416
6285
0
0
0
3404
1590
0
2256
0
6150
0
4920
0
9092
0
360
0
0
5187
0
0
0
4884
1256
0
1425
1390
0
0
0
0
0
1056
0
6256
2916
2226
0
0
0
1200
0
3888
0
1620
0
1455
0
800
0
1350
1284
0
3066
0
40
0
0
4749
1380
0
1196
0
0
1179
0
1798
1386
1212
0
0
0
0
424
1694
0
2016
0
0
920
1797
324
720
0
0
4202
2610
0
1680
498
1810
0
0
0
0
0
0
4528
0
332
0
0
0
0
0
7045
40
0
0
0
865
0
0
3476
261
1718
0
0
0
0
0
0
4602
0
0
560
990
0
3790
0
1981
2119
0
1540
5538
6347
0
901
0
0
1122
1815
1582
0
0
5408
0
596
0
0
1440
0
0
0
0
0
0
231
2628
0
3
1648
0
0
0
0
0
0
1339
0
320
1192
300
1605
3528
6417
0
1565
0
0
0
0
0
5130
1835
3190
0
2070
0
0
0
734
3480
900
1245
1450
2674
2196
2595
0
0
0
0
0
0
0
264
0
3157
4811
0
4046
3470
2310
150
1764
0
1080
1573
340
0
2355
0
0
0
0
0
2352
1162
2646
3553
2934
0
440
1266
98
0
0
1644
0
717
2604
0
0
57
0
0
1252
2850
0
5355
2825
0
1110
0
0
0
0
1386
1673
6766
1413
0
0
3575
5010
0
0
1592
0
0
0
2497
792
0
0
0
2916
3757
2045
0
0
0
99
0
0
0
828
2388
1260
0
0
0
1242
0
702
0
0
765
1440
540
0
5655
0
3346
1540
5148
3300
5208
0
0
0
648
0
0
817
0
0
0
0
0
217
1770
0
0
0
0
378
0
858
0
0
0
2928
0
0
954
0
0
0
0
0
922
1485
2822
2376
520
4797
0
1584
1008
0
0
0
0
1468
0
832
0
2673
0
0
0
5275
828
4368
0
0
2170
8
3025
1602
0
406
936
2482
0
1896
4576
0
0
1098
1443
0
4726
0
1458
0
3942
0
0
2100
1398
646
2820
0
0
0
0
3068
576
3861
0
0
0
1233
0
2533
0
0
0
1463
2136
196
314
0
0
0
5749
0
0
0
696
4626
3660
0
716
2436
2590
1602
3312
0
1584
0
1296
2744
0
1815
0
0
2674
447
0
2890
4903
0
0
6075
6494
6624
0
0
0
0
0
5220
0
0
7074
1449
1644
0
0
0
0
2212
0
182
0
404
497
3480
6157
3146
1440
2548
940
348
416
0
0
1495
340
1445
444
156
1107
6851
0
0
0
0
5321
4188
0
0
1220
0
896
5223
3910
5305
0
3472
3711
1060
0
840
0
0
0
483
0
1826
0
3915
0
3564
0
0
1232
120
1140
0
0
2562
1084
0
75
4394
0
1835
642
2657
0
2998
2915
0
810
5260
0
0
1496
0
0
564
0
0
3288
0
0
0
390
0
350
0
936
1536
0
792
2992
7851
0
3072
1512
3374
0
0
0
0
3535
1920
0
4615
736
0
0
0
1898
296
0
0
4500
0
0
2103
0
0
4760
1548
1053
0
0
0
0
6103
1989
0
0
0
1274
0
0
2206
0
0
0
0
0
0
0
0
0
144
0
5760
3660
0
4628
0
732
0
918
0
0
1760
911
0
0
0
579
4758
0
1915
180
780
0
0
0
2550
94
0
0
0
0
1314
288
0
0
3190
7092
0
0
4656
0
0
0
0
2703
0
0
0
4605
963
0
2235
7387
0
0
40
0
916
0
2784
0
0
3712
1290
0
0
0
2832
0
0
0
2280
0
0
0
0
1134
5200
2691
0
0
1242
0
0
0
3355
224
0
1023
0
525
0
1434
972
0
0
1380
771
900
828
1632
0
0
2373
1995
0
3575
376
1937
2193
1140
0
0
0
4993
0
5202
1276
4048
0
0
744
4812
0
0
0
0
0
576
0
1045
0
0
5236
0
938
0
1368
0
0
0
0
0
731
3654
66
2082
3375
0
1428
6000
1085
0
2184
0
0
1600
21
240
2134
3916
3032
220
2547
680
0
0
0
0
0
0
1071
970
867
0
0
1765
0
0
0
0
3380
3060
5120
0
0
5376
5574
2030
2424
0
0
0
0
0
740
0
0
260
4940
0
1265
0
1224
0
0
0
2640
1446
0
0
736
0
0
0
0
0
0
0
0
0
0
570
2310
0
0
2568
1750
0
0
1386
0
1200
0
0
1392
0
0
0
0
0
0
901
3843
5512
0
0
1180
0
0
0
2380
252
4144
0
0
496
0
0
616
0
1881
834
2856
0
1750
0
2505
2196
0
136
2160
1970
3842
612
1944
0
0
1023
0
0
0
3942
2088
0
0
0
4816
0
1344
0
0
1141
4965
1266
0
0
0
0
0
2786
2202
0
0
1596
5782
0
0
0
0
0
0
1080
0
0
0
0
0
0
0
1968
4624
0
0
1012
0
3060
0
770
6255
0
0
0
0
0
0
0
4155
0
524
0
0
717
0
225
0
2198
0
876
0
2004
1220
3090
0
1062
0
5299
4140
0
2824
2658
669
0
0
0
0
0
0
0
0
0
0
2150
0
0
0
579
0
143
0
752
0
5933
872
0
1995
0
0
2145
0
657
0
3949
0
2095
0
0
1710
0
0
1468
0
0
0
2212
0
0
3968
0
3332
1045
0
0
0
0
2254
0
0
812
3892
0
0
441
0
3654
4656
204
2958
0
1670
3288
2443
0
512
0
252
0
0
0
0
0
0
2560
0
0
584
2025
0
0
0
0
0
3192
2215
2709
0
2321
636
2256
2172
0
0
0
0
0
0
0
0
0
428
2296
0
0
4012
0
0
0
2443
0
0
0
1196
2232
0
1182
3680
4367
0
4317
3405
0
984
3612
1299
0
0
0
0
0
740
0
0
0
0
2255
3528
3080
0
32
3574
2640
1062
0
0
3993
0
91
0
0
0
0
0
3480
0
0
3276
0
5552
566
368
3120
0
1194
4590
3270
3536
0
2040
0
0
201
0
0
0
0
0
0
0
1638
1122
5508
1634
0
0
0
3492
0
4695
1742
0
3165
0
0
0
2772
0
0
0
0
0
2292
1253
1590
0
2849
0
184
1372
3888
1676
1611
1996
0
0
0
5055
0
87
0
1408
0
1938
900
0
0
1644
0
0
3748
0
0
0
0
2550
1314
0
0
63
0
0
0
0
0
735
822
0
0
0
0
3850
0
4785
0
0
568
3728
0
0
0
0
0
0
686
0
0
550
0
0
0
0
268
2202
2
2930
0
4046
2240
0
0
0
2848
0
0
6096
1781
7875
0
4576
2961
0
5376
2625
0
0
2536
0
3531
1488
0
310
0
0
2522
0
0
0
112
1760
0
0
0
0
1184
0
0
0
138
2219
1560
540
0
1886
0
210
0
0
0
0
816
590
1507
1130
2860
3758
0
0
0
1833
3600
924
0
2
533
0
0
5460
0
2655
2268
0
763
920
3718
0
0
2751
2521
2136
0
0
756
2496
2370
0
1088
486
4014
0
928
4032
0
595
2380
0
3060
0
795
0
0
5600
3510
0
0
0
0
0
0
0
0
714
0
0
1807
0
1308
3223
0
0
1519
510
0
0
0
0
3500
0
0
1475
4664
0
546
0
2552
2185
0
1143
0
0
1008
2363
0
6358
0
0
0
0
120
0
4472
0
196
182
1896
4914
3944
0
292
0
0
0
1176
0
1215
3
6181
0
0
2045
0
0
2464
2324
0
3114
1728
2810
2054
0
0
0
324
0
4901
0
3056
0
1614
0
0
7188
1161
0
886
0
2320
1648
0
0
0
0
0
0
1755
0
0
0
0
5278
0
833
0
0
0
0
2863
1134
673
0
0
0
0
0
0
0
4421
0
0
0
2355
4422
0
1496
3945
2940
0
420
0
6392
0
0
2928
2364
0
1341
1980
2960
4949
0
0
3045
1200
681
4882
0
510
2340
5362
0
1800
5112
0
297
144
0
0
0
501
412
0
7495
2568
0
3366
0
5680
0
1089
0
0
5609
0
253
0
2205
0
0
0
0
560
2352
0
3031
690
3996
0
2505
0
0
1490
0
2368
952
0
0
45
0
6921
0
635
2057
1642
4508
0
0
0
4596
0
1402
657
0
0
5306
0
396
0
0
0
0
0
0
0
0
3780
1308
0
4435
4004
0
1248
0
0
2160
0
2448
0
0
5740
1417
0
938
3048
1792
0
956
0
0
1456
0
0
480
0
672
860
0
0
0
3068
1344
0
0
687
0
2670
0
0
0
1497
0
0
0
0
0
2624
1864
456
4308
1266
0
0
2053
1712
0
0
0
0
0
0
3541
6080
4572
0
4272
0
1896
4095
1566
4336
2210
0
852
3315
0
0
0
0
0
5220
3572
0
2130
99
0
0
1540
2145
2691
0
35
0
0
0
4010
0
0
0
0
0
492
104
0
0
0
0
2478
5248
900
0
0
648
325
507
0
0
0
0
204
2695
0
0
0
1733
0
0
1536
3936
0
0
1368
4435
0
1230
1293
0
0
4656
0
840
1645
3272
0
1990
417
1137
1140
4374
0
615
1456
3480
1729
0
1281
121
0
0
0
2248
0
0
0
2004
0
0
0
756
3094
0
3115
1750
1662
0
1755
0
5796
0
2241
496
5227
1424
3924
0
0
1746
2786
0
4032
0
764
1386
969
3132
0
0
1320
0
2530
3195
2052
0
4704
0
1752
1188
0
0
0
0
1430
196
903
4020
4752
0
204
464
4673
1085
6137
0
0
0
0
2040
1412
289
0
0
2904
0
2684
1664
3140
5334
4103
1348
2628
2628
0
0
0
465
1002
0
0
3770
0
1935
1744
4026
3336
0
3276
0
3995
0
0
0
0
0
1284
0
1024
0
0
0
963
1932
0
0
0
324
5418
0
0
0
1338
0
0
0
0
0
3472
1608
1485
4005
2388
1975
2189
0
2816
2656
1764
308
0
324
0
0
0
0
0
1662
0
0
1845
1368
1266
0
0
0
0
1056
0
0
66
0
1026
0
1100
5376
0
156
0
0
0
264
0
801
0
0
1197
0
0
0
1374
0
0
0
2106
0
0
2092
1110
70
3255
0
1176
1265
1436
2590
2392
2103
0
5369
0
1750
1704
0
0
0
0
0
0
0
1620
0
3961
0
0
0
0
338
462
1380
4984
0
2148
3456
2952
0
0
1963
0
0
0
752
75
3210
2250
0
0
0
0
0
1176
0
1986
201
0
2925
0
0
2770
0
0
0
3618
2210
0
308
1385
0
0
0
0
0
0
0
0
0
0
144
0
954
0
0
0
960
0
0
2245
0
270
0
780
0
0
0
0
1232
2268
1248
0
0
630
786
3310
0
65
0
0
2227
0
1016
0
0
0
3066
0
1056
0
0
0
0
0
520
2748
0
0
3870
0
0
225
78
0
399
824
0
0
0
0
924
414
0
0
0
0
0
0
0
1331
1040
0
1190
0
0
852
0
1780
3017
0
0
0
0
2087
3115
0
1950
1958
4068
2380
0
168
3445
0
0
756
0
0
0
952
0
1345
5712
4704
0
0
140
0
0
60
3200
0
3042
0
0
280
0
6944
0
1698
0
0
18
0
1615
0
3504
0
0
0
0
0
574
2350
1595
0
0
1548
0
3091
2184
3088
0
0
0
9
888
0
3168
0
0
475
3108
3544
893
1410
1440
0
0
318
0
640
0
0
0
0
2976
0
0
1908
4011
0
0
1884
0
0
0
1518
963
0
1026
0
1800
192
0
0
1386
0
6432
231
858
0
0
0
0
1355
3859
6698
0
3645
0
4256
162
1883
1602
766
2292
869
0
2210
870
0
0
1312
0
2680
0
749
0
0
280
0
1415
0
4881
4360
0
814
0
0
4266
0
0
0
952
0
1914
172
0
0
0
0
1616
2076
771
0
1836
0
3406
1872
1068
3485
3636
0
0
570
0
0
0
0
6409
0
0
0
0
0
520
276
0
575
0
1604
0
0
0
0
486
0
0
0
0
0
3109
0
0
3344
0
1146
470
1412
0
5109
3720
0
0
0
0
0
2176
7285
0
0
0
0
2952
0
0
0
0
0
5096
1125
5520
0
0
0
0
2512
5012
0
4391
0
4704
0
3080
0
0
0
3740
0
0
0
0
2133
0
0
0
1170
0
0
0
2100
0
0
1989
3303
5168
0
0
1002
0
0
0
680
0
1168
7225
2864
304
0
6239
6390
3096
0
0
994
16
2784
1690
408
0
0
0
2900
5145
0
1032
0
940
2700
0
1550
0
993
410
2718
4012
0
0
6587
1770
0
0
3510
0
0
1686
0
2592
1104
0
0
72
0
0
0
0
3341
0
0
0
4590
3601
2532
0
0
0
0
1444
5076
14
1024
84
600
7276
0
0
1920
522
2088
798
1192
5762
770
0
0
0
588
6392
1169
112
740
0
306
4656
0
0
539
0
0
0
0
332
0
0
2718
0
7460
7272
0
0
0
0
2197
0
0
0
210
363
0
5145
528
3258
1122
0
0
0
962
1568
2421
0
0
0
5185
3372
144
198
0
0
6525
0
1099
0
0
0
0
2761
0
0
2756
0
0
1152
0
0
2124
5516
832
644
789
3660
3760
0
0
0
2996
1335
2066
4823
3530
3410
3960
0
0
377
0
0
0
0
0
612
3816
4811
0
432
2702
0
2250
0
1216
0
0
2088
1530
2975
3048
0
0
0
3520
8
0
1106
2343
4386
1442
6165
0
0
0
3798
0
0
714
2100
4000
0
0
7434
5161
0
0
5010
2401
3717
0
4935
0
0
7157
0
0
0
0
0
56
2679
1890
0
0
0
0
0
0
0
1560
680
0
0
0
0
0
0
0
0
2682
0
0
6539
0
1359
0
1350
0
0
2387
4640
942
0
0
720
428
0
0
1840
0
0
5535
0
4264
3525
0
3390
0
1661
1576
140
0
1518
0
0
0
0
1388
1680
0
0
0
0
0
0
3120
0
0
954
0
0
261
455
0
972
0
0
1533
494
0
0
573
0
0
0
1302
0
7327
4116
3461
0
981
0
2
0
1380
863
0
440
744
0
0
0
1096
3672
0
455
2736
0
0
4675
992
3237
0
0
496
1458
5117
0
1792
0
2394
566
2322
0
6715
0
748
2709
4112
0
1267
1244
0
2505
7
0
0
1885
0
6272
2686
0
0
0
0
0
10
889
0
0
0
0
0
0
0
0
2754
2664
1834
350
4522
0
0
0
152
4900
6052
0
3105
0
3081
753
0
2544
0
0
3324
3864
0
2197
6554
0
0
0
0
0
2140
1588
0
1010
0
0
4021
2960
3584
1857
0
0
0
0
720
0
0
4404
2947
0
0
0
0
1690
50
1120
665
1060
4802
0
0
0
4620
0
0
3823
1928
3916
1806
0
1452
0
0
5558
2665
3789
0
0
1590
1901
0
6080
0
1728
5895
0
0
312
0
3
0
2506
4655
0
0
0
0
2662
1855
0
3927
2499
0
0
0
0
0
0
0
0
0
0
1044
70
1716
0
3434
1800
5474
2583
1176
2464
0
2289
0
0
0
1125
860
0
3609
24
0
0
861
3081
504
42
0
0
0
0
0
0
0
468
0
1660
450
0
1930
875
2628
2814
0
0
1788
0
0
2637
0
0
4496
0
1004
2160
1988
0
606
0
576
2583
0
5434
0
2642
4045
0
0
1484
0
6320
0
0
0
1980
0
3122
1605
0
4004
4357
0
2159
0
1020
0
1022
2052
2816
4459
0
0
690
0
0
0
0
1740
1728
5440
0
0
0
0
0
1280
3240
0
195
4224
4335
0
0
0
0
0
0
0
1100
3874
4190
525
0
532
1732
0
402
0
0
540
0
312
0
0
0
1650
0
0
161
4680
2096
2448
0
0
0
0
0
0
0
564
0
594
0
0
0
511
484
1606
0
510
0
296
3485
3993
0
0
905
0
0
0
1400
0
0
3993
510
0
0
798
0
0
1960
0
0
124
2343
0
4815
64
0
0
0
0
0
4584
3672
0
5310
3468
2332
1028
0
0
2016
0
0
0
0
507
0
148
0
0
644
4966
234
0
0
612
1812
0
0
0
0
0
444
5148
0
2790
0
0
1386
3682
5309
3950
0
0
0
0
0
0
0
0
4508
0
765
480
0
0
0
690
0
0
0
0
6562
0
1604
0
0
0
0
0
708
0
2584
520
0
0
640
0
0
0
682
0
0
2431
782
0
3300
1182
824
3048
0
0
0
2860
855
645
0
4015
2314
0
5814
0
0
0
0
595
3176
4760
560
952
0
0
0
287
0
2567
0
0
1000
1155
5145
0
0
693
0
2013
1524
0
0
0
0
0
0
1174
508
3278
0
960
0
1626
2442
0
150
1128
2840
0
0
2256
366
872
135
1887
312
1156
92
0
0
804
914
0
0
0
0
0
0
0
4587
0
0
0
897
1323
2632
0
0
0
0
248
0
0
630
7140
160
0
4050
0
0
0
2249
0
1554
0
0
3456
0
0
4446
1025
3024
128
0
0
0
0
5764
610
0
2138
5980
0
0
5434
1695
2840
3519
585
522
2772
3230
0
0
0
0
0
0
2899
0
512
3104
0
2412
1197
708
3192
3519
3791
0
150
1144
0
0
0
666
0
0
3312
0
0
0
0
0
0
0
0
1938
1512
1224
0
0
2670
0
1007
0
2585
0
0
0
0
1023
810
0
816
594
123
0
2544
2208
2888
2101
2548
360
4823
0
606
0
174
0
0
0
0
6256
0
0
0
0
0
0
1308
1350
0
0
0
0
0
774
2640
2736
0
0
0
3430
1035
0
0
638
4080
0
2898
0
0
171
0
1449
5695
0
0
1370
3088
480
0
1012
978
915
0
0
2592
0
5544
0
0
48
4444
0
0
0
648
100
0
387
980
0
0
799
0
0
0
459
2121
3984
0
0
0
1208
3105
1287
0
0
0
1967
0
0
3670
6725
2095
0
0
0
3808
3852
44
3
0
0
0
0
1378
0
2625
0
0
0
0
0
0
3094
0
2442
1139
6090
0
3168
0
0
6608
0
2968
2925
612
0
0
0
0
119
0
1078
0
364
0
0
0
1789
1036
0
708
2360
0
2436
5293
0
0
0
616
0
0
3757
0
0
5307
1808
0
0
0
0
2652
0
1504
1404
4557
4225
586
0
0
5536
6596
182
0
3340
3010
0
0
1134
0
0
0
4125
0
0
80
0
0
615
0
0
0
0
0
0
2152
3760
0
3213
0
4080
0
6656
0
0
0
0
3113
0
1232
276
2688
0
0
0
0
2200
45
0
0
2658
463
0
0
0
0
1798
4984
2530
1222
0
0
0
0
4642
3809
2492
282
3808
0
700
0
0
4344
0
856
0
0
0
3196
0
0
0
0
945
4942
4968
0
3056
0
1078
0
0
3108
136
0
0
0
0
33
246
0
2050
0
0
2288
0
0
3
0
0
1750
0
0
0
0
1670
150
1188
3575
0
552
3950
0
864
0
0
7095
5742
0
0
2968
0
0
3010
876
994
0
0
0
0
0
0
1356
5477
6163
0
3168
0
3553
0
0
1584
924
0
0
0
0
1044
4862
0
781
970
77
0
0
0
5780
1325
1917
0
4920
0
0
1088
1421
0
5584
1464
5824
609
0
0
3136
5005
518
0
360
693
0
0
690
0
0
0
0
0
2640
3952
0
580
3978
4095
1253
0
1320
865
0
4272
0
3520
2880
3940
1058
6615
0
6615
0
0
30
0
0
2112
0
0
782
165
1536
0
3376
2088
432
0
0
2070
0
513
4590
0
668
4191
464
0
336
4381
192
1608
0
0
0
6304
0
1710
0
2400
0
0
0
1233
1029
0
1206
0
2310
0
0
0
672
1734
0
1832
1280
0
0
0
3052
0
0
3870
0
0
5640
0
726
0
0
0
0
0
0
0
0
5565
0
0
7191
0
1392
0
0
0
1820
0
504
4193
1356
0
0
0
1188
2268
2850
0
3759
0
5824
5746
0
0
0
1005
2646
3982
112
2880
0
1666
32
0
1095
308
0
267
0
0
359
0
3420
2316
516
0
440
0
605
3419
0
4608
2121
3360
1248
2499
0
1528
1263
0
0
0
1312
0
0
0
0
4102
1155
4867
522
0
0
2673
3753
0
4536
604
0
0
567
0
0
776
404
1376
0
0
0
1642
0
0
1305
213
5920
0
0
7459
426
858
2128
0
0
0
0
185
2266
0
222
3152
0
0
2093
3402
0
0
0
0
3825
1744
381
544
0
0
0
4212
3133
0
0
0
0
0
1790
0
0
0
4572
0
546
1683
0
0
0
2288
0
1080
0
0
4359
0
5814
5424
1440
1449
0
0
0
430
0
3024
1124
3660
1344
3311
240
0
0
0
0
0
0
0
0
0
540
0
0
0
0
1296
0
0
0
4540
4050
2270
0
0
66
0
0
0
24
0
0
170
0
0
957
2716
6936
0
2050
0
128
3087
5512
0
0
0
3456
0
2067
1350
0
5744
0
0
0
4071
0
972
7222
0
0
5216
1292
180
0
0
333
0
0
0
465
0
0
0
0
6910
2805
0
0
2064
0
0
1688
1568
210
3828
270
4170
0
2388
5776
2370
0
1557
0
0
2093
0
0
3377
380
928
4439
0
0
996
5370
3576
7819
2912
1870
2394
4968
0
2628
0
0
3
0
0
1206
1848
1992
5295
0
0
1380
2555
0
0
0
1340
0
520
6494
2250
6664
3
812
4172
0
3630
0
0
0
0
3435
0
0
216
0
1020
0
4245
2145
0
1296
912
730
0
1590
0
3948
780
0
176
0
0
2160
0
0
792
0
0
5220
951
0
0
0
0
1435
7303
5525
0
3078
966
1079
624
0
0
0
2805
6496
0
1246
0
0
0
0
4125
1320
0
6154
7478
0
108
0
3710
0
0
0
0
0
1700
0
1347
2225
1419
0
0
0
435
2954
1038
0
0
0
1926
0
0
1615
2136
890
0
0
495
4609
0
192
0
0
3080
0
0
5888
0
0
4484
1905
0
735
1187
882
380
3444
5016
0
0
2040
2730
0
0
0
0
5100
3200
6612
5280
0
120
2870
0
830
2717
637
0
1036
0
0
2872
0
0
0
5317
0
0
1926
0
1347
5920
0
0
0
0
2064
4384
0
0
190
702
273
0
1392
0
2784
0
486
1408
0
49
2430
5584
0
665
2505
0
0
0
0
0
2040
0
2740
1771
0
0
4199
726
192
4658
0
452
168
0
165
0
2416
0
0
1037
0
450
0
0
2926
0
0
0
1052
1368
0
369
3128
2690
1967
0
0
0
1970
0
0
294
543
0
0
2310
0
2739
3123
2150
5328
728
0
6465
0
6255
2340
0
7409
0
0
0
0
3471
0
0
3654
2607
2475
0
2002
0
3315
0
0
217
1749
0
0
0
0
0
0
2121
0
7820
0
1436
2547
0
0
0
39
0
4116
602
0
0
1272
240
0
0
0
1376
0
0
1456
3996
4777
0
5880
0
0
3354
0
3848
0
0
1176
0
1595
2478
6180
0
0
7022
14
5232
0
0
5292
0
1500
0
1220
0
0
1761
0
108
0
5715
0
808
370
1869
729
4090
885
183
0
0
0
0
0
0
2328
0
0
1602
1933
0
0
0
0
0
64
0
0
631
3008
0
334
0
0
0
3180
0
0
0
0
0
0
1649
0
0
0
0
0
0
1776
0
2128
0
0
0
0
0
162
0
2950
2104
2376
0
0
0
240
0
403
2051
567
6120
0
0
0
714
4090
544
3840
0
0
0
1785
3460
1108
2370
0
7905
2500
0
0
0
1190
0
0
0
2120
0
3170
2003
1872
960
3082
0
0
0
0
468
576
1710
1323
2007
0
7596
0
595
0
0
2232
91
120
1436
0
0
0
3003
2790
0
248
2940
0
0
1717
0
0
0
3009
0
0
3288
3178
0
0
48
1944
2904
2200
6080
345
0
2215
1338
1940
0
0
0
0
0
0
0
2394
0
4164
2502
1180
0
0
0
6375
0
4656
3780
0
3366
0
0
0
0
0
0
3655
0
0
2178
0
0
63
0
0
0
3808
0
2821
0
946
0
0
0
1104
2880
0
2436
1897
0
4524
0
1496
1150
0
1275
3402
215
0
0
2064
0
0
0
411
1170
0
1691
0
2190
0
720
4758
0
4620
0
0
2353
0
0
0
663
7462
6319
0
3570
3800
2940
495
0
1000
0
0
0
316
4836
1272
1854
36
1257
3298
81
6636
312
688
0
0
0
0
5840
1820
0
2079
446
0
0
0
1647
0
0
0
2688
2401
1080
2704
0
1560
0
416
2632
900
0
5239
0
4667
2765
3744
477
5008
1944
0
0
960
0
4030
0
0
1880
0
0
0
0
150
836
0
0
0
0
1200
0
0
1076
2406
4318
0
0
72
2562
0
3885
3014
0
3368
0
1476
0
0
0
3683
5869
2608
0
0
0
0
0
6863
0
0
3136
272
871
0
776
1012
3285
1284
0
0
2156
0
341
0
1296
0
0
0
840
0
0
2528
1185
0
0
0
3033
0
1260
0
242
3064
0
0
3839
0
2485
0
0
0
0
0
1390
0
2068
0
200
0
5320
561
0
3924
1584
0
0
1593
3795
1359
5567
0
5100
0
44
1837
0
0
0
0
0
0
0
0
2805
727
5040
490
3465
1165
0
3597
0
0
0
476
1704
852
0
0
0
0
0
3360
0
0
3948
434
0
1700
0
5475
0
0
0
1609
1304
736
2352
0
0
762
1340
144
759
1704
0
4873
4264
0
234
336
0
690
5066
525
0
0
5018
0
0
0
0
0
0
0
2124
0
0
364
0
768
1926
55
0
5194
1953
0
351
0
3942
2367
1521
636
780
4596
0
0
0
0
0
7422
4440
0
0
896
0
3480
90
0
4290
2442
1170
1140
4719
1925
0
0
3040
0
0
0
2412
2590
375
0
0
0
0
2015
0
4199
84
240
0
0
0
0
0
1275
2916
0
0
0
1392
0
2700
585
0
0
4488
0
3916
0
0
0
0
0
0
0
0
0
0
0
0
2904
1420
0
0
576
0
910
0
0
3934
0
705
0
5389
2268
4498
0
0
0
0
728
0
3256
0
0
890
0
1372
0
267
588
2839
5628
1870
0
0
0
702
0
0
486
0
408
117
0
0
0
0
0
4190
4161
0
2416
0
0
3672
0
0
944
1525
6018
5865
456
2598
0
0
1272
1121
0
0
0
5319
0
2253
0
0
1360
888
0
4843
1220
1902
752
3315
0
1638
0
235
2624
0
0
0
1140
732
788
0
0
2862
0
0
2520
0
0
738
495
1098
0
0
0
0
0
3510
2856
0
0
0
0
0
1836
3930
0
0
0
0
0
0
1575
0
0
4279
0
0
4462
0
0
0
0
0
3707
2891
1085
0
6144
0
0
0
0
2035
0
4450
1708
3420
2990
0
0
4488
0
0
0
1799
650
0
0
276
711
275
272
0
1360
0
1246
255
0
0
2893
2151
0
0
0
400
4684
0
0
1798
0
639
0
0
3408
0
0
0
1725
0
3232
0
0
3825
935
0
1528
767
2650
5550
0
0
0
0
3328
0
126
1070
0
1551
0
60
0
0
1660
5712
0
6400
0
714
4986
5778
0
0
0
3410
0
469
816
0
0
0
0
0
0
1791
1128
0
2303
2112
1020
1416
0
0
0
0
2160
0
1245
30
6120
30
2961
609
1013
0
0
0
3146
0
2133
1284
0
0
0
0
0
1620
0
1340
0
0
1717
5967
0
390
1405
0
0
0
0
0
396
5430
0
6178
0
0
754
2259
2696
2882
0
0
0
0
0
0
0
0
770
0
0
510
2970
0
385
4147
0
5318
0
0
4840
5760
1012
0
0
0
5440
2002
0
0
2490
0
0
1136
0
1164
0
4500
750
0
2230
0
0
0
0
0
0
0
0
12
1676
0
0
3081
0
0
1974
3780
0
0
0
0
0
0
0
784
0
1510
504
0
0
0
4029
1281
0
0
0
0
0
0
0
3164
0
297
3
0
0
0
390
0
0
0
5899
81
0
0
0
3290
0
1230
0
1760
0
453
0
1127
723
0
4158
0
0
0
0
0
0
425
2871
768
0
120
0
0
0
1518
0
4521
0
576
0
4914
1141
0
0
0
935
0
0
0
0
110
0
0
1614
0
0
208
2080
0
1263
264
3599
0
308
2324
0
1140
0
0
770
0
2210
0
0
0
6195
1904
0
1477
1995
0
0
266
1356
0
1183
2088
873
0
6396
1508
4740
1490
3304
1465
2222
0
0
0
0
182
0
5082
795
0
0
6130
0
0
0
189
288
0
3384
1785
0
1470
0
2521
2064
5250
0
0
2249
0
3600
1220
2646
0
2037
0
0
0
0
915
2522
0
0
0
1862
1105
0
0
3930
0
2064
0
0
0
0
3224
0
0
0
0
2834
0
224
0
48
0
135
90
0
3500
0
0
0
0
4645
4914
882
2810
1884
0
940
0
1692
750
0
429
0
3610
5488
4693
0
0
0
1590
0
0
0
0
0
6761
0
0
213
0
0
3960
4690
0
3540
154
704
0
0
788
0
1980
550
0
0
0
6112
0
0
995
0
133
5712
3750
0
592
528
595
2170
0
216
1543
4280
0
764
3066
0
1484
378
0
128
3615
2075
0
985
1068
0
1630
0
0
0
2737
648
0
0
1736
1725
0
3052
0
0
0
1056
705
730
0
1312
2786
0
2140
1539
3968
3136
0
0
0
246
0
0
0
1824
0
0
0
1652
0
0
2317
2028
712
2065
1540
3141
0
0
0
0
0
2196
0
1342
0
880
0
1419
0
2145
0
4080
0
0
0
0
2471
702
0
1064
1665
0
0
0
1158
0
0
0
0
0
2240
483
1162
2724
1572
0
0
128
560
1665
0
1047
1162
0
0
2034
0
5644
205
5712
0
0
3795
0
0
0
1005
2115
0
888
0
2421
0
0
2226
0
1184
4827
1332
1588
0
595
1456
0
0
3042
2304
0
0
0
0
0
0
3276
0
364
0
0
5984
1529
1500
2420
5110
0
0
6363
980
2352
0
0
664
1737
0
606
0
0
0
0
0
0
2058
4284
1040
0
0
45
0
1496
1352
5224
0
0
2871
4108
2689
4140
973
0
0
0
0
0
5088
0
1782
3939
585
0
0
1650
0
0
3375
234
0
0
0
0
0
897
0
0
2384
4260
0
0
2086
0
0
0
0
0
2128
7014
0
0
0
0
4230
0
0
0
960
411
0
693
1826
2350
0
0
0
0
1300
4950
0
3181
2805
3136
0
0
4113
2910
1690
0
0
5595
1344
3206
1562
0
0
603
0
0
1399
0
0
0
0
2198
0
0
0
656
2771
490
0
1420
3780
0
165
4437
0
1140
0
1408
2810
978
3552
0
935
350
0
0
304
180
0
2648
0
1210
0
4097
0
1605
2176
0
2990
2384
3679
0
0
3132
558
0
0
0
0
0
0
0
0
0
6156
0
0
728
0
2282
5316
425
688
0
0
0
720
0
1720
474
0
0
5665
3740
0
1455
616
0
4682
3807
0
0
0
0
0
0
0
460
945
1881
0
0
0
0
0
800
1032
750
0
855
629
0
0
0
1216
210
4615
0
0
1855
700
2513
0
0
0
2565
0
972
1557
0
0
0
102
180
0
0
0
624
1458
1104
2982
0
0
0
0
1780
4064
0
1840
2032
1710
5247
1134
0
0
324
0
1124
0
0
0
0
0
3216
2191
114
0
0
1872
0
2580
0
0
1075
2295
0
0
7056
1344
0
0
0
0
2784
3912
0
0
196
0
0
1938
2265
1560
15
7361
0
0
1494
0
0
1059
1092
0
0
0
378
4873
0
4437
783
4641
772
0
0
3990
2686
0
1743
5404
0
1808
456
0
1470
532
1080
0
0
0
3762
0
1460
0
0
3510
0
0
0
603
0
0
0
3118
0
4653
5757
0
3360
0
221
4680
0
3420
0
0
0
0
2592
1890
6273
0
0
504
0
0
0
0
2560
108
578
0
0
1254
0
1341
0
0
519
5508
6307
660
3750
5984
0
1065
1974
1168
633
572
5693
1425
812
0
140
5852
4540
2128
558
0
0
0
0
0
52
0
2544
0
931
7310
174
0
0
0
1338
0
2748
4352
0
0
1300
0
1620
480
0
1545
6511
5083
0
0
0
1545
0
1394
7041
0
0
800
10
0
2842
0
1776
522
0
0
0
4526
0
90
0
2961
764
0
0
0
1055
1932
0
1350
1719
0
0
0
0
348
1656
4284
0
0
1876
0
1408
2756
0
1557
2205
0
906
0
5028
4752
0
1920
822
0
0
0
648
0
4554
6457
0
0
0
3069
0
7062
0
4001
4641
0
0
0
96
0
2233
0
100
2952
0
0
2478
0
0
1925
0
2288
0
72
0
0
0
0
0
0
3225
180
0
0
0
0
2691
2119
2272
370
0
1542
1422
3760
0
336
1044
0
2
2230
0
0
984
594
1015
0
0
0
1675
2339
0
843
1520
0
5581
0
2744
2364
950
1452
363
1708
480
0
578
585
0
5916
0
855
0
736
0
2634
4256
0
705
1368
0
156
5096
687
1275
0
3030
0
6813
0
2192
5446
780
0
0
679
0
0
375
0
330
0
0
917
2937
0
6480
1320
1904
1225
0
912
2955
2184
6576
0
6495
6955
141
0
1116
2385
1430
1015
0
0
720
0
0
0
0
0
1892
0
2652
6175
0
518
1050
0
900
0
2685
0
0
0
0
0
136
330
0
0
2704
0
5175
0
903
0
0
1624
0
1772
0
2002
0
1638
310
4800
1740
0
600
0
1371
2352
0
2782
864
0
0
0
2691
0
264
0
0
0
4641
0
771
1092
1710
0
5984
3232
0
891
0
2211
0
0
3135
2275
915
0
6092
0
0
0
352
1207
1716
2574
2466
0
0
0
130
0
5732
0
0
0
1575
0
0
3120
0
0
0
0
2680
0
1404
0
0
0
0
168
0
0
0
635
0
0
4050
0
0
0
0
0
7448
2896
0
2709
0
1134
0
1530
822
0
608
0
84
6912
0
0
2325
512
0
0
1866
0
6411
182
924
5406
3150
2863
0
0
0
0
0
0
0
0
1520
696
0
6375
3321
0
0
0
3400
888
4494
5952
105
0
4140
0
920
0
0
6256
2064
0
3248
0
0
0
0
0
0
1090
6450
0
5151
0
0
2100
0
0
1035
240
2358
0
0
992
0
0
0
3969
0
0
0
0
1944
3330
208
0
2849
0
0
0
0
906
3883
2700
0
816
0
0
4435
0
780
0
0
0
0
0
0
1575
2770
0
0
1049
584
0
0
798
0
0
2556
500
0
0
356
3169
0
0
3024
2892
0
2776
0
2070
1336
834
0
0
1526
1032
0
0
0
0
4950
906
0
1496
0
0
885
0
0
0
1022
0
4303
0
795
5250
3247
0
0
0
1053
856
0
2222
0
0
0
0
7567
2538
0
846
0
684
4435
861
0
0
0
0
0
0
0
0
1664
0
1645
0
0
2836
0
0
0
36
6560
0
1280
2418
0
0
0
2977
4096
2020
0
3520
954
0
6804
320
0
0
0
6070
4942
0
0
0
0
0
2678
3792
476
5022
0
396
0
888
0
603
0
0
0
3112
0
4708
0
0
1032
0
0
164
18
0
0
99
4074
0
0
5746
60
0
1332
4014
1688
1617
0
0
0
744
343
0
0
5356
1424
288
777
0
0
0
0
1225
1015
0
0
754
2673
0
0
0
0
3724
0
0
3408
927
0
0
0
0
570
0
0
4340
0
0
1632
798
0
0
0
738
0
7794
0
5136
0
2149
2240
0
0
0
0
0
0
3774
0
0
244
4224
0
1080
0
3825
0
2110
0
0
0
2130
2190
0
3880
0
0
0
812
400
336
0
836
0
2620
4209
0
0
0
0
6336
0
3440
0
0
0
3590
2235
0
0
0
1980
1071
2805
0
1950
848
0
0
1794
0
1580
280
129
0
0
2030
0
0
0
0
0
0
0
0
2320
0
0
0
0
0
236
0
528
0
0
0
696
0
0
0
0
1144
0
1638
0
2000
0
1740
1705
0
0
0
0
0
4200
2814
0
0
1692
5355
539
0
0
2100
0
0
0
4404
0
1003
0
0
0
0
0
0
0
0
0
728
0
1098
0
0
4092
0
2912
0
0
871
612
32
0
0
4248
0
0
1056
0
1029
0
0
0
255
1680
4743
2514
3654
2
1092
2080
828
0
0
1584
0
0
1677
0
966
0
1393
0
0
55
0
4176
0
0
0
0
0
6688
6195
0
0
0
0
0
0
5463
4682
5572
4344
636
0
0
1960
6288
3808
177
1428
0
3820
0
2816
255
429
414
672
2448
4809
0
1677
0
0
0
0
544
0
96
559
0
0
0
2760
0
910
1488
2936
3735
0
1998
3852
0
442
614
0
0
0
0
0
0
3043
2334
0
405
0
308
1065
2331
0
198
0
110
0
0
0
0
84
0
1976
0
336
0
880
1547
0
80
3936
0
0
287
0
3980
0
0
0
0
0
2394
0
0
0
0
0
0
3669
0
0
0
0
1144
0
3056
3156
2565
0
2667
4016
0
3312
0
0
1908
0
0
1848
1089
0
0
1930
2142
0
0
2672
0
2985
0
0
2616
774
0
426
14
0
4760
0
0
0
0
5652
0
0
2497
0
0
0
0
2541
0
774
3870
1305
423
0
0
1185
4835
1518
780
0
642
0
2979
955
0
3258
2368
6055
120
0
0
3024
0
0
0
7910
0
0
0
3553
0
0
3289
6171
0
4947
552
0
0
1431
296
0
0
825
860
0
0
3708
0
0
2050
873
1515
2954
5423
4845
4353
0
0
0
6409
4277
2562
54
0
5184
1330
3564
0
1161
0
4999
0
1044
2175
432
1520
492
3368
1288
0
0
652
0
195
1032
0
0
0
0
4213
1388
0
0
5205
0
2789
0
0
0
984
5661
2456
812
1705
3541
0
448
3760
2662
0
1638
0
870
0
0
5389
0
0
0
0
0
729
2016
0
0
0
799
0
1340
3170
192
580
1116
0
3159
0
0
0
0
0
2672
2240
0
0
0
1316
0
0
0
5392
0
0
0
0
2717
0
0
478
0
0
0
1947
0
1300
0
0
1236
0
0
576
0
904
0
1224
726
5559
0
2065
0
2576
2970
0
3723
2574
0
2262
6034
0
0
0
0
0
2454
0
0
0
0
0
0
1440
0
0
56
2274
0
0
3540
0
0
2768
0
1320
0
0
3152
0
504
3504
407
1104
0
0
1041
0
0
5680
5610
3920
5586
3798
1296
1890
0
0
660
5244
0
1435
0
0
122
882
880
0
2016
0
0
0
1243
1708
0
0
0
0
1584
90
1460
1066
0
0
1610
0
0
3906
0
0
772
1254
846
2387
0
0
0
0
0
0
2000
182
0
868
1236
1756
0
0
0
308
0
0
1820
0
1148
0
0
0
1815
0
2382
1128
1728
0
170
0
0
0
556
816
0
0
0
0
268
5221
6304
0
5968
888
7740
0
2230
0
2460
630
0
0
2688
5174
80
0
0
1134
0
0
0
0
0
3640
0
45
2080
0
0
0
2270
990
0
1035
1793
632
168
1528
858
2780
1215
825
0
396
386
1326
1965
1397
0
0
5016
0
714
1332
0
0
0
1134
0
2184
0
0
4220
0
0
4074
5088
604
688
156
0
0
0
1200
1108
0
0
0
0
6090
0
484
3
3393
2100
164
0
2900
2340
0
6443
16
190
3806
3586
0
0
4544
3600
2040
3060
0
2808
4900
0
4524
0
826
0
2808
0
1630
4930
512
0
0
948
0
2520
0
0
0
0
0
0
0
0
0
2688
0
0
0
0
792
0
0
0
0
0
0
621
1496
0
0
670
0
2140
5112
3039
0
0
1206
0
6048
3982
0
0
1935
565
7679
0
0
0
0
522
1027
0
0
0
4784
0
0
0
0
0
1304
0
0
1764
0
0
0
0
0
0
2210
0
0
0
4420
0
30
0
138
63
1794
2982
0
32
3368
0
0
0
1177
8929
0
3128
0
0
0
1166
2585
1020
0
5568
2230
5124
1958
5824
0
0
1200
0
2449
140
0
2824
932
304
2685
1218
0
4380
0
0
0
0
3136
0
0
0
957
7242
2106
0
0
250
0
2400
0
0
0
2034
0
1704
0
2085
3440
3024
4620
1008
0
0
1350
734
5462
0
0
0
945
0
0
0
376
0
3569
390
0
0
1928
875
0
3810
1946
723
714
0
462
0
0
1225
1666
4180
0
3440
5169
340
0
4515
0
0
0
1080
44
0
0
0
2392
0
0
0
0
0
190
1136
198
0
0
5908
0
1728
952
0
0
0
0
156
864
3570
519
2800
0
0
0
0
0
3204
3230
0
0
1185
3350
0
0
972
1575
0
0
0
0
4225
0
0
0
2470
0
0
2100
1071
0
1449
0
0
0
1494
0
0
0
1485
0
0
3502
0
0
0
0
0
1992
0
234
0
0
522
0
586
468
0
7106
3910
1664
0
544
91
0
0
819
0
0
0
1104
3010
0
2786
1266
3024
0
0
0
0
0
4082
4964
5775
2128
0
342
975
0
2112
176
5209
0
5730
222
2484
5854
0
0
1566
0
903
0
3016
0
0
3577
70
175
990
1371
1350
0
0
2121
0
676
372
0
0
0
0
0
0
0
5746
3864
0
5670
0
0
0
960
0
365
0
1404
0
0
78
4260
0
0
876
0
0
0
0
0
360
0
4140
1656
532
0
0
0
5661
0
2817
3390
0
3456
0
2680
5404
489
1023
741
0
1830
0
0
2058
0
0
0
1818
0
0
525
0
0
0
0
4323
2655
0
2453
0
0
0
0
0
1500
0
3014
0
0
1026
0
0
0
0
0
0
0
2112
3360
5950
608
0
2003
0
0
0
0
0
0
2597
0
0
0
0
0
0
2226
2316
0
0
1288
0
0
0
0
0
0
0
1708
0
4485
0
0
4085
0
0
1375
5668
120
0
0
0
3357
3056
1199
3345
4743
0
0
3392
2541
0
1092
0
0
1008
1600
1981
0
2970
0
0
1360
0
4709
0
4878
2552
0
0
0
216
0
0
0
0
0
315
0
90
1564
1080
0
0
742
1344
0
5280
3666
1540
752
3564
1044
3810
488
0
925
1170
5072
0
264
2168
632
1290
828
0
0
2196
960
0
3223
1269
1944
0
0
2070
4030
0
0
512
0
6102
1748
1485
5473
3040
0
1546
2420
0
0
0
1184
0
1197
0
2394
0
2250
0
3360
1065
0
465
422
0
657
0
0
0
0
1674
0
0
4150
7474
0
0
3744
0
2259
444
1508
6135
0
1740
1685
0
0
642
0
0
615
0
0
0
704
2124
35
0
3780
2924
1118
480
0
2075
2736
5124
2338
1859
1639
0
424
0
2639
1782
0
5135
5634
435
2414
0
2480
0
1140
0
0
0
0
3740
6592
180
3638
5572
0
0
0
4888
1692
0
890
0
0
0
1990
0
0
0
0
0
0
0
3248
0
9
2328
600
1106
3476
2895
1018
4411
0
0
3843
0
630
1485
0
0
0
0
0
0
5236
0
0
3
0
0
636
0
0
0
1302
0
40
0
3501
0
0
2184
429
0
6525
0
1548
737
0
0
4144
0
0
450
2752
1638
3806
0
1520
0
0
0
0
988
2960
0
0
0
0
369
0
156
558
0
1104
0
0
2258
0
756
693
0
0
0
250
6135
273
0
0
0
0
0
0
0
0
2212
0
0
0
0
276
6154
0
0
0
420
1200
1716
0
0
0
5574
0
1287
0
7911
0
1859
0
0
0
2210
1768
0
4810
0
6880
0
0
6210
0
1404
0
0
0
2110
0
1575
0
0
1617
678
0
0
0
0
0
0
4194
0
0
5278
0
0
1296
0
496
2940
0
1048
3740
0
0
2250
0
0
725
0
364
0
168
0
4424
0
0
0
0
0
0
2160
0
0
0
802
0
6180
1034
0
1780
210
108
0
2772
2198
4230
0
1764
0
0
0
0
2823
0
0
1296
0
0
4524
0
345
0
3014
0
3064
0
288
5055
0
6605
207
0
0
0
0
0
2415
0
3204
2547
1652
702
0
0
0
7042
0
1992
0
0
0
0
3488
230
1182
0
4176
0
2286
0
0
804
814
0
0
120
0
0
0
0
2072
2891
4536
936
5644
0
915
0
0
4110
0
0
0
0
0
3507
2002
1218
0
0
2184
0
195
0
4248
0
0
1260
0
242
0
1410
0
1598
3962
270
1632
0
0
0
0
0
0
1512
0
0
2170
0
960
0
0
498
0
3945
704
0
0
0
0
4429
765
0
0
0
0
0
0
0
3057
0
0
145
0
0
60
0
1932
0
0
1572
0
0
665
0
0
2827
148
130
0
0
5222
2769
0
0
3792
0
798
0
0
0
0
0
0
558
1617
0
0
621
0
0
1512
0
0
4384
0
2619
0
0
0
0
5719
6048
0
0
846
6932
0
0
2727
0
2590
0
0
3016
0
3536
0
4466
0
0
0
0
1937
4008
0
0
576
532
0
0
0
1216
790
2245
1068
0
1871
0
2800
1022
0
2398
0
936
0
0
2928
0
0
0
0
0
384
2245
0
1336
256
0
0
785
0
0
2826
0
0
291
1596
0
1330
0
0
0
810
0
7793
0
3562
143
712
210
4728
0
2370
0
0
0
2385
1904
0
0
0
6030
0
3713
432
0
2569
4797
0
3640
688
0
1330
0
833
2496
530
1431
796
0
344
240
1834
2076
0
4117
1672
2025
0
0
1616
3120
0
1453
0
245
5698
0
0
0
1476
4560
200
0
669
375
1656
0
0
984
0
0
0
0
0
0
0
0
0
999
0
830
0
0
936
2928
5280
0
0
88
6096
2340
3120
0
1173
0
2814
0
0
170
5325
0
600
1332
0
2574
0
4083
780
0
0
5280
0
4173
0
4862
276
680
1656
0
1300
1098
2310
1327
0
0
1524
2665
1881
0
0
0
1710
110
0
0
0
5955
3446
0
0
0
5005
2064
105
0
1990
0
0
0
0
3179
0
0
0
1317
2046
0
0
6205
0
0
0
0
435
1696
0
0
2772
0
0
0
976
5120
0
0
420
3648
0
0
0
0
0
0
0
4680
0
0
0
0
0
0
0
0
0
1583
0
0
0
4849
0
0
0
0
858
1245
0
1640
0
0
0
0
0
2413
0
0
0
3393
0
1323
0
273
0
720
0
1320
0
0
255
0
0
6594
4403
0
1044
0
0
4658
1695
2155
3498
0
0
0
880
360
0
0
0
3770
456
3770
0
5542
792
0
0
4662
1080
432
750
0
0
4928
898
272
2652
0
0
0
0
0
0
0
0
3168
3834
5372
5325
1848
0
1747
0
0
2046
562
0
0
0
4940
1650
0
0
0
0
0
0
970
0
0
0
2561
0
0
1635
0
0
0
0
0
1040
946
0
3168
6545
6138
0
456
0
1287
2662
1020
0
0
3115
0
2884
0
0
4800
0
0
3420
966
110
0
2165
1932
1460
0
0
1962
1015
0
0
0
0
4215
0
140
0
1472
0
1911
30
0
1671
0
0
0
0
1690
0
966
2454
1752
1488
0
3483
5936
0
0
0
6368
132
0
0
246
1205
0
0
1930
544
0
0
0
3496
0
0
1806
0
0
0
51
1680
5040
0
5235
0
0
0
0
0
126
0
0
0
1540
0
0
1020
0
2934
535
0
1056
0
0
4264
0
736
0
4905
1841
0
0
0
0
2736
1916
0
2685
6704
3248
3632
5910
2373
2647
0
2397
684
0
5655
1648
0
0
0
0
0
0
0
0
582
21
0
0
1040
4716
3003
0
1529
3228
0
820
0
3816
325
2865
868
0
2123
4144
0
0
1155
1890
1520
0
0
4556
602
1435
0
384
0
2980
0
0
675
960
3264
0
2975
4158
0
0
0
0
0
0
0
0
0
0
0
1365
186
170
0
960
0
552
0
0
1951
744
0
0
581
3332
0
0
5310
0
0
0
693
0
0
0
70
1628
1224
0
0
0
0
3420
0
0
0
1300
0
0
0
0
1920
4030
4386
0
0
0
6062
0
116
2691
0
0
0
531
0
0
0
0
972
2176
0
0
3330
0
1344
0
0
0
560
18
72
1278
0
606
5664
2040
928
0
0
0
476
0
2274
2142
0
0
0
210
0
0
4642
3178
1210
0
0
0
1700
4104
1435
0
4332
0
0
40
0
0
5057
5516
3430
0
0
1980
4034
0
0
1228
3008
0
744
2392
0
1260
5004
1728
0
0
0
0
4155
490
2544
0
0
0
0
0
1655
0
0
0
219
3059
0
658
0
0
1425
6931
630
3201
1485
0
0
1448
476
0
3205
221
0
0
3156
0
0
0
0
816
1899
0
1985
0
0
0
828
0
3168
4279
0
0
1710
0
3383
1428
0
656
0
0
1294
1205
0
1008
3120
1536
0
0
0
0
2220
2555
3330
0
5646
2794
0
2520
1995
2652
0
1696
0
0
0
0
0
0
0
0
2862
1200
1564
0
2808
4110
0
0
0
1452
1084
0
0
540
3936
0
0
0
0
0
0
0
165
0
0
4512
3888
0
2282
0
0
0
1854
0
3621
1264
0
0
628
0
0
0
205
3438
0
0
0
2280
0
1113
0
0
0
592
1370
0
1036
0
0
0
144
0
0
0
3610
0
0
2272
0
0
1396
1110
0
830
0
2565
1520
0
0
3776
1680
0
0
1760
3240
270
0
0
2680
350
2610
656
1881
0
533
0
1005
78
0
0
0
0
0
0
0
1500
4848
1216
685
0
0
4240
0
0
1749
1544
0
0
0
0
2105
3921
3613
0
0
0
1287
7647
0
1164
0
5700
2851
330
0
0
2660
5984
0
0
0
5486
5740
0
0
0
753
2353
0
5520
2937
0
2020
0
0
0
2527
6732
0
0
0
0
0
0
1947
1464
0
1092
371
2065
2219
0
784
1278
0
0
640
0
660
0
1596
639
2202
3276
1152
2295
1407
0
66
1665
0
0
672
0
0
0
0
0
4745
3638
4214
2187
0
0
0
614
0
0
6540
1768
1680
0
2016
0
3465
0
0
2700
1980
590
0
0
4338
0
0
6784
0
336
0
0
912
3737
0
2499
801
0
1008
2661
390
0
0
425
0
0
2187
2527
0
0
0
518
312
168
0
1338
0
0
0
6960
235
3516
1440
0
1530
144
0
468
0
0
785
0
0
0
0
0
0
0
1155
0
0
0
980
2620
0
0
0
0
0
840
0
0
0
6582
3555
0
0
0
0
0
0
0
0
7048
0
0
0
6677
0
0
1474
775
852
0
0
0
0
1790
0
0
0
0
0
3591
0
408
0
2331
0
0
0
1836
0
1360
576
2422
2484
1512
0
0
1800
0
0
0
2862
0
0
0
699
1540
0
2424
0
0
2849
0
290
0
0
0
1482
0
819
0
1880
2312
0
3880
0
4145
0
0
0
1320
2061
0
833
0
0
4225
0
0
5805
5502
1720
0
4512
828
4006
0
0
1056
5640
1135
0
5899
2190
0
0
870
3024
5297
0
0
0
0
0
0
0
0
51
2100
153
326
512
0
5790
0
0
0
5310
1780
7005
0
4284
0
2980
5424
4437
616
0
1410
2464
0
0
2639
936
600
0
504
0
0
3936
0
0
2409
0
285
0
0
2010
2316
0
0
0
0
0
0
0
4537
0
0
1496
0
1269
0
2100
0
3025
6115
0
0
1248
0
2483
385
0
0
0
4776
0
1920
0
0
0
0
459
0
4440
0
0
1236
7051
442
3206
0
0
480
1350
0
48
0
0
3200
0
0
0
1179
0
3488
0
188
0
228
0
0
0
0
4896
806
0
0
0
0
1551
2570
0
0
0
1644
0
0
1376
0
0
0
0
0
0
0
0
2934
0
3610
348
840
0
318
1600
0
0
0
0
0
0
4404
2254
0
0
0
0
0
4980
0
4022
0
0
552
0
0
906
1339
954
1855
864
0
6112
3151
0
325
232
0
1056
510
3648
0
981
0
0
0
896
624
0
0
670
0
0
0
432
686
0
0
0
5296
0
0
0
0
2716
708
0
5808
3960
2408
0
5564
0
94
6921
0
0
4606
0
0
0
790
0
6261
0
0
436
0
0
9817
0
0
0
0
0
0
3940
0
0
0
5746
1341
534
0
942
0
1760
605
1630
0
0
0
2656
238
0
0
0
0
0
0
0
2136
1170
1308
4824
444
2429
0
4421
0
0
0
2054
0
0
0
7817
2490
0
0
0
3792
0
0
4210
0
4740
0
1629
0
1746
2100
505
0
0
0
0
1136
0
0
0
0
0
1232
0
560
0
0
2838
1060
4830
396
21
0
0
1218
0
4
0
0
0
0
5908
4357
6498
0
873
0
1312
1284
0
0
0
1131
0
0
0
0
760
911
0
0
1309
1155
0
1704
0
2193
0
2510
156
0
0
0
652
0
0
396
0
0
0
2688
0
2844
3159
1421
3
2640
0
1115
1985
0
2916
3024
568
1336
0
0
33
1804
0
225
0
495
1170
1424
0
3514
0
0
248
0
0
1420
0
0
1632
4653
0
470
0
4016
0
0
0
0
3084
783
3540
0
1680
3417
0
0
0
0
0
0
0
0
0
0
1243
0
0
0
564
4192
1043
60
0
0
0
0
690
3872
0
620
4686
0
4609
936
0
0
6512
2890
0
0
0
0
0
1880
0
0
1196
3984
0
0
7048
0
306
0
1510
0
6396
0
308
1680
0
4464
0
1791
0
2580
0
0
0
440
1128
1005
0
7269
0
0
0
0
0
0
44
0
1578
6477
0
0
0
0
0
265
50
4680
3434
0
0
0
0
651
0
0
3696
960
2340
1830
1500
3456
3739
0
696
0
0
0
2058
3370
5625
2041
0
0
1140
0
4373
0
0
2739
2010
0
750
2508
0
76
3937
1292
0
0
0
2256
0
0
0
0
0
0
3836
0
150
0
0
5445
2712
2418
1064
0
1728
0
0
0
0
0
1519
0
0
7480
0
0
0
0
2560
864
0
804
1472
0
0
5232
0
7106
2905
0
664
3232
483
1704
0
0
0
2860
172
676
2185
0
1330
0
0
0
5520
0
4496
924
0
0
960
1836
319
0
2871
0
790
0
0
0
1840
756
0
0
0
752
2989
1185
0
1256
0
0
0
820
0
0
0
0
1355
0
2628
0
0
0
0
2380
3135
4378
1948
0
2097
2236
1036
3408
0
0
0
0
0
7477
0
1445
1512
0
0
0
0
0
0
0
0
20
6354
1872
1782
0
3536
0
0
6195
0
610
832
1323
4539
5200
0
0
3915
6
0
0
2115
0
0
0
2015
0
0
474
963
0
472
0
338
0
2130
0
4082
885
0
0
1412
0
0
0
0
0
0
0
252
6491
2760
150
30
1506
1700
1197
0
684
2670
1421
0
2
0
0
0
0
0
480
3008
0
0
0
832
1640
0
988
1807
1638
2388
280
4199
136
4296
0
608
3091
0
0
0
54
3360
3921
0
1416
0
0
0
0
1272
10
3627
3160
0
1800
299
0
0
1184
588
190
0
3828
984
3152
948
0
0
5696
6897
0
220
1360
0
1072
477
0
1164
5343
0
100
3549
0
0
3648
768
0
0
0
0
1620
0
3808
0
0
4819
0
0
0
0
0
256
0
1155
3100
0
658
0
1110
0
0
1005
0
0
0
0
689
0
564
0
3281
0
800
960
0
0
2871
4728
6372
0
408
0
1026
1734
424
3312
0
2313
0
0
0
1732
6285
0
0
27
0
0
0
2208
975
0
2550
0
0
0
4760
0
2685
1691
959
432
385
0
3654
0
0
0
0
2009
0
7486
0
1912
0
3384
35
0
1332
0
0
0
0
0
0
0
3855
2682
2190
0
0
0
3580
1885
4914
2506
522
5272
0
7399
0
0
0
0
36
609
0
0
680
0
912
1269
2640
1788
666
0
165
1089
0
0
0
0
0
2025
700
2040
3692
2472
0
2040
495
0
0
0
852
1998
0
0
0
0
0
0
3140
360
3179
36
0
0
6345
0
0
3684
0
0
0
0
0
2322
0
6672
0
0
1695
0
0
0
2153
0
3380
0
0
0
0
590
28
1680
1348
3312
272
0
0
306
1090
0
6320
5950
0
0
0
0
0
0
0
0
0
0
1456
2134
436
5440
2264
3961
2421
225
0
1000
1062
0
0
5760
3072
0
0
0
1131
1781
0
1330
3996
0
0
105
3135
2520
208
0
0
2405
4260
3648
0
792
0
39
0
684
282
0
756
0
306
0
0
0
0
0
0
745
176
3886
0
1645
735
0
1221
4445
621
0
0
0
0
0
4346
1512
1624
2910
828
459
0
2810
0
1482
990
0
3887
0
0
0
4590
1335
0
1308
0
1672
0
0
1436
2608
0
0
2635
612
1144
0
0
4768
1781
198
1785
0
1728
4522
0
6178
2171
0
800
0
0
0
0
0
0
222
2052
0
0
0
1846
0
5184
0
1498
4718
0
0
0
0
0
0
0
396
0
0
130
0
777
0
416
0
2088
0
0
24
0
0
1547
4200
0
0
0
2180
0
171
0
0
1482
2196
0
3339
2988
3250
0
4891
2380
3971
0
0
0
0
0
561
840
0
2055
3655
0
2024
909
1518
0
540
416
0
473
0
640
1030
0
0
4672
0
1084
1638
990
2008
3528
0
0
0
1820
5678
2776
0
885
2170
0
1938
846
0
0
3051
3432
0
0
1535
0
0
0
0
0
1616
0
0
1624
460
348
0
1207
0
3752
0
0
0
0
0
0
0
0
0
5792
0
1874
0
543
1794
0
3816
0
4878
1328
0
0
436
0
0
1631
5610
0
0
0
0
2090
0
0
730
6003
0
735
1564
2574
3690
0
756
0
0
1564
308
6987
0
2772
272
152
0
0
2898
1100
0
0
0
1105
0
1684
4433
1955
30
0
0
3555
3474
0
0
0
0
4782
0
1352
0
0
1746
0
903
0
0
0
0
0
831
2037
3146
0
0
221
0
0
0
0
0
0
0
630
0
0
63
0
90
0
0
0
1116
5252
444
896
0
1494
4968
0
1864
0
1295
0
0
3300
1045
0
1785
992
0
6197
0
0
1680
0
1680
1936
0
0
2036
5532
0
0
921
0
647
0
0
2145
0
0
0
664
0
1812
1864
1440
0
0
0
5598
0
0
1887
0
0
3984
808
888
294
0
0
2798
0
0
0
0
0
455
0
230
6936
0
1958
0
2664
0
0
520
0
816
0
423
1736
2340
1475
5936
240
0
0
3750
0
0
0
1203
0
1365
0
0
177
0
0
0
5655
0
1340
0
0
0
1158
0
1526
1337
0
1365
3360
4860
0
4095
3861
2400
0
0
0
1210
279
64
0
0
180
180
3996
0
0
3192
0
0
0
1788
1975
0
0
228
2192
0
0
0
0
0
1716
0
0
1224
0
0
1960
2576
0
0
7415
5290
441
0
0
0
0
0
5024
0
783
0
0
0
0
2125
1025
400
0
0
0
2944
4013
1074
1547
0
396
0
512
1827
3003
0
0
0
594
0
7001
0
0
855
0
1960
0
0
3650
0
0
0
0
1610
3681
0
0
0
1402
3792
0
6160
396
0
2412
4438
0
3490
0
0
4508
304
399
0
4995
5814
2268
0
0
4608
3150
2104
0
402
1276
0
0
0
0
1593
964
0
0
0
0
195
1558
0
0
4320
5535
0
1728
297
7239
0
0
0
810
742
0
0
1156
0
0
0
0
3645
0
0
0
0
0
1324
1914
0
2450
986
3402
0
0
70
0
0
2370
0
0
0
1083
4746
955
345
3048
0
0
0
789
1512
0
0
0
1528
4236
6460
0
1796
360
0
0
6208
0
2752
252
4920
1736
4896
0
1620
1167
99
0
0
0
5257
3836
0
0
0
0
3024
0
0
0
0
0
0
0
143
7371
0
0
0
1258
0
1224
1832
0
4387
0
0
0
0
3705
4681
2576
5213
810
5445
0
0
290
0
0
0
0
2484
1287
0
0
336
0
0
0
0
2052
0
0
6931
2976
540
0
0
436
2682
0
0
4992
0
0
0
1060
3669
1220
0
904
3757
672
0
0
590
0
0
0
126
3696
1416
0
0
0
0
0
2950
678
0
2938
0
3800
0
0
0
1920
0
2486
0
0
0
0
621
48
0
0
0
1945
0
0
2363
1600
0
0
210
0
2664
0
0
4953
1064
1958
0
0
1024
2071
2145
0
2478
0
0
0
0
0
0
0
0
2944
0
1860
0
3550
0
456
0
4979
0
1264
3608
480
5882
0
4455
715
0
2730
0
0
1111
0
3355
0
885
1852
1925
0
0
0
2625
0
2112
3234
1540
0
2466
0
0
2304
140
2104
0
6372
0
4774
0
80
0
0
0
4180
0
0
2618
0
3017
1040
0
0
0
0
0
2325
0
0
0
0
0
0
618
1239
0
0
0
3240
2723
0
1872
2301
0
0
0
0
0
0
147
0
0
4065
3564
0
0
0
4861
0
968
2022
0
0
5505
0
0
0
0
0
0
3960
0
0
3432
480
2030
0
2604
0
843
1125
552
0
504
0
0
0
775
2436
2618
5236
536
0
0
0
2019
2052
3618
0
0
0
0
1280
5321
0
294
0
0
4022
0
0
0
2223
0
0
0
0
3300
0
0
0
0
207
0
0
0
1300
0
0
440
2688
1155
0
0
0
299
0
1794
2157
2880
2138
1300
5548
5334
5477
1853
1344
4452
0
0
0
0
0
1368
0
0
0
3676
62
540
0
6588
1884
3144
0
0
0
0
0
1879
0
1856
3876
0
0
0
705
0
0
0
0
0
771
4500
2872
5610
4830
3834
0
0
2
0
4480
1887
0
0
0
0
0
0
0
0
85
0
1261
132
5100
1172
2360
0
0
2298
1101
1492
602
0
2040
5488
0
1859
2975
0
852
0
120
0
2736
0
520
3245
432
932
2849
1136
1572
1317
0
0
756
0
0
636
904
0
630
0
0
3115
0
2336
0
0
0
0
0
4788
0
68
0
208
0
0
637
1460
295
0
0
4199
0
0
126
724
0
0
772
820
3612
0
0
2608
5614
0
0
3288
0
60
1258
245
0
0
7174
0
1260
0
1314
0
0
0
420
2016
0
0
6358
2849
1400
1560
1292
783
1860
2959
2870
1232
0
2150
0
0
0
3091
582
4536
0
0
0
0
0
0
0
2094
0
2682
0
0
0
0
1530
0
791
0
0
0
4480
1591
3850
810
0
2106
0
0
0
0
4935
1280
0
1968
1932
0
0
0
4356
0
3080
0
0
0
0
0
0
2015
0
0
0
497
4499
1632
6180
700
0
0
3003
0
0
4884
0
2597
0
0
2691
0
264
0
0
2484
0
0
5088
24
4046
0
558
0
0
0
0
5558
0
0
0
0
0
0
120
0
0
0
805
0
0
2520
0
0
0
0
1107
0
1173
4404
0
0
4872
1370
2064
1650
5053
520
1876
0
1260
2808
0
1440
0
5796
4789
0
0
0
3100
0
0
0
0
204
1183
3213
0
4250
0
3630
0
4026
726
888
1374
0
1414
2580
312
1580
0
0
3556
0
0
0
0
0
0
1562
6154
0
0
140
0
0
0
3376
0
0
3366
0
484
4268
0
1845
2200
4620
1932
1798
0
0
2700
1224
2416
0
0
0
0
2715
0
1404
0
0
9127
3298
5169
0
0
0
2124
0
0
318
0
0
0
6045
0
0
0
0
0
1052
2550
5115
0
0
1053
0
5864
0
7213
5746
0
2830
666
1141
0
3420
0
3708
3546
3186
0
912
0
0
0
3185
0
864
102
3060
1234
0
0
0
1997
0
0
0
1350
370
0
656
4979
0
0
0
0
548
0
5032
6181
0
30
0
3180
4470
3900
0
2639
0
0
4020
702
0
0
0
0
7004
0
28
2100
1360
4668
2192
3
110
0
0
290
1254
351
0
3058
0
140
1925
0
3263
1272
4510
3626
0
0
4524
3828
0
0
0
803
5679
3575
5491
0
0
918
0
0
636
111
2453
2214
0
1818
1803
3145
0
0
0
0
0
0
1727
0
0
1336
3750
342
1874
1740
0
0
1632
1820
4008
432
0
0
2376
1696
5040
813
144
0
0
0
0
0
20
880
0
0
0
686
0
0
3030
0
0
0
6647
608
0
0
0
0
0
0
2130
400
0
0
0
1584
0
0
0
0
0
0
0
0
0
654
0
0
0
1248
0
0
0
0
187
1407
0
2412
0
0
0
2673
5565
0
1356
0
3798
0
525
0
1700
0
4425
0
0
164
0
0
0
0
0
0
1884
3066
760
1218
1310
0
3328
6246
750
0
0
4068
0
1720
1281
0
765
814
2857
0
0
0
0
618
0
504
0
0
0
3780
0
0
0
5432
1848
0
2145
2779
0
2924
672
6970
6229
0
0
4788
0
308
0
4466
0
4891
0
0
0
0
3112
0
0
2828
0
327
1848
4873
3924
372
1230
3990
0
5012
2592
0
4392
0
0
0
0
0
3559
0
1050
319
0
3366
0
2197
0
0
6016
0
0
0
2035
0
4356
0
840
3696
4476
400
0
0
0
3012
0
1379
1188
3924
2178
0
0
3304
3451
1464
0
1488
0
0
0
770
0
0
0
0
0
0
0
1470
0
0
2536
1085
0
0
3429
0
0
1298
1110
0
0
0
0
558
0
270
1083
189
289
0
0
675
855
0
352
2964
900
0
0
0
561
1395
2418
0
0
0
0
0
0
0
1260
1753
0
0
0
476
0
0
792
0
0
770
1687
0
0
1170
2889
0
0
0
0
285
5910
3696
243
33
3840
1560
4240
2261
2366
0
0
4560
0
0
0
2240
2037
0
1955
2981
0
1000
0
0
2898
0
780
2202
0
5838
0
768
0
0
972
1029
34
0
0
0
2022
0
0
0
990
0
1092
0
0
1536
357
3791
3104
0
1652
0
2448
4335
0
112
0
0
0
0
4518
0
1338
1208
0
0
0
504
0
805
1056
3165
0
0
0
0
3991
1012
0
0
0
1825
2737
0
2522
852
0
0
0
1815
1349
1256
80
0
0
1480
6
2640
5
0
2807
5648
0
2115
3030
4251
96
330
0
0
0
0
0
5610
0
759
0
1112
0
0
0
1200
0
0
880
0
0
0
0
0
5648
4060
0
0
0
835
5746
0
2043
0
1904
0
0
972
0
5304
4304
0
0
0
120
4692
0
0
0
0
0
2601
1575
3144
0
0
2008
231
0
0
0
3980
4598
0
0
0
72
0
0
2880
0
2491
0
0
1696
0
663
6166
0
0
843
0
0
0
3390
0
0
1278
0
0
3402
0
0
0
0
0
0
474
0
4818
0
0
0
0
0
5854
0
0
0
0
0
0
0
0
1105
0
2112
0
574
0
2235
909
2272
1135
45
0
0
4844
2160
3472
826
0
0
0
148
518
2988
304
880
2673
0
885
324
0
1404
0
2587
2312
0
1415
3948
1536
3354
0
6977
0
0
0
0
0
0
1830
2442
0
5456
0
4872
0
0
0
2613
0
0
0
0
0
795
238
0
3029
0
5128
0
0
0
1309
6040
4755
4008
2196
0
0
0
3168
3080
0
2254
0
0
0
1992
0
3940
1950
666
0
0
0
416
0
3454
362
4114
0
3490
0
0
2912
0
0
0
0
4420
0
300
0
160
4979
903
2583
5395
0
968
4656
0
105
1092
2256
0
0
2350
3310
0
1512
0
0
0
180
0
0
3000
4215
0
1975
0
1811
3375
387
1164
2820
6222
0
688
0
2013
815
0
0
1888
7078
0
403
5850
1720
0
5064
1430
4598
0
2
0
981
0
0
936
1925
3667
2880
4334
0
4075
0
1392
0
0
0
0
544
3679
3450
0
0
0
2060
0
0
0
0
0
0
0
0
2890
0
0
0
412
0
1275
126
5933
2045
0
5392
0
0
3780
0
0
0
0
0
0
3537
0
0
4233
0
0
0
0
0
0
1644
0
0
2752
3824
1225
488
3971
1504
0
3885
0
1120
1079
0
504
0
0
0
0
0
0
0
945
5016
2533
0
806
0
3399
0
2400
4770
0
0
1812
2655
162
1773
3104
0
1392
2106
3542
3632
1194
0
0
0
0
32
0
64
0
0
4573
0
879
0
1774
408
0
1830
2796
0
216
0
0
2156
5070
0
0
3982
0
0
0
555
0
450
0
0
2835
1711
0
0
5872
138
1392
675
0
1700
0
0
0
0
420
0
54
1842
2860
1380
200
0
0
0
0
2034
0
1560
2082
0
600
0
1290
2156
4404
3400
1953
880
0
2925
0
1820
0
0
0
0
805
3060
2562
0
0
0
0
0
3035
0
0
0
0
0
2935
3346
0
0
0
0
6003
0
3840
0
0
3830
966
0
1895
0
1818
876
240
3312
2580
224
2093
5110
1032
1521
0
0
0
0
920
0
0
0
5124
1288
1275
0
245
0
2844
1372
0
3933
0
2178
0
0
4396
0
0
0
0
0
4230
0
1225
0
0
0
0
0
0
0
0
0
3179
0
0
0
3765
4815
0
0
0
0
0
2334
4396
1050
0
0
0
4680
0
0
0
0
8
0
858
0
0
0
3738
2490
2656
0
790
0
0
1066
0
0
2185
0
704
965
687
0
0
0
0
3
1179
0
0
588
0
0
0
0
1134
0
0
0
4584
4506
4459
0
2310
0
0
3674
3160
0
0
0
0
0
792
0
1287
0
7901
544
1103
0
3017
0
4428
5776
0
1098
0
0
0
0
0
1998
4017
0
0
2144
0
2040
0
6020
2155
3240
0
5744
0
0
4400
0
0
0
6671
0
1148
0
0
0
918
0
6240
656
0
0
2484
5076
2186
655
0
0
3190
0
4317
0
4270
0
600
0
0
0
4800
0
2004
0
0
1668
0
192
0
0
2653
0
7047
0
0
0
72
0
0
0
0
2884
3588
0
456
0
0
0
0
0
777
0
0
2793
0
0
0
456
0
2856
3250
6456
0
0
2301
0
2079
530
948
0
2240
1356
0
0
270
0
1411
0
3248
2720
0
6135
692
0
1417
0
0
0
0
828
0
5408
0
2664
0
0
0
0
464
1484
20
0
0
0
0
0
0
0
0
2304
1736
2436
620
2420
4704
0
66
0
692
0
0
6886
0
6102
0
4832
4641
1935
2486
0
0
2024
0
0
2535
0
0
890
0
0
0
0
1316
1260
0
84
4308
0
0
2270
4812
0
2794
0
1764
161
2949
0
336
933
0
0
0
0
0
288
0
1530
0
0
7029
2870
0
1900
0
0
0
882
0
0
0
0
2626
0
6426
0
0
4992
183
0
0
732
0
7105
0
0
1288
4004
1568
0
0
0
0
0
0
2434
0
0
0
0
7476
119
3231
155
0
1140
0
0
1404
180
0
1160
0
0
0
600
0
1600
759
0
0
0
0
0
0
0
4944
0
1200
0
0
518
870
322
5408
0
468
0
0
0
0
0
3220
0
0
5558
0
0
720
0
28
0
0
0
0
0
2288
448
3485
0
0
1237
0
0
0
0
2816
0
0
758
0
990
0
1768
0
0
0
0
0
2230
0
1068
0
0
1360
0
0
2272
0
0
5688
842
1589
0
4800
2976
0
0
3872
1391
0
0
0
0
0
0
0
1722
0
0
1036
0
1035
0
0
0
7284
0
0
0
316
6528
0
0
858
0
0
0
0
0
108
0
922
2960
0
748
0
0
0
0
0
0
282
3571
0
3104
0
0
1400
0
0
3204
1719
0
0
2397
0
0
0
0
770
0
184
0
3556
0
0
0
0
4268
0
738
0
0
0
0
2583
0
0
0
0
588
0
4452
0
0
1956
0
432
1582
312
0
1491
34
1648
0
0
0
0
0
288
2552
2200
2586
0
0
0
0
2905
0
3556
3601
270
0
0
1276
0
0
0
0
0
2548
0
1396
0
0
576
0
0
423
0
0
0
0
691
4950
0
2904
6606
0
0
2926
440
0
0
825
0
0
5310
0
0
1314
0
5580
0
0
0
0
0
3580
0
0
2475
1936
1578
0
1036
2346
0
1729
0
2054
395
568
3130
0
0
762
0
0
1004
0
120
0
4648
356
2240
0
0
0
2984
0
0
0
2392
72
0
1892
0
28
0
0
0
0
0
1395
0
0
3540
203
0
0
0
2
5180
0
832
0
0
0
0
0
4862
0
0
0
3164
5064
2601
536
0
0
0
0
3420
1432
0
3542
0
0
7002
5888
0
3839
1008
0
6914
0
1616
1640
0
996
56
0
3390
2431
645
1315
1152
920
990
6709
0
0
4290
0
2681
0
0
1134
0
0
3321
684
680
0
777
2125
2907
0
2832
3975
0
0
0
0
0
0
0
0
0
0
897
2966
0
0
3978
2544
324
1062
3680
0
0
0
1002
0
0
0
3168
0
1782
6330
4675
3825
1095
0
0
0
2618
0
0
611
0
2964
1072
0
408
2952
0
4046
0
1275
0
0
704
6304
0
847
2808
2736
391
1196
0
1656
472
0
1071
1351
1768
364
0
240
0
280
0
0
2205
0
0
0
0
0
0
0
0
5004
1170
195
0
1125
3113
4920
0
0
0
0
4035
4875
2600
3267
0
0
2296
96
0
0
0
0
392
1296
0
0
946
987
0
0
0
4060
584
0
3852
0
0
0
630
0
0
0
760
0
1122
0
0
0
5840
714
2490
2656
0
0
0
1950
2772
0
0
3339
1622
1384
0
588
0
0
0
0
0
0
0
1644
1798
2970
0
3504
758
1125
1264
0
2608
0
320
0
0
0
6176
232
0
5715
6696
2175
0
4410
1833
0
0
30
1608
1300
2870
1041
0
3263
2079
0
0
0
172
2776
0
748
0
0
0
0
1630
1296
2310
0
867
0
2028
0
1278
0
5395
4686
0
0
2624
0
0
270
0
678
0
2485
4760
0
0
0
0
0
0
0
0
900
0
0
4984
0
87
1548
4384
4352
0
0
2429
2570
3420
660
0
990
153
489
0
0
4301
2574
115
894
0
0
3341
0
0
0
0
2394
1125
0
6010
2795
4404
0
728
6642
1659
0
704
1576
0
2364
0
3060
1040
1680
0
0
0
0
1710
0
1239
2430
0
2340
0
588
0
1184
1296
0
0
344
1790
1071
410
0
1137
3668
184
0
1818
0
3807
0
4500
0
4416
0
0
0
0
4358
0
0
0
0
0
1182
0
0
0
1246
6732
0
0
0
804
0
440
1980
0
1105
664
0
1897
848
846
0
5616
0
3112
56
0
2044
0
1728
840
0
0
3436
1668
0
0
4886
0
990
0
0
3168
0
0
0
0
1326
872
414
0
1370
0
4212
0
1420
0
0
0
0
1791
0
0
0
658
0
0
0
0
0
0
4323
2800
464
885
0
0
2096
0
0
0
400
0
0
0
0
0
2904
0
0
0
0
0
0
832
0
0
0
1875
100
0
0
0
0
0
0
4438
4810
0
0
3393
0
680
4716
4667
0
6653
0
0
15
0
2189
0
0
0
0
0
275
0
2850
3352
4128
0
636
0
1180
0
4576
0
0
0
0
0
2424
0
3234
3045
0
232
0
0
2338
3352
2382
0
0
984
6599
2256
1560
2970
1859
0
192
1770
3162
4716
0
996
2219
1106
2352
0
0
0
0
2261
0
3984
756
0
0
0
0
2958
5317
0
0
0
1557
4965
0
0
4178
2763
0
0
3640
462
17
7315
0
0
0
3374
0
0
2509
1618
0
2128
1970
0
0
0
0
0
0
0
1258
0
3178
682
4470
0
69
0
0
0
0
0
0
0
0
5572
0
6660
892
0
4242
1446
442
0
3133
0
0
4081
0
0
0
2880
1488
1480
0
7423
580
0
0
0
1550
0
715
3075
2223
2
0
0
180
5536
1067
600
2628
0
0
1510
0
4380
5040
168
3972
0
0
0
3729
1184
1620
0
0
9573
0
1856
0
0
0
1656
264
5056
3088
0
0
0
0
0
0
6032
0
0
1246
0
2743
0
0
0
0
2233
5559
0
0
0
0
0
0
0
438
351
2288
0
1080
0
0
2016
1107
0
0
3075
0
0
3783
2160
0
0
0
1272
1077
301
0
1330
644
0
4136
0
3830
0
0
705
0
0
2140
2051
0
0
0
5593
6956
5280
3120
0
0
1131
1536
1614
0
472
864
6834
4120
0
0
975
0
0
572
0
576
0
3996
1168
0
1729
210
296
624
0
0
920
0
0
1209
1140
0
995
0
2158
0
0
0
782
0
0
1188
0
0
0
0
0
1350
0
0
0
1584
0
0
360
2268
0
0
0
2814
448
0
0
2532
212
2941
0
3792
6390
3600
0
2010
5869
144
750
3090
0
0
0
0
2440
5880
5992
3470
0
3510
0
0
0
406
3519
0
1890
406
2376
0
0
0
0
0
2865
880
0
0
2016
0
0
481
0
360
1716
0
0
0
1752
0
2080
5888
0
2576
2667
0
0
5632
5712
0
0
0
0
2870
2728
0
0
3264
0
0
6768
4560
3730
1113
0
0
462
978
2470
0
0
1082
4125
2359
0
0
0
0
0
2198
0
5044
0
1416
4260
1160
0
898
2744
0
0
0
624
3996
2702
1666
435
0
0
0
0
0
0
0
0
0
384
2563
0
632
1023
5287
1510
1705
2568
5166
3682
2044
0
228
0
0
0
1127
0
0
0
4345
1088
0
4738
4995
2020
0
0
0
0
3700
0
2899
0
0
1361
0
528
1812
0
0
3136
0
0
0
0
5632
0
0
0
0
3368
0
0
0
0
5122
0
4068
680
264
5763
0
0
0
2844
0
1692
6432
0
0
0
0
1854
0
1604
0
0
0
0
0
5310
0
0
615
1768
0
0
6290
0
0
0
0
2115
0
0
0
846
2937
0
0
0
824
2398
2226
7593
0
780
1215
468
0
0
4464
924
0
272
0
715
0
1350
0
0
1405
0
828
2856
0
190
1554
2656
4673
0
2343
2310
0
0
220
6681
747
0
0
0
2912
2674
12
1547
0
5344
1965
0
3320
0
0
0
4641
0
0
0
3087
0
0
0
0
0
3038
0
0
0
0
0
0
81
0
5008
0
0
480
1295
1470
0
1251
3259
0
0
0
1561
0
3400
0
360
1122
0
6885
1160
0
0
0
585
0
1100
1130
0
0
0
0
0
440
0
2148
6752
330
6797
0
2691
0
0
0
2070
0
1512
0
3376
2420
3168
1368
0
5094
0
360
304
312
288
260
0
1020
0
0
5068
0
0
0
3705
0
4885
4134
0
2696
0
0
4920
0
0
1248
0
2280
0
0
0
5291
0
0
0
0
0
0
0
0
2167
3038
0
0
3681
3636
2980
4228
0
0
0
0
4368
0
0
0
2028
1719
0
0
0
1630
559
7344
6579
1751
152
0
2420
0
936
0
0
0
7200
1308
0
0
0
5088
0
4245
546
0
0
0
1656
2723
0
0
0
0
2544
2178
0
1179
0
4044
0
339
0
0
729
2493
3146
0
0
0
6936
3232
5058
0
838
0
0
0
1169
1256
0
1028
6736
2344
966
0
3113
0
0
0
232
2992
0
0
0
0
0
0
495
462
2650
1560
1122
2376
0
0
0
1584
0
3184
1245
0
576
0
1800
0
85
0
0
0
1502
4450
0
0
4998
5048
0
0
0
4125
0
434
0
0
0
0
0
1068
0
0
0
180
2528
540
2114
0
380
3278
1308
0
0
0
3519
0
0
203
0
1535
0
4392
18
3152
0
540
5965
0
0
243
1495
1162
534
2504
0
0
105
0
1110
0
0
1195
0
414
2304
192
0
0
5226
0
3169
1771
416
0
3528
0
2496
0
4147
1788
3315
600
0
0
0
2622
366
0
0
748
0
0
0
1346
0
0
2653
0
0
0
0
0
0
0
2552
0
0
0
0
4879
0
0
2070
0
0
0
0
4122
2807
3388
0
532
0
1310
498
1347
1008
1164
4654
0
0
0
384
0
0
2783
2223
1053
0
2211
0
0
2520
0
4800
0
0
0
0
896
0
735
0
0
0
0
4994
2
6615
0
2992
1302
258
0
1620
88
0
0
1730
672
0
4690
528
897
0
0
0
0
0
1680
0
1569
0
2464
1876
0
1881
2938
3952
810
0
0
1048
0
0
1570
1552
0
0
0
1010
504
4121
0
3122
0
1592
972
0
0
732
3296
0
360
645
0
0
224
2648
1896
3104
564
592
0
0
0
120
1840
0
1056
4080
920
1052
0
5952
117
0
0
0
3584
1144
0
0
1284
0
4496
0
3920
0
0
888
0
4018
378
2600
3555
0
950
0
108
0
2616
2235
700
0
72
0
1320
0
4672
1005
0
4432
1932
0
154
108
0
5160
2535
0
2478
0
0
0
624
0
1472
0
1778
0
0
0
0
0
0
0
3311
0
0
0
0
0
100
1302
4410
2254
528
0
658
0
1515
0
867
0
0
0
2512
3495
0
0
4806
0
0
0
0
2170
5382
0
0
0
0
816
384
0
6357
1652
2280
731
4164
3822
0
0
180
51
0
0
0
480
384
0
3996
1520
1872
0
5499
0
5730
459
0
0
0
128
574
0
0
0
644
0
0
3927
2794
0
7469
0
0
2330
0
0
583
2040
0
804
492
0
3216
42
1744
4291
0
0
0
1476
0
0
0
4260
2110
2064
0
0
0
0
1610
903
2979
0
648
0
1001
1014
2793
426
4097
0
0
2245
981
0
3600
2448
4020
0
4472
4186
3122
663
4624
3146
0
3026
292
0
0
0
0
0
0
0
0
240
1095
0
4433
1920
4044
3776
1400
1488
844
0
0
0
3573
4710
0
0
0
2295
0
0
1418
0
0
1570
0
0
0
4161
0
0
0
0
7072
0
0
464
0
645
0
0
0
1526
0
0
1830
450
0
0
0
3024
0
903
1476
1005
0
348
5629
202
0
0
2380
0
0
2892
306
7679
0
0
0
426
0
4442
0
0
2720
0
0
1277
368
1600
0
0
0
0
0
0
5694
0
424
0
125
204
0
0
0
6131
979
1422
695
2770
0
3144
0
0
0
5895
0
0
186
0
0
0
0
1863
1125
0
0
0
0
2475
0
6105
1250
2412
2224
0
504
880
3520
2160
110
0
0
0
693
6715
630
0
0
0
0
0
480
0
3216
0
0
0
5220
5208
3420
0
0
4363
0
0
1626
0
0
2750
0
1780
51
1017
0
0
0
0
0
0
0
0
200
0
0
3472
0
1064
1505
0
0
3464
0
0
0
0
1512
500
0
0
1770
1216
0
3900
0
0
3825
6052
0
222
0
0
0
0
0
0
0
2416
0
2613
156
1144
0
3406
0
0
0
560
1470
0
0
1876
0
32
0
0
0
0
695
0
3859
118
1924
0
0
1206
0
0
0
1218
0
1590
930
0
0
0
0
0
0
3276
1482
5265
0
0
3822
0
1198
0
68
1302
1900
0
0
0
3627
126
0
0
5584
5894
0
2556
4433
5220
698
0
2592
0
2926
0
0
0
150
0
0
1368
4578
0
3627
3753
0
0
0
0
0
0
0
0
3842
0
0
6320
147
0
371
30
5200
5897
0
0
0
0
176
981
2737
0
0
1140
0
2268
2025
0
0
435
996
0
2328
0
1257
0
2
150
1475
0
0
6288
280
2550
0
535
352
0
5180
0
712
927
1414
0
0
0
0
0
3432
0
0
0
6671
918
0
1375
3995
0
6871
850
0
0
1268
1872
672
690
266
2224
0
0
0
0
1044
0
0
0
14
0
0
0
0
0
0
0
108
0
0
2400
3850
0
1358
0
0
0
0
0
0
0
240
3122
3720
4860
2430
0
0
6157
854
0
3931
0
0
4191
0
0
2114
4128
0
420
3822
0
2832
0
0
0
1716
2346
1410
0
0
0
1349
0
408
366
1620
0
4879
0
965
2344
1152
1035
4920
3006
15
0
0
0
5508
710
988
0
0
0
0
2144
3280
680
0
0
0
0
698
2827
0
2640
1140
3668
456
0
976
0
0
0
0
0
0
0
1840
377
2439
0
0
0
0
0
0
1056
0
7039
1980
0
1710
0
756
0
2583
0
0
0
0
5174
1656
612
0
1017
0
0
7027
0
2136
0
0
1545
0
2968
0
0
0
125
0
1950
0
2365
4913
1288
1055
5684
0
6143
7002
0
0
0
1368
963
90
0
0
0
0
0
2057
0
891
0
0
3634
0
528
0
0
3706
0
2910
1995
0
3302
0
815
0
0
0
300
0
0
1014
1280
3861
1904
0
2947
0
0
0
0
0
0
0
3780
1484
0
1455
0
84
49
1188
228
0
0
4131
5076
0
1032
0
8
0
1224
0
0
328
0
6528
0
480
7807
6579
0
0
0
0
0
1100
0
0
215
0
5745
0
908
0
1332
0
0
0
1188
2970
0
1680
1386
0
1220
819
0
522
0
1128
0
0
0
1488
0
812
798
0
0
0
2800
4807
0
1630
60
0
0
1536
0
894
0
549
2010
1136
0
765
0
6585
0
0
17
0
582
0
1302
1844
0
1969
0
0
2584
1065
0
1666
4498
4815
1344
0
0
0
0
468
0
1323
0
0
1795
1135
1095
1232
240
198
0
0
0
0
0
473
0
1148
0
0
0
112
0
0
0
96
3456
0
0
0
4080
3424
0
0
756
1361
0
0
0
1856
1248
828
1704
460
0
0
0
3010
405
2
0
2460
1700
276
4000
0
12
0
2673
0
5475
0
0
0
0
0
0
0
0
2788
0
4982
4554
0
0
3344
0
44
3126
0
4880
0
518
0
0
0
6000
0
4129
3938
0
3579
0
0
0
0
1391
0
0
6528
0
1650
816
0
91
2550
3493
0
583
2871
2534
2229
1424
0
0
895
4777
640
1236
0
0
414
0
0
0
1554
3680
0
0
0
0
0
1170
5472
3809
0
3487
0
944
0
2520
360
597
450
0
0
1515
0
1827
70
0
3252
0
0
0
0
90
0
1008
0
672
0
2748
0
0
0
0
0
0
5355
0
0
6535
0
2569
2448
0
3210
0
0
0
0
0
4433
2466
42
0
0
3040
4125
4914
0
1771
303
4530
1484
0
0
1580
0
0
36
828
0
1005
0
0
0
2970
0
1768
0
6315
0
0
0
0
450
0
2256
684
3804
3600
0
2409
0
0
0
0
1434
0
0
3487
784
0
0
1771
0
4046
0
0
0
0
0
1281
0
2457
392
0
0
0
1320
0
1482
0
0
0
2080
759
0
1250
0
0
952
2394
0
0
0
2544
0
0
0
0
1498
0
0
0
0
132
0
0
0
0
0
5338
0
0
0
4130
0
1568
462
594
1400
0
407
4329
195
6750
0
130
0
1540
4669
0
5187
0
0
0
0
0
0
2
1008
0
0
3388
0
0
0
3920
0
0
0
0
0
0
0
0
5984
252
0
0
1976
0
0
0
5355
628
390
5746
0
0
0
4719
6880
936
1533
2415
528
814
2508
0
0
0
1985
0
792
0
0
0
1265
3432
0
0
6800
612
1845
0
0
0
0
3186
1732
3920
3124
0
0
0
0
0
306
40
365
0
1056
0
0
1356
0
0
0
2595
0
0
0
1188
1752
2516
0
0
0
1440
0
0
1964
0
3588
844
0
0
0
3816
0
0
0
4365
0
0
2768
0
0
1903
0
0
660
0
0
2387
0
5680
1534
0
420
1104
273
2376
2607
1651
1094
0
0
0
4428
1890
0
2180
0
1730
0
1208
4444
0
4368
0
0
52
2422
741
2470
6732
1140
0
0
0
0
0
5486
3472
0
5289
0
0
0
0
0
0
0
0
3087
0
0
0
0
2688
0
0
3376
228
462
0
286
756
2336
3060
3170
0
2436
0
4131
2730
0
0
847
3893
3408
2167
0
0
1628
0
0
0
0
2816
2250
0
2422
0
663
0
2065
2324
494
0
1104
340
576
6168
1244
5659
234
208
493
1325
0
795
0
7222
0
0
0
0
135
0
0
0
0
0
0
369
0
1175
0
0
1764
0
2844
0
0
0
4564
588
0
0
0
0
0
0
2651
0
0
0
0
3446
0
0
2142
0
0
0
2604
0
0
0
0
1760
0
1175
0
0
3267
0
4511
154
0
0
0
0
0
567
0
591
5064
0
1628
4319
1149
4500
0
4395
52
0
0
3114
0
2172
0
0
4914
2299
0
0
2324
0
3123
6585
0
0
0
0
0
3692
0
0
2736
0
2
0
560
0
0
0
1176
3225
0
0
3096
1775
5068
0
3180
0
774
0
0
4632
0
3264
1548
0
0
290
0
1215
68
3555
0
0
701
0
0
84
4323
3264
2298
0
0
1040
0
799
2907
270
1841
0
0
0
0
4190
915
470
792
1491
0
560
3808
0
0
2772
0
0
0
0
0
0
2910
3009
0
0
3384
6154
0
6896
1224
0
0
4736
2352
4668
0
0
0
1131
0
0
1590
0
892
6181
552
462
3892
3342
5369
0
0
0
2860
0
380
285
0
201
0
0
0
0
2172
0
0
2808
0
1896
0
1749
243
0
0
0
0
0
2604
2149
0
0
2529
0
0
1740
0
1686
7300
0
2270
0
0
0
0
0
2436
0
1350
2448
0
0
1824
2696
0
0
0
0
0
0
0
3030
6
0
6545
6330
1296
0
0
0
2460
952
2061
0
0
0
0
0
888
0
0
2532
0
228
1316
5064
625
1118
0
0
4764
0
0
0
0
3072
2288
600
1921
0
3435
6120
0
2480
6
3330
2044
5096
1040
1190
0
1602
1146
0
1130
1732
3000
0
0
0
0
5835
812
0
0
0
0
0
0
730
0
35
0
876
0
612
2768
372
4380
0
1855
0
0
0
0
399
6137
0
2120
2247
0
0
0
2743
0
0
0
0
5590
0
4097
0
1414
0
0
0
5741
612
4767
3585
555
0
1560
4267
2736
4199
0
0
2160
0
0
2260
1596
0
189
0
0
1776
0
2792
0
928
623
0
0
63
0
104
0
0
6613
3195
0
0
0
984
6902
0
0
0
0
0
4498
0
1235
0
891
0
388
0
747
0
0
0
2465
3735
3726
0
0
0
2400
0
0
45
0
2674
4334
0
0
1040
0
0
0
0
0
0
182
0
0
0
0
0
0
0
0
3150
0
1956
0
786
0
3408
0
0
0
0
0
0
0
0
4037
1530
0
0
2880
2413
0
0
6205
0
0
4560
2220
0
729
0
3156
0
2691
0
2592
5940
0
0
6086
791
2460
0
2430
1500
0
3360
0
0
0
0
1773
0
0
0
0
725
1469
344
5440
0
0
0
0
0
4302
1320
0
0
3504
0
0
1320
0
976
582
3180
861
735
6829
0
1096
282
3874
4345
1940
0
0
352
0
3240
0
0
1917
1185
3447
3573
342
216
0
0
540
0
0
0
0
612
0
240
0
0
0
0
0
0
0
0
0
0
2510
4014
0
0
0
0
0
2440
0
0
0
632
0
5490
0
0
3850
0
1509
550
0
1250
0
878
4395
0
0
0
0
2134
1310
3349
0
2184
834
847
852
0
0
7030
486
0
0
1443
135
0
0
3542
0
0
0
3740
0
2898
0
304
0
0
0
0
1911
0
0
0
2480
0
0
96
2896
3332
0
0
0
0
0
0
4706
0
2366
0
0
0
0
0
6615
4738
272
0
7480
0
0
0
176
540
0
0
2310
0
5184
0
6016
2506
2650
0
0
0
0
0
819
0
0
1472
140
564
572
0
160
1880
0
0
0
0
868
5026
0
0
4970
1890
0
2205
0
0
0
1660
3648
3450
0
0
2465
6341
0
1300
0
0
1306
0
1632
1032
630
0
0
0
0
0
0
0
2512
0
0
0
0
0
3861
0
0
3272
4017
6750
0
1320
0
85
0
5115
972
0
1210
2528
3604
0
0
0
0
0
2616
560
0
0
240
0
0
0
341
210
988
0
650
2208
1050
1247
0
2716
5460
0
4537
768
4745
0
768
0
748
2184
3
0
0
592
0
0
1758
0
1350
0
0
0
0
736
0
3256
2086
1701
2660
627
1848
2580
1029
0
0
0
1547
1980
0
0
3623
458
0
0
574
504
1970
1316
0
0
0
4494
0
1050
3766
3416
0
2241
0
0
2250
3176
0
2288
952
0
0
0
816
0
882
0
4842
0
1168
1908
1344
4597
448
0
405
2100
1782
0
0
2720
0
0
2125
0
1948
2652
4702
0
536
0
0
0
3510
0
0
3029
364
0
0
3496
0
2574
3555
0
0
0
788
0
0
1472
1104
1470
1368
2424
1650
0
0
0
333
1404
3927
0
1456
0
0
4608
0
0
1270
2240
0
2728
0
0
968
0
3318
984
0
1328
0
0
6171
3135
0
0
0
3172
3136
0
378
0
0
4384
4752
7480
4400
597
0
0
490
1715
4368
864
720
3032
350
2530
0
0
1350
0
4848
938
0
0
3047
3905
0
0
0
0
0
0
1284
2691
0
0
0
0
12
328
0
690
0
5763
0
0
2016
1917
1704
5796
0
0
2448
11
0
0
0
2619
0
0
253
892
4858
0
2538
0
4480
0
129
6387
0
0
1080
0
0
0
0
0
5707
0
7378
3945
138
5104
0
0
0
4613
0
0
0
0
2968
3094
0
0
768
0
0
1560
0
0
2192
0
3679
0
0
0
2359
0
0
0
1384
0
0
1368
0
4860
2670
0
0
2548
0
2298
0
3133
0
0
4830
0
0
0
3784
0
0
480
0
0
0
0
1910
1608
3509
0
0
0
