1
0
0
0
6697
141
0
0
7805
0
0
320
0
218
4052
0
0
0
62
830
0
0
3434
0
514
0
2592
0
0
7037
0
11247
310
0
121
0
0
13498
7898
5270
0
11740
0
0
266
0
1178
0
0
0
0
550
0
8698
405
227
0
5925
0
1693
0
6465
2832
0
0
0
0
0
5544
0
9129
0
4668
5732
0
1937
7161
1727
12994
0
0
439
0
0
0
2307
0
0
1515
5463
0
4378
1927
0
2353
0
308
0
0
0
0
11546
63
451
0
249
0
0
7158
0
0
2508
0
350
0
7476
0
4189
0
143
8069
7240
0
6215
0
5951
193
0
12920
0
0
0
439
1985
0
179
771
8316
0
0
511
541
0
0
0
16
0
12909
2364
27
1689
0
219
1075
0
0
7983
0
0
7156
0
0
0
708
4821
15380
0
0
0
9281
0
567
0
0
0
0
0
0
0
0
0
0
0
1667
0
0
5055
13221
938
313
2213
0
137
0
118
0
0
14928
0
0
0
0
9130
9879
0
0
3604
838
5919
2051
410
526
14167
0
3441
0
1901
1646
6245
4747
0
0
13453
5742
0
0
4440
0
0
12124
5812
0
0
0
52
10224
0
0
8392
12907
0
5483
0
6610
8203
0
0
0
0
6872
2116
714
2683
9254
0
0
0
0
0
0
10891
8492
0
0
3474
0
776
8702
0
8536
0
0
0
18
957
0
0
0
12816
0
8467
1231
6132
0
1925
0
0
4899
810
0
0
0
3136
2058
0
0
0
0
0
2511
0
0
537
7893
104
0
11738
10380
9403
0
0
0
0
0
0
0
0
279
0
0
136
1680
303
859
0
9424
0
0
0
6167
0
0
0
2477
0
120
2881
2304
7706
10528
0
2666
0
0
0
0
0
0
12193
1771
31
0
0
1880
7923
593
6912
2473
0
0
0
0
0
5181
0
0
208
416
5320
0
9879
0
379
31
0
6892
0
0
34
3683
0
0
0
528
2371
2837
0
8445
0
8995
13721
649
4872
6526
0
0
4680
0
11077
0
0
0
1153
0
0
0
0
2478
2516
0
0
0
3107
0
0
1409
0
0
0
2164
10509
8293
200
0
0
882
0
994
3516
0
0
0
19
0
132
0
0
0
6159
0
0
698
3170
0
0
100
13132
104
2185
4433
6158
12016
0
87
16194
3600
0
42
4
3696
576
0
5554
0
0
91
2429
0
2366
123
0
0
548
8118
4311
0
0
321
0
5650
0
1712
4146
8396
0
1926
3727
262
6341
7464
9272
8677
0
3707
7305
0
0
10649
6731
1004
40
0
3661
0
0
13568
0
0
0
0
0
1769
0
0
0
2249
2370
638
0
0
0
5158
0
0
9418
72
301
891
0
0
461
5630
0
59
0
0
6165
0
3137
0
16153
8104
0
0
462
8475
0
2974
2104
11366
0
0
4400
10535
0
0
423
0
0
15136
13149
2268
3617
10530
0
5636
0
4182
2112
303
0
12654
2112
7041
6460
3676
0
0
0
0
3681
0
9551
0
0
4839
0
0
0
12119
3071
5505
40
0
0
2064
249
143
0
59
4156
87
0
0
11564
4618
0
0
0
0
0
8209
0
0
0
0
0
0
0
12686
4244
4189
0
54
0
2190
2201
6909
0
0
1172
900
1200
1777
464
47
