12788
14828
12859
2612
11643
4089
8079
14538
4544
14679
15231
9546
15295
17961
12497
16839
17063
2449
1220
15052
4044
11191
7145
13280
12497
6174
13823
16137
15825
10304
6149
11581
15478
5121
6886
1210
13375
12627
12022
15596
7081
16881
2481
14034
9199
8335
14961
2488
7503
2385
16989
13586
14660
2660
16254
15304
5258
14312
16722
13010
5850
4151
7127
8965
1392
3513
18532
8093
1215
3026
13306
13358
14313
7700
19095
9873
8206
9022
9449
4537
8449
5736
13166
8096
17698
4616
15027
15934
12767
6205
2783
17168
14989
12812
12083
14661
18969
14015
17057
8919
13363
4566
8113
12173
17810
6223
7969
15141
13665
16153
8980
17722
15257
14332
16425
5728
11237
8617
15922
8882
11746
12581
5037
11956
14229
12853
12742
8466
7639
12815
14191
12635
12794
9095
12458
7133
16028
3694
14342
17027
16415
16675
16861
9774
10710
14073
3531
14344
3491
9534
10406
14040
14852
15132
8796
16278
6275
2925
17020
14542
12296
18413
8805
14362
7400
17420
2396
8680
2676
3540
17223
2956
9879
18780
13924
14252
8559
15789
13767
11147
4037
17418
14761
8974
15081
15728
15001
7976
5625
9217
6921
12113
2364
1258
10651
8239
4102
9030
17791
14090
11683
9037
9461
10493
15613
15718
1791
15149
3518
15921
2496
15065
11918
8293
13419
15919
15220
16785
4510
8897
15067
5682
2394
8109
12886
16172
7711
15231
17001
5575
18003
7399
16354
15060
13456
17473
12970
2728
11320
4061
18942
12953
11450
7556
18764
9567
11449
5801
14578
9498
6592
17355
16402
7523
6289
2368
16592
9882
8032
2924
14535
11066
13907
7776
7142
15701
9485
8114
9111
17792
11867
3918
15489
4057
6120
8598
12880
8322
9236
13257
7143
13466
12737
8206
4403
1792
16227
16490
16530
4594
16915
10458
3534
9160
13148
3504
16268
8179
11898
14413
13374
4553
10347
5138
10393
3104
12508
14809
3210
10972
12540
16556
13410
2392
10469
11552
13923
9641
18116
8220
9431
8592
14829
18780
6117
12699
17304
3475
17436
9687
7085
18379
18314
16989
12338
5350
5551
18739
13363
14856
10839
12943
5509
3504
15973
9615
10204
7181
9335
1339
15967
13151
1298
7050
11212
3517
6190
4283
17238
3723
15839
17139
11721
14392
5069
15085
13076
15821
8842
12042
16235
7450
3545
11027
9727
7595
12097
12478
15824
7025
8436
4545
9524
12214
17917
11491
4715
4024
3990
15721
8587
2601
17737
9337
14404
14020
12056
4691
17041
3219
3930
15239
13379
17680
6742
17186
15020
16187
15239
15478
15419
4081
3906
16392
16527
18414
15728
10344
4037
11614
16105
3370
13031
12658
1860
18657
17536
12531
9422
10688
17035
3474
4526
1803
2455
8937
6014
16429
15233
1813
5690
18763
8178
11438
14001
7079
18564
14286
4611
5421
11953
6624
15114
16282
18460
14398
15615
12458
7118
11812
1935
5641
13099
6677
15303
2965
15939
10722
3491
10015
17379
18756
7639
15776
17827
5584
14345
13216
16964
4596
8104
15901
11950
2500
14491
12004
2437
17588
17591
11576
4606
16659
13303
13139
18747
6633
12345
15103
4060
12834
15494
13235
11774
16526
4594
4707
6088
4473
13420
1794
9376
4855
7045
2941
5995
5639
10301
18002
13461
6733
16976
1890
16862
17878
10193
16300
14761
11172
8443
8855
1796
13078
11762
6185
16624
11084
5247
10807
3019
5087
2009
12943
3573
5825
18840
1965
17845
8473
10736
11783
12088
13970
13619
16391
10628
17046
10668
7100
15737
16967
7564
16873
11750
5702
16874
12328
11976
16099
16640
12699
2352
7762
11372
6741
17504
10319
6644
4246
8948
7352
13320
9879
14471
16793
18074
4718
12579
8053
16940
14923
18417
2400
7113
3535
6767
7528
2932
11152
6185
7213
10587
2012
17094
15569
14653
15895
3524
15014
9141
14423
5708
12002
14622
6204
6487
7110
14195
4037
8110
3496
9510
6359
1805
14400
14436
5539
11704
14805
13505
1219
12167
7596
16289
14610
6984
8305
15242
7619
10692
12827
14818
7523
11140
13317
4603
4092
1223
8451
18076
12219
7693
12158
15844
7540
1962
14191
14694
6249
10831
7090
6038
10283
8660
9763
12015
16821
6387
15785
16939
11580
13152
4676
8610
2954
15328
7228
3415
9069
8510
14215
8192
2388
11294
13910
8390
11921
6766
18648
12928
15172
2945
16787
13165
17636
15766
4035
4589
12900
13518
13393
4576
14666
1322
16874
7732
16083
4032
15819
11239
11663
17604
16081
14040
4116
5705
5092
8548
12164
5587
12644
8071
16693
16077
2692
7523
17676
17569
5047
16388
17901
6657
6155
16626
16535
7690
16434
12284
9394
18802
16702
1791
11347
7673
15828
17825
15962
4433
16809
18518
7592
9570
11848
9316
13371
16829
6345
10041
2940
17833
9914
17042
15974
1830
13359
11182
8725
13931
17092
17699
15499
5851
4606
11751
14816
13946
17370
17504
10473
4065
16782
16954
10619
4784
15208
2091
2520
16409
2400
2652
12349
13140
2017
12208
9491
12162
5576
12306
9076
4040
17637
7696
3194
15771
14557
2636
3226
8442
17331
6424
15115
5171
12949
6426
5625
11668
16168
11643
14717
4042
16312
3480
12382
12293
9504
15167
14713
15842
14732
17550
5136
4097
10287
14889
2396
16399
13823
14008
3504
17955
16795
7805
13839
13533
16594
17088
14630
6710
2906
11330
9011
2076
15814
11216
15702
3204
15158
13906
1790
12932
7121
5110
19283
14652
5220
9759
12916
14906
9163
17256
15888
2955
10422
16563
16807
3799
12012
3900
7932
18157
10023
5103
2901
11810
11839
6721
16587
7034
14363
16642
10455
9814
16379
17539
14927
15237
6554
16798
3298
16408
17590
2538
13168
16713
5574
14241
10759
12363
15084
9013
17445
7083
17767
1800
8007
12290
17824
5570
13484
11747
12906
14696
3467
6589
14648
11787
14040
3400
15676
7792
10555
17439
7054
2915
9502
11831
16630
14617
5078
13694
15161
3829
2372
1220
8686
14379
5425
8089
10190
9175
19082
15781
14063
16528
12465
10299
12458
12389
7164
14971
7155
3501
16961
2616
4112
17007
15786
11857
6583
1410
10277
15168
7453
4518
18367
13894
17546
7802
15034
2706
3546
6546
12354
16801
9915
12953
6735
4042
1214
6981
10361
4596
18041
2511
11390
14531
12181
5657
8100
13615
8215
6591
7376
17135
6257
7130
4584
9846
3510
5384
11867
1280
12101
4032
13861
16382
15643
15189
7626
3364
6639
4589
8668
16362
1944
8133
12844
4618
15898
10757
13722
13336
12120
8073
6566
17682
10391
7727
17634
10670
17520
7554
7660
5481
8393
12979
9855
7548
14524
1438
14443
10744
7788
15518
6317
17105
13913
16064
17043
2960
6829
17655
1286
18100
17701
9800
17355
1220
14328
12413
8409
9404
17087
17861
8021
4544
1974
9342
14971
5414
11687
5882
4877
10736
11453
14033
9914
10237
4631
18479
14301
4017
3738
10284
12143
4407
13198
17607
1249
8683
13043
16987
14697
4142
12043
9099
13538
9578
3531
9857
14973
17373
2733
7673
6262
5542
5349
16938
5012
3507
8207
16070
9747
16898
4332
13227
10205
2366
7090
11604
2668
6148
10306
10748
16915
14933
15931
10742
4766
15973
15385
15528
15602
2940
18837
13994
7544
13450
13749
16178
16504
15727
11193
9580
2971
14387
9901
8483
11576
14275
17295
13337
15236
7228
13320
11698
11614
12832
5110
10093
4676
16998
14741
14740
16444
16379
8228
13215
8803
8606
11960
1956
10701
12777
14051
2114
9996
8104
17249
1382
3689
14031
10282
13388
10284
8931
6687
14241
12052
3504
5880
12278
11392
9093
9460
2364
1226
2384
15622
17205
8732
16869
12878
9184
13188
16216
3180
8229
12804
5132
11174
4230
16400
1794
2368
6755
7517
6109
11521
1318
11335
6225
4611
8497
16099
4145
1803
14188
7273
16513
12199
8004
16338
14086
15555
16312
16395
5561
5715
4000
9400
18254
12658
13639
11234
4401
4933
12686
13430
2397
1292
4299
12773
14062
6091
9588
3265
17481
16403
14142
15967
6126
8015
13842
18051
17008
14445
15667
12919
14613
12565
12898
14740
5111
17546
14501
1257
9956
4931
17625
12462
11013
7004
4401
2512
3525
9065
14641
15696
16404
15221
2122
17429
7577
13906
15475
13859
13782
2371
14805
16133
14152
14999
17771
1962
1800
2378
6288
14404
17068
4006
9570
11944
12250
17020
9831
9382
12885
12625
6123
10952
13682
4028
4338
8335
3446
10869
1406
17276
7862
15594
3548
18489
7212
5261
12456
4559
11341
17736
2369
16941
5945
14756
13159
4117
11330
1830
8585
3221
8110
10465
10521
12622
15670
13928
1800
15561
11489
17192
16127
11132
17699
10868
13766
18129
17057
4187
12079
6647
13994
5645
9355
11593
8573
10383
13822
5164
12255
17351
2408
15599
8947
9906
17404
14024
1404
16372
15993
16778
13324
9995
11709
12165
11441
14421
8098
11563
7175
2456
4587
17400
6632
13249
4593
14144
13687
13664
16748
1840
12746
6295
15686
5518
8502
17063
16087
11406
12681
8007
17452
18797
7305
9436
12097
13563
8560
9538
4433
2499
3642
16816
14160
11972
4473
1225
10802
13911
15612
4541
4557
3456
17026
4018
11717
12213
10834
14804
10730
15701
9665
8480
11457
15358
14877
10595
12052
11406
5179
14743
1779
14273
11043
5123
15769
5913
16064
16732
5279
4650
11218
1302
12597
14810
19116
15512
17044
14647
14664
15016
12090
16122
10835
6838
10713
16379
1932
13647
5745
17670
10504
2933
2508
11693
11646
14023
6480
13455
5082
10437
7581
12230
8027
2365
3171
9452
8450
2445
16493
4277
3489
4062
1215
14449
9427
15806
4564
3878
14197
17432
6619
16019
14345
13425
11597
11478
18772
16255
16936
2468
12357
12682
11085
12008
1981
10186
15532
1220
15771
9004
2393
14462
11900
13815
4448
11492
14111
17674
16052
12545
16783
10125
2568
3015
15223
16676
16909
9921
14071
8650
15700
16021
12636
9867
1935
18388
15943
10182
14377
13152
10338
13482
17291
4005
8227
8234
3245
8644
6732
14259
16469
12059
7180
4025
1428
5597
4276
8042
8124
13105
8027
16413
5256
16729
5416
14535
12859
14021
14209
8426
16470
5382
2973
14265
16128
14359
8538
13962
12436
5739
15150
11494
7662
16993
15852
4038
11403
17195
18592
2692
14132
8082
4250
9725
4313
9973
9368
13787
14008
14568
10771
17366
8718
16708
4584
4543
8056
12552
6676
15987
12939
17186
12150
4524
8692
7668
17201
9073
11188
15804
7537
5261
6781
3463
15758
9621
16648
11648
17563
10070
10516
9149
6587
8557
17377
14292
2376
2985
1974
17270
2939
11413
4020
15259
16615
17488
18686
13301
10908
16653
12697
15772
6930
6715
10980
1800
14290
16757
6556
2524
9068
3589
3253
5668
6953
8205
14903
7235
18854
15377
2388
18839
3458
13570
4522
11541
18439
13386
2456
9023
12870
13325
16833
15101
5426
8214
13238
5923
6630
13557
5645
14792
9060
10327
11852
15240
17130
13201
13553
17522
9858
1802
16116
11265
7275
4316
12305
4585
5086
14698
8951
15374
11615
18642
12559
10660
17378
18235
8031
16801
17826
7944
10825
13577
16767
15756
16393
5851
16974
18498
15525
16415
11218
14437
16741
17100
16077
18525
9804
16538
1210
14314
15402
6064
7239
6799
17796
6593
15415
9717
17034
8203
14295
12717
11702
15198
17497
14573
1214
16844
8500
10347
9128
9398
18864
8183
11995
18267
10965
17705
16549
13398
8589
15618
12876
15337
10542
8705
1986
10239
6657
15879
11785
5057
17137
10780
6116
6195
2920
15304
2556
3016
2738
3125
2962
1809
2604
13501
16952
15955
13950
10343
3138
6723
15467
6196
17095
12266
4651
11049
1899
16767
10243
4761
15070
11289
16219
16780
3516
16202
5107
6730
12422
15934
2933
16990
12395
15828
15897
18790
16456
5152
12717
16960
16163
5607
13549
10363
1812
7996
14982
2380
4133
3419
8945
11423
12882
14354
12684
14206
11897
6515
15378
12813
16711
7252
14662
9803
5107
5887
16527
7605
15848
16635
17165
15045
14338
12640
16812
8663
5852
16339
19191
15695
9204
6527
8868
10403
14211
5567
17192
9465
4068
14195
3467
9469
11016
16602
12936
15627
3258
14318
14182
15262
11729
14149
12994
13001
5107
9626
11827
5891
11617
8960
8970
15399
16755
10297
10022
1803
17132
11025
7176
17378
3045
15442
8765
17171
13477
4627
12198
13787
7706
16255
9040
7255
7228
1962
17457
16321
9183
8512
17105
15936
7117
14873
16750
9354
12103
13805
2930
15238
6263
13332
5564
16787
6105
10416
15572
14899
5682
13634
11292
17355
5191
17572
16220
15726
8547
16194
4058
16239
9485
13341
13599
5975
14931
7256
9646
17663
11394
11382
16863
8794
10878
15071
16520
12398
15326
9485
3161
9649
13479
14750
6252
3295
16671
3060
3300
6691
14327
4599
10648
16609
12373
8137
1234
7522
2953
10547
13976
9418
6124
7793
12629
15786
11830
4090
17318
13434
1230
6657
9893
15258
11229
7029
6701
11517
17056
10651
7028
17238
13560
8073
8726
16543
13463
13080
10706
17255
2070
9314
11560
7513
17522
3241
14577
12864
7673
14035
16927
15362
13299
15973
10984
16635
16215
6688
15114
7177
6976
4610
10122
3136
19094
5281
6791
18870
12285
9803
12607
14557
7416
1890
18159
17047
7618
16619
18188
12996
9301
12812
2822
8694
2959
14523
12526
1305
13497
6476
10839
9442
11729
9904
14848
16610
7149
9127
1391
16829
2474
18741
12637
8690
9396
13703
1915
8402
17217
12165
2433
10515
15299
9880
17964
12785
16276
14314
12164
3636
17115
18162
15010
14658
2412
13392
9077
1800
13614
9804
13788
10363
6540
17494
6295
2928
11429
16369
14050
13783
6241
6730
8234
10500
8514
1797
9147
17266
6425
12245
13667
13628
13568
5591
18178
18526
16371
7523
1981
9585
9476
18228
15823
9848
1923
2053
11186
14923
11670
18482
11261
8269
3520
7733
15417
11990
6144
12055
9915
2616
2589
13042
9789
11812
15516
9198
3502
11803
10968
1783
5608
16190
12737
3759
18064
9048
13122
14603
16013
11492
5207
15493
11894
10700
5584
6822
16649
6543
10112
14227
3547
3250
8167
15422
1222
7164
14282
8524
7450
14796
14447
14417
16094
6164
9819
18581
5520
4053
15699
2945
2393
13920
18900
16680
12326
10219
12503
10829
6175
4658
6583
14299
13873
14580
1366
17149
18778
14842
17107
13399
14218
6153
9328
9442
17577
10999
6194
16794
10731
17616
11012
14274
1220
4673
8717
17512
2115
2901
7967
14341
16336
12928
14559
5543
18124
4530
9311
5744
4592
8936
17476
16449
17747
4826
9603
9287
11269
18425
13750
1246
3840
11535
7169
5749
14651
16078
2388
2624
4651
16716
8127
17152
14337
10009
14143
6082
2784
17496
2946
12565
10817
7568
11042
8586
3380
14991
12729
13651
4402
5056
12831
2662
11181
13346
17394
16225
16207
14423
5158
16889
11215
1266
17071
2376
5241
16423
15472
11995
17491
5571
17424
16207
14807
14171
11940
8714
14341
12417
16992
4718
16964
15259
11282
7738
15520
18454
16564
14233
16826
5379
12900
17044
14543
10726
16133
7436
1228
8563
12059
9387
16114
16196
14536
15408
13455
13065
15751
7264
5292
16519
16243
16757
13333
10772
13490
5738
9492
9254
1802
15878
4681
5644
15665
13619
8421
14165
3269
6858
10862
7055
11268
10739
10062
5637
8460
13686
12900
4273
1851
10075
5102
18818
18224
6119
11467
3805
9316
13714
9024
15725
11091
14147
16022
4017
1833
8673
17143
7948
15055
15311
10884
13929
1222
17886
12846
14754
15720
9947
10343
2947
7582
12205
7605
5248
9084
10402
15833
13654
6996
9453
5004
18921
8519
16759
14452
11777
8570
3345
18787
13254
11176
5160
9154
11693
18386
4354
3636
17326
14926
15415
15416
17982
9016
10350
4672
10446
12480
9178
14818
10857
1794
16103
6076
8
15416
16447
16601
6766
12014
4996
8136
8932
2044
12593
8517
15596
14928
15494
7060
12740
12059
12239
4073
17118
11465
15254
8874
14489
15566
16794
16503
4047
14855
3552
2955
4005
7942
9046
10402
1362
14614
8987
2384
12138
9030
14634
6588
2592
15251
5224
7063
2734
15631
12651
5099
15739
13838
12548
7306
9263
17445
6677
14768
10407
14350
13178
4158
10986
15057
4578
4592
13284
4444
10801
16689
6777
6207
16148
4602
13109
17560
13139
17662
6629
4579
4612
6509
6636
15122
8993
12590
6771
6693
11548
12616
12669
10134
16654
11946
1416
13449
15340
14353
13841
16236
2732
18019
11870
10053
11236
12899
8821
14265
15951
10371
2781
7058
9335
16647
3005
8694
6618
1824
9476
17520
17424
16845
12752
18751
2388
9356
14400
16275
7223
13110
14825
8993
16257
4923
1788
4761
18622
8168
11286
1905
9951
5053
15151
17181
8730
11980
11394
10148
2396
12969
3523
14235
11143
2405
11219
5678
2420
8185
11701
7266
13292
9793
18668
5548
7638
5897
10365
15813
18282
4985
17546
10681
8658
4007
8488
17071
5591
11288
11740
5634
14940
9638
4865
8548
13225
16728
17008
17823
16280
1810
12665
7275
6646
3251
10761
11309
9458
15705
10666
16181
8397
12102
8435
18975
7590
13258
17924
4071
19221
13742
10763
11700
15694
11170
12056
13228
2790
14281
4044
6146
16003
12708
16537
3259
13470
8772
1944
4603
12374
1805
13800
13902
13962
7998
5660
8599
14564
11729
4953
17324
10498
12362
16127
10819
7567
10145
7106
11351
18548
5442
11529
11783
14606
7178
12372
5179
15065
14449
17715
14279
9228
1412
2689
14454
10359
7719
15051
7775
18293
12523
14943
13022
2966
10028
14366
6143
13406
9475
11645
14552
14272
8225
6787
14102
7108
4673
10570
13448
17055
9291
9066
10266
8676
16332
10330
5075
2650
3456
18430
10965
16700
17817
17194
16977
17243
7077
16983
11011
16196
5950
11835
10387
6576
12696
12107
15316
2376
13697
15400
11983
2702
5799
12313
10387
8086
4572
17014
14454
17615
17033
9382
16749
8497
8627
10980
16793
10403
2522
15874
13853
15265
3722
10938
9896
6786
6092
13883
14968
8258
4070
16680
5166
10386
11710
14842
10567
17900
11841
4002
14660
16336
12508
15569
13644
1983
2911
16844
10528
9964
16239
10662
15807
13746
7662
2594
17647
13152
14364
8954
5057
2960
13728
11925
5078
11210
8476
13744
2043
18104
14614
13784
2668
9045
16214
4124
12575
6103
17052
17505
9774
6073
18445
19017
9078
17378
14719
9854
2923
9580
14580
17006
9525
14879
14636
15640
15850
1216
9014
7687
16721
10424
13119
8796
8607
6809
15341
10823
6645
11360
10653
1791
5881
16186
19048
17965
4027
11668
4018
14645
11745
7967
8103
4644
10030
4042
15948
2040
5136
2139
12896
17316
13193
15947
10035
14465
4580
13474
13801
16318
10096
12691
11199
4576
16742
12696
6702
14372
9497
3998
18144
8193
12922
2935
13420
11570
17495
17330
10359
5283
17265
6592
8137
13368
5669
9908
13159
4042
3011
6171
7209
10447
12328
1842
11560
14091
1806
14727
8143
5622
9683
9308
15843
4034
9643
17150
14456
7996
15856
18646
13804
17898
14627
1845
13434
6510
16836
18126
15231
7172
12569
15202
15242
4614
13189
13898
7583
15276
5678
16954
9732
5558
8925
4146
9496
16082
1220
13279
2370
1400
6657
6110
6628
17063
13314
9207
6521
12160
15799
10575
5594
10821
17610
9473
10599
13140
10806
10810
8060
17109
17142
2953
16274
16482
15258
15807
15974
17073
6309
16037
13160
9554
10584
2500
16867
7506
16012
8047
1818
8282
11027
5424
13876
15859
14216
16268
5335
8145
14872
6678
9846
3473
11643
15412
17659
9862
13202
17055
14104
11240
2346
6667
18961
12375
7763
11425
3516
17398
10802
18712
5749
2939
1843
12653
14929
17426
2632
9277
7896
16830
12525
11946
14526
13121
4080
2531
8832
13890
17331
9184
16906
17281
18453
17207
15589
3494
9933
5437
11016
8008
11214
18698
13696
8582
1796
15745
15699
10260
17076
18932
14037
7111
15246
15405
15853
14005
14395
1809
5980
8979
2664
10998
15529
12897
14216
18665
10437
1246
7545
14566
8836
15068
13056
13658
7971
7213
5536
1807
7162
14448
5593
16692
12170
16182
16522
16737
4849
11766
14821
9755
15498
15903
14415
15904
7958
10784
16997
6047
2704
1781
11860
19114
2596
12829
1809
5103
6170
13551
4831
7179
17288
15741
10755
11785
4157
2100
10355
5184
10594
10736
12771
13315
15945
17684
14319
14983
18413
12251
13406
8727
12555
9447
13595
14090
15647
7734
4886
13950
17093
12159
14355
15428
14651
16052
8627
10820
16326
17060
16651
8915
9819
14639
13489
12382
14375
1228
6600
9324
9195
15574
6856
13700
15862
9198
4043
5081
7215
18922
15770
13439
13984
13925
2512
1227
17060
16139
2724
14297
17850
6602
12627
3454
12934
15668
7644
16308
13913
12109
8029
15811
1787
1797
12981
13006
12391
12283
14203
15582
6774
17097
8910
14875
10147
2596
9741
12702
12731
2428
17489
18204
4017
4568
10571
9592
13442
17525
7938
7170
13098
12279
12265
16321
13773
14919
9887
8879
4667
10404
7261
18027
11470
11773
14546
15282
12258
15495
10066
3015
10169
16600
1232
1392
18611
16442
4001
15388
16663
14509
13096
7078
14235
8055
12610
3874
5886
17624
6448
4030
15003
3807
12102
11697
12507
11364
15869
5161
16718
4041
18226
10618
10656
9068
13218
9385
1220
10227
2383
7078
3505
16186
5117
14571
13062
16118
10038
8121
18046
2533
11259
8093
14885
11323
14115
11731
3551
2358
11873
16258
15378
3015
5638
3918
7646
7005
16736
13148
11664
6122
15121
16535
7231
4626
7950
15084
2460
10416
2616
13357
8943
15997
6626
12719
14042
7228
10360
6196
12709
17094
6890
16131
11613
11309
7225
8323
15638
11899
16352
13121
12066
8078
10803
15647
3703
9161
4895
8862
13019
17514
17596
12079
15450
16646
12659
5680
4067
1265
11676
8923
14988
8547
8875
15104
4075
17407
5570
2380
13285
9289
13599
16996
10043
1800
16694
13072
17008
3095
17042
5078
10326
17567
2740
3587
10399
9429
7190
11534
16443
7816
1232
5645
15275
17173
1919
11100
8557
16161
17146
12785
14178
11768
4066
17124
4615
12465
2970
10702
8973
4583
3860
6636
2940
10857
2380
14057
6185
4285
5145
4084
1791
13335
10475
5195
9421
13825
9030
16531
8383
9980
6508
14754
9926
14632
2370
15166
15899
5567
13930
16979
9939
16602
14282
9982
7224
8470
5305
15868
12171
17278
14817
9905
3054
7204
13453
3720
5872
18158
7639
8631
10348
15809
16802
14295
3764
8605
7077
5750
8714
11956
13770
16999
1361
16297
14851
16267
11574
16582
11116
13219
10824
14603
4092
13847
6501
17720
14705
17035
7757
8959
17600
15178
15357
18986
11152
8048
11709
3532
8451
15461
17376
9707
17092
5242
12891
14204
16682
7591
13765
15917
7603
16543
15180
9663
15915
16924
16631
17152
16524
13753
15633
17080
15406
6225
1815
13841
15238
17166
12584
1229
13979
18139
12199
4027
5183
15584
12611
1785
5210
13426
16739
14148
9386
8570
10081
13973
10881
1965
17118
14818
15354
13091
9857
2055
18638
1808
14408
2380
3546
8578
10567
14358
2525
12747
4030
12003
15226
6193
5350
18907
4153
4548
5718
5774
13774
16833
7570
16388
14618
17190
14339
16543
17127
9775
11077
10340
15387
4026
13988
10477
15605
2920
14897
13158
2975
12268
7587
6107
5763
15861
9341
7268
14806
11566
3590
6078
5037
10987
10868
14851
1881
16183
17579
16718
9152
7102
13466
14776
9365
14359
10390
5139
12514
17106
9721
15368
9138
11266
10393
12788
1785
1792
16650
2404
17261
4900
2976
5932
1399
16182
6738
12062
15564
14234
1827
11330
11408
4105
14808
6183
6463
13044
15591
5558
16727
12582
7055
4495
17602
9130
8022
11229
6099
11694
5117
8943
7415
16759
17256
6095
11868
5424
1430
5248
8987
11097
11681
3376
6146
16252
6193
15176
16402
14140
3526
3998
4559
1986
2990
15995
1959
11632
12300
15745
1244
15992
15071
3522
4076
11210
5750
9515
3042
6667
14002
3859
6571
14044
2963
4033
13280
14958
10385
14686
5093
1218
4610
2433
1809
16915
9683
4048
15930
14215
5679
5640
2727
5980
13813
5648
9941
4277
15604
12786
14347
16920
11941
10278
8163
12937
1815
13991
14232
16099
15179
14791
16203
4705
9773
15616
9846
15952
9241
9756
7631
12029
17265
3986
14210
15803
10250
7232
7040
16092
7587
6653
10823
12117
10484
8664
15236
3521
10988
5689
5030
8441
15517
5608
10956
6163
4589
16526
6167
12643
5243
8352
17422
11180
8562
10826
7338
1857
11656
11567
1795
16389
5645
15187
15287
12638
12339
7095
14755
16389
18198
14210
2402
5611
18126
12491
12425
14539
14838
15602
12978
12282
15607
15146
14640
15602
16762
4716
5906
12111
7536
17493
11818
13738
2759
12339
10202
12913
16828
2461
16080
4601
12433
9133
12674
5091
1983
6174
9857
2937
2908
12871
6174
5314
15134
14303
18800
16877
11638
19103
7210
1209
12228
2016
16614
6166
9041
6108
6549
13508
12119
10959
11618
14027
7603
2013
12971
13953
6097
14277
12873
7726
14147
7820
13125
15729
17816
15250
7048
2376
14900
13001
12357
4589
15446
10708
9840
10401
16771
8716
16434
15367
6469
18589
5165
9945
5254
18558
7074
2372
19308
13519
12067
17550
12005
12969
13058
6221
16436
4057
7631
2118
5887
15826
17436
14103
11164
12195
4827
2940
12851
2568
11869
10415
5057
6064
6766
11769
16000
16485
12482
18095
17712
3696
9424
17051
6023
16836
15620
15539
4039
16218
7952
3407
6538
15437
16093
8190
13766
11920
5925
15475
6139
5386
14537
3541
15085
14544
14976
3153
3489
15010
14501
2364
9086
14891
6142
5408
5952
11825
11915
12594
10022
12092
17638
4040
13835
15163
15092
12836
6633
12980
5698
9009
15103
12345
16077
7714
4613
4649
8167
3486
1402
6452
17539
7794
8931
12299
7880
14497
18254
6518
10525
13883
1242
15709
13956
17208
14586
4004
1360
14341
6703
17066
7127
8233
5781
1797
9737
11563
12765
3494
8572
5790
13113
3571
18118
13884
3491
7244
1943
10734
5218
12053
18973
10755
9826
16404
11820
6678
8101
19061
13176
11538
15425
6057
10698
2720
14534
4207
11946
10456
12498
5094
9033
15068
14476
2426
3338
16734
2512
17450
17697
12280
6435
16411
7459
15970
11723
9870
4714
15421
9912
14127
8572
14392
15873
16789
7660
1888
14706
1351
10957
1226
1809
18048
14383
5639
17386
9005
5681
15726
17142
17351
14803
17485
10193
4553
5954
2811
14054
5084
8620
9196
3948
15906
15389
9935
17115
13538
7843
14748
8384
13281
15758
3481
16698
11023
15683
5546
5817
9368
10832
5618
10899
6020
16192
14539
13872
4801
8484
12480
9105
12669
8581
16581
10371
9790
7140
7365
5286
16463
12485
3798
12250
2620
14092
12959
18104
4078
13072
15380
12645
12158
14603
13108
3638
16839
12127
18285
14602
17262
11191
8917
10906
15245
18982
3276
10523
11909
9427
10386
13465
9893
6145
14206
6199
16450
9220
6425
15488
18086
13363
9259
17195
10850
11769
16419
7181
3139
6583
10798
15519
3051
12102
9910
9755
17315
10796
15411
4091
12412
11753
7632
17003
14864
7706
14349
11505
16580
9428
3027
6269
16776
5575
10314
17257
6891
5787
15263
5046
8089
16965
14031
16033
16842
9322
11406
16418
5032
7965
7690
6969
17820
13574
15386
14029
13390
10547
8673
16632
6224
18176
13791
5215
5099
15958
14569
14917
7140
6572
12331
10925
11980
6497
16032
7687
6178
11365
4821
7214
12213
18024
9095
16883
16544
2419
12195
16746
11885
9519
1789
3479
8829
7760
15922
14556
10304
6596
16826
14610
15637
10661
11331
11052
6104
4666
18065
1216
17126
4024
11599
17756
16532
1803
7429
14994
13010
16601
10932
3494
1799
8889
16788
15510
1836
14056
11526
14799
6625
14921
1813
14658
8567
5079
10853
11455
2497
9808
16480
8990
3691
16018
15737
2935
14938
1995
13544
12645
16301
3717
14874
14477
15321
6068
7981
10368
13948
16791
7590
9487
11322
11610
12567
8554
4593
14866
9214
17434
6818
3289
18610
1786
3000
11895
6798
16359
15401
4543
10032
6749
10864
11266
5106
13027
8620
14175
12150
10997
14661
7067
5915
7164
2424
7631
2697
10256
8901
7552
11589
15408
14381
13818
9491
12880
15630
2941
13686
11596
8797
17386
12528
13834
12320
15141
14687
16385
7372
11337
14210
15148
5501
16036
7640
14593
9776
7654
14609
9847
15480
11436
12959
3447
17385
4609
2376
16004
8544
18698
13074
18269
6494
17287
13075
9826
16676
2946
3461
12422
6266
3395
7923
7164
14125
1298
8950
9423
9627
11149
11182
13850
13804
16456
16866
3822
5535
14967
4542
7039
5774
7530
17063
17327
13481
17797
13758
12192
10240
16572
5735
8569
3671
8007
14749
13592
16122
14041
14037
15144
11342
5138
11364
9801
9107
10292
6664
9101
17267
7572
17283
5251
4671
13165
14450
18357
12785
8722
16025
1224
16753
15761
12712
12180
17804
5980
5086
18827
14820
8439
13229
13343
6135
12778
11585
18026
15709
18173
11486
5153
10577
15819
6983
6452
12571
11173
10841
14561
14340
14568
14446
1935
9117
16989
11154
4652
13247
14291
5232
16875
8643
14409
16027
6075
9210
9264
1370
2760
17653
15422
13818
6579
15647
14571
11784
8035
16450
8322
17064
4669
11587
2961
9603
15592
7693
5293
10282
15848
17449
15632
4632
6490
18629
12780
17475
17139
9696
13002
11002
13886
6104
5138
12764
10787
9925
13243
16160
16559
8129
11805
15911
7499
14919
10761
14895
15328
9844
11004
11020
7157
6226
9462
4633
2568
1214
4059
11999
5488
7924
16241
9561
16866
8033
6789
17554
18672
3875
9851
3386
14576
11703
9779
11201
8603
9355
13793
12871
12082
2452
4854
13277
12209
5276
17416
1885
5078
18209
12437
17507
9360
13005
11635
11354
14025
8341
2348
7592
3924
15882
2094
15559
3669
17214
5940
17125
15804
7313
9529
12955
14905
4609
14631
13854
12015
14203
2362
14450
5925
8896
7512
4069
7853
9937
14622
11902
8813
6674
8764
16795
13509
4123
16981
12812
2976
12998
7268
13984
14096
12719
7619
3889
5718
11833
15870
15383
9874
8158
12004
1229
1238
11272
13342
4084
2360
1815
16200
17439
17895
3882
8080
17347
4011
4145
4563
13016
9517
15446
15602
12271
7589
17112
5195
13077
7960
13946
2348
16152
15168
4981
13064
3099
13049
4491
5661
13688
5087
12162
11798
4642
18788
7582
13666
13621
7247
17490
10992
17322
2801
18773
13221
14748
6470
11397
6120
13439
15452
7982
1431
8520
11270
17137
14110
15809
17835
17598
6090
11321
13616
13413
10231
15134
13987
16306
9878
13298
13544
16880
16673
11962
15066
10639
7841
12538
5392
12983
12691
11968
11346
9006
12069
3610
16100
10392
7557
18576
7591
6091
2388
13653
16427
2942
18342
14420
3492
17753
3543
7774
13737
9798
13886
9907
16695
16293
14387
10693
12114
16918
11952
1905
16180
15532
10777
1346
9995
15760
13367
16064
14533
7284
2961
7251
8421
16772
13757
11456
1226
13853
18976
15165
18655
15025
1787
19061
14607
3082
2360
3476
15685
4541
1821
15078
3497
5566
8789
14590
7971
3484
4589
14526
8724
10339
6590
12846
16237
4040
12192
8039
10264
4101
8065
12903
14452
10441
7993
13783
10060
4044
16919
1902
16755
6126
16629
13757
4077
17661
3354
17093
17459
2458
11467
13856
5329
15427
7184
4553
4083
14314
17625
17382
5892
10102
5625
13505
9190
1893
17650
12373
14807
10758
14073
15987
9016
12633
12481
4352
16599
12280
15973
11450
13646
12031
14904
5618
14881
7569
9047
4535
3200
2378
7629
9987
11078
12163
13739
8545
1956
9066
8546
7201
11418
12345
15094
16696
9805
6478
14469
11660
11836
3857
18589
16650
5688
13427
17533
11194
8072
3361
7581
7602
1228
15531
2724
4018
13997
16616
7834
6091
15961
16510
4093
8216
2710
7125
8094
10746
4076
9900
12517
1210
4825
16770
4250
13026
3404
10572
3032
13545
15375
11238
8330
12515
8697
11356
18238
16010
11106
15180
12583
2946
11304
18029
11787
17173
16186
11566
3295
16909
7587
17893
6641
7499
14086
2371
14597
15297
8089
15429
16624
2698
16544
12694
13063
13585
12333
8238
5023
16498
15843
7165
7541
17189
14270
17896
4138
11524
14417
4068
8172
8524
12788
17712
9974
8123
11194
15907
15929
10745
3479
5155
8043
14594
7044
4067
15531
9924
10323
15824
3150
17178
16238
8301
3132
13007
6193
3603
16333
9860
9324
3694
17637
18224
9969
7638
14590
2594
13912
16390
9436
19045
4081
10296
2459
4574
9211
16490
15715
17057
15700
16288
2917
9816
13988
15398
17851
9870
9972
8450
7058
13876
13126
16305
14140
16572
16168
3761
14539
7546
15139
16416
13795
2362
16137
9026
4671
12384
2659
4020
8631
17391
14944
1859
6447
8412
4579
17096
14232
11500
12816
14893
8101
4074
16129
3534
13070
16448
1782
12276
13047
12544
9871
14830
16829
14277
16480
15357
11089
6521
6160
10834
16700
9884
2357
15398
10020
9745
17361
16172
16325
16823
14275
19125
5598
13022
7432
4469
1855
5293
14958
7490
6739
15806
15369
17570
1416
1202
5698
8401
8953
17049
3583
9457
8463
17799
14020
7194
1797
15236
17792
17390
9144
16719
9472
9987
10081
8108
2942
2380
17365
16583
15937
16270
8136
1798
8819
11246
13126
10291
7130
16806
15122
15491
4479
1995
8828
9274
15476
5870
13539
7132
10599
1210
5646
3358
3576
4367
3767
16299
9085
12196
8104
16731
10910
5975
12412
2675
15413
16207
16797
1866
16705
1796
13239
8745
7572
11143
9948
9540
8486
13150
16988
4960
12705
9551
10430
5224
14332
11580
3492
4623
9642
3387
13246
3529
11282
3980
10499
4041
16211
8167
3982
14099
9880
9247
9083
10848
11463
4491
17234
15385
9473
2724
15708
6978
11993
16677
1848
6110
8941
15463
1224
13850
12862
3544
5071
17903
12586
17164
10184
10388
7523
5131
7802
17819
7044
13303
6154
18772
14706
4576
15558
4115
7698
12846
11587
6639
15590
5127
9304
17297
13266
10628
11176
10160
4604
11633
5107
14577
16130
4638
9141
4620
3190
9288
8502
11908
6637
15783
16930
6539
4616
11163
13641
13042
3403
10736
9988
5640
13355
12783
6759
12999
12963
1203
16186
7038
11829
16499
14370
11708
16884
11913
6282
17597
5043
7515
13085
5087
8113
4865
14104
9910
15624
16544
2352
13527
1797
8484
18457
4346
2388
13816
11208
6087
12630
15766
2525
14866
13489
5108
9111
18100
12414
15084
12646
16553
14894
11079
13187
7804
14463
2945
6038
16386
10687
15203
6270
4660
1890
8032
8913
2373
1798
7236
15130
13597
17623
12922
9131
12530
9464
9753
8188
15018
10352
14050
11643
17150
5702
10016
17479
13674
11261
16880
13999
17515
9610
1786
6609
15553
17223
17258
12067
13893
7239
5657
4055
18669
14573
12650
15268
13660
7655
4612
8223
7031
12040
16212
14772
18094
14540
4484
16919
13566
12879
14388
7090
5238
9675
8944
15248
15344
11000
10000
7035
16349
2104
17274
3000
7651
16280
17344
5384
5061
17066
4921
3594
14153
17401
13742
6588
12601
11997
4652
6494
10817
14188
7603
2584
12228
15103
11169
11216
15442
5167
13388
16332
5584
9095
6572
10766
2691
16565
15353
1423
5163
4022
10778
8596
12996
11699
3514
12929
19037
7746
10835
13867
12909
9560
12627
2376
4368
7532
7604
17225
12098
4424
6077
5602
18460
16473
2930
8110
6060
10954
1966
5747
15360
10421
10998
16653
10308
7687
13697
2540
15735
15452
14542
4578
18703
13180
10964
17509
8149
5574
15155
14751
13923
17165
7372
13137
7007
18409
11629
1226
16779
13337
9053
16881
13200
2989
10387
10745
6626
14592
8222
9794
11032
9250
14791
16295
17172
16209
14098
16014
7227
6802
9359
16838
9800
17150
5632
13653
16294
2914
14022
5059
3509
16830
13640
8511
9442
12814
15030
12705
1805
17426
15607
12363
11080
5395
17583
13142
4585
14892
12173
16683
10932
17202
8091
1798
16590
8469
5103
14722
8636
11804
17605
8328
16841
10949
6423
1252
8995
12631
4598
3534
8825
4503
13554
3858
13763
10616
12277
2973
17128
12495
14373
12851
13542
17370
10237
4057
6255
8857
5389
9033
6152
6170
17912
14950
2936
5418
17118
2504
12197
6977
9377
7861
10092
10248
6654
13308
12965
12044
17628
10953
6994
13237
5714
17092
2409
10218
12994
15756
9967
1216
14517
16057
6123
12662
4172
16381
5136
13071
17571
14170
2460
14649
9513
4054
13614
13488
3482
5945
7713
10746
2954
13996
15788
4562
10258
7304
7115
7735
8511
8154
18396
7737
5102
7632
13003
7085
17211
5637
11046
13664
17729
16951
14913
6576
12234
12237
17308
15589
5087
8719
9482
4055
3691
7673
12559
10857
16081
13939
9035
3162
7930
12198
3511
2596
5103
18543
1220
1851
2931
17124
4539
12960
11199
17868
4861
10130
12800
6491
7019
6751
2376
10700
4604
5738
11240
17503
18084
9911
8559
14840
15622
4560
15456
8621
18184
6706
14209
3295
13934
13445
10013
11973
6233
16839
8769
5096
8937
16111
14514
3542
18259
13847
11303
13823
16069
7076
1785
9964
13960
9318
15946
12172
15329
4087
11019
7456
16500
12951
17120
13851
15443
17370
8342
16438
15819
13875
1797
2394
11232
4583
2636
14659
17524
10837
13814
14532
3236
15336
13598
3542
18459
7764
8510
14710
11279
17443
9105
9878
16904
17625
7470
13668
15201
14832
6084
14999
16868
9444
13855
17940
10942
6224
13225
8658
1432
7394
13864
7121
12868
13300
10340
11212
4153
3484
11212
8043
3499
16336
12786
9373
10842
7514
7679
15045
11421
15020
13988
7896
17144
15960
5964
13156
12195
9964
8207
13435
17743
14950
14937
11960
7964
3924
15817
9161
16791
18677
13140
8565
13212
1229
3819
16125
17208
12852
12651
13600
17332
2552
13009
17248
11971
14767
7220
17947
10259
8114
17651
7632
12710
12624
16943
15425
15200
14458
3510
10366
12503
14860
1776
9493
3463
2914
11411
9521
12723
12710
14837
17210
14292
17876
7026
15844
4123
14304
1788
8661
9740
10258
6688
7231
14420
10751
9000
6096
16694
4537
2980
6607
16351
16011
9148
16821
15072
13522
14878
5159
13070
14330
8591
2975
10390
2915
1977
3535
4020
7611
1962
13904
7469
13341
16055
15418
14903
11201
17458
16987
14443
9901
16904
11693
5661
5915
14156
4573
15804
7692
15055
13869
12512
11124
4586
17068
16843
2943
15579
10672
10536
4046
13043
4083
12674
11421
10229
3479
13870
11670
11979
15627
12855
12447
2595
2930
7910
7525
7958
15530
13050
7626
14214
14163
1914
16349
14374
1224
18153
14772
16340
4571
12304
10949
17220
17248
17892
4096
9457
15316
14914
9558
10278
15134
3636
15081
8640
16088
12806
16216
8148
9890
10312
16355
15618
1794
14303
10233
10795
8650
3127
12254
17339
8570
10242
15187
11349
12434
13837
4071
16810
14194
13527
17584
12450
15864
14597
15152
10634
2740
2916
10225
8605
9540
12049
18488
3102
17641
5697
2536
7049
12964
2353
12819
18143
13859
8249
14388
5551
5146
16892
8937
2393
2360
14233
16811
17576
8442
11078
11435
4619
14080
8726
16661
15759
16103
1210
16767
9917
7594
16037
8710
13619
16613
9720
16021
5558
2563
2073
2746
3735
7512
16830
16430
7585
7579
7889
1230
18751
17215
14430
11673
10340
5630
14698
9644
16983
4802
5673
10401
7022
17312
5396
14622
7235
16270
16865
12162
15593
15403
15810
8982
4053
16990
15479
4627
15949
15614
16425
12597
3879
11124
13974
13066
7887
13523
11123
2512
15730
15616
12808
1224
15583
14627
14495
1409
4928
12145
4578
4643
2948
5610
18650
14359
18358
14357
14727
3458
16628
12386
7635
3248
12120
1870
11993
6820
1254
5973
17447
14612
10233
10063
8153
4657
8665
16497
6484
8887
16558
16745
2672
2369
8107
6676
13968
9722
12008
10035
12754
9338
13121
15589
12652
4714
15989
15034
2388
6695
6259
11330
18132
15447
10111
13419
14581
16663
16422
2052
9521
13325
14324
18998
8948
16252
5162
15413
1989
14984
15013
4047
8459
12695
16585
17125
5128
2942
11805
3432
12119
6465
10116
7182
10720
1916
14681
14384
11153
5131
14985
12067
18024
2929
10396
15765
7997
7043
15538
7563
10810
14166
9283
9325
15528
3608
14022
11229
4920
15950
12697
17087
18392
11462
17134
8563
7298
10045
8811
12848
5002
1848
4021
9266
15965
7740
15944
4065
10713
7241
2389
14161
9009
16272
16627
15340
2945
10758
14831
10385
4863
3100
2488
10730
17519
8179
15084
15516
4076
3528
1812
3131
12728
14928
16747
16945
8155
9507
11294
6923
6159
5779
16510
7023
5073
3525
12041
7792
9326
9008
16175
11735
2372
7517
6115
14844
14947
13450
12509
10903
11837
13126
16952
3510
17924
5225
5281
6690
6994
1218
7613
18257
13142
14198
15941
17337
8163
5150
10370
14488
15208
8918
7982
3106
9452
9719
6050
7143
13761
11285
17583
7662
7621
3877
14594
5553
16548
2064
13727
11150
12225
11871
17918
10965
13674
13844
11066
15428
11932
15510
1909
10022
12821
16681
16103
10852
16105
5685
4006
8214
18276
17170
10717
16147
8572
4620
4013
15362
15109
17326
5983
2556
18915
7752
8985
13985
4600
14294
6465
13344
4367
14711
10468
13956
3741
13012
5091
10406
16292
4588
1218
13761
5041
14242
12760
16641
10425
13317
13686
18793
4396
11092
8027
5645
6282
12857
6123
3590
12704
17494
5079
13579
3505
10442
10235
12381
2584
12853
9433
16391
13354
3460
2776
11410
16388
6421
6707
5292
6701
11966
2746
7759
2377
2400
4559
10289
16929
16509
3290
14724
8474
16795
17123
16073
9990
12405
15716
7752
2379
2767
18958
16447
4176
1794
12756
17089
3495
1434
17944
6517
15226
12024
17090
8884
2436
11184
11174
17173
16898
5093
2646
4002
10753
14835
14885
16782
16251
17508
10821
15693
15206
16836
15169
13583
16517
2392
2917
15700
5611
15755
3712
17230
14204
2708
11549
7757
12030
6124
12983
11178
14443
5845
5134
10127
15271
7004
10548
6243
14512
14616
4291
10846
15271
14471
11520
18091
16422
10693
6446
16719
16823
2556
15425
10667
10391
4645
11570
13095
10410
7105
1803
13216
7225
16295
14150
2476
8707
17446
13858
1228
14410
12826
15367
14874
10323
9653
11906
8094
2361
8719
12141
12848
17015
13006
9062
17162
7668
18792
12594
15342
13731
4386
18063
7157
17904
14107
16625
2924
8236
10768
6975
2933
12566
16349
5591
10274
15693
8072
13534
12923
8539
10491
14748
9395
3916
13612
4276
4713
3498
16927
14946
13213
6742
17872
8677
15966
8392
14308
16456
17243
12360
15587
8098
9429
7819
6044
16722
14113
6305
7710
3041
6691
14950
9919
11641
6564
12431
18372
17549
18102
17137
5409
9939
13241
10839
4574
16561
13398
6536
16346
2927
12534
17242
12361
4544
2967
12863
17126
14683
14146
15802
12797
14819
13820
12275
17310
6637
13279
12018
14611
3656
14907
15973
15619
10003
10794
8154
11557
7179
9800
6621
13977
13827
11243
10932
8447
9032
16301
11280
11116
13947
4044
4705
11071
2930
2669
17041
11973
2393
8289
2404
11400
9473
7135
12645
7296
7361
10987
14739
18130
4441
1806
9327
15661
3380
13520
15143
2058
9525
16871
12833
2624
17201
14583
2376
3365
8674
12457
8515
4137
10892
1806
10549
16100
3111
5384
10749
5864
10451
4301
9641
14323
11146
13182
2049
6328
8405
15636
5280
5167
12916
13146
3846
11368
6198
9910
10228
13933
13955
6555
5579
10049
6725
5643
1812
12480
1912
17088
9825
15092
12933
2363
4634
9625
5598
8791
17312
13231
6370
12332
11433
17204
9363
10810
12155
14708
12948
16952
3457
12972
7324
16301
13994
2408
8935
2945
15631
4505
10815
10461
10071
8196
2687
15501
9984
5278
14983
2360
18287
2945
6094
3793
13435
5199
11258
17281
9946
8126
3142
11917
17573
7485
7502
3006
16180
5623
17528
14264
18775
10135
13777
4199
7537
14549
2373
6474
12415
18731
3772
6451
14810
7633
9025
16981
15729
9830
8278
11729
10558
16779
6507
17268
16702
16612
11291
2076
13745
2360
12279
18309
8207
6266
12385
17464
17324
9615
15487
12999
10591
11711
6101
12677
4408
14527
13852
10825
12663
6229
4625
1310
2937
16694
12034
7062
10011
11906
13235
15994
15171
7851
9702
8956
6644
17636
10781
10701
11061
11292
11412
13283
15474
16625
13897
16207
14244
10651
15805
16017
14644
1785
8010
16517
14105
10338
14821
9903
15356
15703
10694
8521
2372
4067
14079
14908
1848
8106
11740
10719
2096
7468
15825
6675
6638
13739
18217
12928
2534
1902
16372
10602
16561
15523
5897
14048
2618
9896
9077
11200
12560
9390
15932
8126
3733
9049
6754
4555
16464
15459
16016
13032
15386
15831
13474
6663
11656
4538
18107
12451
4023
7378
18627
16985
8354
14543
17818
5128
6398
13537
7024
9716
12358
12598
15917
6612
2723
4117
6779
15997
8682
2392
15181
1797
6689
18875
5679
11847
16965
17070
17171
14315
9380
12567
14746
6579
16110
16436
17461
16951
15224
11016
9633
15818
9975
11515
8721
6023
11701
9033
9765
7546
2903
4927
5955
5121
18574
10689
17229
11822
16795
6538
12012
11939
11625
10375
2824
13231
9026
16755
9284
1794
16378
15039
2932
12365
9946
1791
17294
5599
12453
17238
16114
17570
17065
11737
6699
1203
3504
9304
17184
5581
13368
11287
9199
13404
9501
3357
4552
14818
7643
11342
18161
17832
13874
9107
11343
2069
15045
18894
13542
9885
14693
15416
3809
4077
14678
8675
19132
2387
13748
8100
8049
15981
14698
12301
8202
8053
10540
8538
6731
3702
7201
15991
17031
10242
14391
2077
7349
2463
10501
12710
15221
10491
10353
9353
4254
15075
12893
14391
11316
2396
9110
17171
13182
13057
15042
2436
11516
14715
15676
15060
2018
7104
15629
11641
8981
1922
17366
9382
10548
16103
9375
14187
16437
13614
12555
13180
13064
16223
16564
16175
15347
5686
15790
17901
14971
12881
10990
1369
10197
11524
2940
15821
10764
10931
7594
3206
18124
2959
14040
1398
10247
10977
15099
9239
11535
17008
17667
11205
9919
2616
14708
16502
11326
7617
10952
12426
11204
17015
10847
10835
15618
9765
8508
9946
15456
16583
12543
11454
18842
6118
13782
14555
11249
13416
10628
5026
9004
17511
9057
12848
9382
5272
8963
14668
12174
13744
12392
14053
12987
3806
17073
4439
17609
17678
15674
1218
4706
15689
12811
17891
11787
17930
14037
13886
7058
7738
13698
14103
1800
15971
6079
4045
15593
15888
12258
17110
11984
5596
12115
7505
4674
4636
4034
17918
13609
2099
18022
2941
15322
14360
18036
1220
16182
11914
6106
7636
11962
17281
11813
15154
2068
16085
15583
5232
11893
11084
17434
12838
10729
13182
18648
13239
8507
17396
4618
6727
15936
17346
9986
11184
2906
13307
13276
16076
8112
16343
16180
7612
4657
4599
9561
13520
12145
15486
9402
8052
16014
2720
4544
15235
5751
2791
13646
15342
13503
8124
14148
12662
18289
13033
17920
17275
7143
3656
14059
17361
10381
14210
14943
7707
8951
16392
16795
11172
15714
7581
8616
7626
13094
8184
7225
9418
15588
11042
13172
7028
13138
10268
14628
5096
9002
2372
13535
5590
0
15965
14001
11699
8892
10698
3419
5602
5810
12654
1233
3770
3588
10453
15611
5192
12695
5569
11693
2575
8669
4671
12401
3990
12430
16061
3989
14369
11526
11539
16908
2950
17112
3504
14391
4186
13729
16157
10997
14674
3932
16316
12524
10466
1791
17144
15780
13072
1922
13145
5271
15543
18150
11639
16786
11986
11122
11828
1216
13709
12054
12688
10300
8447
3116
12559
9600
5172
10224
15472
2364
16894
7143
18883
8493
15933
5742
6271
4144
9040
16502
2925
15294
5698
8484
17778
15798
12026
10391
8571
12577
3787
6747
16477
3992
15463
9315
17299
6084
8596
6212
11149
1230
8576
11629
12038
13573
10773
1836
14226
16338
1217
2356
7701
14154
16522
12762
4289
4116
2373
2604
3544
6247
16421
9819
11775
7724
14967
9953
12584
16510
9461
15358
9505
15747
14418
8114
11073
4617
17947
14351
17019
15548
16428
8517
7455
2610
2953
3525
15750
2433
6880
9796
13652
14105
17410
16316
14065
9630
9442
9585
3701
5074
12891
16600
16651
4566
3612
15105
8039
12475
15322
12022
9210
17213
17926
8429
16179
12772
7013
6984
15267
13086
4093
5200
11878
8412
3115
8127
8065
4045
3476
15292
10799
13268
4825
16474
2934
18144
5667
15250
4258
11519
10139
6122
16321
4351
12209
17463
12727
2507
11482
7474
10942
13906
9222
11965
13444
15146
2707
3498
16826
11251
7569
18470
8979
6320
13155
13459
2955
15229
7598
5139
5579
11524
12460
5767
12661
16331
6158
15224
1214
13281
5954
17286
7257
13390
15179
3391
12571
16768
16665
6496
16177
4681
14281
12426
16326
11808
13490
2390
7242
9637
2468
18574
16022
6662
9414
17355
7159
3827
3624
8650
7099
16469
16593
6158
14876
6578
10395
17677
12398
11627
10057
8097
17777
16774
7886
13588
11979
12077
13900
2750
13353
11692
1893
17182
8096
12055
17060
8980
18191
16234
6153
10265
13992
8859
16222
16432
16365
16640
19093
17675
11390
2355
16466
6139
17818
5256
13517
9831
7124
17146
8285
16557
13675
17507
9476
2974
8299
15281
11638
4548
4034
17572
14570
9489
15687
2698
9779
3976
14364
17436
9306
2445
8102
16805
8592
11338
15537
16323
10804
16726
3175
5090
11468
12273
14803
12775
6173
4623
16292
10709
18804
6209
14563
12966
17496
13713
10822
4592
14541
6555
11998
13809
15220
16157
11825
16838
16781
2086
3045
13500
9203
16806
3391
14585
8667
13396
18972
3356
8114
16608
13484
8215
17145
2106
11579
9119
14968
10348
14415
18153
15537
11584
13203
9264
5981
11812
10604
12935
1974
7513
15038
1374
11254
14111
14016
10199
1872
4555
5019
10886
3360
1809
3151
16473
4634
4090
6280
11853
2091
2055
3601
2965
15147
7116
5651
5082
8574
18335
17641
12207
15215
13261
16760
17765
9397
9515
10820
12265
10295
4018
5360
7744
16089
5435
4586
12794
13097
8089
4071
1860
6200
15604
4728
14870
12128
10135
4628
8269
13104
16793
3597
17282
11738
7034
1806
5005
9397
13227
3234
15453
14578
6343
15420
15824
15804
16062
12115
11086
15463
4676
12991
17500
7609
15941
8292
18525
15191
2429
15084
6737
17939
5146
11860
13878
11464
2400
15340
15926
11924
1282
8397
11133
14825
2001
17020
17370
17531
14681
9719
13717
12168
12549
10834
5395
8165
14332
2553
5123
15121
2094
12547
9678
18414
4063
15560
13451
16827
5137
10056
11174
1805
7708
3460
11062
13245
5038
14449
10332
6221
14395
11860
3470
16877
17478
14020
17874
16200
6771
10251
8019
1244
15763
14601
9192
12752
14833
14180
13409
6151
16319
9454
5638
15443
12096
7096
11503
10262
6484
16163
4021
15287
9153
11823
12328
16431
17534
15071
10931
9830
12393
15432
16844
2935
9496
11918
11060
18218
16969
14486
11835
9404
4638
15409
17333
2965
10327
3612
14524
8362
9800
4032
18420
16265
11315
13101
15726
1809
6944
3115
5297
12223
1211
5527
6274
10243
8454
12663
10946
14300
17664
6771
3488
17105
9839
8880
1297
16358
10627
11518
18227
10375
3201
17608
6148
15156
7072
5704
1210
8622
15287
14382
4061
4654
5087
11801
13797
14549
15695
16711
1216
15924
1220
13392
12282
16629
13043
15837
10617
15109
5735
7653
11206
3459
13797
7596
11670
11185
10888
7542
2439
14479
12897
5214
17373
14557
9956
4517
17159
4030
14389
2981
18257
12659
15489
13371
2926
3775
16802
6299
8893
4985
6145
11235
8157
9930
6676
5123
13082
4257
9889
17624
17487
4043
14237
11067
18206
12153
9732
6044
11628
17147
3830
16914
5114
16028
8374
17068
13348
15308
5594
8852
17223
14019
13071
6462
15064
14310
15667
6722
15877
15181
14732
2629
3467
12740
11361
14937
3325
16034
7076
6368
17512
4527
7302
3529
17588
11641
13569
18113
10327
16233
5891
12749
7219
4677
4655
12719
11255
15209
13361
16348
5570
16317
14128
17002
1815
1806
13348
16873
6463
5846
14911
1794
6503
6601
14701
16128
5593
5684
12404
3398
11793
12014
16298
16629
13214
15848
17465
16496
2040
12702
6250
11561
11942
12980
13852
6588
13682
13518
2926
6169
16292
8265
13523
6386
18529
11406
1236
7990
7999
17378
14430
13193
17656
13784
11049
8926
10950
15280
6538
14717
6437
5795
6645
13729
5092
13423
17272
16366
11178
5668
14258
12050
5410
18281
14867
17784
15906
15900
5258
10022
10964
14367
15669
12704
6146
8464
16128
16977
11983
9043
6606
4009
11960
6631
16492
4620
11646
14283
15053
14892
10141
3472
13921
15369
15596
9616
4617
12195
14241
6663
8542
9562
9833
7604
5049
3803
8045
16589
12195
2371
5153
2950
5625
1791
10992
11126
10859
7500
16519
5597
16397
15492
4036
3295
11514
16565
10536
12955
4001
12219
13469
9984
17910
16491
3992
2913
12871
12253
17958
13514
7275
17574
1320
16602
10457
13901
2965
5535
7119
15102
6104
9997
9343
1794
13746
4560
9947
13859
16697
10340
14721
5670
15576
10115
2381
10678
12922
11126
3499
12711
16290
9770
11702
5570
5658
8764
11923
16372
15330
2935
13453
14200
10318
3687
4550
10597
10221
10468
12754
19188
2736
2990
13705
2535
10458
15875
1363
18292
16710
1998
5400
5051
13561
16845
11572
16964
6574
12193
2981
16431
13386
6647
15983
1791
13814
2612
13417
7040
8974
14023
12897
17392
14718
17107
7374
15627
15650
1223
15696
1218
11971
17007
12636
11285
15296
5671
12821
7099
2660
11968
16803
1818
15766
10585
9223
6518
3020
15225
13790
16102
10108
16432
9414
8018
3776
13236
7000
8929
16363
7078
3517
4968
15600
3545
13593
17803
12534
17328
1797
7690
13356
4023
11200
13498
11674
10584
4034
1799
4551
10770
5263
12204
6815
14532
11417
14985
14824
8831
6329
13548
7717
2767
8878
2378
14187
14413
8385
14595
15312
11686
11941
15145
12823
9505
16838
1938
10884
10004
6161
16739
9177
8535
4589
14726
13362
10751
9492
14930
6623
12405
2470
15513
15273
10369
9070
3034
10717
14002
12324
2709
15429
16125
13958
4418
7543
10719
12762
17509
17784
7020
16360
2392
7439
6642
4026
4615
10501
11074
15882
5724
7887
12072
5097
15012
11762
13442
13156
8147
14926
12301
10725
12197
12661
9319
3577
3558
13046
6242
10076
14491
9402
11109
15746
9696
5268
6470
4036
11283
9186
10491
14896
18820
10755
3525
15668
17056
6118
15266
17414
4614
8201
13790
14033
2633
12470
2420
14239
7178
7728
11608
1803
12590
3530
15071
2655
13822
13604
17093
17449
1806
2073
17916
15992
15869
9823
3293
11757
9862
8246
16654
15937
16482
3225
6141
16459
16514
13322
2933
4460
15081
4529
17569
2750
16577
18847
10298
14339
2080
15462
8553
3765
7325
1839
7573
5853
16226
7778
15654
12800
1284
5932
15457
15015
3729
7522
5042
8228
5380
4298
6980
12529
8063
16690
8604
17464
14379
16095
5113
13193
9518
7470
5146
12230
18560
17692
1809
10194
17808
8978
13137
15676
14786
11225
10044
14660
12164
16922
11916
18002
15159
13724
15881
6090
15980
9236
15167
16304
7763
17044
11068
3699
6210
2961
3870
12262
2804
17121
7029
14672
17470
13391
10764
12427
4855
19125
17804
11730
18490
13949
9333
8292
2386
12787
2418
1427
1842
12941
2697
1887
14011
7557
12596
7591
6281
6674
10913
13676
15186
7696
7154
15614
15608
14299
6128
10169
8006
12675
16004
3970
5198
13340
17382
11808
8467
17167
8310
5350
6642
14547
11927
5834
15273
5144
14015
14670
15812
1276
9927
14641
2532
4018
14695
6475
11119
4059
14589
14530
7048
7957
12242
3530
2425
16213
5152
11797
9750
16825
3546
15460
16869
16396
13296
6968
16926
11368
7509
3706
11437
12178
15499
9702
14001
2091
16525
9948
6195
7048
1298
8979
17437
12346
16926
5169
18403
12260
12319
6455
16080
14182
13798
15517
18130
10751
6098
17592
10039
17045
10521
10391
13810
6163
13851
9010
16534
2070
12248
13470
11179
16324
13343
6571
15017
5209
5856
17473
14210
1414
14890
2636
2366
17482
18413
6974
10901
16379
8672
1801
5917
16573
4544
16760
12954
1815
12178
13867
8064
9744
17127
9332
9341
8531
2953
13816
17166
14584
17030
6604
6718
11675
10778
9524
4670
10530
10857
16023
9394
15806
12734
12997
11436
8407
13329
2751
15876
4154
13248
6715
16984
2380
8934
14591
5930
15159
12841
13082
11292
17319
5241
17900
3537
18148
5610
6684
18336
18158
15360
11101
8357
12022
5665
15600
16047
13979
14657
8752
17530
17136
16870
4270
10927
13926
4841
13292
3535
1438
1306
16976
5920
10757
7888
1906
5699
6619
5597
13963
11711
16122
9142
14631
18267
7063
5758
18755
16798
17169
17926
16330
15969
16624
15716
3709
10074
7783
17265
4364
3572
7204
15189
4646
13120
13723
10801
7723
17003
16479
17179
3882
14574
8475
8993
16267
2088
14204
14160
3065
17313
8638
14463
8056
6336
15205
10764
10512
14053
11776
4707
10304
8011
15042
10772
4003
15774
2564
16957
2930
7509
11981
17063
5684
5132
7661
9458
2945
6660
13656
18959
16316
3531
17700
16768
15226
6374
8454
8922
17463
13897
3588
13095
11950
11476
12109
11386
9689
18393
12349
16776
3158
7056
11841
14250
10436
7726
13497
7141
19193
1929
15175
12947
15319
11214
4160
14213
10240
16352
16477
6487
19103
5641
17827
17311
2793
6206
8257
3075
17212
15613
17672
10170
6473
2944
5612
16736
16708
4082
2976
15859
14158
16179
16162
16336
4848
11779
6495
11269
10368
9956
11759
12308
9187
4162
12923
5167
3764
17196
8517
12491
10340
12937
8953
5192
10615
10244
12761
17023
2358
6217
11153
12271
4282
4059
17626
13355
16626
6220
13085
5052
16587
3364
2995
15970
1872
5089
18789
7585
14941
18629
15911
14697
10518
6618
3501
8930
9625
3695
15748
16745
17545
1328
12360
16386
9690
10810
14856
1779
16579
17181
15684
16088
12164
16283
11631
3175
5627
11720
7549
2943
8105
16020
7244
10113
9794
14203
2076
8858
3690
11743
16178
1432
2934
13729
12416
16278
7128
9458
17865
8328
9308
9205
18443
15070
15339
8608
13916
4383
10978
10259
13878
12832
6663
12782
12952
8012
5696
3103
11697
16458
15640
3131
15055
1220
2381
2001
2369
10032
14306
16200
16860
8999
10309
5026
9390
13529
10101
3326
15443
9054
9558
16248
3500
2360
7455
5566
16037
7793
10603
15556
14180
17239
14573
11007
12112
18770
5632
9784
6618
16879
14284
5114
7114
7122
4069
4627
14881
17920
11618
2350
12006
9095
9383
12414
9354
8391
6022
17391
4075
1899
15425
1228
18805
16978
6301
14213
8916
15952
9516
15381
7290
17323
11616
4102
13959
16376
8995
12874
3504
2022
6467
9568
15177
9991
11950
9526
9716
3863
17324
6769
16831
13641
8017
17340
14996
10337
10886
13454
2364
13110
8166
7169
12282
11985
10724
5673
15028
16666
17615
9630
5064
13770
14733
1397
12665
16484
13758
12241
12305
11676
14373
11616
15013
13523
13680
4284
4067
6310
16588
15200
10329
11382
16833
1797
9159
8942
19263
9099
5149
15999
1998
1854
12979
7136
12845
6076
1803
9633
14913
15819
14287
18695
17165
17441
14610
9344
13538
