691
365
16
0
1274
0
1403
0
1211
309
0
243
0
1075
95
13
1396
1088
0
0
37
0
0
2044
0
442
171
0
937
0
0
0
1292
508
651
45
227
0
1503
586
1165
0
0
0
0
0
471
474
0
704
0
0
504
1351
1238
0
0
0
670
0
1076
1395
0
0
1181
0
87
0
1118
340
0
0
1264
0
0
1151
1608
0
310
599
10
1665
147
1043
0
1824
1726
396
0
1477
0
1713
0
1517
0
262
366
1471
0
898
1074
0
1170
451
1444
0
160
2080
0
1811
0
425
0
1639
684
0
0
785
2042
0
1399
0
0
727
0
46
815
893
0
1247
0
584
1441
759
1605
1852
0
1873
23
511
1147
0
798
844
0
1277
0
0
0
1399
894
0
0
447
1500
1127
712
1648
0
5
142
820
0
925
1134
1138
1193
0
0
0
1844
2160
260
583
0
0
0
999
0
0
0
210
345
0
0
0
0
0
323
1
647
0
1568
0
0
220
894
0
0
0
68
910
463
0
0
0
979
221
1246
64
1403
0
0
0
290
1510
0
1278
1295
1400
1476
0
0
923
444
0
0
0
0
1424
0
1149
0
547
1445
285
0
1939
0
725
0
3
1831
1759
0
1283
3
325
0
0
778
826
0
1777
717
0
0
746
0
363
0
0
1893
1421
0
782
0
68
362
0
1451
251
1510
0
822
1845
1099
9
0
1810
0
679
1763
550
1411
0
311
731
233
0
1011
0
0
1502
495
390
1216
278
1433
0
251
1489
0
0
1313
0
250
1506
771
1442
0
119
0
0
0
1053
0
0
0
721
919
0
0
23
1098
521
2199
407
305
0
1070
17
487
469
1864
0
1228
438
0
0
0
0
439
0
1521
0
25
1297
0
0
0
2120
1621
0
2026
0
786
0
0
722
0
226
0
917
1166
0
0
831
60
1736
0
0
1503
0
320
2034
1331
1528
972
1150
1064
1588
1517
0
1357
0
346
0
0
0
979
853
0
0
1064
0
1205
0
0
1100
536
827
0
0
0
309
0
964
0
843
0
0
0
356
1577
547
2078
1987
1879
0
0
0
0
1055
719
1952
0
0
0
340
202
0
453
0
0
1720
0
1331
0
0
0
1583
363
1546
0
1323
2002
0
1040
0
0
0
1618
869
0
2091
961
0
0
0
0
501
1190
1166
1278
1875
1728
0
10
42
1326
0
0
232
280
0
0
0
0
0
0
0
0
1500
798
901
0
0
1232
0
892
312
0
1253
0
0
0
265
606
119
321
346
1134
719
0
0
564
0
0
978
0
0
1856
1470
1040
0
39
1833
1627
589
484
1448
1965
439
1113
250
1838
0
639
0
1051
1253
361
1624
355
1487
0
0
0
0
216
0
0
0
1615
0
151
0
0
989
857
0
0
968
8
1366
1298
629
1511
296
2107
0
332
1508
0
1308
0
1244
0
0
240
0
0
1311
1023
0
0
810
949
0
1202
368
1065
1811
0
0
0
635
1584
0
711
529
0
1940
0
0
48
0
1422
1285
0
0
1184
516
1987
807
0
918
764
0
0
0
0
0
1018
76
1413
1353
0
510
466
0
1904
0
1059
1541
1203
1111
771
1642
1927
0
1266
409
678
0
758
1733
448
1185
0
0
355
0
1015
1157
1037
2065
346
2080
0
599
902
668
202
55
0
0
2020
0
2030
574
0
0
416
0
1319
182
1570
0
177
1333
929
591
1850
463
1345
0
856
1017
0
2105
1852
0
0
1008
974
0
0
0
796
0
496
0
0
0
0
0
3
960
0
1307
224
1432
0
0
1072
0
201
0
0
0
1135
1928
84
1219
1277
238
15
1294
531
0
1987
1039
1169
0
435
131
0
1186
325
1370
374
922
1539
606
605
0
151
0
1408
1029
608
1389
412
63
0
319
0
0
1159
0
352
1882
0
0
211
684
271
109
0
494
908
103
1242
1133
290
3
0
722
0
39
0
1075
273
0
0
0
0
1570
883
957
1035
1886
0
743
1401
754
1482
0
0
0
0
260
1399
0
1096
0
4
1432
0
513
332
0
1143
1629
1854
0
583
1292
499
1371
0
0
1747
1177
0
0
1655
2
782
256
0
1158
0
1447
1469
2039
584
0
1456
99
831
0
39
1415
0
972
0
1827
216
700
1833
689
700
1861
301
598
0
0
950
360
0
0
1240
0
50
0
1270
0
0
0
517
1336
0
3
126
734
0
564
1940
0
1679
711
0
0
350
373
0
0
0
1686
210
1308
1799
5
0
646
0
1426
815
0
40
0
0
378
0
0
827
1863
764
224
715
0
1506
447
1473
0
317
0
340
0
0
0
0
0
1377
0
0
651
1391
0
1797
737
23
0
304
1209
0
0
556
0
0
0
1622
0
0
851
676
1319
320
881
0
641
0
2119
2018
0
0
0
0
1347
1048
624
69
1171
489
1888
0
0
0
647
308
1245
609
1063
0
1887
0
0
0
1423
1328
0
319
0
0
0
1417
0
0
1037
930
0
0
1564
0
1203
934
1344
0
799
1176
0
127
0
2107
1287
1230
0
339
1397
0
0
1720
0
0
1577
314
308
951
0
444
1606
541
1307
0
1761
0
0
0
1237
0
0
310
0
562
2061
0
1329
0
441
988
1997
0
0
1361
0
0
0
543
895
1181
0
1002
0
798
0
0
2006
0
1315
0
0
0
835
1744
0
914
0
1307
151
0
1908
0
512
881
0
1170
1081
2043
16
0
0
0
1051
1828
85
0
910
0
822
318
945
0
933
0
1829
0
646
0
1520
1054
292
1260
1076
376
675
406
0
1802
0
0
0
52
1477
0
0
0
1153
1045
328
0
311
1771
1448
132
309
0
1619
0
9
750
0
0
0
0
1975
0
1385
0
517
795
1955
1360
0
545
1129
0
1543
1498
363
280
1850
0
0
826
0
0
0
1171
61
1342
0
396
1400
490
0
0
0
9
462
1483
0
354
0
0
0
1594
348
0
326
131
0
1054
0
1255
0
0
1002
0
2
1992
0
0
220
1344
0
1066
2060
0
176
1345
1682
124
0
0
726
795
710
0
1484
0
425
345
0
0
5
74
9
0
0
0
0
2029
323
521
1321
1023
0
0
1803
1211
0
0
0
748
1426
779
1052
1196
1228
77
2
0
558
455
0
647
0
0
831
0
1093
0
0
0
1489
257
1089
1975
666
1009
2053
0
0
651
0
1825
0
1422
1234
945
0
445
1583
1239
0
378
48
2203
0
1755
266
447
913
0
1577
1063
318
820
1121
0
0
0
880
0
1920
33
513
1437
0
0
1613
679
0
745
0
178
53
1516
0
495
301
1623
0
0
891
647
0
0
1474
0
1949
901
0
0
1447
1486
0
0
2299
1250
0
1891
1294
0
308
0
0
1830
1920
1266
0
118
0
0
1831
0
0
969
0
0
0
0
1434
0
338
0
0
0
0
314
386
671
0
0
0
516
0
0
1723
731
0
347
0
1921
0
0
541
575
164
1401
957
469
0
0
760
0
1461
604
475
0
0
516
1762
385
0
1151
1367
2309
0
1402
0
2118
0
1850
0
1241
378
1305
0
534
2021
0
563
0
731
0
0
560
1151
0
697
0
0
657
679
0
864
1240
174
793
1862
958
614
1405
680
232
1494
0
1436
0
255
0
778
0
293
0
319
153
0
39
267
0
826
1256
1056
1304
613
0
1451
0
1489
377
0
1211
0
2061
1097
1700
76
0
344
1169
1160
1306
254
0
0
283
2034
0
1509
0
1520
881
1965
361
0
1488
423
0
1078
0
0
1628
730
767
341
0
1876
1169
594
2064
1588
0
768
811
0
1487
1212
1196
0
289
2237
1082
0
0
306
1231
75
385
0
0
270
1883
0
928
1147
0
0
662
473
263
0
505
328
1958
2031
409
774
1297
0
843
716
658
1357
0
810
0
96
927
0
0
1960
1028
0
1090
1364
1129
942
872
0
546
0
0
72
0
0
62
0
0
0
1235
309
0
0
0
0
1191
1359
443
1875
0
430
98
1431
1747
0
1593
0
0
0
0
1191
1228
1349
976
712
1126
0
312
715
0
123
0
777
0
0
0
1443
1910
0
1532
764
1159
1301
214
0
1842
6
0
0
1055
0
1527
1940
599
1337
450
0
751
0
0
1440
455
7
11
0
658
764
0
1564
0
0
1241
0
0
0
844
1384
0
1718
2180
1040
1157
0
59
864
2005
1489
0
582
0
0
0
1287
0
0
0
0
1413
1358
0
0
123
1424
0
1595
983
2049
1005
663
796
995
0
698
0
0
0
1447
0
1828
638
1457
135
0
2106
512
0
580
0
0
1550
1535
0
0
0
716
851
0
0
0
872
345
0
0
25
0
1233
726
123
0
0
0
582
0
327
1848
1222
0
603
1389
131
808
0
0
154
0
0
1552
488
0
0
2081
495
539
1480
440
1044
0
0
2262
0
1217
794
0
86
0
0
0
520
48
1066
0
114
2082
0
323
1972
1105
1312
0
0
0
0
0
964
0
4
556
474
2020
1625
0
0
0
1673
1728
508
8360
1977
376
38
1230
0
0
1207
0
1390
2059
2105
946
715
0
1485
1127
1385
0
0
0
0
881
0
140
2071
38
0
1512
1135
1393
565
543
848
0
1269
0
1763
1068
1442
0
1611
158
276
500
2022
126
238
0
483
1558
0
0
0
563
2035
0
1890
1373
0
1590
0
145
1203
0
516
95
0
84
1220
457
0
245
0
0
0
380
1636
0
616
1376
0
1454
2033
0
735
325
0
648
1521
0
11
181
761
0
1955
1635
1984
329
1491
0
0
490
957
0
1457
95
0
517
2052
1800
139
1372
0
0
0
1391
0
612
0
0
0
254
785
0
1681
1353
0
1800
0
0
249
0
0
6
381
0
526
0
136
1198
1449
1397
276
1423
2086
308
0
1503
573
0
2021
0
2166
0
1056
1586
591
33
0
1375
0
0
996
1368
1789
0
1547
1279
0
1680
0
408
917
0
219
0
276
0
2036
688
2034
454
0
61
1883
2130
0
2033
859
1503
16
0
0
1821
0
0
0
0
1969
144
1531
6
527
0
0
0
8
816
876
982
537
2070
2007
523
616
0
554
154
1410
1982
0
506
612
0
29
1535
1612
1446
0
528
306
0
0
0
822
34
0
606
799
0
0
0
518
754
0
2063
0
0
1
145
0
0
782
796
1314
0
953
0
0
1587
0
0
1883
0
475
524
1354
1919
1373
0
1441
923
0
924
1026
0
1874
771
727
229
220
186
5
0
546
0
0
309
0
862
964
1287
1200
2039
0
0
1851
742
1013
0
84
940
2016
7
1087
313
1141
0
0
0
0
1385
1068
1402
69
0
1859
330
1903
1097
0
0
1764
308
0
0
0
1578
0
290
0
0
1092
0
0
1247
1393
0
0
1851
34
0
1475
0
1649
1232
0
0
0
320
294
3
1186
808
0
457
491
0
196
1011
0
595
325
0
0
1451
1970
0
1369
0
301
0
679
0
1914
117
1666
1243
0
21
0
1834
620
0
0
0
1539
0
289
0
0
0
603
706
0
1464
0
0
0
1109
849
890
442
1422
8
829
0
1185
1048
779
0
333
0
662
0
1383
14
477
1396
647
1511
15
0
0
505
20
340
1448
1892
0
0
1116
0
0
749
2090
340
0
32
0
870
1029
0
2145
0
697
17
0
90
0
2066
295
0
0
977
1600
1988
1365
0
0
369
0
363
0
0
1616
429
0
0
1070
0
818
0
0
449
0
1878
0
0
2092
0
1081
1492
0
1394
140
0
2072
0
824
0
712
869
59
0
0
1992
1175
0
1407
1494
672
0
1304
360
1244
425
800
2081
0
379
0
0
1221
1358
891
1
70
752
1469
2045
1
1562
278
0
1565
0
0
0
0
0
1310
217
0
0
0
714
0
0
1409
0
0
1297
0
0
0
0
0
888
1889
1718
573
831
290
0
0
615
1980
1852
1256
342
22
227
1381
0
0
0
22
1355
0
0
1868
352
132
1184
872
0
448
26
286
455
785
1320
0
0
244
249
1873
142
1007
328
504
0
1867
0
792
1885
0
0
0
0
0
1816
0
406
0
0
0
72
0
993
0
27
628
0
0
0
136
1069
1061
1006
384
0
577
1500
444
0
0
826
1122
0
285
0
8
57
1168
558
0
0
0
1319
1553
0
0
36
0
927
841
365
0
720
10
1392
136
0
0
0
0
0
593
2
730
422
0
402
1239
893
0
0
0
626
1805
259
0
1497
0
1876
0
1378
1391
1180
1269
994
0
322
0
0
0
0
0
745
164
1905
0
0
0
175
0
824
0
281
1181
2319
0
0
1836
134
0
1816
661
1508
0
835
0
1377
0
0
1304
0
0
0
770
1493
0
0
1915
1847
0
415
0
185
959
1538
0
1507
368
673
0
655
31
0
2076
0
234
1102
0
0
183
0
0
0
2033
597
1722
0
0
1042
0
1203
0
1100
1959
17
1738
498
0
0
0
0
514
0
0
407
0
0
1221
807
1851
2044
0
0
0
1429
21
0
0
23
1557
119
413
0
0
357
0
0
0
0
1974
1427
522
1994
1067
963
0
0
0
0
1457
0
0
17
138
887
0
333
1291
0
1456
1485
1538
0
0
1399
388
14
0
469
0
0
879
0
0
0
1093
0
1754
1071
0
972
0
1534
279
0
0
1444
0
1580
0
1182
1568
39
331
1452
0
1763
0
715
0
0
1153
1320
0
0
772
1954
702
0
1890
245
0
24
0
298
734
9
1119
1248
235
1193
714
0
647
1494
2047
251
1854
0
1688
0
1156
529
1270
0
505
4
735
49
1637
1544
258
0
846
0
1504
460
0
0
9
0
0
0
1417
973
974
0
784
0
0
0
0
2042
734
546
0
26
1817
1006
178
762
2319
0
0
2115
1035
1978
0
1237
0
0
1379
1799
0
0
25
11
0
2043
0
1348
0
0
834
520
1225
1097
1916
0
1067
0
0
747
0
0
0
393
0
377
893
0
1323
973
798
0
1058
124
127
1414
17
16
0
155
1858
0
0
0
816
0
1208
663
489
0
1419
1430
0
1623
1175
599
0
1026
781
700
0
0
0
193
1390
1134
656
0
995
0
1319
1876
0
728
187
1887
0
1452
0
881
1783
917
0
0
0
1241
0
944
0
0
0
1385
1614
1093
0
1667
749
0
0
0
2031
0
353
0
0
0
0
0
1384
0
735
759
1561
886
1263
1285
1889
1209
0
0
6
1348
1146
56
0
0
0
0
0
809
0
282
2014
0
0
361
2073
12
1594
0
566
0
0
1647
586
1498
732
1174
2008
0
0
0
1310
24
0
350
343
283
1451
0
477
1055
0
2060
577
808
0
697
795
1433
0
0
0
1786
928
0
2331
416
0
0
0
1128
36
255
1368
1334
1376
227
0
578
0
0
1842
1414
1412
0
922
0
0
875
1265
0
0
0
1038
0
56
769
0
691
1375
0
343
1546
0
0
953
758
6
0
913
20
8
1378
1337
1140
0
0
0
1225
1233
158
766
236
1243
0
0
489
4
0
0
0
0
0
0
881
501
923
1112
340
0
827
2054
1642
1286
0
0
0
1343
0
1174
0
1000
568
1759
442
893
257
721
0
0
0
14
0
0
0
1493
377
1491
0
0
0
0
0
0
1271
0
925
1222
0
0
914
1990
1705
0
0
1436
538
0
1272
127
0
0
1448
1242
1373
0
1362
1442
503
0
1633
1301
412
0
1139
57
740
0
1400
998
66
0
1006
0
0
0
1380
794
534
0
1388
1208
0
1422
757
1356
0
677
869
0
0
303
1359
1516
2122
277
2056
1342
0
0
1631
18
0
501
12
0
0
877
0
234
0
2002
0
1437
0
338
0
0
1304
791
1393
1665
449
1783
1648
1445
1848
0
1139
0
1371
235
0
489
0
0
1585
1392
526
1251
0
0
0
1139
277
1096
1610
1521
0
0
0
0
0
0
138
0
0
0
684
2017
1301
0
1732
644
0
623
0
0
0
0
0
495
1279
827
1612
1895
1460
587
15
1155
2056
0
1470
1543
1803
339
0
872
0
754
0
430
213
367
1495
19
0
0
1436
0
0
42
240
0
294
0
1378
0
0
0
9
24
500
77
1769
1469
0
0
689
750
160
302
0
1417
1086
538
1518
549
0
1280
0
400
1586
1321
0
465
235
0
1159
0
1083
1674
0
0
0
0
0
1522
0
0
1025
1437
0
1262
1432
0
354
0
485
0
1076
0
0
0
0
1034
0
0
1430
0
789
0
1536
652
0
0
1588
534
1284
1889
1276
1914
1603
653
3
1454
0
2013
189
354
0
1957
1554
671
199
0
0
2156
0
534
0
689
836
507
0
956
152
0
308
1879
1188
0
0
0
1348
1017
0
0
61
0
0
1450
0
0
1525
1607
1165
1423
848
9
4
38
0
0
626
292
17
0
0
48
0
299
294
827
637
2167
283
13
0
0
614
0
0
0
1180
1356
478
643
0
0
0
516
1940
0
0
0
641
1000
244
1384
0
0
14
2
0
1521
877
1140
16
2017
1322
1841
767
444
998
0
1020
0
0
0
0
1950
0
0
1411
247
208
0
1967
1240
1801
0
1860
1608
770
1313
0
405
747
122
1642
1573
0
0
0
0
322
1415
0
1035
1
0
242
0
0
463
1523
0
228
0
0
0
0
1555
1314
0
1763
742
251
0
0
923
0
444
6
1520
0
566
1613
626
481
1837
0
0
1425
1275
1201
2100
682
2211
1857
0
578
826
0
1157
0
1328
0
0
0
234
54
0
0
0
1057
0
1978
808
1970
0
549
932
1766
0
1929
0
0
0
0
280
1813
0
921
0
854
22
2236
1997
35
848
1045
0
2076
0
1109
1263
0
0
933
617
127
340
1609
0
521
1227
2001
944
706
446
1649
0
567
1906
107
0
0
0
296
616
1378
1098
1417
0
786
0
0
1914
1685
0
0
1363
0
928
0
1505
0
1086
14
395
764
1255
767
2050
350
0
376
0
0
2085
8
0
29
0
1421
2098
1546
312
0
0
1164
133
0
516
0
0
0
0
955
814
1857
320
0
1979
790
0
1342
745
0
334
2067
0
0
2004
0
0
1739
1338
143
481
309
0
174
72
0
1851
0
0
271
0
258
0
1416
0
790
1342
0
134
125
593
234
319
0
0
0
1845
594
669
1539
1678
1457
16
0
756
850
1010
408
324
207
953
1295
395
213
0
170
0
0
679
188
804
1040
1624
640
1222
1074
722
0
149
773
0
1947
168
0
0
0
0
1455
325
1608
0
1933
0
1956
1262
1459
814
1989
303
0
14
0
0
0
1246
0
2128
1448
0
1081
0
0
27
2333
0
1380
0
0
0
625
0
0
270
1934
0
0
0
1041
0
795
1438
0
1743
1536
850
1207
0
705
1557
0
0
343
0
1945
615
589
2071
1625
864
2097
120
1298
1022
1378
918
0
154
0
1713
0
0
0
0
0
1773
0
1252
264
1478
257
0
1061
17
0
1017
536
580
0
495
0
606
0
0
0
0
713
187
706
590
0
0
0
280
1892
769
0
0
1516
624
0
0
911
0
697
963
39
326
0
326
0
1482
328
437
0
0
0
958
871
0
0
1959
0
488
0
1450
1238
0
837
157
1123
1029
2046
0
1939
140
0
0
345
260
494
234
2043
244
1329
0
171
0
1094
876
750
2086
1222
789
846
491
707
0
0
0
1338
0
118
0
1399
872
0
0
0
483
292
1675
1353
0
930
0
0
766
248
1032
0
850
1329
1548
0
365
0
1124
1216
0
0
1466
0
48
265
630
310
0
0
0
0
1096
0
0
258
797
0
2227
0
391
1037
1590
1338
797
0
2
0
670
788
0
1505
0
0
1815
0
0
1586
0
327
1370
905
511
0
0
239
741
746
9555
0
88
1094
684
0
0
254
803
476
0
152
0
3
569
1591
903
0
0
2003
0
939
0
312
0
0
681
371
0
0
1268
342
275
1889
1372
247
969
1117
0
761
1122
0
3
232
0
0
1308
0
14
1516
0
0
1000
1256
1988
1444
161
1896
661
692
0
0
0
0
302
453
0
0
55
460
838
1819
2089
0
0
553
1465
0
1455
0
331
339
671
0
615
18
948
308
1358
379
1941
0
505
1825
1224
0
0
804
844
88
0
0
330
0
0
1109
0
0
703
0
917
0
1312
551
0
1281
1940
882
827
1524
109
0
0
0
266
2048
498
0
0
0
0
4
711
747
1444
1020
0
169
696
0
1983
766
159
2004
0
670
0
0
933
724
1471
1066
0
1181
0
0
1714
885
0
0
0
0
0
1649
153
1945
2158
1970
0
0
1401
1039
313
1212
0
1743
664
0
548
0
453
838
0
5
0
1813
650
0
134
275
1239
0
533
544
0
204
290
0
0
0
677
1597
0
0
0
1575
1436
1210
0
1122
513
0
1257
1440
0
1932
58
0
0
0
0
0
115
12
0
22
0
725
2087
246
1747
696
0
0
1337
609
1143
307
1206
338
0
13
1207
0
1567
1199
533
47
337
1359
461
0
1351
1950
0
777
0
555
1297
1292
419
0
0
813
383
1564
0
1336
251
327
1989
0
0
0
286
0
457
1670
0
0
639
0
897
2052
0
1380
0
0
0
1207
212
1164
2081
0
1537
145
0
743
21
954
172
935
446
969
1607
31
437
0
313
0
1173
1219
1151
1238
1555
806
0
0
1717
704
0
1467
2055
7
1175
1404
0
0
0
355
1469
364
22
286
164
1009
2237
383
95
291
0
1933
1433
0
833
1628
774
1694
2231
1329
0
1578
764
1427
0
0
756
1348
0
250
726
1173
0
0
1290
247
944
0
796
2
0
1560
0
1391
439
0
758
0
400
0
1582
0
1831
254
0
0
1455
719
0
1303
0
0
140
761
0
3
0
821
1025
0
0
0
0
677
1078
240
121
293
0
644
835
0
4
0
0
1835
0
671
0
1126
9068
0
604
0
725
1517
0
36
558
502
0
0
0
0
1949
0
1098
1200
1748
190
0
0
750
0
1439
754
0
467
217
0
15
1247
624
1611
566
411
1049
0
0
0
0
548
0
1798
1426
0
1240
1784
0
461
1221
1313
0
1946
63
0
0
1045
0
1996
514
1090
24
0
1544
0
0
399
0
0
0
64
882
1616
488
0
0
0
0
796
768
1655
0
10
69
0
0
316
818
544
1458
1903
494
118
0
1395
6
166
811
1368
0
838
0
0
0
1280
0
916
0
1560
0
50
1257
0
0
714
0
0
1982
0
266
467
1338
1035
0
0
1216
1539
800
1796
0
0
0
0
0
0
0
302
1527
0
880
699
1608
2178
2041
0
1847
0
1195
0
0
0
0
0
1125
0
0
0
1122
0
0
599
0
490
1086
0
1442
263
1973
714
311
0
0
1685
0
0
103
1733
1182
827
1881
117
1307
0
508
676
0
0
1
732
0
245
418
1356
605
817
0
292
1275
0
319
0
0
0
1169
1142
0
1106
366
1887
0
979
1293
1138
329
0
980
20
0
0
1576
64
23
431
0
9
1164
704
739
475
0
80
0
2043
0
2015
0
64
0
0
1986
158
0
808
1260
406
1205
0
556
0
0
637
347
0
0
269
0
0
935
0
271
293
543
787
0
0
0
1502
938
1175
0
1586
645
154
1907
1245
0
1146
1325
1391
0
0
974
583
0
0
1815
366
1366
0
0
305
81
0
896
1532
0
0
2025
1690
1539
302
1361
0
0
0
15
1282
878
1147
624
1321
0
0
1133
0
283
0
1121
726
916
233
745
1283
14
0
0
1836
0
669
1244
833
132
964
0
0
2165
0
0
0
0
0
721
1156
400
1274
517
945
1970
0
275
823
0
0
593
299
1149
1878
1904
0
296
999
1049
718
7
0
0
1786
0
1714
1604
0
673
0
424
84
0
0
0
317
0
516
724
2069
1556
0
2054
47
1918
0
0
0
0
2115
1084
0
0
0
0
0
0
0
0
1509
0
314
320
1715
0
112
0
0
1921
0
0
3
0
6
1413
0
1259
340
0
1955
0
713
0
0
0
1406
0
424
405
0
0
2004
1873
0
984
295
224
0
530
1580
0
1032
0
0
0
1663
772
2111
0
0
0
0
1467
660
0
1969
0
1076
396
0
1505
0
0
0
1106
1033
830
1250
1249
257
0
0
309
0
192
0
661
60
1129
1099
953
0
0
0
1381
184
3
330
1628
1542
0
1816
1275
0
1231
1000
0
0
0
356
303
0
576
0
1566
1989
0
0
0
0
286
1867
1492
343
0
0
1315
1290
818
1423
0
0
347
1369
1831
2098
438
0
570
0
1380
0
1687
0
844
0
1527
1997
0
1444
0
499
0
37
719
0
889
0
1243
251
0
1554
1609
0
1229
949
0
1256
1973
0
2026
0
1828
1463
0
0
213
2066
666
0
108
0
1019
725
0
0
0
1506
751
443
159
452
0
426
917
14
0
0
0
1424
1799
469
0
300
0
0
0
743
0
0
1078
876
1139
0
0
0
0
0
0
1794
1196
1993
2182
0
797
303
0
361
1447
2010
345
1338
0
1553
1797
0
1029
0
0
985
1052
1457
1965
0
0
824
524
0
0
607
1982
557
1389
0
0
71
249
0
344
0
1814
0
0
127
36
1196
0
9
39
36
0
0
0
1308
1434
0
1679
1668
0
0
1483
7
1480
0
1462
0
409
767
68
1087
926
48
0
0
0
1242
0
1917
0
0
389
2039
1182
438
0
0
0
1020
0
9
0
0
1338
1158
0
0
0
1410
5
967
1103
0
457
0
0
0
0
0
0
0
630
0
0
0
914
1498
1363
3
1137
0
1661
1178
4
1409
524
0
1165
583
0
1433
0
0
1521
4
1485
1357
1436
797
4
1224
0
0
1621
723
2246
749
48
0
0
1317
0
339
16
0
0
0
0
0
0
1080
0
0
0
1980
170
56
1574
0
669
0
1997
0
0
0
357
1745
230
1244
0
257
548
805
0
0
2010
0
24
9
0
1623
7135
214
0
0
0
0
0
531
645
0
0
11
827
0
175
0
989
0
1487
2034
261
1437
874
134
51
0
0
0
818
249
0
0
145
1881
1224
1434
1269
600
2010
502
1393
0
941
1741
2035
861
1606
1187
2066
1371
255
1511
0
102
733
0
0
0
47
0
0
0
0
2019
719
0
445
0
348
0
0
802
0
977
347
1847
2003
394
724
250
1956
1888
0
0
925
0
0
1298
0
0
344
1964
285
1540
1304
0
0
0
1978
0
2175
964
1636
0
0
0
0
1184
0
520
0
305
0
1938
0
0
1404
725
857
0
0
0
0
300
1008
823
0
0
0
1244
2028
0
0
0
1458
2424
236
0
596
37
0
0
0
2274
0
1887
0
1343
1594
659
0
0
2093
0
287
1045
310
1972
284
1440
0
0
32
676
482
1376
1106
0
8
283
0
2166
1087
967
0
0
0
487
1283
742
42
1186
0
763
0
671
1642
0
1354
0
40
0
440
322
1986
0
1451
714
340
0
0
0
484
850
1548
0
0
0
1315
1616
1650
411
0
0
0
2013
1797
0
1393
2016
306
1030
0
219
0
0
0
1255
294
1415
50
1089
1313
715
1184
0
0
1853
0
0
0
0
1649
2024
520
619
1805
1007
0
0
0
0
861
0
736
0
1845
1114
440
0
20
1583
254
1109
631
1088
0
0
1213
652
1322
977
0
1088
1073
1052
675
1941
317
1434
1024
287
0
0
1148
229
0
328
700
0
1909
922
0
724
0
0
0
1876
1276
1004
0
0
1065
512
0
0
1233
0
0
0
1001
0
0
44
0
434
1963
0
739
265
1982
348
996
0
671
2127
1487
6
0
0
0
1478
56
48
700
841
698
0
631
2
1958
1235
0
577
1218
1648
0
40
1975
0
906
0
0
0
1634
1502
1624
1963
1052
949
0
880
1431
0
1237
1126
1868
1302
0
360
528
1605
339
707
110
878
706
0
0
1315
1274
664
0
0
0
1108
1819
0
657
0
1789
1176
0
0
0
854
0
1358
0
1159
453
0
0
884
667
813
0
0
1347
0
124
4
440
312
747
0
354
298
230
779
0
9
0
307
706
1200
90
1363
0
0
0
520
466
0
0
163
0
350
0
0
0
1580
1117
1398
1867
1085
223
1062
0
0
0
462
1010
0
943
0
7
531
0
477
0
0
882
130
1223
0
0
0
622
548
334
627
1138
0
0
1048
772
0
2100
0
399
507
1328
0
1965
0
0
0
618
967
0
0
1082
1109
1542
0
0
1233
2
346
1309
0
886
0
0
719
0
154
1139
980
1012
860
442
1196
1028
1
0
0
0
1963
1842
1661
823
344
0
409
946
0
1890
0
2060
0
784
668
0
0
0
369
0
815
0
0
15
1572
0
0
1773
0
744
0
2095
0
1019
1582
37
1577
0
116
1060
0
0
0
921
0
2111
1219
1219
0
0
0
368
580
0
652
1005
0
0
2077
0
447
0
332
21
0
108
0
1416
7
541
773
1089
0
1071
0
1011
1567
939
0
2143
0
0
1978
0
693
1848
0
0
0
1699
1511
298
19
0
0
0
0
0
265
0
855
67
0
1154
1338
419
0
0
0
344
763
0
271
0
532
0
0
1545
0
6
0
0
601
0
0
0
836
77
785
1125
0
0
157
423
0
202
834
0
1185
511
0
1049
563
14
1360
466
0
1916
0
0
461
477
1348
0
0
1
0
129
0
1128
719
217
0
0
0
0
0
1404
1955
757
0
711
850
0
0
0
1474
1771
0
0
0
27
1529
324
0
0
1335
0
964
191
1348
0
46
0
2104
415
1487
0
0
2099
0
0
0
0
0
1877
0
0
0
233
2091
294
0
1075
0
0
1601
0
748
81
2147
0
0
326
1331
97
1813
0
0
0
0
0
0
1564
1904
447
0
0
193
0
530
2023
1534
370
0
0
775
1682
1064
1596
0
1219
1461
0
1112
1303
0
0
2053
0
932
0
1297
0
0
0
0
0
0
0
382
1284
55
986
717
0
0
1705
0
1221
1013
670
0
0
772
0
0
0
0
0
0
0
1984
0
0
0
408
1497
1506
1305
332
0
959
2093
1800
2075
0
1486
573
0
2123
0
716
3
1327
1386
0
0
0
0
1381
0
395
0
1322
1891
946
442
2
479
0
1316
430
6
346
1706
64
0
0
1733
0
1912
1477
0
1338
1120
668
1402
1205
0
0
1560
0
1569
757
808
1862
829
0
644
597
0
2344
0
0
2081
0
0
27
0
0
0
0
0
0
0
0
1776
1154
201
1479
546
835
9
0
0
374
344
1459
726
0
0
0
279
832
0
0
2014
861
0
1417
1222
0
0
0
1289
36
1993
1049
0
1958
125
0
0
0
0
1710
639
0
0
1985
378
1856
785
1037
0
0
0
1071
2024
492
0
1205
1011
0
0
1483
942
479
822
1283
481
739
40
1377
0
161
1796
0
0
0
713
0
0
216
2021
1885
681
436
0
2067
0
0
931
0
0
1259
0
1871
420
0
966
656
1576
0
188
928
0
0
0
2073
314
1545
0
146
2413
0
1111
0
0
0
0
0
2017
846
674
0
0
129
2139
0
209
1276
659
0
0
71
1282
0
1232
0
1435
994
1280
379
0
292
0
0
0
328
821
0
4
0
0
0
0
1803
0
2
334
0
1864
32
828
0
588
0
0
1154
326
2031
806
841
0
352
0
1397
966
104
0
1736
836
0
192
1360
915
356
0
544
0
0
633
0
110
458
0
0
0
0
1340
0
0
2278
1105
560
360
75
0
0
703
934
1802
1927
1758
0
2
65
0
1080
1206
38
0
1137
422
0
1199
0
0
970
0
203
0
0
0
1953
717
0
0
0
0
0
0
787
0
1591
0
0
2102
1791
0
1960
1706
0
1126
0
1669
0
0
155
1345
0
2071
1479
1433
0
1223
0
1801
1165
0
0
0
499
0
278
0
1284
0
1280
0
759
0
398
1548
0
1906
1909
0
1008
711
0
1429
0
835
1943
0
0
1508
0
81
1076
0
0
0
227
352
367
0
1518
0
1982
0
0
0
596
428
0
769
0
819
0
538
60
0
0
1388
782
0
0
1596
427
0
218
697
1503
945
0
0
0
0
365
969
0
2175
2043
634
1782
260
0
0
140
0
1840
0
1278
711
0
1059
1093
426
1008
474
385
39
1973
848
1218
0
0
518
798
388
1757
1064
0
607
1144
40
1
7709
870
332
666
0
0
1217
0
363
951
1503
0
0
0
202
0
0
1721
0
0
1823
2081
0
0
813
0
0
942
1397
1497
1489
305
0
0
0
1406
0
0
284
812
127
850
477
0
6
513
0
0
1033
1349
1169
844
0
1270
0
1594
1012
1931
0
1035
687
0
1195
0
0
0
1978
0
1500
1114
0
541
0
536
19
0
500
537
0
1872
0
0
957
0
0
900
312
581
1687
902
442
0
1431
279
813
2003
0
2022
0
775
240
17
0
11
3
0
1185
1194
1895
0
0
58
1460
790
834
1252
153
109
2190
0
0
0
701
435
901
0
86
0
776
637
0
1308
799
423
0
1663
0
0
660
550
295
1354
56
0
1471
1074
744
0
1870
0
1240
0
1607
0
574
0
1591
235
1456
0
197
289
1786
0
641
151
329
712
207
1461
34
1893
0
1161
1885
0
1723
0
0
0
0
582
465
1367
90
0
0
0
1934
1082
0
363
0
1744
19
1961
686
0
1308
706
375
0
0
1331
1394
0
0
0
1426
257
0
0
0
1550
819
1742
1004
1234
223
969
292
0
1408
0
0
93
531
852
0
0
0
0
0
360
1311
761
0
1022
1483
0
2152
677
0
44
0
1181
0
998
0
1388
816
0
442
1986
0
0
0
112
0
1191
1151
775
333
863
0
488
0
3
1331
218
1413
0
0
0
0
1275
327
0
49
61
0
1861
598
392
0
0
166
0
519
0
0
0
1421
1520
3
1129
296
76
0
0
0
0
597
566
0
1051
0
168
0
1454
0
483
1415
0
626
1088
1506
0
964
1035
113
0
0
649
0
231
356
0
0
770
320
832
1463
1423
393
1108
329
0
0
946
13
0
1519
1995
732
0
1881
579
546
0
2012
1404
13
0
0
1232
1658
2061
0
1445
563
0
1158
1409
1040
1217
0
1456
366
0
4
787
0
0
0
464
0
243
0
0
0
0
1302
952
730
0
0
0
1007
0
396
0
698
0
1165
12
988
406
2168
0
972
616
0
0
690
730
148
1554
739
279
790
424
0
0
36
1867
0
1369
1284
998
1507
2
824
0
1257
234
0
9
314
289
0
645
0
0
685
0
0
7
331
1318
0
479
877
0
0
0
0
312
1281
1549
341
0
500
1804
0
1160
0
585
1453
0
403
874
0
0
568
0
3
0
1361
0
2140
0
0
1623
530
0
375
447
268
0
1622
0
0
0
466
0
74
150
0
916
0
0
0
0
1811
0
1870
1361
0
1782
0
7
120
0
941
570
0
129
0
333
0
0
0
1329
234
984
0
0
0
0
6
1538
1385
0
1260
0
0
0
738
1963
1592
753
0
1961
249
2
1173
753
0
1332
163
0
323
0
0
171
2004
0
926
0
0
1512
1254
1222
473
2235
0
6509
0
0
0
0
1794
0
0
0
1580
0
321
0
0
0
0
1241
0
0
1431
1449
0
1446
0
999
1427
0
661
782
1424
0
0
562
1566
808
0
0
1005
0
2004
1427
1396
849
1698
826
0
765
1942
1164
1608
1381
1894
824
0
115
1256
532
1455
475
1041
0
1132
254
0
420
0
708
0
1
6
0
0
1840
629
0
1397
786
1433
0
0
1553
0
1600
0
0
1329
0
0
12
263
0
890
0
0
0
1973
0
85
0
0
0
1208
0
1219
680
1045
801
1216
1146
337
58
0
0
1931
0
212
0
871
1
0
0
1882
1526
851
375
7
1581
0
0
1009
0
0
0
0
8
572
870
529
596
964
71
0
1416
0
0
1382
0
1583
1770
287
273
157
231
667
0
1900
1534
995
0
2015
0
0
1010
1477
0
8
0
1473
581
0
2053
1247
1431
1523
0
0
611
742
0
4
0
573
0
0
4
0
349
1863
222
820
248
0
0
0
560
1112
239
1140
0
456
0
0
0
0
863
0
0
0
244
0
1260
248
351
1228
0
0
0
646
0
0
1004
235
0
138
611
0
0
0
112
1599
0
303
426
1187
1830
1
0
319
586
0
0
989
1255
842
0
191
1367
0
1342
693
0
134
0
0
0
222
0
1379
7
950
879
1059
0
664
1295
311
1002
1974
698
0
0
0
1550
0
700
0
696
314
1983
0
536
1169
1585
0
1761
0
1312
1411
0
652
0
521
430
359
777
0
0
0
0
257
889
1801
0
0
69
0
40
1126
12
726
0
1875
0
1511
2015
1339
1589
0
1127
0
0
634
0
0
463
1403
30
297
1911
174
0
860
484
0
1941
1347
1427
1676
0
1954
0
0
1691
1217
491
889
1295
0
1494
350
790
0
1156
0
1368
738
0
1383
1150
677
637
0
993
0
966
0
1204
749
862
0
1415
370
149
0
1479
1246
275
1805
0
0
494
192
2121
6
0
0
0
2106
0
0
0
475
0
1000
1836
814
0
282
0
153
1017
1398
0
0
308
32
1825
0
911
487
1091
496
0
222
1971
0
0
0
609
723
786
0
1598
1754
235
1439
0
0
0
0
0
108
0
225
1220
249
0
1175
268
0
981
699
666
442
0
0
1199
1485
50
0
1882
1293
1383
294
0
0
1863
0
0
2064
741
989
672
1280
1110
0
0
242
190
0
1437
937
0
0
0
1142
0
782
1729
0
3
0
976
0
324
1044
1000
2049
388
1288
2
0
0
1520
0
2056
26
0
0
1500
652
0
0
980
995
0
0
0
1447
0
0
0
0
1491
1809
168
1462
1789
1032
809
1562
0
791
2053
429
0
891
1849
336
1911
0
1624
0
1579
1790
649
0
270
0
1563
471
0
0
0
1150
1358
1068
1747
1938
0
780
502
0
35
0
0
1893
0
122
0
0
1050
0
294
1201
477
1792
0
0
1245
901
1392
692
1095
1642
1276
0
1366
757
0
0
1608
1248
1395
8021
992
0
0
655
0
4
513
0
0
2136
108
1344
0
0
168
633
0
0
1061
0
0
1281
0
0
0
1622
0
0
0
959
950
0
0
1864
686
1339
159
2024
960
1668
0
0
1379
0
0
0
121
226
382
0
0
717
0
0
1505
639
0
0
587
0
1612
0
1806
1160
1363
0
948
848
1153
0
341
550
0
245
1358
883
0
0
0
381
0
0
0
0
0
179
0
0
1036
150
0
0
3
1142
521
198
716
0
613
992
317
420
296
172
1080
732
639
274
1078
1048
0
2053
1016
1741
0
0
852
1941
1307
405
475
0
0
760
2107
0
1812
1218
451
0
1563
0
60
950
1325
19
1488
0
0
466
4
1619
552
2091
1115
1769
2127
0
132
4
42
0
0
291
572
0
0
0
1
0
2008
0
1959
0
0
645
0
1423
764
285
0
336
397
0
1635
18
1541
0
1932
912
0
1135
529
1854
2222
1249
1215
214
0
483
0
1499
1979
599
673
0
0
0
78
0
432
0
101
0
0
0
952
249
0
305
451
1439
0
915
0
109
711
0
952
0
0
466
0
0
1773
129
0
68
0
977
449
2004
834
8
1049
0
235
436
596
0
0
0
1955
0
432
0
1874
1429
887
400
1764
1042
0
754
252
0
517
0
747
0
0
635
0
1269
0
1186
0
0
0
0
0
0
2249
0
0
1119
1510
0
1291
279
1004
703
0
0
0
1514
487
0
0
1951
1102
0
265
1730
1415
339
866
0
502
0
1208
1202
0
577
1812
282
46
0
1509
1907
563
0
20
2144
880
2014
696
161
1167
0
349
106
1568
110
1520
0
1315
0
1302
1443
0
1353
0
1488
0
0
1527
0
228
0
45
57
1110
0
0
142
0
0
2056
0
452
271
1178
926
1393
1482
756
0
1017
0
670
0
1111
298
1845
350
0
361
0
781
591
0
1016
975
0
1
0
715
0
1825
1569
0
1838
215
0
1082
1452
1288
0
301
1030
0
0
0
0
100
1491
0
649
395
33
6
0
877
808
772
8
2
1982
0
0
499
236
68
0
0
254
361
788
727
1865
0
1300
0
1104
1858
2071
1063
1021
0
0
0
1277
0
1219
0
13
1875
1162
235
1428
0
0
1379
1182
663
0
0
866
1264
250
0
0
1332
897
1504
0
0
0
68
1444
715
1945
196
1027
0
4
2138
775
298
0
1221
152
817
18
14
125
7
770
474
570
0
1876
1017
1750
80
0
1281
43
286
343
0
66
1143
657
0
0
1552
1478
39
631
0
0
0
0
0
0
1448
0
6
1126
0
1592
2057
0
985
198
1547
578
103
227
786
1825
1347
1540
0
516
0
1301
986
807
478
0
1871
29
852
1952
484
0
1733
630
0
1487
0
1971
12
0
1262
464
0
265
119
403
636
958
0
0
0
2023
0
15
0
0
0
0
0
0
0
0
1403
233
2235
1107
0
0
307
222
0
598
0
739
0
0
1537
0
0
91
0
0
0
584
339
2008
11
136
0
1000
981
973
0
1088
90
0
0
0
376
0
807
0
0
0
1869
768
661
0
711
1981
0
0
0
0
840
109
777
587
252
562
0
0
283
0
383
0
0
1502
0
0
712
401
0
0
1311
0
0
1013
0
0
1412
0
150
1133
24
1003
0
1072
7
911
0
0
1021
776
0
617
62
13
779
478
0
0
0
1772
0
0
1647
112
0
0
844
1023
1550
0
273
1972
0
1046
0
1068
0
0
754
421
382
0
1518
0
925
3
0
0
0
1317
213
794
155
0
0
819
0
1158
854
840
374
1152
0
1212
1395
1259
0
0
813
528
2118
1605
0
0
0
0
1320
0
0
230
1236
0
988
0
0
0
1425
0
1545
649
7780
1269
0
1376
671
1429
1290
1514
0
0
0
0
1838
923
834
0
777
991
0
4
3
66
0
0
0
0
0
0
1689
0
313
1726
2146
1820
995
1311
0
2100
387
1103
0
1183
13
488
674
1278
0
0
1495
13
1212
610
1027
0
270
0
0
979
0
367
1888
366
1592
1030
1545
0
710
0
441
818
45
1115
273
0
0
307
1845
363
0
936
0
1892
0
1276
0
325
0
0
0
457
1049
0
309
0
0
1546
1324
506
0
1839
0
1497
0
1377
657
1486
2
774
986
708
0
901
857
0
1079
0
838
306
0
658
233
2
782
0
758
0
289
312
0
1875
915
1259
0
769
1507
0
896
210
757
289
1372
0
893
338
0
408
0
0
1177
0
0
0
1830
0
2138
1812
1948
0
603
213
0
0
0
757
249
0
0
0
2074
700
0
482
0
1857
0
0
0
15
0
1288
1301
1339
1434
2130
0
0
1423
0
1094
0
1417
1613
989
0
0
786
0
0
32
334
1185
0
0
1468
945
744
1326
0
0
0
1142
1901
0
0
954
0
755
207
1062
1693
0
0
0
279
1451
1345
1496
482
0
189
0
0
1409
361
936
424
1528
0
6
0
12
667
1490
516
638
0
756
247
1622
0
1615
371
0
0
1161
118
3
1783
928
363
0
1877
759
0
0
0
0
254
1462
1951
1482
0
1215
60
18
743
0
0
1947
0
0
0
1620
1171
0
0
1429
0
236
0
0
410
184
0
728
569
0
0
1201
1856
723
1527
0
1
0
90
0
0
0
322
1471
498
0
1246
683
1269
0
1197
0
0
1045
0
0
485
0
369
2063
650
720
0
2082
548
0
1366
780
0
385
1354
1446
1061
0
244
0
378
8
652
1128
1889
2072
254
808
466
0
0
0
0
1059
0
1154
0
0
0
516
0
279
1232
871
315
0
9
0
1300
0
1883
0
0
1870
1827
0
738
1975
2030
174
0
2012
0
0
187
0
900
1306
0
1150
1153
861
0
193
677
1861
0
278
0
0
0
1095
0
781
0
1069
1830
0
1603
0
101
1120
1468
98
0
0
1229
0
1568
1959
0
0
0
0
4
0
1637
491
0
1112
1675
738
0
0
39
0
1196
1896
0
1228
11
0
62
122
0
1041
1367
1525
345
1301
637
116
145
0
756
0
0
0
0
1153
435
245
1465
0
1041
0
0
379
1539
427
1426
756
0
0
1522
0
0
0
0
140
1182
933
484
2087
681
1339
0
0
1318
1017
0
0
0
727
1274
1118
0
248
12
456
0
2042
513
238
318
0
1300
0
8
0
0
0
0
0
711
0
454
3
0
0
1417
1440
1953
461
1515
0
0
0
1726
4
1928
0
594
1427
0
729
0
0
0
1301
1290
0
0
1722
1304
2051
0
0
0
1214
0
537
314
0
1606
1617
0
0
0
1801
0
2010
1546
0
0
911
1893
1798
1368
2100
104
348
509
1096
202
0
755
0
1115
0
1786
391
0
1567
0
0
963
829
0
0
801
388
962
0
241
0
411
0
0
1508
1384
823
1939
711
1907
181
1795
0
1385
0
795
0
923
1181
485
3
1319
989
0
1410
1253
0
0
1340
1509
0
954
0
0
0
0
0
0
242
313
1064
1884
0
2052
0
938
0
0
0
1528
0
231
1981
370
0
0
500
0
2031
121
1282
1218
346
0
2047
0
781
0
167
1200
1329
2008
0
0
0
1820
1021
0
0
0
0
0
0
0
817
0
5
0
971
1290
1424
0
163
154
0
1232
2004
0
854
0
1949
1859
33
1298
0
363
0
793
0
92
0
1411
0
208
437
0
196
1070
0
1574
0
0
0
0
14
606
685
436
0
1660
806
933
0
0
0
0
2024
405
704
684
232
558
1434
1783
101
2049
1369
1184
836
0
129
0
1795
411
0
0
0
0
1308
640
0
0
0
1202
0
346
0
341
1724
925
0
0
1406
0
0
1439
742
0
0
1214
0
0
626
0
477
0
0
302
778
0
900
0
414
369
0
1880
1300
4
858
0
1554
1305
256
596
1401
1841
0
177
156
1053
1292
936
344
0
0
0
163
0
1166
1347
556
0
785
0
623
0
697
0
67
191
0
0
1442
411
759
331
2066
459
693
294
1489
14
1894
0
1457
1551
812
424
0
1121
946
5
0
0
73
0
0
591
123
0
1229
1003
1708
576
1881
118
459
0
344
0
0
1214
1748
0
1564
0
0
1879
1141
0
0
648
353
523
1373
53
722
0
0
675
0
1077
0
1
359
0
879
246
983
1047
0
1889
0
787
839
815
773
1633
2209
6
133
1976
924
1772
0
1323
0
0
912
1482
1592
0
435
0
1078
25
330
0
0
733
1394
1682
290
359
0
0
0
235
0
0
696
0
1957
810
949
847
89
1891
971
0
563
0
0
1828
0
0
0
291
1848
0
4
1182
1022
0
0
1420
1566
109
0
754
135
296
0
1214
6
0
0
0
14
640
0
11
0
2016
496
0
2047
1058
672
0
0
1095
0
0
1571
160
0
0
258
19
0
1479
652
0
1484
0
0
0
202
1552
794
0
0
0
0
966
1393
6
940
0
1001
0
1590
0
1318
629
2072
0
498
2082
0
1148
813
1701
1395
66
233
185
1125
305
436
1000
1497
773
173
0
0
0
925
1571
0
0
0
261
2170
1039
0
0
0
823
1973
0
389
1463
0
0
0
0
0
0
0
300
0
11
0
0
1643
0
565
773
156
1782
1582
0
617
0
1335
1405
0
0
51
377
0
0
0
0
22
0
0
990
5
2023
908
1465
495
656
0
0
0
2020
0
702
1336
1150
0
1449
3
0
1556
0
495
0
1907
664
431
0
1234
0
1216
0
0
400
131
0
1866
0
153
0
42
238
0
189
283
1067
1545
704
0
1814
62
0
0
1170
934
0
0
14
1780
1095
188
1271
1767
1942
0
0
1275
0
0
676
90
0
0
0
287
0
477
1900
2057
991
1129
1960
1314
1089
0
0
0
833
681
0
810
2036
0
1035
0
1913
1575
0
1491
926
464
0
31
1144
1295
0
0
1536
0
0
716
1875
0
769
8
0
161
1024
0
1216
1890
893
0
911
746
77
0
0
0
0
595
752
108
556
578
1580
0
145
0
0
1954
0
237
1852
2018
0
71
1510
0
1783
574
1483
1199
1867
0
394
243
0
1535
2015
306
801
0
24
162
679
1469
56
1802
1214
1263
0
1929
310
0
0
0
0
0
0
1326
0
0
1519
1103
1019
1152
0
0
283
0
501
516
874
0
1335
0
0
1900
0
0
0
1048
1370
0
0
0
241
0
0
222
0
0
2158
0
1009
387
0
1500
1519
0
106
0
0
2
493
0
1423
1717
0
1315
109
0
37
0
0
756
1934
1902
356
660
824
37
0
0
775
594
1358
621
1280
587
0
0
980
0
326
724
767
189
989
1553
0
261
0
1460
297
0
0
1979
1342
951
841
1654
164
0
0
998
1784
592
0
0
0
1168
1554
221
150
104
2081
0
656
1448
280
394
2121
915
206
0
12
1084
1137
442
0
1797
11
1591
2216
692
0
682
0
0
106
1507
0
393
0
0
0
417
743
1429
1405
432
0
400
330
0
0
801
0
864
0
0
707
0
0
0
162
0
0
0
0
0
0
0
0
2071
0
337
0
1483
254
1861
0
0
609
0
0
1017
0
0
1894
1821
1276
1888
0
1934
8
0
2248
297
9
0
0
2193
781
0
1755
0
1434
0
810
12
1378
1814
0
537
0
1404
600
1337
296
1005
0
0
1617
0
0
742
565
0
1563
543
931
1248
802
1479
0
1120
1483
1525
1418
0
1093
787
273
0
819
5
1308
1610
749
0
1825
2025
1483
678
259
172
1458
2028
0
0
0
1494
6
0
0
1908
1049
1928
1582
0
1521
0
1311
1517
0
1806
6
615
0
0
2044
1274
852
0
553
678
964
0
472
427
0
1320
0
1032
861
1849
0
69
0
654
2047
0
0
2000
0
1285
1904
0
1385
1442
718
3758
0
0
0
9
594
0
952
0
0
0
621
40
0
881
207
1208
0
0
1988
0
0
1483
154
979
0
1661
0
0
29
0
1514
0
0
797
1850
0
0
0
509
0
421
0
0
1830
0
369
0
8
1263
1127
0
0
2140
0
0
2071
596
444
0
1821
0
408
48
1842
0
0
325
2
0
0
0
0
398
476
0
286
438
681
1493
0
0
0
0
0
653
1237
621
355
0
0
0
0
1079
212
39
0
0
1226
51
448
0
0
1304
0
755
0
557
1603
0
303
147
0
16
0
310
387
395
0
446
0
877
146
0
0
0
0
1855
1031
354
663
2030
500
1602
0
1612
0
657
0
656
0
1603
771
1054
419
524
1049
2162
586
241
179
0
170
1296
494
0
0
531
1315
378
0
0
63
0
537
0
499
0
0
1740
0
46
1512
0
373
636
901
0
976
0
0
0
0
175
112
1393
309
66
720
893
734
1871
432
0
1268
822
61
897
0
11
0
1797
1278
1209
1786
0
1354
0
751
2127
350
6
0
1543
975
888
1333
482
2755
0
1509
10
175
193
0
11
0
1190
2
1822
1596
1106
835
438
0
0
1994
0
798
0
0
1
0
9
1542
0
731
1331
333
1295
1274
2
1330
1409
0
219
0
0
688
0
730
1076
0
1730
475
146
813
0
0
242
0
1056
483
803
508
0
1566
1734
0
0
589
280
0
624
0
1432
1978
1088
1899
952
1940
1721
562
2029
1958
907
0
0
555
934
572
0
0
576
0
0
1594
0
0
0
1899
0
1328
0
0
0
4
1091
24
0
0
1431
0
234
1444
894
22
0
0
0
0
1032
0
1349
1656
1433
78
0
517
617
0
0
0
920
0
0
0
0
362
0
1212
60
315
1490
484
1242
157
14
366
1480
1047
24
1222
0
22
244
0
1931
1325
0
100
1323
1411
969
1356
2051
239
0
0
0
1022
1505
1225
466
813
251
0
1285
175
1994
1079
0
0
0
0
517
1562
0
1350
0
880
0
47
0
0
701
0
0
0
0
0
431
750
1958
0
1410
0
0
0
337
0
22
302
0
0
668
1603
427
0
417
713
243
745
0
0
0
0
0
0
951
665
0
1087
0
606
949
6
1990
793
984
196
842
997
0
0
0
2082
0
569
0
606
3
0
887
981
1817
0
0
1552
0
0
740
2097
641
0
786
0
0
1362
0
504
1343
478
322
1136
458
987
1159
1267
0
423
388
0
276
1943
0
1326
0
0
0
0
0
384
0
1408
0
0
1931
670
932
1193
0
0
1605
0
0
0
1113
1629
0
0
0
1239
1181
475
726
1422
132
964
309
0
821
1189
383
344
0
1629
0
0
2044
1218
345
1913
212
0
220
0
972
0
0
0
880
4
0
794
1247
1987
0
0
0
506
0
398
18
611
1153
1745
553
617
0
1514
0
437
0
1966
102
1412
373
0
250
351
829
379
1170
879
0
2224
0
12
121
0
68
1401
995
0
1623
0
942
0
9
836
1159
730
0
0
60
1822
1936
1
1881
609
991
0
0
963
0
338
721
1967
0
0
423
0
1322
1517
0
0
0
0
1234
0
1553
236
0
0
0
940
11
1915
0
1142
0
1884
1323
0
1406
0
2038
1873
516
1472
95
305
0
701
1454
1336
0
1628
0
1351
0
1314
298
714
862
0
1409
0
292
0
1687
0
0
496
0
1288
40
2025
1118
715
404
0
3
1147
817
710
0
0
0
1813
0
0
1539
1452
25
0
0
0
1538
117
286
652
1130
0
1131
0
120
0
0
0
262
0
251
929
11
719
0
0
382
1734
1026
1383
0
1434
1038
0
290
0
1555
1128
358
0
768
154
328
2086
1211
3
250
994
0
1969
0
1022
149
0
0
108
15
0
1473
0
0
0
0
1365
810
0
342
1448
0
1092
0
0
0
1010
61
0
0
0
991
0
0
1170
1596
1671
0
2039
172
426
1021
1398
0
0
866
2108
307
0
0
0
0
3
358
0
0
0
0
0
0
1484
727
0
0
0
1653
0
767
0
249
0
713
624
0
1414
0
2067
0
1527
2064
716
0
0
1837
0
0
2006
177
0
0
487
980
1430
42
259
1076
1013
1305
0
1122
0
0
757
1610
1064
1329
1573
0
2011
213
1336
0
1399
742
0
287
1096
852
1662
0
0
746
0
0
153
0
1261
0
6
295
0
485
1425
380
355
0
0
0
0
1226
2025
8
0
826
0
620
1352
1016
0
0
1703
12
0
812
0
0
0
1410
1181
1655
230
908
1390
1970
8
0
34
0
464
0
13
359
0
228
1257
416
2109
743
1223
0
1684
1418
0
225
253
0
0
0
845
0
1442
0
0
1316
1489
377
0
39
0
1428
708
803
0
0
700
898
0
1554
1000
213
331
1484
1805
355
0
525
1360
0
0
1366
0
1362
1048
197
986
810
0
1364
717
0
0
14
909
428
299
0
0
0
0
7
0
17
275
19
11
522
1031
974
1214
0
2082
312
0
186
0
152
2101
0
1067
1414
5
57
2028
681
940
0
0
1163
1528
1642
0
262
1527
643
0
839
58
1198
0
1977
207
0
1792
0
287
1518
1641
1464
869
0
7
8
6
731
0
1066
0
1494
1227
757
1120
0
1879
0
1299
34
0
36
0
0
753
0
0
1950
559
273
32
0
0
0
0
0
1033
0
0
12
299
0
1959
612
1681
0
872
11
0
0
1045
1584
0
491
1373
475
0
1634
1500
937
0
878
2101
1228
0
0
237
42
0
357
758
1540
0
107
0
1220
0
1200
0
817
36
12
0
549
2061
1226
936
974
73
0
0
0
673
0
297
1242
1025
515
80
0
750
0
377
335
0
0
895
997
1400
949
538
0
2014
0
0
650
0
2104
0
0
0
1424
230
999
0
0
607
0
0
1958
351
1388
0
0
496
6
0
0
0
157
1488
0
400
2127
0
589
382
98
0
0
321
476
1223
299
67
0
0
8
0
3
0
414
1
0
138
606
0
0
648
1456
4
402
1077
1722
503
1525
163
230
651
0
0
0
212
36
0
0
343
1048
829
0
1425
0
1547
0
0
1139
1221
0
35
17
0
0
0
235
1903
481
11
994
1595
129
696
0
0
682
0
899
625
1009
2
432
0
0
0
0
0
429
1798
1235
0
0
771
149
0
0
0
857
818
0
1237
0
624
1488
0
0
1024
736
324
0
0
0
522
0
0
0
2034
0
269
566
1986
0
939
0
297
753
114
0
1787
0
180
1166
1027
1708
2074
1354
0
1337
789
1345
0
0
71
321
1203
0
1367
0
277
696
0
256
237
11
0
1102
0
1332
0
0
76
843
2040
1169
0
694
508
336
0
1372
0
1557
0
0
0
1413
36
0
488
0
493
2028
2023
1034
344
48
0
695
1357
1350
1612
1380
0
1076
0
0
0
1379
1032
195
676
1992
2030
1635
1243
1598
939
0
2
0
0
1143
0
0
0
326
1300
0
1005
0
4
1334
0
0
0
45
0
0
0
0
1282
0
1329
1886
0
105
279
202
400
1027
2011
729
1981
1799
15
648
0
1321
0
0
1968
0
1480
708
0
0
0
1908
1393
732
787
0
2109
0
1562
891
1131
0
67
544
1235
1022
0
0
510
1074
0
122
0
307
0
1244
715
469
0
479
0
5
0
0
913
1323
1316
999
0
0
991
0
157
0
20
1704
0
0
0
0
1236
898
36
1307
1117
890
273
0
0
101
965
797
22
0
0
0
830
0
317
0
190
1011
1061
1285
0
1299
0
1573
0
1105
1906
0
360
23
0
1355
1426
1094
0
1865
0
0
321
432
856
582
0
723
0
0
0
29
0
0
0
2055
0
827
0
0
510
790
1933
1495
1050
0
0
1605
344
331
418
352
0
2030
1442
1298
274
10
0
0
0
291
1828
0
0
0
60
1306
370
1450
12
189
0
0
1508
1650
781
829
1731
0
1335
1285
0
1560
0
0
1527
0
0
1457
0
0
251
41
841
0
0
293
441
981
0
514
1447
983
1949
889
0
91
494
0
114
0
825
0
3
1469
222
248
0
0
246
737
213
678
1864
0
428
27
1084
0
1434
0
0
0
1038
597
0
2109
443
941
424
0
1001
1287
436
1310
424
0
523
0
0
0
0
0
0
37
0
0
1485
0
1158
0
1992
2118
355
946
0
394
802
0
0
0
0
1316
0
0
0
1223
369
0
860
1513
469
813
0
0
1428
579
0
502
1295
1228
0
1092
628
370
1113
705
0
1984
0
350
0
1254
692
0
0
318
0
1001
0
1986
0
456
912
2069
1922
0
0
831
373
0
0
1541
0
1162
2063
0
204
981
64
0
0
2044
0
0
14
964
0
0
371
0
1317
0
0
0
0
499
1319
475
1279
793
1916
592
0
1397
0
0
0
9759
43
0
1468
1238
657
1086
887
13
446
1288
1464
0
1156
522
830
0
138
0
0
742
1573
329
0
1080
0
0
0
0
0
0
0
1352
6
557
0
314
0
290
0
0
0
403
1540
1498
1118
0
9
0
0
0
1265
1589
0
1401
1565
1433
250
0
1868
490
124
1358
5
0
0
455
0
0
965
1565
521
304
0
1370
297
0
0
0
0
898
767
411
152
188
0
930
704
354
368
1006
1
131
1400
74
941
838
0
668
0
1594
301
220
1256
806
0
0
127
0
0
361
0
0
743
306
1728
382
0
1548
0
1355
467
1279
759
1337
679
302
675
0
404
0
0
0
0
537
0
0
1494
1179
0
0
0
3
0
0
0
0
1561
0
307
790
0
0
1032
667
1829
0
1948
0
334
1149
446
209
0
1302
1825
1302
0
0
908
0
0
0
1492
0
0
793
1068
962
322
0
0
1528
7
1327
1783
927
12
1926
1359
0
0
0
0
2264
0
0
1565
0
335
9
1158
154
213
0
546
0
996
0
0
227
0
119
1024
974
0
0
1135
121
263
556
0
1164
1604
1526
1093
665
186
1013
1
691
269
1939
241
1823
0
110
0
0
2069
535
0
1610
1286
743
822
0
583
1464
1960
0
0
0
0
1969
0
438
1976
0
1517
664
0
0
251
0
0
80
0
0
223
0
959
0
1000
1115
0
0
357
845
1328
320
1209
2070
0
0
0
64
1019
1155
0
1729
1464
0
1111
742
1124
0
637
0
19
1908
1301
1428
2151
1285
2122
0
771
0
1129
82
0
1126
57
97
306
1374
0
305
515
924
0
0
1749
0
0
0
1105
1369
196
247
0
0
0
323
1478
173
0
0
306
1257
0
1805
1341
0
1947
2051
1058
213
0
0
383
0
672
0
486
364
0
951
0
1638
3
0
505
0
1272
633
1460
429
0
787
498
0
6
334
2079
0
0
0
807
0
251
1357
2199
280
872
0
2094
0
22
0
2055
212
0
70
62
0
448
1866
349
827
876
0
1442
0
743
1043
768
774
1902
0
0
1229
256
0
0
1977
397
436
1481
0
2041
716
1650
0
0
407
1488
2032
281
8
1365
8
466
1912
0
2090
0
0
0
1338
769
501
1083
0
885
1822
213
955
468
366
704
1380
0
0
455
9863
1495
664
286
9
2026
400
0
1054
0
2031
622
1524
1234
0
781
426
0
1154
0
0
0
511
765
653
1593
403
953
280
1412
0
0
0
1067
1366
0
12
0
808
0
1001
321
0
24
0
1656
0
0
146
0
1272
0
0
1860
218
0
7
1225
0
0
815
991
0
2
1512
853
0
0
0
0
0
0
1389
390
0
922
1306
1091
0
0
1155
16
2049
346
29
1000
473
1778
0
1289
0
1209
1906
757
908
1640
0
1042
0
2032
0
1556
1163
0
1104
0
0
64
335
217
0
1126
0
1581
1812
0
555
1862
0
0
0
1917
0
520
0
0
1281
0
0
0
1979
53
2127
1454
1939
315
0
1338
1028
962
853
1117
0
1180
758
1839
1020
1367
1685
0
32
0
0
0
829
1848
728
1975
1950
0
1003
276
0
0
1276
0
0
0
508
1175
1139
837
0
1160
0
2049
1525
0
926
0
360
0
1852
1341
1642
0
1378
0
1326
0
1511
1827
0
1745
1084
331
996
1078
2028
2063
0
58
296
0
238
244
1817
1283
1217
4
0
1584
1699
1031
5
294
0
157
756
1489
0
506
0
0
401
492
517
18
2127
485
194
0
448
2125
0
0
1666
0
0
0
608
712
0
0
0
0
0
212
1213
644
17
1052
1439
1959
1175
286
27
1265
0
0
571
1458
3
1547
1064
1511
1417
487
341
0
0
1620
0
1084
0
0
1900
0
2082
0
1352
106
1357
1059
0
1773
1067
0
440
443
0
244
1163
421
1671
0
871
929
0
859
1424
0
0
929
0
0
744
1102
0
1314
0
486
0
1433
822
637
0
0
1274
0
1939
0
945
0
18
839
873
0
682
1557
0
466
0
363
70
0
0
0
0
315
2050
156
1364
0
1484
459
1214
0
1306
1078
0
0
0
0
678
1316
0
503
1014
0
1055
1178
1882
1580
0
0
352
1412
0
15
186
0
0
0
1096
0
0
1469
1693
107
365
0
1388
113
0
0
0
2031
0
975
1285
0
0
0
842
2126
0
1871
364
0
0
1187
0
912
0
131
58
1383
0
0
0
187
0
187
1358
0
0
255
782
510
31
2010
0
463
0
1035
1807
352
363
296
379
1587
519
0
0
0
376
71
1945
1348
10
1658
0
1682
1429
1877
1509
1994
860
0
0
1998
2127
1085
0
1392
408
636
0
0
173
0
2174
0
0
0
764
0
1450
535
241
1474
745
0
466
0
267
0
0
460
1639
801
0
33
1677
805
276
0
1250
1100
0
0
1442
128
324
669
669
2048
414
0
1381
0
0
57
783
2086
8
0
1297
1214
39
1955
1412
0
0
519
4
0
0
73
1297
0
0
792
1171
1311
1531
0
1521
1950
0
553
1822
1603
1383
1520
0
0
2088
800
339
0
0
0
1467
0
0
537
823
3
276
0
394
0
805
1983
0
1274
0
852
0
1151
268
335
967
1923
440
1652
1418
0
0
533
672
1636
1231
0
486
1498
795
1063
804
520
922
0
265
10
704
744
0
0
1277
0
0
0
0
0
0
1424
0
496
473
0
0
1255
741
0
0
0
1549
1530
1594
1661
284
0
810
916
1046
984
521
0
0
0
206
0
0
759
329
1308
246
305
1939
0
1658
816
938
574
2
0
0
1097
0
0
982
245
0
1078
0
0
2076
1196
0
362
537
1356
347
4
1793
1630
1041
8193
1156
30
368
747
1218
140
6
2018
0
484
0
0
0
849
332
1462
1495
0
250
1289
0
509
0
918
1934
18
0
1908
1980
44
0
608
466
0
796
1094
0
0
1334
1363
1056
1089
0
0
0
1436
1458
406
682
1554
1600
125
1480
13
0
1120
0
150
1971
1231
0
1879
1708
1260
790
0
1795
0
1067
285
418
0
1617
0
1392
87
0
1502
1926
1472
2279
12
347
776
0
0
1077
0
1390
0
380
1483
22
107
0
0
1573
0
1584
1429
1230
4
1564
993
0
0
0
0
1497
0
1080
702
55
1488
9
0
9
0
1804
846
0
502
469
1790
0
180
2
1123
274
1380
1386
1551
0
0
842
857
7
1009
0
0
0
544
158
1459
1794
0
0
1420
0
0
0
0
1135
602
1617
874
0
8
576
520
1405
0
493
400
0
0
1010
0
12
1755
543
1400
318
979
1829
0
918
247
231
0
0
0
0
160
1532
1755
11
0
0
1215
361
0
0
181
0
60
1301
476
0
840
185
1304
0
144
0
0
0
1845
0
109
822
114
1342
354
1481
1048
978
0
152
0
341
0
1212
0
545
0
282
335
946
2051
703
0
0
1229
203
1249
604
0
2010
0
178
636
0
1281
0
934
1067
1183
557
66
0
367
696
1660
1576
1402
1963
1871
321
2082
0
1965
0
0
1192
0
0
1040
520
0
0
303
0
0
0
1375
674
156
0
1888
1166
16
0
543
1418
47
0
0
0
1794
1614
603
778
312
1290
2071
424
1066
4
0
0
381
0
1244
552
0
1943
1408
0
2112
1449
0
450
1017
1139
41
0
956
1520
21
0
338
1094
46
1267
0
692
202
0
0
0
737
726
1194
267
0
2072
1775
1184
0
0
297
1401
0
1111
1267
0
1885
0
0
606
973
1541
543
229
975
0
1028
616
928
454
233
572
160
1375
0
0
684
0
0
402
1837
1994
1138
1991
0
0
382
0
0
481
492
742
0
1093
0
0
0
0
0
1423
0
303
0
0
42
1361
0
456
0
55
0
0
1511
0
0
56
0
0
0
1084
0
509
0
0
1325
0
0
0
0
1673
0
708
0
0
0
1477
0
266
326
569
0
1465
0
862
0
81
0
506
133
237
592
861
457
0
0
1470
633
0
582
0
0
0
619
500
704
0
1995
1261
1102
269
1822
0
1349
1517
499
318
1056
0
1155
1266
233
0
0
735
0
1394
330
1
1937
1859
0
2
0
1308
1441
0
964
0
1440
85
257
0
0
687
0
583
990
0
808
0
0
0
1130
2134
0
565
12
372
0
2011
0
0
1604
0
0
0
712
927
0
649
0
1488
0
954
0
259
0
0
0
313
716
0
1290
0
1495
0
0
0
1087
34
672
25
0
1586
1538
250
829
1376
0
456
1471
623
0
0
0
0
2099
0
0
0
1277
713
1085
1002
337
2077
64
184
354
846
1655
0
83
0
1449
346
0
0
0
1723
0
414
1419
1481
306
1498
2035
0
0
0
0
1558
1415
0
844
2078
744
1033
0
0
472
1815
386
512
0
1445
0
0
1410
0
0
0
293
0
0
722
2054
1215
0
0
1240
0
1143
0
997
0
1244
0
0
0
2078
302
1205
1136
954
74
1012
0
487
1097
1758
0
1321
0
0
321
0
458
1831
1066
204
1797
330
31
711
551
871
1266
0
344
0
1981
251
539
1457
0
0
804
599
684
0
1456
481
0
1807
1663
0
145
535
5
0
256
555
310
1261
0
0
0
0
106
832
232
1891
463
0
1546
0
490
379
0
0
0
1149
2296
10
946
0
0
959
956
978
37
404
1527
0
1603
763
335
626
243
0
0
0
466
2063
205
0
476
0
0
828
0
212
0
1378
0
1398
0
987
4
1532
0
0
374
1066
0
355
0
1043
1520
31
28
1108
3354
0
0
2016
33
0
0
0
0
1179
472
978
0
22
0
0
1007
23
0
0
0
514
2017
848
74
0
0
0
0
99
1801
357
0
2
901
0
1436
237
1002
235
0
1727
0
0
1280
973
2077
1541
0
0
210
0
0
1473
0
0
2049
364
2146
795
0
150
0
0
1525
1004
0
769
1361
204
0
0
952
0
0
0
1035
704
0
0
245
2150
530
341
0
0
57
0
1426
9
0
1751
291
151
0
0
0
1862
1064
0
160
982
1279
43
610
0
720
1854
964
1929
713
0
0
9
252
1273
0
1313
0
0
0
1311
50
0
0
0
2235
0
320
1817
43
660
0
1446
2244
0
0
796
512
0
0
1991
0
0
693
0
0
0
0
0
0
0
333
664
1004
0
1285
0
1558
447
0
656
145
1119
0
0
0
0
1077
449
0
1778
1035
1861
853
996
1330
0
0
81
0
0
378
6
0
1435
0
0
585
0
511
525
1256
0
0
0
0
2115
239
0
1583
703
50
0
669
23
0
0
0
1309
0
338
1504
304
0
1965
0
1250
68
0
1616
0
879
1238
0
1482
119
1396
1196
0
489
736
2323
0
0
709
0
0
1156
74
0
0
695
981
1254
146
1968
1496
1943
0
268
725
0
0
1792
0
2079
1026
1632
954
1925
69
986
1207
800
971
2080
0
0
0
0
0
0
0
0
277
0
939
0
952
48
0
0
0
984
54
184
1523
0
0
243
0
0
0
1452
729
0
794
214
1370
12
0
1843
0
675
1281
1863
1882
244
1375
702
264
0
0
438
0
12
922
0
1136
323
449
0
0
1261
362
0
0
0
146
1476
0
0
53
0
935
324
0
0
0
0
243
396
1672
0
496
734
0
617
1779
0
26
201
1302
0
492
0
776
6
890
1378
0
1820
312
590
0
0
507
0
0
615
0
0
0
1024
985
0
495
1117
12
1226
1518
0
1296
962
0
376
316
0
5
0
299
1455
824
0
226
89
0
577
0
0
1322
1614
0
0
0
2117
0
931
2072
1510
928
1354
699
437
1434
2101
1930
1477
0
537
0
0
11
463
0
0
96
2287
1580
0
325
0
0
960
261
1964
589
0
905
0
2083
0
1180
0
1276
146
2190
0
0
0
0
1297
1509
0
1948
1544
305
0
1589
1497
613
87
0
1679
330
727
0
0
0
427
1949
1266
1095
1838
758
0
314
0
705
97
0
0
1974
1468
0
825
298
0
1127
1559
1197
0
242
1457
907
0
495
0
0
0
0
649
0
997
0
39
1616
0
0
156
0
0
0
1457
793
0
0
0
545
24
321
713
397
0
1806
244
1730
1310
1557
429
2049
34
2159
0
1390
1133
190
0
1495
1195
0
378
1182
2015
0
973
0
0
411
634
773
0
1351
853
0
0
0
1398
1986
0
0
1972
225
0
0
0
0
218
1072
429
1923
1967
10
746
0
1356
1438
0
0
0
0
1867
642
784
0
28
0
0
1499
1348
0
0
2098
2024
22
0
1945
1378
1477
484
421
0
1304
1102
1292
2202
886
869
1841
122
0
331
0
1079
3
1411
629
1874
0
0
274
423
0
0
0
976
607
1148
0
377
0
921
0
1172
1589
0
1366
1248
632
9
0
944
487
0
0
0
0
1399
0
1729
1270
0
1509
0
1483
1082
1412
455
1424
0
517
760
741
0
0
429
1118
0
1535
1442
0
1492
2076
0
887
1348
0
0
0
891
1260
727
0
262
1055
0
0
968
0
426
275
0
650
0
1424
326
675
1278
0
665
2112
0
623
373
0
511
1738
0
336
0
326
1022
440
586
0
828
0
284
0
0
374
1508
0
352
0
835
975
942
281
0
1
0
0
0
1603
0
0
993
4
2026
1193
153
0
0
517
0
2089
0
1899
0
0
0
907
1424
1401
1898
0
846
577
0
0
0
874
289
0
444
233
1069
765
0
0
0
1850
0
537
0
1285
0
1371
2061
1844
256
858
0
0
55
0
136
802
1242
0
395
1532
0
1388
0
1463
524
0
3
42
1238
10
0
775
691
0
492
0
0
7
38
0
1038
22
340
202
0
0
0
0
796
276
5
1334
1512
0
0
0
1258
574
333
229
326
0
2255
1241
472
0
199
213
1566
0
0
45
156
929
369
0
8506
992
708
0
0
760
867
1854
373
283
0
1348
232
912
2064
37
252
840
1410
0
0
811
0
0
0
816
1829
1812
841
30
1117
666
0
0
0
496
0
0
0
0
0
2031
96
0
488
0
1263
1524
690
2053
0
0
0
1432
90
0
0
2029
0
0
1019
1556
0
2
950
1110
0
1826
0
510
0
701
333
715
0
180
0
2006
1493
0
1573
1293
110
142
118
507
2063
0
0
495
326
1713
333
1030
0
1951
1556
434
0
3
757
1883
0
279
735
1086
0
0
0
371
0
1957
354
43
1006
0
931
4
0
1322
0
0
0
199
0
1253
1894
431
773
1270
0
2093
0
0
4
1590
0
673
50
0
2010
39
456
0
705
391
473
406
785
52
1548
0
0
719
73
0
421
0
55
0
1233
276
571
0
0
1011
0
11
281
681
570
53
1778
0
0
0
1021
217
54
173
1379
33
513
0
615
0
0
0
0
1763
0
1352
215
0
2059
227
0
286
266
0
919
1754
0
1569
0
0
1882
0
1876
34
1477
0
827
137
823
1281
251
526
2041
328
0
0
1426
0
1490
0
0
538
1250
1213
929
0
1172
355
0
0
0
312
1991
731
0
304
51
556
879
1706
0
364
1796
0
506
573
0
1731
493
0
1417
0
1900
1470
0
372
640
643
774
592
1941
292
356
1
1135
1484
970
685
0
0
1580
0
300
425
0
0
0
744
1049
432
1193
562
2
446
2112
21
597
0
0
1521
0
0
495
1278
26
118
284
0
0
524
1276
0
1598
0
0
0
1671
1599
34
0
1277
788
1097
0
240
1448
0
0
465
719
0
0
449
0
0
799
1521
0
0
469
1009
366
608
0
986
2046
415
1533
1131
973
423
1461
0
1070
0
1664
176
114
8
0
666
16
0
0
0
0
0
2106
0
1469
0
727
297
10
0
0
296
0
1391
0
1489
413
1339
44
32
0
1198
0
0
268
31
0
1657
0
4
1355
2026
805
0
0
1417
629
2
0
0
995
0
315
402
4
0
816
146
58
340
2094
1453
486
6
341
0
347
0
356
306
664
0
818
2069
0
372
47
0
327
0
97
1376
0
663
131
0
952
0
2074
1384
1916
0
1856
1895
0
742
0
1492
0
0
0
0
1258
389
1883
0
0
296
0
0
0
1211
1594
0
866
231
0
1696
4
0
154
339
0
0
0
0
0
0
0
1469
1884
0
0
288
511
714
796
396
851
0
2008
1543
0
6
1550
0
0
0
0
0
399
1569
772
0
15
1299
518
369
0
0
0
246
1035
0
1738
1768
0
645
0
3
339
267
939
310
1566
2034
1220
0
1186
0
652
351
256
617
822
313
0
949
18
169
0
648
141
0
0
1921
0
6
510
0
0
0
691
0
0
0
19
1666
86
1275
0
784
1994
1177
393
0
581
1903
1852
957
1320
0
359
0
13
0
1310
0
0
2077
492
0
336
4
0
304
391
780
1451
159
0
87
0
1707
814
0
0
539
394
895
945
813
0
0
0
0
0
0
1333
154
506
1542
0
0
0
551
766
225
0
0
0
1108
0
0
62
1075
19
0
472
1497
0
347
0
0
0
0
0
0
345
994
366
1597
0
0
13
0
0
1
0
1180
977
831
2013
1269
1200
0
0
1354
0
0
0
1508
0
1025
0
0
1894
769
0
0
1083
1863
0
0
0
230
0
737
348
625
0
0
377
663
652
829
0
70
0
2055
1565
281
745
145
182
0
0
15
0
0
2071
528
951
0
0
0
120
1367
0
1437
1573
0
819
592
1300
1158
152
0
1083
0
0
0
1387
974
0
0
0
1160
0
1492
0
600
512
0
1473
0
0
1798
1533
1024
0
1072
0
848
1118
0
294
1806
1866
1453
0
1479
1107
1957
1792
1211
0
664
27
138
981
0
14
0
240
1824
1761
2090
62
965
0
871
0
1761
56
1937
542
0
1928
1340
971
0
0
1887
0
33
1201
9
1446
0
0
221
0
628
0
986
1215
1462
0
0
2
403
0
1609
0
1443
1180
2
998
0
118
1787
1396
544
1391
0
1212
3
495
0
1521
170
1623
140
0
739
0
0
1417
22
3
0
562
0
834
0
0
286
22
68
0
0
1464
838
3
2026
1416
0
818
0
1283
702
1367
0
0
3
435
119
1000
615
0
34
1062
826
1327
1873
448
0
2017
1325
1543
815
0
1992
1318
1150
299
0
482
1790
0
2030
0
0
1708
0
0
960
1212
337
0
1379
1405
1967
0
0
1361
0
1515
36
0
1087
0
0
0
0
0
745
0
970
1301
490
0
1394
1753
0
0
363
220
1761
1121
1798
1375
0
0
0
1247
0
1510
1345
345
13
1457
813
0
1382
959
0
1959
0
1082
1452
463
0
1955
0
601
1419
433
174
2057
609
0
1509
0
0
0
254
0
0
19
1253
840
1229
0
1187
0
0
1544
502
0
1340
1971
1608
0
977
1529
0
0
1464
0
0
0
1934
1783
2012
974
1712
1550
1874
675
562
1803
1385
0
1158
0
1361
881
729
0
0
1383
1482
1300
198
19
1574
2048
2074
1975
0
0
479
701
0
0
1492
0
0
0
1755
892
1506
148
198
0
0
1244
184
806
0
953
0
5
1747
2020
771
1412
0
565
748
0
1252
0
0
757
842
0
2023
0
1404
0
0
0
0
921
715
476
64
0
0
349
478
0
0
0
973
1988
1604
0
1419
0
0
697
1012
1316
804
1326
707
15
501
622
1379
0
228
730
1645
1889
0
0
634
1581
2278
0
1262
0
0
352
1406
720
617
251
0
0
6
0
2068
0
317
1104
1831
1061
521
0
1840
2053
342
142
100
1509
0
8
0
0
860
0
0
1081
1351
339
0
1388
1573
712
0
1829
0
0
0
1949
1635
1586
0
0
1937
0
155
0
332
1360
0
1272
1439
0
0
1222
24
0
0
0
0
0
0
0
44
539
973
0
0
366
0
675
0
989
660
776
1758
0
2022
1113
960
2086
0
699
680
0
1534
1361
0
0
7
346
466
0
0
0
0
1467
240
48
2000
1977
0
1494
303
0
202
896
357
403
1743
0
0
332
449
2122
1297
550
1967
669
1439
0
1642
0
0
50
0
0
671
602
0
0
0
914
1365
146
459
1080
861
18
198
0
460
316
940
873
8741
1147
0
0
0
1368
0
1448
1563
0
1871
1127
1452
602
202
1239
0
140
0
1411
445
7821
0
1550
1441
1276
1138
1189
1814
0
1408
2018
504
0
1178
0
636
57
1
739
0
0
1173
1088
270
0
0
1440
724
356
1210
0
259
60
1267
0
0
1564
0
0
736
1135
302
2049
972
0
3
932
0
905
1889
2
1884
1830
0
0
2064
0
0
2097
0
1018
0
1792
0
0
1058
0
34
1939
0
267
1929
1226
0
2082
1943
0
1565
1477
414
0
261
963
815
167
781
0
0
0
0
0
2055
179
0
0
1555
517
0
887
105
0
0
0
505
385
0
1963
10482
263
0
1295
0
556
0
0
207
0
268
0
1
0
325
0
443
1350
0
578
476
1537
0
0
1452
0
125
1158
1517
6
0
0
0
224
0
1725
0
480
1045
0
0
1148
0
33
0
0
0
602
2022
0
324
0
1577
1416
0
79
1441
904
0
0
0
335
0
1364
1565
0
0
1002
0
0
1726
0
594
0
472
450
552
0
760
0
0
1385
677
1853
40
0
0
0
674
1307
0
0
0
0
0
1248
0
1415
0
0
0
0
294
1675
1715
1894
0
0
5
0
1439
1924
1
275
0
1087
0
0
1244
371
1917
0
1886
473
931
0
1197
35
0
1916
0
113
36
0
0
0
1054
1325
901
0
516
493
49
0
0
109
524
0
0
0
0
710
459
0
0
1227
38
1030
1546
1531
1291
1905
343
1681
0
976
1860
263
1936
1361
357
734
4
1985
0
0
0
520
334
0
0
0
0
1708
0
1558
2019
429
737
937
1624
0
0
0
118
1726
1288
1105
381
1977
0
0
0
0
976
846
2157
0
17
267
0
2177
168
0
35
1930
0
80
1193
0
1518
0
1365
122
0
6
0
0
0
1307
2034
173
0
0
0
183
1938
0
1536
0
0
0
0
19
0
0
784
545
655
1845
858
1866
0
0
0
1351
1404
455
1611
471
2036
1526
14
733
1395
0
954
868
1198
1414
2115
853
538
1246
0
568
0
715
1187
1237
31
2107
1732
2178
151
1625
411
1176
817
0
0
0
0
767
1270
1016
0
2035
200
0
1373
213
1460
0
9
1303
510
1772
122
551
0
0
2007
0
0
666
484
145
0
0
0
43
516
1039
0
0
1350
0
51
1324
1342
0
0
0
753
726
1097
0
175
383
0
1853
0
0
0
994
740
719
1860
721
0
1432
1936
726
0
159
322
1663
63
0
1956
230
0
0
717
908
0
0
1085
0
0
15
664
0
328
1066
571
0
0
378
672
0
0
1483
192
1665
403
0
0
0
1451
1909
451
0
0
809
1692
82
0
713
0
935
384
2125
0
1981
1644
1568
1304
859
991
118
947
0
753
1225
212
9907
1564
1310
191
1591
0
0
0
1766
1040
1602
0
0
0
793
1078
0
235
1220
123
0
596
1050
0
641
10
4
0
1612
665
559
1972
657
997
64
0
0
0
0
0
0
0
1185
831
560
1318
1337
0
0
31
0
91
735
1079
33
1187
0
1038
1697
1009
0
0
0
1122
535
1521
289
233
338
0
79
0
1013
1507
1978
0
475
12
1290
0
1541
873
1281
1070
0
0
0
193
1880
0
1033
115
0
852
1577
1844
0
282
0
48
55
752
1970
1095
11
65
0
616
1506
0
0
474
1175
537
0
0
0
66
2077
1090
0
1093
0
0
1892
693
1197
0
1479
323
0
0
1564
772
1888
0
623
0
626
263
471
282
0
1007
0
0
484
0
1285
0
290
898
880
0
6
1392
0
436
0
0
533
0
0
1715
2006
0
999
1493
382
31
0
211
1926
32
0
0
1430
2
0
1489
1310
1050
0
2246
1617
0
1368
346
0
807
915
0
0
550
0
178
0
0
1604
0
927
0
1493
1277
766
0
0
0
14
1444
1444
0
0
1775
0
0
1464
2151
775
2131
309
1149
1984
0
1660
0
1
145
788
0
623
999
800
1513
993
2241
162
736
1448
0
0
0
0
1352
23
426
0
790
1736
784
389
0
0
0
831
0
0
1322
1345
1285
0
0
414
39
101
0
1377
1532
0
2012
0
371
834
274
447
1462
0
18
670
1297
1428
1101
1585
845
0
0
712
2038
29
1615
0
0
0
0
0
0
1461
0
1060
1911
460
48
0
1602
749
0
0
0
1520
699
0
2012
0
832
1128
0
231
503
1031
313
463
1413
1040
1364
1341
0
0
1653
32
273
562
133
875
1598
1352
1103
108
0
0
964
0
1460
194
88
0
0
1178
0
0
1481
424
1265
1142
0
1900
1165
508
1623
905
0
1092
1159
764
311
0
0
743
1
0
1047
0
0
0
1641
85
0
0
1158
0
0
1921
797
1851
1385
213
650
0
0
0
0
892
843
0
0
1063
0
0
1295
0
320
0
0
2091
706
0
0
0
771
0
0
0
0
1916
1555
138
917
0
364
0
2051
1529
1083
1611
1308
0
1879
2067
1713
764
447
0
1120
902
670
1419
1148
2040
1244
1799
0
874
0
0
0
676
526
1350
0
0
1879
0
0
1274
1210
771
2
1105
503
0
0
1848
621
0
329
0
0
0
130
0
0
0
0
677
0
0
419
1202
0
1894
1517
0
274
705
851
1249
1666
17
0
0
149
0
37
0
1581
1146
918
0
2094
584
0
0
906
0
1544
0
0
0
0
969
1430
36
0
1692
806
945
0
0
790
0
0
0
0
0
1440
0
277
917
0
2
407
0
0
430
0
1812
0
0
295
0
1303
93
1522
0
119
1375
0
0
0
0
0
0
0
266
0
2013
0
0
1055
0
0
0
1491
24
0
1438
1442
332
19
47
0
505
0
0
0
246
905
0
0
1540
75
228
773
0
114
2055
0
0
263
721
0
2059
0
0
1086
1222
0
447
1249
797
776
1123
1113
0
357
46
1410
1206
678
13
293
0
310
0
249
1461
1396
0
5
2013
38
0
0
112
0
1258
1537
0
479
546
1822
701
0
0
0
197
663
6
1323
19
0
0
468
0
1540
1017
0
1914
1801
789
17
0
1742
0
519
732
1194
0
0
1144
752
1468
1378
0
347
0
0
71
0
1362
1183
1320
0
1406
1228
0
403
462
0
0
25
0
1584
43
282
0
1118
0
0
16
1449
714
0
0
1043
37
1919
0
4
39
0
1097
0
0
0
1160
893
0
715
0
0
0
942
592
290
0
1273
419
0
0
261
792
655
1439
948
0
6
0
0
0
0
889
1113
0
1485
0
1405
0
1903
693
1164
1093
0
15
1487
668
0
1471
1415
0
0
0
0
1364
1766
1132
0
1055
529
0
776
1195
1196
2131
0
0
0
633
0
0
966
1313
739
0
1509
0
1481
1250
1415
0
0
1339
466
1907
0
388
17
1296
1
3
561
2330
2056
1522
0
0
0
824
0
539
598
0
0
2084
0
181
1385
1933
0
238
163
537
394
0
598
0
0
401
660
1394
35
119
181
369
0
696
0
0
0
1989
2083
0
1087
980
929
0
654
1420
22
705
0
0
0
13
0
1308
232
1959
0
0
1766
1107
0
0
329
0
0
611
69
246
0
1939
485
1432
1019
0
0
0
0
0
0
1737
1339
0
0
795
758
0
14
1975
0
0
0
0
0
356
1145
776
0
420
1221
285
0
512
0
2268
0
910
16
607
0
1456
1766
288
357
0
0
0
1318
1465
954
1045
164
0
0
1426
531
0
0
646
0
0
753
594
0
1104
0
0
186
114
1314
0
0
1421
0
2155
1445
1496
0
1712
0
0
1462
0
1872
0
11
0
1728
100
162
218
62
278
550
1076
1427
908
0
0
0
1785
581
1641
0
9
0
621
1261
20
1117
0
694
0
146
191
0
1624
1202
1777
0
334
1909
0
692
0
1815
975
2087
0
1931
0
1481
281
1838
1198
584
0
179
981
0
362
1450
0
2310
18
0
4
2068
1352
0
0
0
399
0
835
1609
1487
993
356
1653
0
0
0
11544
43
2077
37
1421
0
0
0
0
2127
1396
733
270
0
3
0
0
1317
0
0
0
1281
0
0
1109
134
136
172
2018
1653
0
0
1396
0
0
1558
0
0
761
8
0
394
0
0
714
0
913
0
0
1128
1134
12
747
761
487
0
320
855
0
1006
0
704
458
712
0
205
0
0
1116
1864
1076
0
437
1354
896
580
0
503
348
597
0
0
2062
463
16
1488
1049
2164
946
0
956
2130
0
0
1704
0
1475
2298
0
0
14
483
0
0
1949
1494
0
1070
460
0
1756
423
763
887
30
1929
637
0
1774
153
0
0
1901
1893
483
0
0
1851
0
0
724
1796
1825
0
0
325
0
1572
0
0
0
292
369
915
356
505
0
778
0
621
524
0
0
1346
840
362
0
1216
649
501
1980
36
0
1660
0
1990
954
0
0
287
0
1715
969
0
0
0
227
1935
869
1015
639
310
120
0
1555
358
309
248
0
697
1137
147
2040
1601
1865
797
698
0
1410
741
1367
1810
1758
334
1226
1738
736
0
0
0
480
0
0
0
4
0
0
0
1143
8
688
0
0
2138
25
0
1954
874
1989
1961
0
8
237
694
64
994
658
705
1872
1692
0
0
486
345
345
1333
0
0
0
0
747
0
469
0
1228
1452
256
0
2151
0
1479
1672
1768
1645
0
1523
1335
1945
1822
0
224
720
443
0
1600
3
573
0
0
0
879
0
806
0
0
1896
0
1654
0
1014
0
2
397
0
0
0
1854
0
1417
122
1531
519
36
274
1044
1999
308
199
1560
219
157
1581
0
1567
1163
0
0
0
239
0
603
1846
0
1325
0
451
0
0
1966
148
0
451
0
0
0
0
315
0
1815
1507
0
936
1169
0
307
560
248
0
0
1946
1666
864
0
954
503
0
0
561
6
0
0
0
0
0
0
0
1472
0
445
16
667
258
357
832
0
1900
0
0
449
1078
1489
1438
163
1078
0
1556
760
968
0
7
348
0
761
0
0
0
765
0
0
521
0
537
946
1524
842
1907
0
1003
302
4
1642
2224
1932
834
1224
1419
1113
4
1019
0
0
1378
1924
0
2166
382
0
563
0
756
1450
0
1034
1091
567
1380
1521
1925
0
1631
848
42
0
0
1413
526
1966
0
0
0
1729
0
422
0
0
1021
675
0
831
694
706
0
713
1616
0
0
0
2095
0
0
16
1981
541
0
333
0
706
0
73
1473
694
0
0
0
287
1491
244
1118
251
4
0
752
6
1387
399
1127
93
1776
116
1915
259
0
118
15
1350
35
0
0
658
0
783
620
957
0
0
0
1717
0
0
1708
732
1238
0
0
1515
1717
333
637
0
947
0
0
1109
1221
0
716
1789
519
0
260
0
3
0
1437
0
0
676
0
0
1155
0
0
0
1949
1643
357
0
0
882
1616
672
0
0
234
0
648
1424
1491
1561
1497
606
264
0
1747
0
1221
983
0
0
982
1645
1288
0
0
325
1396
1309
1896
1969
1186
0
1390
0
2044
773
0
47
0
1280
982
0
1335
1454
64
1485
1360
0
759
0
0
1359
0
1160
14
964
673
0
1164
1863
0
0
368
314
901
0
0
0
0
658
728
1902
344
0
439
1928
0
0
963
287
0
471
1714
817
1176
3
1502
0
0
1519
0
1468
1909
1367
0
834
1630
267
747
1314
57
0
1240
216
0
198
715
1330
21
0
746
966
1365
1265
0
473
0
1969
1350
129
514
220
1262
1860
0
0
592
101
0
0
0
261
204
961
0
1252
34
378
0
0
1466
0
0
472
724
0
0
938
0
0
0
248
1
1879
1663
1524
0
0
783
0
0
0
444
0
0
341
255
1275
0
1247
914
1342
1370
176
4
0
11
1649
430
303
475
0
361
0
361
1434
380
0
1962
0
1741
1518
997
971
1096
0
0
310
0
0
0
0
886
1077
0
3
1882
1349
0
0
1185
2069
0
1588
1354
0
1787
0
121
0
1844
1219
2034
158
0
1325
1393
1201
0
3
0
1952
794
0
0
0
1377
0
0
0
343
1436
1118
0
1117
1675
1850
0
1909
0
0
1066
31
660
0
1894
0
1564
225
0
1265
2041
0
1264
0
0
0
1049
0
766
0
0
0
13
1
0
728
407
0
2
0
1447
474
0
1846
400
4
334
1842
2036
118
1482
0
0
0
0
6
1050
0
571
0
893
0
455
1652
0
1080
362
326
0
1116
0
109
1202
912
993
769
0
0
434
0
1071
1854
0
0
0
1598
1370
1819
0
44
1962
0
0
318
0
1474
81
1191
1296
0
289
1391
0
2021
0
1035
296
413
2032
1360
1937
66
0
0
1336
0
2069
1425
0
438
0
0
117
122
676
768
0
0
0
371
1458
18
1704
819
1156
21
399
0
292
1317
436
0
302
779
0
1451
1643
125
1636
364
1668
153
376
1326
1430
0
0
0
1509
0
855
347
2284
1917
0
835
159
0
125
709
496
0
125
1349
1469
1600
1664
351
946
2002
0
39
1389
209
0
0
0
0
1364
34
0
1087
1112
1264
0
1131
2017
0
0
1353
2217
0
1065
241
607
84
604
0
104
1103
0
32
0
0
0
456
0
983
0
436
1484
366
215
0
0
0
1762
379
0
2104
963
0
406
0
0
0
0
0
741
0
1088
0
0
376
245
20
1048
0
0
365
1199
1439
46
0
0
0
0
0
1458
1313
0
764
0
4
561
1200
1083
0
396
497
0
883
1472
473
0
0
