0
0
6
0
148
0
0
0
0
6
0
0
0
0
0
0
7
7
0
112
0
12
9
0
130
0
0
0
0
13
2
0
0
24
3
0
0
0
26
204
0
0
5
32
0
0
775
0
0
62
7
9
70
7
0
0
57
3
0
0
804
0
1
37
1
72
3
0
91
2
0
11
6
0
0
141
71
0
0
34
0
0
0
0
1
0
25
21
0
3
555
0
0
0
0
0
0
150
0
151
7
0
350
10
0
0
8
7
4
0
0
0
0
0
0
0
104
53
0
0
0
0
17
18
369
0
0
0
5
0
15
0
15
0
16
0
0
1
0
225
5
0
10
0
50
169
550
0
0
0
27
1
0
206
0
24
4
0
0
0
1205
5
77
7
0
0
0
33
62
1
0
0
0
0
30
0
0
4
0
9
23
0
0
19
95
95
0
222
0
0
0
12
192
0
0
0
0
0
0
0
0
108
0
48
63
1
0
154
13
0
1
1
208
5
25
0
0
9
0
33
13
33
10
40
0
6
2
10
9
0
0
2
123
12
0
1
78
56
0
26
12
21
0
0
38
0
39
0
0
0
2
0
0
0
0
0
0
4
2
16
0
1
0
1
0
0
0
10
0
218
238
0
16
0
100
19
0
10
25
0
343
0
0
59
0
0
30
49
0
0
0
6
34
0
0
0
0
0
1
12
25
13
1
0
167
0
0
12
4
0
46
375
0
6
0
0
1
49
1
6
0
12
37
19
13
127
1
9
0
0
0
0
2
0
0
0
0
0
17
4
0
4
2
0
0
0
1
0
2
38
0
0
234
0
0
6
1
20
0
0
0
0
0
28
181
1
0
0
0
0
0
0
5
1
0
8
3
0
17
4
0
0
32
4
0
0
2
0
0
0
0
0
3
0
0
12
0
0
0
0
4
8
45
0
104
210
0
0
163
0
31
61
14
0
0
0
2
7
33
0
13
0
0
72
0
58
3
175
4
1
0
65
0
669
0
0
0
3
4
44
37
5
0
0
2
0
0
0
0
0
6
67
0
24
0
0
0
0
26
108
7
1
13
0
30
0
0
0
0
20
0
56
2
1050
1
6
0
0
0
0
0
2
0
4
0
21
90
0
1
0
0
0
19
1
34
0
0
0
4
0
2
0
32
0
16
0
0
0
0
0
0
0
0
2
0
0
90
78
0
8
134
0
48
0
37
0
0
0
89
0
0
44
0
41
0
4
0
14
4
35
0
243
0
0
0
0
22
111
0
0
1
6
0
891
0
5
0
14
145
0
38
0
0
11
0
0
0
433
0
3
0
0
0
0
0
0
34
10
0
3
108
16
0
85
0
226
0
0
89
270
0
30
111
60
1107
12
0
0
2
0
0
20
0
0
3
0
0
0
0
73
0
1
111
140
152
0
0
1
0
0
0
0
0
0
0
31
34
8
7
20
0
0
4
0
37
0
0
0
0
0
7
32
109
1
0
6
0
0
535
27
0
0
23
154
9
0
243
18
0
0
0
0
94
9
0
188
106
0
1
0
1
0
90
50
0
9
0
0
35
0
0
33
0
21
0
0
18
0
0
6
0
11
0
0
2
0
11
0
0
0
0
0
12
1
0
0
0
0
0
0
0
0
0
6
0
0
0
3
0
20
385
44
83
0
0
248
0
0
0
0
3
0
2
0
0
2
71
56
140
120
0
60
0
0
0
675
1
0
0
245
0
0
0
0
24
0
0
5
1
0
0
0
26
0
9
0
0
0
1195
0
0
84
0
0
0
3
16
0
0
19
56
0
3
0
0
0
0
0
0
23
90
0
0
0
0
0
0
0
0
0
0
0
10
0
0
0
571
717
118
0
270
0
105
0
0
0
0
6
0
0
71
0
3
0
0
3
25
219
55
27
0
0
0
49
0
1
8
12
0
22
8
0
0
0
0
3
0
5
0
0
7
46
274
0
47
0
0
1
25
0
0
0
0
1
0
217
0
0
0
0
6
0
0
41
60
4
0
10
0
0
0
226
117
0
743
0
0
0
0
0
1
0
13
0
16
39
1
1040
9
0
0
0
0
12
3
0
0
84
1
0
139
49
3
0
99
4
1
56
45
0
85
0
39
0
131
0
5
6
0
10
255
0
0
12
2
32
56
83
0
0
438
0
4
0
0
0
0
0
3
0
5
0
0
16
0
0
0
0
0
0
8
6
0
1
0
0
2
847
0
4
59
0
0
61
0
22
25
0
0
0
290
0
0
0
0
0
0
42
31
163
1
148
96
0
0
0
38
123
0
160
6
0
11
0
0
0
0
0
850
92
0
0
0
0
105
0
39
0
0
0
0
1
0
0
0
0
0
0
0
0
0
10
0
261
0
81
105
0
0
0
0
54
0
33
3
211
0
33
6
0
65
0
120
0
170
1
0
0
412
13
34
0
18
0
1
1
1
0
0
0
9
4
262
17
261
0
4
3
0
1132
64
0
7
0
0
5
0
231
75
0
0
0
0
2
7
41
48
5
0
2
0
10
90
3
5
41
27
0
0
0
329
0
0
993
16
331
0
0
1
0
33
0
0
45
0
72
0
0
25
80
0
0
0
16
0
0
3
2
13
681
0
0
37
0
49
0
0
0
398
1
0
0
4
108
5
4
148
0
134
0
42
59
0
7
0
0
0
2
1560
14
9
9
23
11
10
1
99
0
28
0
0
17
0
0
38
0
34
1
521
0
0
11
37
0
0
0
0
0
3
850
28
0
0
9
59
0
0
0
118
0
0
3
2
0
0
103
0
2
391
17
207
2
0
8
0
31
0
35
2
21
77
9
1
1
25
0
61
0
335
0
3
0
443
0
306
24
0
0
0
0
87
1
0
0
95
59
28
0
0
92
1
0
0
0
0
203
37
0
3
0
0
7
230
36
0
0
0
0
0
0
135
0
222
0
13
39
0
0
0
0
0
7
0
0
254
355
562
0
84
0
0
3
0
0
0
0
11
139
16
0
0
0
0
37
50
0
0
261
0
0
36
143
0
0
5
17
23
0
103
0
0
139
87
20
0
2
109
0
0
0
28
69
0
22
52
899
122
0
0
0
0
18
0
0
0
9
0
68
0
29
3
0
0
0
16
3
0
0
1
0
138
0
0
0
35
1
1
96
0
0
6
15
232
0
0
2
0
0
0
0
27
0
0
0
2
0
122
28
13
0
0
66
0
279
0
780
25
0
0
5
0
6
0
0
0
3
0
0
7
126
0
0
0
0
0
0
0
139
36
0
1
84
34
0
0
10
0
977
3
0
0
60
0
242
10
0
151
6
0
0
0
0
15
0
0
0
0
0
2
49
0
0
0
0
1
88
0
0
3
0
119
135
0
121
24
23
506
3
0
6
0
0
0
56
10
49
66
172
0
4
0
15
0
42
0
0
7
5
0
40
17
0
0
2
4
6
0
53
0
0
3
0
26
0
0
4
2
224
4
0
0
0
8
0
0
0
0
0
253
22
14
0
0
125
20
3
0
1
0
0
0
0
52
0
75
91
0
38
0
0
3
17
124
423
0
175
3
0
0
0
0
0
0
0
40
2
0
0
4
25
1
1153
16
65
169
0
6
0
7
0
19
0
0
15
0
0
0
1
371
0
8
71
5
0
0
0
0
0
17
0
46
56
0
9
207
58
3
0
0
11
0
2
0
0
0
0
7
0
14
21
0
0
7
6
0
0
14
76
0
0
0
0
0
0
9
599
1
5
202
17
0
0
2
48
15
15
0
0
9
0
2
17
0
0
20
0
0
3
0
35
133
5
30
40
0
0
0
8
8
26
0
4
0
13
0
0
0
0
0
0
0
1
0
242
1
68
0
1
0
84
0
0
2
5
0
26
22
760
0
44
52
0
0
0
33
0
0
1
0
196
23
63
0
0
0
2
0
2
72
0
0
0
0
6
0
0
0
0
4
4
0
321
9
0
155
14
0
2
21
0
52
1
0
216
0
43
4
1
0
0
1
0
0
0
23
121
11
65
0
0
11
0
1
0
0
352
47
85
0
39
0
0
0
0
0
8
14
0
33
189
0
0
0
0
2
0
1
0
0
0
0
183
19
0
0
0
0
28
1
1
2
0
6
10
0
0
157
23
4
73
0
1
198
167
662
0
6
0
0
5
0
1
0
18
62
17
0
10
4
11
0
7
0
0
0
224
0
184
3
0
0
45
389
0
0
3
50
3
15
0
14
107
257
0
43
0
37
12
58
4
0
1
92
0
0
0
0
5
0
0
0
1
0
0
277
34
688
165
0
0
22
0
0
0
0
0
0
0
0
1
11
0
40
3
0
163
189
31
0
0
25
2
0
0
0
1
0
0
0
2
0
37
4
0
0
0
0
1
0
0
1
0
78
0
2
3
0
0
0
59
0
3
0
0
0
0
0
13
132
149
71
0
20
0
0
0
24
109
4
55
404
0
0
0
3
179
32
0
0
156
0
1107
0
10
0
0
260
0
0
0
165
4
8
0
38
14
7
0
19
42
8
105
14
0
58
9
59
2
14
0
0
0
0
0
0
33
0
3
0
16
0
374
0
10
5
0
0
33
0
0
66
0
0
34
0
24
0
5
0
1
97
146
13
10
31
0
29
0
228
1
22
5
0
133
0
15
10
0
0
66
0
4
0
0
0
0
0
0
145
26
0
0
0
38
0
0
0
108
502
0
5
0
0
29
0
0
67
0
2
247
0
0
5
0
0
24
11
27
0
38
3
0
0
1
32
0
0
27
0
0
38
15
1
9
1
29
0
219
0
21
8
0
15
0
0
0
0
342
0
68
0
0
0
0
0
0
0
4
0
0
0
0
5
13
13
16
31
13
0
3
0
0
9
25
1
10
73
2
0
0
0
298
8
2
5
0
13
0
13
0
2
0
131
0
789
941
6
2
17
23
0
0
10
0
1
0
105
211
0
14
5
0
9
0
0
0
570
0
0
0
0
37
0
81
0
0
0
4
5
0
0
0
57
0
7
19
0
0
0
0
137
0
14
19
505
968
6
0
0
0
0
0
0
0
55
2
10
0
0
275
13
111
49
0
0
0
7
0
174
27
0
0
1
177
0
88
198
3
7
60
225
0
3
20
0
1
218
0
55
1
0
36
71
0
3
0
0
0
0
0
4
0
1
3
12
0
0
0
0
98
10
11
1
0
165
25
0
0
0
0
0
0
0
12
0
37
4
0
158
4
0
3
1
0
0
0
0
0
0
0
0
0
0
15
0
0
0
0
92
0
0
164
1019
107
769
139
0
0
0
208
0
0
0
4
0
0
0
0
127
8
8
0
9
8
0
0
44
8
0
0
1
56
0
0
42
1
26
0
0
69
12
0
1
0
0
0
25
0
0
1
0
6
17
0
0
0
0
7
31
1
26
9
0
43
252
0
0
34
0
0
0
23
37
2
0
0
353
0
0
25
0
166
0
0
27
49
0
0
0
0
0
0
13
1
0
0
3
12
14
0
0
761
0
2
15
35
0
25
289
0
0
5
1
0
0
1
0
67
31
34
0
0
0
0
0
0
0
0
0
0
12
163
0
7
3
30
128
0
0
0
3
0
0
0
0
53
8
0
17
25
99
8
54
0
0
0
0
0
272
5
72
2
0
19
0
3
3
0
0
6
0
0
0
0
7
6
0
0
0
0
0
44
79
0
0
16
0
72
0
199
0
11
0
0
0
0
1
0
0
0
1
11
117
8
4
0
33
127
12
79
4
0
0
0
101
1
90
0
61
0
1
3
0
1
0
3
91
0
2
0
92
0
0
519
0
1
319
0
74
0
0
115
0
0
0
2
0
25
54
0
59
30
0
0
8019
0
0
0
0
0
20
0
24
0
0
390
29
13
0
10
24
0
46
4
70
17
1
1
39
1018
959
202
0
25
0
1
1
8
0
4
0
0
0
0
0
0
154
0
215
2
0
0
18
1
183
0
10
0
188
0
0
40
0
0
26
1
182
0
0
0
37
2
0
0
0
5
0
0
7
275
0
0
37
4
0
217
0
0
0
0
133
0
0
0
8
2
125
110
0
60
52
77
0
0
0
0
0
17
0
0
577
0
2
56
0
0
0
0
0
96
56
0
0
0
0
0
20
65
18
0
0
0
159
0
0
1
0
0
197
0
6
1
13
140
2
76
0
0
10
0
0
0
1
20
272
0
0
7
36
0
6
192
0
0
6
2
9
36
1
0
24
76
0
51
0
6
0
14
0
95
12
21
0
2
0
15
9
999
0
2
32
3
0
9
0
0
13
19
0
25
30
182
5
5
0
1
160
0
0
0
34
4
16
38
277
0
205
0
0
0
6
0
0
1
29
5
0
0
0
0
0
4
0
3
1
0
0
0
0
2
2
22
3
0
0
0
120
110
0
49
655
0
0
0
0
0
0
0
31
0
55
0
8
0
650
0
0
220
4
0
10
0
0
9013
10
8
9
0
2
0
10
0
2
0
0
0
0
8
0
679
0
0
1
0
121
0
0
14
66
2
0
29
0
2
0
14
0
19
0
4
0
365
4
0
6
341
16
80
0
0
75
135
8
0
226
17
0
0
23
0
0
0
0
4
10
9
22
0
36
0
0
0
0
0
0
72
0
0
118
69
0
0
51
0
1
55
0
1
0
25
70
0
0
0
13
1
189
0
0
4
4
0
47
27
62
21
0
0
0
0
41
0
0
0
0
0
67
113
153
0
0
4
0
0
0
214
664
28
0
215
48
2
0
31
0
0
0
39
45
3
8
0
0
0
0
0
1
0
99
0
56
0
0
0
27
0
149
0
4
128
0
0
17
0
61
48
0
0
363
4
0
0
176
0
116
6
0
3
0
0
0
0
4
277
0
0
109
109
2
17
6
5
0
0
12
14
6
19
23
1
10
0
6
5
0
224
4
91
0
0
21
0
45
0
5
2
21
111
34
0
331
123
0
54
0
12
0
25
96
0
18
0
155
46
0
3
41
8
1
1
1
0
0
0
27
9
765
8
24
8
0
5
66
222
60
0
0
27
0
0
3
2
0
61
0
0
1
630
0
132
2
3
0
10
0
151
0
168
30
0
8
1245
469
23
0
1
0
0
0
0
44
242
2
21
0
40
0
15
55
0
0
1
17
0
0
7
0
0
34
0
0
126
0
0
19
181
1
0
0
0
0
41
0
23
0
0
33
0
1
0
1
0
29
22
11
21
132
20
0
0
0
0
4
0
25
2
1
0
1
0
0
0
0
10
0
72
2
0
0
2
0
9
0
0
4
1
0
0
140
0
6
0
235
0
154
0
0
2
70
0
93
0
0
0
3
0
18
0
30
91
4
0
0
0
70
245
0
13
41
0
126
15
5
89
22
0
15
0
0
2
0
0
2
90
17
66
0
0
0
0
0
0
1
1
150
3
0
136
0
1
0
1
0
0
0
0
4
3
0
20
0
23
0
0
0
0
139
0
0
1
0
0
9
15
0
0
0
0
1
50
0
0
0
0
0
0
0
0
0
104
76
183
48
190
0
0
0
250
0
1
14
0
0
3
56
195
0
0
66
207
70
4
2
0
194
0
0
97
114
0
6
0
44
0
2
2
223
0
0
76
0
3
0
5
0
6
0
0
37
0
52
0
0
923
0
43
6
32
0
157
75
1
26
11
0
18
308
102
1
3
115
50
0
125
0
0
247
0
7
0
10
5
6
0
0
334
100
49
144
0
0
1
43
2
0
0
1
0
5
445
0
271
0
2
0
12
0
0
0
29
0
0
0
108
646
1
0
6
0
42
0
0
32
0
0
0
629
4
95
72
0
0
0
54
0
0
41
1
8
0
10
34
0
48
0
12
30
206
49
0
121
0
0
0
9
0
0
83
0
67
0
26
27
9
3
34
0
5
0
11
278
434
9
0
0
0
3
6
1
0
0
0
0
0
0
0
17
32
0
0
0
95
1
0
0
234
0
0
0
81
0
31
0
1
87
0
0
0
115
47
0
6
0
8
6
0
0
108
0
29
18
24
0
0
0
6
59
0
89
0
0
294
0
0
41
5
15
0
1
0
0
4
0
0
98
18
55
0
0
0
4
32
0
0
16
49
0
0
81
207
0
9
0
165
0
0
37
0
192
0
86
0
38
1
0
0
62
22
0
99
50
0
0
113
0
87
0
0
4
0
0
0
2
1
6
0
2
0
0
0
4
0
0
6
2
0
232
0
6
6
33
54
2
0
0
7
0
0
14
2
0
0
2
0
0
0
19
225
0
1
0
0
0
34
3
0
0
0
4
41
0
1
10
36
82
6
2
0
0
0
2
0
4
5
0
85
0
0
0
19
1
3
3
0
0
0
3
3
0
26
0
0
54
164
22
0
0
0
80
0
0
0
2
0
0
0
79
29
8
0
0
358
0
46
72
40
163
0
0
15
0
10
11
5
336
5
0
43
0
0
32
0
0
92
10
5
0
260
0
22
0
56
0
219
1
0
0
6
91
22
0
3
26
0
180
111
0
0
0
0
0
5
18
38
0
31
2
0
0
17
0
0
58
1
35
599
627
102
22
21
640
0
0
8
144
53
0
0
0
0
0
0
132
109
0
0
0
0
0
0
60
0
0
25
7
44
0
2
0
0
0
2
1
31
14
0
107
0
0
0
114
1
45
0
2
41
0
72
0
0
56
1
0
0
0
3
14
0
209
0
0
16
0
4
8
0
0
13
34
2
0
129
40
6
2
0
97
0
0
0
2
0
0
0
2
13
0
0
0
0
15
0
223
125
0
158
0
82
0
39
0
0
27
32
0
1
0
31
0
0
21
33
0
36
38
0
185
58
0
34
0
0
1
45
41
4
0
0
2
769
1
0
0
0
0
0
0
5
0
0
1
0
0
0
0
7
22
0
3
0
163
102
0
0
0
0
397
0
68
0
0
78
30
33
5
0
1
2
0
3
18
0
91
193
775
0
0
0
0
50
0
0
1
0
25
0
0
0
16
0
766
0
0
588
35
0
0
0
0
19
0
0
6
0
0
14
0
0
0
0
0
0
0
0
0
113
33
5
0
0
0
13
33
166
1
0
0
53
247
0
0
0
0
1
98
1
6
46
4
1
0
0
50
42
13
5
25
0
0
51
0
971
4
5
0
0
34
0
0
47
19
12
821
39
3
0
3
0
0
3
0
2
2
0
0
0
3
37
94
63
0
0
19
0
0
135
255
1284
0
0
5
211
0
7
3
0
0
47
0
27
0
3
0
19
0
0
17
0
32
19
21
0
0
1
1
127
0
0
39
85
50
220
0
0
51
0
162
13
0
0
0
12
62
0
155
0
74
2
0
25
0
0
38
11
0
1
0
0
0
0
169
0
0
0
0
16
0
1
0
50
0
0
346
0
74
0
0
0
0
79
0
37
0
0
0
0
2
8
2
0
0
0
356
0
0
131
41
3
37
32
0
0
140
56
56
65
0
28
55
7
0
0
1
0
43
7
69
0
9
1
33
0
70
48
25
49
0
0
4
0
0
0
39
0
0
28
0
0
0
0
36
0
4
0
0
12
23
5
17
0
0
18
0
1
17
0
0
0
0
197
40
0
10
12
30
5
0
0
0
30
0
182
0
0
1
71
48
21
1
68
6
0
0
0
61
0
118
35
8
202
0
0
0
0
2
0
70
1
1
0
97
94
40
0
8
0
9
16
10
6
0
5
98
7
42
0
98
0
25
1134
0
0
4
0
0
8
0
17
0
0
0
0
10
14
31
62
27
4
128
0
0
137
0
24
0
26
0
25
0
2
5
16
43
8
0
0
19
37
0
2
59
0
13
392
0
4
61
2
31
0
0
63
322
0
433
0
0
0
0
0
0
38
0
0
0
3
0
94
107
44
2
0
0
4
0
0
5
28
125
0
2
185
13
0
229
35
0
564
1
24
887
23
0
0
10
15
26
14
0
34
0
0
0
19
0
30
27
0
104
2
0
0
694
27
23
0
0
4
36
0
9
0
0
64
0
0
0
20
45
7
0
0
114
0
0
251
0
0
17
0
0
17
132
80
124
40
0
181
0
0
0
0
0
0
2
0
0
0
0
0
0
0
23
0
107
0
405
0
0
3
9
0
0
0
0
0
125
1
0
10
0
0
0
252
45
247
0
159
0
11
102
0
5
0
4
0
0
3
0
48
37
14
0
41
29
4
1186
119
7
0
0
64
192
0
0
0
326
14
32
5
0
0
84
0
0
0
0
1
0
9
2
0
624
93
344
0
6
49
52
150
0
0
0
3
9
0
8
14
0
30
679
0
0
41
0
328
0
0
0
0
0
0
0
0
2
273
658
0
0
0
5
149
9
3
0
10
0
0
551
0
375
28
87
52
0
73
0
100
5
0
0
68
0
0
0
62
2
0
3
0
0
0
106
0
59
62
7
0
71
4
25
6
5
6
236
0
0
5
0
1
0
0
1
2
0
0
0
428
0
0
0
0
4
236
16
1
47
28
40
0
247
86
7
141
6
0
0
0
33
0
4
0
7
91
11
0
0
0
6
0
0
0
0
0
4
4
0
3
0
1
18
0
0
0
0
16
22
0
5
183
3
0
0
19
137
315
0
592
0
8
0
0
0
0
2
1
146
0
0
35
6
0
1
0
0
33
31
0
10
0
130
0
0
32
0
0
0
12
1
0
0
2
37
5
55
0
0
0
0
0
0
66
73
116
0
95
0
1
96
32
1
0
1
13
193
0
0
5
6
0
0
0
3
0
0
0
0
13
0
0
218
783
44
0
0
0
0
13
17
44
443
7
239
0
0
0
10
0
0
4
0
0
0
0
3
20
2
2
24
0
23
0
0
4
0
296
0
0
4
69
0
1
64
0
0
23
0
0
16
3
185
2
0
0
8
0
29
1
8
0
9611
0
19
168
0
0
11
76
0
8
55
0
12
7
0
0
115
85
107
0
9
0
0
0
0
0
0
14
874
2
0
0
0
56
0
0
0
0
0
0
278
25
0
26
0
67
16
0
0
0
0
6
310
0
10
0
3
12
0
0
1
0
0
2
9
0
30
0
21
4
0
3
226
0
0
5
70
3
2
0
0
0
0
0
0
0
0
0
0
0
0
0
0
0
199
8
37
4
0
0
92
1
128
0
0
51
779
23
0
0
0
0
10
85
0
52
0
0
100
0
0
1
0
0
0
0
0
199
0
169
0
0
0
18
0
0
2
3
1
2
0
43
27
8
0
19
4
4
5
0
32
0
0
38
46
1
0
9
0
5
0
0
0
1
8
0
159
42
0
0
0
0
0
67
0
49
163
0
0
49
0
0
92
0
0
152
0
28
50
4
0
2
9
5
36
1
86
0
320
175
88
0
30
12
1
0
3
0
0
142
0
0
29
0
23
0
0
247
6
24
5
0
0
0
0
29
0
0
0
99
0
0
0
5
0
0
0
99
0
31
1
0
651
1
130
45
0
0
0
0
0
11
0
0
0
194
0
5
138
0
3
7
0
0
0
0
129
9
26
16
11
43
0
0
0
4
0
0
0
0
2
36
0
0
9
0
0
284
3
185
0
0
0
160
0
0
0
0
0
70
123
0
158
0
9
205
1
20
0
0
0
2
24
100
83
2
36
33
0
43
0
48
61
4
24
0
49
0
9
4
2
1
178
0
0
0
304
0
0
0
0
0
4
17
50
22
27
300
105
4
43
7
0
0
0
15
0
35
0
0
0
0
68
0
0
8
145
263
54
0
115
0
0
0
17
0
0
0
0
0
19
0
0
0
32
0
256
4
68
0
4
0
14
0
0
0
2
0
0
153
0
0
12
38
0
0
2
2
0
0
2
0
0
36
9
0
0
1
0
21
40
0
0
0
0
9
0
0
20
274
0
0
0
33
256
3
0
0
2
3
0
120
7
491
0
0
0
2
155
0
105
16
9
14
0
0
0
0
3
25
313
160
0
48
0
0
6
0
0
0
409
0
0
70
0
223
0
0
166
0
38
0
4
0
10
55
0
0
8
30
0
0
4
151
0
4
7
0
0
15
7
12
0
68
9
2
0
0
15
7
8
9
0
0
72
0
0
0
0
0
195
0
0
9
0
0
31
0
298
0
0
158
0
0
0
0
0
0
5
0
0
0
0
5
0
0
5
0
0
5
0
174
150
0
0
5
0
0
0
56
2
0
0
3
560
123
5
0
0
35
0
8
0
0
49
15
3
99
3
0
33
13
53
1
1
0
0
0
204
0
0
0
31
1
0
0
1
0
2
0
4
0
99
8
103
0
0
17
0
0
0
12
0
1
2
0
0
6
133
0
261
0
0
0
0
12
0
0
100
0
0
17
46
0
111
30
29
34
196
0
0
0
142
4
0
160
0
71
0
0
0
5
16
548
0
0
0
137
40
14
1
667
0
0
5
0
38
0
0
62
0
136
0
111
75
1
283
0
3
1
0
0
1
0
4
205
0
0
0
0
0
157
0
0
4
0
0
0
0
0
0
0
3
0
61
2
3
0
0
0
0
0
8
0
0
0
0
141
560
8
30
0
0
0
257
0
51
3
73
9
0
0
50
73
34
28
4
0
7
3
0
3
87
0
2
0
26
0
0
74
3
5
0
0
0
0
0
0
0
0
0
0
2
36
6
3
0
46
210
0
0
0
0
0
0
35
23
237
0
0
31
40
2
0
10
0
5
2
152
143
1
0
66
96
35
777
0
360
0
178
0
0
0
0
2
0
0
2
18
0
6
0
4
15
0
0
0
0
10
0
0
0
40
0
0
19
0
3
0
0
8
9
0
0
0
0
7
0
0
0
0
168
35
23
5
0
0
14
36
46
0
0
0
0
0
0
4
273
0
32
0
21
0
159
7
0
0
16
35
0
8
0
0
2
4
0
0
0
33
48
508
3
23
0
0
0
0
0
0
19
0
0
8
0
23
364
30
0
1
12
0
0
1
0
17
0
0
0
0
0
90
10
5
134
144
0
186
13
8
0
0
0
0
15
0
7
0
0
0
512
31
16
0
4
0
0
0
100
0
5
345
0
2
0
0
36
0
10
0
299
180
0
0
25
2
0
0
0
0
82
0
91
0
107
1045
0
54
0
18
100
146
3
5
0
57
0
4
0
4
0
19
0
2
204
43
0
0
0
0
1
89
0
0
2
0
133
1
0
101
0
23
22
69
0
0
81
74
0
0
0
0
5
429
10
0
4
0
0
0
27
4
0
0
0
0
640
3
771
0
0
0
0
0
18
0
2
203
0
0
0
9
0
0
0
2
0
0
28
0
0
0
1
16
0
171
2
0
0
656
0
0
653
2
3
0
7
0
0
0
168
0
204
53
3
0
2
0
0
0
10
16
64
63
1
2
6
4
0
0
3
98
10
239
0
0
0
0
282
0
0
43
204
0
0
0
0
0
278
17
0
46
0
53
0
451
65
0
0
37
1093
0
0
0
0
0
0
0
42
0
0
0
170
11
145
11
85
0
0
39
71
48
0
71
192
0
0
253
0
0
1
0
23
5
0
0
14
0
1
0
1
0
0
0
27
0
0
0
49
0
0
0
0
76
0
0
661
0
14
50
0
0
1
260
27
128
0
33
4
0
1
0
7
0
0
0
43
0
10
6
0
0
0
0
0
0
74
0
0
0
70
0
0
0
0
0
0
0
0
1
0
0
0
1
1
0
0
0
58
0
27
0
13
0
860
9
0
33
0
3
1
0
0
0
0
0
869
45
1
4
0
0
91
1
0
2
0
102
0
96
0
0
0
22
165
2
0
5
81
37
0
47
12
0
1563
0
0
0
0
0
0
0
0
25
0
0
172
69
0
105
0
22
86
91
0
0
0
43
2
151
0
0
183
0
279
0
0
47
0
0
0
0
0
0
0
13
0
0
0
643
0
1
46
0
0
0
0
0
0
4
2
16
53
54
0
0
0
3
66
97
6
0
18
0
2
0
8
4
40
11
0
0
0
0
0
1
843
3
128
0
0
22
73
0
0
0
31
7
0
0
316
0
0
7
0
0
0
118
1
0
92
0
42
7
61
0
0
0
6
1
309
0
0
0
1
53
0
3
0
0
0
0
0
0
0
9
0
18
223
0
4
27
0
54
0
1
27
4
0
0
0
0
0
0
4
0
48
8047
11
5
0
702
7
0
0
0
0
7
0
0
0
54
1
499
49
0
0
14
14
0
1
0
10
0
174
2
8
0
1
142
1065
41
0
10
0
0
1
0
0
0
1
110
0
0
0
0
33
24
222
0
25
0
23
0
0
0
60
19
0
0
57
0
164
34
0
0
30
0
89
14
155
22
0
37
0
28
7
0
0
0
0
0
0
1
0
27
19
2
7
99
0
1
0
0
0
0
218
5
4
9
4
10
2
3
0
0
6
66
4
649
3
0
0
0
0
1332
31
0
0
107
47
1
0
0
1
0
0
94
0
208
0
0
0
1
17
54
0
2
20
74
0
0
0
0
0
4
0
0
5
0
8
0
0
0
0
0
0
0
0
0
22
0
0
0
5
0
5
0
0
57
53
0
0
14
244
0
724
52
1627
0
2
4
48
1
0
0
1
0
9
28
0
1
0
0
0
27
0
0
167
3
0
0
4
3
0
22
0
0
1139
0
0
0
0
0
374
4
0
7
0
6
0
45
0
0
0
0
0
15
0
0
393
0
0
0
0
0
0
0
2
0
0
103
0
0
12
14
8489
0
0
0
0
1
95
0
155
0
67
0
4
1
8940
11
0
12
0
13
4
0
22
0
2
0
1
241
2
0
7
0
4
12
0
0
0
0
4
159
1
0
43
0
0
2
1
190
0
32
0
0
143
0
0
21
0
0
0
0
0
0
8
15
0
17
0
0
0
0
22
2
12
0
13
86
0
194
0
2
0
0
0
10
31
3
0
0
0
74
0
0
22
5
19
0
0
87
24
10
0
0
0
58
238
0
0
0
0
6
9
0
0
0
0
0
1
0
38
4
0
12
0
0
36
0
22
0
0
0
0
1
6
0
0
0
3
14
0
12
86
0
0
0
2
224
0
77
0
49
0
0
76
0
0
0
15
0
56
8
0
0
67
0
1
51
19
7
13
0
161
4
0
0
2
73
5
31
100
119
33
0
17
0
0
7
0
0
0
0
0
0
0
30
0
26
0
0
17
0
0
124
6
0
87
118
0
0
0
7
0
0
21
2
423
9
0
0
0
11
28
0
0
8
0
0
0
51
0
147
37
16
34
0
0
0
0
0
135
0
1
0
0
1
7
8
17
0
51
27
0
0
8
0
0
0
38
16
36
0
0
0
0
28
0
0
12
3
25
0
0
0
1
26
195
0
0
0
0
38
344
1
0
11
0
151
42
0
2
109
258
0
0
0
0
0
418
0
22
10
0
0
0
0
0
0
2
0
1
5
0
0
22
8
380
8
0
0
0
0
5
0
0
18
16
0
0
0
0
0
2
9
0
15
117
9
1
2
1
0
0
0
13
9
0
11
11
0
0
5
0
18
0
2
0
0
0
0
0
0
1
14
0
0
0
149
1
0
0
3
0
0
0
0
9
12
0
0
19
1
8
43
19
30
0
0
0
15
22
0
26
0
8
52
0
77
0
0
2
0
7
0
0
0
0
26
309
0
2
0
0
0
90
0
130
0
0
43
40
19
0
2
212
1
5
8
0
2
0
0
0
0
39
5
444
0
6
0
61
0
0
0
0
0
181
21
0
1
3
397
74
154
1160
6
0
0
0
0
0
5
4
34
81
912
0
273
0
3
0
0
0
0
0
0
0
54
0
43
0
12
2
0
0
0
66
125
0
85
0
0
5
0
0
61
0
60
0
7
214
72
0
15
176
0
0
0
0
75
225
26
0
0
157
0
0
0
0
0
0
1
2
14
0
0
54
1
7
69
75
0
0
38
0
0
0
0
30
282
1
0
1
1
36
0
3
0
85
0
0
0
0
0
0
0
15
0
0
0
0
0
299
28
0
8
2
0
89
0
0
0
0
2
71
12
0
30
15
2
0
4
4
3
216
3
0
0
18
0
0
18
0
0
0
103
77
0
709
1
1
816
338
94
0
43
0
0
0
2
36
0
413
0
925
0
50
0
0
0
14
2
0
0
24
60
12
5
0
3
1
0
2
123
0
2
0
0
124
0
0
381
0
0
0
0
3
0
0
0
0
26
9
15
0
7
122
38
0
0
0
22
12
57
4
0
0
7
69
52
0
20
0
0
0
156
143
5
0
0
203
0
98
673
0
0
0
1
27
0
0
0
23
7
0
671
0
0
11
0
16
0
2
151
136
11
0
0
0
2
0
0
0
0
61
0
122
4
0
150
1100
3
10
77
0
28
0
8
0
41
0
1
0
3
0
0
40
7
0
0
0
8730
1
1
256
992
136
0
0
5
0
0
0
8
210
1
19
0
0
48
0
22
0
0
0
1
0
94
0
4
1
9
173
131
60
7
0
0
2
0
333
0
0
8
0
0
0
4
0
16
3
4
10
2
0
43
0
0
9
0
0
0
34
101
6
0
0
0
3
0
1
58
0
0
87
0
0
0
10
68
1181
2
0
0
0
1
45
0
0
37
330
0
30
0
0
0
31
0
7
64
37
1
0
118
23
0
0
11
0
3
165
13
3
0
0
617
0
0
4
0
3
0
0
886
0
171
46
1
0
0
0
32
0
0
30
5
0
60
100
0
535
0
0
0
7
0
123
107
2
0
0
0
2
141
0
30
1062
6
182
0
285
17
199
229
259
0
110
0
260
795
162
587
0
21
412
0
3
0
0
0
0
0
15
0
170
0
0
39
0
26
28
0
30
0
0
0
260
225
5
0
722
35
4
0
41
0
0
1
28
0
116
1
266
0
0
9
207
10
0
2
0
0
106
0
78
0
0
0
0
11
79
0
0
18
62
0
0
11
18
0
0
0
0
0
0
24
0
37
0
25
12
0
0
5
0
12
97
0
0
669
0
225
35
0
151
106
19
282
0
9
60
0
0
0
0
0
2
0
8
0
1
0
0
0
0
0
61
0
3
0
7
0
14
0
17
0
42
11
0
0
0
85
3
0
0
0
0
0
0
0
0
121
267
7
1
0
25
0
0
23
52
52
332
0
0
0
46
0
0
0
0
0
0
0
51
0
0
2
0
0
5
0
1
0
0
0
9
1
0
0
55
4
30
21
1
91
27
0
1
1
15
91
2
4
0
0
110
0
0
0
0
0
0
197
1
13
0
121
0
0
0
0
1
71
263
0
49
293
8855
0
0
0
0
2
28
52
0
4
0
0
75
112
7
164
0
1
0
66
0
0
0
26
47
136
0
0
40
0
109
0
249
46
129
0
0
0
1
0
0
0
428
288
0
0
0
169
5
1
0
0
4
9
0
16
0
1
56
0
0
0
36
0
16
0
0
100
15
44
33
3
0
0
13
7
0
157
0
104
0
5
0
0
0
86
103
2
0
24
2
0
0
7
12
0
43
1
117
0
1
0
4
0
0
0
0
42
0
0
2
0
0
0
8
0
3
16
0
49
160
0
0
0
0
0
127
5
0
8
44
0
1
0
1
0
8
0
82
0
0
0
3
54
0
1
5
0
8
0
0
188
0
23
100
0
14
4
4
13
0
133
54
20
5
128
2
26
0
0
50
0
200
0
712
26
158
54
0
64
21
10
0
0
5
0
0
22
0
0
0
4
0
0
203
0
195
12
0
0
14
113
48
0
0
0
78
0
46
0
112
0
44
8
5
0
0
41
0
0
48
6
29
12
0
23
53
98
0
1
162
0
39
0
0
4
0
0
56
1
2
47
0
11
1
0
0
377
38
147
299
0
15
0
0
192
0
0
201
0
1
2
84
39
2
35
88
1
0
13
0
34
22
0
0
13
0
224
7
0
0
0
0
22
5
89
6
0
0
0
0
76
0
0
0
1
19
182
12
0
3
0
129
0
0
5
12
0
1
0
2
20
0
32
46
5
11
101
58
0
79
0
28
17
137
0
166
0
2
33
0
0
119
0
177
0
0
10
0
2
8
705
0
0
3
10
0
12
42
0
3
493
0
0
0
5
0
0
38
26
0
0
108
1
2
0
0
0
220
1
2
20
0
2
249
113
23
1
0
34
159
286
60
20
0
0
6
0
4
52
0
0
66
35
636
76
1
17
2
1
0
0
27
0
43
68
16
0
0
0
0
0
0
0
32
789
0
15
12
0
64
0
11
0
0
0
5
0
0
224
181
1
30
0
7
0
0
280
0
0
1
4
0
9
0
6
0
0
4
997
0
0
0
0
0
5
0
32
1
0
4
0
0
0
0
0
752
0
2
0
0
3
55
1
37
0
0
0
0
0
0
0
14
0
14
0
0
2
11
176
0
901
13
0
51
0
0
107
0
21
9
2
0
6
0
1
4
26
125
0
0
0
0
0
55
61
66
261
0
116
24
19
32
63
0
880
38
22
0
0
0
0
0
11
42
0
0
3
1
32
43
0
0
71
2
274
0
0
276
0
3
14
0
18
0
0
4
4
69
0
0
0
0
0
14
0
0
188
0
10
64
0
4
17
55
1
0
0
154
90
0
0
8
6
113
0
0
0
0
0
0
0
209
0
3
139
0
0
0
0
3
90
0
0
0
49
13
177
0
0
0
0
0
0
796
0
0
143
9
0
4
0
3
0
10
0
236
13
144
15
0
102
0
5
12
0
0
2
0
3
22
81
2
1
242
253
0
0
7
0
0
0
0
0
0
0
2
0
0
16
0
24
35
0
0
0
0
5
0
0
0
0
0
0
4
60
9
102
122
0
0
3
755
0
1
0
0
215
0
9
5
0
2
1
3
0
0
0
4
107
0
9
35
0
45
4
0
0
0
6
4
9
319
0
2
0
0
65
6
0
166
4
28
15
0
0
2
60
0
0
0
8
21
0
32
0
0
33
23
0
13
33
0
151
44
131
0
0
0
0
0
7
24
14
0
0
17
0
0
1
0
0
0
82
0
0
0
21
21
29
0
0
0
1
0
85
102
0
0
0
0
0
87
3
0
0
211
12
2
28
0
34
0
5
10
125
0
0
0
3
72
0
0
74
11
0
0
3
0
0
136
181
0
5
1
0
1
0
18
0
0
263
0
0
15
0
0
0
62
15
8
0
0
0
0
874
30
5
0
103
69
19
211
0
20
0
5
71
2
0
0
4
46
0
0
0
0
0
87
28
0
107
0
0
0
0
0
267
53
0
161
0
34
19
0
53
11
105
0
9
0
821
0
0
4
0
0
1
19
0
0
0
22
48
4
1
0
0
7
0
0
0
0
0
16
534
301
0
203
0
0
156
1
20
0
0
17
57
286
0
0
575
0
1218
0
52
0
0
0
959
25
0
2
90
5
0
0
27
9
0
808
11
107
0
1
0
0
5
0
0
0
0
0
0
0
301
3
337
0
24
293
0
0
2
2
0
39
0
0
4
127
0
0
15
0
0
0
0
0
0
2
3
6
0
0
56
21
26
93
74
40
0
0
0
172
0
0
0
0
0
0
43
43
0
4
47
5
0
0
0
0
3
0
0
1
2
5
0
0
159
35
25
0
43
0
25
95
0
120
0
0
0
16
0
136
0
40
0
0
95
209
0
0
0
2
0
23
0
8
71
4
0
51
0
300
0
0
154
24
0
0
1
0
31
4
0
0
0
0
4
93
0
928
72
0
105
0
1
0
0
4
0
1
59
0
1
0
0
25
0
333
101
0
2
27
0
0
25
0
0
0
0
0
0
0
0
125
2
195
0
0
3
0
0
0
70
0
132
0
0
11
0
0
0
57
1
0
0
0
0
7
4
0
0
0
0
1
8
0
0
0
10
0
34
0
84
6
0
0
291
50
57
0
62
0
24
0
1
12
0
169
95
0
0
385
186
0
136
6
0
1
0
30
0
0
0
14
151
1
3
960
311
0
20
0
0
0
58
19
0
0
16
46
105
1
0
0
242
55
13
1
78
187
0
22
43
13
0
4
27
17
0
20
0
7
0
122
0
3
0
86
84
42
5
0
32
19
227
0
0
0
0
1
346
76
9
0
15
0
12
0
272
68
37
0
0
12
1
0
281
0
0
12
0
44
0
5
5
0
281
0
0
0
0
0
0
143
12
0
0
31
0
8
0
0
0
209
83
0
81
24
133
83
166
0
0
0
268
0
0
0
0
0
0
2
374
0
0
0
0
18
130
31
163
0
228
0
235
1
0
0
195
9
0
104
0
135
0
11
0
0
216
42
0
40
0
0
22
52
46
0
6
1
0
5
19
130
1121
447
0
44
639
0
0
129
0
19
23
0
0
0
3
0
0
0
360
139
1
0
24
0
76
0
0
7
0
0
24
78
23
132
0
0
13
10
27
0
79
0
0
0
0
0
0
160
2
11
27
5
255
4
0
0
0
0
0
0
0
94
0
0
0
10
0
1025
2
0
0
0
1
2
0
0
2
16
0
22
0
0
0
0
0
0
48
0
0
0
4
50
258
0
0
0
0
0
0
0
8
87
0
0
12
0
0
0
0
49
0
0
91
223
14
1
15
0
0
0
0
89
35
0
0
26
1
0
31
0
0
0
0
0
0
7
835
0
32
7
3
0
0
0
142
0
0
35
0
0
9
0
15
0
0
35
128
0
0
0
23
4
0
0
0
3
0
6
1
3
6
6
0
0
2
0
453
172
0
44
15
51
0
144
0
0
0
0
0
0
62
0
0
0
0
1
0
7
63
0
0
0
7
0
0
0
0
23
3
7
0
129
4
0
42
0
0
0
0
3
0
0
0
47
0
0
1
0
0
0
0
0
206
1
1
1
5
413
4
5
173
0
0
0
0
0
0
0
0
74
95
8
96
0
1
0
993
0
0
0
151
112
0
0
0
1
8
0
0
0
154
3
0
0
2
0
54
1
0
90
421
3
3
0
0
635
0
2
0
0
24
0
680
25
143
0
0
0
190
51
2
0
22
0
0
11
0
27
1
0
160
0
48
17
0
25
84
0
6
16
0
24
0
0
0
0
0
2
0
21
0
6
0
0
0
17
1
0
19
0
0
5
31
238
1
2
3
0
13
55
64
0
5
0
0
0
0
3
0
65
3
102
0
0
34
217
23
0
10
1
0
0
1
16
0
153
0
0
10
43
70
13
8
0
2
0
3
212
0
20
19
2
0
0
20
2
0
0
0
0
0
4
6
0
0
8
4
2
0
17
0
37
6
30
5
159
0
0
34
0
28
25
0
0
8
79
0
24
20
193
0
0
701
0
0
1
142
0
2
0
109
0
0
1
17
47
0
0
0
0
0
0
91
188
6
133
0
27
12
3
0
30
3
43
0
0
0
0
223
3
13
0
46
0
0
0
7
598
0
1
21
216
0
220
0
93
2
0
2
0
80
189
3
0
0
58
0
4
241
0
0
7
2
0
0
356
0
0
0
4
0
6
0
0
0
2
0
3
185
152
93
28
0
30
0
5
2
0
16
1
0
0
1203
0
726
0
10
25
6
0
0
0
0
5
0
0
4
7
0
12
86
0
0
15
3
16
0
0
0
0
34
0
8
0
0
0
0
33
675
0
0
0
16
7
2
0
3
13
5
0
0
238
0
0
0
34
0
86
13
0
0
19
0
61
160
0
73
0
0
78
39
38
0
0
3
554
6
100
0
0
0
27
0
691
285
6
0
135
91
0
0
0
109
0
103
0
178
684
0
0
14
0
0
181
122
0
0
0
0
7
0
3
0
0
147
2
0
1
0
0
0
5
0
0
0
56
1
9
19
22
0
2
0
3
29
86
7
14
0
0
0
1
0
0
31
122
75
0
0
0
0
0
124
19
69
0
117
38
0
7
0
0
1
1
0
0
0
3
204
0
0
125
0
1
0
0
27
28
35
61
113
3
0
0
15
5
321
0
13
0
0
0
0
0
0
14
0
0
0
0
63
0
124
0
0
1
125
0
19
121
0
0
0
294
287
0
59
4
0
55
0
22
48
250
0
0
22
17
42
0
3
0
779
47
0
0
136
9
0
0
0
0
2
58
32
0
9
127
1
223
0
0
261
36
0
0
53
26
0
0
0
1
0
0
5
0
0
28
0
0
0
0
13
7
0
195
3
0
0
36
27
0
22
0
156
0
3
7
0
0
70
0
48
121
50
0
0
0
0
0
0
0
0
13
0
4
0
0
0
339
0
0
5
0
0
45
34
0
4
0
0
0
0
2
5
75
0
0
1
1
0
31
0
37
59
0
133
3
0
13
0
34
47
0
0
33
9
0
0
0
1
23
0
15
0
29
3
7
31
0
0
0
0
870
45
0
1
1
0
54
0
142
0
12
0
0
11
0
0
0
978
0
0
831
15
4
0
0
0
0
0
0
0
76
0
0
0
0
660
0
0
37
0
5
11
3
70
212
0
0
0
0
0
24
2
11
148
34
72
107
0
0
0
2
0
86
1
24
22
0
8
0
0
20
28
0
0
102
0
224
27
0
53
18
0
43
0
1
0
2
0
0
317
27
0
0
0
42
2
0
7
0
17
0
7
82
0
276
0
0
0
0
0
0
0
0
0
177
20
5
0
335
1
0
0
0
3
26
11
65
20
1154
0
67
0
25
4
0
0
0
36
77
30
0
0
0
0
0
0
14
6
0
0
2
60
0
0
0
0
51
0
392
0
0
12
19
0
1
10
0
14
72
0
0
155
0
1
3
0
0
0
46
267
9
0
12
10
0
26
1
0
0
0
8
0
0
50
3
140
286
0
40
227
12
0
13
6
0
126
10
22
0
0
0
1
1
21
102
10
11
3
0
1
0
0
10
10
0
1
9
54
37
1
0
51
0
0
3
190
0
0
1
19
0
0
149
0
2
20
0
0
0
0
0
3
0
0
35
0
66
82
0
0
0
0
0
0
49
0
0
28
27
0
166
0
0
2
0
0
0
1
0
0
21
30
254
20
572
0
6
1
0
7
0
0
0
0
32
0
232
0
0
10
29
0
2
0
0
0
68
39
0
0
0
0
800
8
35
0
0
0
0
11
0
3
0
0
1267
0
4
234
55
37
0
0
0
287
2
28
1
0
124
0
2
97
0
25
0
95
0
0
2
12
611
4
69
0
0
39
0
0
0
0
0
208
0
0
0
0
0
0
0
3
30
29
2
0
53
259
3
0
2
0
0
1
14
392
0
54
27
0
190
0
16
40
0
0
179
1
0
0
0
0
3
16
0
1
0
522
0
0
0
534
28
385
0
0
64
47
30
23
0
1
57
53
0
0
0
0
2
0
33
220
0
0
0
0
0
155
0
0
143
0
41
0
0
0
0
0
1
0
0
722
0
0
0
0
144
0
139
2
2
0
0
0
0
0
0
0
9
41
41
0
259
0
29
0
0
60
41
0
0
0
0
389
37
0
27
0
5
0
28
21
0
0
0
0
0
4
94
0
0
0
33
33
1
0
4
0
0
1
0
35
0
17
0
173
0
0
0
0
1
389
0
0
0
0
276
0
2
0
21
30
1
0
9
0
5
0
0
1
4
0
0
0
1
0
104
12
0
0
0
35
0
0
1
0
0
0
0
23
35
0
0
0
61
3
0
42
29
9
16
0
0
0
0
0
718
1
3
0
0
0
0
0
309
0
0
126
23
2
0
0
61
1
0
0
55
53
0
0
16
0
0
19
0
0
18
0
0
46
0
0
0
138
62
31
5
19
2
0
1
14
0
0
36
0
58
0
62
0
214
0
27
0
4
0
184
13
0
86
0
0
104
21
0
50
796
173
201
7
1
222
0
0
0
28
7
0
0
1
1059
0
0
1
174
0
0
4
0
0
69
0
25
0
0
22
0
4
56
0
3
0
0
43
5
0
9
0
0
0
5
18
0
139
0
45
39
37
0
128
3
3
0
7
18
146
194
0
7
1
40
0
0
38
0
1
8
3
0
60
80
6
31
0
0
0
12
19
6
1
19
0
0
1
0
44
232
0
0
4
0
615
50
3
116
2
0
0
15
0
2
53
0
0
0
557
0
118
0
0
0
0
0
1
1
0
246
0
1650
2
0
0
0
0
4
0
159
0
0
58
5
0
0
4
64
0
0
0
0
42
0
19
2
0
61
0
21
0
14
1
3
0
5
26
0
0
0
0
0
0
301
0
0
0
0
5
0
0
0
0
0
0
19
21
2
0
0
0
0
0
10
77
3
3
0
1
0
3
0
0
0
0
2
0
71
5
0
0
0
128
0
0
0
17
3
66
633
251
157
3
0
48
260
0
474
0
29
13
0
0
29
0
0
0
0
20
0
148
0
0
0
632
436
0
58
106
0
0
58
4
0
27
28
373
0
8
0
78
0
1
10
179
13
15
13
0
0
0
1
0
25
3
0
0
0
0
0
0
0
0
0
0
0
19
0
0
0
0
0
18
24
0
2
0
13
0
0
0
0
33
0
5
0
37
3
8
14
0
9
5
0
17
0
0
6
6
0
940
0
0
26
0
0
29
0
0
0
14
137
16
0
898
0
127
1
0
0
0
1
611
62
12
2
0
1
311
0
162
0
0
100
0
5
1
0
0
0
1
0
48
0
0
0
72
8
10
0
0
4
4
0
0
6
92
0
0
0
0
0
6
0
90
0
52
8
8
20
0
0
0
2
6
0
33
114
386
7
1
1
4
11
6
5
40
0
0
0
2
0
122
0
0
131
71
0
0
9
706
0
109
61
0
0
78
0
470
0
1
0
0
0
0
3
0
0
13
0
14
4
0
10
0
0
490
0
348
0
2
0
0
3
2
0
1
0
320
570
71
0
838
0
182
12
0
0
117
15
0
0
1
20
0
0
0
0
0
0
22
0
0
0
2
0
0
0
100
2
25
112
0
0
0
0
1
8
0
0
6
206
0
0
0
0
15
0
3
0
7
0
0
0
1
0
0
22
1
0
0
0
16
0
0
14
0
0
65
0
0
19
0
0
0
0
0
4
0
23
0
0
1
44
4
4
0
0
0
21
143
0
0
1
0
1
0
31
0
0
1
0
16
0
0
0
0
0
6
40
0
0
0
0
3
0
0
0
12
0
1
0
0
1
0
0
0
1
0
0
420
0
24
0
0
2
0
0
0
0
0
6
15
0
0
23
80
22
0
44
0
0
743
11
6
0
0
0
33
44
32
4
13
1
98
76
10
15
20
3
0
0
0
0
0
103
0
0
0
0
171
0
31
43
0
0
59
0
0
0
68
0
5
1
0
1
0
278
79
63
0
0
0
310
0
158
0
0
0
74
0
0
353
0
40
1
0
0
0
49
218
0
0
1
0
0
0
0
0
13
4
57
0
49
0
0
9
0
0
0
2
0
1
0
0
1445
0
18
11
142
6
0
15
1
286
0
795
0
128
1
0
0
0
57
0
0
0
0
0
0
1
86
0
1
0
0
0
9
12
0
4
305
0
4
276
0
0
26
8
0
168
0
0
0
1
0
0
0
44
1
0
0
0
0
0
878
0
7
196
5
0
1
0
21
22
0
0
0
0
0
4
0
10
0
5
2
0
0
1
0
23
1
0
101
0
0
0
7
3
0
10
2
0
53
1
4
0
0
0
0
8
129
58
7
93
14
0
0
0
65
0
5
0
0
0
19
36
0
54
18
0
0
0
5
0
0
287
2
0
0
123
0
0
113
5
0
0
0
0
0
200
0
0
25
293
8
0
0
0
0
114
35
10
0
13
130
0
0
8
7
107
489
0
0
27
0
28
9
80
28
0
88
0
0
0
0
0
6
0
0
0
4
0
0
0
0
0
0
6
0
0
99
19
78
32
1
0
0
20
2
579
6
0
7
0
4
2
0
0
0
1
0
0
0
5
0
0
1
8
26
0
1073
0
4
0
0
5
0
2
0
0
45
112
0
0
0
0
1
0
254
0
2
8
73
0
4
11
13
0
7
62
1
11
7
51
3
0
16
97
0
0
817
126
12
0
221
0
0
0
9
0
157
4
0
0
116
0
13
0
119
5
104
0
375
223
0
0
10
0
0
0
0
0
15
170
623
0
93
0
69
0
0
53
0
0
98
8
41
0
249
47
0
0
0
0
0
0
15
3
0
265
2
0
0
18
30
0
0
2
0
0
6
165
59
104
8
0
0
6
2
0
37
0
91
78
0
0
12
0
20
0
0
305
0
0
0
0
109
0
0
703
0
3
0
0
14
0
7
0
0
0
0
24
0
21
0
0
0
2
20
0
0
129
80
16
0
0
0
148
8
0
0
0
0
0
0
27
11
27
0
0
0
1
0
0
0
0
0
0
1035
0
0
0
0
8
0
117
0
0
1
107
26
0
0
23
0
15
901
24
0
0
0
9
0
0
0
97
1
32
218
0
18
1
3
37
0
1038
0
0
13
0
6
28
0
0
0
0
0
1
0
44
0
0
5
3
0
0
0
0
0
54
3
0
45
0
0
0
105
122
0
0
0
2
4
0
1
0
5
17
13
3
0
21
0
1
8
0
2
14
0
0
0
0
0
0
0
586
0
7
0
0
0
0
255
0
156
17
2
0
13
0
120
4
1
0
337
22
26
0
0
0
151
17
28
0
9
24
0
10
110
64
0
14
90
8
8
205
0
0
0
0
0
0
32
0
24
13
13
8
0
5
5
198
0
45
0
37
17
2
0
0
0
0
0
3
0
0
0
7
230
0
0
0
0
0
8
0
194
0
0
116
88
12
0
0
279
0
0
0
85
23
9
9
0
2
67
4
1
0
0
0
0
0
0
0
41
0
0
10
169
0
0
1
0
394
0
1
7
0
0
7
14
79
15
0
100
0
4
0
0
0
0
0
0
0
0
6
9
18
10
0
17
0
186
33
3
0
24
0
0
0
116
27
1
0
20
3
31
0
0
0
0
26
0
0
0
13
194
0
9
0
0
0
0
0
1
0
1
0
0
0
13
0
0
21
31
0
148
70
0
8
0
49
0
11
0
0
0
0
0
0
10
0
182
0
9523
44
0
0
0
2
18
66
0
75
0
0
4
163
134
23
0
0
8
0
0
0
4
0
0
7
39
0
0
25
367
6
31
0
0
17
0
395
42
0
19
0
4
0
29
0
0
14
580
0
25
3
5
0
0
39
79
1
0
15
0
18
8
0
16
0
0
0
0
0
0
0
2
0
1
0
83
43
0
0
69
0
0
31
7
0
378
0
92
0
0
0
9
0
0
0
0
0
90
0
188
45
117
110
0
144
24
0
2
0
4
0
13
64
4
9
0
0
0
0
0
0
0
164
0
0
0
0
4
2
1
40
0
67
19
163
216
0
0
0
48
0
3
31
100
0
24
0
38
0
0
0
0
48
436
0
0
35
27
0
162
0
0
0
0
0
41
203
91
0
27
1
0
9
0
35
0
0
22
9
0
0
1
0
0
0
0
1
0
25
24
67
0
0
0
0
795
0
13
853
4
82
305
0
3
16
34
84
3
0
0
18
3
159
45
0
37
0
0
0
0
15
0
0
0
8
0
620
0
320
0
0
0
8
1
0
0
164
0
36
0
37
0
41
17
6
26
0
145
0
278
0
0
0
0
46
15
8
0
24
0
952
181
0
113
0
1
0
2
5
28
5
0
0
2
3
151
0
15
0
0
5
341
0
0
15
17
6
382
0
0
0
100
196
0
10
0
23
0
0
46
0
0
6
1
5
1
0
0
873
591
0
0
0
11
70
11
1
450
4
0
39
0
16
88
6
9602
2
0
0
0
315
24
25
0
0
513
5
37
0
0
905
0
0
0
0
0
0
0
0
0
0
0
165
15
0
7
0
0
50
4
12
0
76
14
0
0
16
0
289
0
67
0
61
92
0
28
5
0
10
0
30
10
0
1
5
103
77
0
173
0
25
0
24
4
314
0
0
0
47
144
14
121
0
9
172
114
0
0
3
0
0
181
0
28
0
0
37
14
142
0
16
851
0
0
2
10
0
3
53
0
30
0
0
1
111
0
0
246
4
0
25
87
0
8
0
0
8
0
2
0
4
66
107
3
0
83
456
28
0
0
1
0
119
0
2
27
390
0
32
0
2
0
0
64
1
0
0
0
0
0
0
0
0
296
41
0
172
46
9
47
0
13
0
62
115
7
0
19
256
0
1
789
66
19
0
0
0
17
0
0
0
69
88
0
93
0
57
2
0
0
0
45
12
36
0
2
81
9
619
2
143
4
0
72
0
14
0
0
556
11
68
0
0
28
2
0
0
0
0
0
0
95
49
0
0
94
0
1
0
322
15
2
456
0
0
0
0
22
0
200
0
7
0
13
0
0
3
130
31
0
66
65
0
0
0
0
4
14
3
23
0
22
21
38
3
0
0
0
81
0
0
27
0
0
16
49
59
0
0
0
0
0
37
0
0
0
1
217
0
0
1
0
0
0
0
2
0
0
0
1
1
14
58
0
45
0
6
0
0
0
0
0
0
0
0
2
256
9
404
0
14
1
0
28
82
0
0
7
15
0
0
15
25
146
0
0
0
0
0
0
0
8
0
16
0
152
1
194
0
2
0
0
0
7
111
17
1
324
5
0
0
2
0
23
0
0
31
55
205
22
11
19
25
19
560
8
62
0
0
0
0
139
0
0
3
0
1
0
59
19
0
0
20
35
38
0
0
121
232
2
2
33
12
0
0
0
0
5
45
0
0
0
0
15
131
0
0
40
0
49
25
0
6
14
0
0
2
14
21
0
0
15
0
28
1
3
71
0
0
70
87
1
23
0
64
1
1
159
0
39
50
0
0
0
0
8
0
0
140
9
23
0
0
0
0
31
0
1
38
0
0
0
0
0
0
17
0
2
0
445
0
0
99
0
7
0
0
0
0
0
15
2
0
1
143
17
287
0
17
0
0
0
0
16
0
0
0
0
0
0
0
89
0
0
0
26
20
0
0
0
2
45
84
0
36
0
14
121
0
13
268
0
34
0
0
21
91
5
0
21
214
41
238
0
9
112
0
0
0
0
106
0
21
0
0
273
0
0
3
0
1
5
6
1
0
0
0
69
24
62
1
0
0
10
168
0
0
0
52
20
32
226
12
3
20
17
0
0
0
0
3
208
0
58
85
0
0
6
0
9
21
0
2
111
19
0
0
0
0
0
92
0
2
1
0
65
52
0
1
0
0
0
262
0
568
0
0
151
6
146
85
0
25
0
0
33
0
3
0
0
0
60
155
0
0
26
0
0
0
0
154
710
10
0
0
8
0
40
0
4
0
8
0
787
491
1
7
0
80
20
0
0
0
0
0
30
8
7
4
0
0
0
0
37
14
282
0
5
0
127
13
0
28
0
0
0
151
14
18
0
0
0
0
0
4
0
0
1
5
0
40
0
0
7
767
56
0
0
34
0
0
1
106
1
166
3
4
354
0
0
6
0
0
116
0
0
324
0
1139
0
0
0
4
0
0
14
162
6
0
30
2
0
0
0
275
0
0
0
21
2
224
0
23
0
0
0
1
1
0
262
26
1137
78
0
20
0
3
38
0
56
173
0
1
0
64
12
0
125
4
12
0
154
0
83
2
1
0
181
0
253
0
0
58
0
0
0
4
62
42
6
2
13
0
8
0
43
0
0
120
17
142
0
31
4
0
45
19
2
0
0
0
0
176
2
12
30
0
50
0
0
0
185
0
0
0
205
0
0
772
28
3
3
21
0
53
5
0
0
4
0
0
0
11
0
0
0
0
0
0
1
0
501
16
145
0
109
22
168
94
0
19
0
1
1
0
7
31
4
79
3
0
0
0
7
77
7
0
12
0
59
63
7
62
0
174
0
0
0
3
35
0
11
1
0
0
0
0
0
4
3
3
0
3
6
0
49
0
11
0
13
0
0
2
0
0
15
20
1
0
2
0
12
34
3
0
1
22
0
0
0
0
99
8
18
156
0
43
0
0
3
9
0
0
0
0
5
1
0
0
0
1
0
19
140
0
91
5
0
21
117
42
29
0
1
0
0
5
53
1
49
12
95
0
0
107
0
0
0
2
0
0
0
0
37
3
6
0
0
0
2
0
0
0
0
0
3
7
1
0
35
1
0
0
77
0
7
0
0
4
0
0
199
0
195
0
0
2
0
0
0
0
0
32
0
137
0
0
3
2
0
0
0
0
0
0
127
1
0
0
41
0
0
0
5
204
0
0
0
0
191
0
24
0
50
4
0
0
0
0
12
0
44
19
23
0
0
0
12
5
38
11
86
20
0
0
0
0
0
0
0
0
26
106
0
0
0
0
6
0
51
3
7
37
0
0
38
0
433
0
26
0
0
0
8
30
0
90
0
0
0
0
0
5
0
0
0
0
4
0
0
0
0
0
0
0
2
3
0
5
0
0
8
0
7
0
0
0
0
0
2
0
3
0
0
7
0
0
0
3
1
1
6
33
1
0
0
0
0
14
0
0
13
22
103
0
9
8
0
0
148
169
0
7
0
0
250
2
3
0
0
14
27
0
166
8
0
2
13
802
0
15
2
0
0
0
0
0
94
0
14
0
0
243
0
11
0
0
48
0
0
0
13
10
49
34
0
18
22
3
1
1
0
976
35
0
0
44
0
0
0
0
0
0
50
0
134
90
0
0
0
4
0
29
1
13
24
0
0
0
1
114
20
16
0
235
0
0
73
0
0
0
4
0
12
45
6
3
0
0
0
3
0
0
0
7
0
0
0
0
0
0
0
1006
0
0
0
137
0
1
0
231
0
39
66
0
58
0
0
0
3
0
0
3
0
0
4
10
0
11
5
0
5
38
1
0
95
0
2
20
0
90
0
0
5
4
107
231
0
5
0
1
1
0
0
0
9
0
5
0
0
0
0
0
0
305
2
0
0
0
0
9
60
26
5
0
80
4
0
0
0
0
1
7
575
0
3
3
47
0
21
23
0
59
22
2
0
0
197
10
0
16
1
0
108
32
0
0
2
609
0
0
0
0
1291
7
0
5
76
35
23
6
55
4
21
27
0
5
0
0
82
8
13
0
450
0
0
16
0
15
9
112
0
0
76
0
0
0
1
2
94
0
4
11
0
0
0
3
8
59
0
167
8
77
0
6
0
84
5
0
27
0
0
12
1
2
0
8
2
457
0
0
34
0
0
40
0
0
214
0
1
0
182
17
28
9
78
1
1
0
162
0
0
2
0
55
195
7
0
97
119
2
0
0
69
195
1
418
0
0
152
0
0
13
5
0
25
0
2
43
0
0
0
0
15
0
0
5
0
0
3
0
42
0
0
0
1289
0
0
42
0
1
44
0
5
0
0
2
3
16
0
11
0
1
6
0
256
7
13
0
0
0
16
0
0
0
0
11
0
13
106
0
256
0
35
0
0
39
0
0
0
0
0
0
178
8
0
0
16
8
0
17
39
98
0
0
101
141
0
0
0
20
35
0
0
33
870
0
0
0
12
0
0
0
28
0
148
117
7
145
0
1
0
0
11
164
5
0
0
18
1
9
43
0
0
0
57
6
91
0
0
56
30
0
0
0
3
0
1
7
0
5
7
0
320
0
0
0
0
31
5
0
0
0
1
0
49
4
14
0
0
0
3
0
46
0
5
5
0
58
0
1
10
26
6
277
0
0
0
0
30
61
0
86
0
1
12
2
0
179
256
0
13
48
0
0
0
1
0
2
0
1
0
0
0
0
0
34
1
0
0
25
1
53
0
290
0
182
0
42
0
0
0
3
0
154
0
133
0
37
1191
1
0
0
0
3
0
194
4
0
0
1
0
0
41
36
2
223
30
16
0
7
0
0
2
32
0
0
0
108
0
0
0
0
0
0
0
11
6
46
59
211
68
7
0
0
16
2
133
24
4
0
2
156
0
189
0
0
0
2
0
0
2
0
0
71
0
0
7
2
0
0
0
0
0
1
9
0
0
18
0
0
712
2
44
98
2
68
0
0
0
0
0
0
31
1129
10
0
0
0
0
0
9
0
12
0
57
4
1
4
0
83
4
5
58
3
34
142
73
0
0
0
50
16
0
134
0
0
5
0
1
0
52
0
0
225
0
5
0
0
0
0
0
0
2
64
0
0
4
98
19
4
0
0
358
0
727
1
200
44
0
0
2
0
0
75
0
49
14
127
2
0
0
153
0
76
0
70
0
25
0
0
10
0
55
18
9
0
0
0
0
1
7
0
1
0
0
0
9
106
0
0
0
16
0
0
0
13
0
15
174
1
0
0
58
81
7
27
3
22
9
4
0
653
2
0
0
0
135
0
40
214
0
1
0
0
0
0
2
96
0
0
6
136
2
0
49
17
0
0
42
1
0
850
0
0
374
32
3
132
0
42
5
13
0
0
13
53
35
18
0
0
1
242
0
0
0
5
0
150
290
68
3
29
131
0
0
0
0
0
45
0
2
0
84
0
0
88
0
0
1
8
0
14
69
0
0
0
45
765
0
0
0
0
11
0
0
8
60
0
28
0
0
0
24
3
2
0
0
0
66
0
5
0
0
18
4
0
0
32
0
0
0
1300
5
20
0
0
0
0
2
0
113
0
7
14
0
0
0
0
1
0
0
0
2
0
0
0
16
0
28
0
56
20
38
0
14
8
32
11
0
1
0
0
0
0
0
0
0
0
1212
3
61
7
98
7
41
159
84
8
0
1
295
0
0
0
1
208
4
39
49
94
0
0
0
0
0
0
160
0
771
0
69
8
380
1
0
21
0
0
25
0
10
130
0
1
0
0
2
1
0
0
0
0
4
54
413
0
22
550
21
0
0
0
0
11
1
0
13
0
0
90
21
0
73
3
0
82
0
5
0
0
0
25
0
0
55
0
0
1
6
0
0
0
32
0
1
0
3
0
0
142
6
0
0
9
1
1
475
3
0
0
67
8
31
10
0
0
20
0
0
9
724
2
51
0
0
0
0
68
16
8
23
193
0
7
0
0
0
0
0
0
0
118
0
8
49
0
1
0
4
0
0
11
151
4
0
12
0
0
0
0
151
0
0
0
0
0
9
24
1
0
0
38
2
30
16
0
0
0
0
64
7
47
22
18
4
0
3
45
0
0
6
46
0
0
0
11
116
21
26
0
6
0
0
0
0
0
66
3
0
12
12
91
14
17
0
0
0
0
19
0
0
2
7
0
0
7
197
0
1
0
655
7
0
0
7
0
38
0
543
0
0
0
0
0
0
4
0
3
47
0
0
1
0
0
174
2
11
21
0
0
331
0
0
0
164
0
0
0
0
0
80
12
0
1482
111
2
0
0
0
123
1
0
3
0
843
5
0
0
177
13
13
17
0
3
48
0
0
0
79
0
0
213
0
83
0
3
23
0
249
0
19
0
2
0
0
0
0
0
7
59
0
0
0
0
0
0
0
0
37
0
19
0
4
7
0
10
0
30
0
0
0
0
726
37
0
324
131
0
0
0
0
19
0
0
0
0
0
0
0
7
4
0
0
0
0
0
0
1
11
0
0
0
104
15
5
0
801
84
0
0
242
0
1
4
1
99
5
1
0
0
0
2
0
0
290
3
1
67
0
139
20
20
0
550
1
64
138
0
0
3
0
2
45
0
1
13
11
16
0
104
48
0
29
0
27
0
16
176
0
109
169
2
7
0
52
0
34
0
0
0
113
2
5
5
0
8
0
25
0
0
1
821
6
0
3
12
0
4
0
0
7
106
0
1
39
0
0
23
0
10
77
2
0
0
0
41
289
0
0
22
0
0
0
0
0
0
0
0
130
0
7
0
0
1
1
0
56
0
0
1
17
24
0
0
31
0
119
8
0
0
53
8
0
0
177
21
0
0
0
0
0
0
3
0
0
0
209
0
18
184
0
0
15
0
0
0
46
0
0
39
0
0
141
0
82
0
0
0
0
49
0
0
0
0
240
46
14
0
0
0
3
0
0
0
0
84
0
38
28
0
56
0
5
3
0
219
0
0
28
0
0
0
196
0
106
0
0
0
0
75
0
330
3
2
17
50
2
0
131
30
230
0
0
2
2
0
29
0
0
0
82
0
62
0
0
32
0
0
0
0
18
1
0
0
0
34
0
99
0
0
4
0
2
0
0
0
3
58
121
0
0
0
1
37
0
359
0
0
308
105
10
1
158
29
169
1
0
1
23
0
15
8
16
25
38
30
0
57
139
23
0
0
0
240
0
0
0
0
0
90
0
0
2
23
0
0
73
0
0
0
0
3
768
0
32
181
0
0
4
50
0
0
16
0
0
4
2
0
107
0
0
128
0
1
14
14
13
34
0
5
116
0
44
8
0
88
0
0
0
7
0
1
0
7
0
67
3
5
1
0
3
22
24
0
0
0
82
0
0
0
0
0
37
0
0
1
0
0
233
0
0
0
0
0
0
0
0
3
0
51
18
0
0
0
212
0
0
2
0
0
14
0
1
0
0
0
0
0
4
29
0
83
0
3
82
126
37
0
2
24
0
3
0
0
0
22
0
0
5
242
1
0
0
0
0
647
1
10
20
0
1
0
42
3
22
23
211
0
4
30
0
268
186
314
1091
0
14
0
44
0
0
0
0
0
6
0
0
1
111
0
0
172
10
0
31
138
0
50
1
132
0
37
0
0
0
0
0
0
1
5
14
26
244
0
0
0
24
28
25
0
0
150
0
0
4
8
3
280
0
0
73
4
2
5
3
3
96
0
11
0
2
41
2
0
31
159
85
490
0
0
0
0
0
0
0
0
11
0
0
0
0
156
17
0
32
0
4
0
270
0
181
0
0
8
1015
102
0
0
11
0
7
0
0
0
0
2
2
1
5
74
35
0
0
1
0
0
18
43
0
0
0
0
17
81
0
0
212
21
0
7
82
0
16
0
0
422
1
0
0
0
0
0
0
0
6
0
5
44
0
117
200
0
0
0
0
0
0
0
0
0
304
0
0
0
0
0
16
0
0
17
22
0
7
0
0
9
0
0
0
0
0
0
0
0
3
13
0
0
19
0
37
0
51
3
0
0
0
114
83
0
0
47
33
152
0
0
35
21
0
0
0
4
0
0
0
0
63
0
4
3
0
0
0
0
2
0
0
29
625
0
35
0
20
0
134
0
0
11
32
0
103
0
0
14
8
33
0
0
0
1
0
7
0
565
100
4
9
0
0
40
249
4
0
6
1
1
0
0
0
2
0
9
3
40
1
186
0
0
5
0
8
0
0
0
46
7
0
0
100
144
84
0
0
0
17
0
5
116
0
0
0
180
95
14
0
0
0
186
0
0
0
8
90
3
162
0
0
0
5
0
1032
291
133
0
5
40
1
166
0
1
0
34
0
0
0
0
0
0
0
0
2
1
0
100
0
42
0
0
27
8
49
1
49
0
6
0
80
2
0
1
6
131
0
0
0
1
0
62
9
0
0
12
0
0
2
0
6
33
16
0
5
0
4
13
180
7
16
13
48
41
0
0
94
223
10
100
24
0
0
0
7
0
204
0
3
1
236
98
0
0
3
106
0
0
75
0
0
0
0
0
507
0
4
44
78
30
0
0
36
0
10
9
0
0
8
0
0
24
72
0
4
0
11
5
17
0
2
15
0
218
7
1204
267
0
0
81
0
407
0
12
0
227
1
0
0
36
20
58
0
0
0
236
0
6
0
11
0
8535
0
20
0
0
24
151
81
0
0
0
0
1075
0
0
1
0
0
12
15
0
4
0
0
0
25
1
0
0
155
0
0
140
0
5
1045
3
0
720
1
0
0
0
33
2
44
32
0
2
0
0
0
1
0
744
74
0
0
1
30
0
2
0
0
0
0
1
0
0
0
47
0
104
6
5
243
0
0
62
33
0
99
0
4
59
0
2
0
19
1
0
0
0
0
22
0
134
0
278
0
32
343
0
0
7
130
0
0
12
2
0
7
0
0
0
0
0
16
6
41
8
15
0
0
0
0
0
0
0
0
1
22
46
23
0
18
4
0
0
0
78
0
160
0
0
0
5
0
2
5
0
0
0
0
0
7
3
113
0
72
5
270
0
0
22
1
1384
39
142
0
0
73
0
2
2
241
0
61
14
0
0
0
0
77
101
8
145
54
2
0
0
0
1
0
0
4
0
21
3
21
1
89
10
0
449
8
31
0
0
0
0
0
100
13
0
0
20
0
4
2
84
0
52
0
134
11
0
0
42
0
0
198
0
0
0
62
0
365
344
0
1
0
0
0
0
0
21
0
0
293
0
3
91
35
66
131
11
0
7
28
0
0
0
22
40
0
0
1
1
171
0
0
87
42
8
292
0
294
0
3
1
124
1
0
0
2
0
2
0
0
36
0
0
984
2
0
0
0
0
822
53
0
121
32
0
0
0
0
0
64
1
406
19
0
0
0
8
159
908
0
39
3
32
0
3
0
37
548
5
5
162
138
0
3
123
9
139
0
222
0
0
0
19
0
0
2
12
4
0
3
0
0
0
0
0
4
55
0
0
0
18
0
0
125
0
2
0
0
356
4
30
84
0
0
17
0
115
21
1
0
0
28
0
0
0
7
0
32
1
0
7
44
2
0
0
0
3
1
2
129
0
0
0
35
0
33
6
0
0
15
12
0
120
5
0
0
0
168
0
641
77
76
0
0
8
4
0
0
58
4
0
1
46
0
190
1
0
35
0
12
0
0
12
8
40
21
3
107
0
200
27
2
0
0
19
0
0
33
0
0
66
6
0
0
0
0
1
0
31
89
0
89
8
0
190
40
0
0
2
0
2
65
0
85
26
0
0
0
0
0
0
0
0
0
0
5
5
32
1148
0
0
10
52
17
2
0
0
11
1
0
0
13
5
0
0
0
0
0
0
0
0
0
4
4
33
2
0
59
5
0
52
0
0
9
0
0
2
0
0
0
0
12
0
12
0
0
7
0
0
0
0
29
0
155
0
0
0
72
0
169
0
107
0
282
0
12
0
0
0
0
64
0
0
5
2
0
1
21
0
0
0
1
10
0
70
1
0
39
8
0
0
637
29
0
0
65
9
30
0
0
0
0
0
5
7
0
0
32
0
0
0
0
0
0
2
115
0
0
0
0
0
13
0
17
0
2
0
0
0
160
0
0
0
36
0
2
3
28
0
80
102
0
24
0
43
0
1
68
122
108
1
19
197
0
4
0
133
0
0
0
9
0
0
0
0
0
0
0
0
1
0
15
1
87
22
0
0
0
0
0
0
0
0
2
6
18
177
79
0
57
15
0
25
0
42
211
38
0
38
2
7
5
5
0
0
0
85
1
3
134
1
134
0
21
0
0
0
161
0
26
0
0
23
0
4
1
0
31
5
0
0
2
0
24
60
0
1
6
0
5
63
0
5
233
1
351
217
21
0
641
0
8
0
0
0
3
24
1141
0
0
13
0
0
7
17
0
10
32
0
0
45
1
152
153
24
6
0
0
2
0
0
0
0
1
0
0
41
26
0
20
0
0
91
94
343
0
10
0
0
41
49
4
0
1
125
82
0
31
0
0
0
0
0
0
13
0
28
19
6
51
0
68
41
3
44
7
1
5
0
28
0
26
4
0
48
36
0
0
4
193
0
0
0
0
0
34
11
3
82
0
7
52
55
100
0
3
0
0
0
757
0
150
0
0
0
0
0
0
0
0
20
0
13
3
34
0
0
1
1
60
13
0
1
7
37
294
1
6
33
12
35
0
12
1
19
35
30
0
0
0
2
0
63
0
11
0
0
5
0
26
0
0
0
0
1
1
43
0
0
1
0
50
97
9
58
1
7
113
0
86
379
0
0
0
140
4
0
0
0
0
0
2
0
0
3
18
25
15
0
7
0
8
7
9
0
0
3
8
0
0
0
0
0
0
3
86
0
0
75
0
0
38
60
2
0
4
0
7
0
122
0
126
218
0
3
0
22
16
0
3
0
5
12
4
56
0
0
1
0
0
0
0
0
56
0
0
0
0
0
0
0
0
79
0
11
0
173
15
0
0
0
7
38
1
0
53
0
0
0
2
0
0
0
0
0
0
53
0
9
0
0
1
0
10
0
2
0
16
17
7
0
0
283
0
0
0
21
0
5
0
0
0
6
0
0
0
1
0
722
0
48
0
47
0
0
0
165
139
0
0
0
0
0
0
0
480
228
58
1
8
18
1
115
12
26
4
0
0
1
0
0
0
46
41
10
135
0
14
30
0
5
465
0
8
0
0
0
75
0
0
0
47
158
0
0
34
5
0
0
0
1
0
3
0
0
102
0
95
0
0
0
1
0
0
0
0
1
0
42
0
0
55
0
83
0
249
0
28
0
91
0
0
12
22
0
289
6
11
1
0
0
0
4
0
0
0
31
173
3
0
2
0
0
36
0
0
0
0
0
0
0
22
118
0
1
0
3
1
119
0
0
36
3
231
12
53
0
1
0
1049
0
1
0
34
136
1
43
0
0
21
0
0
16
0
0
0
0
0
0
0
0
0
89
0
25
0
64
178
114
2
4
29
14
77
0
0
13
0
267
0
0
0
0
0
0
0
20
0
0
6
0
6
21
43
75
8
0
68
36
0
27
0
5
0
28
0
0
184
0
90
201
9300
255
8
0
23
30
0
0
0
0
44
1
0
1
13
140
0
102
0
0
1
95
157
782
0
0
3
0
0
73
13
0
0
0
0
41
0
0
126
0
0
115
0
0
0
0
1
46
133
184
43
0
0
17
0
82
185
0
0
0
0
0
260
44
21
33
6
30
8
0
1
20
104
0
17
714
0
2
0
9
0
3
0
51
6
2
80
0
0
0
0
131
0
0
223
51
3
0
6
263
1
0
21
7
54
0
0
0
13
108
0
51
115
7
0
0
0
23
0
0
0
12
0
0
0
0
0
56
0
0
1
0
292
111
4
87
0
77
0
0
0
6
0
110
1
99
28
160
275
278
132
95
0
1
1
14
2
7
3
0
0
1
13
2
39
27
0
0
0
33
8
59
0
95
37
1
0
0
0
0
40
8
273
0
15
28
0
0
2
0
0
7
1
0
0
3
0
0
27
0
51
0
0
0
0
0
0
65
0
19
74
7
33
215
12
129
0
103
0
60
251
16
127
0
0
0
0
1
0
1
0
0
0
39
0
0
36
30
0
156
1
0
4
0
50
95
0
0
0
0
0
2
0
0
6
0
100
1
0
123
2
0
52
34
12
12
0
0
0
0
0
0
6
0
5
13
434
0
0
11
0
61
0
0
0
33
119
0
0
0
2
21
0
261
0
0
0
0
21
2
0
28
0
20
8
0
0
294
0
14
7
0
0
58
0
0
0
20
27
209
26
12
0
7
76
1107
0
97
0
0
0
0
14
0
0
83
3
3
5
0
3
15
1
0
0
10
0
7
0
0
30
0
0
27
0
1
0
26
22
22
0
0
133
90
0
0
0
2
29
150
0
0
0
26
0
0
1
791
15
0
152
37
0
0
122
0
11
154
0
12
2
597
14
0
149
26
0
0
0
17
0
0
0
6
23
0
1
0
0
0
33
0
0
0
0
0
11
1
0
2
11
61
7
0
0
3
193
6
22
16
37
1
2
834
1
0
1
0
0
15
0
112
0
0
13
0
0
149
0
0
702
0
0
0
1
12
0
16
0
0
0
0
0
0
92
4
0
0
0
15
193
0
6
0
0
17
1
0
153
118
591
2
0
0
0
30
4
27
2
0
0
0
0
0
3
1
0
0
0
20
0
792
0
0
0
38
0
54
0
3
6
5
0
0
707
0
6
6
0
0
0
0
0
0
51
184
3
3
0
0
0
0
0
0
0
183
7
0
7
2
12
6
8
7
2
31
2
14
9
94
0
49
2
46
11
31
0
50
64
1
0
0
0
20
40
0
17
12
0
0
89
164
0
4
0
11
0
31
6
0
0
107
389
0
0
6
2
0
0
165
0
0
2
281
10
49
0
0
0
17
5
0
0
43
0
66
0
0
9
0
91
0
4
0
0
0
0
0
0
76
0
0
0
0
210
64
0
0
4
13
0
54
0
0
12
6
0
36
0
2
0
49
807
1
112
171
3
13
0
0
18
28
22
110
0
0
0
0
0
0
99
0
0
35
0
0
0
28
0
1469
0
0
1
0
89
23
4
0
0
126
0
0
151
124
1
2
21
0
0
0
0
0
0
0
51
0
0
0
5
0
0
0
0
39
0
7
0
7
0
121
0
27
175
8
0
57
137
17
0
15
0
4
463
0
0
0
0
16
8
0
0
7
0
0
2
116
33
1
0
0
0
0
104
0
42
0
3
0
0
11
172
0
0
37
70
0
369
0
250
0
0
0
0
0
0
16
0
0
1
0
0
0
7
0
68
0
0
0
0
0
0
0
0
1
0
0
0
306
0
0
0
110
12
0
0
0
73
7
13
1
246
0
3
239
10
71
2
0
270
0
0
972
0
59
1
20
132
0
4
18
0
9
7
0
24
15
44
0
103
0
1145
0
4
0
2
108
0
0
589
790
0
0
82
0
0
2
12
4
158
59
0
0
0
24
0
0
35
0
2
378
7
0
0
41
47
0
1
11
0
1
5
18
0
0
64
0
2
24
0
0
0
0
50
4
949
0
21
33
0
52
1
4
0
7
71
0
0
49
0
94
0
2
3
4
93
6
3
0
51
0
0
0
3
0
231
0
48
17
0
86
15
0
0
0
0
0
80
1
0
7
3
53
52
28
0
0
5
0
0
626
0
0
0
6
0
0
77
36
23
371
0
62
38
0
0
0
0
0
0
115
52
245
74
11
0
0
0
0
0
0
1
5
60
0
0
0
81
0
0
0
0
0
375
368
1
3
0
0
0
0
0
8
213
9
0
30
0
3
0
12
34
22
25
0
2
0
0
97
0
0
29
0
142
2
13
0
0
122
0
12
0
31
33
9
0
5
0
21
3
3
0
112
0
0
0
9
22
0
0
27
0
0
5
0
2
3
143
0
107
1
35
29
32
0
1
36
0
9
0
3
23
0
0
0
4
26
0
119
98
0
0
0
0
0
343
0
0
3
0
352
0
3
0
105
9
0
22
57
0
0
151
0
0
25
0
11
23
2
285
0
0
4
2
6
3
0
2
106
7
0
0
138
0
6
1
2
4
2
31
0
5
12
344
13
198
0
0
3
72
0
117
0
42
3
12
11
0
3
0
86
0
441
0
0
0
2
0
74
15
130
63
32
56
0
6
0
0
0
0
9
0
0
0
0
0
0
40
0
0
126
0
0
0
0
0
0
1
58
217
201
0
0
1
0
0
0
1
320
0
0
0
30
0
0
1
8
0
0
0
77
0
2
11
0
130
4
0
0
0
0
0
81
0
0
0
11
0
2
245
1284
33
0
0
0
4
0
4
27
0
25
3
0
3
0
0
52
30
0
0
5
0
4
5
366
49
22
2
52
3
1
0
1
4
11
13
5
0
0
0
0
460
0
0
17
30
0
0
4
0
0
0
24
0
0
0
9
43
4
1
30
0
12
0
348
0
19
0
0
3
0
0
0
3
33
0
11
4
0
26
0
0
0
13
0
0
0
3
0
0
0
170
0
0
5
0
0
3
109
0
0
7
0
0
9
0
0
1
0
87
22
20
0
65
0
2
0
0
0
0
7
4
0
0
0
0
1
0
11
98
133
3
0
0
10
0
1
27
157
73
7
0
0
0
0
29
26
50
0
0
0
0
0
0
1
40
0
10
0
0
74
1
0
788
8
0
2
0
6
0
14
0
171
751
0
12
0
0
35
1
0
57
6
2
61
0
63
8
0
56
70
84
39
0
0
26
0
144
42
0
0
1
0
72
173
290
0
56
0
0
89
94
16
41
6
0
6
0
0
12
4
0
37
0
225
21
1
6
0
10
0
0
0
7
154
45
57
2
0
2
15
9
23
6
0
0
0
80
20
0
3
0
19
0
95
3
164
0
0
0
0
429
0
7
4
0
0
0
73
0
0
27
0
13
16
190
39
0
2
48
0
0
180
0
11
0
0
0
0
0
0
1
103
0
52
28
15
0
50
0
3
15
0
0
0
1317
0
5
32
4
44
0
67
74
7
0
0
28
0
583
1
0
32
23
0
1
0
0
18
0
52
0
0
24
0
3
160
519
31
0
125
0
9
111
0
0
0
49
0
0
7
0
137
149
0
28
1
68
35
9
3
0
0
0
2
40
0
0
0
0
0
0
1
69
24
0
0
12
0
0
0
54
591
0
0
7
0
0
13
0
790
0
44
705
19
34
0
8
126
0
0
1011
6
0
82
52
53
0
50
7
80
0
0
1
2
0
0
0
0
1
3
38
0
139
0
3
16
7
0
0
192
32
30
153
0
14
15
0
0
0
22
1
4
0
0
4
0
86
0
0
8
0
0
0
5
1
4
0
0
125
4
0
0
22
30
0
193
0
4
57
6
0
0
62
0
0
0
109
121
14
0
0
3
0
0
0
8
0
0
0
0
0
0
12
7893
191
9
55
0
0
0
0
0
0
0
0
3
0
59
45
0
0
0
11
0
151
9
0
0
176
2
21
0
0
0
0
0
5
0
20
1
0
0
83
0
0
0
0
32
882
139
9
0
0
0
0
3
5
3
9
0
0
120
9166
269
0
0
167
325
0
0
0
0
0
7
0
0
9
0
0
2
1
0
0
3
0
0
0
0
17
97
0
0
0
7
0
0
8
4
0
0
0
5
0
0
0
2
65
0
0
13
8
0
61
7
0
0
0
0
8
10
2
0
0
0
0
867
0
15
0
0
3
1
27
13
0
0
0
1
8
0
0
0
0
0
4
7
0
0
7
71
24
0
35
15
45
0
0
0
286
0
0
1
0
16
206
0
20
154
7
41
0
23
1
2
128
0
2
0
5
0
0
0
0
257
48
0
35
17
90
38
0
33
154
0
0
0
7
0
4
0
0
0
579
1
0
0
6
0
0
8
0
18
0
0
0
0
0
35
11
0
120
44
0
9366
0
0
0
0
0
0
0
3
0
0
0
0
190
0
40
28
0
36
132
21
7
44
0
0
2
0
0
145
0
0
0
13
0
162
0
0
0
32
288
22
200
0
123
51
0
0
0
1
0
52
4
33
22
54
0
72
3
0
0
159
0
0
28
56
5
8
3
32
19
0
0
61
17
0
0
0
0
18
38
0
0
79
1
0
36
0
32
0
0
18
0
0
2
26
2
0
2
0
0
0
0
11
0
4
185
0
0
42
93
170
0
590
172
0
0
14
0
126
1
37
13
0
60
39
0
0
7
23
34
10
0
253
94
0
18
5
0
44
0
0
6
82
1
11
0
0
0
0
14
1
0
0
0
95
32
0
99
0
0
0
0
0
3
28
0
18
0
46
3
31
37
0
0
0
0
89
87
0
0
0
0
0
2
0
79
8
0
0
0
190
1
0
0
0
1
12
198
10
0
15
42
16
12
619
19
42
0
28
3
0
43
0
0
0
7
1024
0
77
0
0
0
87
0
849
45
0
404
0
1
1
0
0
7
0
0
3
0
0
15
14
49
74
0
0
0
0
9
754
62
71
0
0
0
19
106
0
0
17
42
0
0
0
0
5
23
0
13
33
0
0
0
0
0
0
1
0
27
0
0
594
0
19
35
0
2
0
89
35
0
14
0
5
0
0
1
7
0
2
0
0
112
0
0
0
0
0
0
272
2
0
86
6
0
236
220
0
0
0
0
0
0
1
0
0
