0
43
1
0
0
170
93
0
0
0
0
0
718
0
0
0
0
15
0
0
0
0
0
0
0
0
0
2172
0
893
0
0
0
0
1
0
0
0
1543
0
1152
0
466
0
1
0
493
0
60
7
45
0
1174
1498
0
23
0
0
12
0
1
51
1
0
0
0
0
0
0
0
0
0
1
0
0
62
7
0
1
0
730
378
0
0
0
273
700
0
0
0
0
0
0
0
0
0
0
0
6
821
0
0
0
0
356
4
0
1185
357
0
1
0
0
0
0
0
0
0
4
0
0
0
0
0
0
1162
0
0
0
0
1
0
0
95
1497
0
0
16
0
0
0
0
0
2
121
673
0
1
51
0
0
0
0
3
0
0
0
1
0
0
2
0
0
0
0
0
0
0
13
0
0
0
0
52
0
0
400
0
0
0
0
10
39
2
24
6
0
0
0
18
0
0
4
0
0
0
0
679
0
2
0
0
0
0
0
0
0
0
1171
847
0
0
0
0
0
0
0
6
0
0
0
226
11
0
0
2339
6
1
140
0
0
0
0
0
0
0
0
0
0
957
711
0
0
0
3
1
0
0
0
0
20
0
0
343
0
0
0
0
599
0
0
0
0
1276
1
1234
0
754
0
0
0
0
425
669
1851
0
0
0
0
0
0
0
0
26
23
0
0
0
2
15
0
0
0
0
0
0
4
0
2
0
1470
46
0
0
1901
41
0
0
0
0
2421
38
0
0
74
0
0
21
5
1
0
0
0
0
0
0
377
0
0
0
0
0
0
1216
19
0
0
0
0
0
0
0
0
0
0
624
0
0
0
0
0
0
1
181
0
178
243
0
0
0
0
31
0
0
0
0
0
0
0
0
7954
0
23
1255
465
2113
0
1253
0
0
0
0
0
0
0
0
145
0
0
0
0
541
0
0
0
0
0
0
0
0
350
0
1560
90
0
0
1
0
0
399
0
0
0
41
0
0
0
0
0
0
0
0
3
0
0
0
0
0
0
0
0
0
28
0
941
0
0
288
0
0
0
0
0
0
0
0
1
1
0
2
7
0
0
0
543
0
0
0
46
0
0
0
142
12
0
0
0
0
0
0
0
6
3
0
0
0
0
0
0
0
0
0
0
0
23
0
2147
155
0
0
0
229
0
0
1
2
26
63
8
37
0
0
0
0
743
0
0
0
0
0
0
0
11
0
97
502
0
0
1
1
0
0
984
0
0
6
0
0
502
0
0
0
0
0
0
0
158
0
0
0
550
0
0
0
0
0
0
0
0
0
0
0
0
24
0
0
0
3
0
0
0
0
0
260
0
0
0
97
0
0
0
433
68
0
0
1
192
14
12
40
0
0
76
0
9
7
0
0
0
0
0
0
0
0
0
0
7
245
0
4
0
0
21
0
0
0
0
0
0
0
1153
0
0
63
0
0
0
337
0
0
0
0
0
0
215
0
0
0
1302
0
0
0
0
0
1926
0
0
1
0
10
3
0
0
0
5
0
0
0
1284
453
0
0
0
0
0
0
0
0
0
227
0
0
0
1
6
0
0
0
2360
0
0
64
0
0
4
238
0
20
108
0
0
528
0
0
99
0
10
99
0
0
0
0
0
296
0
0
0
0
0
0
0
0
2
1639
0
41
0
0
0
0
0
2
0
0
0
0
0
866
29
0
0
0
0
1937
242
0
0
57
1
0
0
0
0
5
0
0
0
0
0
82
0
0
1
0
152
260
29
0
13799
0
0
1
0
2324
497
0
256
0
2
0
0
251
250
0
0
0
1
0
0
0
0
57
0
7
1567
0
0
0
0
284
0
60
0
1
0
0
0
0
0
0
0
6
0
0
0
0
0
0
292
5
0
0
0
0
926
0
0
0
0
867
31
33
0
0
1
5
0
0
0
0
0
0
0
0
0
0
0
0
0
0
55
0
0
0
1
0
0
0
0
10
0
0
1554
87
0
458
273
24
0
2317
0
9
0
0
0
0
19
0
0
177
0
0
0
0
2
0
0
0
10
86
0
0
1835
0
0
0
0
1
12
353
26
0
0
0
0
0
0
0
114
0
0
0
0
1798
0
0
0
1015
359
0
0
0
0
0
0
0
0
0
5
0
487
0
2010
0
0
0
308
0
12
0
0
0
0
0
0
70
0
0
120
0
0
0
519
0
0
0
0
0
0
6
0
0
0
524
0
0
2
0
287
0
353
16
0
0
0
0
0
0
0
46
0
0
0
0
0
0
0
0
26
0
8
0
11
0
1
0
13
0
0
0
0
997
0
0
2
179
2
0
0
59
342
0
1
0
6
0
0
0
0
12
0
1479
0
0
0
0
0
0
0
0
0
0
320
3
0
0
0
0
0
0
50
0
0
0
0
0
1518
0
200
0
14
0
0
0
1
0
6
0
0
2456
0
0
0
1836
0
7
0
3
0
0
15
0
0
0
0
1236
574
29
0
21
0
0
568
0
0
1897
26
0
8
0
1
0
3
0
0
0
0
0
1870
162
32
540
42
2
26
0
1
0
0
0
0
0
0
0
0
0
0
0
0
0
0
0
2445
0
0
0
1267
0
2
0
1901
0
0
0
0
0
0
0
0
440
0
0
1862
0
0
1242
0
0
0
0
0
0
0
0
238
0
0
17
0
984
211
0
224
0
0
0
1
0
0
0
3
0
105
0
0
0
1516
1059
0
0
0
0
0
0
2
12
1
0
3
0
0
0
0
0
0
1281
0
0
1230
310
11
0
893
0
2191
0
235
488
235
0
265
0
0
0
706
0
0
1
996
0
0
0
0
11
0
0
0
0
2254
0
0
0
245
0
0
0
0
0
0
0
0
0
0
904
0
0
0
1
0
0
0
0
193
1
0
9
0
0
1
0
0
1210
6
0
0
0
0
0
0
0
68
0
2413
0
0
0
0
0
0
0
0
0
0
65
154
0
0
0
3
0
0
0
0
0
1
0
0
0
0
0
0
1605
0
0
0
0
0
0
23
942
34
0
0
1932
0
44
0
0
0
0
0
0
0
0
9
0
0
0
2330
0
0
118
354
0
0
97
0
0
0
1456
0
0
32
2
0
0
0
0
0
0
17
0
0
0
0
7
0
0
1488
134
403
0
0
15
0
0
8
0
467
0
10
1
467
0
227
0
0
0
8
0
1828
0
0
0
0
0
0
0
319
0
0
0
25
0
0
0
0
0
742
482
0
0
0
0
0
0
0
176
0
0
885
0
0
0
0
0
0
1
0
0
0
0
0
0
0
75
0
247
0
0
0
1840
0
198
0
11
0
1162
0
7
0
0
0
0
0
0
0
0
0
0
0
0
0
0
0
0
26
56
0
226
7
214
0
2
0
0
0
3
0
0
296
0
0
0
0
0
0
0
404
0
0
988
0
0
0
0
4
0
0
0
0
2296
18
0
0
0
64
0
0
0
1
0
0
0
0
0
2209
2
28
0
0
1568
0
1
0
0
1523
0
0
0
0
0
1
0
0
0
0
0
1800
0
668
0
0
0
0
0
0
0
0
0
0
0
0
1
36
0
0
0
599
1614
872
0
0
0
0
0
165
0
0
321
0
0
58
0
0
15
3
1273
0
331
0
19
22
0
1653
0
0
0
0
0
58
0
41
0
0
649
0
35
0
0
2
0
0
0
12
1838
33
0
0
0
8
0
164
0
0
0
0
0
0
0
4252
1861
48
0
0
67
59
5
0
0
0
0
0
0
112
115
4
0
1573
2238
1
0
0
1
0
0
0
0
0
0
0
0
0
0
0
0
1205
0
0
0
0
2
0
0
0
611
0
0
1558
0
135
0
0
18
162
30
0
0
0
30
0
518
0
0
0
0
148
23
0
0
0
0
0
7
81
1903
0
862
0
359
0
0
0
0
0
0
0
0
0
0
0
0
0
0
0
0
339
2
0
159
0
0
0
0
103
2
1168
24
0
0
0
0
0
0
0
0
0
0
0
0
0
0
0
122
1595
0
1867
0
0
9
952
0
0
0
0
2
0
0
0
0
0
0
0
0
5
0
0
0
1550
19
0
0
0
0
0
0
0
0
80
0
0
153
0
0
0
8
0
0
0
1
0
0
0
0
0
927
0
0
103
45
15
0
0
503
0
0
0
0
0
11
0
0
0
0
0
0
0
0
0
114
0
2
0
0
0
0
0
1807
1489
14
0
0
0
123
0
2307
0
371
15
0
0
184
14
0
0
0
1224
3
0
0
0
0
0
0
0
0
0
0
0
0
0
0
33
0
0
0
4103
0
0
2268
0
228
51
0
0
0
3
0
2
0
0
0
1
0
0
0
307
0
1784
0
0
954
0
0
0
0
0
0
1
0
0
1823
0
0
25
0
0
0
0
2
0
0
9
1
0
70
0
0
0
0
0
0
0
0
141
0
0
0
0
631
1
0
0
0
1542
0
0
0
10928
0
34
1924
0
0
11
0
77
2413
0
12
4
0
1
0
0
0
0
0
0
0
0
713
0
1499
0
1261
0
0
0
0
13
1
0
0
0
0
0
0
0
1
0
971
0
0
0
0
0
0
1690
0
0
430
0
0
0
0
0
0
640
0
743
0
1
0
0
0
0
49
0
251
101
0
0
0
0
0
0
0
0
0
0
0
1
0
503
1003
0
0
1
0
0
470
9
212
0
0
0
4
0
0
0
0
0
0
0
204
0
0
0
0
0
0
1562
875
2
0
7
1822
0
0
91
0
1601
0
0
1888
0
0
109
0
87
0
0
0
0
0
518
0
17
0
0
0
0
0
0
70
0
0
35
0
0
460
0
0
0
178
0
0
46
0
0
0
0
7929
159
13
0
0
0
0
17
0
0
0
0
201
0
0
109
0
1
0
0
0
0
0
0
842
1
33
0
0
0
0
0
0
0
1541
0
0
0
49
0
0
0
0
0
0
0
0
0
0
53
0
0
0
0
0
20
0
0
0
25
0
0
0
0
0
0
0
7
0
0
0
0
0
0
0
0
99
21
0
0
0
76
0
0
0
0
6
1821
0
0
0
0
0
110
0
0
0
0
512
1560
0
0
425
0
190
0
1
0
0
0
0
0
0
0
0
0
15449
0
0
0
0
2
0
0
10
0
0
0
0
0
0
0
0
0
0
0
0
271
0
0
0
0
0
0
0
0
0
40
0
0
0
0
0
0
0
0
0
0
1605
0
0
0
0
935
0
16
0
0
0
4398
0
0
260
6
0
351
0
221
0
355
0
0
0
0
0
0
2391
4
0
1566
1
209
0
522
0
0
0
0
30
14
396
2
71
0
4
2181
0
1204
1
0
0
0
0
213
0
0
490
4
0
0
0
0
0
21
0
0
1777
0
5
0
0
5
0
20
494
1416
0
0
0
0
5
55
0
1587
0
0
0
1
0
0
0
0
1136
0
217
1
183
0
2
0
0
0
149
0
0
0
7
0
0
1
39
0
0
0
0
2482
0
0
0
0
0
0
0
14
0
0
0
381
0
0
0
0
1122
24
0
53
0
0
1
0
0
12
0
0
0
0
0
0
0
0
1107
0
0
0
0
118
0
0
0
8
0
2
0
0
1177
0
0
0
3
0
0
1
0
0
8
1
0
0
0
5
0
12
0
5
0
0
0
0
0
0
1289
1847
0
253
0
7
0
0
0
1550
0
20
0
1182
0
0
0
0
0
0
0
235
3
0
0
3
0
10949
0
0
0
0
0
0
0
0
0
0
0
1
2
0
13
0
0
0
0
0
1
0
0
0
1
0
0
0
0
3
0
0
10840
925
0
36
515
11
457
0
0
0
1527
0
0
0
0
0
27
26
0
0
0
0
0
0
0
0
0
0
45
0
0
0
0
0
0
1
956
0
2331
0
0
0
124
0
0
0
0
0
0
0
0
0
0
1833
0
28
0
5
0
2360
0
0
0
0
1614
0
2301
0
67
0
0
0
1
22
0
0
0
20
0
0
0
0
0
0
0
0
0
0
0
0
0
0
0
0
13
0
757
0
0
0
0
658
0
0
13
0
0
1
1309
9474
5
0
0
733
37
0
0
0
0
0
0
0
196
0
0
906
0
0
1247
0
0
15
14
383
10
0
0
0
0
694
0
0
9
0
0
1
0
979
0
0
0
0
0
0
1
0
2
0
0
0
4
296
0
0
0
0
0
0
0
0
0
0
0
177
76
906
0
0
0
1649
0
0
0
0
0
0
0
1141
118
0
0
0
386
285
62
0
12
15
860
5
0
1894
1256
0
0
0
0
0
0
1900
0
41
3
0
0
1783
0
0
0
1902
1583
0
24
0
0
0
0
0
0
0
0
1650
2312
0
0
227
0
2
21
0
62
0
0
8
3
0
0
0
0
3
0
0
0
35
0
867
0
0
0
0
2304
0
0
0
0
0
0
0
0
0
2273
0
0
0
1703
0
0
0
0
0
19
1
0
666
0
0
476
148
0
0
0
1
14
0
0
0
0
997
1568
0
0
0
0
36
0
0
0
0
0
24
0
0
1496
1219
0
0
148
0
3
0
1450
0
0
0
0
0
0
12
0
0
0
0
0
0
0
922
0
0
0
13
1
17
4
0
0
0
0
6
0
14
0
0
0
0
0
165
0
954
0
0
0
0
0
0
1581
672
0
0
0
0
45
0
0
26
0
0
376
0
0
0
0
88
0
1844
0
1927
0
2
1
97
726
0
0
174
14
0
0
0
0
0
2349
0
0
44
0
6513
0
88
1242
0
0
0
0
0
12
16
2
13
984
1261
0
17
0
1841
0
0
165
9409
133
2
0
0
0
0
0
0
0
0
0
5
0
0
0
2
0
1141
0
10
3
0
0
0
0
756
0
0
44
0
13925
0
0
90
252
0
522
0
0
0
0
0
0
183
0
0
38
6570
79
22
352
2322
24
3
0
0
0
0
1
0
0
1
0
128
0
0
203
0
0
0
182
1
0
1577
0
129
0
0
0
0
1545
0
0
0
360
1
0
1845
0
0
0
0
13
0
0
0
0
537
0
0
0
520
0
0
0
0
0
0
0
23
0
0
0
6
0
0
0
0
0
0
170
15
0
0
0
0
0
0
0
0
0
0
0
0
0
0
0
1
0
0
52
0
0
0
2
24
2
395
0
0
0
0
0
0
0
2349
0
0
0
1855
0
57
0
0
0
0
9
318
0
0
0
0
0
0
0
0
0
0
0
0
683
10
0
0
0
21
3
0
0
0
0
0
0
0
0
0
57
0
0
0
133
0
71
0
14
0
0
0
1
0
1454
2592
0
0
5
1221
0
0
1
0
9484
0
5
0
0
0
0
0
0
0
21
2133
0
0
0
679
1885
0
0
0
0
0
0
727
0
0
44
0
0
0
0
9
0
0
525
0
0
0
1237
0
0
0
351
935
0
0
13794
0
0
0
0
851
0
0
0
0
0
0
0
0
24
0
164
0
0
0
32
0
0
0
0
0
1
0
1337
0
1
0
0
0
255
2
0
1576
0
1566
0
1878
0
0
0
0
0
0
219
1504
0
0
0
376
0
2491
0
0
67
0
0
0
0
0
925
33
0
0
2
0
0
0
0
0
0
0
0
0
0
0
0
207
0
0
0
0
0
0
0
0
36
0
0
0
0
0
0
83
0
0
0
0
0
1
0
0
1173
0
1
1
7
0
2616
1250
0
0
12
0
0
6
715
0
0
0
717
0
0
0
0
0
1
0
0
0
8
0
0
0
0
28
1906
0
0
0
0
0
0
0
1827
0
0
5
0
12
0
0
0
0
67
0
270
0
5
0
330
0
8
352
0
0
0
0
1342
0
0
2318
0
470
0
21
0
41
1
110
0
251
0
0
0
0
0
0
3
1179
30
69
158
0
0
0
0
0
0
0
26
26
1
0
2
1
0
62
1572
0
0
0
0
0
0
0
0
0
0
0
919
0
0
0
3
120
0
29
0
0
26
0
9
0
0
170
1863
0
0
0
175
0
0
0
0
54
0
1960
0
1521
0
0
0
0
0
0
0
0
0
1
338
19
0
903
0
4205
0
14
0
0
0
0
0
0
0
1267
10
0
67
0
0
0
967
0
0
138
0
0
0
75
0
0
0
0
712
0
2
6
0
0
0
0
0
6
0
0
0
0
0
0
0
0
0
244
0
0
0
0
0
0
162
0
0
0
0
0
0
1028
326
0
0
469
0
0
0
887
1
11
0
0
0
0
2247
0
0
44
0
0
0
1
0
0
0
0
31
68
0
0
0
0
1615
0
0
0
0
0
0
0
1
0
0
0
0
0
0
0
112
36
0
0
0
0
0
0
0
0
0
0
0
0
0
0
1
533
0
0
0
0
0
1
0
0
0
0
0
0
1797
0
0
0
5
0
0
2396
0
1
0
0
10
0
0
1538
3
83
0
0
0
0
0
0
0
0
317
0
0
64
0
0
0
0
944
8
0
93
4232
16
0
0
375
0
108
0
2327
0
0
0
0
0
648
0
0
0
0
69
64
1310
0
0
0
12
0
0
32
0
0
0
0
0
1816
0
0
0
0
0
0
0
0
0
0
0
0
16
2349
40
665
0
0
0
948
0
1
0
0
0
0
0
20
0
0
0
0
3
4153
0
0
1
0
0
0
1898
4
0
893
0
0
543
0
0
0
4
0
0
0
0
0
0
764
0
0
704
35
0
0
0
55
0
13
0
0
0
0
0
0
6499
0
0
0
0
479
0
0
1
0
0
0
0
0
0
0
0
0
0
0
0
0
0
0
1252
0
0
0
1
0
2
1566
1023
1866
964
11
0
0
0
345
0
0
0
0
0
0
0
0
0
0
659
1188
0
1
0
0
0
0
0
237
0
6
0
0
0
0
0
0
0
0
0
0
45
73
0
0
0
0
0
0
0
0
0
0
0
17
1
0
0
0
0
0
0
0
0
0
0
0
161
198
0
2459
1854
0
2
0
0
0
43
0
1
1154
14
0
0
0
150
19
0
0
0
12
1550
0
0
0
0
307
0
0
144
0
0
972
190
0
0
0
925
0
0
0
380
0
0
0
909
0
216
0
20
0
0
0
2455
0
1
0
0
91
2302
0
0
0
0
496
0
0
5
0
0
0
0
365
164
465
245
0
0
0
0
631
0
0
0
0
3
101
0
74
0
0
0
0
0
0
0
0
0
0
2252
37
0
0
2
0
0
0
0
0
0
0
0
0
0
0
0
74
1
108
0
1
0
0
0
0
0
0
378
0
5
0
0
0
0
12
3
0
0
0
1469
0
0
0
0
0
0
0
0
719
0
1
0
0
174
578
0
0
0
0
0
0
10
1606
1490
3
136
42
124
0
0
0
0
0
0
0
0
0
0
0
0
0
0
2
0
53
0
0
0
0
136
0
0
0
614
16
0
0
0
0
0
0
0
0
0
0
0
0
0
0
0
0
17
4162
693
2
0
5
0
0
703
0
0
0
0
0
0
0
0
1
0
0
0
0
0
1
2323
0
0
0
0
0
1
0
0
1859
508
201
74
0
0
1
0
28
0
0
0
0
0
0
0
1171
1
0
0
6
0
0
0
0
0
0
0
0
0
0
0
6
23
0
0
0
0
376
0
95
1893
66
3
0
0
0
0
0
745
285
23
1
33
0
0
0
0
0
0
0
0
20
216
0
864
0
0
34
0
0
419
0
0
108
0
0
0
0
950
0
96
0
0
346
58
1924
0
0
0
0
0
0
1
0
151
26
1853
1
359
0
0
0
106
104
0
0
31
38
0
0
0
0
0
0
35
67
0
0
0
0
0
0
0
0
0
1
0
0
0
141
0
39
0
0
0
595
7
0
1864
0
0
0
0
0
475
0
4
0
0
0
0
0
0
1
339
0
2381
15
0
0
89
0
1578
0
0
0
0
0
0
191
0
0
0
0
0
0
0
0
0
398
0
0
128
0
2331
0
0
0
0
0
0
44
0
0
0
5
0
0
0
0
517
0
0
1647
0
0
0
0
52
0
32
0
2
4
0
0
0
0
26
0
47
0
12
0
22
0
0
0
0
0
0
0
0
20
0
0
23
0
0
0
0
0
0
0
0
0
0
0
0
0
0
0
0
0
0
0
0
0
0
3
0
0
231
38
0
0
905
658
0
2
0
0
14
1138
24
1
0
0
0
0
0
974
0
385
0
0
0
0
174
0
0
0
0
0
0
0
0
0
0
0
0
0
0
264
0
0
10
0
0
0
0
0
0
1
0
211
0
0
144
0
0
631
0
0
187
0
0
0
1
0
0
0
2
0
37
0
0
0
32
0
0
0
0
8
0
0
0
0
0
1
0
0
0
1
15
0
0
0
0
0
0
0
0
0
0
1791
0
39
388
0
134
0
9
0
0
0
114
5
0
1
0
0
0
0
523
0
0
0
681
0
0
0
0
0
348
90
0
1
0
0
1483
0
0
0
0
0
0
0
0
1
0
28
0
0
0
0
0
5
0
1210
0
11
17
0
0
0
0
46
0
0
0
0
1
0
993
0
1
5
18
0
0
0
0
0
0
0
23
0
0
0
0
0
171
0
36
0
1866
0
0
20
0
0
1140
0
0
0
0
0
0
0
0
0
0
1
0
0
96
0
0
0
0
0
15
0
0
0
0
0
0
0
0
0
0
658
0
0
0
0
0
0
0
0
276
0
0
0
845
18
0
0
0
0
296
0
0
935
146
0
0
0
0
197
0
0
0
0
0
0
0
527
0
0
57
6
0
9473
2
0
0
0
0
0
0
0
0
0
93
112
0
0
2
0
0
0
0
0
0
235
0
0
0
0
396
194
0
0
0
0
0
0
0
0
856
0
1516
0
0
0
0
0
0
0
0
0
0
0
0
0
0
61
0
0
522
0
0
0
12
35
0
0
0
0
290
5
0
0
0
0
15
0
1
0
0
0
252
1
72
0
174
0
74
0
0
188
97
553
0
0
0
0
0
0
2
9
0
0
8
155
0
0
166
0
0
0
8
0
0
203
0
0
0
0
0
0
0
14
0
0
207
0
2
0
1309
0
2
0
1
0
0
0
0
0
0
0
0
2
658
5
0
0
0
1
0
0
0
0
1458
0
0
11
0
0
0
97
1
0
0
407
0
0
86
0
0
124
0
0
0
0
0
0
0
1
0
0
131
0
5
2
626
0
0
60
31
0
0
1750
6
0
1
0
243
0
0
0
65
0
0
0
0
1
0
0
0
0
0
131
3
1
1268
0
0
0
0
0
0
0
0
0
947
0
0
0
0
2
0
0
0
0
1
0
0
0
0
945
376
0
0
0
0
0
0
0
0
2173
5
0
0
0
0
0
141
0
106
13
0
0
0
0
0
0
0
0
0
0
0
2286
0
0
0
