117502
0
0
0
220515
101134
157821
0
220480
34268
0
0
0
0
197280
0
181560
92889
84620
173712
0
197260
17202
212804
212806
0
84630
0
0
17202
235866
197302
165758
117474
205028
117504
0
235874
205033
165800
235843
51192
25749
0
0
125640
0
197304
205035
0
141785
0
109343
165748
0
51192
0
0
0
51198
92900
67998
51186
0
0
149796
0
51204
0
0
101136
165750
212860
25752
51210
84630
17210
0
0
228250
220561
141797
0
0
92906
0
149820
117516
59598
67988
0
101116
0
59605
228222
0
0
189451
197262
0
181576
205060
92917
0
173677
212834
25752
0
141794
0
0
189432
51192
67984
0
235854
0
125668
141780
0
0
0
235880
0
25752
0
0
34264
149832
0
212794
0
0
173670
0
25752
0
165744
125670
0
92906
8625
0
165790
125628
0
51198
76320
67976
0
149832
205065
109327
109341
109354
0
0
0
0
228208
0
42755
92895
51204
8619
0
101136
0
181582
0
0
125655
149850
0
0
228228
0
42750
0
205069
42740
109343
181588
0
141797
42745
197304
0
109317
34268
212798
0
92883
165778
0
0
0
197232
0
181532
0
0
0
0
0
141758
0
109323
25758
220516
0
0
0
197274
0
157810
149826
0
117516
0
0
235830
165748
173682
141784
92895
205019
0
0
59598
235879
181590
0
34268
84640
59598
0
165774
51186
0
25758
0
212836
0
0
205058
92906
189430
0
76320
51192
84620
205063
0
0
205043
303236
117530
92895
165768
0
0
0
34276
67984
0
0
17237
76320
0
117530
0
0
0
0
0
212794
0
220521
109343
67984
109313
84630
220518
0
0
0
76320
92895
197260
0
165800
189444
0
51198
0
220590
0
34264
101116
173692
235884
17208
0
109330
0
0
101124
197280
220534
0
0
84630
181604
0
0
17243
76326
101136
0
34268
42745
197250
25758
205055
212836
0
76311
0
189433
0
117488
228208
173712
0
0
67984
0
0
0
220536
84630
0
0
0
141759
59612
189445
141814
0
181598
173712
0
34268
0
67988
0
0
0
0
125628
0
212780
197286
101124
228226
157794
0
0
173710
0
235830
125649
228194
0
0
0
101136
228230
157833
17202
25752
117502
0
76320
141797
125655
173733
0
0
157802
0
0
141814
0
0
0
59614
0
0
59613
0
205075
0
0
59605
141814
165818
0
205069
0
141814
0
0
212834
0
0
133726
0
0
0
0
25752
34268
0
25864
0
0
133744
0
0
34412
220530
0
17206
8622
0
0
0
92897
0
149832
0
181590
0
0
189451
165780
0
181610
157808
0
125613
181588
84628
235844
0
0
0
0
0
220569
0
0
0
17204
149850
109330
133744
0
0
189495
0
189439
0
0
0
0
0
133728
0
0
133744
42745
109337
17202
228214
125584
0
0
0
0
0
92895
125625
0
59598
157827
17202
0
0
220524
0
0
0
0
0
0
157777
101142
173700
92895
92895
92883
0
0
189474
109330
0
0
189395
0
67968
0
0
101136
0
0
17240
0
157850
0
51208
197256
42755
17200
117502
0
0
117490
0
25758
0
0
76320
42765
0
0
0
235844
76329
0
0
0
181582
189474
220539
205028
0
189432
0
173731
197274
51198
0
34268
0
0
0
189448
0
8619
173685
0
17237
0
157799
235870
0
235886
133732
149808
0
59598
0
0
0
141814
59612
0
157831
0
34264
0
117510
25764
173692
133738
0
0
205073
17210
0
0
0
17208
34280
67976
0
173682
42745
8619
157814
0
149838
34280
0
0
0
0
0
0
0
165768
109313
133724
51186
0
228212
0
0
34276
125613
0
228198
0
17204
0
157833
197266
76329
109330
92895
84628
0
133728
0
0
133688
157814
173700
0
51198
220491
228216
0
17204
67984
0
189453
0
235875
0
92906
0
0
42745
141797
0
149832
0
25752
76323
0
205055
51210
189418
51198
0
17202
0
51192
0
67984
84620
149794
125635
197304
212798
117502
76329
133714
0
17202
67976
0
0
181580
0
76327
0
67984
0
0
149812
0
76329
0
0
0
133718
197268
109337
141808
51192
141794
84620
141758
0
197268
0
109356
0
228172
0
0
0
92906
149814
0
212790
0
67984
0
17206
0
0
101148
42763
181632
59605
0
0
0
0
0
228228
235886
109331
0
0
0
0
197262
25755
0
0
205100
84624
25770
0
8622
0
228184
189431
76320
25752
0
42745
0
0
34264
141795
25752
117474
235878
0
0
0
220533
0
0
0
0
0
181610
117516
0
165800
0
67984
59598
181632
0
0
34282
0
0
42768
0
117496
181580
235863
212754
0
76327
0
0
197268
0
141814
109343
0
0
149850
0
0
0
0
205098
42750
101136
0
0
0
59620
189468
0
0
220527
0
0
0
0
0
0
0
173703
205100
0
42750
165778
0
212810
197224
92915
76326
92895
189434
0
149808
0
0
17210
42745
42750
141791
228208
0
0
149830
0
0
125640
117496
133688
0
42750
0
0
25862
0
25752
0
0
59619
101136
34268
84620
34276
133744
0
173733
84620
0
59605
17202
181630
84630
0
0
25761
220557
25859
67994
0
189451
0
125640
0
212862
0
0
0
0
157800
235856
165800
84630
173712
0
181610
205068
117502
