0
0
0
0
0
0
0
0
0
32940
0
0
0
0
0
0
0
30109
0
0
0
0
0
0
0
0
0
0
0
0
0
0
0
0
0
0
0
0
0
0
0
0
0
0
0
2
0
0
0
0
0
0
18905
0
0
0
0
0
0
0
0
0
0
0
0
0
0
0
0
24746
0
0
0
0
0
0
0
0
0
0
0
0
18744
0
0
0
0
0
0
0
0
0
0
0
0
33171
0
0
0
0
0
0
0
0
0
0
0
0
0
0
0
0
0
24388
0
0
0
0
0
0
0
0
0
0
0
0
0
0
0
0
0
0
0
0
0
0
0
0
0
0
0
0
0
0
0
0
0
0
32692
0
0
0
0
0
29442
0
30042
0
0
0
0
0
0
0
0
0
0
0
0
0
0
0
0
0
0
0
0
0
0
0
0
0
0
0
0
0
0
0
0
0
0
0
0
0
0
0
29679
0
0
0
0
0
0
0
0
0
0
0
0
0
0
0
0
0
0
0
9
0
0
0
0
0
0
0
0
0
29733
0
0
0
0
0
0
0
0
0
0
0
32648
0
0
0
29395
0
0
0
0
0
0
0
0
0
2
0
0
0
0
0
0
0
0
0
0
0
0
0
0
0
3395
0
0
0
0
0
0
0
0
0
0
0
0
0
0
0
0
0
0
0
0
0
0
0
0
0
0
0
0
0
0
0
0
0
0
0
0
0
0
0
0
0
0
0
0
0
0
939
0
0
0
0
0
0
0
0
0
0
0
0
0
0
0
0
0
0
0
0
0
0
24540
0
0
0
0
0
0
0
0
0
0
0
0
0
18611
0
0
0
0
0
0
0
0
0
0
0
0
0
0
0
0
0
0
0
0
0
0
0
0
0
3381
0
0
0
0
0
0
0
0
0
0
0
0
0
0
0
0
0
0
0
0
0
0
0
0
0
0
0
0
0
0
0
0
0
0
0
0
0
0
0
0
0
29900
0
0
0
869
0
0
0
0
0
0
0
0
0
0
0
0
0
0
0
0
0
0
0
0
0
