0
33094
0
24178
8360
18358
4565
0
0
59603
0
0
63003
0
4500
8082
0
53909
34276
0
0
0
10452
0
0
876
0
0
0
0
0
56184
0
1653
0
0
0
0
0
0
7280
0
0
0
1976
0
0
15036
0
0
0
5430
489
0
0
44370
0
0
3568
0
0
0
0
61806
35968
29282
0
0
0
0
0
0
0
0
0
0
0
0
17006
0
0
0
0
0
996
0
32574
0
58722
41943
0
0
70027
13560
33540
3280
0
0
0
0
0
24038
0
3059
0
0
20134
15504
0
0
0
0
30680
0
18358
0
0
46045
0
0
0
0
30195
21960
0
0
0
0
0
0
0
0
0
0
0
24409
0
0
0
0
32000
21723
0
0
67850
0
4267
0
66930
61941
0
0
25844
42098
0
0
834
2150
0
0
0
0
0
0
0
0
0
0
30324
0
0
72237
0
0
0
0
9153
36509
44649
0
2440
0
31023
0
0
0
0
0
30831
0
0
0
0
0
0
2596
28468
32868
0
0
28609
0
0
0
0
71986
0
29882
0
0
0
0
0
0
27156
0
0
10418
0
21521
28811
0
0
0
0
2784
16702
0
0
0
0
37851
0
2324
31334
0
44685
27335
0
33562
0
50184
0
0
0
0
0
0
39485
0
0
15849
0
0
25528
0
0
21598
0
73278
8418
0
0
25923
25661
3914
0
0
0
0
0
27000
13233
0
0
0
7555
67096
0
9498
19531
0
0
0
0
0
0
0
0
0
66508
2064
0
0
0
0
0
0
0
41048
0
68477
6395
0
6084
50838
0
0
0
0
0
0
63653
0
0
0
0
37408
0
8732
15756
25830
29453
0
0
70738
36656
0
0
0
18546
8008
62768
4392
0
56272
4608
0
1394
7293
0
21861
0
0
0
0
1872
0
29796
1950
40341
0
0
0
0
0
0
0
0
14976
8214
0
0
0
9522
0
20774
45029
0
0
0
0
0
32300
0
0
0
0
0
0
15490
0
0
25647
0
0
0
0
0
19721
0
0
0
0
0
57373
25042
0
960
0
64043
35132
0
0
0
0
0
0
1120
0
0
0
1645
0
11704
29593
15822
0
0
0
26778
0
0
0
32196
0
0
60838
0
0
0
0
0
0
13593
0
0
0
0
2968
0
68145
14368
67147
0
0
0
36663
0
0
0
36057
5050
0
0
69365
0
0
56694
0
0
0
0
0
0
0
0
0
0
0
0
0
0
0
0
0
0
0
0
0
0
0
19599
0
0
0
0
13464
0
27640
55016
27232
0
0
0
57097
0
0
65690
74467
0
47657
62412
0
15985
0
0
16563
0
0
47906
23912
0
44556
0
0
33958
0
0
40132
1494
0
0
24296
0
0
23603
42480
0
19159
15717
24887
0
0
0
0
0
0
0
0
0
19671
0
0
27173
0
0
0
0
41007
0
19836
0
0
0
0
0
0
13152
0
0
0
0
0
0
0
0
29051
0
0
0
0
8475
0
0
22048
0
18754
0
33178
0
0
27636
6464
2340
37792
25092
975
18450
0
0
0
0
0
37226
66623
0
74496
10449
0
0
0
0
10878
0
0
0
0
0
8325
0
0
6840
54638
0
0
0
0
0
0
0
0
27143
0
0
20146
0
0
0
0
0
13242
66871
320
0
0
0
0
65957
12737
0
