76422
75613
68099
65790
54273
76753
62838
33076
39021
4742
75528
77488
21398
65208
66108
55990
76147
72167
55320
60656
75805
28524
65811
77310
43371
68332
29807
28029
53695
72111
75608
74981
77482
76607
76432
76037
77152
43363
9075
36011
73668
24676
9016
75331
13232
67089
19177
58330
59465
76522
75403
47593
30151
4636
63321
45829
17388
57840
67015
11760
69911
11131
44325
45540
74620
73101
4651
47191
59128
31593
45582
77419
61860
76344
60835
13324
59038
75570
77630
76166
70988
50863
17221
77314
71133
71787
29594
76681
62317
51771
20994
31823
29838
73169
62440
45795
41879
45720
71103
39995
21291
77136
64639
73871
60582
63338
66396
70461
74858
65300
69085
38150
4630
77393
29754
75094
23227
62739
56620
75033
52529
71517
40205
70729
30129
33725
40555
72416
65501
61885
71844
11205
6849
15164
6928
77119
33398
13357
75637
75325
6833
40516
43059
49263
52668
6901
19166
28015
34617
37826
42981
48625
23240
67756
74613
51634
67322
77685
26169
71200
9082
72695
44496
69401
74060
41690
74360
52403
15247
65829
77051
11236
76138
76605
26582
52177
71001
31509
74735
45529
76875
73109
26418
76272
75515
70078
68762
22834
26877
54524
65102
76991
21346
59652
47206
77226
62571
19346
6845
53031
59712
75117
76030
69378
76011
49185
28596
68239
36260
77411
76331
69838
30210
77072
74675
69341
67107
70629
28563
59496
77202
72283
42799
75555
61288
46190
76714
6864
9094
38398
70395
19246
65176
44544
41654
62195
73270
73538
60570
66784
70009
59559
55007
70427
67776
75967
69142
74961
76460
48288
69692
48160
75805
23179
54596
70438
77640
76710
53993
61838
70596
62393
19168
74466
19134
53163
73219
77432
74014
43425
75867
49964
45481
28026
53893
54270
76293
61750
51395
30260
75701
62056
58280
43449
77240
75345
41748
62939
48249
48930
44536
46046
21233
4618
44539
72774
43652
47927
22868
9012
4640
4671
54154
57883
37911
66795
75345
8993
73228
15295
74587
74336
59365
75977
9421
76173
74408
75437
76465
4650
36753
39258
44550
76401
39738
36435
77272
76833
69050
60288
39328
70308
64019
77757
32870
9136
65080
72361
15390
61070
72679
77027
75669
66212
59817
68879
37446
59246
77322
34512
76847
72020
33244
61070
28184
71592
75561
70059
4636
62069
15191
73338
39281
74637
46965
42150
54834
76149
76197
39205
70427
68165
73587
69319
76741
55968
31745
63786
74967
75707
32000
76376
59465
49363
77311
71218
76906
40866
73068
55032
60289
75628
11242
60395
21209
54193
77374
65186
67922
69513
72471
17390
41409
64356
76773
28601
55211
74767
77119
72348
61228
59616
70558
31951
74726
74278
38008
76262
44815
54538
17138
62697
62934
77549
54837
71794
58366
19352
62168
37535
71765
74387
72727
77722
75808
59650
68803
77174
75505
71307
44230
72163
39209
28073
47876
63191
65891
73751
26726
56263
67477
76510
41094
41993
51633
77232
76547
77358
36177
67411
65418
9037
58469
70372
75861
11166
29975
73541
75714
75652
54426
77368
72070
75870
76384
11100
69198
9021
66976
71047
60457
77863
51593
53248
75888
48772
30123
76781
67494
34324
50216
77653
76588
38491
76755
31739
20994
58167
73487
13296
56029
71424
77312
75482
60309
63643
58428
64206
76806
53670
73422
65144
37618
76811
49047
20984
52206
63930
57867
72937
76444
68882
74840
76604
33622
63082
29774
53327
76265
60490
63742
77109
41997
54238
49989
37334
77106
74599
39930
76770
76530
11193
77449
56049
74835
47889
76157
74761
75515
11215
76527
76945
21189
75971
74085
69143
60168
69887
76771
54178
58775
30312
4624
46511
57741
76173
11758
57273
61741
47035
74571
38738
56137
76332
35914
74304
48534
39479
28112
71140
66493
36184
72637
15199
61872
58064
45262
68910
9041
55900
65317
75762
17482
64666
4620
15288
68181
76157
28239
17430
59058
9042
69434
61070
75240
73042
75227
74610
77296
21218
53328
70146
74428
22796
59489
77303
19354
46019
75689
76421
61464
15456
58750
4636
60253
76983
13225
76982
69065
30384
9137
72060
71694
75879
56074
76090
43219
41530
41844
17229
71963
66130
6884
45974
57331
68235
0
75532
75327
22831
67516
77375
76108
58203
72289
29690
69949
4609
74495
49608
76568
60183
50220
43267
61817
37537
77658
51101
64513
34673
47938
74011
76384
19122
70247
77366
4626
19010
62917
30176
64016
77288
22934
60246
72174
77299
43607
77656
68539
60266
55441
70888
64525
39299
75787
17389
23090
76363
69171
72364
67708
19145
53751
54187
65652
76061
26799
73283
77043
60975
34622
68715
7075
68807
75575
64882
73755
74186
55435
73311
75862
47822
67932
49564
17085
45676
71648
66899
39191
60863
70714
64613
66741
76065
46895
65747
15232
76351
76437
69225
59056
77596
74471
74121
50615
68260
74920
75825
77350
71509
66640
53602
61469
72849
65511
77502
76794
4617
40788
72720
76863
26434
61887
24879
68309
47695
59970
64721
75058
67652
76723
67033
62000
30382
76291
4642
48376
22769
57742
76300
50672
42241
33741
73408
64068
75741
6865
75617
4621
61662
76967
28524
63308
77145
47026
28536
57918
73433
77363
76288
61690
46472
74887
63394
71725
77271
54814
15434
77147
0
27941
6837
37988
76919
60230
29917
77061
77397
67149
76803
70349
77640
24614
46376
50289
64035
71574
6850
26671
76849
4606
68214
75582
75979
77595
23226
66045
74004
55599
64046
75873
73885
65816
58070
75805
47692
66665
76723
74076
76641
76443
35296
76318
63704
61348
67171
66015
74672
75770
59639
75147
77065
73816
75257
74821
29599
49248
77093
63766
21183
71028
26290
72960
75544
76870
77631
47638
77169
75865
39305
19444
51402
76811
75348
71936
77067
77315
13289
68804
72552
76581
75172
77295
21126
47537
67552
26449
75873
74405
69807
77191
58096
74605
65782
15392
47331
28764
47010
74132
25042
77541
72819
58314
45431
70029
69269
72956
76997
76039
76883
61868
76486
77004
27914
51854
52168
66396
60873
43243
6860
13327
69541
25123
70275
58569
56944
67988
20994
4601
72241
33032
66005
71290
39372
70555
70427
75389
31543
75080
15275
39784
21010
65543
71326
64242
48997
51724
44505
56994
52876
71833
15345
78104
11095
54026
40465
61338
59952
73006
72418
51015
69479
8975
31412
72732
71504
49433
26740
66464
72533
68956
72051
73723
71215
26811
58407
31843
76731
34860
74916
66877
60028
58907
32931
73042
77417
65070
49173
72079
77168
69439
40952
48544
69043
77084
11252
8984
73886
72940
66751
75985
13227
57126
71075
17426
24541
55181
74559
52814
44506
26722
54659
30323
29926
64840
58844
60279
63163
54482
77106
64491
68294
24988
59062
58541
41983
76927
51946
76758
63339
77777
75664
72428
21040
76953
11119
36234
60337
76074
76742
54411
74690
33098
60593
45941
73925
46833
74384
75571
65950
76401
24818
54656
74868
48127
65605
55403
65698
76655
72673
72264
74743
15384
77004
47012
74115
4656
60003
11216
59541
57288
75276
75639
13366
21347
51099
34756
15252
19373
30367
60705
15213
75648
67747
76317
71347
76933
56115
54505
6788
70174
44348
38010
63427
60716
74031
41389
76837
44910
60070
17268
64845
74743
22769
70511
24855
41248
58780
72649
51189
70923
73041
73222
31315
6875
26359
17227
30298
77012
74035
17276
15382
26529
44544
61491
11241
58692
34855
45859
13347
44568
36773
34824
56280
72073
48798
21240
31689
34395
76582
28231
53245
76167
73640
53674
24610
59777
74718
42436
69259
53196
17245
35634
56482
75583
57205
50895
63891
17267
71649
68640
19218
47092
13197
66301
57158
60996
20920
76510
69899
68615
73739
6845
56421
35923
45790
57020
77241
64789
47475
4624
69205
53591
51388
77043
65999
58669
76080
64600
47219
73902
60725
48594
61940
74729
49390
60234
77460
4600
69692
13214
56182
50288
73445
68462
31843
75808
75607
49291
73175
68471
26849
17496
58735
53637
76569
13322
46978
56715
60872
77750
31695
76211
65215
75228
47154
36008
37749
68094
56309
68739
70063
71191
65771
75266
15285
67422
74684
34708
71952
9025
74099
72348
69112
6876
42785
37358
67415
44917
26428
69511
77650
72959
48961
67499
36006
35175
32978
53821
17254
76910
73137
66721
62940
72576
19262
76975
53047
9086
15280
66624
6858
69984
28234
73697
66000
66553
70271
53945
67967
74764
56807
67924
64346
49601
75404
11771
75548
45115
17202
59540
41955
58921
13220
75525
76777
76091
28688
19105
17175
44604
73757
48221
19416
33554
74670
66551
74258
60535
70895
47955
21356
76318
70710
77373
74889
77711
28258
49403
74526
76513
74216
74379
76709
11134
35304
63436
36801
57843
76521
55486
62573
74186
77357
75975
73334
73798
41461
73022
54901
76531
55932
68518
63436
57590
68701
73796
52488
76725
76185
61179
68670
77127
36098
76025
30159
34547
74065
68365
73788
42808
76985
75207
70051
50977
68592
31310
30147
64493
49662
23073
69591
75681
33574
52303
69822
76577
74051
41035
77382
74463
72781
35288
66745
48035
36868
77422
57081
33506
71823
64415
76924
77606
76303
59798
42290
64345
48325
35103
76824
11184
61368
75413
51595
21119
33654
70546
19330
77159
72666
29760
77093
60008
72500
59927
68583
71624
66106
68638
74431
57876
74820
77488
74977
57388
54098
62260
68707
67398
75721
76835
61804
75739
61798
62619
46737
74321
34412
73355
71826
69870
24694
73057
35350
64561
15219
33404
38856
49723
19246
40096
72707
63596
55138
73996
31394
61780
75863
34729
21288
69435
21354
50628
63582
66594
52959
77196
57079
26518
36384
67852
68227
23016
55463
77178
73892
31901
62837
63648
70507
72790
77083
45712
73588
75804
48004
37442
49197
52842
64878
4666
33692
77335
23100
77398
40796
76936
68633
68834
74243
69760
62042
72730
63651
32042
73358
39133
72134
6864
31643
15207
17249
77328
68559
75949
52610
77097
50596
77879
74872
76714
38884
36536
74486
45606
15415
76507
67607
66946
74090
75509
45839
28218
65821
28083
74110
76634
58099
59681
77278
19427
32908
54888
21221
43244
76327
65151
61665
74771
63095
56999
49741
76531
13354
75580
76072
56195
67105
42909
75646
75252
39134
31587
77327
11234
77568
13258
75849
70366
76947
6869
65077
55166
19237
54172
77338
77394
24714
73440
24749
73835
72820
74665
28615
74065
32785
48574
75648
70684
15341
51340
0
46593
73528
19430
28579
19257
17198
75909
71039
8950
59328
71056
76691
34529
56976
43268
4654
77168
76793
75251
29691
70925
17243
76288
57057
61363
76222
36120
77227
9023
35260
76020
76956
75559
71400
19106
9074
6841
75027
76422
4654
72839
73845
68513
49529
61053
31644
4654
76547
75169
76288
76539
37920
75311
71855
61550
75895
73531
31624
74107
76028
71584
61122
75878
17253
76885
51461
19142
0
9030
70607
75528
56435
60940
66077
48248
77067
6853
68701
75269
61548
46008
19162
46893
46994
76778
24803
66986
13271
74869
74945
65407
11171
77818
76643
75743
45827
58617
63806
13283
11162
47474
54311
46969
69892
73324
37581
74992
67204
42331
76502
6834
68547
43287
53532
77473
75289
15239
75868
76627
60080
62821
24603
23110
70406
76491
19409
73842
76000
29824
53156
21330
36098
48149
67418
75816
71985
69838
66094
75924
65192
66606
43339
59148
67428
76835
53272
65776
77319
13232
68260
31373
33011
63110
76467
63709
77483
29709
23141
77108
70869
57309
71039
61137
76902
46303
76638
73797
66583
74322
13185
72417
72011
77945
62816
72397
51469
62679
68557
50471
21344
76021
75869
31986
11164
73151
21002
68147
50325
42850
57212
56549
74703
28558
19153
60880
63754
70080
51638
49636
64742
74479
71342
33379
62872
59649
77440
74275
76852
68195
50615
76032
63414
34648
24782
66389
28276
72694
50818
50283
74055
75061
71169
45461
75067
77501
76719
26985
71358
75936
62980
62311
62257
11106
8989
58904
26481
59457
11161
49546
15467
6863
74243
56690
75100
74131
45557
44043
69030
60134
40226
31371
26708
73024
4628
71874
75582
30303
61175
76011
19056
60193
47408
70972
15240
19168
41476
77384
17227
74039
32003
36097
76234
28114
33165
36338
49431
19092
58178
72312
43820
77020
69588
77576
72013
72533
57073
61443
21019
69601
55895
9038
76589
47041
61425
54979
67488
72791
11276
57384
72670
17349
17206
17210
66375
76612
50307
60988
75548
41634
77164
77308
15184
76428
15197
33410
50460
71561
77348
67832
76458
66781
4623
68380
74530
36337
46584
28098
43921
66495
64687
33325
57114
77247
66142
71605
72164
31812
58285
57162
15277
71027
72756
43193
57420
75328
76832
64080
75395
71327
55005
55351
72771
69602
32000
67937
57997
56523
33245
34582
58099
74132
63788
76223
34468
51486
70549
61484
44759
50817
75173
73045
62954
72902
74524
77963
31381
76906
76358
41478
24604
70570
73314
34934
31749
70811
76342
17415
61714
75816
76622
41861
73452
30069
45404
66606
57342
72912
56301
13271
28051
71775
74382
74953
36553
58961
26433
67088
6853
21135
26402
76120
23139
44316
76911
71308
76114
75201
62478
53845
64290
50769
24679
63231
66442
31920
67829
54202
4621
46731
75873
4638
39441
75923
37302
74552
68878
38128
55483
75267
76792
53092
43264
68241
75556
76162
67576
42726
24601
49147
11185
74467
13339
13381
76855
74213
61984
77384
34467
67146
33655
65310
76784
45619
70116
70051
76789
51477
76853
50754
46528
52636
76883
77293
28567
22830
76847
21171
59537
26581
24669
70744
73239
71943
38280
77301
24596
76549
76390
69656
76087
77073
56111
26407
72086
64854
65297
6872
76694
61339
71974
75725
64083
71035
57497
70837
72606
24790
4640
9072
36375
24950
77209
77394
4621
76847
52499
71105
74691
19393
19070
43737
75041
74976
75181
50514
72224
13212
46492
75403
4735
45901
74858
76457
38573
47182
74189
72847
74460
15268
76464
47125
74521
77077
55579
63754
47532
77376
59444
52081
24725
70202
49205
62879
40193
56133
43256
36421
59065
6885
24672
33011
34479
17144
76913
73240
56092
34729
69385
31430
48882
52550
59444
52251
64140
75977
41848
67174
56399
64967
56343
76575
63817
72547
53318
51799
61809
64649
64513
50341
75364
65992
67318
75668
52852
32768
76064
71871
68199
60592
75598
73623
77638
21099
76937
75948
24629
45919
44302
13176
69103
54006
11166
72688
76191
45849
54403
74884
66709
63529
74221
76282
52317
54435
74236
39058
32851
17501
68699
66317
75938
75344
58094
72313
71518
63285
65549
77826
62654
60978
64920
43160
59961
11120
76907
33373
52232
66631
72125
76276
34539
39014
73330
65094
19285
45731
77223
76966
24697
73113
42826
51833
67628
69131
62384
36574
15448
74953
31877
69252
65568
58364
22901
62323
73410
77173
47656
17343
69590
72500
55495
62285
26609
77633
70259
17434
24599
9083
62204
73287
54624
38973
46628
48894
65388
69272
77381
75506
40715
13173
76724
17213
39027
29925
60324
63414
35909
75183
20918
76709
21038
65073
22873
53647
48080
68635
76061
19133
77252
42101
66982
68853
76459
74055
71621
24865
38620
77226
69950
75528
76818
53629
76268
6843
76976
74927
23211
56460
39524
45869
61534
50843
77850
58908
67934
17442
42165
74141
19410
61055
77962
66914
74863
77349
71469
42992
4664
58863
69639
26782
63866
24936
67964
76177
75076
69646
77509
13260
75463
35944
73753
77276
73197
71417
37772
58880
53586
75398
57799
57880
71843
17459
72248
58116
54265
68961
66982
56018
66632
75047
11250
49542
65295
40876
74821
25081
76483
76494
13317
45773
43264
73515
51474
48396
49009
31216
62722
11139
73517
43171
58238
41913
77462
42768
27963
53983
75280
6822
76446
62755
61900
17235
71437
6862
68885
74083
48564
76811
74637
77148
42625
75168
36430
73722
74760
22850
50549
77303
77303
52138
4632
77606
25108
69541
42229
53665
76190
21301
54602
19064
52279
74701
28458
15186
69714
76106
70506
61991
56398
70833
17333
21205
76529
62647
75355
57885
76542
70512
56992
76918
49866
32079
47200
76581
75499
45778
63485
44715
21124
65935
76829
59518
73258
74222
66381
6834
74510
74420
59231
26733
70241
37700
76328
77620
7070
76882
26744
54372
26751
75991
8992
31440
75658
76428
68694
69869
26683
64752
48393
52430
33381
70208
77239
75882
9013
37736
67356
74580
66842
54315
57171
68182
75453
52845
71349
61065
46897
57456
40502
68695
76988
39115
74906
9042
39437
70078
15179
22996
77347
76201
72741
76288
76257
77313
52091
73898
74821
74526
15163
74092
54201
64014
77102
61581
39914
76602
57253
77754
52997
26271
6821
13345
54297
4682
61734
57893
76719
75141
51631
54906
19329
38977
71410
47968
73088
36891
62315
61058
56296
17116
65439
69425
49133
68300
33204
22880
77122
75027
55855
66274
76030
71562
73510
57961
76247
15426
50314
62880
70734
54922
52328
44692
37656
72860
56993
44642
70369
76689
66804
21210
49082
33780
74892
39028
76200
58032
76994
66537
77045
72639
65588
75817
24904
67383
11244
58089
72133
17239
60514
57569
39557
11801
51837
4618
71730
11300
44397
9034
72607
74022
71993
66713
59116
53429
8952
71544
77027
75435
72977
24774
77400
52989
67891
48006
67914
19330
69137
77341
76970
40549
71295
50146
58492
77229
36195
68481
30307
24952
54280
22976
22806
56677
15203
37108
22931
71838
76415
49158
75767
75709
66171
76398
74404
68236
62585
76609
63606
76784
75352
66379
74041
76845
47006
77475
41807
72368
6898
57068
29582
40343
69988
49814
32947
17442
70049
59876
76657
72135
68048
28194
77312
54128
77361
73822
26742
39913
76001
51338
71999
66096
50304
9123
74314
59079
50332
65721
76990
73269
68606
75653
56731
13313
51678
13347
76577
76757
45788
62342
43292
58370
72146
55492
65186
72259
58697
28507
58245
47077
77174
57314
11170
74617
76821
76266
68180
71392
36678
77168
45069
73593
19351
76920
32943
29938
74088
70564
60091
73143
74298
55398
77559
24473
44462
60470
77380
76623
9421
29875
36168
17373
70027
11092
69608
41295
38941
65793
38871
72471
64930
9026
60056
69322
74619
70077
69525
51524
75703
77528
73115
54694
29631
76730
77863
73770
51460
76664
55984
77181
76783
42953
51946
51401
61041
66452
75565
73098
24656
71357
71977
46465
77328
70989
75966
73454
65568
74085
30247
74704
43434
34777
68102
6828
19437
72693
76468
33055
64878
62460
74712
8982
73927
70920
71154
42217
48461
68431
37614
7052
6857
22867
11128
77216
76669
72827
52517
74614
61156
71417
59320
6861
74074
65510
67381
70933
58590
9086
54935
59974
73637
72959
62077
72961
73361
75173
24681
62674
76159
11193
46402
77347
76524
15314
44209
73592
11140
51418
4631
77335
29805
77983
34864
70466
72121
77389
73589
77569
76370
75870
59160
73948
45854
76784
75731
71585
34829
31273
9039
26920
74644
76778
52569
63142
39453
48436
44424
74938
74362
69443
77393
52999
73633
25092
34310
4678
11150
71156
56498
74440
60168
65786
35120
75815
76619
21408
72241
44557
24668
52692
75356
15279
71055
73797
75884
67931
55192
71115
60618
68218
70016
67120
75782
61967
66101
66665
34508
20985
77207
76858
52605
58916
40370
55793
74894
70417
76305
76208
70670
63860
44661
49446
4629
47700
71083
75918
74759
9018
33613
67617
28300
77437
73659
76628
9427
72922
74914
53187
66356
6886
49638
72045
57810
63332
71659
75248
47457
24550
68818
73546
56303
76666
56702
73768
66931
76367
6867
41985
71240
50328
74570
70697
31459
75647
72100
75381
57511
75418
74720
66735
40530
24644
59182
69937
68336
75531
15175
22942
17227
70897
38840
50392
13204
74615
77761
63962
13247
69970
73305
54013
75686
64224
50847
70766
11110
49220
53399
32840
77553
48293
60522
64058
24439
76123
40694
44715
76955
76906
58199
66968
55102
4636
31564
24885
62681
31320
15348
72578
70965
42786
24974
70956
65407
67905
74798
76694
69936
75438
64310
67320
19105
71906
59191
73469
53270
73727
74705
76459
72750
22696
36452
77501
47081
76291
40104
63657
65130
51065
58782
15456
72296
37670
41200
75080
13396
6868
60738
64092
50170
77150
32908
58745
15193
75685
76016
43083
9031
74875
37896
55110
25062
67617
71551
75983
51842
67948
77371
9080
74078
60113
41519
28423
68566
70403
51559
47870
69538
63876
65502
76248
54684
62543
68868
77389
52142
71960
31322
77163
50131
68309
72288
33234
76589
47656
32835
74618
37542
69779
32010
60594
63504
48192
77523
28123
76053
19218
46119
72053
62583
72553
23211
11214
73113
75052
62979
75880
74400
22811
57056
76423
67181
56834
39163
21117
13193
70941
77562
71990
71832
70584
23112
77691
45052
77195
49438
57480
20865
62075
22843
73056
65574
62547
76601
70804
72543
67499
38004
65295
15419
59365
40516
76525
33317
28556
75057
69108
26836
35014
72044
76910
43277
76251
63644
36058
71107
76177
57499
55377
55613
4640
75351
57944
77416
53922
32913
68416
59949
74093
74333
64093
70279
66941
73500
75589
46873
11139
48369
67854
72752
76380
39481
56257
68200
76892
48064
40651
71927
28398
64322
23025
65499
71556
43263
49864
71965
76102
77159
19418
65525
56386
75932
19325
28400
46795
47697
75087
47134
67203
60402
61632
60336
11142
59915
9020
45784
46301
64248
72910
9038
29949
66688
69192
75493
54718
57078
55523
77102
70948
35226
66992
50033
72732
75265
73068
17304
51230
76763
56663
66407
50417
22829
40673
48180
72021
69766
69657
21026
40000
6834
72776
30442
67531
73525
31270
73189
60505
73158
29835
46933
61105
66901
46573
49693
75007
30055
77088
66408
52870
77572
40404
59553
75010
75609
9062
4612
72670
76914
48116
13352
32741
55175
77062
77141
70557
77269
35898
34484
74733
64889
31924
73430
75964
38900
72188
64940
66091
59230
38578
76309
77523
56189
20992
54867
55807
57022
52795
72499
74146
75376
77551
76123
9015
15380
75425
43140
40291
19341
74363
76306
75974
63073
30208
15355
75158
65722
31386
4631
39202
75479
72734
75701
59663
35876
76983
51313
77370
43141
6919
50954
71882
67563
74239
17450
77539
76636
74638
47257
67448
70228
41823
77160
45522
30247
66363
37842
71430
77759
38118
77446
36130
49216
69264
35154
77767
60757
77198
44442
40987
56303
71936
74834
77021
49811
76723
63861
30051
71340
63902
74366
64750
64625
77051
64985
61353
36670
59604
67065
15224
71174
45391
77226
67386
61953
44108
71536
72936
57151
68118
77288
57123
69773
64927
54916
73404
77585
52577
4633
77257
67941
38840
69631
9018
76550
62580
43801
51907
38389
36080
39434
52134
76583
73009
70569
77313
64382
72308
65470
33014
72891
69305
54851
71439
61217
76964
63341
75680
65206
66349
64084
19168
32935
71792
75263
75087
49519
17149
37701
76505
77448
31180
39222
29854
74783
23090
57782
72529
60464
21095
66368
76488
67281
77251
74654
23032
76515
11183
65783
17318
72224
22852
33175
65362
71421
73661
51698
65060
71920
76250
21083
73917
76381
24567
74981
65393
74448
34450
24749
17269
44222
47005
42847
61733
75381
57931
53152
11147
74851
63750
52615
71504
76986
63577
4740
34294
77021
75934
21431
41826
58206
37489
67502
41995
50262
75229
70155
77260
76441
74822
40321
19254
15254
28101
9030
69792
70728
11120
31663
53146
69827
43556
34594
69703
77609
55095
51903
33365
77161
50292
69001
66782
52218
42106
51895
75448
74102
9115
76709
36397
77636
13306
74433
26497
63549
69444
51483
76966
72030
41750
62186
76210
73441
46221
62137
73985
17330
49807
6858
68755
49505
61669
28065
69645
46777
73566
77173
77763
50875
37423
76428
76923
8997
77257
75398
65815
56208
55672
75246
68452
37837
40643
63117
11062
63651
37570
73601
71299
65112
43423
72937
67255
68683
66427
6890
76282
75850
42840
0
59139
23266
60452
76370
9110
64606
76461
69992
66974
46098
72296
70470
57326
13165
26823
66412
44554
40325
68649
42019
44654
20982
23142
73597
76551
24922
75153
74918
73075
36601
70277
15252
71009
32976
41480
77423
51011
76812
66744
43740
73148
74328
45586
48082
64486
77814
23188
76183
72211
67536
55329
77436
36575
11237
77995
60800
64804
28383
63020
9038
65819
69634
76195
70294
74964
74004
40697
44764
73912
68459
48378
45441
77411
28131
9098
58340
23025
66739
66134
75036
52699
74023
74546
44169
52818
51920
28573
57597
77507
70042
71323
15405
65848
77138
67490
41472
55303
35180
42230
67784
77344
57790
43582
23015
44108
28158
68939
50503
52691
70344
67689
44713
37659
47990
56448
42451
19192
62165
52487
57225
64625
13200
77207
57913
75528
64379
76481
66195
77182
70834
60891
13175
44041
36324
66122
50803
77489
41561
55517
33233
76993
63217
47279
65992
50557
65660
41620
39064
27874
66027
59407
56820
72427
72534
4644
68170
66969
75833
45687
62724
68984
60573
13230
39273
73764
48835
69569
77383
47914
54128
72856
46893
38521
19485
76205
17462
53880
74680
9053
77648
70848
74052
74978
67310
19226
11175
11764
38719
75937
33321
76938
51159
56446
41951
70484
11289
46849
50791
68037
71574
61795
70582
73018
70674
73807
17249
26589
72885
43073
68342
24722
6881
43310
73398
76018
70701
44330
76150
70354
49477
60947
71372
47872
66012
74571
70595
75866
65058
57908
64966
29946
62114
60255
29829
74865
68633
75598
52923
40813
70496
72696
75783
74319
69635
72785
69691
64329
11081
40412
73308
44636
77905
71526
38313
76872
13187
68614
76654
50858
55340
31577
13211
77121
66372
75010
72414
52228
20987
62248
76120
58784
61003
70431
71671
13248
71271
36136
44911
75586
39246
63255
76186
57815
37542
6925
74824
61381
6882
73266
4635
69175
33269
75815
76993
57880
53350
45293
28163
33367
73992
58404
75109
64299
40328
77203
66310
64898
75656
64322
67538
36204
55697
49559
76433
74975
71562
31778
77270
75649
28138
15218
73926
15306
26735
54237
50294
72348
4647
61859
54517
40531
28074
74419
6899
37917
60509
73644
54418
56128
70716
69623
4628
74329
73708
71932
73851
38896
59636
51834
77911
42209
59069
75719
55968
28102
51438
75131
72626
21182
76700
45739
74088
67424
77411
74046
75618
74848
43211
76700
55060
73031
51314
34608
52286
73890
60235
55276
62116
54760
56837
75410
61150
70178
13158
50545
76973
70521
30204
15202
63883
65180
76629
31415
70519
76464
45713
50272
41967
76810
73717
57164
19467
28487
71045
75860
67158
66361
6827
57224
44333
75053
48030
48173
13215
63901
24992
62968
73825
62646
76657
20884
77046
67464
68960
40409
71241
76261
25129
71918
56045
66981
34889
40710
60882
58701
21132
75091
39414
65009
37280
74686
31266
77190
75116
71603
63243
76557
70969
49095
61001
26829
74590
70144
55237
19178
72792
44231
15404
53291
59512
76047
69342
75250
71065
63444
31357
68573
77122
30000
72724
71754
71584
24730
71851
42072
35283
77080
68626
77666
13350
73551
76412
76050
13172
73776
76074
33688
68418
41838
11202
48183
77184
76846
74536
17199
54413
29831
68664
61194
76938
73746
21260
71136
71489
21251
60691
9090
34861
9043
66811
73014
26399
72854
68172
50815
23101
76598
75566
15305
43173
77114
49679
76961
50706
64885
48609
74026
77052
75820
74397
36038
39107
76215
71225
26415
9070
66011
34836
69699
59801
57347
77221
71651
74587
74168
68156
65429
52053
60345
44266
23271
31991
75871
77163
41539
57984
75731
67365
58088
60587
38934
40278
68445
71548
68938
65422
76964
76036
72530
59116
73395
63593
53386
70827
50727
14108
70149
69347
63118
74428
26812
21390
26339
48604
64513
74968
74666
77336
76495
28346
68003
75789
77737
75913
67410
77788
69825
6866
73821
58976
46821
65981
59021
70247
66154
45373
63177
69637
62065
75332
11123
44190
31420
67736
76874
69379
13390
6878
13203
62007
53642
77352
58260
74256
71707
34968
60953
68449
31821
53267
72777
68791
55782
31837
73117
66682
70318
77337
76815
62886
9063
54325
43017
70590
49064
76353
26435
50584
77729
55244
73573
45064
70453
75155
74335
77150
74555
62532
58881
57102
76706
70075
49110
34948
40843
58783
56048
34503
53831
73201
28032
72536
28235
60791
47735
11151
41759
73654
75961
38508
21089
11215
65698
19126
73237
67959
75865
9285
53811
77086
75527
28596
9135
48258
51469
70036
76345
76471
53522
67561
77135
68804
15281
72490
76778
53775
51624
76364
76394
77568
73464
77227
72591
62194
72366
65220
13383
31430
66325
74661
31992
44681
46262
23255
77257
75849
71082
77202
75205
65853
70951
26533
44632
77476
19147
41381
71892
75264
50638
70425
50154
11281
34449
70832
26384
62235
74350
76716
61599
76722
13388
73599
61450
58843
69589
37792
73532
15230
67513
75962
13309
4648
50298
76181
57045
25031
62356
74443
76232
74072
73276
76006
65567
70342
22817
64763
26576
65905
33635
65434
75621
58634
17195
67038
70772
46800
74295
56196
55588
45827
75927
40877
76426
35967
42190
75606
56217
58966
75741
71590
35367
73479
54480
71901
77096
72896
72598
19149
73736
63342
26156
62985
75710
71276
77122
4639
38825
74399
77189
44528
66077
34926
50591
76420
76841
11227
36254
64111
76600
74719
48397
70350
76875
6864
69306
71683
4640
38636
68911
76609
76948
53995
43545
46207
71414
76708
68225
63523
74757
64206
11158
76682
74135
4654
9066
69776
76283
13382
55079
21346
31292
77570
45881
73056
37729
76652
76970
75107
17278
13148
19375
26384
73799
74945
73561
77500
52658
4607
59522
58851
59779
40758
4648
13330
19181
56457
33129
76716
35791
77401
57379
64605
9259
21279
23028
71558
4630
74131
58709
54647
4596
76412
60573
51806
28660
37357
65331
36222
73584
22971
53791
75065
58133
63843
74080
9076
47013
65062
53379
52656
67566
6830
24879
75419
25084
61543
33297
76774
75012
55644
68837
29847
75899
26312
67349
50289
73448
77800
28406
46757
76922
65702
76431
73291
48202
72919
62118
65540
