0
34986
44223
0
0
0
0
0
41354
46984
46354
45853
32156
0
0
27620
44574
0
46379
0
0
0
0
0
0
43258
45714
38899
0
0
47114
43363
0
37853
0
0
42213
41536
43265
35317
44202
0
0
36315
46524
22362
16192
46147
0
0
41830
0
0
40141
0
43302
45919
9296
0
46323
44606
45599
0
0
22281
47031
0
0
27670
32181
0
0
0
0
46757
9247
43178
0
35250
22372
27730
0
0
0
45580
46472
36346
0
0
0
32268
0
0
47129
46040
37868
45221
0
36491
0
0
44218
0
43631
0
0
0
47033
0
35713
26468
46678
45929
39032
0
0
43253
0
38938
0
47065
0
35518
46116
0
44795
32558
16185
0
0
39165
46916
16163
46896
0
0
0
36687
27826
47023
37898
35911
17932
0
0
0
0
46715
44530
45928
44075
0
0
41350
38794
0
37631
0
35888
0
0
27666
9297
0
0
27632
40414
36257
0
43498
42813
0
43448
0
42801
0
44638
0
37784
36237
46721
44291
0
43907
36459
46303
0
36604
46852
0
0
35425
44585
0
43747
0
45754
46721
38920
0
0
41857
41456
0
38748
40003
0
0
0
46412
36356
0
45017
46980
0
0
0
36455
41265
35302
37685
35297
42263
45523
0
40276
46850
35133
35852
37968
44273
0
46637
12
0
39023
35852
0
0
0
43500
0
46940
0
45701
0
0
46216
0
16049
0
46480
0
0
0
39066
0
45009
45242
0
0
46345
0
41286
0
0
44932
0
47196
0
0
46172
0
42267
0
0
38803
40093
0
46351
42116
0
43293
0
0
0
35210
46138
0
32120
44074
16221
39102
43198
32136
27666
0
44499
41602
45390
46523
0
46998
9267
27793
41386
46634
45021
42441
39190
0
0
39757
0
0
47033
0
22386
38758
0
47080
0
0
22386
0
0
0
0
43179
0
41587
0
45711
22600
0
0
45602
46588
0
42228
0
42465
0
0
41481
45977
39839
41304
0
0
46572
36251
40337
0
45181
43085
0
0
2
0
27922
0
46551
45384
46698
45946
46632
44691
0
39216
36650
0
46434
32089
44804
0
0
32471
45129
47170
0
43968
0
37605
0
0
47346
0
0
0
0
0
40993
41369
46450
41359
36483
0
46128
0
0
45828
46528
0
47110
32258
0
0
16087
0
0
0
0
0
41292
42116
46295
35081
52
0
0
0
0
0
44837
0
38983
0
0
0
43940
44901
0
46632
0
0
38946
41315
0
39057
46778
44989
46793
0
0
16079
46662
35910
0
46240
16173
0
0
38930
46361
46642
0
42473
40277
27796
16046
0
0
46148
0
0
0
45411
16205
0
45568
39097
0
0
0
0
17888
36262
0
0
0
0
0
39928
0
0
39084
27655
35992
0
0
0
47401
43295
40182
45125
35807
0
17899
0
32445
16067
42139
0
35090
0
46942
0
46720
43507
35330
45149
45014
0
40412
0
43233
41105
0
0
37947
35922
44186
0
43371
0
0
43219
22288
0
0
46439
0
41115
41061
22393
0
35225
0
0
27639
38946
46961
0
0
46432
0
0
41217
0
0
46914
41983
22442
0
0
0
41236
22353
37746
0
44730
0
32145
44049
46696
46816
0
44975
42368
42371
38919
41320
45415
0
9283
38793
43507
0
0
36451
0
42328
0
45779
0
0
17849
15993
37866
0
16123
0
42189
46734
32322
47039
0
37724
38927
0
36105
0
0
38739
47126
43209
0
35035
45439
43746
0
46561
0
0
36038
0
0
47220
0
0
45727
0
0
42267
36586
0
39364
0
40114
44610
22444
0
46657
43292
46945
47221
0
0
0
41311
36529
45892
0
0
22367
45092
32374
35921
0
0
46628
47056
39899
41201
32203
44344
22330
41379
0
45913
38676
0
32286
40270
35863
0
0
44122
39086
41306
40403
32145
0
16178
0
27831
16246
43180
0
0
0
9293
0
44832
39256
0
0
0
22446
0
46595
35903
46382
44758
0
42274
0
37946
46336
0
43083
0
39365
0
0
0
44644
0
0
0
42318
0
44547
39759
40509
43251
45724
38934
0
67
0
0
0
0
46718
27956
37486
40101
0
43310
0
27732
39011
0
0
0
27760
45663
46408
39217
0
38934
0
44724
0
46403
0
28003
46295
43259
0
0
27656
47029
47087
0
0
45681
22351
0
43328
0
9361
0
0
46707
35498
39489
44455
0
0
0
46151
113
39457
0
0
46601
0
0
0
16298
44822
40977
0
22581
38571
0
9267
41571
0
22325
0
22293
0
46646
36562
46668
37807
36018
46580
0
45412
36123
0
0
46071
0
0
39084
32137
43777
27786
46785
36486
40110
0
27732
0
0
0
41497
0
0
0
0
0
0
0
46141
0
35219
0
35158
36441
0
41566
35198
0
0
0
0
42360
27700
0
16283
45576
0
35503
0
0
0
45731
0
37456
0
46282
37996
0
0
0
43407
45856
0
