9051
2742
3640
5756
11229
1721
11359
1185
8722
1217
318
2551
1334
156
110
9356
8988
225
7433
239
11193
0
2053
9119
760
230
502
5005
2204
10244
127
402
304
3317
10940
105
677
3013
669
8991
1211
10977
1187
797
4963
10536
7476
5169
228
11102
11155
1674
338
435
1477
1034
10735
145
278
3575
6884
111
1862
8703
228
167
367
235
425
4382
174
3511
944
3156
6843
11019
10883
6923
5177
2841
5454
9327
8673
11488
8991
3266
8109
397
4465
310
11039
2162
10440
725
4538
421
1042
401
10862
1119
2308
8963
508
7076
7942
7003
6580
549
1255
8796
6012
265
9694
210
6171
11284
11026
5524
776
9567
266
2398
7789
4536
6995
211
699
372
1080
11095
419
1546
3289
9242
6630
1325
715
5332
567
620
3107
775
6988
622
437
363
473
122
4629
10973
11259
10946
11381
9567
11380
11070
129
11138
7087
11120
300
9239
10988
10878
2595
3548
303
8362
3631
8854
879
4200
3112
10118
323
146
465
119
10187
366
1098
3946
811
7024
10981
218
4196
11403
4848
6920
1191
6217
2365
273
11031
81
7500
2433
131
10035
5516
370
1938
121
2719
4316
497
9391
9712
2604
4225
2188
130
737
519
586
8429
114
3554
2911
650
6931
1629
297
10973
799
513
1765
4658
120
115
154
11204
111
11102
9708
2551
3266
1060
5319
1243
230
5436
11104
6930
1795
5122
10766
713
841
7811
455
158
13905
10755
8054
10877
8011
8072
510
7966
419
10013
1149
421
138
9085
91
227
3773
448
3043
1963
170
321
7613
504
7613
309
1320
467
1049
201
1036
10808
781
10343
894
10374
969
2036
9310
1901
6843
1661
131
1046
5804
6267
1067
804
8229
10338
330
2050
2804
482
798
11060
8876
339
1966
10754
10971
8348
655
1054
136
10630
164
96
8338
3700
6672
147
3843
824
1139
2370
6764
144
576
10316
397
4185
4979
9933
1652
4995
4564
2646
228
1812
8954
11302
2080
10363
7632
260
242
665
7266
7111
184
228
11271
5190
1297
1357
10298
9933
1724
902
3309
10032
3117
5698
267
105
1585
8130
100
11158
2533
861
363
5790
309
302
1946
8042
9217
9542
1186
9156
1381
2559
11481
2075
413
1356
1634
7715
8587
1407
719
483
5985
645
315
176
11075
414
696
9635
114
639
2767
309
1165
9032
218
1546
13933
99
581
580
4961
11307
10669
4711
7491
2604
319
2784
450
4179
8492
2590
414
829
1029
1348
11183
6314
11302
9651
444
586
395
10766
170
1028
11102
4162
124
10806
513
507
8073
1440
153
2993
10487
162
2044
966
10700
742
4008
6224
322
2442
450
872
5516
170
440
10716
569
8113
7094
8551
917
9601
224
5980
10835
384
164
1762
492
3901
8226
8918
2245
9208
8631
167
11303
2402
929
1836
11278
10250
162
2976
1538
883
96
11287
261
214
8076
3889
1182
5847
4237
1895
514
164
2481
287
9708
401
1752
4128
312
138
10684
617
5664
8209
1528
1108
118
1008
3926
2055
477
290
7036
5271
10227
10231
11120
253
499
9665
838
4091
473
4213
10227
1039
1196
1036
3753
98
9129
2371
4148
1484
4954
3590
9113
462
2049
9644
967
941
5191
8608
5981
261
330
5884
2481
1792
11058
715
187
2148
3640
411
696
1529
10069
11232
2838
394
3213
971
135
691
4179
502
1901
11218
607
1366
926
2961
2730
617
10856
9091
95
6126
441
6032
1029
6140
9623
3171
4190
166
2714
10757
8955
1061
145
1525
1021
189
114
8346
164
943
286
273
10147
10559
10116
354
389
1618
120
10487
102
2189
11554
1148
6282
5290
268
503
117
8407
11082
10556
6117
4948
7811
10563
5713
389
106
96
424
399
9025
1402
131
255
11204
5030
187
1305
500
438
5463
2276
10835
8694
1455
863
1059
115
1131
5035
16220
7645
442
433
7110
967
6991
145
6991
6363
318
305
2206
3308
1195
490
7638
11021
4191
227
6650
1655
4005
2610
1818
8322
1624
4174
2993
11249
1655
6108
2625
11056
7156
4203
187
404
1978
135
1457
161
10973
1836
9314
177
3577
625
119
10073
109
553
89
1093
10415
11031
11117
3485
6981
167
3440
5667
8694
467
811
1734
4004
2897
11141
249
233
2655
300
7038
102
4804
986
166
174
1419
11076
669
11071
9731
9029
763
9629
2280
7184
8045
538
1808
8999
1023
4540
9882
1850
125
6546
841
5739
9144
471
10856
9567
514
163
1214
11029
11162
4862
8261
3997
1517
1424
864
471
10169
6234
528
9834
270
4465
167
10904
4140
120
1281
10878
9417
508
9178
1008
143
104
5566
3043
2912
3903
202
926
10002
1049
1930
309
124
1270
403
119
323
9933
5479
8952
1966
941
100
3096
781
7940
7809
870
1357
4600
0
1576
7599
109
159
106
2811
232
1994
1933
3037
490
10971
1709
5459
996
198
199
4576
281
165
1121
524
5556
131
303
9094
95
4026
3745
5049
8429
11458
5692
3016
111
2788
8436
553
482
9668
2180
11015
9708
159
136
450
1242
210
7172
3311
227
679
5713
110
6969
6786
99
2142
4387
1625
225
390
2465
10888
8119
1610
4167
121
256
7903
9750
1028
9032
3687
413
11116
2189
10930
9808
298
2125
10280
207
6584
8593
172
10946
9599
9925
6293
243
668
10732
1710
8008
10564
304
4116
9297
4997
163
5495
899
2441
1029
260
2929
135
10344
733
573
10957
443
96
184
5586
354
849
267
9658
395
1403
11029
3709
264
1203
3680
1931
10797
1080
183
424
11001
130
269
9705
7433
817
9032
2814
5825
9635
11063
1263
1136
2895
1429
9902
7904
2567
105
8350
10440
6378
157
9902
5675
1247
3107
4858
4179
88
4480
107
205
570
6929
269
450
4016
593
11584
8934
5486
186
6267
127
2270
3202
792
6911
2944
192
895
978
1908
1713
4989
2468
5438
9064
4999
11312
412
6965
7018
173
934
7465
6529
611
9986
10533
643
156
3911
1692
121
7275
10656
9153
514
5735
11162
9378
287
3420
482
1548
1640
7104
242
7059
464
11006
4991
7855
793
10620
9919
10069
9888
898
7236
7313
2687
3494
3317
978
3817
176
231
1738
8952
7091
4388
1322
9643
4716
10187
8923
634
4178
239
753
448
8999
5567
5572
705
9313
128
178
2910
918
10912
9979
7110
518
1523
287
350
310
676
11460
314
250
840
10759
168
4828
877
469
1538
173
3110
4990
184
6993
2342
583
2772
10640
8046
1458
4422
930
8961
563
2365
10902
8598
153
6782
1692
2252
167
6653
8481
484
1187
1052
599
4918
86
804
895
10333
3453
4196
2154
319
3768
2420
5673
4451
448
7057
206
523
1821
478
289
9271
819
2168
189
2038
3068
8338
105
439
1195
11255
5695
628
10786
5219
4950
1455
11321
286
2524
488
1818
1903
4196
328
8436
8555
182
10858
149
8403
1776
6057
9869
3975
184
11039
969
2887
9271
224
8494
5902
8723
11082
11102
5649
11276
7492
235
4103
10162
1488
11106
1625
538
10929
4012
236
11109
2736
8857
0
189
279
10961
624
3547
8935
9030
6094
1180
973
9210
2043
1250
2235
10264
10771
9658
236
2950
127
1779
483
211
11104
1357
95
7356
8829
673
5083
102
0
8918
10363
399
579
1471
8681
610
1134
7562
5667
541
377
11019
2273
9189
599
102
388
3225
9637
8127
6341
481
2050
9158
261
1498
276
815
2259
7603
7867
657
11015
462
5769
6631
2221
6484
972
5140
8918
5735
11159
5723
10052
3920
2189
3664
0
111
4214
804
191
159
5663
8542
4345
9995
5765
540
2982
840
8952
6965
9025
490
96
5729
10808
289
400
10890
10580
194
505
1114
1740
6841
5649
2984
4091
11148
8918
2124
9782
10792
3009
673
8560
7030
1158
1149
7036
1251
10698
7030
11002
11318
1302
11402
951
2012
331
4052
2446
377
2575
3107
6983
599
6269
10049
8038
482
4574
1850
2901
336
2798
3191
321
214
10735
106
1241
178
4329
4013
808
227
130
2548
2609
343
395
7007
1119
9177
11314
9919
11151
9542
5724
909
282
6920
4569
10888
4197
1325
8272
276
198
9387
9014
5483
8854
10402
365
4580
3453
1479
1194
385
153
227
2230
8138
10292
177
897
8591
440
6415
99
2875
4116
8672
10309
234
436
8403
158
7405
4953
3490
6342
611
7657
11301
6967
10115
11243
9787
1475
2714
9613
8554
1158
1608
911
10765
10852
8285
94
10633
4004
1853
482
567
10278
4394
111
8074
388
10962
5020
8426
5697
5078
438
2080
1322
1714
1008
304
559
2810
8123
332
3927
8519
161
1978
10981
3940
5683
8694
3634
167
2235
10761
446
5721
5723
8418
1204
1223
82
765
667
4472
286
348
10613
531
1145
300
8350
723
3579
11239
505
200
8348
215
7974
10226
9561
2775
86
6683
474
1566
885
796
0
8948
156
10853
8163
2826
2744
9488
290
686
10858
250
3573
9537
4144
978
3922
4760
6584
599
720
430
10931
1947
8937
3131
8172
7462
1417
195
8127
1441
2468
4826
870
1038
8270
199
7903
9110
1334
364
146
262
286
7405
1442
826
106
476
205
1367
206
1821
8818
4172
7632
469
149
5729
842
614
8992
5669
11071
748
184
1796
443
338
3532
11403
764
10003
130
1883
2727
9655
651
497
465
103
10876
11326
1207
3347
422
7731
8837
9508
4899
310
10502
9561
497
10261
5820
840
377
517
8983
2545
867
9801
3037
10383
364
6104
5218
298
4600
3897
11229
2154
261
5358
6994
432
11315
167
10587
7121
331
314
2771
8482
3822
293
10754
1918
10761
8176
11184
279
105
6706
80
10280
10580
8723
7562
5550
790
2854
826
3658
332
9755
522
11015
10785
433
8524
5698
237
2187
231
10732
6886
5253
2958
11641
5664
3002
5410
4669
6533
4832
7000
7143
3511
7446
5603
853
210
5759
370
3209
1156
884
156
380
90
4671
3840
2395
211
4785
11307
8970
5799
7406
10448
2176
1224
1491
441
6941
9629
379
123
7666
339
2258
2280
302
9159
610
348
547
185
549
1834
4443
616
636
2420
8045
5468
4214
2404
9621
10298
6830
154
153
347
419
6740
265
145
2072
8241
201
360
11000
8723
4026
3092
557
281
2514
301
4256
10032
2443
3962
5702
288
4060
75
11307
5591
886
9799
390
1396
8625
1655
5289
124
8570
4695
7152
4211
9442
4898
10965
223
7188
1677
1270
95
3436
388
9957
2316
9863
594
838
447
2663
308
7000
8942
978
7372
11078
5185
218
1159
7655
10377
463
3174
11216
177
862
100
288
4430
10432
6024
208
10889
8001
125
3084
92
99
10570
4273
10648
1813
10850
1681
229
7351
11749
165
10946
1576
690
177
1783
153
1236
5262
905
10647
8365
9933
248
362
8703
4063
385
6034
489
536
10147
2628
389
2752
3153
11147
9644
1621
144
5001
725
449
1622
2739
1361
2569
583
910
6981
10637
184
1181
301
11204
10271
166
7610
130
8192
8192
2072
368
253
200
3778
10931
5571
4700
2400
4207
1121
0
1930
9242
235
2811
261
2669
10821
11165
392
9604
780
9638
5747
323
1747
3849
1286
132
0
266
10159
265
895
1297
235
6043
1726
292
279
2898
436
657
5739
94
528
1468
10742
946
4195
10550
4953
4126
665
200
10414
566
4161
288
2047
3885
10399
138
2452
11089
314
588
10876
276
10294
4827
11749
340
1136
1574
10931
796
5767
793
2287
9708
944
2635
616
9553
190
1471
10749
5322
181
10834
272
110
10108
6415
285
4060
3269
947
9689
146
185
2237
9829
614
2606
1031
96
522
246
1524
792
502
4238
583
792
2306
1090
3267
10261
476
11131
518
5567
7313
363
449
1542
2890
10121
278
145
3397
11436
2852
5240
1990
1433
7344
664
1243
502
176
412
18339
2624
535
10868
112
149
257
287
3674
3164
1226
9614
8507
6111
5685
686
9564
8074
2192
422
732
9015
8551
10234
8418
7592
4612
556
7504
956
5586
1988
184
9095
104
3237
1022
463
10364
1525
2125
1251
4385
1644
9113
4219
115
1698
11067
784
1094
3401
211
9709
130
9558
4788
4064
3753
146
3013
1243
5748
3029
445
6891
175
5637
2751
4171
9927
4572
2342
10342
9561
2445
620
1061
5607
622
1766
7278
3042
9963
7921
1196
1516
3050
461
3720
2814
2811
1543
10859
1431
4183
428
3391
1638
6786
10133
4749
7070
8414
1884
9720
4538
5504
280
1542
2663
1479
156
1019
114
1546
8796
9989
264
6333
9667
1185
13914
258
11162
4535
5555
6567
2533
1355
203
3498
1052
7940
121
3640
5440
9102
10690
795
4153
4005
1547
5274
11063
172
911
11349
147
10547
2635
10491
6633
3843
4352
8112
9095
8304
130
717
2771
2289
3742
10115
5678
186
2300
10853
10898
1136
111
4692
1122
97
1970
2611
1149
8845
425
2081
861
6634
7847
4044
553
10570
120
10976
5756
119
95
2189
950
1965
1284
6109
10718
10618
397
737
9432
10476
10354
11497
10986
689
1494
11164
360
2192
407
975
10747
2893
233
2522
2521
388
430
875
504
5629
5177
5696
10858
8054
3152
4267
11302
8429
248
6104
3870
10368
250
765
7662
2604
4162
1718
4116
1802
5847
277
6683
2187
514
10691
201
8787
10464
8136
9095
480
1122
5821
10850
130
2875
8524
7004
7918
117
496
2979
10414
9373
1108
969
364
2373
2022
5837
4124
2956
3082
8241
202
840
340
10746
480
11057
112
1387
11245
9939
4878
402
7038
4099
1677
4293
3375
2162
8981
654
356
105
380
452
10607
10996
333
375
1752
1126
1304
8966
588
174
515
1501
1598
842
5628
685
840
4833
4483
9666
892
123
787
553
262
538
2367
9765
273
298
3889
4036
99
201
436
3277
1941
248
7192
5057
98
10026
369
2425
9144
165
7159
8331
6972
3039
4311
11283
4987
817
175
6923
8942
10428
100
3556
555
4858
5637
423
11054
857
3891
248
3922
8180
6923
174
4241
9601
5714
604
4230
2224
6303
989
10513
407
10483
374
9441
5053
1377
11174
11420
10587
7194
126
207
163
4703
3712
934
10960
11038
3877
3658
83
205
6867
844
541
1132
136
10279
8305
730
946
464
2547
191
399
9877
1065
1021
201
1319
1455
1923
861
2102
524
2105
2626
1934
298
4321
1127
4418
8022
477
485
7632
328
292
8303
3263
543
4199
4238
541
2710
1425
1918
1197
543
423
1377
10465
212
287
80
11130
5204
7985
11365
978
3678
8338
10098
2714
2205
1316
5256
1568
13905
278
377
117
247
1094
9590
634
9705
597
450
346
2445
8233
9956
10627
409
6260
10002
3142
9762
184
6140
6134
4934
1244
400
1681
3591
5669
3270
656
10868
8583
6650
10960
10814
6629
1029
775
100
588
573
10098
4392
765
360
967
1012
146
598
153
10908
344
1121
5208
2941
6515
3793
9707
425
10353
1714
7680
435
7020
9783
6774
337
6234
981
8959
138
5106
7213
100
10821
482
559
652
1315
7088
9525
756
3079
330
2993
190
9711
1476
402
9050
289
330
11214
333
111
385
716
4694
665
7033
5250
239
1443
200
161
176
2929
11170
2705
166
13905
6356
5745
2611
10399
296
110
6595
1633
10815
154
10325
2638
9068
1080
3709
481
309
1412
498
9567
212
192
1879
366
8756
318
2709
8623
6216
638
163
10868
2451
9412
10180
597
5655
9561
7571
4168
2331
184
1060
6711
10931
11271
781
6341
2852
11055
257
7390
13914
3282
1083
1699
676
5220
10277
1727
586
387
1263
133
1215
5773
6303
546
5777
10722
181
1591
9621
5289
4428
2477
2513
2641
9762
263
638
9515
11190
2481
340
583
9050
5785
9352
801
1920
6267
3868
2503
1395
18339
541
3444
9116
204
4845
7979
9952
207
11043
180
8872
259
9665
162
8046
4596
8845
111
8835
5348
162
6383
2240
1367
1297
108
277
237
6700
886
5180
1028
6227
18339
256
7110
4227
748
7450
5667
11190
826
280
7189
5330
2828
8301
2811
360
2323
3787
344
201
1083
4099
8948
1068
725
8403
5537
302
5702
291
5508
5275
4213
10513
9684
2755
1253
9095
8685
2481
1311
6150
281
2469
1630
6396
1179
3845
3871
203
502
10393
806
4481
1978
3548
4538
2935
10880
4646
2993
421
6558
236
165
4418
9096
2015
293
2744
1655
237
131
4191
4301
770
2382
10647
4936
577
8956
687
8560
909
6991
8255
1732
7249
7066
3671
3522
9665
571
11216
10551
989
2224
11315
607
331
451
266
1491
10094
9358
620
7665
344
227
3091
9532
2090
1462
996
3490
8818
1094
13933
6366
907
656
11139
107
8583
625
1509
7199
137
9177
10395
124
7039
5939
11026
522
5459
4219
3716
1623
10069
9665
632
6050
10246
595
4599
5001
2224
10809
3013
8856
4161
9974
10705
607
10394
2275
18343
1060
732
436
2441
3279
2667
764
10342
10998
8277
509
916
9508
135
2248
5607
324
7793
245
10931
1425
283
5050
8397
7152
1183
3960
5177
333
165
750
10618
11477
124
2204
8367
2766
1304
1165
1241
6269
10187
4028
4442
7789
9648
234
111
187
7048
750
792
2300
2178
356
10788
248
4430
10785
6778
132
9291
7194
2327
1511
176
204
7091
398
2146
11038
7279
235
420
324
6981
5697
535
4152
421
1544
2080
2811
4074
6584
7886
1737
2032
9933
4606
3435
5459
6422
2098
8061
3788
298
10757
9658
476
5751
8186
9599
5173
319
10116
289
260
11284
6323
9567
353
494
634
555
228
2577
8270
11193
11086
2277
1938
2368
405
2290
10380
228
739
1355
4156
653
206
193
2056
4669
697
9165
5046
7505
2252
4327
7106
508
5078
248
1302
2420
449
10688
8723
5448
2454
630
872
302
1308
11035
3631
10878
300
481
1623
177
144
9338
1585
9707
96
565
8270
1108
443
1907
9040
249
982
18339
5762
363
2481
339
256
7199
317
10551
3520
9764
11229
5057
81
11306
479
530
9914
774
81
11009
8723
10004
5452
2036
544
10389
1855
100
10778
10464
8397
3779
1855
10989
1644
507
133
10845
967
1947
655
9778
10908
957
340
530
332
440
985
231
230
3153
5219
243
5586
1320
1083
400
11184
905
10815
1648
100
1339
5723
2095
10242
5601
4116
7621
526
430
1518
3150
389
11005
188
310
2736
526
10029
1739
10930
1783
232
917
1621
351
5053
2633
9068
9130
7985
1426
944
0
9665
6001
4845
2189
6401
10055
404
11029
139
9926
10509
110
790
172
289
5259
8955
172
245
9891
2875
6697
2644
3352
163
4209
774
7330
249
530
1263
725
11051
153
307
10633
673
4156
4538
10325
3475
11229
154
2880
2048
132
818
1903
7152
11400
6423
7313
4950
96
8555
1297
1938
1301
4085
1818
664
9442
3903
7089
513
2033
7473
636
3589
5196
219
3016
5728
181
5220
8097
9085
8344
121
8407
4535
514
10269
10036
3112
383
10556
1419
191
2331
9570
914
790
1297
652
4455
190
6991
300
5115
750
136
478
505
551
713
10929
3150
5209
7874
3661
319
5628
1280
3021
10448
156
986
11383
3420
435
1849
2612
463
11157
793
1978
3849
10098
2119
241
567
2979
8076
11049
7446
10315
9686
0
975
185
5902
341
5539
1643
8191
1108
2932
10320
950
926
10561
7426
763
430
707
6036
790
10205
800
70
7542
135
4253
4277
1705
663
1802
3552
103
224
5410
9755
2709
160
1262
279
647
5539
2906
7780
3149
8158
815
3512
8397
986
1260
98
316
11019
7784
9048
1060
10829
570
833
1767
2775
94
1333
3619
11404
1254
2627
401
2331
4866
102
351
1567
604
7307
10459
1926
490
453
4060
3339
1970
823
9687
3100
8963
10632
2421
1489
282
1568
973
10880
10786
1156
9008
3794
11158
4292
3712
418
295
6991
4514
3408
616
511
2327
479
671
11160
9291
4235
211
7614
9187
3317
11036
242
2792
3373
10736
482
6282
2421
521
281
317
1624
1714
10815
6558
4999
11276
80
295
9904
159
314
373
1941
3153
2721
3575
692
6513
10146
253
9042
148
449
2876
10761
2635
163
749
5322
8701
910
377
4725
899
2382
215
1431
2595
387
9799
775
3144
3336
9832
1566
7812
4523
11001
11512
4028
464
9809
5804
3274
8070
9056
173
5128
8915
2410
3709
172
2912
3745
4554
10522
11528
10374
5759
10852
502
2775
4441
2074
621
512
155
11370
138
851
11223
9530
549
2246
1616
2242
1589
8695
747
1543
312
5078
10089
10275
1290
2624
1975
218
1361
894
112
11273
4979
4363
170
10889
10746
1039
11108
141
10862
8457
6534
7020
9038
11021
1277
493
7097
167
1220
443
2413
11314
219
785
190
3477
298
661
1489
1489
2828
322
282
5985
397
4858
4483
2459
174
9766
9040
2885
4623
11063
3676
2402
576
425
431
9709
266
616
991
1745
10984
5648
1348
10399
8261
5734
517
11795
13905
116
729
1024
6901
250
8818
173
584
115
242
851
0
319
5098
202
10904
8912
288
920
1268
8844
4156
5505
1049
1060
973
5049
722
183
375
292
3794
553
175
75
5675
89
506
1161
1187
4179
9937
130
5662
5933
5635
3032
1999
1054
5724
474
225
4677
142
1752
1368
16220
11358
1155
1122
8226
4442
3619
10564
115
10876
665
1512
7330
1458
565
9096
6972
4567
10533
1005
485
6697
136
2547
11488
919
2971
7199
8109
9026
8910
1653
760
2614
11049
9228
9508
1822
285
1165
6227
181
2012
147
988
11239
333
407
778
5177
168
9627
4220
11641
4514
3690
4597
5023
2832
250
1237
7796
3733
1610
1197
71
344
4199
436
3455
4163
302
10931
1737
194
10098
3911
5967
147
1443
11216
485
5185
4514
5655
6350
10931
349
343
8694
10570
122
109
1108
3301
1316
10390
8587
6930
11088
10363
5113
3940
6111
2083
10939
2961
134
126
542
8962
5566
789
1067
5035
10156
6767
1794
502
5056
1818
9789
3855
176
838
458
2814
8739
6450
858
4535
5706
2667
4046
919
193
9416
521
3054
2445
10859
346
129
10035
10361
7035
2161
7843
1541
5145
802
200
4733
86
289
846
184
8254
8704
8356
1073
7778
1517
6809
10048
9483
18343
1417
1158
1364
9245
410
2697
4185
10845
6948
343
1391
9655
138
1725
305
5867
790
167
6728
9567
10834
5056
133
10003
11084
9610
338
11089
7980
8226
425
5050
9629
872
2857
269
9708
6323
10850
1747
10930
3784
11138
3687
3668
250
263
244
3600
4013
85
177
7971
224
85
2043
1494
227
2479
2420
690
228
792
587
804
724
9015
6793
771
426
8414
5959
9954
7629
1443
506
611
102
363
1542
314
1261
5675
161
6648
876
2882
2092
1181
4772
9097
10977
98
387
212
10951
2832
11048
6415
11057
790
10456
807
10187
7341
6678
3032
225
10774
6874
102
7091
491
4336
205
11339
7370
10797
1565
10116
7618
9374
125
10640
2592
2223
9208
4260
451
11305
6891
298
2331
875
2669
0
7281
248
200
1953
4238
13914
883
4091
352
10690
876
10942
334
4652
7123
375
4760
3221
513
815
10952
11227
7173
1221
4694
8353
8144
266
188
4500
307
3859
2172
986
1288
3729
10774
5529
1720
1424
10402
242
11263
1087
2882
4984
1108
2633
9797
311
259
9677
3301
9032
9705
11420
508
5750
1502
3752
2481
363
1011
423
3817
1262
268
229
363
6969
331
10294
8604
104
1592
93
334
309
9770
1319
7491
815
5959
947
11022
7793
10118
1175
10120
351
2260
1738
3135
6441
10872
372
2811
8629
397
7020
1496
616
602
7131
617
6783
6968
207
10146
586
1681
568
516
328
289
10660
9934
2329
10829
295
7110
4196
6783
9642
196
5704
127
1672
327
266
206
11217
11029
1186
1102
9621
10430
9750
341
140
435
1792
665
11420
11019
3762
5508
7545
135
188
7571
8226
1949
8708
5184
167
9137
3871
10610
752
8555
8407
4892
378
