20
3191
2867
0
407
1613
5848
0
2756
2251
0
1281
5359
1156
1958
728
2763
0
0
3085
0
2328
6146
6886
0
132
0
0
1955
456
0
0
0
0
3426
0
4646
1726
3769
1942
1416
90
0
1439
0
774
0
0
1930
1232
2162
1443
3172
2014
480
1512
688
0
0
3243
5040
2082
0
0
1607
1102
0
0
3712
0
2727
4421
2873
312
0
1707
1922
5453
3458
1284
4536
0
1255
147
0
0
0
0
2143
0
7239
0
4017
1979
0
3190
4943
1258
0
3933
3522
4824
1766
0
2304
0
4501
861
2347
0
3521
5165
4280
0
598
1502
203
1684
6505
4131
0
3150
13
446
2312
12
0
176
872
2670
0
1897
0
1080
3422
3065
0
2942
3619
7320
6003
272
0
0
0
0
4258
0
1572
2742
3552
1756
0
3362
420
2562
968
548
0
0
604
0
0
6205
0
0
748
0
0
313
2800
0
0
0
0
5675
428
2508
3121
0
0
6
595
933
0
2125
1487
0
1724
2857
148
0
0
0
3562
0
4205
0
0
1393
0
2856
700
1566
4295
1258
0
0
334
0
2693
1807
2797
1624
1859
5384
856
2236
1045
0
2519
0
0
804
2815
0
0
0
3621
3
0
0
0
600
59
0
1822
2095
0
0
3850
1245
0
0
3005
1805
3848
1245
2461
3156
220
0
0
718
2191
3176
3077
84
949
0
0
0
719
2967
0
4707
2282
5366
7298
0
16
0
0
4388
0
1032
2244
0
7255
425
714
2270
0
1103
508
1283
3330
1998
0
0
130
0
0
3560
1985
2066
0
0
1047
2193
1340
0
16
0
0
242
2054
2911
0
1069
821
595
2841
1905
0
533
1295
0
2
591
0
3036
2974
0
1776
520
432
0
0
2019
0
2458
5645
3610
0
968
842
2646
632
0
2004
5013
918
2100
0
0
2140
1192
1401
0
133
1200
492
419
421
0
4943
6570
2691
0
50
2136
119
0
0
2319
6
3909
4810
1728
2525
5067
0
1160
1024
7443
0
3381
486
103
374
0
4919
0
0
1009
0
1326
90
0
878
3514
0
3832
0
1034
4738
0
3166
89
0
792
0
0
0
0
3813
0
2434
651
1672
990
0
4966
1684
596
4989
0
4811
1090
1329
324
0
3452
4642
0
1143
0
840
0
0
5859
0
0
713
0
6127
0
0
0
6349
4670
305
1494
2415
0
5539
1336
400
5456
0
196
1923
0
897
3073
3844
233
1065
0
0
2256
1370
4909
2621
0
2484
0
0
1015
3344
1114
0
1350
1104
6327
3481
573
953
2208
823
1177
0
536
0
1170
1805
1215
825
2136
1456
0
1632
0
3446
1272
4008
303
1163
0
0
1931
0
3230
1995
0
2449
0
2265
0
0
0
0
0
0
0
1256
4279
0
350
0
4407
4694
435
4934
1160
0
2879
4146
0
701
0
593
0
0
1625
7231
0
4253
3674
0
0
0
1360
0
6621
0
1725
0
1602
0
4970
192
1504
442
0
2725
5917
5106
3597
175
0
708
0
1190
3399
0
469
1832
1266
0
0
3598
0
1707
0
0
0
270
0
1191
309
320
0
71
1990
2190
4397
0
2461
995
2980
350
1596
0
2661
2432
332
0
4287
985
4631
2371
5665
0
546
0
96
999
892
934
2354
354
2541
5635
0
6309
1592
5603
0
7164
822
5409
0
0
2369
0
0
3385
3288
0
3989
282
0
1316
768
0
1345
937
2895
1284
4587
0
0
1225
3142
4553
0
525
0
0
1857
1010
7564
4189
2847
0
0
6444
1505
5311
4429
0
2903
5631
0
4385
0
982
1931
0
2086
3748
2714
5917
6265
2282
1892
0
434
0
0
4
0
539
1462
1820
0
252
1496
0
4843
0
3744
0
0
0
0
4614
0
0
5605
1534
522
1540
0
7507
3815
0
900
2274
3712
4524
0
6740
0
0
0
1344
0
0
216
7389
0
0
1739
631
1602
720
4517
3344
30
2025
1003
4076
2453
2666
585
180
1222
1827
0
0
3547
4555
814
5970
481
0
189
0
732
0
0
0
0
0
0
0
3332
2883
0
2147
0
1787
0
198
0
1144
0
2005
606
2439
4828
1326
2124
0
6628
4422
7598
0
209
6811
4919
0
0
3333
5685
0
1249
2735
1225
2689
1073
0
0
3579
3300
0
0
3974
1387
0
659
1620
1567
0
4190
1690
0
4287
1011
0
160
1349
2939
0
0
799
1308
0
1767
1790
4299
3850
0
3810
548
4869
1342
0
1561
0
2581
0
1054
2713
1617
5270
2007
0
1845
1866
1000
0
0
2739
0
1083
5645
399
0
5104
0
0
0
1714
481
660
1644
98
1144
3795
2511
516
1631
0
3573
0
0
477
1200
0
2881
663
0
5914
654
3675
5312
1400
0
0
0
1377
501
0
0
1746
3725
184
3900
5871
1751
1305
716
0
252
0
0
747
2532
2
4066
2340
3182
2250
975
0
603
608
2656
0
4222
0
0
0
4191
3971
0
2901
3275
224
3589
680
131
956
473
0
3
2675
560
0
3381
0
2421
3191
2622
0
0
988
0
0
2477
324
0
542
0
0
876
0
4163
2658
936
0
1240
1079
0
569
882
1928
3585
3818
5861
3094
0
3798
0
0
2853
0
0
0
0
1136
3847
0
0
3635
4468
1122
4210
1920
0
2926
0
1516
0
5753
0
4982
5016
579
3676
0
872
558
3331
0
0
0
3980
1113
4134
3937
0
2413
2275
132
3961
432
1048
3
360
2593
0
0
1295
1830
0
4417
339
1321
1350
6
902
0
0
466
15
2057
0
249
0
0
921
2525
4670
808
1459
0
198
1118
602
5280
4597
0
0
0
0
0
1104
0
5580
3036
0
5390
0
922
5640
2510
0
0
0
0
832
2026
0
0
2439
0
2197
4031
0
0
3831
4834
558
3343
3584
822
264
0
1339
0
0
1720
4790
1925
0
2250
0
0
1674
416
2426
5275
5179
0
765
0
3541
410
4336
1230
0
0
0
4267
0
2522
624
4775
0
0
3103
2136
1456
2173
1059
532
2246
704
2050
2458
3580
0
5327
1575
870
239
0
0
190
5353
945
0
0
888
5951
2101
0
308
0
0
0
0
4916
4651
2321
0
0
519
3405
177
7606
0
0
0
0
0
0
0
1576
3783
459
2729
1119
5331
1441
0
1380
0
0
149
0
0
0
3077
0
0
1664
16
0
0
0
5924
846
411
0
959
1198
0
4217
3092
0
101
2786
1036
1179
0
0
5355
2556
0
2357
2894
0
0
2731
791
4565
0
673
2952
2863
0
0
3888
4762
0
406
1492
0
0
0
0
1663
0
2570
2613
3002
0
648
2247
4493
3
1286
0
1120
5693
628
357
3367
1065
6080
6592
2208
2486
2611
0
320
5609
0
3069
1988
995
4
180
939
1525
690
705
0
0
0
0
4912
0
584
0
391
0
0
0
0
75
0
2769
6195
1483
0
2572
0
0
0
0
3267
1354
5600
0
3791
0
0
0
0
1360
3159
4378
453
5410
0
516
2641
1336
5205
0
0
0
959
0
0
0
0
0
0
0
3786
1266
3889
4007
2457
0
1199
2201
829
2669
0
3419
0
980
4741
0
2216
2519
2973
0
1104
2413
1788
1700
12
4789
0
3989
0
1400
1608
801
0
81
5733
1355
4119
0
0
1663
12
838
1770
0
2178
1524
3782
0
0
0
3434
2441
4532
3299
0
3123
3158
836
1483
0
0
0
5711
2034
0
585
0
1205
0
1534
0
951
0
129
0
0
965
2585
3692
0
650
0
0
728
5730
6721
2070
190
934
2053
7600
0
0
0
0
1697
0
3853
2173
0
3817
0
132
5350
515
0
983
1074
812
2524
1320
0
6721
1480
0
0
5022
3289
4479
104
3959
0
224
4188
0
2491
0
0
437
1760
0
0
0
0
0
0
2367
0
0
0
5353
0
1292
198
0
4353
0
0
0
68
0
3
805
16
1057
0
797
0
3186
670
3288
0
0
0
0
944
1288
0
4305
497
740
3735
2842
599
2158
1340
646
0
912
0
614
645
1061
999
4076
2371
5104
240
0
1804
4064
2275
6
486
1452
4932
2122
6731
1456
912
0
1826
178
0
1051
1148
0
0
666
6527
1379
0
1513
1493
44
1249
0
2718
0
1291
1348
3037
0
0
87
0
3678
60
2097
2000
0
1649
3968
1449
5693
3582
765
5596
472
0
6239
0
2384
4996
1045
6063
0
0
4130
2102
468
0
0
0
200
0
0
3544
3709
0
0
667
3479
4215
1268
0
655
471
0
2651
0
0
5981
0
0
0
3562
6618
751
0
2827
1061
225
0
0
3819
6315
5828
1972
0
1275
5136
0
237
0
0
1298
0
0
441
0
0
0
1834
640
0
6076
3326
0
3836
7614
0
0
782
1190
0
194
857
0
2497
1626
4729
3753
2207
0
0
0
0
2020
0
972
3238
709
3776
2407
320
144
4131
0
5223
0
6146
0
0
0
2185
12
0
1708
411
5631
0
2893
0
0
0
6977
1999
4948
0
1671
0
1074
4236
697
0
0
0
1100
0
664
2480
1261
0
2273
0
3598
0
0
0
0
0
3996
1158
1082
0
196
2116
6039
1075
6528
484
0
1585
255
0
0
0
5614
4631
0
2215
0
352
770
1197
0
0
779
3597
0
0
448
0
0
2147
0
0
0
3841
0
4344
1484
488
0
0
509
900
1162
2258
3787
0
3275
3325
762
0
0
1775
600
0
3103
0
0
416
1660
516
0
3493
3109
0
0
0
0
176
1349
0
2249
1373
1741
0
0
651
6344
4595
399
4599
4124
1428
0
291
0
4033
1485
0
0
0
234
0
0
2390
1337
3453
0
2162
4598
5562
0
1205
5688
1314
0
615
9
0
3105
0
0
84
2676
0
0
884
5933
718
0
957
733
4457
322
3466
1020
1731
5020
846
2167
1278
0
4619
1603
0
2088
0
0
0
0
2330
2379
0
944
1782
1388
5847
0
5033
7777
0
0
0
4815
0
273
0
0
487
0
1388
0
7043
0
1795
0
880
513
0
1913
0
2391
4086
640
256
248
6628
1430
2300
0
6886
5539
1771
4274
0
2063
0
966
0
3502
2109
0
0
2794
1091
0
0
0
4067
4156
5227
0
2077
0
1647
0
0
3131
210
827
0
0
64
0
2046
330
2074
0
0
1041
3241
0
8327
0
3502
5775
720
0
0
0
0
924
1118
2030
0
0
0
5211
957
4293
2505
3062
1597
0
2525
1550
0
0
1127
0
1030
1045
656
2760
3222
0
6651
775
0
3235
6223
0
2804
6866
1077
0
3970
0
3688
0
0
2141
3435
1017
1308
0
1726
0
494
1413
1785
348
0
1269
3240
0
141
0
0
1317
250
6585
0
809
0
4553
87
0
1406
1104
2944
398
0
1096
0
4116
684
1409
932
0
2226
3787
0
1703
1732
1210
2743
21
0
2084
2485
0
3894
3834
2697
0
0
81
76
1900
1532
297
2268
435
0
0
624
1056
0
211
1232
0
0
339
744
1014
0
0
951
3902
1988
3326
1152
2186
0
0
5822
180
0
6998
1148
1705
0
0
833
4853
3049
5491
2587
0
5844
1672
0
1472
252
852
0
175
566
0
0
1882
4645
937
5861
0
2562
0
0
0
1264
0
462
1056
760
0
7080
650
168
0
0
1833
865
0
0
3117
2708
4268
1583
1441
2500
0
4121
1149
0
0
0
525
0
0
420
300
0
2893
2126
3320
0
3561
0
1223
0
0
4259
2917
5700
5255
2632
6457
0
0
2624
1286
2837
4290
1883
7233
93
0
3259
339
6076
0
0
1236
4559
1395
0
0
3421
876
0
0
0
79
1618
0
0
3597
0
0
0
381
5984
6456
2806
0
3263
4202
2327
724
0
0
0
0
841
0
0
936
5686
0
6178
720
0
942
0
0
0
4667
1064
4402
3881
0
4636
2268
0
3016
4968
976
0
316
3453
1531
513
1171
0
0
0
0
0
3935
0
0
1142
652
0
1097
0
0
990
5019
136
192
0
5073
1226
1457
245
1991
3569
228
3
0
0
0
0
0
4448
4993
3283
2029
0
0
0
3207
0
0
6964
0
0
438
3692
1762
4516
0
2565
4332
4194
0
6011
0
747
1226
4789
3127
6136
4568
261
2492
1371
0
3572
1581
2394
1540
778
490
1850
2925
0
1836
4359
4973
0
0
4360
2893
0
636
2550
1183
0
672
1522
7558
0
0
264
0
0
2974
0
0
498
613
3661
280
1134
0
663
4050
0
1692
2525
2004
433
3558
3843
0
2303
3660
0
117
0
4575
0
0
204
844
0
0
0
727
1110
1385
0
2253
1240
0
4986
0
0
750
1014
4637
570
4802
0
3999
2196
0
2458
472
0
2121
1717
6557
6473
5323
2092
0
0
5815
351
0
2544
1650
0
195
0
269
1876
1568
1123
2464
0
898
0
1554
0
0
0
109
708
0
2043
410
558
4077
0
894
1484
0
1230
0
4492
0
561
0
667
4197
550
1797
321
2367
0
1824
129
0
3339
2009
244
1701
786
0
3789
993
0
3095
0
0
1829
1378
0
0
6832
5986
5679
0
800
5193
0
1567
880
1984
0
2827
0
0
2922
0
1009
5919
2750
4005
0
5136
1528
0
0
0
0
2488
0
2356
0
2276
0
0
2045
2885
1464
0
7010
2299
15
0
0
1303
5788
2121
5359
0
1720
2296
6279
0
3118
0
2764
210
2942
0
6003
712
0
615
0
0
4786
0
3737
0
1286
0
2519
0
0
0
1256
1461
4784
3892
0
3757
1322
159
0
432
1318
164
994
1096
0
956
616
0
0
0
2563
0
302
3
0
640
0
3745
0
1366
0
0
0
2352
270
177
174
0
1128
0
2337
0
0
0
580
1226
2297
0
2725
0
6912
901
0
4368
0
6023
0
216
1759
1229
2029
6978
3001
0
0
0
4740
5973
0
0
6849
740
2986
663
0
968
880
0
0
3893
0
2457
0
0
1456
5115
444
0
975
2075
5860
0
408
6796
3094
0
449
1013
750
0
1086
0
0
1669
1788
0
1807
3427
897
4471
3301
1496
0
0
2426
231
0
71
671
820
3156
1108
0
4973
1792
3763
0
972
4285
888
0
1620
0
0
0
0
464
0
7616
0
0
0
410
0
0
1204
1474
3431
420
0
0
1604
0
0
1908
1129
0
0
1457
3053
552
0
2960
3645
3335
3290
0
0
525
2939
495
0
2575
0
1156
0
0
6978
3354
0
1344
0
910
0
940
0
478
488
5386
0
0
0
862
2458
1820
0
0
840
0
729
96
668
0
4070
2499
3632
0
2460
2876
2404
7203
991
1290
203
0
0
0
4172
2244
0
216
986
0
942
0
0
465
4958
0
0
4924
67
0
5891
1569
0
0
0
2666
0
1924
6290
0
570
719
0
160
1265
1362
583
300
1349
440
0
1749
0
0
1478
4
0
4273
0
0
4093
3280
0
0
4847
0
4554
1808
217
1943
528
0
0
0
0
5955
533
0
2032
0
3697
0
550
14
3804
0
3568
1296
0
787
3246
621
0
680
1232
167
878
1986
0
3564
1461
1110
396
0
5218
3874
0
0
0
991
3081
2470
3323
0
1039
8
0
744
459
0
1002
2064
98
3958
106
5333
9
0
0
0
2329
47
4062
0
190
0
0
960
0
4539
0
2538
3261
0
0
0
0
0
0
297
83
257
0
603
0
161
5701
0
4162
0
1813
1853
1399
0
0
0
3466
0
2683
814
7447
0
2421
2430
911
4651
0
1954
0
3116
0
2069
0
0
2410
6315
1517
0
3562
6093
6322
0
4738
0
0
2076
1087
1943
4137
38
2161
1204
1413
6884
0
1770
0
1641
0
0
0
1057
421
0
0
3310
0
0
0
3773
2599
2340
4922
0
1509
884
1540
1064
980
0
72
0
832
4458
331
4208
2308
0
1476
0
0
2515
342
0
0
638
0
4363
3310
0
6894
945
156
3196
3269
4266
0
0
0
498
0
2048
0
1305
1015
1189
0
0
0
0
3984
4649
4473
0
1400
1333
3757
1212
2624
0
0
0
0
2610
0
2797
3814
328
0
0
78
2488
1087
2637
4189
0
2012
0
0
2951
3895
3593
0
424
1699
0
4954
0
0
0
1599
1379
0
392
2725
0
0
0
4680
6801
336
2081
0
480
1029
1425
0
5422
0
0
1548
2957
1190
3283
375
1302
0
1420
0
0
3098
5301
1948
0
2285
4489
0
1029
4118
1149
808
96
0
0
3775
0
1246
2952
4323
1220
4938
0
1550
119
3464
395
0
0
1806
0
0
1171
434
3255
288
258
0
670
3897
0
1454
4099
715
2842
2291
2269
993
2301
1361
2643
3311
603
544
962
320
0
1722
0
775
0
2705
896
0
0
0
0
0
4799
2891
2807
0
7627
1385
0
0
0
0
9
0
0
767
0
1624
3467
0
0
5919
0
2714
2869
6897
4351
0
1058
1616
3170
0
913
0
3326
712
2804
0
0
0
0
1060
0
0
0
0
351
403
0
4097
0
0
2199
4306
0
0
3953
592
1332
2244
1676
2551
1445
2172
3247
2590
2946
0
3583
0
0
0
3696
5098
2659
2422
2825
0
2124
1747
0
0
2830
0
2396
3400
0
295
0
1335
791
525
0
0
0
2874
1908
2898
607
4122
0
0
3338
0
0
1323
301
1236
516
2168
0
2632
1582
2710
0
731
81
5257
0
0
1492
3
0
363
0
0
0
0
0
546
0
0
2700
0
2641
1212
0
2498
4180
2389
956
6
0
2123
0
2595
0
0
1884
2535
1876
0
0
198
354
0
3265
3168
5775
100
763
0
602
555
5791
0
5338
0
2852
0
848
2811
635
1778
5688
1326
6825
2042
523
2393
0
6380
386
1570
3510
457
2884
0
0
0
0
165
4172
0
0
0
2231
3648
15
2181
0
0
0
863
7010
0
0
1032
886
0
2952
1326
0
0
2358
0
0
1140
1584
658
4293
0
3289
3967
2854
0
4603
756
0
1964
2698
4102
0
0
2622
2122
2302
2205
324
0
3545
1946
3987
2134
1429
0
2788
0
3476
6604
2106
0
0
674
6
3706
2915
1251
1620
3726
0
3190
0
2796
2047
0
282
4076
1694
422
3548
0
1180
1694
0
0
1363
71
0
0
5144
2725
368
2533
0
724
1304
0
0
1180
865
0
0
1234
2741
0
1349
0
3928
0
0
0
1177
0
2931
0
0
930
414
2769
0
0
0
0
1011
180
4271
1212
0
1047
1239
0
0
0
1402
6147
0
0
140
4816
762
95
2822
0
4081
55
321
0
6170
6075
0
680
3712
317
2148
2484
3189
1988
0
0
0
1018
0
5726
2425
0
0
2796
0
1479
1222
0
4615
28
0
0
1091
1772
0
3351
221
3481
0
0
864
501
5157
0
1298
24
1752
2845
975
7
0
2100
0
0
1944
0
0
0
3922
728
4505
0
427
1831
0
0
0
0
1494
4762
1269
192
140
0
4486
0
0
0
0
5258
1314
0
6183
0
192
0
4664
3715
1189
0
3034
0
6002
0
0
0
0
1200
580
0
0
4106
0
0
4293
201
414
0
88
3695
0
4787
0
63
1436
912
3147
0
0
1774
1342
0
0
822
0
4318
1505
3649
0
0
4916
2130
620
184
1260
306
0
0
0
1369
3116
0
0
5964
4236
3277
2057
999
0
0
5170
0
0
783
1112
0
3568
964
2904
1619
0
0
1275
1661
0
0
0
1605
1827
0
0
0
0
4333
0
0
1043
0
456
3
0
0
403
1920
0
0
2192
122
1867
712
0
0
2585
1175
445
0
0
0
0
7221
21
828
1092
639
186
9
3744
0
0
0
0
0
102
2211
2137
6674
0
0
212
1750
0
501
0
0
0
2179
1523
2875
0
4122
0
0
2641
0
0
4506
987
3929
749
0
2212
0
5305
0
0
1403
2374
523
1552
2672
954
3587
485
2061
0
0
2519
0
0
2028
0
0
0
1795
1359
0
0
3175
0
0
0
0
0
0
2821
372
107
0
1000
0
3637
0
1072
2242
2665
0
3514
605
1661
4825
0
4623
0
0
4028
220
0
4507
3686
752
0
4478
0
0
0
1886
0
2585
0
0
1221
0
1576
993
0
0
1681
140
6620
2186
1370
2047
531
1977
292
630
0
0
2228
0
1381
1232
0
0
0
6374
297
0
632
468
0
0
148
5139
42
0
0
1621
2692
479
0
0
0
1035
805
0
1475
3139
27
0
3520
3473
1632
0
3246
0
0
5267
5681
0
0
0
3154
0
0
2442
908
746
2665
0
0
1045
0
1329
1151
0
1215
4240
6962
0
0
2684
3782
0
0
1115
4124
0
0
0
1263
807
0
0
0
0
0
3560
288
912
0
1472
0
0
838
0
0
0
4848
0
0
594
0
0
3111
3024
123
609
0
0
5359
3455
2279
0
0
980
3324
691
560
0
0
40
0
7359
1290
0
2844
0
1028
3218
0
1426
3674
344
0
1203
4832
899
0
900
870
1758
0
0
952
32
0
2139
1342
3712
2016
0
5998
0
0
0
4421
832
2380
0
3031
3
2707
0
0
6160
4414
1940
4729
2228
0
1158
1415
1015
5473
456
3731
0
0
5232
4299
576
3676
4031
1665
0
805
0
0
0
0
3016
0
148
2481
0
165
6718
4108
3106
0
0
0
1208
5101
696
3271
3577
712
1840
0
0
0
4591
1685
6577
4276
3295
0
0
0
327
0
2195
3117
0
0
676
1247
0
1891
4217
1280
1570
4021
389
4870
5007
124
3183
1108
3394
3727
0
1085
1481
2209
1613
1857
2679
2599
0
1313
0
0
4643
1258
0
2312
741
1653
0
0
509
0
0
2082
264
0
1983
4428
2612
0
1015
0
0
0
3393
3648
715
5641
0
0
678
240
3505
1746
799
3918
0
0
0
604
3618
0
0
0
859
316
626
0
406
2219
0
0
7053
2627
2034
21
936
5485
1450
1082
2038
2551
2073
0
0
438
0
0
932
1464
1233
1382
0
1330
398
1878
3371
1368
0
0
0
1372
2816
0
0
445
0
0
5429
483
47
4318
3727
3
0
76
276
0
0
0
956
217
0
1822
3979
3741
0
0
546
3382
0
0
6035
171
3898
3928
0
0
547
0
1957
888
0
2284
382
0
0
2497
0
0
0
1242
0
2086
320
0
2740
3577
3622
0
0
0
616
3358
791
1094
0
2510
671
0
875
80
0
1075
0
0
1025
1173
3408
817
1424
2028
2842
0
571
0
347
145
0
1584
3871
110
168
1653
2227
0
1162
0
0
0
1195
1740
918
1724
0
1468
5661
1847
0
0
640
0
0
0
792
6061
0
0
1154
0
597
1263
316
6360
1295
7269
0
0
1456
870
3283
0
0
7506
1464
1991
2330
526
0
185
1685
7004
3271
0
0
0
3190
0
5520
2586
4131
3599
0
0
0
3338
342
0
6271
0
4912
337
0
0
0
5664
4704
0
276
3157
995
0
2222
2407
0
0
3082
1432
2082
2115
4582
0
1261
0
2019
245
0
768
4396
758
3307
0
5593
3478
2723
0
0
0
741
4877
0
822
0
0
3519
3
2353
2909
3
0
3818
0
0
0
0
608
0
0
0
1443
186
0
0
2755
2422
0
6713
3835
4991
1272
2396
3192
1320
0
0
0
2790
0
0
0
2016
387
1096
0
2029
2599
1396
2851
0
4330
0
4186
0
0
1420
694
0
1371
948
1908
0
1416
3290
8
2252
1341
0
4903
2730
1035
1920
2080
680
2428
0
2460
2088
0
0
588
3031
739
2934
1741
53
0
3461
0
0
3103
1211
3223
1336
5212
0
2009
2440
780
4757
2823
0
3256
0
492
211
882
5669
0
543
4670
2004
6441
0
2775
0
4991
976
0
435
4553
4788
3280
2352
330
4649
6148
0
1389
2270
0
0
2889
14
814
2656
0
0
0
0
3006
0
0
0
380
0
0
3082
3526
3808
1059
2199
2200
0
0
0
630
6126
0
0
1252
0
0
459
4523
2965
4522
0
0
4207
1814
1661
2529
2139
638
0
245
0
576
0
6815
5396
2000
720
0
1261
5198
873
0
1630
848
2178
0
0
2989
1044
0
2503
847
0
0
6218
3451
1906
0
0
0
5022
675
2305
2130
236
0
460
5321
2322
0
1740
1188
6696
1820
1654
1780
5590
160
4961
2187
1293
1863
4765
0
1069
2585
1878
333
0
2990
0
0
118
1390
0
0
990
7122
1526
0
1171
0
1914
0
0
0
0
1951
0
1260
3727
1042
895
0
868
200
0
1866
917
716
1232
5971
60
0
0
946
3
16
0
2824
738
3
0
84
229
0
1281
1194
0
2563
0
433
0
0
338
636
0
4157
886
312
0
4665
0
0
688
4625
5675
959
0
672
3339
439
4868
602
5296
2728
5051
1547
0
1707
4335
2141
112
4777
3296
189
0
4059
501
2434
0
66
0
0
0
4589
0
0
0
731
592
159
2155
1014
0
0
0
328
0
15
0
4093
0
859
0
2250
0
2425
0
3508
2242
1112
1411
0
0
0
0
0
2498
1984
1603
0
0
2810
0
2328
1076
5661
3033
0
4079
0
0
925
240
3898
0
0
2226
2093
1100
0
0
660
455
0
2806
4853
344
7317
0
0
1384
0
3479
4780
0
3891
90
3771
0
0
244
1407
306
6956
2233
0
1615
4944
2808
1416
0
3550
459
3511
2398
2847
3215
0
0
2867
0
0
2679
1636
0
1317
1500
3199
0
2839
4241
78
1146
0
1563
0
991
665
1101
0
3003
0
0
0
0
0
0
392
1543
3738
5069
1721
0
2282
4676
0
4660
1309
3159
2199
3622
0
0
0
0
2204
0
0
0
0
3726
3448
413
860
0
0
1228
687
5578
280
3294
4786
0
2755
0
936
6669
5670
2598
0
0
346
1065
0
5280
0
0
0
1725
1967
0
39
0
3091
0
619
0
0
0
3029
3097
0
0
0
0
0
0
2499
1204
0
1824
3365
500
5526
889
2470
1514
1263
4302
404
0
2789
580
3683
1192
3739
1889
5159
0
544
0
0
3048
1016
0
400
2450
2050
0
556
0
1407
0
7553
832
3125
3752
1617
6555
0
2164
2231
0
0
0
716
1622
1093
756
0
4030
179
0
0
5324
2832
1575
1205
0
0
2978
2160
2018
2499
0
536
0
6256
0
1801
13149
280
3712
3786
0
0
513
0
1738
0
484
1791
1595
4546
467
0
0
2839
4099
4362
0
1801
864
0
0
0
0
84
456
1915
0
2031
0
0
1168
6804
660
660
901
567
1077
0
528
0
5777
1970
4868
678
0
0
3763
2831
0
1758
0
0
0
314
0
266
0
2955
0
453
3651
0
6111
0
0
0
0
0
1089
2153
5345
0
559
3109
2539
3613
0
0
4890
3492
0
5770
2606
5940
862
3891
1347
1731
2256
3508
6137
0
1104
0
7434
2665
69
3372
1523
4914
1206
6
0
515
0
659
5529
4206
1208
2934
0
0
0
0
3912
0
478
2793
0
5806
1508
1156
0
0
1190
4648
0
0
472
2569
1067
6643
0
6915
857
399
297
2260
3098
0
0
951
11
0
0
3979
98
0
402
732
1032
0
234
2020
2759
1597
216
0
275
3419
1867
0
0
552
3631
7408
0
0
2006
7500
0
0
1132
1937
0
1799
40
0
0
2409
1392
0
0
0
0
3778
0
0
107
0
0
0
3219
3909
108
0
1669
645
1933
4617
0
353
0
413
676
5688
1291
2073
0
4353
5453
3212
2916
3758
813
0
1471
69
0
3561
4973
345
339
422
0
1790
2201
56
712
0
0
4664
1561
5205
833
1790
1648
861
935
3805
0
0
0
0
1697
1380
138
2701
0
3105
0
3315
0
907
0
0
670
3019
0
3478
3157
0
0
0
2198
1892
265
2157
802
780
5438
0
1376
0
6
1780
1591
1074
2496
0
7149
0
2034
0
1697
1132
2191
2881
0
0
4648
0
398
2512
0
5694
1868
4649
0
752
0
590
1519
5054
0
1600
702
0
28
462
6172
0
0
6383
0
7147
2750
2881
1113
891
31
388
4133
1681
249
838
690
0
0
1648
985
0
2685
0
1212
6358
5631
5715
0
1536
0
6456
0
1418
1206
0
0
6928
14
1292
345
2629
3639
1339
0
369
0
0
0
762
146
3019
0
3702
6938
2306
3107
0
0
0
0
227
1282
0
5623
1537
701
0
1792
0
2016
0
4639
0
1511
0
3585
0
1211
4413
774
449
1888
3929
1981
2469
655
1026
2835
0
1095
0
0
2282
1237
0
5438
0
733
0
854
2577
0
5367
300
1957
541
6188
3185
0
0
2463
0
2946
0
0
0
485
3238
647
11421
3811
3786
0
0
20
1054
114
1779
4121
2415
923
1909
5127
3615
0
3227
950
2351
910
1155
0
350
941
0
2378
0
1164
0
1632
0
1628
136
0
640
1339
0
1839
4548
0
3323
705
0
2665
3282
0
6135
176
1405
267
3673
292
0
0
2871
0
0
0
1077
558
0
2165
280
2725
3696
0
5064
0
0
0
0
0
763
0
0
0
1092
186
2181
0
2082
0
604
318
0
0
1371
0
1634
0
4002
3841
0
3388
3597
0
2037
0
2515
0
4164
1066
0
0
0
327
0
0
168
3521
3667
3236
1195
1241
0
0
687
2607
3191
0
0
2560
2843
0
4378
1107
0
3223
587
0
0
0
1098
0
15
2717
870
4895
1274
0
0
7043
0
2412
2995
1929
5803
1560
0
1687
1411
1880
556
1106
1746
4648
2315
0
180
0
4679
152
0
382
0
0
1520
3846
3255
0
0
0
165
0
2838
0
0
0
0
905
755
2890
0
0
199
5241
0
0
0
0
3483
0
0
0
1019
2773
33
0
5965
2633
0
415
2096
326
4982
0
0
1177
368
348
101
1282
1601
0
0
1882
1751
4593
0
425
0
0
1149
2232
0
0
3
0
0
812
0
4573
4640
6319
177
2522
0
0
2270
5776
0
4523
5267
0
0
0
501
0
0
1827
0
1889
6332
269
0
0
0
0
0
2471
347
0
5670
0
0
1766
2779
0
0
1065
0
3697
5449
249
297
2111
0
0
798
846
0
0
456
2387
0
2388
6223
0
2739
2532
212
0
0
804
0
1672
618
0
1609
0
0
684
0
2825
1699
4996
0
1974
1502
0
615
385
3134
272
6877
6020
0
0
118
3024
1772
420
737
10375
0
0
0
0
0
494
0
0
0
983
6001
444
3876
2321
0
423
0
0
2816
150
0
0
775
101
1752
0
1229
2409
5949
0
0
0
0
0
0
0
331
2366
0
0
0
110
0
1381
0
2125
5145
1038
0
748
0
2699
3859
5514
1405
0
0
4983
3463
0
0
0
1926
182
3110
1864
1729
0
0
0
0
3345
0
0
990
4135
1704
0
2939
2607
0
4547
707
0
434
133
3923
1702
0
2650
0
823
6277
0
0
835
0
0
3558
536
1027
0
0
1212
8058
348
1770
0
4938
148
638
0
3285
307
0
223
2182
106
0
1185
0
3794
0
0
607
5293
0
0
0
0
2564
0
0
1300
0
54
3185
0
0
0
3387
0
0
3456
3744
1267
1472
3023
0
595
53
3032
1599
423
2438
5854
3318
369
4304
2616
1913
0
2117
198
1517
7238
0
0
0
39
763
2167
1724
2153
0
0
1598
0
0
4206
2877
0
0
0
3453
3530
2288
6771
1866
830
0
0
1380
0
1960
1764
2012
2172
0
1526
0
0
954
1018
0
1029
174
3042
3232
3500
2268
2130
117
0
1982
97
0
645
0
0
3451
195
0
0
3880
4898
0
0
1810
105
4070
0
586
3406
1107
3115
0
0
0
2091
3390
0
2498
3075
0
0
6619
205
1305
0
4836
771
4592
707
87
0
2364
789
0
3553
2599
1096
4481
782
1829
5203
190
1436
4939
0
0
1401
4839
0
0
1960
3736
1092
294
0
1221
0
916
0
2105
7064
798
0
147
2176
1205
4040
4595
330
1348
0
2356
1408
3564
0
78
1841
2515
0
4944
7083
516
0
3098
560
759
2884
0
1519
2496
1824
2772
0
0
0
2802
3127
4328
0
372
1465
3754
2893
0
0
1009
5697
0
0
390
930
6179
700
0
1521
1679
1998
257
2534
136
4279
2479
985
2029
3766
0
0
0
0
0
0
0
1433
525
0
3248
0
264
3986
1345
7065
0
515
0
0
0
456
891
1299
1051
0
4348
2464
3986
0
0
1026
5089
0
0
0
0
1485
126
91
2341
0
0
0
918
170
0
0
936
3227
0
0
0
0
917
0
0
0
976
424
686
0
792
0
0
2971
180
0
3918
0
0
1190
4633
0
0
0
0
0
1386
2657
5281
0
3116
0
0
1669
0
3120
1710
0
2506
2967
0
339
110
4195
1575
7200
597
1719
2843
0
6003
3913
0
7651
1813
399
2099
62
0
0
1650
0
0
1160
3368
4067
0
2960
0
2993
2646
0
3128
4422
0
4097
4142
4630
0
3826
0
376
0
0
0
6715
2765
0
0
0
146
388
1519
908
3122
220
2315
0
0
0
163
0
2075
392
0
1775
3368
0
2198
0
246
404
6063
0
6559
3363
0
552
1650
683
1257
0
0
0
90
1195
0
1062
6511
2671
0
0
0
2262
0
2680
954
0
0
62
0
1170
2542
4099
198
1374
0
684
743
3164
0
263
1390
0
0
632
0
5901
0
0
808
0
2944
4250
560
1125
0
4432
1068
1291
4956
814
4093
0
790
0
456
0
2072
0
0
0
1361
0
69
4410
524
1322
0
0
3048
0
0
0
0
0
0
1893
3436
3551
0
3279
1383
1044
2390
2798
0
0
0
2048
539
331
0
2616
1563
60
743
4138
3
967
1519
0
820
0
65
2582
2390
0
0
0
0
1815
1964
1434
1956
2225
4302
4310
1483
0
790
1329
1067
0
2198
0
3255
1661
2538
3414
682
0
590
0
0
93
0
0
1557
3
0
6108
845
0
6861
1765
2341
0
2735
3276
912
2987
0
401
1695
0
2618
3581
1713
904
0
1676
0
155
2718
4433
1519
0
0
0
0
240
393
0
1987
0
2043
0
4391
3488
4673
0
3154
0
2185
596
2012
0
1278
1260
0
0
0
1340
4650
0
424
5231
1140
1422
900
0
6018
0
525
0
0
0
111
7387
391
0
6559
1213
2671
0
0
0
0
2915
5057
10
0
585
3530
2816
0
0
4657
183
0
1265
6686
56
1861
16
0
1474
5098
352
0
0
0
1176
0
228
0
0
554
0
1020
0
3036
408
6183
0
1172
3209
3226
0
0
4085
0
3367
0
1703
0
3319
3672
0
3845
4031
5089
0
4746
214
3157
1280
3273
4183
3758
0
723
4204
0
0
3856
3780
1134
2129
1900
293
1402
0
2086
280
0
2907
1751
4826
2087
1312
0
0
0
0
1883
4614
0
3161
0
0
5526
0
1218
3678
2163
354
1437
0
2845
147
0
0
0
316
649
0
1777
7062
3611
0
2672
0
2639
3802
0
6230
6542
0
2797
906
5578
0
0
0
1053
1474
3967
600
0
0
2184
3122
6169
3572
1357
1866
2733
1151
7096
60
0
0
0
0
0
2479
0
237
1338
0
0
794
0
2595
6288
2424
777
340
2023
0
0
280
0
2235
1422
1937
654
587
4195
929
1528
6926
0
0
0
0
0
2808
1107
1269
0
0
1671
0
5098
1948
0
875
0
7038
3011
423
0
1470
674
1832
0
2210
0
1938
0
294
6080
573
3723
0
1288
596
1009
5336
1069
3756
1732
2137
4290
1361
995
0
940
336
322
1790
616
0
897
1890
1454
1152
0
0
525
2112
2429
1143
2988
1474
0
0
1272
0
0
312
300
0
5353
2128
0
4614
1191
0
3701
0
0
0
4994
3018
4454
4169
0
0
827
0
240
0
0
5104
1743
1470
486
0
0
2381
1300
0
471
3489
3893
0
0
0
0
5337
1962
1542
0
0
0
0
2054
0
1059
2658
1550
21
1360
460
3515
1460
958
0
95
694
0
291
2618
0
178
4830
0
1894
4799
1789
0
0
0
490
0
1583
0
2541
0
96
2847
3310
0
1530
0
2168
364
0
1170
2184
4594
0
0
0
3595
2420
117
4167
3349
3261
0
5362
0
1627
0
319
8
385
1217
6512
3993
3723
4830
2026
0
0
250
1464
2503
119
1295
4979
0
0
2208
4356
116
594
4768
0
75
4831
3179
0
1116
1791
0
0
0
3085
5942
0
596
558
0
876
330
4351
0
866
0
0
2711
810
0
0
0
678
0
1914
468
2336
1926
0
4793
0
3286
2426
2527
696
6629
2843
1844
0
0
0
0
0
0
0
843
3958
0
13
0
2443
2469
0
4651
0
4394
0
578
4330
0
1305
0
1154
0
3116
6085
2314
0
3167
1567
0
4242
4808
2277
1267
0
6471
0
980
0
0
4558
0
3755
211
439
594
0
1920
4703
513
273
1169
769
801
3026
4160
0
0
3130
440
0
0
3915
0
336
0
0
0
5856
2893
189
0
5097
1484
3254
0
760
2909
3683
4790
4787
879
5150
0
0
0
0
5660
0
783
0
0
0
110
998
5
945
1159
6386
2486
0
0
1415
0
305
1601
328
0
0
2619
1981
0
2714
320
0
6051
0
0
0
6799
1991
56
2226
0
280
4295
3325
2655
0
4540
1546
3
850
0
0
4661
1868
209
1994
0
435
0
2032
1476
3039
5898
5922
0
2827
0
2674
2653
5012
5451
0
0
0
5197
6099
155
1202
0
0
2493
3387
1435
0
2585
3039
483
0
938
0
600
560
0
3016
0
2771
0
616
3505
0
4087
997
3011
0
0
0
914
1075
728
3848
0
0
0
792
1787
684
814
30
0
773
0
0
2376
5
0
366
1620
0
1534
0
0
564
492
1430
228
0
3430
0
2830
0
4960
562
3204
572
0
0
0
0
2830
6046
0
3165
1860
0
5105
0
1159
0
0
2880
936
4615
2064
0
0
0
0
0
0
5196
2182
0
0
0
3
1476
3234
0
0
0
0
1485
216
2242
3785
0
0
42
0
0
108
0
0
2861
225
1555
271
2053
0
0
3018
878
2623
0
3310
1835
0
540
3147
2071
0
5978
6069
378
760
5716
0
1639
1639
0
1346
0
5187
2894
2939
0
5262
0
170
378
2247
3937
213
0
1981
1073
1428
952
2358
369
3318
0
1686
1648
430
1164
6335
0
4375
2833
1253
288
519
260
2540
2055
12
0
0
4151
192
2547
2496
3594
0
0
1807
0
554
0
1951
2371
0
5340
3643
220
0
0
5456
2327
0
146
1215
0
3898
0
0
0
1131
0
0
280
0
2080
2611
2530
1233
6765
972
1320
0
265
1674
0
3097
0
0
3582
1174
1092
2000
0
0
0
0
0
3952
1665
2953
3282
0
427
0
4883
5590
0
5011
1134
6622
951
3636
0
4537
1978
0
2484
612
1929
0
0
0
0
896
0
3398
1069
1317
4873
4570
0
3569
1883
1119
0
0
0
1129
6
0
3911
0
277
1054
0
4004
0
0
4631
3793
0
0
0
568
0
4610
3309
0
2845
0
2230
1158
0
0
1216
133
4845
0
2434
0
0
2062
0
4615
0
997
3187
0
6436
1312
0
4433
3048
375
2417
2221
0
1028
4129
0
3856
891
1561
1819
5121
286
0
1194
0
1925
1950
4029
0
1270
676
0
1014
5869
1026
0
4742
1394
6594
3
0
0
2548
1989
0
0
960
2391
3392
80
3121
688
506
228
3160
2121
0
3994
1641
0
329
1755
1540
640
1004
0
2575
2106
1976
0
0
0
3153
0
4529
675
0
28
2145
0
108
5470
0
1260
2738
0
3593
0
1057
4318
0
2250
696
0
105
3486
1710
1688
867
0
3052
2577
2361
230
2529
0
1660
0
1643
7205
484
4877
0
1165
0
0
6922
4679
5068
28
1033
0
2040
1612
0
1622
0
924
4989
4738
4523
6159
0
3119
2411
198
5064
513
0
1929
1040
0
0
0
387
0
1170
3267
5040
1404
7254
814
1313
0
0
3297
0
0
636
2756
1190
1046
3917
0
0
555
539
0
0
1262
3320
3327
2633
7009
6513
917
1216
0
0
0
5789
0
4511
4908
0
2719
0
3767
0
4644
2404
2532
4588
0
924
1715
0
0
1032
0
0
2510
393
198
0
0
3487
0
44
0
4803
0
0
0
1006
6502
1496
0
4916
0
0
0
1281
448
0
0
3677
2268
896
4402
0
0
5082
538
838
6755
2119
1798
0
0
147
2152
1427
0
387
0
1890
3182
0
0
3280
4379
3503
240
0
684
0
0
1301
0
888
347
2777
5858
3701
570
855
0
3692
0
1647
4613
0
0
0
1108
0
0
4944
1491
0
0
4856
3788
0
0
932
0
2556
1036
996
0
0
583
1256
6410
1805
0
2518
3383
0
146
5061
0
4124
0
0
1451
0
3213
2873
4329
0
4388
1921
1705
2561
0
0
3408
1769
0
577
0
0
0
0
3
0
1026
3046
6836
5078
0
18
0
2923
2530
3396
0
5137
573
5001
220
1669
2354
1886
0
1224
0
952
0
0
0
0
2711
0
1103
2925
112
0
4249
0
0
0
1512
4548
0
2104
0
3268
424
1056
0
0
0
0
0
0
1320
292
0
1852
717
195
0
924
0
2285
185
4493
0
1252
2660
0
5560
0
1330
0
0
3372
648
6433
2944
556
4573
3172
4293
4721
4313
1660
0
1334
0
0
1159
0
0
2997
0
225
2916
0
4869
0
0
0
1808
1240
0
3115
2615
6146
315
3219
0
1033
0
2400
0
1866
358
2561
0
0
51
2391
0
2292
3376
0
0
1182
4352
0
262
1555
526
1507
0
0
2469
1449
708
2892
802
3782
217
492
823
1221
1418
0
90
1774
1234
5544
0
0
0
0
5794
6703
501
0
7004
1348
0
0
1314
982
2051
3322
7116
1535
0
0
2133
371
6523
3252
7345
2217
1000
3454
0
1903
10
2108
4997
0
0
1368
0
0
0
465
2271
6011
2763
0
4584
0
3400
1522
0
953
0
1810
0
745
0
84
1808
0
0
0
177
260
2271
2942
0
812
0
2957
3118
1906
0
0
362
3218
0
0
0
0
4349
0
0
0
0
0
24
1435
0
1377
0
2485
0
4141
0
1031
4064
0
424
0
1267
522
2911
0
33
1195
0
0
0
3942
0
0
3054
245
0
0
416
227
0
1215
122
1068
0
4511
0
3622
4870
4606
29
1606
1248
0
1558
1601
2352
0
1732
1429
696
3
5434
3
0
390
0
0
2247
3961
0
0
568
1373
642
755
2718
0
2249
0
1281
0
468
5523
0
0
0
0
2232
940
4170
0
0
396
1490
1569
1285
0
348
0
456
750
0
1714
0
0
128
1308
888
14
364
0
2439
3452
6906
0
2162
0
2050
0
1295
3022
4825
2057
263
477
4314
3
0
0
1357
2689
0
0
0
0
1257
0
0
0
3311
560
4351
414
1956
6714
4696
0
1536
2409
0
0
217
3394
3652
1535
180
0
220
891
4483
4954
0
0
119
1227
0
0
896
5609
0
1684
0
1284
435
0
3366
4573
0
0
43
0
3739
0
2531
0
501
0
0
628
1538
0
6309
2437
0
1676
1258
531
0
0
468
379
438
2763
2763
6377
4304
1394
456
5829
3721
871
667
1550
0
3959
1512
1102
3052
0
4131
6258
1316
0
4094
658
2496
4347
3425
171
2521
408
2844
528
0
1391
2633
0
843
3970
0
981
4104
21
1988
473
4933
0
2033
0
0
0
0
0
1595
0
2115
231
0
0
0
763
6083
0
519
777
3870
1527
4563
3444
1401
63
4543
0
2154
0
1537
0
1413
2313
0
5722
5287
0
4126
0
4316
519
1250
0
1935
2638
2791
0
7121
1817
0
0
0
0
3
5231
740
0
5574
0
0
0
2990
4614
0
6110
5694
0
1359
5279
3027
739
1914
2240
1540
1778
4884
2058
1352
476
57
1446
0
0
656
4582
1526
3708
2382
0
3833
1068
0
33
0
0
4136
388
4629
1563
1123
1941
0
428
2060
0
5746
0
0
772
3411
6253
7171
1836
18
71
3526
2533
810
1165
1768
2093
3394
96
6
966
0
0
0
1690
1822
483
5558
81
0
2153
2351
420
0
777
2462
0
0
3683
4379
1087
0
0
430
2127
1323
1931
0
5287
1312
3090
0
5213
0
0
0
3899
2071
3714
4078
501
0
112
1095
4949
4142
0
1206
3391
4164
0
246
212
2389
4490
0
1372
1905
3217
0
138
0
0
2648
404
226
2242
2233
0
2232
304
2250
1609
2204
0
0
2175
2896
0
1989
0
1830
1117
593
0
3229
3763
2067
4304
1884
0
2733
1031
4508
2941
1912
378
1353
3853
0
0
726
0
3764
3426
90
5193
757
2148
24
1638
0
1041
0
660
2612
5297
1792
450
0
324
0
0
0
0
0
0
4385
2502
0
0
945
214
0
0
1401
2245
5227
1100
0
1256
263
921
880
2834
1015
2477
1404
952
0
0
4551
0
2789
6142
0
0
1173
0
1892
3459
501
456
0
2399
1302
0
0
460
0
0
1349
2681
0
0
1106
0
378
2167
1122
0
438
1201
0
1763
2130
783
4837
1243
1429
15
6368
0
0
1201
1867
2388
0
0
2954
1905
0
0
1719
480
511
5954
0
0
0
1889
0
0
0
345
5253
775
0
2368
5447
2696
0
0
0
6537
2071
4722
2231
2164
1260
0
819
0
5129
0
0
0
1223
5584
918
0
0
2694
3117
345
0
3
0
0
5446
0
556
1560
0
4572
2215
644
5140
3291
3915
1463
1904
1207
3228
0
0
3438
5432
963
3
0
1695
0
0
0
745
0
0
1134
0
1642
0
1349
2724
4948
4591
1700
0
1802
0
1929
5835
1396
0
2935
1260
1245
0
0
0
0
2250
180
3530
0
0
2231
0
190
2638
1612
0
0
2229
4725
1571
3603
0
0
0
5000
0
5009
1456
1016
1218
609
0
6119
0
620
4513
0
527
0
2198
0
0
0
339
1692
4876
0
2607
0
2594
1068
4939
927
0
1762
0
1072
942
1950
0
3235
3103
3040
2651
0
0
0
1329
0
481
0
0
551
0
808
0
1588
1993
1194
1116
4269
2754
1206
387
0
0
0
6125
3463
353
1125
0
1179
516
2387
3442
1280
0
13
615
2795
0
2343
0
4507
4506
0
0
1827
4655
0
2852
0
0
2286
0
2498
1339
3966
3440
3815
7160
0
3533
0
0
1212
0
70
1548
1206
4305
0
1946
137
0
0
2208
602
0
618
1184
229
1243
2262
0
1441
4374
0
0
126
2593
2521
688
1655
2618
921
0
702
0
6359
0
0
0
0
3409
2330
300
5994
2477
0
136
0
0
714
484
0
0
0
0
0
907
494
798
1865
2803
136
0
0
0
0
608
0
3293
2025
2216
763
3422
0
5331
0
2208
2189
105
4021
1332
0
2929
0
163
2738
1115
0
2275
0
3517
2312
1064
3909
0
624
0
1691
3873
4089
703
2065
5198
0
2261
1444
818
0
3728
0
667
0
234
3184
1456
0
740
0
0
0
0
429
0
1921
3787
305
1990
0
1174
0
5225
2298
6917
3944
4621
0
223
4231
0
150
121
3335
5168
0
0
0
0
1785
0
804
1903
0
0
0
4353
4660
0
0
662
567
0
1910
0
0
3779
1880
1495
0
0
2589
0
537
520
3342
0
107
0
393
4905
0
6639
648
2365
2230
3358
0
0
0
0
2265
0
0
2346
0
0
111
0
1738
0
0
0
4045
621
1482
20
1153
0
6950
0
1133
4453
534
0
0
6094
0
0
108
0
2664
0
2045
852
2398
0
1610
0
510
0
0
1590
1096
0
0
0
5931
2386
6
0
0
0
738
2687
0
2582
0
0
785
2329
5188
0
2401
0
2870
0
5671
0
272
1064
0
2801
434
0
0
1510
791
2896
3946
812
2801
5888
0
1309
0
995
1625
429
852
2999
0
540
0
1068
0
200
0
1341
4622
1618
0
6059
3740
3697
819
3256
2121
831
1541
0
0
800
0
0
0
5407
1725
3446
0
821
0
1098
850
0
0
1181
481
0
0
5728
1470
1541
1757
5008
0
0
0
4317
1267
0
3663
918
575
0
4434
0
2970
826
5426
4244
6
4088
1486
2034
0
3038
1520
0
4582
0
258
2603
1687
2096
0
0
0
6318
6913
0
4277
3461
0
578
0
3737
0
1158
2925
0
0
1484
0
2498
0
0
0
0
3326
0
4100
2833
0
2506
2230
1982
6770
550
0
6100
2905
3012
0
4227
1476
792
507
1179
0
0
621
0
225
3238
1085
554
1485
1053
6325
4037
0
0
2953
0
1433
400
0
4360
2327
1926
3266
0
1362
879
4188
0
0
0
3913
650
0
895
0
568
973
850
723
516
675
0
0
790
336
1422
2825
0
1914
845
1113
3821
5213
2979
0
344
4990
5628
0
0
880
3198
119
534
0
2708
0
0
6925
468
3419
0
0
2961
0
907
604
795
0
0
6472
0
0
3186
0
0
0
0
0
6190
0
0
0
5263
308
4483
0
3220
0
0
2118
0
0
3071
0
2081
0
0
0
565
6285
0
0
0
0
1168
378
0
6914
0
0
0
5201
1090
0
3908
2229
1046
0
0
1461
2038
3208
1860
1002
0
6
0
3013
0
5154
0
2734
0
608
384
5428
3955
856
0
0
814
710
0
0
0
0
4599
0
4021
459
3086
840
0
0
2442
0
0
0
0
2225
1785
0
0
0
4771
41
0
0
5603
2137
6495
5752
4256
2030
2539
1656
0
535
0
0
496
0
1190
4271
2098
408
4
1652
4707
891
3778
0
3771
2525
297
2637
1902
477
0
0
0
0
1716
0
0
1245
4176
1792
2596
1203
0
0
0
0
0
1305
0
1226
1317
4517
0
0
0
0
0
0
70
2776
0
1783
0
611
0
1225
262
4272
3575
0
0
2135
0
4166
4819
0
3875
2482
0
0
2549
6273
1396
0
0
0
3479
0
0
831
1001
1476
92
0
0
454
4188
0
459
2846
0
795
102
0
1519
1915
0
0
1041
0
1652
1818
0
6625
5019
1190
2498
0
2289
0
0
0
0
1264
4285
588
0
0
1692
1223
148
2561
3083
0
201
0
0
4785
4921
952
950
0
0
45
3750
0
4394
1736
1709
5692
377
2354
3721
1967
0
0
6202
0
1525
0
2077
2242
0
0
540
63
0
252
1186
0
3887
473
816
15
0
4226
3571
4523
0
0
2145
3323
2502
0
2099
1029
1164
0
0
1637
5151
0
5175
380
3496
0
1038
0
2850
3882
3569
0
2137
563
447
2731
4780
1192
695
3533
972
0
1006
0
0
1869
1902
0
458
2223
1140
857
3108
4871
4658
788
0
725
5306
0
1332
0
2411
1314
6268
3642
5566
0
1280
2500
768
4360
465
0
0
0
0
0
156
0
1635
924
0
944
1909
0
0
5942
6691
0
3450
0
0
891
4867
953
0
0
0
380
0
3209
1743
5198
4136
3695
0
118
175
835
4569
0
936
500
0
3215
0
1142
1176
0
3808
2763
875
0
5110
0
1392
0
1194
486
2930
0
0
1218
2752
0
0
3294
3768
0
2956
0
0
4601
0
3871
0
0
0
3033
6
4377
1041
760
5938
537
3540
876
0
5401
0
0
0
160
2256
486
558
0
0
3079
2007
2752
4571
968
0
0
0
0
2014
0
0
1492
670
245
425
492
0
724
1550
376
0
3073
1561
1964
0
0
0
0
0
3299
0
1068
5
0
7141
0
1396
1542
1987
2612
1500
1634
0
454
0
0
2946
0
0
2312
0
4080
2005
2532
500
1986
2815
1638
0
2112
0
3248
2052
0
6037
2667
0
1178
0
3784
0
0
0
0
2818
0
2094
0
0
5050
4817
1436
3533
2409
0
2418
0
6712
0
0
1733
0
0
2044
640
840
3606
0
0
1843
972
5411
0
2011
0
3791
0
0
2204
794
0
1796
10
0
0
0
0
2004
2829
1646
0
2762
6004
0
4871
0
0
2930
3216
3993
963
0
0
1056
1924
0
2178
0
4954
0
1650
2082
2254
1733
1900
1801
4605
1672
4183
0
0
649
448
0
4897
6057
0
0
2241
956
203
3452
3143
1067
640
1446
171
503
2968
0
614
4443
1417
0
419
2739
866
0
0
1720
2583
3944
0
0
2588
969
0
0
1219
0
1111
2581
3109
0
0
624
375
2443
1191
6159
0
4673
1877
625
0
3498
0
3402
4598
6126
0
1055
2674
1328
1106
1923
1915
315
1573
1027
0
2607
0
4954
316
0
852
1426
0
938
1510
1869
0
964
0
0
1335
0
0
2108
36
0
0
722
7069
4116
1468
0
0
0
438
0
3515
1431
4638
0
1614
0
1772
1715
0
1382
0
4113
3855
5029
0
775
2451
1986
0
0
1456
0
0
0
0
0
4281
2275
449
0
5535
2845
0
2351
0
970
0
24
0
4305
0
4910
0
2015
3974
0
35
1338
3565
0
5298
598
1744
3000
4535
3365
2413
0
1178
1110
0
3854
192
0
1203
6435
223
1832
1339
1649
2073
0
0
0
0
2972
1980
0
1504
0
0
0
1119
0
1566
1618
0
2255
0
0
738
3128
2180
5473
0
4559
0
4590
5269
481
2931
0
1485
1825
3546
7101
1119
2366
1669
1200
843
0
1943
806
3611
6618
4934
0
896
0
4014
1056
1113
1037
673
4613
0
5169
1353
0
3
0
0
2622
680
0
5027
1264
0
1471
3140
3638
2014
1690
2991
1236
535
3899
0
484
0
0
0
574
809
328
1464
613
0
3842
0
1311
2880
0
351
4222
0
362
0
0
0
0
0
0
0
2037
791
532
860
529
1695
5917
0
610
0
1677
0
0
0
6932
340
1616
1119
0
1029
1485
0
1823
1410
2097
0
0
620
0
2175
4005
184
0
863
839
59
1840
702
4159
1223
1825
2060
1654
0
0
342
0
0
0
260
599
0
3303
0
0
0
1376
264
3776
808
732
519
4597
2884
576
135
1215
4707
0
1160
2016
81
1335
750
768
2833
894
0
1613
648
1841
2443
0
0
465
2731
1399
1101
0
0
3337
1261
0
1336
0
0
6202
2881
2823
2413
0
2512
0
0
0
2870
0
0
2724
636
2976
1353
3529
1400
0
1162
0
0
4127
0
2322
0
1254
1022
0
448
1305
462
2228
366
0
0
414
714
7056
4224
0
0
477
0
3251
0
2585
2950
0
0
1925
0
76
2940
7822
4178
3418
0
0
6005
5803
0
0
816
0
0
1108
2508
0
0
83
0
481
706
3036
4432
3417
0
202
0
0
0
0
1325
248
1860
0
340
0
796
0
2232
0
0
2505
4859
0
0
1220
576
2826
550
1440
1354
4753
1271
655
0
0
1626
1669
188
0
0
6569
0
339
2024
0
605
2896
0
0
0
3
1397
0
0
4
2786
0
324
2552
395
5341
0
2904
664
1910
0
796
1636
720
4804
5228
2954
0
856
4338
96
0
3103
0
1905
1669
768
0
0
2596
0
0
0
0
0
4374
851
1095
0
2948
809
0
0
264
0
0
2672
0
1996
1344
4554
3256
6088
1380
1431
2075
4124
0
0
0
591
1543
218
890
6841
3882
928
731
0
2970
1512
1211
8
0
3842
663
0
0
0
1518
1218
0
0
0
0
0
0
5314
2160
7014
0
2976
4344
7035
444
1164
1611
0
0
844
0
0
0
1077
926
0
0
1009
0
0
2233
4179
0
2798
5195
0
0
560
24
2498
204
2086
0
7217
2757
0
6782
0
619
2687
6586
1149
4286
1747
1483
217
0
0
2426
0
0
3995
914
7022
1700
27
3066
822
0
3156
624
0
2856
4942
2322
571
766
0
3324
0
784
0
864
0
1061
2182
458
45
231
0
0
6084
4355
0
3756
0
627
5253
1149
1206
4919
0
0
0
0
5140
476
1212
3819
5297
0
0
1729
2181
18
0
0
1829
4281
0
700
2624
0
0
276
3419
729
5355
3220
5832
0
1927
25
989
0
5404
5601
0
0
0
0
1713
7524
0
350
0
678
6629
48
35
1996
429
4356
5705
0
852
3068
332
1410
2460
0
0
0
0
3440
1765
0
4566
0
0
4881
2451
3967
0
0
0
0
0
0
0
2321
2391
4349
0
0
0
6376
0
2535
3248
248
0
1055
0
0
0
216
0
1031
12
3999
1760
1942
641
0
4754
1332
480
0
2210
3088
910
2074
0
1175
3519
0
968
3799
3025
220
0
0
1207
5320
5175
0
878
4706
2756
719
0
2307
484
0
0
1161
1757
0
3582
0
2137
1775
3883
5635
0
0
6626
991
4395
0
5074
1525
7026
0
876
580
0
0
3223
2997
3443
948
0
0
0
2798
0
0
0
3092
5747
0
882
1122
0
3094
589
0
0
0
270
0
0
84
822
1344
0
1285
1116
1086
1552
450
3351
3087
0
494
1661
0
0
2711
5544
3475
874
2296
1162
0
2786
0
1161
0
1892
4562
4310
444
2792
666
485
1820
780
2388
3066
0
0
1125
5375
2384
427
386
0
0
0
1765
243
6758
1282
3528
0
2299
0
1867
1623
0
0
0
0
0
925
2393
4740
1866
0
0
592
3273
3424
6003
0
0
0
6668
3319
1230
0
0
2187
6748
630
0
1906
2167
3315
0
692
2709
0
0
112
1301
288
0
1214
2935
4476
0
396
204
1095
218
3885
2386
0
0
0
3724
839
1715
0
2962
0
4186
0
0
390
6885
1095
5458
5181
2957
0
886
0
3110
2983
211
0
805
0
0
2848
0
0
0
2068
1660
4194
5936
6468
0
4194
0
0
650
0
646
0
0
72
5196
135
0
0
0
4343
604
2465
684
2850
1315
970
2691
942
0
3894
0
3929
7629
0
478
0
3809
0
4986
0
2570
942
345
0
0
3195
0
0
0
2086
0
0
166
3761
1304
310
815
0
1395
0
0
413
0
0
3290
0
0
4747
5563
0
588
2655
811
0
0
0
0
3535
5604
0
1176
1221
0
574
0
0
3259
0
0
0
1087
1306
5880
764
3027
0
4256
0
1922
0
225
3859
2231
1899
2499
2603
0
759
0
0
0
802
2206
0
6307
0
540
0
1940
3479
1728
3353
2390
0
6352
4886
146
0
0
0
63
2376
1164
0
4967
1435
0
2063
0
0
284
822
6304
4175
1423
7710
60
492
1650
3386
4956
4173
1611
932
1681
5538
569
0
5779
834
5249
0
1646
2496
6040
0
3362
4828
3017
1520
1881
3608
0
903
0
0
0
139
1275
5551
5523
174
1841
479
2772
0
0
1881
5904
0
1436
0
1000
101
0
0
0
0
0
0
0
463
3065
441
0
25
104
0
2091
0
0
2681
1329
155
2999
2034
2887
465
3128
0
2942
2006
1778
0
0
1558
0
2482
0
0
0
1411
3077
1919
354
4400
632
388
0
0
3038
330
480
1275
3593
0
6159
1584
0
525
0
5710
531
964
0
252
7370
299
5440
0
102
498
2560
520
0
0
0
871
0
0
160
2949
7011
766
1703
0
5278
0
2515
769
1411
2719
301
0
0
551
810
5012
1013
1966
1983
1729
2275
0
0
0
0
1086
158
1617
0
0
0
0
0
3665
1317
1068
1335
4301
526
1944
1654
2432
3260
5610
4374
161
5717
0
3
2748
0
1505
2236
1065
7187
1656
5516
959
0
0
0
0
3444
1416
0
4954
0
2877
0
5521
6600
0
0
516
975
1563
3717
1165
3304
0
589
2966
2608
0
0
1962
1199
0
2643
1377
3499
5832
0
66
1380
4400
1496
954
0
14
0
947
4274
1101
0
0
0
1018
252
0
1358
1388
1385
1245
1668
0
957
4180
0
770
1364
0
4355
0
363
3355
0
421
1760
5963
3142
0
0
7209
1095
522
0
3904
0
0
552
6096
0
575
2017
0
100
3097
2522
0
0
89
6489
3639
0
1252
4297
3830
600
0
0
2453
744
0
1395
384
4662
346
1002
0
0
3338
190
39
2167
0
0
0
324
0
667
1999
0
1830
38
1093
420
1470
1517
0
726
1925
4523
2338
3582
0
0
0
624
1102
5536
0
1103
0
5661
1424
3836
8
0
5426
1468
0
357
3977
790
176
1896
2751
2151
2682
3268
0
1199
521
0
4672
0
2673
2410
923
0
690
0
5783
0
0
0
1607
4449
1220
5554
0
0
0
533
1092
0
964
188
0
0
224
0
0
5717
0
0
0
1164
2096
6576
3773
466
3035
1237
1525
0
0
0
2751
0
7249
0
3093
1351
1815
2841
3981
4940
1867
982
5304
4579
1723
0
2337
205
5658
1030
0
0
558
3019
2247
77
2570
6
0
1633
0
1906
0
0
920
2230
4622
0
1965
3
0
143
0
3197
0
955
1004
0
0
332
0
0
0
3449
1671
0
0
12
595
2005
969
448
0
304
1452
2212
0
4267
238
1544
270
574
3950
0
3543
309
124
3608
1680
0
0
6
0
0
4306
805
5319
4993
10
2923
0
0
240
3073
2453
1471
492
84
1441
0
574
1449
0
0
0
2554
4186
525
0
5473
0
1390
408
0
0
6318
0
4709
0
455
0
3761
418
0
4643
1254
0
1208
4774
1845
0
0
1173
0
0
2499
1892
2630
0
3090
0
851
1020
0
0
397
0
1116
0
4743
1384
779
3012
0
0
1058
1724
0
4729
0
0
675
472
1013
821
4357
0
0
0
0
0
0
605
4696
663
0
535
2542
5523
4987
6535
609
0
1081
2027
0
0
1526
0
5338
0
0
0
54
0
0
3392
0
1255
1630
0
854
3135
2256
351
230
1643
0
2926
2655
0
1145
0
780
2000
0
3144
0
1789
2140
508
1985
548
1883
0
0
1333
0
0
3354
354
0
2228
1635
2618
0
755
0
0
0
779
4616
5502
0
832
1469
0
0
6057
4030
5204
514
0
806
644
0
2256
5056
0
0
0
1184
3908
1122
2936
3589
840
6
2522
0
0
2275
0
4905
3004
3412
5476
0
1921
0
904
4751
0
0
961
615
0
0
5932
2358
1257
3558
0
0
4518
3
0
0
534
2394
2901
0
36
95
1336
0
0
1641
5660
5135
1383
90
2052
1396
653
2093
3083
411
3541
0
1251
1042
48
0
6178
3817
0
2737
1331
0
925
0
0
0
3647
571
781
1176
4671
2798
4555
4490
1577
0
3732
2105
906
3233
3474
4795
1355
5298
1295
22
2972
484
1418
2924
832
1682
1932
2122
249
0
345
2191
5653
68
3675
6967
0
0
283
0
0
5154
0
4747
0
1283
0
38
0
0
463
0
0
5833
2233
0
2728
5724
976
632
36
8905
0
4071
2068
6373
7278
1423
0
2121
1505
0
0
3795
512
0
760
6284
347
0
0
985
1290
4304
0
1204
0
5397
0
0
0
3373
0
4791
940
0
2998
5643
0
0
0
2482
0
513
0
0
1705
0
715
2321
0
183
474
1187
1499
3542
0
3043
1614
0
4634
0
1272
1773
0
2517
2964
3097
625
0
7109
0
2421
2089
886
510
3569
0
0
5114
0
0
4038
235
0
0
211
7373
1044
12
2765
0
911
7326
2248
6196
0
732
5478
0
792
3708
2141
3353
2493
0
0
1091
0
456
0
413
434
572
1543
0
3
3938
0
3483
0
865
2607
413
0
1015
2717
0
0
2366
336
363
4412
4403
4859
135
4872
2765
460
4659
4169
0
3978
0
0
0
4936
361
0
0
1773
0
0
3862
467
0
5569
0
0
0
0
0
6661
0
0
0
836
1167
0
7175
622
663
6610
2737
802
1393
1349
0
4983
0
890
3823
499
0
603
1471
0
359
0
0
232
4645
3201
153
608
1680
0
3178
2515
4719
7344
0
1406
0
3
847
1608
3567
1188
0
0
647
20
0
0
0
0
0
3488
2737
0
1038
4201
2418
0
3163
0
2343
0
0
0
0
1500
0
2313
4674
0
0
1281
0
0
2654
607
256
1349
0
0
0
0
2971
0
5219
3084
4315
0
0
0
0
5534
4374
3651
1204
6147
4208
4523
0
0
880
534
1090
0
2718
0
240
642
742
0
1406
2950
1771
2353
0
752
0
0
2318
0
0
2185
2351
1167
0
3918
0
2669
0
2417
5225
5543
1257
2836
3083
0
0
0
1079
663
1770
1112
0
2339
0
402
0
0
7058
0
0
0
2427
332
956
0
0
2659
0
2885
1594
0
834
1767
5960
61
1000
2542
0
435
0
10
4577
0
0
0
0
5239
2169
1290
7110
0
2180
1358
1429
0
4318
645
0
35
1868
0
3
2623
0
0
0
0
4845
1425
4062
1480
2280
4585
1562
568
0
0
0
1871
0
2258
3107
0
4004
1550
2657
786
6257
873
0
901
0
529
1018
4319
747
0
2886
518
1628
1430
0
0
1565
0
384
2776
683
2964
745
2411
0
5496
0
923
2968
0
4184
0
6
0
0
0
4408
3934
0
0
1180
2832
0
4011
0
144
0
0
3525
691
1567
1963
296
960
2944
0
0
4972
2883
1969
0
1498
788
4156
899
5203
838
3650
0
627
0
2555
915
0
3568
295
2831
2615
0
3840
2438
4758
0
2104
3066
2633
4019
1647
0
0
3168
2234
738
1120
0
1361
2083
1086
0
3748
0
581
0
0
765
1049
2946
258
1714
0
1958
1023
0
397
2007
0
5675
2317
1473
0
0
2840
420
0
0
1496
0
0
1632
0
0
5098
0
0
2938
3468
560
0
0
6310
2569
504
5206
1104
0
0
677
672
4801
2275
5674
5494
0
0
0
0
6191
0
3434
1914
5002
0
2066
4419
0
832
4713
2034
1012
4247
3019
4542
0
672
578
1708
51
0
817
0
2069
0
2490
0
0
3594
0
2504
0
252
4198
0
2960
0
0
1651
1033
0
3859
1346
0
228
3641
0
0
0
536
0
896
0
0
0
0
0
3068
2107
805
0
0
0
0
0
0
1652
1701
6896
0
0
1785
3770
4024
224
0
1540
580
1931
5114
0
724
5251
36
0
2752
0
59
2321
33
4149
3620
276
1896
0
74
1794
0
4279
0
0
4971
758
0
0
0
0
3020
1844
1476
45
0
2293
0
2714
2571
1388
0
231
0
0
0
2438
0
0
0
1788
0
3326
4624
0
756
310
3321
4162
0
442
1959
954
176
0
0
4907
5102
172
1560
3153
3984
0
390
0
1204
807
0
5213
3283
0
806
0
1008
0
1773
1855
0
1291
0
2758
4804
795
0
64
2755
3836
0
0
0
4424
0
0
0
916
0
598
0
874
980
0
545
0
1030
0
384
1813
405
3045
876
1066
3213
196
1045
288
2838
2118
127
1626
859
860
860
1182
1685
0
3846
723
0
0
6254
0
0
0
1120
0
1598
2181
276
3962
18
0
0
2495
2065
0
2172
1215
0
3424
6658
0
1436
4813
175
0
0
240
0
4521
0
3560
0
3156
0
5939
2212
3409
0
417
0
136
0
0
1309
0
0
0
0
1640
4647
1399
0
1458
1300
0
0
0
0
0
1875
0
4325
0
0
0
1887
5229
0
825
15
273
2422
0
0
5556
3328
0
3331
0
0
640
5755
0
1404
0
0
134
0
59
680
1842
3682
0
2082
0
0
596
0
0
0
628
0
0
0
2060
0
308
553
714
0
4618
700
5642
1145
0
0
0
0
0
1394
6233
0
1160
2235
6353
315
0
0
0
0
0
0
0
5258
1100
0
232
795
6423
1690
2241
850
0
253
2215
591
4135
0
808
0
363
0
3101
0
0
3770
4071
0
0
0
988
5767
0
0
1289
230
770
0
1607
554
1052
2846
900
3025
2249
1089
0
3949
1049
0
4389
1704
1650
0
0
561
1667
105
0
700
2434
0
375
0
6048
0
3208
5325
5304
1547
6200
210
1218
6698
0
0
786
678
3490
5831
0
0
1072
3608
0
2451
344
0
1864
0
69
0
672
0
1741
0
3
0
0
0
3627
1161
629
0
3808
5706
0
0
687
0
0
4187
0
0
1206
354
1231
0
1071
0
174
560
487
0
3795
0
0
2966
4432
213
2489
0
1177
2618
2691
1782
0
2849
0
4842
2781
0
811
0
1221
68
391
746
0
0
1323
112
148
0
1174
1781
0
0
0
548
0
1564
2350
2830
284
285
0
1348
7564
1065
0
282
0
597
1740
3401
2133
1410
2516
2420
0
3368
799
1540
0
292
1008
2152
732
0
0
0
1128
3542
0
0
0
1829
0
0
2869
0
0
2162
1173
6393
3833
0
0
141
3327
1234
0
954
0
6531
264
0
270
551
0
6213
0
429
708
0
781
1456
0
0
495
5125
0
5051
0
5803
1672
485
2359
0
0
0
1200
208
6
0
1179
0
0
252
1551
4094
0
0
1160
2137
760
0
4321
1656
0
1983
0
3687
2481
44
0
4846
2230
3928
3508
720
1617
2064
3819
2001
3126
4411
0
2602
3602
6200
1298
4132
3723
907
0
240
0
4318
0
0
1653
2460
4983
0
1516
0
0
2095
2158
1344
1011
5554
0
4089
255
0
0
782
378
1398
2080
10
0
0
0
541
1311
0
0
0
420
3186
2175
2718
892
1679
954
273
456
1737
75
0
1012
0
0
0
2136
1978
71
3730
0
1585
1417
0
0
1095
1614
0
1753
0
5063
0
0
3105
0
0
0
879
0
4242
6815
0
0
1134
1277
0
0
703
1647
2133
0
5062
2478
0
0
0
0
0
129
5362
3
1852
0
676
0
0
260
0
0
0
1415
385
1745
4991
0
0
3727
588
1407
744
4351
880
0
270
0
0
1396
0
519
0
0
812
1833
306
0
0
1751
0
280
7049
4437
4320
1410
0
4622
5705
0
2232
2242
1758
570
188
695
3225
1744
0
1312
816
5900
865
5134
423
3250
2762
0
0
6909
0
3499
5
642
2372
1451
1977
2052
5336
0
1561
4480
5203
0
1111
0
1508
876
4336
0
1259
6229
0
0
2065
318
0
0
0
0
2560
0
528
0
0
2065
0
684
3816
320
0
4957
2295
0
4794
498
0
3337
0
2706
3974
0
0
0
0
0
2894
0
3531
0
0
999
3178
1770
0
5925
0
1756
0
3334
0
697
288
76
5838
3000
1107
4426
1950
0
500
0
0
835
0
2870
0
270
0
0
1257
641
0
0
0
4197
45
0
969
1506
0
4422
0
0
0
0
0
5407
0
3963
238
685
2833
2701
0
2477
27
1321
404
0
0
1200
0
582
472
5076
371
0
2089
190
5162
2442
0
931
0
2762
3460
400
945
0
1040
6016
0
1611
0
1868
0
7126
5290
2041
303
450
1070
1014
2970
0
1604
1384
28
485
4938
0
3889
1073
67
0
2958
4318
0
3665
0
0
0
6160
0
0
18
2847
1948
0
6594
0
0
0
4345
2657
1445
321
2394
0
0
1205
2613
0
1437
0
1784
2885
2219
0
1176
1232
0
4334
1664
0
4701
749
1026
10
0
0
0
806
196
111
400
906
2108
932
3
4434
0
3966
2821
0
1004
2834
1007
0
5599
0
4526
0
0
6562
0
0
0
1260
4541
2822
1084
4385
0
255
1855
1907
535
0
2925
1697
6308
252
0
747
0
2601
0
0
0
0
980
376
1555
1186
4160
0
1744
2117
1450
1444
3483
1121
3
0
0
648
3950
1433
2450
0
0
1714
0
1090
1816
2323
0
0
0
278
4000
1792
4388
2071
289
0
250
3514
0
0
2626
3832
0
4650
167
436
2894
0
2778
2949
0
3562
374
1316
0
112
2480
690
2943
4339
770
4498
800
0
4171
520
4120
0
4013
3716
270
341
5794
0
0
3178
0
0
0
3597
1304
2068
0
3947
0
0
2930
0
0
427
0
1477
1710
1411
0
2676
5192
0
5101
4023
2455
2264
0
1135
116
0
1333
4856
498
1734
0
0
1313
2604
2171
41
0
0
3
1086
1836
1176
0
0
880
1301
0
0
296
2697
4110
960
0
0
1592
6298
2657
266
901
83
0
0
0
2902
0
0
7715
0
0
755
465
3713
5060
1249
5405
0
3016
2388
0
2194
892
685
232
0
0
1206
0
0
1636
0
543
363
0
4674
0
264
0
0
0
160
504
2623
0
0
0
0
0
1443
0
0
0
475
0
3307
1692
1500
0
0
3388
1568
3919
2303
3384
2301
323
0
0
955
0
496
0
0
0
2119
0
2589
1554
0
0
2446
0
1440
403
3340
6004
0
2149
4815
374
0
2078
2820
2561
0
0
0
0
3995
935
0
0
0
0
0
561
3830
0
0
0
0
2707
0
6032
0
0
3449
6060
0
0
0
5348
2535
1302
700
295
315
788
2084
0
1575
0
1397
0
1490
1268
0
0
858
4406
2014
0
8762
0
3076
594
1140
408
0
4882
0
0
3320
2454
128
0
0
2503
0
0
2901
2624
0
3797
4336
0
0
2047
0
2600
4085
4176
0
801
0
0
2334
0
1610
3133
1675
0
0
1429
738
2487
2391
518
3440
2200
272
3785
2976
1247
904
336
0
0
770
208
996
3189
3826
1712
955
220
0
525
143
0
3
1991
2984
1433
1391
0
1861
3566
0
1855
357
0
312
2389
0
0
3606
3173
2762
0
1297
1095
0
0
0
1068
0
6489
1687
0
5803
0
3162
2504
0
2514
1854
1016
2134
1617
1538
330
0
4203
212
864
441
0
1171
0
3675
0
0
4958
833
3611
1837
0
437
2519
0
1848
0
1325
0
585
0
3970
3966
0
0
816
1092
688
4482
3143
0
4120
0
804
0
0
1078
2494
0
2666
0
3678
468
749
2453
1990
1015
0
487
3025
720
1088
0
4755
0
0
1436
0
3422
0
1727
1573
3589
2969
0
0
129
919
0
3424
2109
0
713
0
2649
0
1525
801
0
3053
0
0
0
0
0
0
1122
2545
4900
720
1960
0
4097
0
0
0
1574
0
3485
0
944
1991
1981
3948
0
0
0
4626
3088
2016
0
3
786
1364
0
0
882
969
0
1100
5394
0
0
0
0
0
2080
0
0
0
504
5434
0
2350
2016
5309
1120
0
0
3621
0
0
4675
1881
0
0
1314
0
0
2567
162
0
1384
3466
140
0
0
0
3990
1480
2121
0
704
0
579
1566
0
3086
4337
0
0
0
0
232
0
0
0
2022
1929
2540
1032
200
0
1424
1662
0
3339
4208
1017
890
0
526
2912
0
1765
695
2368
6527
0
0
3106
2601
1833
0
0
171
0
1678
1669
0
2614
2273
2044
0
0
77
150
0
4
2880
0
0
1447
3958
300
0
2942
0
0
0
0
0
0
623
0
0
1190
0
7428
3358
1619
3695
0
2453
0
0
294
865
2640
0
0
6287
0
640
0
0
0
0
2654
0
0
0
1326
4389
0
526
5289
1978
1122
384
2097
3232
3445
663
0
6457
3408
0
5185
0
1762
0
1235
0
0
126
3677
6076
0
2172
2104
1141
2290
3270
1331
0
4251
1571
1954
0
462
0
0
0
5903
0
565
6579
1121
2931
3708
192
5552
0
0
0
615
1837
672
0
0
760
0
0
0
330
0
3407
0
1656
0
0
1339
0
3071
240
2012
532
0
138
384
0
4321
3448
95
172
3111
2861
4052
2365
2377
0
0
3063
849
0
1134
740
3443
0
1149
0
1516
0
0
4617
0
3712
0
2391
0
6162
0
0
3782
0
315
4917
492
0
3173
0
0
0
6437
629
0
522
4394
0
393
15
0
1549
57
0
1116
0
0
7054
920
0
0
0
0
4311
1526
1764
0
848
0
0
1302
0
6640
1033
525
0
410
1118
1559
0
0
829
0
608
0
0
0
4436
1669
1895
3343
1120
240
0
0
547
433
62
444
0
0
4530
129
37
105
0
0
861
0
0
5037
0
0
2415
2514
771
826
4385
4809
6
491
0
0
804
1970
4528
0
1120
2386
2674
0
900
327
395
0
1520
0
0
581
0
1300
0
2100
0
2327
477
5279
0
666
0
0
726
3750
0
0
2570
0
3081
0
0
0
3297
0
1794
1526
1166
0
0
1111
0
3621
1573
0
6320
4775
4131
0
0
1813
26
0
800
0
5566
6141
270
3260
479
860
546
0
2992
0
0
0
357
0
0
0
0
4137
3232
1173
280
2967
0
0
0
3295
2083
881
1843
1416
132
0
119
0
1636
3435
0
0
0
5297
598
3260
2392
129
927
148
787
839
5543
3085
0
0
1540
0
0
0
0
0
0
2112
1621
2558
2203
964
0
0
282
2906
5075
0
5199
0
0
6589
0
4277
0
0
0
2672
0
1220
1951
951
3203
1791
4380
6536
1721
3320
0
3986
3463
3044
1367
0
0
1407
1344
0
486
1635
2801
0
4455
2922
0
0
0
4733
0
0
3615
1653
3549
0
4053
0
2495
22
0
4106
0
5366
1746
3413
3552
0
1575
0
990
1250
2433
4667
0
0
4097
5946
4230
1171
1300
4897
2450
0
0
0
466
0
6370
0
0
2315
0
4577
1618
2912
0
0
435
2549
853
1331
3960
209
2158
0
0
3884
3007
0
6340
374
0
2696
0
0
1167
2387
0
4307
0
0
3252
3037
1403
3077
2242
3158
0
0
0
3965
0
0
0
2958
2580
0
3090
0
0
0
108
1862
1725
5442
558
0
3417
0
1012
237
1379
1959
64
0
1318
1951
1158
502
3538
2602
2106
4464
4146
0
4893
0
2234
4432
24
2718
0
0
0
0
0
1576
3128
342
260
5903
0
4588
885
1508
0
143
3096
5458
2785
1686
0
836
2579
1730
0
1084
2576
3621
0
3079
0
0
0
0
0
0
7481
0
4003
2539
0
0
513
0
4578
3685
2103
0
0
3132
0
0
3609
2359
2527
3847
0
4005
1637
0
4731
829
3526
0
0
2106
4633
0
0
0
0
740
4790
2701
4094
1561
2001
6208
2042
0
0
1950
549
0
605
2714
0
127
2365
0
275
0
252
3266
3845
4660
0
3656
0
404
2163
0
4519
5694
511
0
1360
372
0
2626
0
3201
20
0
5285
2399
0
329
390
0
0
570
2629
76
83
780
0
837
2779
1623
2042
1115
0
0
249
2583
0
0
0
0
0
552
1603
700
2612
933
3050
1746
3153
2028
0
0
4167
0
753
0
276
0
1439
2291
0
0
2079
3529
4148
3855
0
0
3720
4144
0
3415
0
0
6393
1448
0
1369
0
586
248
2107
1211
0
1383
2268
1546
0
0
0
5318
2005
4544
1421
0
1532
0
0
0
0
4587
544
0
0
3044
0
3688
0
4594
3339
3578
2864
4943
0
766
4641
1017
3319
321
6339
1882
5425
189
0
0
4855
0
577
6219
0
0
0
205
687
775
596
1287
206
0
1448
747
422
4381
4872
0
7049
546
0
1259
1848
877
1543
0
1195
0
1334
0
0
4669
0
3768
1385
165
0
4506
0
3296
4985
4710
6763
6170
1404
2433
0
0
2849
690
3035
2166
1050
3106
3095
0
0
168
5466
0
2835
727
0
0
0
4344
4065
1020
2879
1016
252
0
51
0
0
2171
0
1132
0
0
0
0
4306
855
1787
2008
500
0
0
2731
1125
1740
4205
0
3092
959
979
0
5082
0
0
456
0
2985
4475
2202
0
3614
3254
168
1420
0
2849
0
6
5513
0
0
5444
0
0
380
3995
0
784
4612
262
0
1110
49
4578
330
6428
0
1640
2016
402
344
4978
5184
755
0
0
0
230
83
1242
235
1037
408
2041
3693
0
1195
0
0
4613
2668
168
2232
860
0
0
0
0
0
575
3925
548
0
0
1003
2330
3331
4578
2109
2480
0
6980
0
0
81
1941
2376
1281
228
606
3038
3949
3759
465
0
2941
0
675
794
3573
5596
0
0
3044
3422
0
1496
1413
352
0
0
6571
4027
0
0
3659
3
0
0
0
0
0
3049
0
0
1090
1455
4628
0
0
0
5180
2010
7151
0
1698
0
2608
0
0
1392
1035
0
6575
1680
220
141
0
162
0
4760
922
4754
0
0
0
1281
5137
1830
0
0
0
4772
198
2742
172
2597
0
1769
1472
0
5083
0
0
0
5946
473
0
0
0
1561
0
0
0
0
0
1180
0
5669
2541
4872
2039
1164
39
210
0
1876
2012
4650
1580
1683
0
2184
9480
750
1630
0
2264
888
0
330
1081
444
4384
3087
2052
0
3029
0
0
2098
2220
0
71
0
5157
3697
0
1296
2164
4036
2556
336
0
1811
1007
1620
3099
0
1387
1995
0
696
0
3012
1676
0
3283
6203
1683
0
1170
1326
0
0
2451
3613
673
1932
0
0
3730
275
54
1051
4053
432
3569
6104
2442
0
0
1207
0
2269
1445
0
0
3009
0
1241
0
0
4573
1108
3089
4837
1807
0
0
857
7140
2025
3103
0
1891
0
0
0
1571
1684
0
0
3585
3744
0
3730
0
1815
0
0
0
1962
5045
1242
497
6010
3537
2659
0
7403
0
7093
0
4925
850
5480
1166
3408
3
484
6421
0
1185
0
0
0
0
0
294
0
0
0
7220
0
0
609
0
0
199
0
3043
2579
0
0
3772
0
3
0
0
0
1173
0
148
1503
89
566
743
1358
2237
0
0
792
1113
0
2383
1615
760
5923
574
3755
0
2634
477
5279
3004
818
0
0
0
5353
0
24
373
2207
3684
168
2721
0
0
0
3614
0
4475
428
280
570
876
0
0
0
1484
1902
209
5054
3703
0
1400
2022
1163
0
0
0
0
2080
0
4037
0
4538
3278
0
0
0
0
2486
1696
1700
768
0
0
555
0
3397
0
4994
0
0
0
2308
656
3797
2835
3973
3952
0
0
2496
0
0
36
1685
1845
222
0
2297
2673
2871
2118
0
0
6133
2547
739
1137
235
3701
0
0
2325
387
0
442
120
3065
943
4519
1593
2304
0
0
2259
0
0
0
840
0
578
1859
0
1232
0
990
0
5583
0
144
2142
3951
599
1140
3431
832
2014
3919
0
7534
2445
2831
1048
2497
0
2070
0
0
4793
4949
4218
4382
1162
1005
0
125
3985
0
1490
240
0
0
2064
1110
0
2687
86
1471
0
2955
1567
2987
0
406
1757
0
0
1680
0
741
36
0
3669
3844
892
3550
4163
5768
211
4
0
0
0
145
0
0
0
664
0
1099
3429
0
0
3127
1756
0
1921
5703
3974
560
608
4429
0
518
0
2780
264
1712
0
0
3542
2080
1026
5389
4315
0
5802
900
760
0
1896
3278
0
0
569
888
0
0
1903
4289
916
0
0
0
0
0
2015
833
0
0
0
1670
3040
0
3695
2584
24
0
3021
1594
1341
0
0
1390
6365
705
1234
0
6390
260
2173
5523
3070
0
3965
0
5976
873
264
626
2897
2403
0
2870
0
6
7217
60
0
1778
0
3010
0
0
0
2356
3458
0
3256
0
5356
1036
0
3705
0
1594
0
3798
1480
3504
4798
0
0
2861
1059
0
656
812
485
0
3759
4319
0
3240
701
1751
0
1388
0
102
334
1738
0
1040
0
728
4297
0
498
0
3957
2451
0
1160
2748
6
6199
2909
87
0
432
1558
6597
0
0
1480
1251
1833
2391
215
4474
2834
0
0
1862
712
3821
2052
1189
913
0
1747
713
0
2459
2356
2868
5772
0
1392
4
0
0
971
0
738
0
289
346
4117
5507
2461
0
97
0
1956
0
1818
2234
918
0
3001
209
682
0
5543
0
372
0
0
340
1257
2532
0
0
3552
3
1951
0
1371
238
950
418
0
309
150
3069
3928
4918
0
4102
1702
0
1356
2188
1076
0
3702
5311
6377
717
0
2770
0
1453
1319
304
0
4618
1934
5377
3999
6460
3090
0
0
672
1946
0
0
0
3354
0
3989
0
0
4733
3500
0
372
1090
5108
104
0
1056
0
0
6248
0
0
1065
0
1696
3476
0
24
0
0
0
2608
476
5172
0
0
196
1270
459
0
1367
0
0
0
0
1282
3799
2103
5944
3
0
1016
0
1468
574
2817
1944
6263
301
0
0
1933
3496
0
717
934
0
2309
1556
3339
1222
384
133
69
4959
1954
125
6584
555
0
0
0
3625
0
1091
0
3284
6289
0
2337
1760
3300
596
0
2476
0
0
1608
0
3898
0
0
1200
2586
351
2774
2472
1188
0
1422
0
6
3543
2405
0
595
0
0
555
1666
0
0
0
3776
605
5671
3273
487
0
1834
0
4161
5020
0
0
5820
2256
6881
3470
0
371
0
0
35
0
0
2021
3863
0
4585
2323
0
0
2778
0
794
0
0
1554
0
0
0
690
277
1387
0
5908
1763
0
3
4844
2776
224
0
0
678
3973
3608
0
846
573
0
7241
2255
3256
5116
315
2326
5047
0
0
0
1697
0
740
4948
1267
1192
0
4289
3841
343
0
0
0
213
4720
0
2781
1517
1266
0
3513
0
550
0
4869
0
717
2091
0
0
0
0
3440
0
6545
1502
1880
348
0
1486
0
5432
2247
6541
0
0
5737
948
6416
1756
576
0
0
0
2978
0
0
4025
792
0
4599
0
0
2511
0
1152
1760
22
0
0
0
1867
1245
0
656
0
0
4486
1308
0
5845
0
2517
0
1731
6190
848
2493
3459
0
2028
0
1020
3514
48
3695
3201
2608
0
956
353
744
1771
0
2259
3812
3309
3812
0
0
0
0
0
6156
0
0
862
3638
0
1387
0
0
0
2217
0
0
5920
1775
0
697
0
0
0
495
591
154
1759
0
0
0
2122
0
0
675
1320
0
0
0
2305
3
0
0
1262
2705
858
0
0
791
885
0
5121
0
474
3762
0
1144
6352
3771
0
0
843
3959
5544
464
0
3
1645
0
7076
0
4280
0
4765
3983
4518
4444
0
0
3722
1156
0
288
0
5539
0
0
0
0
3439
721
931
1701
0
289
2666
0
0
6179
5660
7313
0
1273
0
1658
0
4009
979
5449
387
1400
4107
1738
0
1036
3994
1204
0
465
5282
0
3726
618
4293
30
1260
924
120
0
1723
0
5961
3247
6625
2258
1195
0
150
0
0
0
1471
3029
0
0
719
2730
3108
0
0
0
7936
3915
0
4198
180
0
2644
0
0
0
4475
0
625
794
0
6902
3505
0
907
1804
0
742
392
6492
1806
845
0
2730
2554
2478
0
2191
2511
0
0
1083
5516
106
1866
0
2091
4945
1417
291
1787
275
661
1438
1982
0
3560
0
998
922
4737
95
7161
790
1758
1873
0
0
0
0
0
0
5159
1428
2826
3958
1874
2051
0
4679
3960
883
267
0
0
0
1272
1694
6509
3314
0
0
3035
628
906
1476
0
5911
4104
3170
2358
0
3663
0
0
4841
82
4521
1021
0
303
1314
0
4820
0
0
2284
6
3
2028
3407
0
0
0
850
0
3977
5455
1417
552
4954
2490
4327
2142
0
1722
0
0
399
0
69
3571
1536
1390
3307
200
1335
0
3918
1956
566
0
2929
0
3719
3934
0
0
0
0
4164
0
0
3
0
0
1270
1794
2961
1632
0
1102
4449
25
0
883
0
731
1320
0
1673
2480
681
0
2893
432
0
2004
0
66
2521
0
1566
5023
5897
3847
3015
3543
1564
0
0
80
0
1498
3181
2137
4519
5237
1011
0
0
1287
0
3893
3379
0
1836
706
1211
984
0
888
78
0
0
0
1024
1098
589
0
6469
1589
2091
0
3149
6690
1940
3683
0
3213
0
3843
3815
1925
646
4186
0
0
0
0
159
2008
1031
1018
0
0
0
502
0
0
4626
1242
2020
32
494
4986
0
3129
236
2908
3000
0
2039
0
6130
1084
0
0
5862
1570
1717
3995
0
2630
0
0
0
1053
744
3596
670
232
2031
3483
2338
63
647
4169
1530
0
1195
0
6223
2980
0
0
0
5758
2339
2745
0
2681
1980
0
2555
107
41
1253
0
202
401
0
4
937
0
0
0
1857
3916
1341
4489
4151
0
1195
1103
3273
882
1967
1064
0
5350
0
0
2282
0
4568
8
0
0
1188
2475
24
6298
3529
3230
5563
4750
0
0
0
1385
747
0
994
0
0
0
0
0
0
417
0
2103
2084
0
0
6143
4066
4393
737
2160
2217
5788
0
1226
1602
0
0
2057
1846
86
0
0
0
1772
2585
3576
0
2637
2916
2584
66
7759
4774
968
0
0
582
0
784
773
800
0
24
0
3328
5699
0
1691
0
422
4134
0
0
1253
0
1524
0
1580
0
903
0
143
0
0
1505
3942
802
0
1516
0
0
4821
1638
1544
0
1201
1589
0
0
0
12026
4184
0
1134
0
3015
1703
0
890
5384
0
40
0
0
0
4086
0
0
208
364
4889
0
4558
0
529
846
4349
0
0
2132
0
3933
6477
0
0
112
0
1078
0
0
0
5503
633
1030
1136
0
5225
2240
2933
1206
1335
1252
2346
1309
4093
2251
0
3571
0
3458
5092
1396
0
0
3744
3403
0
0
1662
1095
1616
4300
3282
1482
490
645
3023
1985
510
0
31
0
2577
4304
2741
1368
4303
4148
5505
1244
0
0
0
1875
395
845
1308
0
540
2260
2613
1510
2203
0
137
4629
3262
2986
0
1262
549
848
0
0
1619
459
0
3454
0
3815
2638
0
1628
0
1968
465
2700
0
2058
0
4487
0
3415
4111
3745
1570
3238
768
0
0
6321
1896
0
6374
3270
0
0
0
0
3032
308
4455
5938
1808
0
0
0
1765
0
0
4637
2560
1725
941
5641
0
1264
48
1095
0
157
0
0
1821
0
0
4838
616
0
1400
496
83
1268
4485
2774
0
0
0
630
2726
3677
918
306
0
0
4135
704
0
0
290
0
0
5411
4279
3600
1360
0
0
0
5423
0
1606
4530
334
2790
834
0
4433
1825
2066
0
2941
1490
1570
0
0
7238
1402
2667
3464
0
0
0
877
0
0
2600
0
0
2321
3446
0
0
4475
2984
3273
0
0
0
637
1751
0
651
465
4050
2086
0
0
2650
0
3407
0
5909
1660
0
6898
0
0
1725
0
0
0
6286
3718
1145
4969
5924
0
1730
0
0
2741
5543
0
0
4678
0
1329
0
2269
1657
4278
472
476
1154
1449
1488
0
0
572
2528
3525
0
3868
952
0
2305
605
611
2246
972
0
0
5989
2067
894
5149
6342
0
0
2359
1108
5594
4776
2642
3358
4356
4682
0
0
1726
0
0
918
1860
0
3651
4554
4982
0
0
2474
42
0
0
1987
2356
12
4401
1344
4625
0
1172
420
1024
783
0
2003
954
4513
6088
0
0
0
0
1042
896
0
0
0
0
0
7268
0
2457
0
1309
1456
0
687
0
4498
0
4953
1251
1432
0
0
2685
0
0
755
0
2232
0
1693
1002
1971
2934
3214
4778
1004
0
0
4768
2465
1224
505
0
5655
1188
0
4756
732
2455
5541
0
0
0
6029
0
0
0
760
0
207
0
1072
0
3942
1910
0
0
561
2982
528
1136
0
0
0
928
1948
6075
1540
0
1607
0
0
0
0
0
0
1405
0
1668
0
1091
1899
0
0
0
3750
0
0
804
1117
1500
188
0
0
3041
3640
0
3710
897
3278
3043
2822
0
602
568
0
1515
3653
2051
3631
0
2530
1504
2927
913
0
0
601
0
0
4459
0
0
0
0
3841
1609
0
0
4802
0
1058
615
955
5313
0
0
3430
344
2427
713
0
0
1662
0
6241
4692
5551
0
1226
5892
0
4953
0
0
1989
4100
3535
0
0
0
0
0
4122
0
6431
2674
2880
898
1238
1449
1590
173
378
4611
0
0
2847
0
0
0
0
815
702
0
1695
0
0
1274
0
0
2084
0
6958
3485
4304
0
0
0
0
2034
210
3179
0
515
3090
2850
0
0
3130
3781
2992
8
1306
1542
2474
632
0
0
3567
0
18
0
1167
1436
634
5220
791
0
4908
4770
0
0
1057
1962
2593
48
0
798
4777
2329
4628
0
0
1429
5893
496
0
1662
0
396
4301
4928
1740
1460
0
0
4241
6819
379
240
1020
1521
4468
0
0
0
0
84
0
0
1744
4955
699
0
336
0
0
225
1056
0
2400
0
0
366
1725
0
2071
5118
3578
93
3
3757
2310
0
2319
4610
0
0
110
0
348
286
504
0
1841
1549
487
3123
0
4641
0
0
0
2864
99
0
2520
520
0
0
3991
0
7655
3228
411
2428
2270
0
0
1194
749
1501
2708
3508
3538
1071
0
1945
0
0
4237
0
915
5848
0
784
2790
0
5535
1196
1192
0
3667
1481
2071
1732
0
663
5690
1884
1126
776
7041
0
0
642
0
3241
4346
1134
2228
6684
1053
0
3292
2284
1431
0
3396
308
1621
3
461
685
0
0
4546
0
4057
664
2259
570
2073
0
2387
907
1402
1172
545
0
3
176
360
2570
0
2232
0
2983
1074
5964
0
4190
680
0
3
1610
0
4036
0
2157
2358
0
405
1809
1173
0
0
3822
0
0
2011
0
720
891
6408
0
0
0
1190
2581
2235
0
0
1692
4
0
4337
1437
2525
0
4017
0
0
0
0
0
3200
2405
155
2385
2434
0
1102
0
0
913
2899
0
985
0
420
2961
3795
429
0
0
450
0
1323
0
0
1434
0
0
543
713
1494
0
0
0
4750
0
1759
0
0
4350
938
0
0
2638
0
2377
3
5033
0
3054
1680
651
0
3972
0
2911
0
0
1401
0
2074
904
1760
3001
0
0
2780
0
0
2593
12
938
3961
0
2390
3448
0
4385
4418
0
0
2463
6723
0
0
0
0
5636
0
2905
4439
4149
1957
3468
663
0
0
2526
123
2469
69
2530
0
1666
1464
214
0
0
0
6056
0
815
3171
5402
1754
0
1196
0
2237
1990
0
450
1722
2976
469
2721
0
5431
2448
0
0
0
1436
1276
616
0
0
0
0
0
1163
0
657
246
0
6784
612
0
6706
6857
613
1502
0
2171
2376
0
0
1420
0
37
5208
0
0
1861
130
1139
574
3801
1286
3383
2229
1755
1616
0
1602
2158
0
0
0
787
381
0
2057
0
0
1086
0
431
0
0
638
0
2038
5967
0
0
1344
2973
2013
66
4794
773
5008
1148
0
1930
4230
3181
4907
0
141
3458
0
879
2432
0
90
0
2738
0
0
0
0
0
2900
4493
560
1326
1519
1929
1562
3403
0
6
0
1024
3064
698
2289
0
5086
972
0
0
0
1684
3188
0
0
4819
69
1841
0
4256
39
0
0
0
0
97
2351
2447
2518
0
868
0
4314
0
3185
302
1909
0
1716
0
1819
1986
567
0
1351
2602
0
4361
0
636
1769
0
0
0
0
5762
3757
0
290
1411
1171
426
0
2419
0
0
1786
0
0
2313
5397
0
4522
0
1610
1697
1773
0
3776
0
1098
0
3834
0
79
6376
4586
613
45
4833
1839
3076
2388
0
0
3998
0
0
1948
0
1638
6823
2218
1641
3155
2324
1317
844
348
1665
0
2173
0
0
0
2272
0
95
0
0
582
0
2272
4687
5088
0
750
0
0
0
2000
0
0
376
1110
1692
4006
5561
6578
0
0
762
5527
0
359
3131
0
2458
4423
3975
1222
0
216
0
89
0
0
5270
1633
2808
0
0
1953
3939
162
