20472
14194
25239
22442
18913
7097
27616
9216
13269
20393
19946
22807
21669
28705
28802
27841
16834
22344
25858
23071
1466
12271
27549
6741
15017
4090
10010
30603
22406
24536
14833
18976
26369
24957
28280
24039
18422
7887
12779
25279
26605
11786
25275
13800
6129
1590
28589
11809
12198
6300
18321
6720
4824
16525
25419
5224
13483
10320
13880
28007
7944
19657
10738
28460
6094
8789
4956
22329
23720
7820
4914
2868
24326
10710
20501
29730
16833
26860
25715
15192
27305
17324
19342
2664
10432
2199
23522
29851
24643
6117
11850
21978
4809
21431
7430
10905
18572
23298
13813
23456
6950
17656
3375
14998
7164
26015
29003
30578
12072
10721
27679
2385
17869
22622
24108
29957
29594
4758
27295
16510
5425
27501
6595
21607
3820
22928
8076
9642
2196
22562
26847
8492
8691
31121
11295
3915
11578
28457
23035
4626
15325
13467
22992
19062
26560
5439
18015
17010
20503
4879
16814
14918
10270
15825
4344
20828
1326
6336
24257
11730
22291
15851
22896
27493
22319
23614
21804
12672
17093
2936
15192
16956
26125
26241
5614
23058
7289
2636
7744
13193
22044
28187
7824
30519
20625
1624
17250
5240
8833
24190
9384
13681
17265
21182
26246
3815
31729
5224
21770
29469
7854
28050
23507
9058
4676
27265
18611
17327
8952
15942
6530
18251
5432
8866
4450
23364
22817
17953
18724
22955
7661
29112
20617
19495
17497
20661
6990
22375
20646
18125
4000
22064
5696
15288
20147
27018
17591
23426
20465
5895
26655
24256
2232
24067
2968
29037
15102
19496
11935
27480
23190
22005
17178
14222
5838
15389
23548
19538
2301
13760
3232
16695
7788
14290
25617
22695
3124
25766
27257
23275
26573
18921
9093
21431
19873
28607
2818
15686
9716
4816
19190
23382
4002
14688
7256
17251
18390
11152
26568
22442
10275
11990
21148
11679
20037
21108
2748
6345
12017
14058
2463
8749
16064
31744
26479
27785
9058
17526
24420
27970
8863
20532
8853
21955
14985
17643
4518
20666
3930
25026
28922
19899
5952
18583
17564
15900
16279
29896
20554
4592
25082
14036
24073
20470
16401
23378
27121
21147
18687
23004
9800
12112
25678
25105
3460
22843
26934
13507
11509
11591
6649
5936
11574
9870
23832
9646
25845
15788
15710
6345
2133
19560
27641
3495
14512
5680
12256
14812
17612
16567
3705
12549
7920
18719
30876
18026
13398
2259
3184
13452
21752
10425
20902
23447
25065
29687
15196
11305
11064
24570
18492
12756
16739
5243
3565
24905
8877
26956
24658
15567
3224
7360
25958
17796
27393
19503
12492
14917
29797
10609
10960
1358
15856
17106
14315
5084
9690
9576
14605
14605
17434
2103
11220
26208
25203
5264
28370
12780
17945
6714
4656
19425
2676
6853
27271
18145
19091
17204
24003
15268
1552
12114
24768
11970
15718
20923
21020
14896
1572
20987
16529
6730
19307
3148
18858
20168
15752
18131
10948
19468
21923
27083
15544
6640
4655
30495
23436
17812
28871
17297
11755
5624
15677
12141
22804
15476
28085
13352
13760
30706
5068
18410
17524
11349
20638
13379
24083
2904
3995
7047
30402
8631
19406
22052
9666
26245
5832
26051
19407
13357
17141
23060
10944
23005
20148
13698
7070
13016
13728
3060
11526
7733
6550
12204
13960
24663
15518
16019
16221
7960
18929
4692
20683
20933
28203
23510
9022
26066
9058
21436
4764
21410
25878
6550
11610
16276
2862
22160
28473
24277
2118
16445
19012
26160
23419
15814
15200
14767
26981
21737
14340
11244
4942
8680
30486
11662
3972
13377
12342
25029
9984
15341
6496
28728
21120
7050
23388
19233
10464
11208
9428
20665
7390
27231
28091
20944
28964
6075
21853
7876
13913
6579
23446
18279
28390
15288
5600
4530
21401
12350
2952
8788
16870
25951
25096
11100
11902
6723
3990
2277
11271
4272
28652
20847
4764
20032
24453
17734
24923
3200
16225
25434
10110
18684
4900
1360
22809
18579
11632
17586
23531
13467
2644
25904
28147
15336
6320
14322
28615
24540
3360
26557
16910
24588
24498
13475
25273
8437
11910
3086
7520
13107
18158
14304
2406
13130
18648
2696
16544
21625
8172
8621
24682
3295
17007
22437
10717
10384
25104
24658
6491
2736
2960
4890
20278
15136
30188
3180
3012
23269
12975
15678
2840
13982
29272
13398
30747
16990
17762
21122
13502
27620
21840
2223
16320
3560
15601
6228
21676
12688
5488
26317
8459
8063
21114
11538
6730
24628
30393
3232
20532
2796
24995
19955
26242
15223
20528
4907
4554
5232
14285
11520
11307
28495
21619
11711
30599
3718
8388
19526
4606
23603
25927
26540
17636
18236
12682
12937
10810
20229
16215
27530
1632
16598
18385
11172
24076
15204
9548
8613
2202
21710
10920
7650
22070
6670
23377
17989
6600
6720
23193
30252
4648
2076
20503
8591
22345
24986
13206
26410
15699
10050
15863
22253
19951
13141
13519
9555
13072
26420
24715
15030
21818
2379
21793
12820
1995
20223
17208
27747
16608
11584
15609
15643
12592
10320
3895
18277
3108
5552
2091
17302
29594
8039
8151
9181
3550
25709
12240
14036
24236
8000
21385
20859
19089
3460
8376
19243
14422
2241
28121
8481
24385
13267
20223
12760
6948
22214
14036
28226
14334
15898
5061
12828
19799
23488
8100
6048
27125
19203
1356
23894
12240
11611
18971
25940
8554
11153
13135
12584
5560
17112
5152
23423
13256
10016
4984
17689
24051
7304
21992
28614
25445
21018
1504
26900
12817
4218
8019
11118
7812
16672
13828
15244
25919
4332
10912
28773
22931
13780
22687
30015
7796
10646
27450
5970
23814
12088
14254
9945
17830
22380
18180
10509
24847
25597
15564
18566
7700
8502
6272
2352
4375
3890
22074
26735
29291
10944
11910
25677
2772
23234
14961
17875
18342
15415
11265
9884
9216
13573
11934
2688
1514
27884
17712
13564
6372
4458
2892
3315
24800
10245
26245
20424
19647
23002
27079
17928
18010
12258
25174
13661
13338
12128
26860
17875
26465
10336
3290
17226
9765
8345
20588
28544
30791
29718
22478
3535
26719
5600
24611
15981
5145
23882
12278
2964
12800
12109
15379
26719
5248
20058
4146
8669
21778
14023
3545
7997
21204
7600
17318
25119
9178
13413
17100
25144
9720
4368
3355
21839
10388
26007
22555
24454
22380
21108
21364
3585
16739
1476
22356
8580
24425
6499
26178
19268
22029
7502
9043
13244
15750
19300
7780
22508
18214
18217
14558
9660
23243
15760
6328
25105
5271
7730
23804
18154
4935
3212
14340
9478
23058
18120
3370
18772
26609
19023
14566
2832
2406
10309
10680
23962
18424
14988
12530
10481
5984
1410
15876
16399
1394
12352
7866
16357
24129
16889
15256
8745
9802
17127
14524
19490
24508
16667
1348
3268
20219
23580
23182
17700
13697
11574
3395
4500
26675
20125
19526
23472
21071
23275
20892
6309
7900
2880
7155
23796
20094
13480
25635
8801
19406
2142
21346
25047
25383
10150
20502
25899
17320
2343
14472
1504
9658
24521
27699
24719
18116
23943
5504
2001
22322
19965
20261
19973
26075
18651
9382
2736
13186
6501
7558
3895
2632
25024
25224
15845
5608
8580
10794
10025
5232
21490
9552
5544
2768
18542
20280
23328
25244
19045
30823
22158
22848
12604
5656
19494
24397
1652
24919
15220
2820
16099
4690
22245
14028
28165
21028
17279
19913
14556
12198
12410
7119
14268
3510
24404
9802
12549
13056
27409
29965
24355
19711
4085
1568
23728
3375
2073
11198
10350
17812
18730
22928
5472
14531
19774
21347
8217
28537
7002
5551
3330
21592
27050
16088
30337
25171
16151
16914
26673
29165
24080
24318
20859
7590
11371
25734
21036
12124
2412
15770
9997
13915
7671
15770
16065
5199
26801
23341
22784
1983
12348
21447
21403
13860
23652
10046
14250
12940
19505
4641
7740
23997
19950
2636
9933
16534
19359
15410
22131
31765
17016
16272
6510
12672
18506
6525
10320
14237
21019
22289
22686
11200
5793
29115
28952
4722
14894
8424
10672
4045
20234
11383
22652
5418
28050
10948
22466
10816
23880
8327
9036
27173
14674
9394
10365
12679
8450
4788
1482
25264
25678
1986
20386
26974
19609
11822
27228
20832
31088
2376
29766
2904
21644
3136
3972
4865
4444
17221
20112
11172
16366
25162
13679
21446
4842
9341
17616
5968
14732
14917
1438
5272
25244
16707
29234
27197
7392
7909
18800
5717
22356
29824
24381
8028
12097
23712
21387
4914
18229
22139
16380
3208
2972
17696
2034
3955
19726
22965
11979
4242
2937
5033
11574
28345
15192
13177
19449
8940
9408
19526
25586
21227
10888
8148
24158
13440
17171
29731
10626
17670
16353
26501
16900
18700
3152
2982
3192
3640
13380
31307
14365
23990
19424
13537
25215
13014
18442
15124
20912
14611
29903
20322
17506
7620
4802
22801
25728
16959
27866
20789
6520
27306
6800
26347
10826
12840
29239
15640
3020
5624
16524
19262
14440
8322
27939
18946
10832
3960
8212
27522
15904
22694
13377
24618
22213
30587
11322
19242
2772
10440
23441
24663
18314
7267
31598
19575
21899
10545
29125
26420
5698
9971
2824
16939
17324
20565
20169
3790
18858
27872
26116
7530
25527
12948
5047
25114
11713
10320
14731
26231
24943
15939
11498
26373
11520
13842
13137
22353
7092
5495
23653
17817
14220
1354
21981
11747
24437
4921
22267
3212
23531
17114
16714
15939
13377
10584
6891
8196
20025
6786
4662
22713
1582
10963
11696
12820
26810
26337
7020
2331
23103
2085
13090
12348
16134
22806
9540
29073
2064
17388
3248
14531
21079
27312
22218
9514
15900
8116
5250
16518
23597
14058
13756
4794
3955
17316
14668
5248
6640
21612
2439
21485
1380
6208
16808
19112
19190
21659
24463
16404
15201
27604
25024
31881
20576
21364
16589
11580
9997
21065
11625
23919
8701
17388
8019
9581
2796
12393
13449
16127
12534
24944
29406
17074
12748
28921
4403
12390
19289
23195
10650
11820
5776
12667
17656
1428
21805
6372
22663
18843
19840
9552
10070
17068
2106
17712
12942
5883
11025
19793
2112
15803
26684
8040
20955
3470
8085
8556
27855
24947
13829
22775
20625
15629
4872
6489
27664
5460
6790
11214
29938
26408
19500
5481
6200
31020
16507
28503
24104
19121
12624
22940
15015
6750
26351
16013
2304
21030
7326
10005
4242
27226
31899
3570
18872
21793
15561
18315
26230
7656
24051
6048
13245
9408
22939
18360
15204
11168
8232
20032
25741
9436
25723
27423
29412
7205
13359
10500
6912
9690
15875
8536
18451
13843
17766
7146
19242
20208
14420
22489
27469
28941
14685
18650
22918
15195
6894
4038
24668
12559
18845
9145
20620
26097
18016
25162
6120
7800
4732
21143
19684
11160
20170
16634
19433
12281
22843
20465
19322
10365
8010
17303
22620
2028
18697
1508
3602
24878
22899
20246
16211
12454
4062
28163
1492
26343
25707
18780
16468
5292
13244
18272
5425
2644
11538
10542
10759
12635
4020
14545
4440
21775
24197
11033
23095
18783
19417
3094
24740
16655
14815
3620
26809
11747
19034
2976
11565
19804
6048
20278
9840
14024
7848
7788
13377
18229
18018
22467
29749
12708
25513
11543
31250
13239
10931
1418
24306
26498
15595
22230
25104
27617
14957
14760
14283
27767
2445
21035
23786
10905
17037
15680
26897
30394
25234
31050
19233
16998
24712
13941
3236
19960
5327
8160
13718
3032
9240
25341
4344
22860
12240
12764
25170
17565
13022
4098
12438
8928
19430
18160
24161
6048
20290
18750
17378
10368
13171
18521
27317
25707
10980
9129
29961
2064
19190
2046
22622
22805
13566
2848
12836
15120
21121
27180
23227
21770
25912
15216
7711
2166
4641
3966
5424
5250
31270
17624
29499
25823
17925
11915
9058
5786
17180
28614
24671
9659
2636
24197
9132
2912
4614
31916
23397
19218
23003
12853
2668
31439
24125
16484
9362
4991
2235
6570
4594
4110
8364
16428
7678
25026
3300
3520
27423
9201
28548
13682
23780
2193
9945
16048
17814
20891
13086
3940
21124
13846
17404
20613
11761
23766
25168
25972
23847
16228
9000
22684
6579
21616
7272
16486
22346
27271
24955
2436
23729
1374
26983
10672
12330
3310
17411
24923
10049
13921
7056
14102
23623
15310
20778
3315
28851
10794
29154
11736
26773
21089
17868
22529
25196
9941
15372
9201
26947
16284
15888
15415
20108
26772
4866
27033
18087
28382
16812
24495
14963
24953
19477
21528
10230
13437
20013
3705
16348
3750
28948
5865
25628
16276
14045
21060
3745
6820
3168
26256
14550
3625
25766
16406
8424
19583
24651
9877
11104
20329
26570
25677
24957
19601
8879
29309
4380
16791
27863
17272
18816
20166
11600
20267
10605
6165
12672
22840
3480
8778
4560
13328
13377
7390
22692
17898
23357
7913
2262
5304
2872
10365
1624
28087
8749
15009
13320
12798
18511
19456
24543
11852
26506
28313
25953
25757
20250
11985
22288
17101
12869
3335
15730
25808
24175
14023
22910
11648
26979
21083
10140
19199
17875
10155
9972
24843
29646
22748
2268
25234
8602
6102
15730
16390
10738
7667
11010
23033
18751
4476
19367
23059
19458
28356
25808
15367
23066
17642
9780
17616
21030
23611
3750
18640
17871
19348
19382
25458
11230
2880
18212
17152
16172
30331
25275
3300
26248
24321
23808
8492
19704
11854
24607
3710
3124
8259
26233
25198
9690
1454
28363
10824
29999
15838
27924
16484
3745
8567
12348
20108
17990
1560
6630
27917
26681
18241
14497
13222
28806
6125
5632
8281
5877
10425
26825
21344
24116
24497
14346
13640
10527
3755
8200
15818
24873
11798
16567
6390
12179
3940
26070
4734
9058
22142
6376
18135
23853
22809
18215
5232
27007
6138
30352
21661
5579
14784
14281
23521
20716
25229
21608
26347
24805
15840
14520
5864
16132
22739
30292
27489
27447
27325
5446
22678
6488
15850
7236
9240
29659
19576
22729
5856
4338
18162
19561
4613
23419
4823
8944
17971
2860
21413
8437
11144
15264
24495
31902
26546
10270
26065
8424
14806
22332
25445
18186
30986
21091
5256
14807
19604
20238
17625
23484
8450
6849
14940
14760
29081
10948
2640
4010
18716
6176
27932
22876
19663
3710
22450
20721
12988
1392
10872
2397
21994
29440
30229
21504
13545
4062
24141
12096
13034
13156
16382
17508
20064
14902
20889
9048
26544
2409
7260
23376
18660
20934
4606
11816
20585
5680
25704
1995
9735
23471
8184
4746
30280
2900
19437
7318
2704
12714
18999
23420
7810
26016
11401
11386
15196
15734
17539
5642
26606
13034
12977
7680
8587
19644
18753
11805
13860
18527
6550
25307
23628
9664
2319
4075
7645
22834
11888
24065
9024
17688
16054
5264
20547
28870
20998
22662
19619
17708
17503
17039
1592
24541
27684
5248
17437
11210
26272
3620
24688
2430
23545
21170
23504
21926
2466
12384
17132
28462
4578
9776
9127
13788
27137
10878
4548
12474
17434
21300
25578
17714
17979
3310
19052
24995
24143
4928
10140
6282
4656
28309
12065
21643
26790
24396
24385
12400
7480
23664
4530
14432
17467
17758
4585
4906
10906
2040
15686
8679
23766
27781
16925
10734
22293
15037
14605
15778
15073
17282
8796
10704
12547
1558
3148
6328
28807
24119
25244
23958
23009
25885
15542
5684
8653
16676
26112
7800
18720
14586
9256
5061
25691
7755
27493
4317
12274
20000
16013
27406
13856
8505
18588
23845
31272
24588
17008
7984
6232
25803
14232
29601
30301
24640
13661
4254
19434
7840
12217
2136
21926
8305
26574
7990
2346
6850
9987
9564
29550
18988
2319
28577
10162
11248
11574
24835
3815
30792
2091
10654
3048
7281
24658
4692
13680
23675
27150
5537
7812
25099
9659
9228
2298
18236
16035
4596
24038
16592
12660
21254
15617
14573
25336
23106
17025
3176
19917
11991
2445
12800
23030
12900
12160
11102
21147
19717
21425
25298
21453
2004
15229
2816
18603
18805
5649
28262
3295
22985
17977
11672
10672
7788
24160
14385
20801
27598
3345
28503
10036
14469
18943
24340
19083
15748
8983
11215
6344
7194
21028
2208
1322
3120
25204
14058
8784
23457
16243
18241
11094
7901
14644
7984
23203
13220
11118
9445
8635
12300
26887
29575
20782
20669
6101
25873
9308
7800
15663
6840
22424
19028
10846
7183
23543
28122
16552
26304
27959
4290
3990
9394
16422
20998
6360
5446
17484
13419
6920
7203
11790
17683
9165
17412
12826
4781
2448
29701
29349
24112
18713
17411
14745
12832
22335
15987
19466
22478
4146
6424
30582
7524
11218
19363
3224
3054
8352
6800
24581
15001
9366
14958
25181
17929
10948
6462
25309
3800
23521
4970
11621
4314
25310
9157
11070
17195
25350
10948
6152
9336
19437
25729
31751
18601
9765
8405
9705
13164
28389
26841
29493
4050
15760
16734
15893
26233
5607
8833
7900
16741
9563
29332
8116
19860
17800
2804
18810
22250
2984
5412
9300
30833
6232
23718
16237
30749
22384
15183
18825
24421
2022
16734
21383
20085
2908
17834
20665
9254
17750
16764
25107
6246
19944
18171
10892
17341
23492
23510
27937
11205
2175
22797
12938
16361
13999
2712
28911
14266
20178
8918
16406
1650
7380
18414
8151
25447
26196
23314
15240
5864
4206
14905
25065
23649
25965
25539
20789
9612
5560
9286
5318
8016
27145
29698
14615
17817
22242
9930
9058
9492
5895
10840
4935
21755
4086
20011
20620
8228
28097
6280
5928
9300
22866
29282
7876
14214
24388
10448
25525
15372
28694
29007
18660
10069
1472
9935
28371
15348
17591
18434
26304
24620
9142
4008
23161
1596
12364
26519
18452
12420
15984
10365
11849
2313
15465
14920
23879
21403
3984
9140
2968
17427
24170
21204
5099
10205
18363
3805
15772
2764
22610
9975
1604
26933
25227
7865
22930
25162
25731
18666
7282
23503
9342
8084
21605
20613
22959
12603
18266
9844
27218
10400
25604
27514
16387
7640
31224
22201
8996
3954
6450
20888
9576
5691
4823
11445
21846
24011
18485
20420
22306
11040
2238
13287
21236
17075
20032
19419
15920
14858
26946
13482
6913
6144
15750
17316
20116
23553
6530
22941
3276
5558
9825
22693
5632
23680
30531
25022
21121
10635
21238
10318
25911
22831
6273
25092
21965
21205
30877
25472
7450
30358
4224
24051
20084
14765
15549
13492
24357
23419
17762
2424
11902
2367
29157
24333
14104
21646
11038
17614
22344
27528
5607
8762
25133
1514
24778
3000
5400
23193
6414
20747
25234
3450
18720
17853
13020
24573
3020
1382
27522
23129
14112
14532
21918
19459
21216
7030
3685
26904
9828
9564
14766
15070
9198
17956
15935
9880
15744
4182
20729
27384
20106
2888
29026
11781
12684
20199
15017
9165
27694
8898
22542
22879
13392
24125
25298
8412
18729
16905
21872
3028
4914
8424
9475
5552
17966
16181
18751
24984
12308
9087
11985
15216
2163
8528
10763
16609
15078
24688
8762
19388
10374
4530
24534
27813
8206
21994
6088
11512
26277
8645
2316
11895
29870
29343
20883
23627
7590
5958
2046
29220
19425
6316
22466
17122
27820
7500
7971
3865
2436
7378
27193
7865
25619
22418
20074
30169
8860
20646
25568
2394
11628
8016
6288
22163
25483
21440
16951
22356
8388
2262
5628
14674
6990
14246
25446
9627
1588
3064
19485
25267
17762
1396
24668
11640
27577
2322
3305
26644
4008
6138
19433
25689
10320
4422
29938
17818
18134
6570
22550
5411
5992
10902
13130
10857
16453
29032
4158
15767
15726
8090
18774
14744
4025
7799
12006
20804
9772
25685
11458
4248
12257
21461
25051
15850
17930
25595
24515
23440
30864
14421
21998
2788
11952
10944
28667
23014
20114
4656
15362
20955
27842
25075
18392
29202
9907
20387
26451
21921
1536
26247
6021
15948
5576
21492
23030
20301
7502
24786
7880
19468
9900
13925
7458
14876
28897
19488
22011
22853
15004
18310
16123
2928
20234
10320
24219
23264
21881
17059
3670
11235
17618
7150
19385
9404
7117
18813
25265
8952
20723
3971
19237
22622
6216
22928
31229
12768
25977
25734
17491
10335
22777
12978
25025
10296
24092
14696
30595
4812
2220
6400
28277
4578
14942
3880
20631
15567
18170
21784
26380
19143
10627
3970
12960
14094
23430
21265
28892
11736
12635
8736
13992
14064
14500
1564
25142
2816
16804
30926
3156
23508
21559
7227
15605
2331
9450
2208
4824
26234
9912
5922
2289
5593
10361
9958
6360
30363
11936
12564
29957
8840
2262
7282
19063
10099
5232
12462
1386
25797
8891
3540
31559
26822
12848
5934
5530
26098
15590
6440
8472
9825
23780
19172
15600
22381
1514
13200
5237
20741
14635
17220
12054
16354
5733
12785
26565
25954
23506
17785
9058
1332
15494
20613
17789
30020
22346
13352
4416
8072
6272
18128
2820
1332
12733
23314
17935
12217
11189
28601
3995
17805
7800
10288
10283
2265
24788
22978
14534
21515
10931
19294
2684
13876
9156
11952
29922
18198
9589
4970
18714
16510
24496
4606
7458
7271
12307
24849
26220
11744
9705
24610
18265
15766
9842
10500
21751
14156
25866
4626
14302
11116
24713
22137
17641
6760
28545
18816
23977
14218
13103
25837
26084
25593
28962
24036
12562
7880
13460
11731
15018
26519
17482
14674
1634
2016
21262
6570
19807
14765
23382
14865
10982
17059
8525
4008
12825
14981
4128
2058
7425
10965
15806
2400
24549
31471
26247
6183
18794
21778
25773
29284
10529
27217
19262
27536
25419
16000
25244
8080
4627
23905
7680
12614
12706
7872
23708
5082
19371
14886
12746
15033
31109
22811
19900
15124
4488
24816
22192
21602
21923
15609
8905
17829
27903
23343
21367
21736
27662
10570
15199
15369
17007
24132
4296
5895
11400
20112
26209
13874
10481
14965
1360
19198
17700
19185
15287
23605
7605
24534
8481
29965
19072
16837
25455
8470
1624
9858
3785
18046
10992
12744
10458
23105
22356
22170
7074
14202
24607
26759
12996
24207
7117
15775
5642
26854
19348
29405
26450
26502
25863
2121
16437
21746
29242
20770
8604
29837
4422
18810
23510
19040
27589
21387
15041
27220
13520
22344
25345
4599
26407
25633
11008
23242
27355
8830
28160
24568
2868
9166
2052
9576
22183
14041
21204
13298
15195
13767
18884
11696
8400
7263
7970
6777
12510
12456
2142
8008
17592
23755
13413
2948
3950
21534
23154
7601
20580
7640
27396
4617
10374
18225
12767
2644
8668
26809
29797
26525
15473
23710
13078
1556
24536
20694
18608
27239
20375
14448
1512
23400
26288
25867
26467
26425
16103
15113
6930
26475
2920
9995
4383
26328
26192
3984
17187
20829
18486
21984
12456
13992
7180
13512
8541
5931
21116
22367
6336
24567
9477
4230
4254
5248
3985
2346
27450
17052
24103
4290
20391
21577
23960
10720
18363
23496
25932
12746
13068
8892
3006
26163
20972
3284
15968
20000
11390
24925
2740
24523
9870
5537
14308
3850
23633
18305
13992
24114
25162
28464
8916
21207
25542
6165
6174
26153
6464
23179
25798
4530
8845
3008
16090
4795
18581
21141
22608
13860
13430
11431
5922
19487
16109
11060
10061
9268
10425
7480
21956
23813
19684
7150
2088
23803
2148
13497
27526
16808
2058
18877
30086
27551
21775
7579
10775
24423
9114
26552
5621
19127
20710
5201
21616
10623
21235
4739
11188
7299
16440
8616
18126
6320
12312
9633
14592
16854
8839
18639
24027
13906
25577
21770
6630
19016
23071
9911
24514
17670
3268
23627
7447
3244
21653
23293
2680
21878
15686
22228
19140
3657
23886
9894
25024
10320
14235
22454
26083
6256
12108
31208
30323
3132
19425
10455
3645
9257
13068
26714
8653
5616
19903
11515
15320
11131
5904
20711
4104
19583
3074
24342
5648
18828
11318
28395
9327
15635
17208
10188
2055
1336
27972
10420
14154
11700
18527
15952
16280
3575
14015
21432
2187
13422
18844
20010
19123
21230
23311
5082
26001
3012
23991
21344
25107
3590
11465
20582
6540
14440
10361
14582
6316
19601
27875
26588
5886
27063
24194
7172
24457
3330
19312
2058
4896
21375
21708
2421
16199
17458
18871
21204
25158
14146
12291
20157
25113
19885
28570
4044
4420
1380
15057
17714
25554
5328
20805
11736
15004
3410
24930
23201
14169
18120
28148
5320
19332
5023
17593
18512
24545
7700
14356
18840
13641
20387
26480
11520
29083
5344
29177
9856
1508
21657
14184
24254
27378
23721
15168
24698
9735
1562
31089
19419
2121
2388
4632
12996
11118
20923
27128
16348
1396
6667
16105
26054
22426
13419
9520
2469
18634
7290
11202
24611
20266
7000
15288
20929
19470
6240
7194
27910
3420
3615
11072
7272
24822
20875
15703
25197
21777
23962
24809
22751
3695
20024
20474
3770
23553
14509
21324
14777
2648
8811
9990
15766
8416
15180
18702
22964
29163
20934
21928
20801
10262
9128
29924
27911
23716
9168
24588
22585
29921
15875
5760
15172
21472
2864
6660
17668
21204
24849
2988
22405
15161
11552
14326
24309
1494
6580
6210
20970
8558
4676
30380
25797
9758
16512
21680
29233
26373
9432
7689
29052
20193
9568
7502
16319
16296
12978
12186
21033
12048
19634
3425
16240
21645
16789
2304
18299
25482
7660
19644
27480
24572
18047
20717
20593
1336
23927
25734
15262
6830
3204
12049
7520
16861
22877
17900
26594
27601
14921
7030
24062
5256
13824
26647
29352
22261
15196
24434
22824
9445
26947
18491
2100
3092
9232
24543
22198
13120
3970
13680
4440
19301
21850
17521
27065
26198
4065
27680
24970
11032
22930
9416
10982
22210
6690
27894
25158
10623
9683
4055
24018
5904
20731
13848
11116
7447
17994
28143
6237
16479
23384
17993
15963
8352
28617
11060
23240
26945
29926
3212
7293
10948
11356
7830
17025
13013
15141
15402
4710
19251
9698
1386
24397
20625
11621
16368
5192
21831
9768
1995
26816
30704
14651
10062
19475
26707
4200
17628
13440
30461
8684
22353
13086
6423
5376
9048
17712
9254
6435
2744
27187
8424
7634
14631
16464
5504
13440
9690
10193
5760
25629
25629
23481
9093
16882
22605
4302
2457
4740
20772
23959
15510
2984
4218
18284
7860
22063
6208
19173
10766
27187
24754
20103
27336
16383
8918
23682
31902
23426
24887
8606
11568
21591
21708
7254
16814
15198
17786
9338
23868
25855
24107
11850
9528
4512
27352
10206
23010
28717
5608
3300
20773
24119
18291
9946
20987
22854
20493
11235
7128
14651
8349
28773
19350
8415
21353
19473
11952
22234
18037
17319
8570
7800
2792
14103
6687
17456
27044
9394
2064
3980
1496
25960
6174
22052
20900
25964
18082
14592
20462
29768
25196
19706
22772
11432
15775
25535
26529
14727
13992
22127
8220
8657
22601
5664
5512
20342
5551
14460
19793
14260
24124
14858
8944
14094
27300
6622
15015
12444
2656
9660
21178
26900
4806
2724
18872
29100
26138
9705
7238
21114
2082
4611
20239
16738
13920
15795
9841
8239
20648
20279
12162
16432
28348
29677
8076
5339
18723
25647
3285
20053
20300
19807
9356
22240
24782
14662
25064
9212
5982
16914
12420
4795
25272
17732
20359
25586
8516
21869
30594
3136
8624
15535
4500
1476
12971
8952
24198
3510
22090
26504
24453
23240
21559
10977
22344
1546
17305
13934
16937
21223
17176
19397
9783
26496
4582
15614
9802
7047
24477
24658
12534
12316
24680
24036
14744
13480
7920
10905
19642
10595
21312
1378
12240
22965
23919
20273
10132
26997
27001
20237
8529
11818
23457
1378
5328
2391
9600
18098
2343
18538
7908
1416
15360
7030
1502
29065
7980
27585
1334
4488
16976
16145
20616
25989
28073
7218
18258
9825
11989
15768
18461
20130
17079
15827
15020
6012
10389
2716
16602
23654
24925
19437
4248
14570
22416
21263
6960
6723
24351
14993
12760
9009
11021
18788
17034
12836
4588
2340
3244
29891
19754
22996
2676
5978
10336
12289
25117
23510
11538
1496
18434
6291
17721
3935
14020
28276
27145
4650
15175
5030
16281
13085
20064
11227
6786
7182
7630
24717
5352
15240
28692
13449
13392
18492
10456
28249
19615
22311
15813
10437
3194
12760
11226
6471
26304
17378
10320
19563
5904
7110
27993
17892
9705
26495
8368
18588
27718
30567
17999
24635
17350
19495
16654
19723
14400
19574
23148
24752
21385
7440
23024
29313
27967
25765
20020
19324
21991
8580
19325
3780
19589
3954
22928
9436
5985
19839
28293
11357
18241
9688
8814
11035
2355
20054
27875
7548
11038
21883
17696
9618
22381
10720
11556
26456
26367
2968
7980
30527
8094
19070
11924
15542
18731
24568
19313
17513
18415
25621
8568
7388
27794
5376
30593
5488
20969
26696
13140
16130
1492
5635
13661
27795
3890
9139
7898
18968
26601
23305
17587
3630
26698
6610
14915
7840
28677
21482
10665
20825
12631
24811
15396
9632
27476
21336
9352
22221
13860
14880
25989
21019
6885
26126
22588
7722
4134
21611
13281
31910
21473
5640
15897
23093
23751
20592
7047
28553
11696
11450
13734
17871
19788
22802
26713
6472
7002
19516
12192
14640
11820
3158
8404
19700
25033
16542
9674
10688
11745
17438
11600
26865
27993
22713
13992
18696
13440
23071
14440
3575
8986
27308
15379
24854
7172
14972
28499
21571
18858
24923
22065
28695
6939
12597
26163
18816
12954
6990
19558
10127
29851
4030
16446
25357
22018
16478
24207
2103
5320
14317
17744
24889
10963
11670
6381
7910
25668
5296
26969
16404
6336
28015
4900
22315
4284
9856
28237
21125
10935
5523
8830
17023
12785
15651
19811
26679
13915
17142
4068
17345
25678
28848
25385
9560
20853
23868
27464
5872
21095
6408
12835
20692
3655
28238
22174
19944
17432
6855
26360
7896
19914
30637
13832
6540
17399
9666
9690
24014
11666
4060
26152
16522
8328
8631
17010
24079
11720
30165
1336
14573
23735
16581
25548
14058
15547
10710
18273
3236
27998
10995
3285
10140
1618
17050
14280
26346
24170
9198
11460
30099
14639
8074
4075
19771
8472
20253
14771
2292
9504
6669
21708
18458
4074
20669
3828
5248
4928
12722
16029
15750
2692
16786
27998
2061
16410
13416
2908
21578
11934
20613
22955
14689
2235
3460
12416
6280
21622
6174
8427
2250
5677
21136
25486
23063
6228
6328
21995
16826
27667
15521
12368
18442
18745
27175
16790
8112
26110
7528
1594
14650
28811
18499
10420
14244
10103
27449
2868
10766
27147
8547
23218
5628
26645
26505
21568
2744
15080
14637
21588
23420
7172
3455
26015
14167
17296
29013
26783
14170
13228
10455
9120
7235
16002
15916
10991
22880
20962
5940
11671
4908
6300
17033
4830
13000
23785
18012
3525
21213
26556
22005
5082
4035
7755
11934
24696
20084
21325
24002
6520
19241
24766
24846
5985
7700
2340
17640
19160
7370
10153
12370
22560
22601
21490
5931
6770
22846
23965
17487
13114
20801
23030
18270
5504
27743
7400
23042
9012
5886
14855
26380
20940
29284
28589
18071
11478
6456
20702
5868
25139
14879
18726
8328
2121
27229
25677
11988
27072
6993
24365
20047
20728
17613
9348
18096
11614
18258
9254
19916
28317
8514
17136
10020
17259
16628
7358
12497
25420
7447
3965
9690
21519
14291
8998
11679
15594
2764
21080
24865
5516
17769
16776
12760
6597
15265
12619
4050
14731
1430
13661
29168
9763
10912
2868
20839
25491
5336
14166
16208
7920
14444
29223
10914
22404
13124
5872
19703
19941
5952
28940
18115
21415
22723
13332
17049
9157
7840
3936
15276
24129
20453
10727
28558
3256
20062
1980
13907
20677
6520
8767
5512
12521
17528
21724
8450
5940
11492
12919
5229
12000
13638
12887
14957
5752
8463
19508
24256
28285
18988
25968
15446
2349
18460
27570
22540
4040
24935
31289
18984
2692
9324
13481
4725
6456
11883
18632
21473
10792
23800
19605
2466
17505
11536
29363
5967
25141
17732
21537
24550
28122
20549
17574
13703
15284
9435
13654
18833
20513
27869
2454
2148
4014
15049
12742
20011
20000
21027
12236
26843
2940
2307
5215
12256
18356
14723
21758
18485
18651
4194
20137
3942
3860
3120
13285
1496
17262
25050
13756
9880
24776
8107
15857
25814
26705
30367
19304
12000
6540
6795
18168
14586
2052
16133
13476
15875
8094
20024
2740
22877
8692
5784
22758
13885
13430
14083
25130
18377
3785
3865
13892
15249
19069
8756
23773
7510
26913
27241
6876
24658
3520
19456
15697
17065
27380
4098
5194
3420
27122
22523
21187
18936
5296
14608
15288
17016
11916
27993
3325
28973
6304
2409
21923
9456
15833
29702
17331
19981
1328
14721
12978
13818
8502
5472
9175
22858
12402
26148
20138
30610
18594
24117
30210
11726
21934
26330
17863
11024
24140
1624
25453
9158
21833
4534
11574
8484
11040
15410
1330
6039
9581
5005
25483
21795
3810
9735
29269
8871
29705
21710
16129
29485
14877
9840
19944
26240
15403
5336
26929
16193
26945
10340
2454
29190
3104
27878
8569
25483
11475
10496
7097
12480
2157
4734
19534
29903
26787
25091
22011
10864
23469
1414
24024
26671
27012
22167
31762
26861
27404
5558
24165
16130
18637
3415
31092
12753
25892
24396
10928
25224
23009
11124
23487
19106
21479
20375
6416
20474
28704
18940
13106
11646
21311
22992
26844
21264
9449
16332
23153
5373
12198
11760
29367
28593
2460
14628
1566
26730
6793
14555
16416
9795
29809
18825
10948
2950
3028
5257
16345
10426
26380
12198
4614
22005
30363
11762
15788
8068
5544
15216
12061
14301
17270
12819
20708
2848
27190
20851
27377
16851
21471
4794
27157
19008
7820
7030
4620
19442
7060
16627
23971
28449
2980
21988
25161
3184
3910
9384
17739
18288
2025
16445
3954
29661
14289
23708
18245
23482
10960
5040
9901
29631
23231
19847
12803
9394
27729
20414
11101
23510
19672
2085
5672
31679
13960
13980
2644
21993
11837
11574
18154
17874
18492
26806
21674
11870
3116
6012
25141
26368
6296
26247
10335
25801
25593
21948
30237
14036
2776
12385
21435
2828
1628
2007
7216
9228
16956
21676
10931
25750
24817
28869
3128
27628
18362
20749
17918
7656
1646
10567
25674
12001
9526
26198
24628
24691
24002
2688
11600
3136
12960
8020
14552
19430
21793
25593
28063
2157
7200
12179
9058
26683
13610
6540
18862
8376
13868
29526
27993
27834
7930
2172
9166
2660
4674
15436
10752
25481
5256
9870
4332
29310
29156
10903
16838
17810
3550
4963
12576
15835
23159
22620
3960
20823
15252
5642
27366
12752
24737
14840
2948
17245
24923
28362
19505
25106
8388
30007
27946
26391
13916
29185
17901
9674
6104
20167
14195
4404
2022
2848
9672
21390
18043
13711
21512
11925
9516
18538
18833
18825
24368
20668
11747
26678
24197
14274
24063
13829
27371
10010
26337
25000
16215
3885
2668
25734
25857
16086
6040
29800
27614
29283
17407
3300
22020
6844
10290
1404
16694
26129
14272
24658
3264
1554
25168
1450
17348
13719
22356
22399
2688
24657
25520
27477
21645
15025
7846
26431
19714
10246
4070
17009
10780
22357
30517
15774
29034
9141
25551
10456
22723
19352
2792
22910
27759
4560
27774
24827
7150
25549
6864
16560
6786
7980
8591
8188
24047
2430
13699
11904
27960
23103
26886
20198
7550
6840
14268
5460
18688
8496
25051
9982
12241
28033
11049
2001
10830
18527
17250
11118
22409
5688
2724
25167
6494
12198
26429
20473
4816
15228
27217
28960
20968
17014
25651
12330
22007
11696
21160
3016
4098
14403
4599
16632
20665
19011
17834
12920
3140
30433
26943
17766
21219
24103
11995
6642
24099
15313
27061
17910
24719
12978
5488
12357
5369
12781
13132
21490
4655
3735
13263
11024
21110
2786
22601
10164
23645
20624
11102
19444
26907
11265
6408
20735
12456
25409
14340
19698
6849
20397
13640
7850
24059
4002
12860
24488
1998
13632
26596
29552
10856
5306
19302
2698
21493
9828
17410
25384
7908
6539
12218
3966
10704
28644
14041
18676
24537
11490
7192
19208
17453
23976
21923
22185
2328
22775
31197
26589
24052
23585
6184
14129
26722
2181
18550
15265
26863
7038
19090
15983
3120
7161
25486
22928
20613
11237
25412
22102
24124
24560
20220
27645
26380
16476
10566
30331
19143
7263
8976
19468
24493
9881
29450
5115
6111
9408
18912
21605
8338
18492
16550
4284
11176
13298
31243
13190
13797
16272
15750
1370
13311
13776
24355
26575
14394
29861
11501
2205
20222
4554
23294
10530
15065
17254
10200
8448
14113
23348
25724
23788
19410
21793
15099
5075
22055
28395
8436
2889
26588
20172
24799
27843
2451
2040
19461
9178
10425
26485
4956
6699
2226
19017
3196
9600
13569
18120
20599
10662
6138
15048
21793
28047
12749
11739
1494
8619
28979
8541
9672
15376
11461
5648
25406
20688
8659
19100
14046
26791
8697
20613
27887
7968
7390
7425
4830
11079
11854
4692
29973
22344
28201
3064
25101
7414
28076
2364
20532
1366
24158
28083
6152
13030
25525
26833
27398
9813
5304
17812
17280
23832
23066
22819
11574
5800
13881
17918
12828
20069
25234
25146
18636
21452
7340
10246
17666
3180
12760
12622
11120
5496
5558
5910
11663
11640
1416
6096
16158
17228
22562
14436
22867
25024
17015
25527
3260
23225
14334
24739
17204
29231
17510
2972
13770
13486
9408
23409
5967
9450
6732
22035
23793
8866
12369
23073
5474
6040
18744
14977
4896
14716
23152
22517
2932
12198
19904
8879
7191
16876
21945
16108
12029
4606
9885
11184
7164
20724
13380
20196
17231
19951
21195
13377
23777
11214
25274
17011
8957
9744
22735
23874
21557
15825
23140
20172
16044
26566
21369
25903
22343
15518
19095
2852
16192
24482
24332
9096
22065
17182
11130
23034
12800
8634
13281
0
19343
8052
6093
17116
15743
22218
5733
10170
20815
22871
24573
10260
15696
26827
10880
8256
20385
7788
22923
27576
23283
11936
2876
17905
17617
18815
16565
23557
10309
12603
5696
19161
2232
17040
14811
31232
27397
17576
11592
11550
14876
10860
3855
30627
4368
29298
2010
5456
8882
12198
13015
25889
8536
3415
20164
15135
7942
1338
11646
13220
8010
2776
26289
14647
8268
5418
3490
16405
22225
28891
6039
9432
14117
15938
26225
12208
18634
29934
16055
28653
2100
12160
23472
26449
24073
22693
12262
22370
1324
3530
19915
8112
8250
3930
15324
17972
7381
13449
2067
16359
21723
25574
6248
25121
19046
2277
9690
13756
5355
8931
20052
5320
22071
25158
24601
18900
21180
6980
22166
14982
16501
22587
28657
15340
13663
4585
5523
24223
14605
7040
24938
24245
20211
29300
11341
22330
29254
21457
17459
4092
15614
5509
3060
25400
13420
16982
19476
13533
3188
20032
3200
22231
2652
17805
12961
7711
18211
20031
22251
27111
25749
15268
16458
16936
16182
9100
5215
24039
18195
19158
9702
30623
14353
22436
10177
6216
14862
31178
2388
11220
22613
22132
12698
3188
8050
14058
4272
24099
24422
14323
15391
25696
17640
15070
25266
20646
21703
9581
10987
11969
20548
20414
23331
22052
11790
18802
8088
28742
4770
30629
9058
13171
24854
10170
26790
10613
22202
9226
2688
27701
27160
14674
17353
19107
14503
27695
6453
10948
23924
15582
25088
3960
6678
16523
20883
24535
21758
15216
11025
9296
20859
9468
20527
19448
23639
20838
9370
14835
24628
2127
15632
13396
18477
16764
29359
3920
27707
17118
14922
12665
9100
5392
4860
18072
23673
8801
27055
11024
18461
24955
19821
16699
10944
7890
18333
29332
3096
19796
25244
26487
26390
3286
24409
11888
2746
18900
5902
9690
22052
7314
5224
17724
13806
22719
9705
10049
28312
15542
29058
3500
19352
2980
17942
6840
18303
3555
20202
13060
24018
5030
19496
8583
24066
14125
29920
17292
9618
20666
18216
2214
12384
15503
9444
10305
1586
24145
12034
5288
18011
20943
15382
20712
18367
30063
27369
11158
13070
20235
7700
12780
25714
4620
13590
23897
16698
14832
6910
17037
25046
23840
15900
1432
10948
11825
17998
28567
15009
10808
22822
14104
19339
9660
27252
15796
8322
23195
24087
21447
4146
26380
27159
16420
17690
17591
4462
17662
22378
2046
6498
7585
2187
15809
6578
4266
12506
28531
28986
23315
7908
9072
25666
27632
25408
19345
2133
14351
9594
22876
19517
29431
15172
1986
3550
25818
1354
10410
17539
16870
25683
31137
11200
1552
24275
5185
11280
22300
3995
27046
20174
12820
28079
17365
21280
3350
23574
25527
20926
14083
10140
4858
16446
16960
12600
12366
26555
19021
4085
6324
6669
12820
6264
24210
26885
17236
16514
31895
17037
22368
17550
5408
19814
4893
16884
30629
25345
26347
3510
23400
14272
22786
10304
24952
14212
14202
14626
5488
23862
3310
16780
11322
21011
12820
21319
4752
12224
11360
3044
7612
5896
25517
12701
16642
30074
25755
13410
20154
2868
4044
20495
6264
24848
26966
18562
5712
24190
12988
26232
20052
6903
26311
14529
10023
22981
7191
14578
11284
14136
19190
20516
15236
3089
5544
16664
5592
9009
17262
22103
11652
30609
17775
13262
4854
17091
23719
17128
16560
10627
22306
21634
1642
22334
26092
23623
10285
13301
2070
22040
11679
12622
2972
9730
3585
6660
26108
22848
28725
19104
9614
3168
8281
20496
3128
17948
7380
3825
16065
10219
3895
20005
24383
27294
20991
21426
18731
8608
28070
13569
16409
26327
10892
3610
23663
3355
14178
7150
7800
22380
13533
30042
9634
20007
7770
8052
20070
4494
8010
9058
12427
5173
12036
18697
23673
2022
7540
17775
22815
3295
21311
12897
9464
25723
2421
13608
24087
19844
14588
8184
7436
31113
31049
6070
14070
7460
9336
10965
7860
23391
8690
19345
22592
6399
11467
17220
12272
14115
14068
25795
20321
3216
29543
10613
18624
20392
7288
25158
27108
7807
12088
7444
3264
23489
7513
5579
26630
28093
11373
27442
9132
16425
8438
19820
27877
2986
11356
2259
16656
10436
26176
10427
19884
10350
26721
22356
20485
19845
13905
19219
10147
16140
25094
28290
25636
3713
14340
18240
2720
14814
26885
12368
18900
14709
16632
8294
22286
25704
4350
19478
28242
16929
23989
16537
17545
8808
10095
31927
29301
29553
11120
13201
7436
14885
22376
15348
18959
29770
5540
5124
12980
21957
3555
25122
14140
10662
12807
13155
7038
16898
1432
27313
27966
20532
20532
4872
6615
18814
21463
23992
18600
24773
8463
4872
24228
28637
15878
9464
5705
9086
14234
3705
4272
20128
10207
4956
15840
2172
20580
25002
7788
23522
4080
20407
7760
22111
27410
17258
3650
20755
17184
1536
10320
26258
25691
7612
25711
6890
12650
12916
2463
28167
23330
22290
23066
16412
12704
4122
2112
15117
17119
25147
22940
7600
16539
3795
15530
23684
21743
28278
5312
25008
1482
24295
3305
15264
17320
26669
8424
11610
20200
15793
25373
15647
16733
10088
21642
20403
21307
8096
27895
7227
26422
17101
8004
22284
5180
10320
3485
7470
27804
5600
14754
5089
20557
20777
18258
26719
21344
26648
22288
10931
15681
17407
7538
3018
21322
17929
15101
17430
1322
25586
6440
13992
19413
17228
23690
15280
17814
6489
12616
24588
3750
27171
20747
18512
7840
21548
24012
18521
2079
14532
19853
6228
26606
12319
23868
30082
4170
10776
3955
21803
2085
2265
23981
9074
13377
27838
2349
31771
14270
8628
16261
25145
19643
5472
29769
10290
21278
6549
24956
13661
15668
18572
20524
23517
10682
23435
19913
25455
6506
8346
26089
1410
22034
4026
24090
12450
16011
15659
3915
16925
6246
20089
21059
19333
2684
23507
10875
2097
14925
10036
9216
9492
9252
13716
12942
27295
19756
30327
7214
19436
8010
2427
26043
10049
11688
28312
17196
10736
5677
18837
25718
11696
29880
27592
14478
8484
12665
24737
6104
8404
29399
25808
27405
17920
4410
25668
22937
7788
23656
13915
18125
27176
2940
11279
22104
26422
10290
7260
8800
5400
9433
7520
14000
4212
11857
19412
16621
18522
25938
22604
29123
16235
4830
6530
5448
24720
28074
2644
6444
17278
13103
26160
27687
9503
4776
5215
24822
18888
16808
21842
27695
28050
13249
7557
19103
8868
12384
18170
25670
25808
20372
11592
23201
25762
14651
18584
17938
30451
11880
14125
18308
17783
14880
27887
22479
11212
26235
10806
15811
11894
16617
14938
21001
24986
14630
13002
13462
24497
20435
8567
9744
15708
26224
14559
26171
26104
10340
7824
5672
2451
19456
3088
17297
2978
5448
20558
16044
3004
20020
18539
22916
10206
18126
17556
17324
12800
3252
22457
4098
28332
4494
7750
10512
6631
17201
6066
20992
13642
27197
15540
15732
10395
23060
4970
22839
13098
22314
17766
9798
9604
14959
24614
21956
2355
12544
2322
24560
23414
16354
4704
21866
25678
3948
13338
20846
12274
1468
22235
22498
23645
4956
16308
15060
6296
3895
4368
2358
6714
8098
12215
22916
13306
18799
10752
10320
15180
6237
11915
22930
15071
24031
10432
28993
16609
25331
20801
19875
23911
5068
13559
20138
24321
25106
7538
19089
29191
20925
25024
22401
17967
18805
12009
25724
24898
25410
25627
5648
22598
2716
2061
7100
10850
21329
7671
24389
13992
25766
4080
26707
14188
21417
12699
14651
19324
10304
16632
16406
25627
23472
7932
12559
28919
20916
28550
8100
21170
17269
29977
10275
11577
4434
24316
22747
26245
21667
23065
13500
28437
19187
15482
4668
16942
19269
1602
3680
4848
10080
13545
17134
23292
27245
6363
3675
9894
10896
25773
21226
12412
28069
15144
13660
10220
8463
30790
28489
22111
5352
12407
19007
21338
24848
12205
12531
25210
23255
22099
17855
19543
22966
20300
18643
30466
24305
2028
28160
22223
24627
7249
16252
9072
18555
25534
12524
26937
5344
25519
8244
26552
1554
17251
23064
21543
21364
8910
31038
26348
25885
3224
20856
9282
13345
24084
9055
28730
9067
27420
17278
8710
12765
14036
18472
19763
9009
8424
1362
3285
2259
2187
5967
19934
21831
3465
9372
9632
6921
1530
14112
20343
10403
26625
1998
17966
11556
16484
29031
9660
20493
25234
18212
17084
10948
2824
8328
25118
27741
16981
4296
29243
26858
17112
2996
14125
17848
11973
4608
26844
6392
23538
25080
11288
20959
16376
20491
10931
5895
23405
18212
18335
25107
23302
18874
5313
3260
3172
1438
17991
19728
31871
15078
25727
19648
21801
3156
18218
25314
2268
20216
14220
9296
14082
6717
7080
20375
6165
25193
16380
27491
26184
6790
9072
3290
23548
31025
24079
5752
5703
2253
15264
24251
22279
4098
10555
21523
9946
23500
17402
19706
11116
25513
21776
14193
8887
5994
26041
12616
25193
25843
16124
18940
13158
20493
10420
15998
12673
20446
22574
10944
26148
8811
11427
15220
29761
22888
21751
2115
25993
4662
29031
11416
6508
11592
13464
26639
18875
12920
29385
10097
8040
18550
6800
1518
9540
14083
20089
24896
24818
23219
17910
3950
22419
26387
26436
13292
10976
19370
16494
12817
20310
17785
10528
25628
13399
15015
16484
11798
15875
28143
3004
4711
22108
5171
25479
21849
30663
15017
20835
8645
23452
16258
13245
18556
6620
22454
29298
10140
20719
17944
3345
6939
20813
3097
18667
23095
17330
26249
12113
13680
17628
8712
22919
16356
17734
13452
4991
12672
20613
14500
17383
19130
13053
9758
23572
23571
10320
6224
24923
24487
11606
3280
7860
5886
26286
27138
23670
8261
7878
1442
8400
12977
11101
17902
24333
1492
12692
28093
27052
20604
13839
25862
25738
19162
20171
7843
20052
15838
1586
4140
21572
16042
11662
1412
21605
27624
16187
12597
18330
28263
26189
12888
16127
7190
25777
19444
24111
21081
5280
2385
18901
10352
6588
17200
12883
22901
18435
5332
14605
2004
12844
21545
27345
27532
23959
16688
12088
16607
12640
20052
24517
29617
24422
22965
12754
15525
22443
19844
18973
9438
27312
18241
26476
8806
17079
12293
5706
7074
22663
16165
8184
23633
14476
4326
26004
21822
14178
14041
2268
26336
23132
7954
15990
12198
23479
23131
16659
14444
9422
24925
21182
16411
15368
10162
22809
6345
15875
2370
26471
11640
21853
11450
14788
2656
28587
3420
25535
1580
10244
3096
16663
14859
17740
27809
3460
17639
20311
6514
21645
11754
15402
12369
9022
23408
26745
18026
15162
9087
4837
5868
11328
8484
16472
16720
21988
24278
3835
29068
2972
17513
10656
8412
18736
17396
4884
10440
7161
28339
10624
2157
24534
25191
2956
16986
23780
20035
23296
7392
9324
11279
10080
11200
7150
22022
14497
21262
31818
19884
27105
21675
22096
14860
10114
19985
15101
24708
22494
10125
13440
18006
22741
9240
14724
22998
25538
18861
1980
21202
24808
26024
15036
22522
20805
14754
15141
6075
12330
17642
3740
12141
27132
5663
11088
14497
6280
19904
6780
16432
16022
19348
27097
4080
11538
4248
7480
3064
13449
6107
1486
14360
10556
16500
25055
3625
25573
13110
21037
13440
21490
6732
18825
18750
7047
4599
21500
20786
24907
9722
3124
6177
19103
26150
11339
15449
9100
26983
20330
10282
23073
7637
5670
3004
6680
21793
13124
17315
3008
26210
16087
23166
1512
23386
13985
19181
16956
6336
14565
6870
25650
6510
14986
24939
25654
24574
26867
5728
13865
18944
11135
7302
15394
23652
23463
2061
10050
14155
17530
10950
17667
26367
18861
5656
10304
10544
26057
8658
27910
5714
20170
16160
4585
5312
7458
7011
9839
11232
6488
27336
9451
20398
22526
1386
25036
10218
21608
3228
17556
18487
13524
23280
18025
21662
8712
11018
22971
23387
2470
24916
18287
22903
21226
23713
1436
23614
29041
4907
3930
10446
18379
24970
27292
3580
10688
18374
3480
20441
13441
5299
28922
22491
22727
6376
25633
9484
9048
5768
8632
7824
13440
2916
25763
2274
3430
4026
4095
7150
19108
11505
7150
19652
11610
28802
19379
16462
7410
3385
24108
16461
24978
31212
21170
10178
18888
17011
7400
23976
21783
8517
18828
3660
24080
24997
9636
21410
19618
8684
7147
8609
24000
6960
26491
17894
20741
3058
13423
19941
3350
9084
2217
28478
6804
18382
24175
8088
20997
27700
27271
7209
19237
11325
17316
10503
22226
27441
16044
3370
20761
21572
5560
8280
24221
13122
26123
2019
6633
18054
24554
1474
6890
16446
13745
2430
11024
22614
14294
22994
7711
28547
15072
4260
1598
27781
27198
27189
12006
10736
21793
4776
24398
19393
2382
12996
24065
7896
6345
6660
12168
11310
24720
11594
6408
16115
26885
15033
12198
4886
2373
6510
6760
6147
5348
18914
11772
23146
19604
24287
26078
15800
12438
5936
11802
11140
13922
23481
26362
7490
9058
3960
9061
11634
12402
6759
16785
17992
20041
11600
12576
9735
19425
23579
6540
27161
12784
24374
15346
13440
22329
13952
20868
19043
14102
3460
29242
13878
24701
12643
2800
11611
15182
18626
5306
22103
21638
14791
18840
24617
15999
1648
15276
4669
17254
9492
6193
27169
3200
13022
12304
29881
23383
26797
22132
22188
14590
25897
4170
21958
5877
25377
23436
24771
25818
9128
28637
20223
18677
9648
7700
3355
28655
10488
10704
26251
27063
3152
6948
0
23126
21982
25651
16672
8017
21791
27243
24524
18878
5540
17052
13860
3040
21923
17556
14788
3088
2934
2928
25875
17015
8437
31673
25162
3088
5635
22918
7617
28139
25832
23149
2352
12078
5913
7667
6237
20760
23510
26001
16105
25824
12820
15784
29825
6579
16654
11741
19552
3845
10206
4620
25734
27242
25069
2776
21182
23828
22224
14566
8832
16353
13492
31746
25010
9060
21629
9300
17000
7092
12523
28482
21659
8996
21307
23551
28614
28255
10612
17091
16185
6176
18978
6327
24813
15918
4669
19454
19683
9264
22725
10965
20683
17934
25711
17258
9170
25729
3936
11704
2860
22976
10290
25485
21526
16236
4908
19390
21853
14651
20870
8412
3425
3335
21204
21700
13575
23739
21052
29407
5236
3132
28946
3996
2304
6830
23036
14651
30993
13374
4760
8762
7074
4991
7040
16033
10010
2908
9540
16542
1396
14028
21226
2139
22293
4470
21661
6133
18687
2301
13430
17177
10206
4942
4230
26193
14383
25203
17781
16418
21539
16434
14241
10320
12841
13023
13192
29916
30127
7549
22576
1594
4482
18805
12656
8866
3188
18287
6264
19411
12480
5709
4683
19228
20040
5222
25843
12618
25383
22949
2298
4344
23537
30200
29283
15542
25347
22783
2448
19973
10892
15800
28391
1330
7836
13436
18721
11249
12568
8100
23622
30116
22411
8162
20457
3875
14662
18834
7183
10320
8789
16644
26887
10276
14901
20127
2325
15560
12007
1596
3088
28248
20656
10206
20557
24811
17910
17725
12820
19692
11934
28962
14740
2397
3490
6780
27736
25347
30906
12380
3096
22498
18386
22809
26783
15264
18002
9673
8916
7667
18727
24738
22940
16279
15216
7161
15841
12865
24223
4032
2696
6650
22227
16784
20610
16932
18187
11970
5502
31976
4200
16975
19739
12718
12060
26699
20870
13374
5424
7380
4390
18905
14301
17953
25210
29272
15092
17993
4722
14651
20982
1520
21204
22380
27019
19143
21677
14340
19060
2445
24945
21181
21476
21259
17256
1518
18352
25189
12637
6730
14616
14662
28831
22125
26369
24738
25504
25517
25734
10640
8129
26328
16354
15956
2139
28476
31676
12368
19717
28372
26292
17139
10824
7956
19744
16353
25998
25482
3550
11433
15019
13982
27855
12608
21770
14202
9184
26160
16013
2976
13565
22186
3805
22462
19208
16542
30606
5271
25728
23110
7160
19663
21861
21398
26823
26192
19170
29262
3910
26672
26318
17116
5868
4134
14569
19102
14378
18752
2289
8724
29243
19027
19035
6056
7238
14440
20761
21923
2840
22130
16645
10496
28462
27059
10948
10688
20598
2142
16959
4074
15034
21595
16432
14241
27514
7088
13510
23549
15036
13180
6957
29272
30393
15960
21655
12938
16782
26864
19058
18647
27026
1642
4482
15523
26189
17012
20833
19633
22901
9048
12496
23456
17558
24569
12200
12511
24896
8189
12996
16199
13832
6597
6620
10179
29005
13461
13927
21717
7866
26270
28521
19757
12096
14902
12702
22914
26071
28339
4065
5530
25635
29852
7161
2884
8400
17435
28008
26261
15219
8734
18736
23965
22753
13377
8030
26196
4782
5894
23846
3052
5558
16331
23543
26304
15160
2178
18785
24459
3720
16588
26010
25054
19477
25999
13283
27307
30074
18771
4879
15861
26789
7315
16417
10335
19401
6543
3661
3256
16440
8470
15420
2852
3745
12903
7884
18299
24351
12908
27842
12388
23518
22471
23772
11600
22526
19537
7722
22876
13104
23842
21507
23948
23385
21768
16945
27808
18780
19360
23993
18144
8696
22713
13428
8632
28725
14046
19977
19733
20332
20530
22812
25551
5670
4026
13604
15312
11008
19901
11495
26402
15960
12376
9870
26026
21216
15204
10231
25561
23343
23060
10322
13419
23576
8437
19600
28595
11358
5336
16417
15009
26474
15226
23153
29045
28446
24080
4158
23482
21594
28160
24799
2076
18153
10976
20165
4548
19201
10400
29031
20258
5376
4464
5432
15747
7850
10784
17037
24747
13716
10807
4770
26970
4697
2412
22171
26003
10432
6309
20748
12130
11955
6931
21052
7368
26441
19981
17696
11688
14286
12198
27713
7170
17236
2848
25148
8606
7100
14942
4224
6000
10122
22127
5240
16285
6903
12901
30672
2385
8100
13838
18116
26294
6613
6993
26492
1634
20378
8333
17551
2367
24167
3535
27007
17527
2346
6136
21424
5926
14058
12198
19070
26325
7337
27096
20914
8918
2844
21793
8642
10348
11574
23141
14112
13193
24384
2259
10335
25684
3755
6660
10948
10260
29408
20156
27926
27856
14228
27013
16809
4482
11169
27049
6003
13440
27686
16082
25764
16935
6232
26782
21121
26645
13724
13556
30778
26337
24421
7119
9588
2184
22130
11574
23458
10890
19132
3985
7730
17013
7200
5855
6966
28101
8569
7271
10445
4949
26883
26743
10530
20425
27201
23808
5248
24073
24371
22394
22179
28413
8827
20945
26589
11222
12655
27013
25303
22873
11430
10816
18397
13752
17101
1646
23140
20049
10582
5944
2772
23793
25904
8515
22722
15784
13440
6840
1566
22632
4086
10697
16468
11280
2692
22744
9394
18214
30192
24271
9516
5292
15901
18241
25551
8112
14579
10935
26730
25712
14940
22923
2229
13914
18002
30671
9906
2732
13303
3570
27223
10808
15300
17732
23617
18171
20589
21208
19287
21182
3285
9360
8437
22343
4014
3410
3860
4764
12648
21269
16964
21708
13946
17091
15436
4842
5952
16296
8136
12331
25143
16140
7070
19740
22369
12802
26678
7818
9690
21515
7513
14676
16067
27011
1346
8657
9356
19000
29246
17491
12236
6786
17016
26272
23271
10365
2800
10040
24236
5306
7300
9562
21461
9520
10206
26760
14134
23616
8096
26578
23723
20740
10864
17118
26520
7601
7147
26814
5512
25778
22909
4872
17693
2019
19363
24037
8820
7560
19493
20003
11295
1478
15913
26095
31438
1464
13741
14312
11895
30129
26883
5691
3172
24613
14835
26326
30680
19313
4584
17825
4998
9690
14754
10136
9243
