30795
97345
70689
106929
37576
15981
88979
70689
101789
124201
23370
125372
71264
138127
8119
128011
41077
97554
112795
30652
88198
95721
68201
60031
59432
134155
78741
139623
115115
53575
30662
50749
136749
107625
135279
90979
23454
117293
136101
106724
112611
19678
99082
44190
121787
23343
15931
79043
30788
37557
105792
93185
16230
88489
37730
84116
23551
116800
34024
84284
130053
116800
113770
23397
123920
136989
68210
135840
83826
40829
81293
30631
129041
81797
138391
138285
83871
103148
81233
27115
86030
12031
128036
136231
40990
30789
27037
88853
99935
103394
47582
111056
138435
16481
107683
101071
34382
78749
53776
131810
104927
71060
127046
83769
83650
23551
44259
23448
41172
107647
91163
30622
113252
15999
123923
135533
137008
20541
101943
127390
83650
59686
19803
27104
83557
19734
114728
19735
120702
107589
73597
97384
116764
90917
136528
37606
86097
44082
44268
44388
129265
103465
85967
123670
30569
88461
101779
93647
93016
138285
90774
108099
121264
56534
135351
129077
112946
95713
137358
127397
101877
30827
76091
122191
129732
130600
73513
105201
23501
20541
62684
139327
8167
62448
90886
12028
78880
71132
115645
68903
76619
88489
94668
124961
41160
123923
24597
115181
95384
50795
27108
131021
103725
12046
128428
23448
121117
137310
94967
92811
34139
133697
83884
111138
79170
79031
8106
79031
8257
136942
109459
91276
81765
133791
53552
81675
60031
23497
125014
34143
131353
94668
62444
30631
129623
135245
65793
70952
16454
16247
70885
95271
34114
120156
118578
107863
50442
12046
101071
96721
41094
65682
4146
23458
137310
76633
78862
132359
56887
90728
30523
128255
121392
47327
133802
102283
110072
53666
8166
110074
130750
8121
53834
124109
103642
41109
76194
16230
83826
37804
102028
44213
97907
79002
138828
133771
34298
16481
23372
107293
71044
27063
138202
111347
47562
118299
23454
8101
54051
128727
138484
126762
127111
65483
128650
115073
76232
120292
119878
124195
125706
90979
118452
115838
71157
44095
23340
119991
68242
83740
15942
131627
86481
65561
93547
136528
119702
107625
135921
134228
37556
68087
135971
91248
86473
101880
70911
106005
30541
100136
37560
23501
65801
97578
34032
44440
76454
59979
107550
81522
138407
110625
71350
122080
95570
15912
115343
131021
115154
56571
136835
50776
68733
108099
23454
81509
68714
8117
81420
127123
131726
78469
137310
126659
27122
123735
56990
27016
118602
23502
101709
107815
24597
50898
105671
123733
99497
27104
56595
59685
19758
99178
81179
137043
62686
127506
125543
125842
34204
86251
101744
86703
124109
137321
95634
99694
47315
135299
124346
138781
40946
116411
27246
136475
113326
44116
100243
111726
59849
15876
139145
119707
30870
123175
86143
109419
128234
97345
131564
37692
97225
83871
83825
8147
126972
121752
135281
86390
12080
71132
71221
44299
127532
59491
111870
88946
15986
125545
114817
37437
37557
23372
23453
12009
74318
40877
114952
118334
121600
16007
103968
119707
124153
131955
130342
19694
15929
83750
93547
40875
23524
121529
8100
76180
19684
86251
56761
117187
97575
59973
83866
129637
137703
105792
68340
104228
76597
135923
138358
84229
94625
103951
126564
34020
76727
86215
62846
12096
96030
106676
120133
85955
134185
65549
88590
104077
85896
41048
34261
112253
123735
12046
123879
30669
106064
65500
65416
101879
16458
81072
0
117187
134886
101197
34298
134453
105946
76454
107326
53671
73901
78815
135000
138629
76158
138698
125545
127374
118222
19798
83485
136093
133287
12337
47610
121361
62710
132108
115232
70692
132552
84229
94752
50465
71435
47293
133273
95815
76835
23372
71148
135400
76638
93033
56595
86134
137195
133609
41179
123505
91403
16458
111494
30636
117141
121170
126733
8119
102028
130345
133853
102701
34124
101883
79185
118788
53686
121561
40829
84406
105971
56648
56905
136093
53904
76202
123274
65707
121561
62424
98043
90719
19734
30555
110977
70911
125689
91010
138413
134564
86481
90905
23411
109748
104927
111469
109335
44458
120080
101883
97554
47483
71059
47413
113326
50603
93102
44458
71264
34261
8157
116425
15929
40949
59575
111348
68195
115373
78865
135277
119474
68164
132200
44190
27132
113143
128958
119642
135775
134656
88482
91240
88482
47368
76354
135558
102082
8155
111502
16007
62912
63146
120750
12062
73871
57262
12062
19752
0
50958
132347
70810
88230
131552
103553
8241
8167
53732
19626
132368
108205
15862
98087
34204
19703
133242
83769
121752
91248
136093
76835
104077
105606
40905
126401
110074
133598
8121
53839
79229
60103
131396
44305
50517
128907
108574
8135
106524
113863
59844
73886
76072
88978
62520
115307
119633
135800
8095
34036
84122
34298
122760
100281
0
129218
70810
138610
116893
73597
126438
136914
27093
110271
114808
83827
70810
136460
71044
79043
130353
78469
109508
135090
23471
91223
139242
138511
8119
73466
121170
105993
135817
73466
76889
139025
81414
76287
71157
86484
76663
117963
120080
15922
50795
125903
78865
122283
50894
57183
97965
91276
47915
115252
59698
137308
93178
99879
116517
76380
54043
19636
30569
138610
111424
104733
139061
116736
15986
130412
133609
97485
137562
65476
113646
50573
40748
23370
109712
121787
137655
103896
111696
19649
16481
53671
12373
139153
118244
127382
138703
116843
133932
41157
107960
134464
124755
57133
106933
136675
119693
114228
130624
63087
133805
88226
109580
62714
113553
41225
83502
124467
111348
37437
88978
121193
125539
19783
27037
92969
59973
44205
97815
68562
107391
50898
86584
53782
78741
8264
133932
137346
131205
132552
12024
134656
100281
65509
53659
135790
99772
76638
73631
127097
47715
126423
99497
134912
123363
112732
8143
128452
117187
133495
92811
118578
86513
118553
37620
88415
65331
130648
115087
121600
79136
62520
93091
70851
116444
34146
119452
79002
68578
19712
62618
59805
128384
109641
83884
95641
88447
54234
70689
62448
101958
76134
30788
78809
65440
133648
0
68273
8117
51000
95388
107807
136749
23348
105910
117682
19735
71044
23454
128181
117249
76663
44528
59575
83485
101197
93185
131853
79031
12337
53601
79185
91223
78747
81489
134912
86121
133682
138433
131161
78802
131239
88411
124962
108088
120029
101870
65196
126957
139600
128181
127678
95341
34146
56685
104733
124993
23502
30709
93542
19705
23340
129191
97663
12084
8160
118118
76155
50528
62371
107495
99645
126972
34139
56754
128665
47582
54164
133262
95236
109643
34051
73476
118788
110107
34162
86217
90965
119634
97789
123505
30759
109570
62931
136382
27009
99959
88946
37422
53667
34043
111056
57262
115416
44425
138964
74001
8116
53786
131552
91175
128181
73409
34171
34171
70990
129077
134795
50755
131021
126857
97735
83502
107550
71202
60204
132200
124178
121529
123338
81039
129185
114381
44148
112934
113030
130750
122760
112484
130899
8287
50829
124157
23408
23448
116900
126257
129658
136528
70852
93699
50630
34130
104215
12066
86296
59700
86586
132829
50719
124678
110816
134587
73774
78771
123149
56818
88343
12059
122154
30751
117293
101880
23374
44349
123505
138435
40863
44305
44201
91163
59979
83831
117070
102701
110517
101548
68346
118452
88983
131132
95689
99032
103733
59881
40830
90215
118222
65396
56754
37690
118142
115343
125842
19734
114113
71148
56843
111357
70911
62714
109556
131306
138548
107881
23454
91291
135090
12104
76292
59805
132702
34140
37582
76552
137655
106676
50528
126550
120287
65793
111696
131239
88588
65509
121924
16454
137655
134737
12109
68505
15930
134154
111424
119709
83826
121724
76091
93699
131820
50473
121145
76085
37537
125096
111218
125334
50795
132398
88836
16454
27122
101803
111494
90733
90903
34143
76454
125574
34146
73887
127928
73803
100047
136364
127703
129077
8158
40905
68103
40875
62804
8101
136917
126943
121529
27098
110327
103020
44119
129167
129276
136888
83485
78835
12049
137346
131099
19668
15853
81509
91027
27156
90917
128452
12068
93570
127040
73726
34239
116224
70938
124691
111175
121567
47441
12046
119913
65332
128762
138428
139235
67911
133820
122934
62549
84326
118498
44095
86519
135177
53776
99627
134766
81509
50413
118656
131481
71702
44314
103064
12096
44205
57025
47750
101497
131757
129218
127046
105997
56648
53861
68415
8092
99686
138391
51000
120338
88853
59534
40946
74062
15961
27122
128255
56950
73513
88745
68523
86484
127000
115035
23503
71571
30622
24597
128384
74228
12076
122890
15853
133277
108118
62515
129658
78815
135400
124691
50575
37557
124195
89171
128113
23502
103877
63068
127374
81287
81315
100243
19816
12062
86397
62515
8134
138293
78741
93457
137962
19655
109175
62635
34298
81284
122482
116209
88663
47380
100775
30581
93458
120038
30555
115373
19684
136572
119896
88503
79043
88836
47365
50958
12032
15945
120403
103013
132950
8158
47750
54092
79514
27041
120034
108332
102701
113630
137310
134275
83845
101165
132245
123670
47750
30627
47621
27115
115340
34277
16230
132279
134823
100243
124174
126797
127813
65549
19797
59780
34067
53803
68164
8113
95854
40958
78815
129276
40958
134330
112878
139274
88411
95067
90719
136086
108107
40814
40885
103194
59607
125765
34032
109643
119878
19704
107307
47369
122912
107025
137666
62481
120420
88954
104228
78696
136814
107336
47915
30541
37530
122643
37702
53834
27161
128234
119201
107336
68103
103589
126564
8097
97578
128958
131810
12369
114411
119201
65603
63122
30575
138433
15942
47468
70868
136748
47781
83740
12373
110107
101826
59979
135212
105520
53826
68031
132359
24597
26996
128392
15999
113630
83435
137679
62867
73871
127000
62468
15942
19688
137360
103656
104912
101870
121835
126389
23531
119702
129151
34140
128727
68330
19641
84174
76444
95250
65913
59973
133853
74092
57040
68201
16454
95749
50859
129567
104746
70968
59619
87920
65396
90415
128462
126594
106956
107589
78835
125782
65605
12373
78642
59619
97526
76091
50755
125936
53904
34211
122283
127000
79170
125182
62513
138712
78692
118118
138312
59545
135090
30652
53499
73597
127515
68103
116749
44279
112946
107663
23373
101958
99841
126916
23513
125432
101542
37690
40865
63146
135400
56738
122180
83592
62513
73639
44258
136788
30682
110558
47315
116928
68714
116913
74091
139145
92947
81366
59700
12096
114574
97820
71499
90701
34171
134464
90314
127844
56646
136231
37571
127485
132894
47631
135790
59898
81489
81797
122721
57237
47715
37705
119709
116419
107495
83875
19782
65751
118294
53569
62481
68139
124882
93104
133053
138997
116517
107679
53759
97008
40681
76154
97699
106098
19706
115416
123212
120750
107486
16247
76232
135212
130056
81125
65691
104077
124371
99886
62548
15942
34261
106929
116444
119817
137679
139501
105084
137346
88354
86028
37368
120788
40858
15908
24597
70852
81765
95384
12111
15953
34206
109540
130647
137679
40863
112856
130279
139327
126635
59979
95529
134587
124293
107679
53909
40849
111870
88462
130518
138610
113012
131528
106524
116902
76017
19706
103013
88836
88836
27147
85759
101793
119785
118545
117994
62528
8266
118885
44244
19752
95388
95634
44406
16458
129167
135444
88701
103910
97008
136918
114593
15945
97384
130600
111771
121940
121170
44259
91403
125340
23380
83650
121279
119991
113553
125062
57296
23471
53579
123338
65476
68314
83937
8131
70885
37499
126308
86684
116517
37591
12109
65341
62656
122042
116444
59689
68195
109175
12024
19734
138703
125158
34114
126943
134549
83755
78940
27162
95644
88916
107609
53840
12044
111336
119534
102028
109459
30707
134776
109712
68170
103509
124962
43991
127070
135945
70957
44214
27032
105977
37824
12062
47463
105863
131564
99207
47278
30595
133149
81366
19798
47631
70990
132363
23566
68809
12373
12049
88954
53776
63106
47562
90314
57040
134394
122869
131045
27137
65476
136528
76085
102248
59653
15933
34052
124634
85955
76194
27047
78655
68524
128192
68087
121618
37751
8142
97304
115034
88748
91301
97832
90878
113553
129372
120123
88461
23502
16230
92617
138964
135558
71055
59778
118788
73706
138570
34277
118334
86392
93036
132200
104180
30585
99082
97578
119497
90775
12046
121647
15926
125182
134945
73936
133534
93037
99194
97815
86392
83456
105977
97225
12075
132200
104733
30501
134907
8101
8160
133602
53960
93091
81366
37422
12021
34134
110795
121409
136169
122760
8153
53960
95721
27154
79103
95846
123920
130833
93699
100135
130075
37534
105910
116433
93433
135400
103916
73561
126585
137477
90965
118064
27115
30870
138570
133598
116411
135177
65421
116802
71060
105032
47610
23350
116411
30572
131330
47483
26953
124595
133681
100136
50498
16454
101779
124178
65396
97949
105497
84100
110625
27032
44391
132006
93104
37558
134140
30559
73561
90698
137321
133400
8158
12032
27156
133002
76478
128400
118649
95841
113551
27200
129406
30788
83827
117649
101779
97804
85822
124157
125917
121224
86409
53909
15926
62539
105715
59653
27059
73673
59642
56646
68035
128255
111357
131356
65396
50939
44142
117293
101958
65793
107625
105633
122080
8155
105497
15996
53904
107897
30577
15906
136942
121127
107486
85967
47278
101709
137655
115884
114808
135533
93704
132510
107917
101380
135857
71230
34272
136464
8134
76466
137474
116611
114728
128400
107486
104020
125096
19749
116928
115252
121518
97446
122269
30794
20574
124178
127046
57009
133000
123524
81765
30707
109858
73635
34171
135320
86169
70968
24597
0
62528
40830
88411
133120
112819
84326
134533
30595
97712
105990
40681
15945
128192
73995
65695
71073
79336
76194
19805
44205
66058
112878
125539
23547
34276
41131
83825
59778
79147
121600
19672
105990
113154
133805
97812
50510
34036
93369
60198
56787
37719
19636
132347
15980
131682
8131
47327
26991
81787
84220
116803
65344
8106
56718
50559
138202
123588
111348
23476
12337
95159
118788
137119
101789
98043
113196
65859
12046
71148
70886
130646
133771
40974
101185
81414
103916
76202
53805
104791
60188
105715
37499
65332
118545
131152
105757
30572
70753
83953
54006
139145
127506
50528
126916
134623
97308
93412
114752
92678
99852
44259
76213
123175
62731
103833
113770
104927
118054
134464
15922
27098
74001
104215
8113
65479
99752
122283
27012
135090
134153
131955
111991
81340
124467
30705
70692
108217
138484
111252
93369
128236
90728
65344
56939
97446
44102
126871
95644
65578
122080
107663
119587
63122
78685
27115
68443
124882
68203
109904
95596
12085
109459
15961
16039
65341
86513
83659
137308
123142
83485
105146
95067
125340
110839
50894
44476
47534
27086
118142
47315
93647
56595
124040
129248
111991
47661
120750
126659
79136
136086
135131
121193
132006
116803
19797
70885
98672
106524
19705
12114
116927
56814
101681
137351
76619
19752
89171
136967
135424
27123
106253
102098
53672
107547
93091
53840
23426
90682
8119
108061
116913
65605
23408
105084
27041
135558
132829
103318
119130
103589
8143
34276
71499
53790
12090
30577
111566
134886
47294
50473
81713
59969
44460
99686
134140
126151
37560
131875
134533
136460
112819
60098
114132
99717
73568
114381
62548
76232
130929
68600
114728
68903
54164
104077
71202
59796
122294
119474
105718
106005
104009
78865
135424
12070
126550
50898
139168
134872
62683
68714
117994
136942
47278
73613
44388
139600
27063
116656
88111
117649
12080
114228
125862
83592
125689
121409
71202
30651
56754
83782
12337
23370
40897
123879
128384
138202
65509
120403
37692
134737
62710
120287
134464
86145
50498
0
124040
19641
50442
123142
12024
37500
90415
128414
47610
105608
88962
114411
15860
95846
99886
135898
136967
109132
125862
129248
44458
113216
114762
44268
126487
112819
125936
126762
95634
15915
65349
65437
30751
120029
112856
73476
96911
76134
117962
132980
70938
23372
71004
70910
95596
73675
117006
15912
120038
30660
120292
83803
19716
132623
102028
122912
12337
26982
62635
109192
51057
125493
120338
81621
137321
133828
124908
111830
119201
126778
92617
122721
111138
85952
124487
119991
111502
27056
102098
107336
127903
34162
65265
121322
12337
126957
44155
118118
138924
123789
86301
86296
53786
34051
104066
50635
131978
110107
53667
129792
99852
59710
121392
65896
27260
124378
118535
84461
113252
130227
134233
122818
20574
99103
50958
131183
83650
135558
86703
73736
65217
27041
108857
37666
126022
83782
134886
34272
99608
94967
135790
124803
109904
84185
107807
137195
111726
62529
125436
66049
122724
102082
30870
59647
134886
119536
86145
19744
106098
81287
65605
65549
116736
135860
23381
73935
62627
15996
95453
88462
116280
65444
34103
34103
40852
23387
135277
34272
59661
30843
40905
112690
76478
93570
59844
12049
106933
137477
109225
138828
59905
27098
76444
109580
50531
109690
124896
78680
129075
134090
41133
127933
62912
118244
121529
127138
15942
138347
73831
56646
50478
81695
127844
27017
120448
125182
40838
105146
136169
91223
97156
56703
93372
95061
19655
97554
103910
130518
115188
83825
99681
135400
111469
12358
81713
88278
23381
84163
83733
97381
124320
68215
122562
86030
50939
27001
94752
30622
108835
118299
122294
134316
23408
12337
127216
41179
128762
127070
83485
106761
137954
125334
50859
41157
65549
122690
70810
134453
30600
99681
27123
37500
50727
103088
89001
23448
129653
101877
37557
115034
123338
122869
74091
37751
105713
105108
34110
88979
93280
136764
93252
136237
81125
132374
27031
132376
136487
62621
133791
110517
68415
56754
124993
56884
138293
105671
12337
137358
50517
54092
37437
134838
102701
109419
127292
127498
8131
101932
116927
70990
78802
83845
100136
134138
47661
134453
54051
95373
62548
44205
97505
92947
135860
47463
135509
132034
47758
130457
76232
54043
124109
8116
63146
8095
93166
71157
122038
115495
41178
129075
135212
130353
86134
121508
85896
62797
79031
114762
12024
30555
113200
110587
73730
116736
125096
131428
123086
99178
109459
99369
126032
34110
71254
111469
99011
115075
121741
73409
136540
91405
23422
89010
50517
121787
113493
27200
95846
47541
135177
78711
83755
105587
138675
139580
8116
8128
83456
116656
130769
116900
113551
91163
50736
12369
133580
122845
40875
44279
103877
27132
111224
27108
133463
137160
121580
136862
51058
125062
127813
40905
131682
44227
95815
23551
30627
83650
127111
81315
103916
129611
34140
129469
98104
97461
101165
120133
30738
65384
121177
105606
117141
90653
37499
50677
97580
88687
101206
93012
44142
115073
121392
95634
93178
99497
44391
50705
44458
62424
56909
8241
118524
86291
68195
119474
47915
56499
101819
107293
20541
138413
27216
50727
114381
112181
12358
56666
65751
123095
115373
107807
44528
74134
73613
124320
78771
50826
92840
132400
65605
97051
126099
133777
83845
106256
86121
125689
101268
91025
110816
53822
90485
40949
101071
84461
132758
122934
68288
123588
119154
101870
15931
103465
138557
128452
59575
12369
59527
27162
56680
111870
50630
101185
40863
125903
132657
78782
20541
113143
115343
8101
101709
99852
73613
70762
105534
86260
127402
15981
139235
133932
117994
19747
53591
12066
97461
139243
136101
37783
37719
103607
128036
12109
70998
131428
44458
23392
125782
53776
103013
122818
56703
95669
106005
78680
111880
8147
138312
47718
83683
30763
56499
59849
126629
84326
126585
96721
138141
105606
90917
103465
93185
133887
125058
115034
104791
8119
56559
130470
117141
50575
68415
135541
114414
133158
47682
138935
54051
65440
34140
62738
93037
111771
121127
138703
134912
105671
30724
114908
30870
40905
65707
103148
105899
126323
8257
134090
40879
19723
103769
65436
30605
37541
59687
125045
121638
123061
103465
76072
136242
93616
122191
73455
129830
111882
8166
115154
65603
60204
105696
53651
16458
12046
98087
12079
59689
50761
26982
71221
106757
37454
15892
121127
138287
44038
37692
101879
125545
88953
79185
47413
23372
137941
53667
88946
12087
54092
95373
130277
23513
137305
125539
76459
121166
65549
59897
104725
81179
56595
54164
107807
12046
131814
15930
8098
47365
129077
65578
99735
122689
62569
134927
73675
59898
103088
23524
107250
78803
65436
63146
106064
91025
47682
109087
34051
68739
63106
59710
129482
111347
112805
73613
19712
132267
110032
37512
113012
12028
12066
86584
15910
88687
115181
109459
74062
8264
125997
114762
114346
138675
68739
56818
50976
23501
119578
93479
125334
132376
110107
123095
65265
56905
62513
37556
127515
37454
76085
137940
47463
118482
126659
110839
65631
125082
109858
133463
62481
71132
107326
129658
84002
44458
76287
68243
53960
78749
78865
71702
116736
131099
81705
68063
15860
65500
124961
134185
40946
133580
136826
121787
44244
62618
47701
116425
23387
107584
128762
97598
129077
50705
136431
124691
103194
85985
114590
122721
40905
34292
102151
34245
59686
92811
59527
116656
123522
86513
103796
114242
65416
19708
132108
19682
139260
124161
129664
12034
90992
8287
44388
23392
123670
94838
88482
108217
44205
93292
54006
136675
44205
98960
132347
0
121697
109365
44299
116423
62554
110672
116433
95443
131183
34239
50719
86513
123505
132279
129248
115283
114762
111469
53511
30551
111501
127703
127844
119704
136431
136265
83875
100167
134154
133871
68396
121224
117187
128265
94752
129372
128236
68242
62468
97789
34162
44476
88447
123340
34292
97761
131681
128754
90415
59788
132112
73936
12358
15980
23531
114817
88946
37642
71318
101596
44425
78880
59689
101185
100136
114808
125340
4174
112946
136764
27147
129619
23392
88983
95151
119704
132245
81749
116843
34211
53960
123965
130470
88111
59897
135796
8160
133053
123879
111559
19678
124346
95689
118788
126257
111882
105718
88354
125574
133609
59710
97907
129191
16247
121117
74062
116411
120080
76292
8122
37642
110839
54006
8116
81522
70709
134907
133982
132309
132801
126389
108962
53711
131697
34139
101958
65695
130962
118244
65337
135509
137161
108217
85822
136504
138293
116419
19782
34277
99207
90646
53633
50677
30695
122180
23473
101268
92846
127202
95061
37591
122639
134838
126531
137138
47621
97965
130053
106524
127907
114728
12050
53569
44184
131564
47380
137766
50829
12369
37617
103968
44201
51058
41172
70810
135633
120287
131740
76789
81675
53839
8136
135857
15929
137679
111501
117249
119740
62529
121724
30740
34162
99347
95078
118294
91010
34051
81293
131152
120745
81467
123524
30627
68447
84284
73774
115303
65341
94838
73478
12358
91223
88828
110925
104927
136243
137008
37617
111726
30848
103930
15876
103833
103725
107897
56648
126778
133982
76281
116802
122760
105977
26953
127498
100281
132027
99735
113697
130295
128487
56689
73730
81315
106073
132576
99801
47468
136989
71202
104162
86215
88946
37499
8100
104927
78865
41028
81647
57009
23476
86558
8128
138127
138287
59849
106676
114808
65666
125388
47750
91061
103194
53570
34120
34226
118470
24597
131978
74001
4175
93102
73675
129567
93151
41225
53904
44258
53822
135286
74004
93538
133853
19691
116730
37512
138407
136265
90485
86582
90653
8117
130283
106440
34226
107584
126659
130236
108107
133181
111347
23458
15981
123149
19668
108088
41050
119766
103064
47631
76889
24597
93033
124320
132657
127532
71350
118600
97907
83740
47682
131875
103910
124487
95151
19655
62559
135212
97304
0
139260
47327
81510
40875
97304
113770
117512
132200
136382
84122
125010
12015
97261
53829
116425
15862
110327
95373
99296
34139
139244
131681
117249
27044
71288
30595
16223
8257
23373
95127
93699
88588
40887
132801
90646
68330
136749
97903
121361
113630
53651
23397
68527
110119
121135
124153
59534
53499
138092
4174
15930
137954
8139
135618
50727
118656
50426
65888
12034
53579
118649
26991
92947
65682
93185
34204
121106
81573
57262
116611
101789
130600
129637
127138
124349
19692
62683
15912
126797
65436
106005
19716
71157
112071
97789
123517
73488
59973
4174
78750
37692
70885
62573
76091
99103
124678
115495
107307
107584
34043
110327
27037
23381
81713
132386
76354
50776
107547
128655
101870
130283
113143
121924
15876
107903
138092
107293
93178
110517
119771
23387
47629
135379
44259
99922
4172
117512
83803
130580
78815
139182
12009
90728
91301
137119
88278
99611
30572
126943
81489
78469
57133
128727
71435
112388
93292
94752
53569
92811
54164
34277
76423
97735
59833
62797
106040
139623
56685
124153
138500
68139
124917
114752
53570
59874
65544
129664
59527
37591
16458
117023
90774
97156
138413
65671
108460
132996
53651
53829
12082
27041
47296
93091
127070
138285
95505
95373
70762
27020
137562
15866
98104
97699
114242
92617
12049
95318
118118
62846
70868
127121
104746
127485
65337
110672
68210
76789
30660
128246
88983
65384
71044
105753
73602
93079
127678
12031
68164
106676
12082
56718
120183
8120
65885
84122
101116
99032
74219
15844
134122
103939
118142
90899
70963
0
119267
56836
136242
122240
105452
95258
76380
131353
121647
121224
50859
56687
99467
132980
90653
127202
135286
101826
123729
8241
62618
59527
81787
78685
47384
8128
137895
56887
112934
50531
73995
53591
126846
99347
23513
50413
133534
122180
56884
90314
47384
8153
91164
129830
73886
132309
68164
133683
132242
44097
116928
120497
133325
126629
47715
123365
109770
113493
81233
113493
73597
79229
113815
41024
62594
95384
130962
120400
118751
75999
34306
115115
121106
23411
104215
106956
47553
119386
76091
121924
15980
128375
111056
129191
126423
107391
107903
95735
138424
107663
50898
108962
50573
26982
103769
56950
133495
130277
16458
115009
129248
103013
81287
57237
8150
56990
127337
134795
44174
59849
8128
76466
27094
127506
27162
65384
44279
70709
34245
53751
127506
131955
57262
16481
103833
95486
127675
56718
133101
84284
119785
95159
8143
27063
56761
97440
100167
44123
117963
137160
128665
128395
113430
127933
34206
16458
44279
27132
23387
76478
50556
44440
62731
62371
23524
130518
8257
119707
30651
121177
16454
86312
108460
132112
50826
23401
87920
0
108217
47420
12046
110107
131356
138435
71197
68197
53840
121224
30669
107570
123095
27200
62825
95151
134599
23348
8147
88354
136364
30763
132510
89001
106253
138548
57237
124678
105587
34139
103055
8095
137100
16454
44428
99983
86296
44394
23458
60098
79584
70880
107324
129658
100876
53839
127070
76213
27031
102028
113143
135176
56648
124908
85822
124346
103939
88713
132894
79271
137604
132517
138629
65691
34339
81787
88738
88354
74134
115373
12111
101880
135245
65544
8264
30827
131528
129902
135533
119267
135207
50543
99369
81260
86260
105201
73768
47434
95713
107903
124908
8097
90698
137308
59686
88415
109690
122953
91027
101197
81522
134170
111991
65605
137195
53633
65384
8092
118498
73675
37534
34323
109175
16481
23374
122285
107663
101827
78782
118104
81705
103148
133871
59432
137310
112405
125774
138997
132245
122062
16003
95067
50859
50528
118222
103591
68733
88713
124052
71230
97526
37556
93479
37470
81675
129792
12072
19682
113342
130094
117087
101826
122570
73935
81509
96635
27282
12358
15871
118774
30651
112303
92846
121567
121106
88273
86397
111336
76466
34268
131875
126857
68197
133598
111218
121361
125574
137655
90646
95250
76300
12046
129265
8257
138216
100167
116254
104228
101074
109681
93518
109984
27161
127498
105753
104077
113601
121106
88868
104791
99735
98043
86397
90594
100918
121567
83557
121561
132801
56952
15844
107400
132267
37537
23436
113012
95641
136304
4175
16454
56814
128999
4170
90992
23411
133648
85898
99686
123735
8151
44095
125545
50668
86355
128665
16247
93699
101531
83917
123274
30660
81360
4174
30581
116656
62529
98924
97381
47413
81284
12111
53786
8147
98672
78714
47408
113342
16454
81510
50643
132400
97145
88781
53671
15996
78940
134647
8110
131042
93091
131991
133805
81765
110682
131591
65427
44314
53671
120750
100135
27282
90594
59905
108721
93542
83456
122269
73476
8119
116639
50755
65337
127070
126846
133149
50543
50511
110032
101803
50543
50727
124320
137659
53962
34006
81621
76289
34171
124178
63122
4169
130833
128098
137305
113154
117969
137941
56761
132894
27047
40990
23328
27056
120287
56534
83660
108205
110625
107683
90899
41050
30613
53803
121600
115820
26953
122191
93280
135923
19826
53575
59874
95341
47385
81293
88738
30600
100876
132702
122671
116254
93696
137766
12373
76289
16454
53642
15972
70998
23372
113688
24597
91385
44190
12042
121741
121580
138914
117187
40863
73483
12072
60098
12046
119704
81681
62621
34261
104180
8266
84068
119771
130736
73730
97493
12050
125681
133681
118788
23343
105671
65417
115522
73476
103088
56952
116639
123517
116306
79147
53904
73476
131183
8139
90719
126857
76310
128907
109192
100047
88230
123175
30759
76091
99772
107400
113315
15903
50696
130412
8100
121122
56646
56666
95370
122455
68482
126916
41050
129637
105990
133149
121549
108669
78815
107064
34139
56718
136169
97051
12082
135299
124320
114593
100136
112253
30541
20574
135090
98123
122818
92416
133820
132242
134316
47420
27098
30848
121145
122806
86315
99686
107495
93262
73675
101074
101709
74091
94752
135400
126635
68369
26989
109690
81366
34073
78865
27001
107336
103725
53579
101870
50635
73635
65885
50435
53834
34239
37756
101932
105608
53633
56815
121835
0
136540
135161
133158
23458
73455
15871
121389
88230
138347
133491
30751
56777
130277
78747
65913
41131
112071
8147
8111
133053
118260
126635
137695
20541
44440
53575
27132
56917
47915
102092
40757
122852
40829
34095
104020
107486
86582
137346
95713
108061
111483
89098
47582
93570
41131
121322
50643
99103
103833
8241
57133
133287
103607
121894
123212
137282
12082
19797
133101
128384
47645
111336
109681
76105
95721
103951
133278
95346
115340
93479
118064
135840
30523
95505
138629
59780
122724
97540
126659
68733
90992
34277
83866
125045
50505
23453
131682
135444
62912
122062
132502
40867
78865
117070
101789
125467
111252
133681
106610
126053
76638
107471
138285
120403
93151
96766
88230
70998
56952
51058
136440
79043
109175
88447
137977
27115
79043
70692
8131
8155
128234
108021
27031
124755
137333
71312
110072
136231
71702
119452
50577
132368
76279
116649
23380
90878
122934
105899
65695
62627
59849
97308
70864
47682
124962
23465
128384
85759
122759
124186
30724
78880
107863
30572
27147
137385
118172
95392
106040
34032
27016
122721
134590
79110
119114
129830
111357
109365
133828
111501
120956
130962
76835
93033
136814
133181
23438
91025
65437
88978
76202
79170
119878
106503
4174
117962
98123
122294
73568
137451
73774
114817
19774
47730
41225
78807
71055
40972
37467
136888
111559
90735
73774
47434
124909
50635
60204
138287
27121
40885
134941
101165
79094
37534
44213
44155
118656
85822
73639
15932
128655
30670
15875
27063
62762
101793
50473
76134
116893
81522
26991
113200
79094
12358
90917
37824
40809
62539
111771
68210
34077
12109
70880
100243
23373
53950
124161
62912
119154
15927
90917
71499
91385
76631
117006
121389
83769
89164
76727
76564
62867
37527
68828
107250
91010
115884
124201
97446
109858
47553
41048
138548
27093
123365
115188
50685
65631
137655
118656
111357
83978
65885
91164
93037
15860
136265
105587
88680
134394
103951
116516
124691
59968
16481
47629
19694
130750
101709
127337
53829
78714
108099
103064
63106
62925
68447
30682
101779
56645
107064
136835
23392
102731
8117
47629
113132
53759
95453
125182
130412
90751
106041
12090
23458
68714
129167
139061
70851
121224
137347
15886
102902
12072
73847
122643
81647
134599
62797
123363
138312
34326
131564
123362
124908
8150
95346
86769
120156
103725
74004
44127
40757
120403
118083
136675
62762
99871
23458
119878
120400
126916
112878
105608
132623
73831
81647
117649
81315
113200
56559
50719
59575
116900
113863
76292
136826
109748
129276
137679
59854
73568
53909
24597
76085
40946
131528
30650
83978
73696
99681
37713
120156
34110
41172
132894
118602
53802
76410
26967
8126
88836
71202
108021
65427
136989
135971
126550
134453
81765
83995
115416
115035
138549
121264
95900
19704
81287
65631
56631
121322
120029
135509
124215
23566
65751
117981
137100
34382
47483
41179
124487
137451
76663
40920
99681
26989
73483
105977
109353
56595
81293
8135
68247
101789
98924
37702
93369
124215
8131
68524
134275
30795
53651
121508
119709
106040
97304
62810
110462
86473
116949
121697
97345
133120
124595
26957
97512
115115
81765
56534
65561
111419
53487
125096
83995
59687
40910
19707
113252
4146
71571
15942
65888
134228
95689
88953
34239
78680
50478
126564
23482
120080
120499
71059
131057
105910
91291
120788
131021
105201
135351
129664
108061
57025
34051
103941
88836
126404
47323
107307
115009
106040
121647
81179
112856
108721
83871
68247
73673
73726
128234
53839
37512
19747
120788
27200
139242
125010
68139
124487
101549
68164
107881
19678
125819
30541
50413
136475
30766
8097
53671
127097
23471
20574
132510
119707
94838
130736
53633
68733
34077
135857
135279
15957
90992
30763
135207
118885
59788
65885
112611
99627
110839
112303
68203
27137
118104
86735
23411
101819
90371
12090
109560
62797
119913
131183
101286
40867
76597
123175
53826
102270
105863
81522
50575
104725
56952
12047
76410
106956
26998
123086
95570
19682
81510
106064
56843
136093
106440
65751
12111
127000
126323
108813
132400
125493
120497
139243
47750
62371
71202
30598
78655
88590
133682
127382
50426
120123
134316
130648
113012
81563
95373
129970
109641
123212
138549
57133
20541
53569
50635
23473
27054
111494
16454
86312
93547
41185
19682
15892
138500
113192
130810
34141
53633
122912
41094
62554
37467
109456
54043
86484
134838
27161
91223
86301
97526
84072
113573
130602
135668
102082
83917
110839
131682
118294
127097
126762
62846
129702
73483
19692
115154
12337
15924
130736
112119
125842
76194
118788
105514
128650
124174
102946
47758
23551
40946
27017
30788
122964
8097
76279
136042
136484
30501
95250
0
59780
68369
129009
121389
62398
133101
8114
137766
137695
86397
62513
79094
62925
117507
88687
44224
118921
65417
15919
107663
127070
117070
139260
131853
109459
136484
86251
74228
97663
74318
27031
30675
78787
12369
44299
65801
47296
12046
99497
124109
63068
19646
113770
94838
109432
138549
103941
113132
123363
101803
115522
54092
81293
88588
106898
12046
94967
111521
8100
103096
107307
81441
68465
131875
76564
108398
137346
131167
99886
62549
103882
110517
88836
79023
129372
37729
81125
30682
86409
53628
16458
73768
68565
108292
65695
23457
118527
132502
115705
104215
78955
95644
123212
44258
93369
65217
104578
30669
93102
37500
135090
44305
127337
78771
63218
81585
8166
84072
111357
99207
26998
16007
135986
70880
88946
50577
93518
97646
134945
115034
118470
19713
110987
114808
86134
95641
27037
102283
128655
68203
137360
0
136888
133828
129958
139279
47553
131929
16007
8116
97345
137954
128958
124174
81039
95250
54234
103589
47696
50829
93479
130769
30622
89164
95669
129567
111502
91223
37582
118294
70998
122724
118442
119913
133425
106040
105146
101116
50761
109540
76078
113326
54128
88273
71055
128236
16458
124195
109175
47553
76158
33975
138428
136382
44099
135286
65888
116736
101729
34326
65996
128098
120056
106933
86217
95370
131627
70886
100047
117994
101549
105696
68288
30548
88539
50939
117486
127390
68574
34080
117397
109858
68164
97446
47645
44268
19655
62656
135245
105201
12082
19704
15910
128795
97598
68733
116876
76154
110327
81960
65416
97168
59979
86390
100993
30670
73768
68903
127070
37461
113196
138413
16458
102902
86296
105954
41160
122142
27260
59661
44373
95846
50749
37798
121166
106503
93091
123689
62686
123030
37705
106017
132758
30651
137282
132432
130345
130412
99852
122934
47683
93037
23513
30575
128452
88539
127097
124484
118009
126389
126308
136093
132279
34103
40858
125340
88590
95392
132552
62627
95854
116927
120282
113200
8120
114132
97540
130833
131740
103833
15910
130472
134823
129702
92947
106724
126972
50573
126404
125286
110977
78750
85896
122285
88230
97965
70987
27044
107064
96030
81765
53834
100876
121638
8287
111992
44528
56990
133828
103064
41048
27156
135618
124882
138436
115690
118294
113770
78689
71197
65349
133396
111056
116236
100167
127216
125182
135299
136826
91223
132743
116902
108962
138202
95067
15926
12028
139168
30843
128384
110119
68164
95146
125689
138781
99735
134590
135177
135493
86397
62684
53904
50726
105568
56521
111566
68486
128754
107064
126308
138557
12041
109706
41185
132978
81219
122759
101445
65955
136528
109643
37541
78805
37437
131152
130757
101701
27094
108460
136440
50465
37804
128462
65885
93318
103377
97699
12009
119740
137477
136440
133648
0
44099
130769
19646
59545
73906
109748
133534
53633
53569
128384
30548
12373
134155
15931
68242
95078
78685
138629
139279
127216
97261
8147
23551
134907
65483
106073
8150
50577
109087
104114
8266
12084
99037
8155
138424
76091
47631
107663
115064
123733
27115
56631
68242
107815
121835
121224
127337
23503
93462
86336
124320
30585
34073
50478
114808
65707
59687
91120
30763
119991
27260
34276
86145
44305
127216
115585
37491
125903
86053
129664
129545
47327
119740
119130
62539
138610
73871
90733
104725
118334
86143
111696
112690
101723
65801
37530
106177
119702
133728
111357
12041
119771
30662
127678
60253
23373
15986
129185
0
59788
97685
131481
91010
44268
68527
50500
76490
100281
94921
131239
138358
92938
123362
124346
131591
135699
53499
97812
27047
100135
135668
23453
90701
79002
126733
88715
132939
110587
128236
23411
94752
111336
71571
102701
127000
123735
53839
128665
41179
119114
92558
129075
54043
97008
47369
71254
103037
62846
131627
62627
111870
107570
97304
116893
37454
113315
137939
50603
62554
76490
115170
50543
108118
27078
121600
93102
101542
126099
118452
73631
127216
97512
81787
103318
76017
107486
128414
117087
137305
121106
23473
127123
27094
99983
30870
127498
68505
111696
40879
126656
37461
59813
37654
99886
103877
44428
108205
135860
133777
50510
127788
126846
135090
79170
40897
127000
132978
115416
68247
15926
70753
16454
100167
86392
12358
118104
129311
139600
90371
116639
111696
107863
53659
109643
44279
68087
85898
88411
101380
122042
118553
90485
23315
65955
134316
44470
105971
12074
122690
65544
97345
12075
63106
79185
139274
134138
70753
59898
91215
76180
59642
40897
133396
115021
56917
102248
44476
123365
109175
107486
105977
34036
136443
95453
15903
53852
47368
51000
44349
19708
108813
119267
81434
71004
79110
125774
78469
78867
97051
8092
111830
128797
130746
78749
90457
56645
56787
121647
125431
130780
8114
62569
37491
121618
104228
132552
54051
8125
27162
137776
109909
93037
134927
133462
134907
117969
86053
34261
53759
78696
56571
127138
116108
103509
95721
136958
19749
59689
60204
37804
41028
84116
68078
118823
86326
118553
40858
103013
15911
23436
130769
111559
136440
120728
56646
119536
27093
27216
128665
93699
137138
50677
115252
113863
101548
79185
56761
34226
104114
125917
68447
27165
118823
59687
133273
135176
135857
136382
59844
127182
125388
20574
50511
135800
113430
139243
19636
37727
44102
126411
89098
129735
103607
34204
132034
50556
30627
34162
19650
120497
134724
93542
71132
97789
135987
68081
128181
12087
128462
124908
68243
107609
126594
120788
15945
62548
12369
105606
12074
130279
135351
65695
44305
47683
138216
134533
47278
84220
132623
34006
59607
68733
78862
27104
126411
56703
68031
8131
84220
117682
120497
27017
12076
47463
115340
119991
47413
115035
95641
8119
132245
76017
56761
37422
73647
62810
123522
105671
44213
135509
37539
34292
12373
121177
125765
121135
65257
68078
122964
107293
109335
114590
138712
86558
34190
51058
53666
103553
134228
99693
37467
71059
118299
23392
109560
63122
101789
124293
126560
79110
114002
86215
118260
79215
50573
81522
109706
8143
44244
125903
134681
30759
71583
136431
108813
30751
108460
76232
24597
131212
23462
103656
19732
121170
132517
41024
50960
16454
88343
78689
37713
53511
126846
56952
111502
119114
115307
123524
37751
0
129792
123306
68396
122080
137999
138616
129271
111336
101709
19713
130524
105993
23340
97261
76232
131212
125014
120499
65666
86296
56843
95486
132242
44184
16247
76202
120282
131021
124882
130277
99032
107326
59685
81787
44082
86301
12358
86703
59901
37499
19678
12046
108332
127097
23401
81647
86355
73483
88962
62867
111175
40877
37702
73476
76727
130602
138312
136464
88462
131764
62627
37684
62762
103553
126080
138366
111501
130580
92846
126022
106503
103833
121580
128487
96928
34122
134122
131057
127903
37558
120788
139242
118649
47610
78805
110207
50618
138312
108021
12096
41024
24597
126871
44425
40887
62520
120029
125372
37467
117397
130472
12111
81563
123800
131239
12090
34292
125774
136443
65358
15871
59815
137477
110517
8110
111357
130646
50829
124109
73478
134282
19752
50643
90215
83995
81705
86703
70885
107541
50960
135673
27078
113601
98104
59575
102092
30669
130345
126401
0
93036
133853
105863
44299
68124
95793
130630
84220
105452
129637
40748
132829
139310
23373
68103
118222
65332
108813
129623
133683
128004
37690
127678
81369
53904
103013
128192
97903
40897
44174
138285
56818
81749
96766
122269
118954
37620
132657
81787
62686
88687
41139
137308
131396
133598
127402
56559
59653
130295
40748
50795
116224
123879
115820
89164
74238
88715
59833
103096
128113
90719
125903
56499
81293
23490
125082
120499
123524
62785
96721
65265
127908
84284
116949
15926
44205
81489
119536
62931
8097
79043
103013
118007
34281
41179
136504
127111
56703
53803
50517
93016
59619
81787
128265
101972
107541
76969
97554
4175
81420
85913
59545
121752
128265
50577
126659
12358
41053
123338
113688
138302
50630
59854
44425
34134
110119
91321
93699
115435
34095
76017
12009
86260
12044
105993
95274
78714
84250
137604
104020
37512
137440
50413
47701
68486
84119
135177
92587
134813
71583
8113
47384
107807
112405
79002
131564
53840
8151
97440
86143
12079
116736
136540
8287
65444
47278
44406
53711
44458
131045
73886
27017
56909
95713
30548
133462
101723
99717
86684
122180
125436
95854
70963
44283
70911
86473
79043
41028
23601
120287
20574
91403
44470
128849
100167
129167
62797
124917
107897
50829
56905
34277
47327
129469
73763
30766
100135
91291
34036
137513
71216
108857
98123
127844
123365
84045
50618
135558
59903
126733
76180
74091
90775
123306
81467
27044
118142
8110
34206
104091
12046
126308
19668
81573
124882
19705
116649
12109
99329
105568
121416
115340
78966
107307
8116
19683
81350
100243
70952
113770
106017
90775
118607
59687
116802
8155
81233
120029
12046
70938
128795
50719
86336
90415
136504
59607
129567
34277
110816
120420
44283
104578
132398
134886
12074
37642
90979
71519
81812
132200
41179
53659
93570
8116
138616
132376
59815
59653
30789
34171
97446
0
53840
132450
103930
88701
123920
50556
44201
65671
120894
27093
136440
23315
65631
86582
132200
81769
108205
65562
81284
76202
103941
56990
62684
97663
68415
139510
26953
41077
93433
15866
109757
105715
57133
110074
137311
93647
15905
81681
53671
99369
98043
125096
47621
95061
122926
133053
95250
111521
12034
94838
12373
81366
65196
109641
34180
47365
103803
132801
118288
123562
129182
93372
62573
129041
130624
131697
41109
113315
19732
95570
50618
134282
19826
97051
50630
37368
71148
115153
27047
123729
94505
119693
8097
128999
137347
59698
121193
57035
12090
95274
126401
76281
113529
131021
137941
110209
136942
93479
8114
68078
44116
0
81769
40972
90735
30843
66049
101819
129041
73696
113646
95373
47915
97051
37454
56689
130075
51000
103796
132894
132950
111942
91175
34261
90728
119201
112725
129358
138436
88455
50556
40905
133697
78807
12080
83845
83831
44244
23482
37591
37713
79336
130472
65888
103465
34020
34146
138312
40935
40839
84185
8158
68265
62627
111335
123733
37591
34095
118222
102151
68215
103020
132894
44224
123689
133802
15946
73568
53852
111995
135860
116209
47385
135860
23454
16481
97598
118118
91291
123175
93576
136487
23473
86477
27003
117023
99032
137440
79271
47518
138391
23454
107960
90371
12079
47682
93091
134154
76490
88411
79185
59689
109353
59685
53667
135212
26991
57262
116734
137379
93433
136540
76232
56756
86028
124153
93166
50776
117397
114728
123879
86703
121508
97743
19747
53904
108837
99347
93090
116381
117006
121264
50531
34335
16481
79229
8266
121279
15926
34335
37500
131697
27086
105971
86379
44460
19684
23370
116419
122845
47323
81287
68809
44268
114908
130283
73831
81769
109556
111521
40997
73483
97316
90905
138049
60204
53759
73936
137365
91163
78642
71264
59603
8097
79031
136854
62444
73736
96635
65695
134813
103377
123363
41028
107881
78865
109450
120282
68340
83740
65396
129825
26967
108837
12028
113304
137358
88482
47696
84229
124186
136443
30598
37725
34245
37512
86484
107815
132743
137305
65691
134394
