67395
33753
155867
170965
174203
73311
42966
122699
42949
83693
62896
90075
83792
111849
98133
90059
38411
167083
101580
132814
73431
99463
58524
110802
90350
51941
36049
103337
19552
147605
116542
88230
149995
38385
84181
125625
151496
87858
26785
5006
73247
160918
75348
177502
157991
84054
133630
54287
133174
33753
54246
64806
94168
84092
4983
157789
176000
169623
152406
164064
161109
161081
171429
134867
24352
24420
122501
149375
62968
101728
144945
141956
140552
166909
60582
154810
9888
139404
109661
127163
175455
114570
103443
122953
142841
134341
54042
143318
171718
17471
73601
111418
95707
81538
66911
105224
115170
42934
118932
4978
153015
31446
103871
77918
170228
24341
105329
157094
169952
174446
137610
96484
104029
141018
4984
146018
170304
49666
24370
111276
62848
87707
139351
144034
38401
94103
166102
81839
143929
151171
167036
137127
128257
117121
12385
149810
177337
174190
118390
88023
21979
176083
60904
89717
165810
85885
172976
49610
73575
77602
149821
151507
36075
125310
125842
42932
90392
71391
81564
31401
31395
40606
164278
121020
146200
161215
19560
168558
122749
62965
36019
47538
124464
171451
175950
99611
90039
97720
24352
9880
64915
52011
108149
174599
165765
124003
177443
131855
19623
150577
170304
73745
177337
90090
67166
125615
40662
49625
144719
139584
63049
38383
95819
54089
132815
132265
31434
19628
113479
138477
71201
90042
54068
160685
171452
173498
83562
98025
168489
109192
69301
45177
99920
114739
105995
135335
170552
162384
171392
126052
42972
135811
33727
149804
132530
159307
164869
174460
62734
136140
64850
149669
45223
58327
117288
54143
128337
174459
29064
79453
14754
173241
144578
134238
177525
157566
169964
157641
58450
4982
47400
71753
107533
116563
155783
147774
146363
140135
49659
147740
40718
173131
33719
62802
127507
111885
12514
173125
147890
7479
105213
0
174676
73247
88065
118369
160846
118690
141595
162716
109058
97485
161490
9880
88016
26738
137127
151466
146714
54103
148081
71517
19646
86025
139663
149982
168683
86061
97586
12461
29089
17439
146714
75668
159081
132786
17185
87893
62734
152682
145161
75956
136090
143018
88203
51965
166745
14754
73283
82000
156188
166729
141890
83591
58735
140609
137897
143310
134238
12345
142537
26740
77854
174512
134367
36022
115539
85578
109539
144556
75580
96055
42863
26719
90064
87864
127231
26698
71362
14742
78059
174451
157522
152491
24399
133195
108857
173159
24370
122953
146372
131867
67228
88060
83666
174260
9896
83876
94009
71665
144542
158207
109661
7467
12365
177687
33812
157997
97597
36101
150257
156365
64845
122328
77775
93482
73514
148177
71376
177500
146503
17179
116586
14754
120689
45202
119292
103301
12334
118563
139758
56288
145158
105594
42947
69362
9900
79683
160583
9986
17165
169898
96126
77768
83741
84181
83963
9896
154856
175609
157801
9907
116730
88170
110906
58504
158941
93712
93853
120704
174504
107670
29149
132861
127406
26698
123746
110888
60574
165058
135861
107858
12320
141432
171392
151630
142812
127591
167060
122731
141218
31434
56254
24340
123842
40711
17164
177573
56248
147451
49639
122014
60765
146882
58366
152491
86032
116438
17178
139579
171427
31442
77854
133630
98492
177582
125334
140951
154392
97392
49724
99760
38367
144519
101294
159307
95521
149661
111278
137082
104250
60872
19631
31433
100013
170283
144695
165986
153450
75580
113044
145050
162261
17224
58409
47409
160685
62718
29134
81518
176982
62976
146883
51965
173184
149889
126693
110943
54054
17150
116840
141667
111567
171539
177188
7467
98107
42966
52028
83947
12325
120441
159408
38325
174052
175475
142996
47479
9932
97775
149821
96055
110744
62877
81855
116465
136709
33741
133659
157566
17164
12461
156212
98214
7477
9954
84056
118102
24407
103360
94409
138761
173938
168492
102022
132633
77550
33732
67010
89657
168881
124137
62626
139663
125551
156262
129508
113070
21960
141821
29078
138241
51838
98492
148124
62809
9928
105910
33752
158912
121966
134942
65053
140240
120102
177582
145806
141406
19568
115389
19576
64998
12466
154981
40718
73256
36039
40709
38415
12315
58526
119178
149575
147860
88100
90117
134156
4987
116807
52018
87690
101394
69134
94324
148525
158985
149392
91616
75668
146903
45177
62911
134951
100054
145158
160350
29028
4970
97392
116306
162850
157655
54022
69347
160350
101965
156479
60542
175684
65241
71521
73468
79817
94081
117279
164087
167405
166965
89568
84165
73566
129420
40664
79863
144314
17157
143022
17178
111359
79833
151086
122873
0
90441
147897
69392
119263
166247
177446
158448
58719
81787
125931
49772
131041
158162
83573
154445
140064
4998
33753
36078
143298
162684
161102
42862
163547
22008
104006
54267
0
109153
176187
71422
14748
33772
79773
95645
88230
54287
138573
149895
149312
130854
149256
109660
81998
105173
38370
142286
36030
131944
177509
47508
162108
116840
171345
29123
54134
163785
36074
101869
99902
52053
111623
36049
154741
4986
56403
154127
171554
45251
67130
144832
9888
157936
73836
115638
144949
142314
147897
58524
109905
134332
63034
134156
36061
169146
169012
121935
144579
105676
109145
73247
26774
158269
140589
14754
56421
108857
19646
163588
63035
141299
141559
31428
160683
0
176316
162386
96096
116622
111599
83942
24320
24340
144724
169838
157802
147782
65046
171539
112888
33751
120903
127764
177455
67162
17213
166941
146724
161319
158950
107364
149824
97784
64997
162296
14771
97471
58584
114804
78010
22023
92072
45141
45117
161744
115373
99611
96042
17179
138175
24344
153104
19538
99276
40582
174837
42931
109077
167021
98025
113539
82189
146554
54192
47483
79884
143152
138241
45254
94168
42862
62665
117345
56190
31483
26757
36138
129761
86041
77819
79985
47501
148168
151508
130446
64961
9920
146209
51949
143620
112758
165251
127846
175913
69357
40678
67149
124125
47419
137890
33741
31356
51920
40629
45221
38399
42992
38383
42932
12385
31420
52025
73311
66957
137919
135265
166944
151630
71198
152867
60588
150775
60710
123859
154127
89538
96096
54192
98101
132562
47412
138036
88029
120637
69250
69360
133147
88038
112850
89709
24350
75467
94009
123716
147938
56422
109660
22008
92083
67208
85700
101294
154211
56374
24350
62880
124392
120729
62759
105088
107707
45162
47462
171827
177405
170644
141095
159015
156055
22031
12345
56383
149823
155077
157753
56473
67162
177551
148233
4978
83574
162110
119181
98214
155956
26743
17199
45233
147738
9936
157432
148577
42939
56407
79513
58511
29076
146158
138774
121152
17471
75705
9962
56408
42876
165314
33768
9942
135083
67208
100262
122265
162537
118767
123763
14748
42844
146363
17164
165394
114559
9896
134830
80091
73469
36101
163933
77811
42966
176073
170007
99913
115666
115212
176002
73813
137842
130902
125552
125615
121210
62940
54134
164777
107031
175982
24340
31417
144992
42920
124541
75510
73700
95905
60707
69331
137622
45241
0
164128
14753
139579
73715
113630
65100
146441
114807
130201
56399
111044
95470
71190
17234
9880
49685
64833
83535
4976
52032
49728
19624
49817
56425
58526
17164
145299
26709
121890
49610
177154
113476
122855
24314
4984
93762
49685
153161
83627
24360
45213
49639
146281
71402
95933
51914
66994
163983
133657
62699
107448
42892
167206
103728
157705
51949
120089
146554
40718
105452
122060
110802
29040
40669
166480
156641
156700
130863
26770
114597
129965
45197
14766
129144
33770
71516
127397
19631
84279
9876
26686
130490
123734
158732
77768
115560
17241
58569
133522
155902
149259
82187
4990
137540
96070
123590
17187
31409
17157
21960
135951
130446
111044
148266
151128
159382
7431
119022
111499
109077
173404
60672
93519
88023
129842
24389
157435
17157
14820
21960
77696
174302
101630
129842
146442
56238
33729
73247
144739
86137
54253
146374
56360
114860
131521
156365
69321
49720
54051
17245
107307
14742
122855
115501
90369
127013
29028
45251
36074
129044
87844
75702
134850
47510
49625
67114
38379
169211
47506
144832
21939
51828
171778
73326
92447
24340
88098
139918
136175
123590
146512
86066
56249
171679
60694
87661
67392
45319
145406
154641
160207
143072
144460
33732
117256
67009
77647
52078
36030
101580
101222
24389
51826
40628
109907
96219
139767
138958
148268
51780
145431
42948
60508
36156
163778
155600
22035
22005
125543
58630
112680
166869
45123
79867
123716
137821
7428
177409
77726
137897
91548
108097
165562
105750
81984
148081
56278
172734
132697
75585
174034
12501
86032
143318
169964
51910
54196
148123
168459
111849
160916
120110
166598
174319
159763
140244
125893
159398
52002
106215
137904
21969
147309
142147
60689
175570
97807
92099
38398
153237
165566
142968
133195
38293
146363
127299
69350
134499
86066
139459
81998
83562
75704
69268
101747
138474
136219
146257
166130
84045
166292
36032
116362
122882
114873
101413
49728
71551
38418
90109
148425
154643
56308
165517
9872
58561
12330
108001
121020
82093
88222
153809
171120
93519
176237
49724
17164
73537
123831
49668
177464
125648
9880
146247
29123
58378
113666
22013
166926
117009
162637
36104
127337
38383
168443
124059
56376
97807
113448
159081
146841
97960
22023
150710
47426
149950
87611
58418
168512
71377
75700
174340
71485
31433
174701
81787
113630
49772
67027
45249
47430
49655
62777
62717
143983
77985
92170
133237
95606
169266
143304
85559
60508
157834
167148
106324
91679
105910
40688
157411
127952
80069
17179
177446
100091
62862
64820
79558
87611
33729
131492
56441
125334
17164
33729
7425
17164
85650
9880
60677
137856
113479
87630
174634
113424
134922
33782
38347
176045
33768
116602
149914
54081
147967
31483
141165
169960
163835
168269
51965
40581
75419
94078
172089
75585
159434
84288
40665
142156
93737
4966
133659
168394
172462
162871
107120
152817
14760
134591
123734
127428
14956
156560
159071
146536
67392
157468
117091
127303
4999
17245
54316
19628
154677
174203
168719
141703
89911
130902
58716
139548
14748
9920
62809
174421
128257
143304
17143
95816
96098
136402
160778
9932
135289
107441
86037
129772
38367
103197
71593
96095
92166
87511
64864
162222
170058
121067
133522
7503
146018
9930
47502
81711
133335
26709
122978
60670
143304
54029
21960
14826
56204
114530
21942
14754
31395
101956
146780
112755
45252
96481
40628
130815
162505
81480
63077
91712
142361
90389
83949
118896
128002
79831
45109
99523
140168
36104
97746
7428
120996
91781
92141
107827
131323
126539
167003
111197
168558
29053
145128
157770
24340
51828
134290
107163
136864
40597
7431
175950
77989
166861
131930
64850
168427
14748
133209
4964
125474
101565
77762
146596
54081
52016
170183
131395
71228
98382
159130
97562
129571
54099
105961
154355
103360
156701
9892
158007
12315
162143
103983
77803
176316
115653
141321
54016
9880
152345
131056
7428
134332
98508
12315
31383
139876
177337
97824
36059
14772
79540
111019
163919
100015
84056
140147
65065
26696
85829
144856
135924
165434
146499
47544
31426
133410
168527
83929
73489
169161
42947
38327
101565
12375
156137
154410
146772
14778
171718
149669
145211
65117
4966
65101
40648
115373
21969
96056
97943
125413
14753
134803
17255
91827
177290
22022
24320
130040
175967
152699
78091
88136
177502
142654
169048
138197
69541
175597
175835
175684
58562
105523
96020
101898
95721
156287
77643
86070
29084
12335
17178
65235
120637
95816
169011
90122
14748
97879
166942
128364
154672
170965
36089
135007
4986
124488
101869
131212
164593
89718
101222
131216
7443
116602
17245
122730
160207
123746
40669
159159
60718
14826
141461
73630
17171
40662
33732
7491
90360
171534
99325
12330
2506
60826
24410
103871
21969
140552
52010
146209
172971
54128
102058
100038
83963
172905
144945
154032
156011
127787
79418
60694
132867
67334
159082
92096
154621
54265
161917
152770
136433
161093
133069
177435
116922
96017
49782
33740
14742
40681
98103
128082
147774
159085
134075
96098
160685
153172
135100
127303
93762
12375
161319
138357
113149
95798
126427
31418
122515
136200
64767
137697
153187
21978
129182
146492
92010
120194
152769
151602
162296
7428
151014
88080
176022
51986
80091
111550
29064
56176
142285
138744
177582
56473
91963
86333
106324
154486
100394
94078
99952
94138
163886
38367
146257
172983
132294
56421
149821
90054
172811
7425
17205
174967
166961
150067
77416
147350
100037
66962
112755
171794
19552
42966
54082
103269
161156
36026
148398
24389
73519
90247
162260
14826
137057
153809
47502
83554
96056
12325
43012
142958
153601
151308
165882
139636
38260
71395
150227
93623
158835
84003
143425
175712
171572
174556
176239
103983
165597
127231
134523
71259
143425
129971
36090
174700
169713
168688
47335
40671
109956
168492
77982
73448
4966
123825
113191
79486
98035
81628
141295
162222
172972
113539
58452
7425
65272
29076
139942
91660
128282
157943
97597
102083
14813
107918
26698
98254
111499
19584
9920
7425
97571
17164
127431
12365
154810
88015
9969
152846
40714
116420
45111
123754
17439
4966
176171
111085
157432
9936
97693
47400
42998
113630
49674
98004
14766
9969
40628
75580
95816
167690
65157
129155
56428
86225
24400
152750
116755
146287
163028
47453
130815
175838
110945
148229
120471
95942
29040
14720
83654
19602
19560
12385
121966
177319
149974
142073
40654
136090
124421
31423
107100
134196
7448
103506
128482
54047
45111
155455
36031
172712
33825
122393
101266
60693
60876
157544
165591
105213
77831
91711
42966
149118
130815
42924
52012
128839
148218
49651
124422
12501
62871
29064
64997
31427
105950
24371
164444
151505
169971
36026
64961
174583
2506
64995
101380
26774
108097
164199
62920
138374
168287
96095
143851
36064
132645
134499
49840
120194
113479
103920
99325
119014
130778
19577
49719
162346
160458
142996
124822
167029
17234
67159
86103
45194
131845
122953
83947
115501
129182
133253
87690
168560
24370
159357
107049
164296
168400
126413
81819
100309
127846
117346
77757
7425
87858
29081
97535
60707
131012
129023
19576
168168
4998
12335
14748
149443
29076
140168
136402
174738
140334
148339
156019
38398
7448
165326
60844
171271
40648
146441
36064
141315
148266
177326
7425
17439
69099
90059
159085
121946
141622
154294
54224
38350
60810
115288
94009
173404
157411
17157
38384
7458
21960
45237
139392
141622
98010
165397
60672
135335
149804
77602
154353
12325
63035
134427
21969
22035
173174
79863
17471
129150
171723
109786
108001
98083
135382
129915
107031
177082
112978
157297
7484
137715
149676
71631
126427
110824
75772
101947
174090
174159
54003
51827
159763
133188
113371
130073
131562
4966
142820
67139
170360
173629
150737
14956
94119
174539
45251
56424
85653
103871
90122
110864
29065
137872
121935
9884
164486
73253
67285
56383
144332
141119
169875
91625
127013
77826
105295
2499
159082
122114
115454
140334
79917
38398
120447
73618
88038
132858
31421
133285
163082
77948
49707
17177
71594
29084
86083
19583
12501
67393
65045
157997
137127
103522
12320
154445
97582
49668
162871
14754
139643
12359
159525
151498
140552
177443
114712
83652
56278
51920
109048
174583
141218
151361
29045
9888
42853
167570
121125
153009
97356
73736
14826
49628
141666
109661
138197
170479
80114
173159
122515
87811
21969
141742
124464
33753
58504
168365
51940
165911
42963
177502
164030
77602
42926
140607
79748
124636
128116
156774
164102
24352
144034
4968
114681
107636
38335
12345
69164
153187
126308
19592
40671
38347
142314
112778
172451
136787
42998
136823
58531
43034
101912
38376
165902
153161
138152
107364
156123
171452
60606
118320
22041
171778
12325
141471
127351
90074
119084
161109
69107
119078
122590
119178
169990
33790
120689
71719
157411
79589
51910
131855
118387
162305
67178
165365
135270
19656
167292
165562
47345
118296
111232
24380
157229
167006
142972
105847
148554
101599
17255
77696
113503
38368
71278
118197
136615
113110
91827
60911
29077
47500
107147
65266
67407
69586
119154
54081
109095
109318
154459
17178
99760
73542
122844
49786
110744
29078
141956
176143
145791
141119
146179
132562
141752
109539
112744
105594
100088
164296
149780
56190
121951
171612
133658
159382
9924
100088
116480
65086
122136
150866
157652
108852
71278
125552
155966
29097
114679
177320
67241
65051
49642
47514
62923
56256
143435
40636
4994
101725
177495
130655
94454
77813
102032
156277
157789
116807
67382
65092
105797
171913
40691
161332
105580
128947
121915
47379
134341
158207
127787
139584
95854
54013
31405
58409
83792
67338
147225
19560
75419
60822
62937
71654
148941
146281
65203
167095
60510
176283
26719
14760
157635
134546
118700
62732
174556
125615
5003
126185
172853
94119
111913
58560
75671
153149
101881
126346
14748
19540
26734
144832
19672
81787
38399
154668
67403
107936
151472
12325
42853
105904
171301
121740
84127
29065
19568
141066
141691
130860
42863
94121
47402
161235
42946
116332
62878
141312
36032
130947
75767
53985
92166
17471
154845
81989
107382
166221
9884
17178
150433
107703
4999
94016
125942
141668
168153
159467
118387
9888
170018
60710
142871
171196
47421
97405
111406
31422
147646
166751
40718
14772
153187
138200
54134
160631
174799
177337
4968
47520
118600
4968
157676
157635
92200
31384
120447
31499
177446
143386
174762
157678
77505
174425
129562
109166
19577
69321
131944
159134
65104
125590
124258
49683
160460
169133
146363
115327
138835
58415
92083
29064
17220
19583
63016
36074
156287
95503
93639
67022
58366
155966
93952
102063
26730
14754
14818
150827
14947
121740
102467
69331
138197
56512
107709
136131
121915
99827
173239
96196
132949
65102
19576
21972
117284
172547
177582
47348
75839
24409
132941
107490
24420
12320
92423
109044
177784
87901
159134
94081
151505
45286
107100
119255
45180
79934
153989
105224
83693
146119
88070
73289
38318
7449
19648
107711
168269
111209
115389
26785
170050
91872
144542
60694
173391
168646
155867
129781
168308
120481
156132
42970
176165
49710
62954
73611
160954
17157
141060
0
98215
165933
131018
73311
144449
177439
54192
139392
83976
60715
4990
84003
174698
176246
125598
107913
124464
153601
49724
154273
123794
152506
168240
134942
51967
105688
129044
98101
31473
65266
21999
17471
107019
174052
26719
33781
54189
124357
33740
138501
58549
131600
75528
131041
4968
171581
4968
118708
69390
33753
161490
176222
79941
99733
136332
141331
170183
123794
107871
79555
88090
73547
115072
156260
157655
56212
101684
40681
83793
114989
173122
105360
103326
31421
122489
47440
73847
83591
151771
151919
86022
77731
42966
129267
12380
58661
33765
134427
122776
145299
174266
7464
90296
135861
7455
110857
31423
105857
158809
38317
58327
165557
155115
103327
131671
157834
167329
171534
146018
154456
71622
21979
152737
14754
40676
169971
103337
154273
103202
88091
103917
129135
163168
14742
144684
101394
4968
29148
9912
52011
125971
125915
26698
151630
54149
54042
172971
139322
107140
127821
136235
142768
153872
146856
29052
88321
160421
158448
147451
12320
97957
142871
60724
159435
60847
165930
26796
96488
71590
173184
171607
83949
153378
54107
116969
149982
176311
134385
147782
143318
114911
120038
150775
103939
158720
103884
19592
94138
166751
165387
22031
137127
75705
165071
137154
4993
176300
165693
26732
40721
38384
173162
175922
89591
102262
105394
96484
168719
71395
128082
136180
171432
22014
38359
118296
152291
117256
163905
19591
29149
139918
125598
141923
160954
111761
65029
124593
54173
64938
124137
75585
52040
24360
88060
49642
172587
160638
86246
9884
2499
98214
141118
17185
106131
156816
40634
29094
141231
149481
7419
137189
154585
47508
164389
81518
117256
58666
141018
129233
19583
113444
108250
21969
9884
125627
150490
169161
157936
148081
33701
159251
176300
115291
36127
120900
148266
162766
51991
174159
40669
7473
109660
114463
60847
60694
128997
158007
12377
47520
159525
147964
162687
159082
150969
169857
79887
144512
56257
171527
172671
69073
83632
98300
142369
134427
149895
75377
133021
36068
29094
24400
7452
40566
138120
168810
102077
12360
160011
144725
146428
171301
31421
133295
130891
38367
141722
105295
161332
123802
79918
9962
31423
148177
116586
113554
42948
162941
139404
71593
56366
152837
144526
151322
156701
9986
174575
85611
138477
140019
12501
122730
73327
107747
173953
12320
140168
29104
17185
26712
165524
4968
38398
81684
165124
160685
17439
168869
81839
177356
117162
177409
123011
77989
14811
141112
95616
152345
79834
148074
73628
170607
40718
174805
101893
42865
129257
133183
77602
77819
51896
26786
58719
120498
124580
103332
155378
115377
51877
171612
49757
150969
83824
115560
19672
123697
4978
119292
171438
170124
98035
4970
40697
167107
161021
127448
58429
7458
131789
105601
129023
157429
9888
164349
56311
134118
110948
129556
149850
129515
174090
71200
118932
14736
54189
99760
56381
134907
174489
142933
79856
176316
29028
156098
33740
125590
9994
149869
45239
75643
151062
4966
122302
38376
49642
107760
9888
169999
47483
47501
56533
66992
21981
124027
171723
60904
171451
71430
148109
29094
21960
77811
29007
87797
26730
94130
113287
150128
115398
9942
21933
99963
170360
170622
33732
36092
29127
111913
168683
67403
146030
0
160904
138357
143972
177361
80112
10001
38352
98107
7449
86083
118560
101429
38358
138152
89717
81742
12330
146772
160873
38398
81564
176083
118633
103576
116770
161010
134499
132969
142816
141948
21968
38350
21988
47566
134673
168441
137982
106037
54029
136511
36045
156119
170087
33781
14826
170561
87639
151435
19616
19631
24394
9892
90064
168791
149259
143454
125483
165318
161084
24320
54143
130841
144629
94003
126413
114552
69468
62866
77826
140200
163082
174762
101315
19576
67254
174393
31423
157787
9986
19664
17170
110906
77662
47383
175821
133183
170180
24359
105329
158207
171723
145503
33782
97970
98254
14802
67130
111602
177405
4996
146503
133341
38351
149914
17178
150227
160978
56503
127748
134490
5003
24314
47427
105807
47433
71486
71673
47409
38352
174451
111406
143366
119399
165137
97637
83825
83531
163905
49666
79465
120025
19617
163561
153558
119007
49652
164032
29040
111849
107144
79486
99827
29059
60745
134428
146181
7428
136219
113157
172539
60843
134891
148495
90118
172972
14802
56512
152659
52005
77767
96325
54137
168379
116362
51857
89659
60911
129556
110945
105580
171846
94053
171679
114570
49652
118292
131610
42972
24340
88107
175821
136254
158835
56425
47583
91644
12461
163886
114628
152506
79934
113630
124593
105688
147534
168965
116457
17255
132562
161906
161627
31479
177486
7434
99538
154494
42875
49701
124833
51910
73247
165697
62819
64998
81961
85625
14956
115360
71422
129348
56407
167724
130778
105586
49591
71115
173028
79942
107752
54032
84020
127650
177578
49655
107913
81929
105162
132578
136091
58676
129262
136642
77839
89538
131562
19576
36074
93615
90083
104201
143002
171400
143635
118380
54218
110887
14760
67393
7477
128386
19552
107120
112805
131816
122699
177405
64915
118476
4990
22050
9962
139304
73493
22008
114552
147311
75858
92397
118991
132672
134891
36091
14766
26697
99424
21961
12365
9884
120194
12390
127776
91891
26708
83907
109059
33768
26656
128206
108001
137637
108097
54143
101453
140334
157597
14826
89591
7423
88136
86193
136517
7452
7434
38393
157429
175922
95937
51949
111205
164603
171345
115398
103928
169964
47581
58549
116543
31479
98099
12354
19656
26751
19628
56464
145091
175884
139584
97405
42931
22035
141821
130854
140545
21961
149902
0
141118
107913
99952
141301
146724
121802
26697
2492
149443
167893
161006
97485
132676
82137
14748
71259
45227
21952
141077
29104
143398
60720
58554
88302
29148
60718
154856
125334
107362
31434
42893
159863
143318
31421
12320
160946
71115
113536
122290
31428
40643
111519
58409
116795
40654
120704
169048
77705
137057
38399
105688
90441
9884
26708
29064
33761
128082
109760
65009
133335
89923
96082
92415
163794
131843
29084
38402
9884
29135
26786
26697
12315
152506
174526
9888
126376
47551
42946
104417
94119
9884
125602
132814
141290
146503
114530
12501
7425
129965
126341
64884
149503
60883
96358
36082
176075
26753
33698
12501
56459
14820
171827
21951
7434
38384
36049
149850
45258
109048
167419
40662
43005
36020
111599
86041
153036
168240
105411
143929
157936
138293
166887
134075
102032
97912
127776
140483
67208
123011
51923
24361
102063
157988
67243
111019
116593
99339
102006
170103
124121
22026
162297
148124
143929
130922
167521
49789
49789
52078
175956
111913
99809
67346
14748
101266
151213
159824
7434
145431
42978
156438
131540
151216
45194
171451
69456
120637
22022
73311
99920
173033
145503
176103
154127
56238
129144
121951
139706
110882
56464
107913
148577
17171
26697
79880
143287
146876
7503
172767
123781
54240
174266
168742
24394
111550
120903
79453
110787
99823
69456
168591
124125
87664
167292
38379
124553
152932
148226
109286
168389
128947
122285
133147
120637
134670
122060
26657
138761
139758
154643
49756
65075
65065
151299
157652
160861
40690
22023
173404
97319
14778
29076
77414
146865
47473
79773
143180
56278
147860
21969
90074
38332
154585
118633
89765
125483
19584
128364
115342
49667
114804
99569
163787
31401
117225
40649
7461
151556
7422
85991
92397
19577
105364
115638
7431
17219
101580
153036
79517
58504
127428
105688
141218
148226
51827
19631
51822
21960
173033
131005
177609
117111
118821
106911
7428
109727
127431
112755
172811
7479
26657
151919
71518
60777
149374
89797
81998
116490
93548
151288
14766
24399
22031
143287
168459
65019
90389
162260
120273
121961
169048
133046
29076
89792
110839
75283
56248
144676
60885
75362
153072
103781
120190
111232
120102
29070
95521
83632
95707
84181
75376
170182
7428
161052
96177
69250
154054
128082
9929
91872
135163
171377
77767
155656
12309
125919
111849
125842
162684
60696
118296
131113
94008
7425
134367
115291
154845
102058
146554
24340
156176
67392
132969
166961
60745
17143
141099
147774
65157
103326
62831
105237
9872
102374
54019
116498
56264
174451
161215
79873
31434
116819
92170
71631
174556
24331
149548
77705
137715
174851
155992
7479
122766
137621
124822
38428
176244
69301
105750
102058
66967
157716
131600
47454
177154
19638
145255
36092
101299
86095
71483
38399
89603
160691
54075
42860
139939
71486
54249
154380
151626
58648
165071
81838
144571
134499
156011
9884
38440
83982
150775
56422
75977
4968
40664
36089
124121
162297
73736
100509
174692
88383
164329
75702
120498
77456
157764
65029
129046
33727
142828
47551
120893
93835
33693
126393
144523
174583
12325
111601
87551
113693
96021
75704
90247
58676
12320
98427
7466
9896
38382
109775
7491
54143
81674
40718
109331
36032
83990
4990
156293
136925
177338
144739
173522
143851
161025
156641
135100
71631
146603
95703
95645
163686
148425
87956
156055
160685
88040
79978
19577
14784
97829
119003
97960
146262
71712
177671
146179
165591
122892
101502
69074
164032
131448
26730
92051
49674
75666
99588
86352
177612
131369
36077
77445
129150
79522
91827
169409
56384
147860
7437
134350
157297
162461
162452
45178
154712
137730
147774
7467
71712
176982
21969
177443
79918
135100
38351
143760
60628
127406
60714
77811
123497
157951
52005
134527
120190
4962
122656
172587
171801
71753
152513
146780
125598
36084
134942
29064
159134
110945
92410
107410
123825
113078
81703
127367
4970
83748
60508
14761
134922
9888
174599
150737
83907
103799
136200
26697
7428
133558
127788
9928
47511
77767
119084
101983
116438
42908
160672
172983
133183
66957
137743
62793
81908
49626
105233
146363
154456
174266
64831
171505
149914
156198
78014
174851
79739
17471
146374
77972
97784
69360
67254
174746
51935
155790
75606
112758
160685
101299
99339
12325
176041
151389
112850
166961
118357
4968
120424
29111
141450
116975
24359
99408
54260
120704
109659
124564
71300
105394
67285
19592
17439
170612
151435
110798
65028
36127
97418
176187
65038
36036
141584
163933
105295
151497
169964
101321
113715
85650
53985
73318
122696
64962
130075
73701
136623
84181
146442
143298
107558
144905
51965
54047
141066
121042
136250
51977
148123
85727
143152
14796
102006
75741
36087
165363
175000
162251
157801
123741
40676
22050
146428
124833
134528
135007
160679
36022
69321
101384
84041
136787
82173
42968
12315
151630
174575
142179
67341
19648
120457
168635
65235
47473
143270
123734
109760
54169
161774
69312
47335
79517
157925
154322
121936
14760
7422
120885
7470
38390
159249
60714
154531
144840
73519
21937
60588
144629
82187
124593
131732
86253
163747
47417
157435
49750
167419
141471
120102
79758
24361
156123
113211
4994
152024
154444
162346
71719
160889
150253
12320
58716
19623
157676
99787
132773
92039
120025
73596
56399
112668
127319
168457
142694
107954
144992
9920
169161
140589
42978
174340
