2575
3591
8534
5100
5599
12375
17232
3084
16490
1551
16870
13720
16524
8064
6591
5100
12375
10956
10934
13776
4599
8184
3084
6096
1551
13311
9980
16955
4590
8064
13776
15520
10479
3591
2064
10956
5100
4599
6096
16975
13311
17424
4599
11832
10479
10000
14239
3591
17424
6096
11431
5599
2100
16975
6591
14239
16071
8517
5599
1551
1551
8064
15159
6096
2064
5200
4096
11431
13776
2575
3084
16975
14677
8551
2570
15552
15616
5599
16071
15972
6096
15128
10956
1036
13311
11431
4096
7575
11904
6096
12844
10000
10956
5599
6591
2575
11447
10000
4096
3591
12842
10956
10000
7575
9036
7084
3084
14670
14700
17424
8551
15552
14670
5599
13736
3591
7084
14700
7575
3626
14239
13284
15159
5599
2575
10934
15584
15616
3084
16524
9519
7084
2575
6604
9500
8064
16524
10000
10479
14700
11431
15616
12844
13776
10956
8064
3591
10956
13776
10479
10479
11880
11431
7575
14239
3078
4599
8551
17424
16524
3591
15584
3584
14700
14239
11904
13311
15159
14210
16905
7575
4156
15159
4599
2575
9519
1551
10458
16975
11832
17352
15616
7575
13692
1551
4599
6096
1551
2575
11431
10000
9519
2064
7530
3174
3084
16005
13776
15159
9036
16524
6084
10000
15159
15159
7560
10000
2575
13311
10956
10000
3084
9519
6096
7084
17424
5599
14700
15616
15616
11431
8064
10458
6591
9036
7575
7084
4096
7166
4599
14700
7084
16524
15520
16975
11408
9519
11431
4096
5599
2575
10934
12375
12300
4590
4096
12844
14181
8064
16071
14640
6096
5100
15972
14700
3591
15159
15136
5100
6591
10479
11904
5599
8064
10479
9036
2064
3090
12350
13257
5180
11431
16975
14239
9036
13704
9036
14640
10479
2575
9519
5180
9036
6096
4088
16975
4626
8064
10000
7560
10000
4581
2072
7575
11904
12375
7084
8551
2575
4599
12766
12375
11431
2064
5599
8064
6591
2575
2575
10934
6565
11904
3591
1551
5090
14239
14239
2064
10479
16005
12375
3084
16524
16071
16071
8064
3084
1551
5100
5599
15616
11880
7560
8551
7084
16975
12844
5599
13776
2064
4088
10416
5100
9519
10956
5599
9519
8048
9500
4096
13720
16524
6591
4599
5599
16524
17280
5100
16975
16286
9519
10437
11431
12375
12325
3084
17424
2575
17424
2064
9519
7084
5100
9500
6096
16490
5100
15552
4599
7575
7575
11431
10912
5100
11904
7575
16940
10956
10956
7575
2575
14700
9519
12844
12844
14678
16940
17424
6591
16490
13748
7575
13776
2575
4599
5599
10000
2585
15616
8064
16038
5090
1551
7084
16524
16456
13756
13311
14233
13257
5100
7204
6096
8064
13311
16038
15616
7575
9519
9980
1036
4096
10956
7084
8064
6096
16071
9036
6096
9036
10000
6084
13311
5588
2064
8064
2575
15616
17314
3084
3591
16422
9980
4096
5100
13776
1036
1036
2064
9036
8500
16975
4599
16524
15520
16975
8551
6096
11431
1551
10000
3084
13311
3591
12844
7575
9980
7575
1551
8064
7084
7575
14239
5080
12375
5632
9983
5100
7084
4096
11880
13311
1551
2575
4599
3084
14700
6096
14700
7084
12844
2064
10437
4096
11408
11408
7575
12844
10479
2064
3591
11431
2064
3150
2575
6591
16524
15616
10479
4096
6132
1551
12818
12844
5588
7084
7545
1036
9980
17380
17424
10000
3084
10458
4096
15139
4599
13257
11431
1584
8064
10000
13311
17424
4590
6591
12330
5599
7560
7084
2575
16071
7575
10479
7070
5599
3591
6591
16071
6591
14640
9519
2064
2064
3084
9519
8064
6096
3084
8551
2064
13776
5588
4096
13230
3084
15616
1551
15616
13311
10479
3084
10956
2064
16005
16705
4096
7575
15584
10479
16334
9036
1551
2064
11904
2064
8064
12344
7084
13284
6096
15520
6096
15494
6591
6096
5588
3084
10956
13748
7560
1551
4096
4599
10934
2064
16524
10000
15616
16005
12375
6552
12844
10458
11431
9960
14700
4096
9519
13311
10479
1551
16502
1036
14210
6096
16524
15599
3591
9036
10000
13776
5100
8517
7084
15011
1036
15584
6591
15972
12375
9519
9519
11904
5100
11904
14239
9036
17352
14700
10000
8064
12844
9036
15097
5100
2064
14239
15520
5090
16975
5599
8064
12818
2575
16940
2064
3591
4096
3084
6591
8551
10956
6096
1036
3084
2072
3144
4599
2072
10000
12844
2575
11951
7084
6096
15584
3591
16940
4096
2575
4599
15594
16975
10479
4599
8500
10934
5100
1036
9519
15616
14700
10533
12844
9500
14996
10000
13311
15018
14700
16870
14700
15159
7084
16005
10479
13264
16071
3591
10479
6591
14239
4599
4096
15616
4096
14211
16975
16071
9036
11904
13776
5100
11431
13311
2072
15159
13311
16524
5100
15616
1551
1058
4096
11904
12300
3591
10956
17424
7084
9036
13311
2575
5100
17334
16940
10000
14239
8551
16703
1551
1548
14610
17120
17424
16071
3084
8048
7575
12375
1551
16071
1036
12818
13776
11904
4096
15159
15616
1036
9519
6096
6096
15616
2575
14574
6578
9519
7575
3084
12375
1551
10998
16071
4096
12375
16071
10956
10956
2064
13311
11904
12844
15616
14670
11904
16963
15616
6096
9036
10000
9519
15159
14210
10956
4096
10956
11904
8048
9519
16029
12844
2064
14239
2064
1036
3591
16434
10956
12844
14239
12300
8551
14700
13720
10000
13284
9481
12375
4096
12818
13311
2575
14700
4096
7575
7084
2064
11904
14590
8551
3591
14640
8064
10956
10479
11904
8064
5599
16038
16071
3084
4599
10000
2064
16490
16524
7575
17352
13257
2064
9036
13311
8551
8064
13776
16524
6591
10956
1036
13776
15616
5100
2064
3691
4713
6591
1551
17316
3084
4136
3156
15097
6591
7140
15616
2570
11880
14239
9018
12818
16940
3084
9940
10000
12375
12844
8064
15616
1551
7560
1551
12375
4599
2575
2575
16071
6591
13757
4599
8551
14239
12844
8064
14670
12844
16490
4599
3084
8048
8551
13230
5599
15616
16948
1551
16524
14700
3084
2116
10479
9018
8048
11431
14700
12844
3591
15863
10000
9519
11949
15584
12375
4599
16524
6591
15159
3078
2064
16524
9519
5599
16975
16005
6084
15616
8064
10950
16975
13776
15616
4096
10000
12818
9519
10000
16414
6591
10479
8064
1603
14673
10000
9583
14700
12320
3172
7084
9980
15616
16524
8064
3591
16071
9519
9519
7575
15616
17424
15159
6096
16975
15128
14700
13311
13664
5632
8551
15616
8064
14700
16524
1551
3084
16975
4144
10932
17424
11396
3591
5100
14700
14670
7575
16524
15159
11904
14239
16940
15552
7575
3084
1551
14700
4096
14239
16456
15128
15616
16975
11431
15616
12375
1551
7560
4096
10000
10956
14239
8064
14670
10458
16905
14216
16071
8551
14700
3591
10000
10088
9000
7070
14700
2575
3084
5599
1036
15159
5599
12844
4599
10956
16524
2575
6096
5100
7575
6578
16071
12375
10000
10956
15066
12844
5100
12844
5150
8551
2575
15159
9519
3084
16071
14700
17424
12375
4599
14239
4104
8032
13770
9036
5090
14210
14681
13311
1560
12375
2064
7575
9519
4599
7070
15972
7084
8551
11431
10458
11904
11904
13720
16940
15066
5100
4599
12792
3591
6591
5100
10000
16005
10479
10934
3591
7084
12375
4599
14239
10437
16905
1036
14700
16975
1551
8064
6591
13257
12844
10000
15066
4599
8064
11431
1551
4096
16005
1548
9960
5100
16071
13284
4581
8064
15159
7575
3084
2575
4088
5140
5100
8064
14210
3084
4599
8551
11885
14239
15159
6216
9519
12375
10956
5100
16940
2064
7575
8032
15552
12844
11856
15616
1551
14700
14237
8064
16490
17424
3084
1551
6656
9519
16071
13776
17352
8048
16524
15159
14152
8064
15616
8064
9519
9500
3084
10000
17352
1036
13311
7084
17424
15616
16071
4096
7695
10000
9036
14239
3591
11431
11431
16490
10956
15981
2072
10000
8064
17388
3591
9036
9036
16524
8048
13776
14239
6216
14700
6096
7575
6578
8318
4096
7575
15520
2064
10458
10000
11904
6591
3084
8534
10912
10479
10479
10479
2060
2064
1551
10000
7575
4096
15128
15939
3591
8064
16071
2060
10000
12375
2064
2575
12766
7575
6591
9519
1551
13311
10479
10956
8534
4096
6591
11431
13284
2064
3591
17388
4599
13311
16059
8064
12844
12844
17388
10000
6096
9980
16940
11904
1551
16524
12844
5160
2575
2575
9036
11431
4096
12844
13284
16975
10000
14700
4599
16071
5599
3132
12818
2064
4590
15579
2575
12766
2064
11431
3591
3084
9519
3084
8534
2096
4096
9481
13776
2575
11880
13720
11431
11431
2064
12375
16038
13776
1551
5599
2575
5100
14239
16975
5599
7575
7575
16975
4599
2575
8048
12818
8551
10956
9519
5599
16452
6591
16975
12766
13776
4096
1036
13311
8064
15616
6096
12844
5100
5599
10934
12375
7084
13748
16034
7575
17424
4599
13776
2575
16422
11856
2074
11904
8534
16071
10956
2064
10956
16975
11431
6591
17424
7575
10000
2575
12844
10956
13776
15159
5599
17424
4096
8551
15972
16975
2064
9519
1551
4599
17424
5599
10000
6096
15616
14221
5100
14239
10956
12844
13776
6591
8064
15520
12375
16975
1548
3591
6096
16940
1036
13748
9018
6096
2064
15159
3591
14239
10479
7575
17424
5599
3084
16524
1548
17424
1551
14239
16490
2072
17424
7070
11904
10479
9018
10000
9519
14700
8551
16038
1551
3577
11904
15140
8534
11904
14700
12792
7575
10479
13311
11431
5100
8551
10956
14640
8534
4599
9018
9036
16940
2064
16524
6072
11431
10458
15159
5090
13748
9519
3084
12844
1036
5599
11431
2575
16975
6591
7575
3108
14239
2064
14700
10956
3084
13776
11904
16898
14700
10956
13751
14210
9519
14181
5599
16524
16870
15616
4096
6096
10000
13692
5588
10956
13776
12844
16524
16524
0
13284
2064
10912
3084
14181
3084
9144
10000
5100
9036
14210
1551
4160
16524
16870
1551
13706
7084
14239
9519
12350
2072
2064
13720
13776
14239
11408
12375
7575
16940
3084
12375
5599
15861
3591
3591
16490
4689
7070
15584
8310
5599
16524
5599
8064
2575
6096
3084
8517
10000
9036
12350
2580
5170
6591
15159
3591
4096
1551
6591
3084
6591
15117
4096
2575
4599
17424
13284
10956
15440
1036
7070
1551
1551
14700
11385
1551
3084
17424
2064
8048
11832
14700
5599
3084
11856
14700
4599
17424
17424
16524
14610
3084
7084
16975
13776
13776
14239
13311
4599
16975
7575
12375
6591
3591
2072
5707
17424
8551
14700
16524
12818
5588
15972
8551
6591
16975
14700
6096
11904
16422
14239
1551
4599
15159
8551
8534
4599
16049
13776
10479
8064
12375
17388
10956
15939
14700
7070
13776
7208
14700
8128
4590
3084
12818
9519
12821
6591
9018
11408
13776
14239
11431
12844
16071
2072
9519
11904
4096
6591
3591
9960
12300
10479
13776
4088
5599
17424
9519
15159
5090
16975
12844
8064
11408
1578
10000
1551
16524
12350
3591
11904
15097
6591
14700
11904
9519
9519
12844
5599
6084
14700
16071
7084
16071
1551
7084
9462
15616
13311
5100
7084
11904
7070
15159
1036
11431
15428
7575
1551
5599
3605
9980
8517
12350
9036
16975
1036
14181
2575
11880
9519
6084
9519
4096
11904
16071
8534
3591
13311
6591
10956
12818
10479
15616
16524
5599
15159
10956
5100
6591
2072
13776
15616
12375
3591
5100
2575
15616
14670
11904
3591
5100
4096
16005
10934
13776
12375
5100
10000
6591
2575
7575
11880
12375
4599
6210
11880
12350
1557
11431
14658
10000
12375
14152
10000
11431
6591
4599
8064
6591
10479
16456
16038
10479
16975
14239
15066
14210
8551
14239
10000
16524
4599
2575
9036
11904
7070
11431
12844
5599
10479
15616
7084
3591
3084
3591
14700
10479
11431
12375
12375
13776
1038
6096
10000
5599
11904
1551
8551
5080
12844
1551
11904
8602
5599
7575
11904
9114
5100
6096
10934
16005
9519
4096
2100
12375
7056
9481
13776
11431
9551
9519
17388
15141
1036
16975
8064
6084
14700
8064
2575
9036
16524
16071
3078
15584
15128
12333
17280
16524
2575
7210
5599
3084
8064
3084
3084
6591
13311
7575
9500
10956
11431
2064
5599
13311
14700
10956
15159
16975
8551
7084
5100
16975
17424
1569
7590
7084
6096
4599
1036
16497
11904
15159
12375
5599
5100
15066
16975
10956
9519
13692
3084
7056
3084
6591
3126
2575
2575
3591
13776
11408
3084
11385
14700
16524
5599
4599
15616
9519
8064
10479
6591
10934
12350
10000
4096
9538
17424
5100
8500
13748
12844
6591
7575
17352
16038
13284
15616
9481
5100
6096
1551
11431
10479
14700
2600
12375
10956
4599
9519
15616
16524
14181
5100
10956
5599
7575
16392
9519
14210
14210
10479
12818
4599
13692
15159
14210
6578
15159
15616
7575
15159
14239
7084
7084
9036
9036
2130
14210
2064
10479
12844
16490
11856
15616
12766
3084
11408
14700
2072
15159
1551
3084
16071
2064
3591
9132
2575
10078
10479
15616
6084
13776
5599
3084
16975
14239
10000
4096
12844
16524
13311
1551
16940
5599
11904
6747
14670
10437
8048
2575
14670
6591
1036
2064
9519
3591
16490
6144
4599
14700
11431
9960
7084
16005
16422
6591
16524
16071
14239
3591
5588
6096
16524
15972
15616
2575
3108
15159
14700
6591
10000
11904
17424
15159
6591
8064
8551
4599
13311
16524
8551
1036
1551
11832
7084
12844
16038
3084
4599
6072
12766
13311
9500
11904
8551
1551
3084
8048
14700
9481
12325
5599
16071
8551
16975
8048
9519
2575
8551
2575
6591
8551
14700
8048
13284
11408
9036
7575
2575
10437
8064
15972
13311
16456
4599
10000
4096
8064
11856
2064
5599
1551
3591
12818
5599
15526
12844
9519
2570
10890
11431
10934
7084
7575
15159
14239
10479
16975
8551
9519
13748
9519
3591
6578
6591
9036
7674
5100
10000
12375
8551
9018
7084
16524
2575
16975
15159
4096
10000
16870
7575
8064
10542
11431
13292
15616
15159
6096
7084
5100
14239
14640
12766
16071
16975
4599
4599
3591
9036
16456
7683
8551
4599
12818
10000
10458
15066
2064
17316
14700
7084
13776
10000
2064
7545
13257
1551
8032
14239
3591
5100
15128
11904
12350
16422
7560
12832
14700
6096
2072
10000
13311
6591
10462
3084
9072
10521
15520
10956
8048
13776
14610
1551
17424
12766
10000
9519
13776
16975
10956
6096
5100
8064
1036
16868
15616
9036
3084
4096
10000
13311
6591
3084
2064
2570
15616
2575
12844
13776
9000
2064
13230
14239
16975
1551
5599
3084
3591
16071
15616
16524
12844
11856
4599
3084
13776
10437
10479
10000
3084
16490
3591
11408
3591
6591
7575
13311
11431
16870
9960
8064
14640
3084
10000
5090
7084
8568
17424
13776
16456
2064
12350
15128
11904
11408
5599
15616
7575
11431
13746
16975
7084
4096
16524
3122
2064
10479
17424
14700
8551
10000
12375
4096
15616
7575
10000
10890
3084
4581
3084
14700
2064
13692
10000
12844
6096
10000
16950
16975
2575
10956
3084
9036
1551
3584
10956
9980
8534
16524
15159
16975
1036
6096
16071
4096
1551
2072
2064
2575
4599
12844
5090
13776
2064
5719
9000
15159
15616
12325
8064
7575
4599
7084
5100
15128
13776
14181
15159
9519
7084
16524
10479
2575
4088
3591
4096
11431
13311
8500
7545
4599
4599
15616
4590
3591
10956
11934
12350
4096
11362
1551
3591
13311
16524
2064
13776
11904
13748
8534
7084
4599
5599
1551
4160
10000
5599
12844
4599
10928
10000
10479
10000
16038
4599
6096
4096
2064
2064
11431
6096
3084
2575
9036
11904
5100
5599
13311
9036
6591
5100
16524
5723
16975
3591
11362
15584
10000
3084
2064
15584
6096
9980
14239
16975
8064
14700
13748
3084
10479
16975
3084
16940
6591
1551
16524
4599
4599
10956
14239
16940
7575
12844
2064
8551
12375
11431
2575
3084
7575
13776
14614
10000
13311
10064
11431
14610
12844
15159
8534
7575
9036
1551
12325
16524
8064
11880
3591
11408
3654
2575
9519
3084
12844
3084
11904
14670
17424
15159
4599
7070
7208
3591
5599
14239
3084
9462
10479
11904
5599
5599
5588
3591
3591
7575
8534
2064
11431
9519
15159
16975
13692
8064
8064
8551
16071
12844
10956
10479
3084
6096
8064
2575
2072
8048
5100
15596
12325
13776
4096
8064
13311
4599
1551
10479
17424
12300
10912
10000
13776
10000
1548
13311
6591
4096
13776
9018
11832
6591
14700
2575
2072
4599
4599
12844
8551
16071
15159
14700
4599
11431
5100
1551
10437
1036
10934
9036
8551
10956
1551
16422
5599
11385
6591
14239
5100
10000
1036
7575
17424
2653
10934
8551
5599
4096
8551
9036
12844
12375
16975
7575
5090
16524
1036
2575
1036
6096
3084
5100
3084
7575
15159
2064
6591
8551
13311
1602
13776
9519
13230
14239
16940
13311
4599
10000
16975
10458
7084
16490
6682
16975
14190
6096
2620
4096
9036
3084
2102
4599
1551
15552
11431
11431
15552
7575
9980
16524
16038
14700
15616
13692
3591
1575
16490
16975
5599
2064
16038
14239
16975
12375
16071
17424
8551
3084
5599
12844
9519
10000
4096
12375
7056
13311
10000
12844
13776
11904
5100
7575
1551
4096
4096
17424
9036
16456
14598
8551
5090
8064
3084
6591
2575
16940
6096
9000
9980
10912
2064
6565
4096
9519
11832
9088
6096
2575
10956
10479
10956
17316
15159
15616
7084
7575
6096
13311
10956
12844
16071
6591
10479
8551
8551
5599
15097
3591
3591
8064
10479
8551
1551
16071
10000
5588
11431
7084
9138
5100
10479
8064
14239
16870
12818
11431
2575
7084
11904
4096
8551
12375
3084
9018
5100
1551
4599
16524
6096
17424
1551
3090
16524
15137
3120
16071
5100
13776
5100
4096
12375
10437
14239
4599
8585
4088
2575
10458
11904
2575
15128
17316
4096
12844
8551
6096
5577
2575
15159
6096
8551
16038
10000
3591
10458
11904
4096
8064
8551
4599
1551
5588
2575
13311
5150
6709
7126
2575
13311
7575
13311
9500
7084
11431
6096
10000
5599
16071
1036
9036
7575
17388
9036
1034
8551
9481
8551
6072
9500
4096
8551
14239
2064
16975
10000
5599
11431
11904
13284
12844
15159
4599
12844
4096
6591
6591
7575
13257
5100
3084
6084
12844
1042
10956
11904
3078
11408
2092
13776
16973
1036
6096
7112
11431
10479
16940
14210
15128
1036
8048
4096
6096
11362
14700
10000
15159
16524
16524
1572
16388
3084
2575
8534
13776
8534
16940
6096
11431
1548
15159
9036
5599
9960
14700
9519
14700
9481
5100
5599
10479
5080
3591
13692
3084
16456
14210
3078
9018
5599
4599
17388
17388
16038
7084
15616
2570
3591
8080
1551
4599
6096
9519
4599
14700
10956
7084
3084
7575
5100
16456
9519
6096
10479
9980
8064
16071
1551
5100
3584
10479
9536
6591
5599
16870
10000
12766
9018
12369
12375
3084
2064
9519
16071
14239
5100
8534
16940
16038
3591
16071
1557
16071
7084
16524
4599
1551
11431
12375
15159
9570
7084
9036
6096
14152
6591
4599
10458
9519
1056
6096
7575
13311
11408
16524
9519
1551
14239
10479
2575
2575
5599
13748
14239
15552
11431
15616
12844
8048
6565
14152
16940
6096
13776
12325
6084
9519
2064
11431
14700
13311
11431
2064
3084
12375
16071
6096
2064
8551
7575
10966
9036
7084
6578
15616
10000
4096
16911
5599
15616
12325
3591
15584
3084
9036
4599
15159
14210
6084
3084
9980
10479
15520
4104
16490
5100
13311
5599
16940
5090
7575
15159
12766
5599
15616
16940
17403
16940
6096
4599
16071
9519
16071
5100
13748
5599
3591
11431
6072
2575
10479
8551
10479
11010
11431
2575
2064
16975
11408
16071
8064
6591
13230
2100
4599
4590
14239
10479
6552
14580
7084
12818
11431
6591
9036
10000
15128
14239
14700
10956
14700
17382
7084
3084
5100
14152
16975
10509
2064
11904
3084
14239
4599
6591
5599
16422
11904
6591
12766
3591
7190
9519
10458
2064
10479
4599
6591
10501
10479
4599
16975
5588
1551
4599
5577
5100
7084
8551
11022
14610
16870
4080
6591
12375
7084
2064
2575
10479
4599
10000
6096
9519
10479
7575
15159
4096
13311
2575
12325
14239
12375
9036
2064
2064
13230
3612
2080
3591
4599
16870
14239
12818
10938
4698
11904
16524
6096
11402
3591
13776
13230
6591
3591
4599
16524
15589
6591
9036
15616
2575
13776
2625
4096
16938
13692
2575
16975
7575
14210
2064
16524
5100
2064
2064
14239
10458
7084
15072
15066
7084
11431
3591
16071
2064
9018
7042
7198
17352
8064
16071
1551
1038
14239
11459
8551
12375
16524
13311
4096
9036
9519
10956
2575
15584
8064
4096
8551
9519
14682
8982
3084
5599
15128
1551
12844
9018
15159
16975
9036
1551
4599
4096
16524
12350
15616
6096
16975
2575
14215
10000
9519
13311
15616
16975
10000
1036
2064
11904
5610
10000
15128
4080
9036
3591
17424
12844
7575
5599
14670
2064
10437
4088
3084
7084
16490
8551
12844
15159
16975
10000
5100
7084
12325
4080
5100
11431
1551
15584
2575
7575
3591
7084
7575
10934
13748
3084
2575
7575
6565
11431
8551
2064
8064
14152
14152
2064
16870
13311
2575
13776
9036
2064
15159
8064
9980
10956
2064
9519
7056
15159
10479
4590
4096
6096
13776
12375
1034
16287
15616
2070
11385
8064
12818
9036
11431
5100
3591
15616
13776
12844
8064
12844
11904
10956
8551
4710
7575
4096
10934
12792
5588
15972
8064
2116
5665
6591
4096
9036
9036
1551
7575
11431
14700
7084
6591
4088
14700
11856
10000
11431
2575
14671
3120
11431
12375
9481
6096
3072
14181
7084
8534
15616
17424
10956
3591
6591
2072
2575
9519
4599
17424
8837
11431
8064
3084
8534
5090
7084
10934
9519
13720
3084
14149
16490
6591
9519
3675
3084
4599
8064
13692
6591
16038
7070
9036
6096
5100
8551
4599
14700
4599
3591
16524
7575
15159
3084
14700
12776
9519
4599
9981
15440
8064
10956
8534
15616
16975
12375
7070
8064
15159
1551
9018
10479
7575
5100
8064
12350
9940
13311
5599
6591
14700
15128
14700
13748
16975
4599
2575
17424
5599
1551
15128
10956
13311
4096
12350
13311
2575
2640
9036
3591
4096
7575
12844
9036
12375
3084
3084
16975
9036
15928
4599
9519
3084
9500
9036
9138
11431
14700
16940
2064
8064
14680
10000
9036
5090
8064
15520
2060
6084
7575
5100
10479
14610
7084
6591
2575
9980
12375
9000
15598
10458
16524
2064
7084
12844
12844
9036
9036
9018
3084
6096
15616
11904
2064
7084
10479
11431
12355
4088
3084
8032
15159
17402
3591
6591
9519
1036
3591
12818
6591
11431
15035
11904
11904
13311
8517
13776
6591
13284
3084
8551
13776
11431
1551
10479
16524
13776
4096
11880
9615
17316
12375
9036
13776
14210
3084
6096
6096
10000
12844
12844
12788
2575
6591
14210
7084
6096
4599
9519
15128
8080
11408
13311
17424
12844
6084
13311
5100
15488
15616
16975
2575
8064
13284
11385
9940
1551
6591
3591
6096
6591
1551
8551
15616
2064
10000
15616
14239
5214
7590
7575
16940
11880
7545
16975
2575
13776
10000
16038
3591
10000
12375
6591
4590
10458
17424
10000
15584
9481
3591
10934
3084
16071
5100
12350
1587
14239
6591
2575
14239
16490
1551
15616
16071
7084
15159
5100
11431
1551
2072
8048
13257
14239
15616
17388
15616
4096
6591
14239
8551
4184
16071
17316
11884
14239
17424
1554
15616
6096
6591
14700
12818
9481
16524
8032
13776
9519
11904
13748
8517
1551
4599
8534
15584
6096
16870
10479
4096
3591
16071
14239
2575
10458
7084
1551
16975
4581
4096
15616
11458
13311
13311
14700
11904
10912
16422
13776
3584
9000
9036
4599
1551
7575
4705
6096
5599
5100
5599
10956
6096
17424
8064
11431
6220
8534
11904
11904
15520
12844
6591
11904
12375
2072
3084
2064
5100
9018
3084
6591
2064
14700
9018
11451
15009
10416
15584
6591
11880
14239
4599
11385
15488
13311
1036
9036
12818
11431
8048
4096
5100
15616
3084
15159
7560
17316
3591
5599
13776
3084
15584
13728
4590
4096
7575
16975
6578
3084
10000
10934
13748
16975
8064
14700
13692
11856
8048
16071
15159
4096
11431
8064
11856
9036
16975
10000
13776
14700
14670
11904
9036
7084
6591
15159
8064
12375
3108
2064
15616
14700
10000
12375
11904
5100
5588
11904
16940
14239
8551
3682
8551
17424
9036
2072
14700
12375
7575
12375
5100
13230
14700
8064
16975
10912
9036
2575
5090
2575
9519
5599
15066
7084
2575
3108
9980
11431
13311
1551
6096
3084
16071
7575
5100
14239
16071
12350
17424
9036
13776
8534
11431
7575
8048
2064
12844
12814
7575
2575
5090
4590
2575
11431
16071
1551
3591
13776
1551
2575
13776
13311
3108
1551
9036
9018
11904
7084
7084
11431
13748
11904
1036
12375
12827
7530
6096
2072
2120
1551
3591
16071
3690
13311
2064
16975
12844
11408
16524
14700
17424
15128
1052
12844
8064
15616
12818
6591
6565
1551
5599
13311
4096
1036
5100
5599
11904
3591
6591
10956
9519
16490
16975
2060
8064
13776
10000
3591
13284
10479
6096
4599
1036
3084
11482
6084
11904
7575
8551
6591
10458
14700
3591
7084
16975
14700
15972
13776
14239
7560
11431
14222
3084
17316
15159
3591
9980
15131
14210
8032
8064
14580
15159
10479
13284
13692
7575
5599
15159
3591
12375
10956
3584
13746
12844
3084
13257
6096
15128
14152
1551
7070
4096
17388
5090
16524
2575
8534
10479
10912
5100
4088
14700
2575
17424
16524
11431
5599
11904
10956
17352
14152
1551
7560
17424
14700
13311
17424
6591
16490
16524
15512
2064
6591
6096
9519
16071
15520
16071
6132
7560
7560
3591
16524
3072
2072
15159
10912
8182
4096
5100
10479
1551
13776
16038
10416
16524
17399
8534
13776
16524
9519
9519
2064
14152
11904
14700
4599
10458
9036
4096
9980
12766
6096
7575
6591
3078
2064
14670
8551
7575
2575
11880
8551
3084
13776
12844
15159
3072
13311
4599
9036
11431
11431
15552
7084
11431
9500
8551
15972
5599
11431
11431
10000
4599
4096
5599
10479
13720
8064
16975
9018
14239
9519
12844
15859
9502
16286
9519
5588
4096
13287
10956
10934
2064
10458
14144
5599
15159
14181
12375
3084
12375
4096
9036
4096
14239
2575
4599
6096
3084
5100
3102
8032
12792
13311
15587
1036
14640
1551
17424
4599
11431
11431
6096
8517
7084
15035
12844
12844
8534
3633
9036
7084
10479
11904
12844
14239
15128
11904
15087
5588
9036
7070
4599
5100
10934
11904
9960
11880
12325
6084
7084
9519
11832
2575
2575
10000
16905
4096
10912
9519
3591
11431
7575
13756
14180
14680
9519
16071
7575
7084
1551
12350
2575
2575
1551
4096
10956
13776
15616
3084
2615
2575
16038
1551
12844
4599
9018
15616
14239
8142
16940
10000
9980
3591
15972
17352
11856
1036
4599
11412
11431
7070
12300
6072
14239
15616
2064
14239
2064
7084
15616
17352
11904
15066
4096
3084
13311
7575
2064
6578
17424
2064
11408
15616
10437
14679
3084
11002
1036
1036
6096
15035
1551
17424
10028
11904
16071
15616
1036
14700
1551
9618
4096
13776
15128
15159
8064
3619
6591
7084
6591
2575
16512
10934
8551
16524
9036
3591
5599
15616
8048
9960
10458
10890
11904
11904
14670
6096
9036
14700
10912
13776
10934
8048
9036
7070
4096
9500
10479
8551
4599
14239
3090
9519
5599
9519
11385
8517
12844
12844
9036
2575
1548
4599
17424
12350
14640
10479
5100
8551
5722
7084
14700
11431
5714
13776
12375
4096
1551
11880
13311
4662
10458
2575
2064
13311
10000
1036
14700
2570
15520
10956
8982
1551
17298
11904
9519
1036
11431
13290
17424
1036
8064
16524
17424
16975
15972
4599
1551
16870
1034
7560
5100
15159
3591
9018
9519
14578
2064
1036
1578
17424
8551
15584
12818
13311
5100
6591
4096
16496
16524
6591
11856
4096
14239
6591
1551
6591
17316
3591
5599
3591
4096
3084
12350
10458
11435
13284
4599
7575
12844
6096
2064
3591
1551
2064
2094
14210
6096
17424
16524
6072
8551
16046
3577
7084
8551
10000
13311
7210
7575
16071
16940
16524
10000
6591
13776
17424
1036
16975
13692
2064
5599
6096
16524
3084
4096
3084
3591
2575
10000
10934
11431
4096
8064
10934
4599
6591
16456
16975
5599
6096
8551
10956
3078
11431
6591
16490
14181
3591
10479
6096
2575
2072
2575
5100
3084
2064
16524
12844
11880
13774
15616
15159
2084
17316
13776
5599
15159
17388
11904
1038
9519
4088
7575
13311
6591
16975
11904
16975
10000
3591
12375
16071
10000
9481
12350
2072
2072
13311
8551
6591
7575
9018
1551
12818
3084
3591
2064
5599
6591
14239
7056
13311
3084
15616
11898
8534
2072
17424
5100
7084
1551
9519
1548
4599
2575
4096
14239
7575
7084
9519
4599
7084
16524
16975
17388
16071
7545
13286
12375
2575
7575
11431
4096
8064
14239
1551
8154
15520
9036
6591
12300
4096
10000
5090
2064
15128
13311
4096
9960
10956
8551
2064
2064
6591
15128
13311
8064
14239
8551
14239
16038
16940
16975
12375
9036
10934
5100
17424
11880
14700
1036
8064
9862
10458
9519
3084
9036
7084
5100
15616
3084
11880
14670
10479
5588
8551
1036
2064
13311
9019
16524
4599
16507
3591
13776
8064
4599
9036
4088
11832
6096
7575
10000
2575
6096
1551
13311
8551
16524
6552
8064
15972
10479
3084
11431
4096
2575
5599
9980
2060
2064
9036
16071
16490
4599
15616
16940
15439
1551
3661
1036
7084
13776
4599
10934
7575
5100
11431
2064
9036
8551
16524
4599
3591
6591
11431
13311
16524
1036
15159
16071
10479
7084
7084
3591
5599
5100
9500
16071
3084
16975
13758
4680
13311
13776
6096
1581
4096
4599
14210
4096
7575
13311
12844
11880
16870
10934
5100
6591
2064
7575
13776
15616
15972
12375
9500
15159
6578
15616
6669
9500
3126
13284
13311
13776
13311
7070
17424
4096
17388
16524
11431
6578
6084
13311
2064
2575
2575
11904
5100
13776
2064
4096
9036
12350
12300
13311
4096
7084
10956
8064
16284
9584
17424
15159
9018
15128
4096
12766
12792
1551
9500
11904
1036
3084
12844
3591
13257
13230
9036
6643
16524
9036
8551
12806
3084
7084
3084
11880
14210
10956
8657
2064
14700
17424
16975
3591
13311
3591
11431
3084
13776
13776
10000
2072
8032
1036
1038
3084
12375
8064
10956
1551
4599
16865
16071
12844
16071
12844
12325
16524
1036
3591
1551
14152
1036
16940
9036
16071
6096
14239
13776
7084
10000
10000
7575
2575
16940
2064
3084
17424
7575
10954
12844
5599
6591
5599
2064
11904
12325
11880
9000
9519
1036
14700
8551
15982
12375
6096
3084
10956
1551
12378
15159
4096
2064
10000
4096
13776
16524
9519
3591
4599
8534
5100
1551
15552
10934
6591
16905
10000
8064
2064
9519
4088
16940
11408
4096
1551
13311
11431
15616
16524
4096
3591
10458
3647
9036
1551
10956
13776
11904
5100
15159
2064
8064
1036
4096
9500
16524
5599
15159
4599
6216
17352
4599
3084
15616
12375
13776
3591
10934
8551
9519
12844
11904
3591
16524
9036
12350
8517
14700
4096
16524
3084
2565
16835
9036
4096
12375
10934
9036
7084
11385
4096
7575
10000
6591
14700
13311
5100
14239
2064
16490
3584
15128
10956
13263
15056
15159
7575
2064
3591
17388
7084
15520
15066
13776
14239
13748
10479
1551
9519
11904
12300
15159
5180
8551
12844
6084
9519
16524
10000
11902
17424
10956
10488
8551
10000
5100
7575
5100
10479
4599
5577
11431
9036
16071
7084
16524
11431
14670
10479
7575
5599
5100
7560
10000
10479
10956
11904
15616
3084
2575
3591
12369
13311
10479
2064
9481
2072
2064
1551
4599
13311
11904
10000
2072
4096
6591
13776
6096
7575
5599
6591
14670
16490
3591
4599
7560
6565
7575
12375
15616
8534
13257
12818
11904
11904
10479
11431
9018
16422
15157
4096
10000
3084
4599
16975
8064
8048
12838
11431
14152
15972
4599
13311
7084
15474
3591
10994
6578
3591
3584
11408
15939
12375
10458
4096
2064
1551
7545
9036
8064
14239
17424
14239
12844
12350
9000
8064
16490
9519
12844
1036
11904
12365
16490
14700
14239
6096
2575
15616
13311
14239
6096
3591
5100
13311
9500
12375
2575
15616
15066
12844
8064
16975
2064
4096
2072
9519
13748
5100
6096
2064
16071
6565
16940
11904
14700
6096
5100
16071
2575
12375
6591
9519
10992
8666
16071
6096
9980
2064
8064
12844
8064
16506
7154
7084
10956
5599
2072
1036
15097
14700
9980
12844
16975
16975
14700
5100
6084
14610
11431
9036
16038
15616
4096
9519
15128
3591
7575
10890
9519
15584
6096
12300
3591
17424
11904
15616
12350
11408
5599
13776
9036
8064
1551
7575
14210
12844
14208
7084
2575
4599
10956
1551
13776
1548
4599
10956
2064
12375
14700
2650
8064
11408
9036
6578
15488
16005
10000
7084
10956
11385
7084
10000
5599
12375
16524
6096
10000
13748
9036
16456
17424
9000
1551
7575
3591
8048
11904
14239
17424
13776
1551
5080
13284
13311
2064
16524
6096
12844
2064
9980
11385
10479
7084
2575
10040
13260
10956
16071
16975
16071
9619
3084
15159
6096
16975
13278
4599
11904
5100
12375
10479
10479
2064
14700
5100
9481
14239
14197
9036
8048
6630
16975
14239
5220
3084
10000
13242
6096
2575
6591
7575
2072
14700
10890
16975
7070
15097
10000
2064
2072
3084
8064
9036
2575
9519
14239
11904
11431
2064
2076
2088
3084
16524
17424
7575
9036
11904
10070
14700
14239
9519
15159
5090
2064
14700
10479
6591
9980
4599
10479
9500
13288
9018
16524
1551
12375
7070
10479
9018
6591
2575
7560
15159
6096
13284
12844
16975
8032
3591
9519
9519
3591
1036
9036
9018
5599
10956
2064
8551
13776
15159
3174
13704
14700
5100
7070
14700
7084
4096
9036
5588
5599
7575
16071
4599
10437
3584
12844
1551
16071
10000
16975
9519
10479
5100
16422
6222
13776
16524
15159
2064
8048
4096
14670
15066
8551
15584
4096
12844
2575
16808
14239
12375
11904
5080
12375
3598
8551
3084
2064
5100
11431
2072
9519
4599
11431
5599
3591
7070
9018
14129
8551
5599
4096
2575
9519
15584
4599
16505
4599
9096
7575
8064
1548
14700
2575
4096
8032
6096
5100
6096
2570
12375
4096
9036
2064
5100
9036
8064
16071
16975
4599
15159
7070
2064
16524
15159
7056
3591
9519
14120
12844
13776
7560
9519
7084
6072
7084
6096
15159
16940
14700
2064
7575
3591
16975
13776
6591
16071
9519
9519
7560
11431
7560
5599
10000
4096
15097
13311
11431
5599
1551
7575
16524
8064
16524
16038
12844
2072
12358
10090
9500
10437
16870
7560
16919
11904
8551
6591
15584
17424
5599
16071
11856
16448
16975
14700
7575
8613
3108
16870
11431
9462
14700
6591
16975
17388
15616
1551
14239
1551
16940
5100
10458
6591
13776
15159
17388
8551
16975
7560
5588
2072
2575
16048
13776
13311
15128
13311
16490
11431
5100
6096
5100
14700
9519
12818
14700
12844
11431
10956
11431
13776
3591
4599
16071
10479
5599
12844
16071
12375
16503
11431
5599
11904
11413
1062
17388
11904
10479
10956
14210
11904
12375
7530
6180
12375
3084
17424
16975
10956
3084
5100
8551
10956
15616
17424
2072
9500
10956
11419
4599
13311
6591
9960
3584
16071
2575
2060
10956
15616
16038
7084
1551
10000
14239
8551
6084
4599
13776
12375
14700
14700
14700
6552
4599
16071
7084
15128
15128
14610
2575
11904
11904
5100
9519
13776
16524
9940
3126
15116
10000
10956
14239
12844
5100
10479
10934
3084
2072
5100
11832
4096
11431
15616
9036
1551
9519
16940
16071
4599
12844
8064
4590
5100
7560
16975
6096
11431
4599
10458
11904
1036
5588
16524
1551
5100
10956
11904
9980
4599
8064
3591
6591
17332
14239
10956
3577
13776
11904
6591
9036
15616
13776
3084
9036
9960
13776
5100
2575
10000
17316
12792
5588
15159
13311
2124
8064
10479
4599
8551
7690
9519
6084
5100
14700
7575
14700
12350
11431
17316
11832
8551
10479
11882
4096
9519
5100
15882
14700
4096
15972
8551
2575
3591
16071
8064
9519
12325
10934
10956
9980
15616
13776
13748
3084
12350
8551
12375
16784
9036
3138
16071
16524
7545
16490
16975
17119
17316
3591
4096
11904
5100
16490
4599
6591
1599
15159
6591
10479
7084
5599
10479
13311
3591
1551
8064
4096
2575
13776
3605
11431
10479
17352
16071
15128
12375
1036
3084
14123
13776
17316
2575
2575
10912
2084
7560
5100
15616
2064
14610
2060
4599
2064
16940
13776
16038
7575
8064
15066
10956
13776
12788
8064
5599
2108
2064
16038
11431
16071
3591
6096
5100
5577
1551
15153
14670
12375
4599
15865
5599
14239
17352
2064
16975
7084
14700
14700
14239
6591
17424
1036
5599
2575
10479
16071
16422
1036
16975
7084
13776
15128
15159
1551
10479
15596
9519
2064
17388
5100
13284
11431
4581
10956
4599
17178
8064
12375
13311
6591
7575
7575
5599
17424
10000
3084
16975
5599
6084
2575
10479
7575
9519
2064
7070
5100
9018
17424
17352
5599
16975
16071
10956
13257
13753
13311
13311
8064
12844
3591
15159
14239
2064
14640
13776
3084
2575
9036
13311
12393
11431
5599
10458
10461
3084
8064
6096
6565
17424
2064
11856
15584
12844
10956
14670
14141
3591
10956
16524
15616
5100
2575
5100
10956
9519
4599
10458
10458
9036
6072
10479
16524
8551
3591
15066
10956
6591
1551
6565
14239
15159
2575
2082
7575
9500
9036
4599
15584
5100
7084
15584
15159
2575
7084
10934
8551
12375
2575
3591
16975
3084
9519
4599
16071
10912
2064
13311
14239
7575
2064
2064
7084
3591
11904
15616
7084
5100
14239
16870
11431
16524
15616
10479
17424
9036
7084
4608
11904
4096
6591
12844
15097
9018
2575
8112
11904
15159
12844
7056
10416
8064
5577
13311
2575
4599
14700
11408
15159
3114
8551
16524
9036
5100
13776
17424
12375
16975
4599
7575
6084
16422
11020
12375
17352
6144
11385
10479
6202
2575
12375
12844
16071
12792
1551
11431
10956
10956
15616
5599
15159
1551
8624
11431
14210
11904
9000
8551
16042
4599
8551
2575
10048
15552
17405
15159
11970
1551
17424
16071
16071
3084
11431
9519
4096
16940
10956
3078
6072
16038
5577
15616
2064
15159
4096
15886
16071
9940
10000
10479
6591
2064
10479
7042
9018
13720
9519
4096
16308
12375
8551
16975
12818
4198
4599
7575
16940
5588
9519
11431
12350
16870
9519
15616
9960
14239
13748
15128
6591
5100
2064
10000
17424
16524
16940
9960
4590
5599
6096
5588
4096
16388
1036
15159
12375
8551
6591
5599
16038
1036
12352
10956
12818
15159
5100
8064
2590
13776
12375
2575
5599
5599
13776
7575
3078
5100
11385
16975
3591
8048
1551
12798
9036
16975
14123
5599
11880
6565
16955
11431
14239
10000
15584
9000
14670
15966
3084
11856
5080
3591
1070
17424
9036
9980
16071
13311
4599
10934
1036
6096
12325
11904
5599
4088
7560
2575
9519
17424
10956
1551
16524
5599
1036
5610
15159
11904
6591
16943
10000
12375
9481
17424
6578
5599
1036
10934
15159
16975
9960
11431
7575
10000
10479
13776
12375
16071
4599
15128
16975
13311
7575
16975
14239
14210
8064
16951
15003
5588
13720
8064
16071
10912
1036
7070
4599
11408
11431
10956
1036
16422
16422
5100
4599
4599
4599
14152
8064
7070
4096
15616
11880
15616
6591
10014
16071
15159
16071
1551
6591
10437
7070
4599
3084
7084
16524
9519
3084
13311
9500
17388
1551
16524
3144
16975
11414
9500
9500
12766
12375
12375
16975
4096
14168
13230
5100
1056
16071
1548
6591
14210
15616
10479
9519
9519
14239
12844
9036
2575
5599
11431
15972
11880
11431
15616
10934
17424
8064
10479
9519
12844
16975
5599
11431
13299
2575
9500
5100
2064
14210
7084
17424
10956
9500
16071
3591
4088
6591
7084
4128
7575
16524
3591
12792
4599
9519
2080
1036
14700
15616
14239
10479
8064
10956
3108
13776
2575
10479
12844
3084
6591
5100
2575
2575
10956
3591
4096
2570
1036
5100
15584
7575
17424
12375
4080
10479
2575
6096
16071
2064
13257
3591
4096
8551
16524
11431
16870
3084
5577
9018
4202
3591
9555
10479
14181
12844
16071
7084
8551
1036
2064
15520
14239
5100
15552
16071
7545
16524
9000
10479
10956
10936
10956
1551
13311
9519
5100
15616
14700
2570
7084
8178
5599
1036
13311
6096
6084
9519
8016
9036
16071
8551
2072
2575
9519
4096
11832
17424
3591
17280
11880
6591
13748
6096
1036
2575
4581
14152
11431
14700
8064
12375
4599
10479
15452
12844
12766
14700
8534
6578
5190
13720
10479
5100
11904
11431
3577
11880
8172
15159
2575
2064
4096
6096
11408
12818
13748
16940
13776
7575
6591
2570
11431
15616
11904
8064
8534
16071
10939
8064
12375
1551
7575
2575
9036
14700
6096
13776
6591
14700
4599
6591
4599
7084
16456
11904
8551
9980
6096
5100
7560
14700
8551
15159
11904
3591
7575
14239
9036
9036
1551
4096
17424
8064
10416
16071
8551
2060
14670
16005
14239
9018
14670
2575
2064
15159
5599
8551
8551
16870
11880
6591
8517
10458
11431
2064
6084
15159
1551
13203
13311
7084
2064
5722
2575
3591
16490
9519
12350
11385
4096
2064
4096
7084
15972
3084
13311
16975
11408
4096
15616
13311
4096
9036
6578
8551
15616
12844
9036
13311
12844
2072
11431
9018
16524
11431
16005
11431
6591
5090
4096
6591
1551
16975
2064
9519
15616
6096
4112
3591
4096
14700
16071
3108
10458
16071
3078
16422
13776
16870
7575
3591
9500
7056
7575
4599
7575
7575
10479
8551
12766
6096
8551
3120
4096
10000
16490
16835
4590
3591
6096
10956
4096
4599
5654
7575
8517
15159
2064
13776
6096
7575
11431
5599
15616
3591
14239
14239
16975
1036
5599
12824
16975
15133
17424
11904
10956
16071
6096
14239
7545
14239
12350
7084
16071
11880
3084
2084
7084
17424
8551
6591
9054
7084
16975
15159
2064
10000
10479
6096
10479
16071
2072
8551
2575
15616
12766
1551
11904
15616
3084
2575
1551
11904
3591
7084
6222
3591
9519
8551
5599
16524
13291
15616
10000
15097
3084
15128
15552
13257
10000
16490
4599
14239
13776
2575
4088
10479
9036
8551
4590
16703
16975
3084
6591
16071
11431
14239
8828
11431
6096
5599
3084
9519
7575
1551
15592
4096
16071
2064
5100
8064
2575
4581
9018
13275
7575
1036
4096
5080
4590
8517
12818
8551
13311
6591
2575
5621
12844
6591
5599
2064
16940
2072
3084
12350
12375
9036
13776
7560
1036
6714
6096
8048
5100
6096
11431
1551
9036
8064
8551
11904
9036
13255
4599
9036
8551
5599
15972
7575
7575
16071
13776
16071
2575
9519
10479
10956
3591
7084
13311
5599
14152
15574
9982
14239
9519
14239
16524
8064
10956
5100
2064
11431
6096
8551
12375
3084
2575
6084
14670
9036
6096
1551
2575
10956
11385
6096
3102
4617
13776
3078
7575
9036
12824
11904
12844
8585
8064
10956
13311
8064
13311
13311
15159
9018
5599
15066
4144
15128
2570
8534
8551
3591
17388
12844
9036
16940
15066
5100
14700
9036
1034
10956
12842
17424
16975
4096
6578
12350
7575
10479
4599
11431
11880
11904
6096
13776
7650
13776
15616
17424
9519
7084
3084
16524
5100
10479
2575
5100
16975
7084
4599
15616
2064
4599
2064
2575
9980
8551
12818
1584
9610
10934
5599
9519
16524
11408
10479
14239
3591
14239
7560
4599
5599
6591
9036
3084
16524
9519
13776
13257
14670
11832
4096
14698
15129
4581
6591
15159
16069
10479
3591
7575
15134
6096
11860
10944
1551
9960
3591
15616
15159
11431
4599
6591
2575
12844
16071
9036
8064
4599
7530
7084
10934
10000
1548
16422
11868
6096
5090
4088
11904
3084
1551
8064
12816
4599
8600
14640
10479
1593
16071
11880
16975
8534
7575
16054
12375
6096
13776
10956
16975
9519
12844
8665
7070
3591
14145
16005
10416
4096
13284
15159
10479
4096
1551
7042
3591
13311
5100
3591
3591
10416
14700
3084
15128
15159
3084
1551
16071
17424
3078
9519
7084
12375
8551
11904
1551
11904
9142
8534
1551
12375
7084
3084
11904
4590
12375
10000
2575
5100
14670
11408
7084
15616
14239
14167
7070
13692
14700
7056
11904
2064
8551
7070
6096
10458
12844
2072
12375
13722
5599
5599
6096
4152
4096
9519
10934
16071
5599
3591
8551
7575
8551
3078
7084
13776
17424
16339
16524
2064
3084
2575
16940
2064
7560
12844
5100
13692
13776
10479
3584
10956
11904
9036
10912
5588
12844
16975
8534
11904
12844
8064
4168
10416
2575
14700
2575
15159
16975
13311
10458
5588
14239
10890
13230
10956
2064
10479
11880
2064
15159
16975
10934
4599
9500
3591
8064
10956
17424
5577
7084
12375
14610
9036
9519
15159
8551
10479
11856
16490
6591
1551
16038
14670
10479
7575
13311
2590
14239
17352
7084
10479
13284
16524
2064
6643
10000
16524
15554
10000
16975
10000
7575
9036
14210
3591
5599
3591
12844
12375
6096
10934
4599
14210
16071
11880
11904
1551
16422
15616
8551
11904
3591
10000
11431
10000
2064
8551
16490
5577
11856
13311
7084
1036
2064
6591
8064
6565
7084
10000
15159
8551
9462
6591
14239
13311
12844
10000
2575
9036
1036
9980
16071
13311
8064
16905
12818
9519
3591
14700
13776
6096
7575
13311
5599
16524
10956
11904
11880
1036
15506
4599
8551
13284
11431
11434
6578
12818
9519
8064
9036
2064
15159
4096
5599
10479
12844
3591
9519
5100
3084
15159
12375
9018
2575
8551
5100
13255
12375
14658
2064
5599
15128
7084
13776
8064
8064
3591
16905
11362
13311
13755
3084
13284
3084
15128
8064
13776
10956
4599
2565
2072
3084
11385
6591
15066
16490
13311
4096
1036
17316
15159
4590
8551
16524
14610
13284
15616
7560
12375
12844
8551
16422
10090
9036
17388
15159
7575
14640
10956
4096
10934
11385
16524
11904
5100
9036
2565
16071
14644
14239
16038
15616
2064
12300
8048
8064
5100
2575
2064
7560
6565
5599
2575
6591
2064
13311
12375
11431
14210
8016
4599
8064
6096
17388
2064
8064
6096
9980
15616
7084
4096
7042
2070
14700
6096
10934
11904
6591
13311
3084
10000
7545
15097
9980
10934
9519
2575
2072
7699
17316
16524
15159
15520
15128
12844
13311
2570
14239
3084
9018
6096
4599
6084
11904
6591
5599
4096
2064
10458
15584
14239
10458
14670
4599
12375
3172
5599
16490
7575
17387
3084
12325
15552
8551
13305
6084
14239
8551
9980
7575
13776
8064
16524
3084
5100
3108
2575
13776
12350
13311
5100
15616
12375
1602
3591
4096
7575
6591
8551
9940
12325
2575
13284
14239
14700
17404
5100
9114
8064
3591
3591
17424
8064
8048
3591
12350
10000
3591
10558
10956
1036
4599
11431
12350
12802
2575
4096
12844
9481
8534
4096
16071
3591
8064
3084
13311
8551
9000
10956
4096
10970
9519
12844
13776
3084
9036
16940
15604
15616
9960
13311
10956
10479
6096
8982
6084
2575
4096
2575
13284
13230
2072
6591
8064
15159
14239
5599
10934
7084
5100
1551
5599
9018
6578
4581
2575
2076
11881
10934
13311
16038
16524
13692
12844
12375
14700
14239
16071
10000
11904
15616
11362
3084
16388
10000
15616
15584
2570
17424
11431
4599
1551
16482
8551
13776
12844
10479
4088
16524
13311
10479
7084
7575
4599
2072
6096
13230
2072
8064
3591
5100
10956
1551
13748
3591
16524
7648
14239
17352
8048
2064
7070
17424
12368
2064
1551
8551
3591
9960
2100
13282
6565
16969
10479
4096
5599
3084
10956
6096
3084
10956
13720
1551
15159
12844
5599
7084
13776
13748
11904
6084
2575
3084
11408
9036
12375
8551
3084
6096
10956
1551
7084
12350
4096
7084
2064
13257
10000
11904
15008
12351
8048
8064
10479
16456
14210
10479
3084
9036
11904
2625
14239
13311
5599
1036
10479
6591
1551
8064
10956
3102
2064
16468
11431
7084
5100
16975
14239
13776
12375
3591
2064
15616
7084
10479
16039
11385
12844
9500
14700
6693
10479
5599
13311
12844
7575
5090
5599
16071
17388
1551
11880
5676
14700
14210
5100
12844
8551
15128
11904
11408
13311
4096
12375
15616
2082
8064
11904
14700
8630
2064
13311
11431
14239
3078
7084
16071
6096
5100
7575
5599
1551
10000
13776
15544
8064
6096
8064
13311
10000
7575
9519
11832
3591
7126
3591
17424
6591
15865
5100
1551
15159
14670
17424
9519
2064
17424
5100
10479
9036
3612
15159
15011
1036
12844
8064
4184
6591
15128
13311
2575
11904
8016
2064
11880
14239
7575
10000
1551
3084
6591
12844
12818
16456
12844
9519
12375
9036
3084
7084
9519
9036
6096
6591
15159
8551
4599
5599
2575
14239
9036
10479
6718
5599
3640
4096
10394
13748
10000
2060
17424
15159
9500
14700
1551
1551
6096
6096
14700
7084
8551
9036
4088
9036
10927
4088
5599
7140
17424
5100
5100
16071
13776
15586
3078
1036
10479
6096
15159
10479
15616
3591
17424
12300
12844
8551
2064
2064
9519
16490
3584
14610
14700
8551
3162
2064
8551
4599
9960
15584
9036
11832
15616
16975
13311
1040
14670
10000
3591
15159
15584
14239
4096
13311
17424
15520
10479
5100
3102
11904
6096
17424
11431
11431
6096
13776
2575
13281
15972
16490
11904
14670
12375
17424
2064
16071
11431
6591
5100
8064
2575
5599
1551
11904
12375
3584
13759
6096
16524
4599
7575
9018
10018
12844
16975
14700
16975
2575
13311
7084
12350
17424
5599
17368
3084
9980
14239
16975
16071
15972
4599
16490
5599
9519
10479
1551
10479
13311
14700
2072
13230
3591
1551
17352
2064
10956
15616
9036
9036
13692
9519
1551
12375
8064
6591
11904
15159
8551
6084
15159
2064
3084
6591
4096
11880
16940
12818
5588
15159
16524
4096
2064
13230
4176
8982
16524
14664
7575
8064
10956
17347
12844
10000
7084
6096
7070
8064
12375
8551
14670
3591
6096
7575
15128
2575
4599
10934
10479
11856
14239
3591
6591
4096
11431
13720
9036
16071
16524
5100
9500
3108
11898
3591
5599
14700
3584
14239
15159
17424
14610
6096
5100
11431
10000
12375
13311
1548
14700
13776
7084
16524
2064
5599
2575
3591
4096
4635
9500
14700
6591
3591
12766
16045
16038
3084
4599
9519
6591
16524
14700
14239
14239
6591
14239
9519
11856
8551
3084
4096
15520
6096
5090
11856
14210
7084
8064
12844
2575
10479
7084
8064
9980
4096
16975
6591
4599
2060
2575
3591
4599
9519
9519
12375
2570
12844
7575
9960
4599
2575
13284
2575
4120
11874
13287
8551
3102
1551
7545
10479
6591
11904
9036
13776
9980
13776
10956
10956
12844
1036
1551
6096
5599
13230
16071
14610
11431
14672
1036
7620
7575
12375
6578
12844
10479
6096
3591
10000
8064
14700
1036
15584
3591
7530
1036
8318
10956
4599
8182
14239
12844
13776
11431
11385
4599
12844
8178
4120
8148
13311
1036
2060
14700
1551
9036
9018
13748
10956
2072
14239
11940
9519
9519
7575
16524
6591
4599
17424
16490
2575
10479
7575
14700
2080
13284
14610
7575
15159
12375
10956
6591
14700
14610
4096
12354
17424
12818
12350
12819
15616
2575
8551
16071
10956
12300
6096
13311
12350
7084
11904
14700
16490
11880
2575
12792
4096
8551
2064
8551
5100
7056
12844
3084
6591
1551
6096
7070
1036
16071
12844
15616
10416
14210
14700
10494
12350
5599
12818
15159
10956
10458
6591
1034
15128
11880
15159
16975
11904
10000
15616
13776
2064
14700
7084
3591
12375
10000
8048
4096
3168
8064
8112
5100
5100
10458
15159
10000
5100
11904
15616
9018
1036
6591
3591
10000
2064
13311
16946
12350
12375
6096
4144
17424
6096
14670
13776
13776
10479
8064
0
5599
10956
15159
9960
4599
13311
9481
7575
5100
5599
2064
15438
1551
6096
14239
8551
8551
7084
3591
12844
16038
8064
14700
9980
11431
2064
9036
3591
10479
9036
2575
10956
12844
5599
2064
8064
9519
4599
10000
4096
16038
15616
15616
1036
11467
14239
10479
16071
4096
12818
10458
15616
5100
10956
10956
8064
14700
3084
17424
11431
16975
14210
1551
6591
6578
6591
16422
1548
8551
12375
16005
2575
5100
1551
16524
15097
12844
13704
16524
14670
10479
5599
11880
14239
6156
15616
16524
10000
2064
16975
8551
13776
11431
10956
15128
15584
17424
2064
4599
9036
16905
7084
15159
5100
8064
10000
4096
17424
16490
5090
7084
7575
2064
9036
2645
11904
13311
2575
16870
11431
16522
9036
16490
2064
17424
16071
10479
12844
9500
16071
2064
17424
5100
5100
7084
10956
14700
13284
3084
4599
7575
16524
8064
8551
6096
5090
12375
10458
16490
14670
11880
8064
8064
3084
8048
3633
15159
2575
14700
10956
15616
10934
9519
13284
14239
3084
8551
10479
6084
6096
15159
8064
5080
5599
5599
14700
10956
12375
14141
8551
5100
3084
13776
10000
5588
1551
11880
7084
6591
13776
10479
15610
3084
10956
12844
6096
10956
1551
6096
5100
14670
11431
15616
15616
11362
1551
15159
6096
6096
10479
8064
6096
5100
4599
16071
11904
10937
7084
8064
10479
14239
8534
3084
4590
16975
2072
15616
10956
5100
11408
6591
2064
5120
3084
12844
5090
5599
2070
3591
4096
2060
10479
6591
13311
16524
12792
4096
16524
10934
11904
9036
15128
5599
6578
4096
10000
8064
13692
12375
2575
10458
9036
1551
8551
6578
13776
10000
14670
13692
9036
16071
8048
11904
10479
3591
11832
8551
14640
17316
2575
9960
10956
2575
3084
16524
6096
5100
7271
3591
7084
15128
4599
8064
3591
6591
5599
15159
14239
14640
12375
4096
2064
1551
12375
2064
17424
7575
3078
14670
14152
7560
7575
13311
10479
9980
14700
9000
12818
1036
8064
2575
5577
2064
3675
7084
6591
6591
10934
16071
1036
14700
9500
16071
16975
13311
1551
9036
2064
17424
7560
10458
1551
4599
5599
13748
1551
14700
3078
14239
3084
8551
1551
15159
1551
7084
13664
3591
3078
12818
4599
6096
14239
3591
16975
7575
6096
6096
16018
6591
7575
15542
10956
2575
13257
4599
11431
16071
13720
12766
1551
3114
6096
10000
9102
16940
3591
15159
4096
11904
5577
5100
15616
4096
12375
6763
9980
14239
3591
14700
16071
13748
11904
7575
12375
2064
4096
10479
16071
16005
16905
7070
8662
1551
15616
3591
3084
14650
13311
12844
5599
11856
1551
8064
8551
6591
10956
4096
3084
2575
16524
2575
11431
5130
3591
17388
14700
11904
3084
13776
8064
9036
13776
12844
7575
8064
3591
12375
12375
7575
7575
1060
6096
6591
10000
5100
6096
9519
2064
10479
13311
16524
12375
7084
4599
12353
4096
6591
3108
7084
8534
13776
1038
6096
5577
10956
7070
6096
8534
8551
16975
16071
1551
4599
6591
4590
16524
14239
3591
16524
15584
2575
5599
8551
16038
8064
13776
10034
15520
16071
5100
17316
10000
5100
8551
10458
5599
14670
13311
4590
8551
6096
9036
5100
16524
1551
6578
3591
7112
1551
1551
7575
10000
12844
9519
1551
1551
6591
15972
14239
12844
11904
5599
10934
9519
3584
7575
12844
6591
7560
17424
6096
2064
15616
13776
10000
14700
5588
15128
6591
4599
5100
3591
10000
5100
11880
12792
8064
7575
6096
14670
3084
2064
7575
8551
2575
16975
7575
3084
16071
7056
6096
8551
12818
6096
15616
1060
13776
11431
11431
1036
9036
9481
4713
7575
3591
11904
13311
4096
14239
11904
2064
14670
2064
10000
13311
12375
11431
8064
16422
12375
2064
13311
16940
4590
12300
17116
10956
14204
5100
8551
7084
4599
14670
2128
6591
7575
4705
11431
11904
13284
4096
12375
9980
2575
8551
13284
11904
7084
11880
13284
13776
5588
10437
5090
15616
1036
4581
7070
9036
5599
1034
13266
1551
8048
8064
8551
15159
10479
16524
3591
16071
13311
7190
16071
15616
10000
16905
9036
13748
16524
4096
13776
2112
7575
5080
7575
16524
11362
5599
16071
9519
2064
15128
1551
12375
7056
16071
10000
8016
12350
2064
14668
14700
12350
2064
3084
10956
11431
5599
13748
11408
8064
8064
16071
11431
6565
16071
16490
4096
2064
5588
9940
9481
12844
8064
10912
8551
8551
16280
12375
16422
6084
4671
3084
14239
8551
11880
17424
12355
16524
13776
8064
11431
5588
14700
14181
10000
4096
13776
12375
12375
14239
2575
9500
2064
7575
7084
12822
12375
9018
8064
8551
10956
10000
2575
9036
2575
1036
2575
3084
16975
9142
12844
14670
10956
16071
3084
16975
12844
2064
12844
6096
11904
10479
1551
15616
3598
9036
10479
9036
8534
3591
10479
6084
9960
13748
2064
11431
16975
9036
1036
12844
12844
10479
5599
2575
5100
5090
1036
2064
15128
10956
7084
3591
15069
3084
15159
11904
3084
8172
6591
7070
17424
5599
15128
17316
14700
3084
16975
2072
2575
6096
13311
14700
13311
10956
9500
4096
15097
12375
8551
11408
6591
17388
7560
14213
15584
2064
6084
1551
11431
5599
10479
1036
13692
9519
7575
6096
2064
9519
16051
5599
9036
1036
5100
8551
4096
8551
1551
10000
1551
4581
12375
6591
9980
12798
11408
4096
5599
1551
6096
5100
14239
11431
9036
8064
15128
11904
1551
11431
14239
8551
16975
8551
2064
1036
9501
14239
2575
10934
2064
3584
13776
5100
10956
1036
16524
4096
14700
4096
5599
12818
5100
10956
6192
8032
5599
15159
16422
13748
6591
10479
5100
1036
7070
3108
6096
4599
7084
9036
7575
11904
12375
11886
5100
7560
9519
12844
10956
7084
16071
12375
3084
6591
8551
9500
10912
13749
6096
7575
10479
11431
3591
4599
11904
8551
1551
5599
15159
16524
4096
14210
15159
13776
10473
5100
12350
11431
10956
15159
11904
13230
5100
10956
4096
16071
2575
5100
16524
13311
10458
8551
1551
15159
5090
5599
4599
3591
8064
8551
2064
16071
5599
6096
3084
2575
13776
17424
8551
13311
15584
1551
2072
2064
9036
10479
12844
5599
7084
5599
13311
4096
9519
1548
6591
6591
16498
3084
3084
15616
8064
11431
14700
7575
14239
13311
14181
10956
12375
2575
10479
10956
11904
5080
15097
8551
14123
11431
13720
13293
5100
15972
16038
4714
15616
15616
9036
11880
12375
10479
12350
6591
4599
11431
2064
2575
7098
8551
16524
16071
11832
2570
16071
3577
2064
12375
8048
2064
8534
10479
14700
10437
5599
4608
10956
17424
3591
16524
14580
11880
8551
5599
8551
3084
17388
11431
15616
4096
5599
12375
1036
15128
4096
5698
5100
1036
3084
4599
7084
5599
4096
7084
14210
8551
1563
4590
11408
2064
10956
16524
1551
16524
5599
17388
9036
14700
5100
15528
4599
13776
7560
7084
12844
12350
7560
11431
10934
15097
16071
10479
10890
8551
10956
16975
9018
7575
2064
3591
9036
3084
12375
11431
10479
9980
13718
10000
1551
6096
16931
2570
10479
11904
9519
14239
8551
10557
17424
7084
13230
12375
10912
10000
8551
6591
13311
6565
6096
13776
17406
2575
4599
7575
9018
3084
12844
1551
10000
5100
1551
12375
16975
11431
9519
14700
11904
17316
2064
11904
5599
3591
15159
10479
10956
14580
9036
9980
2575
8551
13776
15584
10000
11904
16418
17424
11431
12844
7084
5090
7575
5100
4599
14239
11904
2575
15159
16071
9519
3591
17424
1551
15159
1551
9519
6108
16835
5599
17316
2575
15584
4080
16071
10000
10000
11904
11880
1034
16071
10479
13748
11431
8517
14152
10956
12818
16487
16490
14152
8551
3591
5599
16975
16524
17424
13311
14227
13776
14220
13284
8551
8551
16933
17388
4096
7084
9940
14640
12844
7560
6591
1551
14610
7545
2575
10956
14138
12844
7575
15066
16975
11880
2072
2064
13311
8064
2575
12375
15159
15616
11880
4096
13776
4599
2068
12375
10479
12844
13311
9018
16524
12844
9519
9036
12818
14239
5599
15108
17316
11904
15066
10956
16843
13311
9036
1551
4128
13776
8064
4599
9481
12325
7084
13311
15616
10956
16975
8551
5100
17212
5100
7575
16524
11904
8064
17388
11904
6578
9036
15939
9960
7084
1560
13311
5599
16524
12375
1551
8517
5599
8064
15616
8534
3084
5090
2064
17424
14700
3591
5100
5120
7154
8064
12792
7084
4599
4096
16524
5599
11904
7575
15066
12844
16071
13284
16490
5100
4599
9519
16975
17424
13720
12375
16524
4096
12844
14700
6591
12375
9036
8551
10479
16071
7575
4096
7575
9036
14670
15616
9018
11431
14700
12375
17424
13311
10000
7575
14210
12375
16940
6591
5100
5100
6096
4096
9018
16975
1036
5100
3132
8064
12818
9519
16071
15856
14239
3084
1551
10479
2575
12844
8064
1068
3591
15159
7084
10479
4096
14670
4204
9519
16975
17316
15097
7084
16005
9036
11904
8551
15159
2575
10549
5599
10000
16071
14700
14239
14239
8534
9036
6096
4096
5100
8551
10479
17352
12350
7575
1036
10934
3084
14700
5100
3591
6591
5100
17424
14700
9519
9036
12502
4088
16071
10000
11904
12375
13748
14700
10479
8064
14700
10956
10000
1038
17388
5599
16071
13776
10956
14700
6096
10479
12844
5100
6591
3661
11408
7084
10956
2575
3591
5588
14181
1551
4096
6578
2575
13706
10956
2575
3078
9519
16905
9036
16490
12375
10956
7575
9519
3591
12818
10000
1551
6096
8551
5100
2570
9519
9519
8032
16071
2064
9980
1551
9036
6096
1551
11904
8500
13284
1551
10000
8064
7070
7575
15616
15159
5100
2064
10437
3584
6096
14239
7575
12375
2575
10479
3591
17424
9980
13776
12300
6096
13776
5100
4088
4096
2064
17398
10000
10528
7575
4599
16524
9519
16975
13776
8064
2064
11431
11431
12844
9960
5599
13692
16038
15597
10912
16940
10956
6591
14210
7084
14239
13284
11832
5599
14700
6096
2575
9036
3084
5100
16975
10437
10554
5190
3108
3591
9036
12844
6591
3084
11880
3687
11883
4599
5588
4599
15906
2575
2064
8064
7180
14700
15139
16456
15097
8032
10409
16434
13311
12375
15616
11408
16524
3084
4581
5100
10000
16835
6591
5599
12375
9036
6120
12844
15520
13776
10956
14700
13776
3591
13285
3108
11880
15159
8534
14700
17316
13311
14700
11408
7084
16038
4599
16038
4599
16975
10000
4599
9036
8064
8064
15128
9036
6072
16071
15972
16071
8551
6096
2064
14181
13776
5599
11904
7575
10956
16524
8534
3084
8064
2064
6096
13776
9519
3084
16975
11431
17239
5100
16490
8551
13311
16975
9500
9500
1551
4599
16038
11431
6591
3084
4096
14700
4096
7560
13776
7084
12375
13776
15616
10479
13230
3084
3591
14210
11904
1551
2570
15996
3584
10956
16975
7084
13311
14580
13720
3591
11431
8551
16038
2064
16975
11479
13311
10479
15434
15159
5599
4096
6578
6591
6591
13311
12818
13776
17424
2575
10479
11431
5599
1566
6578
10956
15159
1551
12818
8551
2064
14239
7070
16490
3084
1581
12812
6591
1551
5080
13776
10000
14239
12844
1036
5100
1545
13284
6096
8064
12844
9519
12325
6578
10479
15128
16071
14575
13776
10000
5714
16422
9036
9960
9000
16975
16038
8032
7070
9036
1551
13748
12844
3078
12375
2064
7070
2064
16975
12325
7084
3591
11832
16071
1551
10000
14670
10000
5100
6591
17401
1034
6578
10934
2064
17388
13311
14152
6084
9462
14165
11385
1551
3084
15159
4599
2575
6096
13776
8551
10956
13311
2116
7084
10479
11385
7575
11880
5090
4096
5599
6096
11431
5100
5100
7084
15159
16071
5599
2068
14239
1036
8534
2575
2575
2056
12300
10000
15616
1036
9519
9018
2575
8048
1551
7070
12375
8551
4599
9519
5100
16524
10479
12375
11408
7084
8617
15616
4096
9036
1036
5599
7575
13311
15584
3591
10956
5599
13311
13311
14700
10479
5090
11431
9519
13750
8534
12375
14239
14239
3084
13284
11409
5100
2072
4096
4599
2064
6192
8064
14239
13776
9519
8064
16975
4080
12375
12350
15159
5100
10479
12844
7056
6096
7084
5100
14239
6591
5599
1036
16422
10956
8048
3591
7084
6591
9519
1034
8064
6084
9036
3668
2575
2064
7084
5100
1036
12844
14239
11408
1551
6591
7084
14210
10479
9036
2575
15616
4599
15616
9980
4096
16524
8551
2575
7084
14700
13230
7084
4088
17424
12844
16975
1036
10956
5643
1036
1551
6084
3591
5599
15616
11431
16038
10000
9359
16071
12350
10458
16456
14239
1036
13776
12300
15584
11880
8551
5100
10956
4080
2072
5599
11904
2064
12375
8551
11431
8064
15520
13748
6591
13311
16071
8064
17424
16975
8064
8551
5599
17424
2585
3584
5100
3084
10956
3084
16524
16524
16422
16524
3591
9519
9000
12844
15159
2575
16870
15584
5100
15616
8064
7084
16490
10000
17424
14239
10000
1599
9036
9036
6096
8048
5599
12375
4599
5110
4599
11431
1551
9036
17316
10956
6591
2064
10479
16499
2570
7560
17424
15128
8551
2064
8551
3078
16027
6096
8064
15159
12375
14239
14152
14152
7575
14670
12844
6578
6096
11431
4096
4599
15616
16524
11904
14610
9519
8551
16524
7575
11431
1036
6591
16975
7084
4096
6591
9036
1551
6072
16524
10000
2575
7084
3108
4096
6096
16071
13720
16038
13776
6591
11431
16524
15616
10479
8064
5599
16975
15012
16071
9018
7575
9000
2056
4599
11431
17424
8551
12844
9036
6096
9036
16975
11431
14181
3084
9519
2072
2064
11832
12844
7070
15584
10934
12818
14610
6096
3591
6096
7575
15159
10000
10956
3591
11880
4096
16071
17424
10956
5100
12844
15616
3591
2575
2575
10458
9000
5599
1551
9036
15159
17424
4590
10956
14152
16490
4599
10956
9036
16975
4096
4599
5100
12375
7084
10000
2645
4096
10912
16071
6096
7084
8064
6630
6591
1551
6210
16071
3591
10456
9036
16071
4599
9036
11904
10479
5090
1551
9519
9519
13776
9980
14670
5100
14239
10890
15159
3084
6591
15584
7084
8517
14210
3591
16975
8534
16975
10000
2070
2072
12375
7084
2575
3591
17424
12844
13311
9519
12375
15159
5599
1036
1551
6096
10000
14700
16975
8534
12844
5599
15616
5599
13311
8551
3084
12844
9500
2064
9036
17424
12375
