100 100
115504 700664 726728 422160 734168 625590 702368 328468 594900 309232 643792 287752 327076 424342 95644 200971 995692 769964 101942 480531 781886 784108 211268 989988 471824 22892 283474 793186 304266 968526 194678 163978 97942 884880 805390 536172 654900 509039 807702 544080 186292 608124 991628 887860 107220 577582 285796 251134 899654 306998 485706 271080 813522 160132 529142 92424 768478 129796 123958 875549 716756 773588 186892 83856 666776 284422 861806 717858 737562 852382 967752 82748 87460 249834 705436 565882 395394 585938 421070 886814 553634 853566 867358 910398 40508 420915 501310 112320 526682 874238 637050 49684 450132 435760 943842 968760 398686 720100 643260 983368
125734 482438 289252 762580 440148 9844 709500 495784 406688 398402 619292 652646 281498 259228 475508 305524 316920 606702 362407 945272 315044 982196 699712 25296 283158 856012 901316 432218 356524 758460 946066 328566 477776 116068 958696 640738 875298 717272 397206 621980 712000 937830 424961 323482 957012 319938 805406 357022 259298 317628 88332 699416 30192 185176 902850 320688 272183 38672 599972 177704 382384 119608 326182 723916 946320 369502 130094 832566 968200 477312 676564 387532 68268 492670 756472 326684 352368 147966 959078 795650 907507 954788 765500 626306 488410 612692 733564 650138 510980 225236 751629 587336 245382 499672 567144 205550 336390 231522 959684 366552
41 48 98 58
67 94 69 38
10 95 3 94
87 16 6 24
30 59 6 4
1 49 81 82
99 17 57 30
62 77 33 1
57 38 32 89
57 86 64 86
85 89 54 78
21 42 23 100
36 92 4 92
58 7 65 17
89 24 7 23
89 14 27 1
80 11 3 98
39 71 47 3
2 90 39 22
83 52 76 74
18 5 1 52
98 26 56 50
47 95 32 25
61 20 54 86
68 37 73 12
28 63 79 62
83 26 17 55
4 80 84 25
85 45 77 34
48 93 33 12
98 69 5 83
57 41 83 47
4 31 13 22
48 3 22 85
27 78 32 68
62 69 51 12
21 61 94 94
8 97 73 82
12 8 17 77
80 25 81 54
100 25 14 6
22 41 67 97
15 66 72 60
62 47 13 60
6 26 44 94
78 32 14 2
63 40 64 53
50 35 53 15
95 76 89 17
6 69 1 100
29 28 41 94
29 30 69 46
4 15 49 1
81 71 57 12
52 76 89 32
31 82 18 25
12 99 55 12
62 2 18 87
40 39 90 5
23 58 21 59
44 95 5 12
22 76 3 44
87 68 91 70
89 2 40 97
70 22 62 63
81 77 4 53
97 5 68 1
56 80 63 59
83 2 25 39
55 55 6 6
30 9 22 9
21 78 6 41
24 80 26 23
24 14 32 73
92 4 2 1
75 8 21 88
82 46 64 30
80 27 29 59
24 98 18 7
9 66 54 80
12 48 67 20
81 68 41 73
43 99 47 62
41 53 97 79
35 37 68 32
90 22 3 17
49 87 18 15
84 89 45 48
67 92 59 26
13 2 12 96
43 54 81 100
85 63 39 23
11 16 59 39
23 92 23 11
66 44 22 38
35 88 8 85
70 12 6 80
54 97 57 67
50 86 85 15
95 9 30 75
