39 2825
253501 439976 304587 712026 763840 26006 877861 495628 840344 659340 282320 247444 966155 369916 323591 908223 374085 10430 938963 118475 511010 466190 350813 894260 120792 669264 718087 49884 264933 551289 187408 261188 206289 483069 400588 702464 359590 41173 931253
133276 51783 942626 218671 763953 277861 471526 272997 846315 104424 644597 441956 167427 382515 528373 542146 545344 946892 421564 286957 350671 407793 406521 274966 932173 248148 58693 430925 765958 179697 223625 240225 594418 292111 282928 500272 819280 546543 473488
1 20 1 21
20 38 19 38
33 38 34 38
35 16 36 19
32 24 31 24
21 35 22 37
27 9 27 8
39 8 38 8
3 4 3 6
31 7 32 7
31 36 31 37
24 33 26 33
35 39 37 39
3 9 3 8
13 5 13 4
33 4 33 5
27 23 27 21
34 2 33 2
34 4 33 4
36 29 35 29
8 3 10 3
13 23 13 20
22 36 22 37
8 10 9 10
20 34 19 34
29 32 29 31
2 18 2 19
35 10 37 10
16 38 15 38
7 15 7 13
38 13 38 15
22 33 21 33
1 15 1 13
25 7 24 7
27 28 27 27
6 18 5 19
36 39 37 39
16 38 17 38
34 28 33 28
18 18 18 19
23 5 23 4
20 9 19 8
33 27 33 28
1 30 1 32
31 3 32 3
37 29 36 29
26 26 24 26
17 28 15 28
29 11 30 11
17 5 16 6
3 23 3 20
30 28 29 27
38 9 39 9
24 10 26 10
7 31 7 32
19 27 20 28
34 31 33 30
2 17 2 19
23 8 23 9
7 21 7 23
35 26 36 26
37 29 36 29
19 25 20 25
9 1 8 1
15 20 16 21
22 24 21 24
1 32 1 30
37 29 35 29
16 11 17 11
28 18 28 17
22 35 21 36
30 31 30 30
31 33 32 33
29 8 30 9
24 10 26 10
27 13 27 14
4 12 6 12
22 37 21 35
31 1 32 1
23 5 23 4
9 26 8 26
9 29 11 29
6 24 4 24
36 26 37 26
3 22 3 23
29 31 30 32
36 18 35 18
11 39 9 39
16 28 15 27
9 19 12 18
11 26 12 26
27 31 27 30
38 21 39 21
31 1 32 1
39 32 38 30
26 1 25 1
20 11 19 11
7 20 7 21
21 10 22 10
14 35 14 37
29 2 30 2
22 24 21 24
32 10 31 10
13 4 13 6
36 37 35 35
38 38 39 38
26 3 25 3
22 39 21 39
38 15 38 13
12 29 9 29
39 38 38 38
3 15 3 13
3 5 3 6
20 22 20 20
36 24 35 24
15 23 16 23
23 13 23 14
10 29 11 29
29 28 29 27
7 4 7 5
26 39 25 39
19 21 19 22
38 20 38 23
5 29 6 29
31 24 32 24
13 6 13 5
22 17 21 17
35 1 37 1
2 37 2 35
22 1 21 1
7 32 7 31
10 3 8 3
27 4 27 6
17 34 15 34
28 17 28 18
1 30 1 31
32 29 31 29
29 25 30 25
32 1 31 1
21 10 22 10
22 3 21 3
25 12 26 12
22 10 21 10
37 33 35 33
6 3 5 3
3 27 3 28
14 35 14 37
4 1 5 1
25 26 24 26
8 19 12 17
3 21 3 20
37 37 35 35
36 1 37 1
20 31 19 32
30 13 29 13
25 1 24 1
16 6 17 4
26 33 24 33
6 7 4 7
38 14 39 14
38 2 39 2
30 14 29 15
27 27 27 28
22 10 21 10
6 12 5 12
3 30 3 32
1 8 1 9
21 7 22 7
22 39 21 39
31 12 32 12
22 7 21 7
27 28 27 27
13 27 13 28
3 30 3 31
19 22 20 22
28 16 28 17
18 37 18 35
38 2 39 2
15 30 15 32
25 33 26 33
12 39 8 39
17 6 16 4
3 15 3 13
2 35 2 36
38 21 39 20
34 20 34 21
30 2 29 2
38 5 38 6
12 17 9 18
1 8 1 9
2 37 2 35
38 28 38 27
37 39 36 39
36 33 37 33
26 33 24 33
12 10 10 10
32 19 31 19
24 12 26 12
4 12 5 12
25 16 26 19
12 17 10 19
27 31 27 30
19 15 20 13
21 12 22 12
20 2 19 2
3 13 3 14
3 28 3 27
23 20 23 23
7 30 7 32
38 11 39 11
13 13 13 15
36 24 35 24
25 3 24 3
39 25 38 25
2 17 2 16
18 17 18 16
1 9 1 8
3 27 3 28
22 24 21 24
15 27 15 28
5 3 6 3
27 13 27 14
8 26 12 26
3 8 3 9
24 39 26 39
13 9 13 8
32 36 32 35
14 36 14 35
25 19 26 18
10 12 12 12
19 13 19 15
21 12 22 12
25 35 26 35
6 3 5 3
32 7 31 7
31 10 32 10
39 11 38 11
9 3 8 3
19 38 20 38
7 23 7 21
21 16 22 16
16 25 15 25
20 14 19 13
14 16 14 19
19 31 19 32
36 29 35 29
13 4 13 5
1 15 1 14
1 32 1 30
12 29 10 29
38 34 39 34
34 9 34 8
35 1 37 1
22 12 21 12
1 32 1 30
34 6 33 6
24 7 26 7
26 29 24 29
38 2 39 2
2 19 2 16
31 39 32 39
21 26 22 26
32 1 31 1
13 9 13 8
38 2 39 2
26 35 25 35
13 9 13 8
27 5 27 4
23 5 23 6
21 17 22 18
13 13 13 15
29 4 29 6
30 4 29 5
34 13 33 15
25 1 26 1
12 1 9 1
35 1 37 1
34 32 34 31
27 14 27 13
26 1 24 1
26 36 24 35
39 32 38 31
7 4 7 6
21 24 22 24
8 7 12 7
10 18 10 17
27 15 27 14
27 30 27 31
31 26 32 26
35 1 37 1
8 33 9 33
35 39 37 39
36 37 35 35
10 10 12 10
31 16 32 16
33 2 34 2
11 10 9 10
7 20 7 22
24 10 25 10
14 37 14 35
39 6 39 4
3 23 3 22
2 16 2 18
26 10 25 10
33 32 34 32
20 27 19 28
29 21 29 23
32 12 31 12
7 28 7 27
23 32 23 30
23 23 23 21
13 27 13 28
27 6 27 4
29 34 30 34
27 8 27 9
39 27 38 28
31 24 32 24
1 13 1 14
1 15 1 13
23 15 23 13
34 34 33 34
21 7 22 7
16 14 17 14
20 28 19 27
22 24 21 24
13 21 13 22
14 37 14 35
36 29 35 29
7 20 7 23
10 1 11 1
18 16 18 17
1 5 1 4
27 13 27 15
25 7 24 7
2 18 2 16
31 26 32 26
20 11 19 11
19 31 20 32
27 8 27 9
12 7 11 7
1 15 1 14
38 38 39 38
31 7 32 7
27 30 27 32
8 26 11 26
6 36 6 37
3 30 3 31
38 4 38 6
10 16 10 18
12 29 8 29
5 37 6 37
33 31 33 30
30 27 29 28
4 24 6 24
27 14 27 13
13 22 13 20
28 35 28 37
30 11 29 11
17 4 17 5
11 24 10 24
39 23 38 20
5 24 4 24
22 29 21 29
34 30 34 31
5 26 6 26
39 38 38 38
6 1 4 1
34 9 34 8
26 1 24 1
1 9 1 8
32 16 32 17
20 32 19 31
34 25 33 25
21 39 22 39
33 30 34 30
26 24 25 24
27 6 27 4
31 24 32 24
37 7 35 7
18 35 18 36
33 25 34 25
27 30 27 31
22 10 21 10
31 1 32 1
4 39 6 39
32 12 31 12
21 7 22 7
24 7 25 7
34 28 33 28
8 36 11 37
19 5 19 6
34 27 33 28
26 19 26 18
20 9 20 8
25 24 26 24
39 5 39 4
16 4 15 6
29 9 30 9
21 7 22 7
19 38 20 38
39 2 38 2
4 3 5 3
38 2 39 2
8 26 11 26
3 21 3 20
7 15 7 14
21 37 21 35
23 32 23 31
20 5 20 4
15 25 17 25
13 5 13 4
9 7 8 7
13 9 13 8
16 25 15 25
35 3 37 3
12 1 9 1
3 28 3 27
1 31 1 30
32 29 31 29
17 38 15 38
29 27 30 28
7 21 7 22
16 25 17 25
20 27 20 28
24 7 25 7
24 7 25 7
1 20 1 22
7 23 7 21
31 36 31 35
12 10 11 10
38 27 39 28
32 1 31 1
8 16 10 16
30 34 29 34
29 38 30 38
31 26 32 26
21 10 22 10
19 2 20 2
38 15 38 14
21 7 22 7
35 39 37 39
37 1 36 1
35 39 36 39
1 8 1 9
21 10 22 10
22 26 21 26
4 7 5 7
32 35 32 36
29 5 29 6
31 16 31 19
4 37 6 35
39 8 38 9
1 28 1 27
8 39 11 39
37 3 36 3
11 16 9 19
31 12 32 12
7 27 7 28
2 16 2 17
15 34 16 34
16 14 15 14
1 30 1 32
34 9 34 8
1 31 1 32
7 27 7 28
12 3 9 3
9 16 11 17
8 33 9 33
11 1 8 1
19 9 20 8
24 26 25 26
29 15 30 14
33 22 34 23
27 8 27 9
25 3 24 3
3 8 3 9
9 36 11 35
21 26 22 26
38 28 38 27
21 3 22 3
3 5 3 4
34 2 33 2
3 27 3 28
23 5 23 4
32 39 31 39
1 13 1 15
37 37 37 36
12 17 12 18
5 12 4 12
17 38 16 38
37 7 36 7
29 2 30 2
32 16 31 17
22 1 21 1
8 12 12 12
34 31 33 31
13 32 13 31
10 26 12 26
13 15 13 13
30 31 29 30
20 2 19 2
19 2 20 2
3 28 3 27
5 33 6 33
35 1 37 1
29 27 30 28
34 21 33 23
34 38 33 38
13 22 13 21
28 17 28 18
6 3 5 3
7 32 7 30
22 3 21 3
30 38 29 38
26 7 25 7
27 6 27 4
37 7 36 7
15 2 17 2
32 17 31 19
24 26 26 26
7 14 7 15
14 18 14 19
34 32 33 30
32 26 31 26
13 27 13 28
34 2 33 2
17 25 16 25
1 31 1 30
35 1 36 1
30 31 29 31
35 36 37 37
24 24 26 24
34 22 33 22
10 12 8 12
6 39 4 39
35 3 36 3
27 9 27 8
19 6 19 5
31 26 32 26
17 34 15 34
25 3 24 3
6 12 4 12
10 33 9 33
10 3 8 3
32 33 31 33
33 8 34 8
12 29 11 29
13 13 13 14
27 8 27 9
1 13 1 14
31 37 32 36
20 28 19 27
9 29 12 29
7 15 7 14
1 8 1 9
5 24 6 24
25 1 24 1
7 13 7 15
16 30 17 31
30 5 29 4
15 15 15 14
25 37 25 35
32 7 31 7
13 8 13 9
7 21 7 23
7 8 7 9
31 7 32 7
30 21 29 22
20 31 19 31
19 28 19 27
27 5 27 4
13 6 13 5
30 38 29 38
39 14 38 14
12 33 9 33
5 1 4 1
17 2 15 2
32 35 31 37
10 1 8 1
8 26 12 26
13 31 13 32
22 17 21 18
8 7 11 7
8 1 11 1
35 1 37 1
30 4 29 4
3 8 3 9
38 30 38 31
19 4 19 6
38 34 39 34
34 5 33 4
24 39 25 39
35 39 37 39
12 26 8 26
32 26 31 26
35 35 37 35
38 11 39 11
33 30 34 31
24 1 25 1
28 36 28 35
3 23 3 22
7 14 7 13
35 36 36 37
23 15 23 14
21 37 22 35
1 15 1 14
34 15 33 14
35 36 35 35
12 1 10 1
17 9 15 9
25 16 24 19
25 36 26 37
7 27 7 28
21 12 22 12
30 2 29 2
16 38 17 38
24 33 25 33
13 28 13 27
35 17 37 19
6 26 4 26
1 21 1 22
16 9 15 8
34 31 34 32
27 8 27 9
7 9 7 8
34 14 33 14
22 29 21 29
15 15 16 14
21 1 22 1
8 26 10 26
3 15 3 14
7 27 7 28
22 17 21 19
4 36 5 36
7 22 7 23
3 5 3 4
11 1 12 1
17 25 15 25
19 28 19 27
17 2 16 2
34 27 33 27
34 2 33 2
13 32 13 30
15 25 17 25
20 30 19 32
3 9 3 8
33 31 34 31
27 27 27 28
22 33 21 33
33 6 34 5
16 31 15 31
16 34 15 34
30 15 30 14
19 9 20 9
22 24 21 24
7 31 7 32
20 2 19 2
20 2 19 2
19 2 20 2
35 10 36 10
25 33 24 33
37 39 36 39
38 25 39 25
13 32 13 30
10 12 11 12
1 8 1 9
7 28 7 27
31 7 32 7
6 26 5 26
26 10 25 10
17 11 16 11
11 16 10 18
36 18 36 19
1 28 1 27
27 32 27 30
20 27 19 27
34 28 33 28
7 30 7 32
36 12 37 12
24 29 26 29
7 13 7 15
26 7 25 7
23 8 23 9
22 1 21 1
16 34 15 34
22 1 21 1
2 17 2 16
25 12 26 12
18 36 18 37
13 15 13 13
19 2 20 2
33 34 34 34
13 5 13 6
31 33 32 33
21 29 22 29
29 13 29 14
33 30 34 32
36 16 37 19
30 6 29 5
35 24 37 24
38 38 39 38
21 36 22 35
32 18 32 16
35 3 36 3
33 34 34 34
31 16 32 17
33 25 34 25
28 36 28 37
22 39 21 39
38 2 39 2
34 28 34 27
30 2 29 2
11 36 10 37
19 4 19 6
20 38 19 38
14 37 14 35
11 33 9 33
8 7 12 7
13 13 13 15
34 4 34 5
33 28 33 27
21 3 22 3
18 17 18 16
32 33 31 33
16 20 15 22
34 30 34 31
10 24 11 24
19 25 20 25
3 8 3 9
15 23 15 20
31 33 32 33
13 23 13 21
14 19 14 17
5 26 6 26
18 19 18 18
32 17 32 16
5 33 4 33
3 27 3 28
35 1 37 1
9 1 12 1
10 10 11 10
22 37 22 35
17 21 17 20
35 19 36 19
6 3 5 3
19 38 20 38
30 25 29 25
4 26 5 26
1 28 1 27
39 6 38 4
35 17 37 17
39 30 39 32
3 31 3 32
19 2 20 2
32 35 31 35
13 8 13 9
19 9 20 9
13 21 13 22
13 22 13 20
22 37 21 35
13 31 13 32
17 38 16 38
27 9 27 8
24 33 25 33
27 32 27 30
10 24 12 24
7 27 7 28
4 33 5 33
5 24 6 24
34 9 33 8
37 26 36 26
17 27 17 28
27 20 27 23
13 5 13 6
10 29 11 29
8 29 9 29
13 4 13 5
36 39 35 39
20 9 19 9
10 36 10 37
18 37 18 36
4 29 6 29
23 9 23 8
3 13 3 15
38 2 39 2
7 4 7 5
19 25 20 25
23 22 23 20
19 23 19 20
17 13 15 15
14 37 14 36
27 15 27 14
20 13 19 13
31 10 32 10
38 4 39 6
9 39 12 39
27 32 27 31
34 2 33 2
26 7 24 7
35 10 37 10
25 19 25 17
22 26 21 26
3 14 3 13
20 30 20 31
33 34 34 34
7 13 7 14
23 28 23 27
10 26 9 26
22 17 21 18
37 26 35 26
26 12 25 12
6 33 4 33
1 30 1 32
31 10 32 10
26 3 25 3
38 34 39 34
33 38 34 38
32 3 31 3
25 3 24 3
26 12 24 12
23 20 23 23
33 34 34 34
7 6 7 4
35 37 35 35
1 23 1 21
23 22 23 21
39 8 38 9
17 32 15 31
36 1 35 1
22 26 21 26
20 11 19 11
13 27 13 28
22 17 21 17
3 31 3 30
34 8 33 8
37 12 36 12
29 25 30 25
20 28 19 27
37 39 35 39
17 13 15 13
33 11 34 11
20 34 19 34
1 13 1 14
21 12 22 12
19 38 20 38
17 9 16 9
20 31 19 32
3 9 3 8
1 32 1 30
39 8 38 9
33 6 34 4
27 4 27 5
10 36 9 35
21 12 22 12
34 38 33 38
7 15 7 14
15 28 17 27
9 12 12 12
10 3 9 3
23 5 23 6
13 21 13 22
14 37 14 35
38 38 39 38
12 12 10 12
31 39 32 39
10 26 8 26
16 14 15 15
38 2 39 2
17 21 16 22
11 1 9 1
8 29 9 29
38 34 39 34
32 3 31 3
15 8 17 9
38 11 39 11
33 38 34 38
19 34 20 34
23 21 23 23
31 1 32 1
16 31 17 30
37 12 36 12
34 20 33 22
24 24 26 24
6 39 5 39
23 9 23 8
4 37 4 35
22 19 21 16
21 16 22 16
37 39 35 39
22 7 21 7
34 27 33 28
25 39 24 39
22 3 21 3
33 5 34 4
19 13 19 14
1 22 1 23
32 10 31 10
25 7 26 7
31 29 32 29
24 29 25 29
32 39 31 39
25 16 24 17
4 3 6 3
31 33 32 33
23 15 23 14
30 23 30 20
12 12 8 12
17 9 15 9
20 25 19 25
6 24 4 24
3 6 3 4
36 10 35 10
33 11 34 11
28 36 28 35
3 4 3 5
33 14 33 13
21 37 21 35
18 19 18 17
38 28 39 27
34 2 33 2
21 3 22 3
20 15 20 13
15 20 15 22
27 23 27 22
13 14 13 15
27 31 27 30
16 34 15 34
3 22 3 20
32 29 31 29
15 31 15 32
9 12 10 12
1 6 1 5
27 27 27 28
7 15 7 14
21 12 22 12
1 4 1 5
13 30 13 32
23 13 23 15
21 24 22 24
20 25 19 25
9 24 12 24
21 37 21 36
37 1 36 1
8 3 12 3
27 9 27 8
30 28 30 27
35 12 37 12
27 15 27 14
16 2 15 2
30 27 29 27
14 36 14 35
2 17 2 19
35 17 35 16
8 29 9 29
17 6 17 4
3 4 3 6
15 30 16 30
13 31 13 30
20 4 20 6
27 8 27 9
19 28 20 28
13 15 13 13
38 30 38 32
23 14 23 13
37 17 36 17
20 6 19 4
37 1 36 1
30 38 29 38
36 37 35 35
22 24 21 24
37 18 35 18
15 25 17 25
34 4 34 5
39 8 38 8
10 3 8 3
16 27 16 28
15 14 16 14
35 33 36 33
7 4 7 6
21 7 22 7
20 21 20 23
2 18 2 19
10 36 11 36
12 24 8 24
31 24 32 24
36 16 35 18
37 12 36 12
37 29 36 29
25 7 24 7
31 7 32 7
10 39 11 39
34 27 33 28
23 22 23 21
29 11 30 11
32 33 31 33
15 38 16 38
4 1 6 1
16 15 16 14
32 29 31 29
29 6 29 5
10 3 12 3
25 10 26 10
27 31 27 32
15 27 16 27
33 6 33 4
21 37 21 36
3 22 3 23
5 12 6 12
30 8 29 9
3 23 3 20
36 12 35 12
38 8 39 8
25 3 26 3
25 12 24 12
9 26 12 26
39 6 38 6
32 1 31 1
25 24 24 24
8 10 11 10
22 7 21 7
39 6 38 5
37 24 36 24
24 35 24 36
33 28 33 27
30 22 29 21
33 34 34 34
12 26 9 26
34 38 33 38
33 11 34 11
19 34 20 34
7 9 7 8
13 4 13 6
16 2 17 2
22 33 21 33
36 3 37 3
32 39 31 39
4 16 5 16
8 19 10 16
27 15 27 14
24 26 25 26
26 33 24 33
29 28 30 27
29 23 29 21
18 35 18 37
17 38 16 38
22 7 21 7
12 12 11 12
6 26 5 26
26 10 25 10
38 38 39 38
7 28 7 27
30 38 29 38
3 4 3 6
7 6 7 5
39 15 38 13
7 14 7 15
25 35 26 37
20 11 19 11
38 6 39 4
16 2 15 2
13 32 13 30
7 31 7 32
24 1 26 1
24 24 26 24
3 23 3 20
39 27 38 28
32 26 31 26
18 18 18 16
20 20 20 21
16 27 16 28
9 36 8 35
35 24 37 24
36 39 35 39
30 27 29 27
18 37 18 35
25 35 25 36
39 6 38 4
35 39 37 39
15 2 16 2
29 9 30 9
32 10 31 10
27 28 27 27
15 2 17 2
20 28 19 28
29 34 30 34
15 28 17 28
24 1 25 1
37 35 35 35
21 29 22 29
5 29 6 29
39 25 38 25
38 23 39 20
18 35 18 36
33 11 34 11
25 10 26 10
30 25 29 25
30 6 30 4
25 10 26 10
31 39 32 39
39 2 38 2
16 5 16 6
33 38 34 38
36 29 35 29
14 16 14 18
24 16 26 17
35 39 36 39
34 14 33 13
35 26 36 26
32 26 31 26
36 7 35 7
23 14 23 13
7 22 7 23
39 22 39 20
29 9 29 8
7 13 7 15
12 1 11 1
32 19 32 17
16 25 17 25
37 26 35 26
12 12 11 12
1 9 1 8
30 9 29 8
27 28 27 27
19 21 20 20
25 35 25 37
33 15 33 14
21 26 22 26
13 13 13 14
33 25 34 25
25 3 24 3
22 36 21 37
22 29 21 29
19 23 19 21
19 27 20 27
24 26 25 26
24 1 25 1
24 35 25 35
12 1 9 1
11 29 12 29
32 3 31 3
1 8 1 9
9 24 10 24
31 26 32 26
13 27 13 28
29 22 29 20
10 39 12 39
2 36 2 35
38 31 39 32
27 31 27 30
9 17 10 19
21 29 22 29
39 4 39 6
10 33 9 33
4 16 5 16
8 39 12 39
20 34 19 34
20 30 20 31
9 12 8 12
38 34 39 34
38 31 38 32
34 8 33 8
18 18 18 17
11 37 8 35
19 25 20 25
2 17 2 19
19 22 20 21
7 9 7 8
6 12 4 12
39 5 38 4
30 5 29 4
28 19 28 17
33 14 33 15
26 37 25 37
10 7 11 7
13 32 13 30
8 18 11 17
30 23 29 22
30 38 29 38
4 12 6 12
21 24 22 24
34 22 33 22
32 29 31 29
3 4 3 5
33 21 33 23
30 5 29 6
25 36 24 35
21 16 22 19
24 37 25 37
30 13 30 14
36 26 37 26
16 6 15 5
34 34 33 34
1 30 1 32
33 34 34 34
33 8 33 9
39 14 38 14
12 1 11 1
6 19 6 17
22 29 21 29
35 39 37 39
15 9 15 8
1 6 1 4
13 27 13 28
32 24 31 24
22 1 21 1
7 21 7 23
16 27 16 28
31 26 32 26
37 7 35 7
31 26 32 26
32 37 31 37
1 20 1 22
39 38 38 38
15 25 16 25
26 19 26 17
31 1 32 1
22 35 22 36
27 28 27 27
22 26 21 26
9 33 11 33
21 1 22 1
38 2 39 2
13 23 13 20
37 3 35 3
31 39 32 39
38 38 39 38
10 35 12 35
7 4 7 6
19 20 20 21
13 21 13 20
1 15 1 14
34 38 33 38
24 33 26 33
33 32 34 31
26 29 25 29
39 6 38 4
1 9 1 8
10 39 9 39
4 17 6 16
25 26 26 26
19 9 20 9
15 11 17 11
10 12 11 12
10 24 9 24
37 26 36 26
37 29 35 29
36 36 35 37
16 32 15 31
14 17 14 18
32 26 31 26
11 7 10 7
36 7 35 7
24 12 25 12
1 27 1 28
35 1 36 1
7 28 7 27
35 1 37 1
4 24 5 24
13 20 13 23
23 30 23 32
19 38 20 38
19 27 20 28
33 9 34 9
36 12 35 12
18 35 18 37
38 23 38 22
5 17 6 17
18 16 18 17
30 32 29 32
26 39 24 39
7 32 7 30
31 3 32 3
19 13 19 15
26 33 25 33
7 8 7 9
20 15 20 13
21 39 22 39
31 37 32 36
27 9 27 8
10 26 11 26
17 9 16 9
17 34 15 34
23 8 23 9
19 27 19 28
32 26 31 26
30 31 29 31
11 26 12 26
32 7 31 7
8 26 12 26
8 18 11 18
7 6 7 5
31 26 32 26
13 6 13 5
23 32 23 31
27 6 27 4
17 4 15 6
26 33 24 33
22 3 21 3
35 10 37 10
1 14 1 13
32 3 31 3
17 14 15 14
4 24 6 24
24 37 26 35
16 23 15 23
13 22 13 23
38 2 39 2
7 14 7 15
14 17 14 19
24 39 26 39
31 24 32 24
29 32 29 30
29 21 30 20
23 30 23 31
36 39 37 39
4 29 5 29
3 30 3 32
29 23 30 23
21 3 22 3
31 16 31 18
36 29 30 31
18 26 17 22
15 34 2 29
37 37 18 19
3 28 21 16
8 36 39 38
22 7 39 32
13 14 35 29
8 37 23 20
19 11 11 17
8 18 22 24
19 21 25 1
26 33 29 20
17 25 7 20
36 37 32 36
6 17 24 10
5 35 5 19
1 9 23 23
7 25 26 19
26 39 23 28
17 22 13 14
32 12 9 24
9 39 34 5
21 10 19 9
15 20 36 1
33 4 19 8
14 7 31 29
34 15 32 16
35 33 4 24
30 9 20 30
8 36 31 10
1 21 30 6
26 18 7 5
2 3 2 16
4 29 7 8
24 24 27 28
35 29 28 3
38 30 18 33
8 39 27 31
17 6 5 3
31 39 34 25
3 9 27 4
18 39 23 34
34 31 14 17
1 30 25 17
2 24 7 20
1 6 1 28
15 13 28 29
35 33 24 1
23 21 17 27
28 33 39 25
28 17 9 24
25 7 5 10
31 1 32 19
20 15 13 21
8 36 35 18
30 15 19 30
34 2 25 24
3 23 22 24
9 29 21 33
24 18 17 5
6 7 17 34
23 6 17 27
6 33 33 27
14 36 7 23
37 24 13 32
18 39 22 36
36 16 38 32
22 35 1 22
34 21 8 24
29 32 36 35
14 16 3 21
38 38 18 19
8 19 28 7
15 38 36 37
27 4 12 26
37 33 18 12
15 23 11 19
21 24 29 38
17 8 26 1
19 23 38 32
20 4 10 3
26 7 32 16
4 29 36 35
31 1 7 31
5 29 10 24
27 32 6 17
23 4 7 27
23 34 3 11
23 34 33 34
31 16 38 23
21 19 13 20
20 31 36 1
2 35 12 36
9 12 26 3
24 37 5 35
15 14 34 28
10 19 38 11
4 3 7 30
33 4 17 20
34 25 27 23
4 3 23 34
12 37 15 27
1 8 34 23
17 22 22 12
13 21 1 25
36 37 33 23
18 26 19 11
7 30 24 3
35 36 35 33
6 18 17 13
18 36 3 21
19 11 7 9
37 3 34 30
38 2 17 13
20 8 13 28
4 10 1 2
27 23 5 7
27 20 2 18
28 37 38 21
13 11 20 21
1 14 34 13
17 8 15 25
38 22 27 5
16 28 36 35
26 1 5 33
29 8 36 35
16 5 13 4
21 39 1 23
36 39 35 17
11 26 9 10
38 34 39 27
21 12 14 29
4 18 34 9
14 17 30 30
33 22 1 6
20 34 29 38
2 35 14 29
33 11 30 25
1 25 5 16
39 22 23 2
30 27 5 18
2 35 26 35
27 20 28 3
10 35 27 27
29 5 16 15
14 3 24 24
23 21 25 36
17 32 33 38
33 8 29 28
30 28 5 3
18 17 31 35
35 26 17 4
31 18 6 17
8 37 33 5
30 5 38 38
38 13 39 32
30 8 18 33
37 35 1 30
3 4 19 11
20 23 36 3
25 39 15 30
21 7 34 8
24 33 5 24
2 39 36 26
17 14 17 11
5 12 28 37
16 13 7 21
16 15 34 28
6 3 10 29
6 36 21 19
29 25 36 3
25 35 24 19
25 33 36 24
22 16 13 21
6 12 11 26
23 28 12 29
28 19 38 34
4 17 33 4
6 10 21 16
8 1 13 6
28 16 37 24
31 29 29 23
37 33 12 24
24 36 13 14
29 9 23 20
8 19 15 20
37 18 9 3
34 28 34 2
15 28 38 13
18 18 26 16
13 5 20 4
30 5 3 28
17 28 39 6
29 34 15 22
20 14 2 12
15 13 35 12
13 13 39 30
37 7 15 32
11 37 30 30
22 35 3 30
34 22 22 29
7 25 10 29
27 23 27 32
7 38 29 11
5 7 12 19
10 35 36 1
33 32 20 14
23 32 19 23
12 19 38 9
26 37 11 18
6 3 29 20
13 5 29 34
22 36 17 13
12 16 39 32
36 33 18 19
4 12 21 3
16 6 16 22
39 5 20 25
23 11 38 30
34 28 32 37
11 17 39 22
21 26 22 24
15 30 9 18
10 24 39 32
33 14 4 1
36 16 5 16
37 7 19 28
3 14 12 10
5 37 16 4
7 38 18 19
8 1 11 10
20 13 23 25
16 32 20 2
36 39 33 15
38 2 5 33
37 26 3 13
5 3 19 15
18 33 7 27
4 3 23 22
32 17 19 31
1 28 11 26
19 9 38 15
7 14 18 29
12 37 38 2
26 26 11 12
16 8 17 38
7 11 32 36
17 27 27 5
34 5 31 29
22 37 24 16
7 15 39 25
19 15 16 38
27 27 27 5
27 21 30 9
19 15 30 30
27 32 18 33
14 3 33 34
5 29 34 13
21 10 5 10
22 36 20 30
17 9 27 2
19 14 3 38
2 12 39 9
8 33 15 11
21 26 14 37
21 10 26 19
13 20 31 12
7 11 2 37
39 32 39 38
9 39 2 17
36 16 2 7
7 22 19 13
3 20 6 19
4 3 38 15
12 1 22 26
32 29 32 36
15 30 29 15
17 8 3 6
8 24 29 30
3 11 39 13
16 32 39 28
1 34 5 10
31 37 31 33
29 5 8 36
34 9 12 18
20 6 2 18
21 26 23 28
21 36 31 33
10 36 13 11
20 34 23 5
15 9 36 29
33 15 7 13
14 36 19 21
29 34 2 16
7 27 23 30
29 15 8 1
33 28 38 23
2 37 29 23
38 2 1 6
20 25 21 7
12 19 5 10
16 28 26 39
15 11 36 29
3 30 31 26
37 24 15 9
15 8 18 18
11 18 26 24
39 11 39 30
25 12 20 5
39 38 8 37
26 29 33 6
36 39 26 37
23 28 13 14
19 21 27 30
35 19 10 37
27 20 23 30
19 8 23 34
27 5 28 37
13 20 5 12
20 2 1 2
28 19 34 13
31 35 4 12
31 1 35 37
5 37 14 10
36 26 14 24
3 21 31 18
20 2 24 24
16 28 1 15
30 20 3 6
3 5 14 24
32 19 19 28
14 39 37 37
22 35 23 21
7 4 9 17
16 15 28 36
13 9 26 19
29 15 26 26
33 21 5 33
22 10 22 37
23 14 24 18
10 35 1 4
31 24 15 5
29 31 38 34
28 37 30 38
22 10 30 28
11 19 36 19
3 9 33 22
6 29 26 39
34 27 9 26
33 4 10 16
4 37 23 25
36 18 27 20
9 10 6 36
3 15 15 14
34 21 22 26
37 24 11 18
13 13 4 3
30 8 23 6
11 33 16 23
30 21 20 4
34 4 5 16
1 30 15 9
24 16 38 4
17 20 11 1
36 10 18 18
25 17 2 18
3 14 15 13
30 21 12 18
4 7 11 29
21 19 17 6
19 32 26 33
10 7 18 19
9 18 1 9
37 39 25 12
10 26 9 24
8 29 28 37
9 16 17 25
8 17 19 9
8 35 22 12
19 34 24 24
8 1 16 11
22 24 35 16
11 16 25 33
13 28 38 21
7 5 14 7
20 22 28 3
27 8 34 8
19 13 8 7
38 32 24 39
1 20 11 18
27 9 2 35
11 33 9 3
5 33 10 3
6 37 30 23
5 36 36 29
5 24 23 20
15 6 31 18
20 30 9 12
2 26 36 33
31 1 10 12
35 35 23 32
27 25 39 27
8 24 16 15
34 22 1 9
1 28 11 12
25 36 27 20
25 17 4 17
19 4 26 33
6 16 17 4
21 7 14 16
15 27 23 13
12 26 7 9
15 8 5 26
18 24 34 30
19 32 27 14
5 10 6 18
19 30 27 28
27 9 34 6
12 10 34 27
5 7 13 31
34 14 19 22
14 12 14 24
2 1 21 7
29 15 16 32
36 7 22 33
33 14 34 31
1 11 12 35
34 27 16 23
15 38 14 1
5 18 25 3
36 26 19 20
19 6 34 28
24 33 21 36
36 29 1 28
39 8 7 5
29 14 33 28
21 33 2 7
19 32 11 35
16 2 29 8
21 12 5 7
9 29 29 32
24 26 2 12
29 23 33 21
17 38 35 29
16 6 29 34
38 25 6 26
35 39 19 5
1 2 35 37
16 21 18 24
32 10 5 26
35 18 2 24
5 37 21 35
10 24 14 12
20 4 13 25
37 7 30 8
30 30 29 28
28 1 16 38
7 6 15 22
36 18 14 29
2 35 29 4
13 2 22 37
9 33 29 2
19 8 16 30
12 19 33 4
15 4 25 26
11 17 13 27
12 24 24 29
27 6 37 18
35 16 26 35
1 30 7 4
6 18 20 27
34 11 11 37
21 26 28 29
25 10 16 32
39 13 22 36
18 10 8 24
27 32 27 20
33 30 14 35
29 14 22 3
12 16 1 20
36 3 16 23
9 10 20 15
7 23 8 24
8 35 7 11
10 24 33 32
31 33 7 15
18 35 23 28
30 4 21 18
3 8 6 1
6 3 11 35
21 12 38 6
32 1 14 12
3 22 29 5
35 10 6 17
34 4 15 13
27 20 10 17
11 33 31 36
20 22 30 34
25 16 5 12
20 34 5 3
25 35 14 10
22 36 18 7
29 34 3 25
25 3 15 8
31 10 38 38
5 7 27 20
37 16 33 13
24 16 7 14
3 32 35 39
10 35 1 8
17 30 1 2
18 18 35 39
17 13 29 31
15 15 13 38
34 32 18 17
23 14 15 31
2 37 19 13
10 10 21 35
38 38 33 31
3 2 21 26
10 1 11 17
1 2 9 16
34 2 27 2
35 10 3 20
5 35 23 8
38 34 27 11
16 4 5 35
1 25 2 37
11 17 26 35
19 13 4 36
5 29 36 33
8 37 29 23
31 35 34 4
11 7 22 26
5 3 8 29
36 36 3 21
39 13 22 29
27 38 4 7
35 16 5 17
38 23 15 25
16 38 31 17
14 19 32 33
3 34 24 19
39 23 21 17
4 24 32 29
31 33 6 37
38 32 35 19
30 31 20 31
17 20 7 21
29 6 14 29
15 20 16 28
1 15 39 21
39 34 19 23
36 37 20 20
13 9 4 29
2 39 33 32
34 20 4 10
24 10 23 21
21 12 17 2
35 17 16 25
24 36 36 39
29 34 14 12
14 24 18 10
37 10 17 28
28 19 2 37
5 33 9 39
34 31 1 14
22 10 7 9
11 18 17 2
20 9 30 9
36 17 19 15
28 36 38 30
27 38 21 36
28 29 12 39
3 30 6 37
16 22 20 4
35 16 6 24
4 12 36 18
9 16 36 35
22 10 21 37
12 35 17 6
5 17 22 19
7 27 19 22
15 20 24 18
1 31 23 25
32 1 29 31
17 27 30 11
33 8 13 15
30 5 6 17
14 37 34 28
15 30 3 25
16 21 5 29
34 38 22 39
14 10 31 17
19 9 13 13
14 18 38 13
10 18 16 11
34 13 16 9
34 27 38 23
21 18 18 33
1 6 27 6
17 20 38 31
34 38 6 37
4 7 9 26
30 28 19 32
10 36 37 1
4 1 2 26
26 7 8 1
33 32 9 35
34 21 35 10
21 7 24 37
33 4 37 19
9 17 14 7
37 35 35 18
38 28 8 29
26 10 2 12
16 21 15 31
16 25 25 12
24 36 34 31
19 6 29 34
14 17 37 19
5 29 24 7
23 20 4 36
17 13 8 16
10 29 39 5
25 36 6 26
28 26 39 4
21 35 24 19
18 10 19 38
13 9 8 12
37 39 17 28
33 13 30 38
13 14 3 23
36 18 1 25
19 15 39 14
30 8 13 34
8 17 3 14
14 36 12 36
25 7 39 28
33 23 24 26
10 7 29 6
6 29 15 2
11 10 39 22
34 14 14 17
22 39 16 6
29 2 29 13
6 17 22 37
10 12 10 19
39 25 39 14
21 1 6 39
17 8 39 9
39 34 19 23
2 39 4 37
19 38 21 17
25 26 37 18
1 31 34 32
38 9 25 18
10 35 12 17
34 22 24 17
3 13 3 31
25 1 32 12
5 26 24 1
10 35 17 28
9 1 26 12
38 31 36 24
11 37 34 2
2 19 28 1
24 12 19 8
14 1 14 33
14 12 17 5
13 5 31 12
4 10 20 15
13 32 20 30
26 1 31 33
24 17 14 3
31 18 16 30
15 2 20 13
19 38 36 36
28 19 34 27
2 24 2 26
23 30 31 17
3 30 24 26
19 15 18 36
15 30 32 29
30 21 1 8
34 23 23 20
31 1 36 35
34 23 36 12
29 4 14 33
23 28 26 7
34 21 22 35
12 29 35 24
28 18 15 5
31 33 6 33
21 33 27 9
1 30 7 34
16 5 1 23
15 15 23 15
13 5 32 7
14 35 20 4
36 37 6 19
33 14 14 19
34 30 21 36
19 34 4 24
34 9 33 25
9 39 36 17
6 36 12 17
3 25 7 4
28 18 32 12
10 10 28 24
19 2 32 36
15 30 2 24
1 34 3 9
27 31 29 21
8 7 20 21
37 12 13 21
27 2 13 2
30 2 5 1
31 18 4 36
28 18 36 1
14 19 25 16
15 22 31 39
27 11 1 2
23 9 9 18
7 27 13 5
24 39 27 30
27 31 34 2
13 2 5 39
39 27 30 21
23 6 6 29
35 26 24 29
3 9 6 17
26 37 32 18
4 7 16 2
35 7 5 10
6 10 4 24
37 18 10 16
2 24 26 33
15 20 28 19
22 29 35 26
9 39 23 30
11 39 21 37
4 24 35 37
30 9 7 34
33 30 38 28
18 10 32 18
1 20 31 39
20 22 32 16
19 25 18 35
35 12 30 4
20 30 12 7
16 4 26 18
27 13 36 18
3 15 30 21
27 6 17 28
23 4 3 9
20 13 20 8
26 24 28 17
27 22 13 22
7 28 38 31
34 25 13 13
27 14 30 23
2 7 38 4
11 3 15 27
13 20 35 16
17 22 29 21
23 13 33 9
8 35 10 12
29 28 34 32
33 25 8 39
30 34 5 19
1 30 4 17
21 29 15 25
3 2 18 18
16 8 17 25
38 23 7 8
28 10 25 26
39 4 30 30
29 14 18 19
37 18 17 28
1 21 26 36
19 28 6 19
29 4 14 33
29 22 15 13
1 31 38 20
33 28 11 35
35 1 37 33
1 28 25 3
15 15 3 5
15 5 28 10
23 30 16 22
21 35 29 27
24 18 24 24
11 35 16 22
1 32 32 26
36 26 30 28
25 3 27 28
25 10 2 36
6 35 24 36
25 36 3 27
32 12 9 37
8 17 32 10
7 9 7 34
9 36 2 39
7 38 7 14
35 3 7 25
11 3 26 26
22 12 24 36
14 16 39 13
30 32 29 14
20 5 3 15
4 35 35 18
18 18 7 2
19 5 4 24
19 6 10 17
35 1 31 19
24 18 19 32
21 35 13 14
38 14 5 17
11 24 14 24
13 14 32 19
17 28 18 24
35 29 38 8
6 3 6 19
17 15 29 5
25 16 20 31
25 12 3 4
19 25 21 36
3 23 4 10
26 35 15 21
34 13 16 15
22 36 17 4
22 29 36 24
37 39 1 9
27 27 14 17
26 16 7 28
7 27 31 12
29 23 1 6
6 39 33 22
6 3 13 27
17 30 20 5
9 19 15 38
20 30 32 16
32 36 27 23
12 10 23 34
21 1 1 34
29 34 23 34
8 36 16 20
34 5 24 10
34 20 19 30
4 33 6 18
30 31 1 20
37 26 38 38
19 5 23 20
16 14 34 34
1 15 3 30
29 8 33 5
17 15 11 3
20 21 2 10
39 34 16 9
32 24 25 39
32 36 4 36
2 12 7 13
8 19 16 22
25 36 1 8
25 24 29 28
28 29 19 30
35 39 3 4
7 20 27 38
21 17 37 7
15 13 17 11
16 34 34 22
2 35 39 13
27 28 20 11
20 32 29 38
31 37 19 5
5 17 29 15
31 37 37 7
7 13 7 28
11 17 14 26
8 10 35 19
19 9 18 18
10 29 33 21
34 4 27 6
2 1 20 38
30 2 34 34
32 16 13 34
30 38 8 3
12 33 38 8
15 4 35 26
13 5 9 33
10 33 1 28
34 4 16 23
17 27 27 28
34 30 30 2
21 37 9 1
1 34 24 7
38 32 13 30
1 15 37 17
5 24 13 32
37 3 28 39
31 18 17 38
13 38 1 5
29 9 33 5
26 18 11 29
36 36 14 19
4 33 39 15
21 17 19 32
9 29 18 37
1 23 38 8
29 21 32 3
26 33 19 21
17 4 15 38
1 25 10 26
6 18 17 23
1 23 34 6
23 32 4 29
34 15 8 36
7 23 10 37
25 36 38 20
10 29 37 1
6 12 33 28
2 19 35 19
9 37 32 36
38 28 11 18
8 35 1 34
13 20 36 17
29 11 1 38
32 16 30 13
1 30 3 15
3 23 30 28
18 1 20 4
22 12 9 29
29 34 24 16
1 15 11 26
3 23 14 7
24 33 9 26
20 15 5 26
33 6 30 5
4 1 22 33
7 4 37 36
22 7 38 11
8 17 37 29
17 34 23 27
26 35 15 32
3 20 16 13
10 18 23 21
11 39 39 27
37 35 28 36
20 22 28 1
1 30 3 20
25 37 9 37
4 12 4 16
1 8 34 15
7 27 29 9
29 20 21 29
14 24 6 26
18 1 17 34
8 19 24 26
14 3 38 14
30 28 7 31
33 8 37 17
38 6 16 6
1 27 20 20
9 1 4 17
38 27 21 26
28 37 10 1
4 10 15 28
36 39 3 21
31 26 31 1
28 37 31 29
23 2 24 19
33 30 11 7
29 13 27 9
32 17 31 12
32 33 16 21
12 7 4 17
16 27 9 12
14 35 35 19
30 25 36 24
13 31 28 35
20 27 20 22
9 29 20 6
10 29 11 1
9 39 39 23
2 12 34 13
3 28 32 17
39 21 30 28
4 17 29 9
8 33 34 31
20 4 11 26
28 3 19 14
39 11 22 37
16 5 30 4
12 19 15 21
27 13 37 26
11 39 14 26
12 3 9 16
27 6 35 35
14 7 28 35
23 38 24 1
16 6 13 31
25 3 30 4
27 34 28 35
8 16 17 38
19 4 29 14
33 21 37 16
29 4 6 35
7 34 36 39
1 27 35 33
29 23 19 4
16 27 14 1
36 1 16 8
31 35 11 12
34 30 27 38
29 20 30 38
27 20 9 3
33 9 38 11
33 14 27 5
4 12 18 37
31 18 32 36
24 33 38 11
16 13 7 21
23 20 36 29
37 35 20 6
30 5 26 36
34 13 37 16
3 14 36 19
37 1 27 38
6 37 2 19
12 24 18 12
17 28 8 10
22 39 29 13
6 24 6 33
4 3 17 22
12 37 37 36
18 33 26 29
17 11 2 16
10 26 18 29
38 25 3 13
32 29 16 5
22 26 26 7
11 17 9 35
20 28 39 6
15 15 32 26
28 3 18 19
24 7 34 34
24 35 17 2
7 4 17 32
3 30 12 19
39 11 22 39
22 18 21 7
15 14 17 31
10 19 35 12
19 38 27 15
39 14 29 5
20 23 27 34
3 11 32 12
23 21 17 31
39 32 13 13
30 11 28 35
18 36 16 2
18 18 20 11
30 15 34 9
15 13 31 36
34 4 35 19
29 32 26 18
37 18 25 33
28 37 35 39
27 32 33 9
33 38 39 4
32 35 27 34
37 16 19 28
38 13 23 27
23 30 27 32
31 19 2 36
34 22 9 19
22 17 37 39
1 30 33 28
2 39 16 31
7 20 29 15
1 9 26 19
31 1 23 25
14 19 30 2
16 13 32 26
39 28 18 36
11 24 1 5
21 10 28 36
33 25 28 35
28 36 35 36
23 2 23 22
8 39 1 8
26 12 38 21
17 5 29 4
11 17 30 25
31 16 22 37
1 13 24 36
32 39 38 32
32 18 20 11
9 3 37 39
18 7 10 24
36 10 34 21
37 37 1 34
6 24 19 20
16 27 15 38
32 16 34 21
12 36 16 8
37 16 14 26
18 39 6 16
13 13 10 33
34 5 30 4
18 36 27 14
3 11 33 21
30 5 20 9
25 26 33 28
27 13 7 15
11 39 37 1
4 24 7 23
29 21 7 20
2 16 13 28
6 17 14 35
17 9 9 26
35 35 36 18
18 29 10 36
39 15 1 38
30 38 19 5
34 38 29 9
24 10 6 29
38 20 19 38
29 23 17 38
39 4 30 20
35 24 31 1
4 33 28 29
16 23 29 28
8 1 29 4
2 33 32 39
1 14 34 34
37 3 38 22
17 38 27 22
18 7 39 14
3 23 37 16
18 1 39 15
36 29 16 32
35 19 17 15
38 4 39 13
26 33 35 35
36 12 4 17
16 27 4 19
30 31 1 34
15 11 36 24
27 32 27 28
5 19 6 37
29 38 18 26
7 14 30 32
11 12 30 2
21 12 28 33
24 16 30 8
17 2 35 35
29 14 39 8
11 39 39 22
5 33 24 16
39 22 1 2
20 32 33 13
26 29 10 24
35 1 3 38
25 17 30 2
12 3 16 25
17 11 24 39
5 26 38 28
15 28 38 28
9 18 9 7
11 37 4 17
5 24 11 1
28 17 16 8
2 1 15 15
39 2 25 16
20 34 29 25
31 18 33 30
17 13 19 31
36 16 30 20
39 13 29 34
10 12 17 5
5 24 26 10
28 35 30 15
18 12 28 18
4 39 19 4
12 29 33 31
30 2 34 31
9 36 26 16
14 7 34 23
4 19 26 1
23 14 16 8
16 2 3 23
29 34 32 33
9 26 31 17
15 15 21 7
4 17 30 34
16 20 16 5
1 13 3 13
12 37 37 36
13 23 7 31
25 19 2 7
24 37 24 19
18 10 23 15
34 5 6 17
36 12 23 14
15 5 3 11
33 34 32 17
16 21 2 35
9 39 37 1
19 21 38 5
24 39 23 34
15 28 1 2
15 8 18 24
8 37 4 36
34 4 23 5
13 14 7 23
18 26 26 7
5 36 17 5
31 33 35 36
15 4 12 17
28 36 4 19
37 7 21 35
36 37 38 6
8 18 20 34
27 8 16 27
22 36 39 2
36 26 13 31
31 18 16 28
9 39 38 27
37 33 29 20
32 33 28 26
14 10 18 19
17 34 25 37
5 10 4 33
10 17 14 18
10 17 15 21
14 3 30 27
29 38 2 12
39 2 17 8
17 27 4 33
2 39 25 29
37 3 8 26
10 3 5 37
18 3 31 19
5 35 2 16
23 11 18 19
27 32 24 17
3 21 19 21
19 5 5 29
28 39 29 8
12 3 17 30
1 14 15 22
8 7 34 25
16 6 31 35
16 27 17 22
18 19 30 15
14 36 4 37
5 17 8 16
20 14 30 5
36 36 5 1
20 30 20 27
29 31 32 7
4 26 17 8
34 21 23 13
37 24 12 26
37 1 37 33
27 4 12 26
4 18 39 30
19 9 38 13
36 17 25 36
38 22 19 38
24 18 13 5
12 26 15 15
33 23 5 17
20 34 18 33
27 21 32 33
13 30 33 13
33 20 1 15
4 26 12 29
14 12 26 39
35 3 34 22
23 32 37 12
30 5 8 18
3 8 8 36
10 16 23 5
21 37 18 39
16 21 28 37
25 35 27 4
21 33 19 11
9 19 36 35
7 25 21 18
1 28 7 28
22 18 5 35
10 37 30 11
37 18 30 34
15 15 7 22
7 21 1 13
39 34 2 1
10 39 19 11
34 31 2 26
3 23 9 37
26 24 6 10
27 32 16 8
27 38 3 23
2 29 34 22
23 21 9 33
1 9 21 12
4 12 36 33
39 2 13 5
31 12 39 15
11 1 39 2
15 14 4 16
10 3 3 38
2 3 30 5
27 25 7 32
29 2 28 12
13 14 39 20
17 11 18 36
39 27 9 17
14 37 24 24
1 38 35 3
23 9 16 14
23 14 2 19
14 37 18 18
39 13 26 39
20 22 17 30
35 29 15 21
1 38 12 39
15 30 4 36
30 8 33 9
26 3 12 19
10 1 13 14
14 16 20 8
6 16 35 17
6 16 16 23
19 15 28 10
7 6 1 8
30 27 18 37
13 28 27 27
8 29 1 34
3 9 12 26
13 21 26 36
15 27 12 12
2 26 1 6
26 36 4 16
18 12 26 16
9 7 19 13
3 13 36 10
38 9 13 14
37 12 23 25
33 6 1 9
39 4 4 39
24 36 27 27
4 18 14 37
25 10 38 30
32 18 37 10
38 28 19 32
28 17 20 13
15 34 28 33
10 10 39 14
39 31 34 21
15 9 2 35
1 28 11 10
35 7 9 16
16 21 30 34
5 1 7 31
31 18 16 15
24 12 12 29
34 14 27 4
19 6 34 8
17 6 20 34
37 18 34 30
29 31 21 1
21 1 17 2
33 8 6 16
19 8 4 33
13 5 36 39
26 36 34 31
32 19 8 3
38 13 13 30
8 35 14 37
34 34 22 18
21 1 18 7
29 11 38 6
6 24 10 36
16 15 26 29
39 28 13 6
20 6 19 13
25 37 6 35
34 4 26 16
4 1 27 8
20 4 17 2
34 31 5 3
19 22 6 36
35 12 24 12
39 38 30 2
12 10 25 29
23 34 6 3
5 29 37 26
26 33 4 17
39 28 39 9
8 37 6 7
11 1 39 11
20 8 11 1
20 5 19 22
18 24 12 24
30 9 21 1
16 31 31 33
3 31 36 18
29 38 21 37
1 14 20 5
4 18 30 27
28 19 34 32
5 29 20 4
3 30 19 20
33 5 23 14
35 16 3 28
31 10 19 30
10 1 29 9
39 11 20 14
39 20 17 5
35 29 36 7
35 1 11 7
33 2 9 35
1 9 11 33
29 11 11 10
10 17 17 27
9 7 16 31
23 32 14 36
29 15 36 17
12 12 9 35
37 19 37 36
26 37 30 34
14 19 38 22
38 31 36 1
8 29 32 29
30 38 18 7
3 23 26 24
15 23 12 33
38 23 38 2
36 37 4 35
17 5 31 29
21 12 20 32
35 3 7 32
17 34 23 21
31 10 28 36
4 18 26 16
34 14 27 2
22 36 3 15
34 23 19 22
37 7 25 16
20 31 25 29
36 37 23 15
19 25 12 35
33 34 39 27
4 29 21 39
37 18 7 9
20 15 19 27
35 17 30 4
21 7 19 34
16 4 25 17
31 24 1 13
5 39 36 7
17 25 25 19
11 7 38 28
17 38 19 11
21 37 33 9
39 30 26 37
7 5 22 33
36 3 39 4
35 26 14 29
35 26 32 37
23 23 10 36
17 28 26 29
1 15 28 39
36 10 9 1
16 8 26 33
11 3 24 37
8 36 4 35
39 32 30 31
4 29 5 10
26 7 23 5
31 39 27 14
8 1 6 3
39 30 17 20
15 11 35 33
33 6 30 34
15 8 34 25
10 17 3 13
7 15 28 17
23 2 19 4
19 21 31 26
39 13 13 30
16 11 16 38
4 29 30 34
34 9 38 5
39 31 32 7
39 38 14 26
36 36 9 18
20 4 27 2
34 8 34 14
18 12 33 11
29 23 1 13
