801
126 216
319 427
215 278
105 205
56 764
213 372
114 361
398 714
116 463
10 336
260 543
140 681
533 624
247 758
414 569
165 531
14 326
430 478
291 488
669 722
432 490
682 795
93 576
406 469
198 312
112 763
75 358
298 340
381 386
145 601
122 463
58 597
289 463
523 693
463 707
463 692
188 381
53 588
206 373
463 641
447 798
538 777
409 596
196 217
166 506
305 688
59 157
120 621
528 712
13 453
486 686
151 458
35 352
194 463
417 702
31 739
247 523
258 472
560 639
455 701
307 463
90 484
600 606
54 724
460 579
39 463
258 408
463 559
256 604
178 284
512 634
676 706
115 774
320 560
119 592
11 100
74 463
62 740
385 463
341 351
58 463
142 629
286 495
246 799
592 708
303 535
555 713
290 736
315 649
609 729
171 239
193 237
419 718
147 167
109 515
595 796
525 650
360 772
532 658
300 503
84 270
83 569
343 575
156 463
113 715
136 141
429 673
98 693
87 640
38 526
54 264
384 694
517 762
434 463
332 351
441 571
67 749
492 627
218 502
241 329
418 704
78 368
667 684
447 549
400 463
232 612
426 451
112 463
467 535
558 635
205 297
322 463
187 452
697 796
462 537
150 461
254 359
265 388
172 632
183 591
379 522
430 442
220 667
104 449
3 127
244 710
316 626
463 588
761 801
17 153
168 516
463 541
154 692
61 721
11 559
738 785
106 551
103 457
529 602
546 652
53 537
6 463
377 696
271 760
123 364
251 449
249 463
548 663
313 792
366 615
65 723
106 180
28 422
255 755
463 652
529 698
408 520
166 344
45 794
341 669
407 463
417 671
629 717
63 579
319 413
358 376
104 194
110 128
691 775
463 740
463 643
390 773
103 225
324 617
463 638
265 598
412 572
150 234
336 707
179 322
41 546
71 146
2 692
70 463
61 463
117 245
26 189
252 540
286 463
122 542
443 568
666 773
268 650
61 107
101 580
163 590
309 676
267 752
174 474
208 436
240 344
18 40
678 710
463 715
293 450
224 634
480 607
203 637
463 558
89 463
144 707
463 609
472 672
382 480
130 143
192 507
244 282
463 722
211 440
115 264
314 718
198 379
301 596
170 545
625 747
463 677
425 463
371 463
47 266
347 357
22 621
190 687
582 776
15 731
277 755
236 463
30 652
338 716
227 304
249 784
463 524
222 526
292 461
322 465
270 323
173 666
496 603
32 401
45 713
209 445
318 552
463 531
79 259
518 732
386 581
623 779
129 400
82 200
463 496
362 787
543 788
28 59
40 608
335 390
171 242
160 207
108 550
463 768
216 393
222 388
124 459
302 376
466 751
286 348
180 728
577 733
463 689
394 754
141 182
463 661
76 262
48 611
380 420
123 700
463 703
355 633
97 610
510 737
214 463
228 683
140 463
197 315
214 245
271 428
60 471
124 438
95 416
300 470
201 743
235 541
618 688
296 501
494 786
7 778
365 570
39 218
195 635
395 766
126 217
167 565
507 724
201 689
134 236
295 424
43 738
544 664
177 308
77 651
55 544
679 720
262 482
29 673
511 578
78 493
21 227
261 491
124 463
572 727
409 647
176 463
573 772
57 498
68 125
556 640
263 791
463 799
524 759
30 683
293 483
139 574
717 781
497 525
132 597
396 589
41 356
659 798
4 677
463 476
10 630
186 742
426 512
158 253
19 219
175 202
648 656
161 173
2 139
443 463
436 584
303 554
371 441
131 433
190 211
450 752
521 744
306 638
595 651
389 445
287 566
147 237
384 469
36 555
203 334
290 681
279 463
236 301
405 495
463 688
339 553
86 204
361 558
137 485
75 600
392 466
346 715
279 321
661 723
340 547
463 766
324 463
162 431
749 793
128 690
375 682
74 347
72 330
134 350
334 613
235 513
85 443
178 311
463 788
487 527
476 567
194 539
414 553
111 226
454 735
116 780
189 342
435 700
287 620
102 709
9 479
455 674
26 463
602 770
459 485
185 427
184 501
743 785
260 699
43 498
33 370
157 404
486 675
364 439
133 432
48 616
562 769
223 463
292 320
664 668
463 646
156 672
330 515
562 567
70 349
199 753
146 677
658 711
282 578
343 609
50 118
40 463
533 768
353 721
493 564
166 463
463 607
164 328
628 709
415 720
285 748
108 801
229 599
276 305
563 615
221 463
72 256
161 394
463 748
398 463
510 605
197 405
476 554
273 768
249 261
272 577
12 274
148 314
404 612
204 373
314 463
331 583
307 644
307 800
548 642
228 437
610 783
170 499
8 522
573 643
138 215
85 311
221 530
20 288
519 599
383 452
246 570
149 276
4 121
23 765
278 458
135 778
251 259
411 571
140 623
143 439
34 349
604 619
434 747
527 557
463 577
401 517
99 225
339 541
787 793
142 703
183 496
129 212
66 176
114 620
289 387
504 564
316 337
55 524
15 504
196 463
391 552
593 694
446 662
138 766
67 425
92 241
16 158
506 514
475 628
646 674
160 448
397 750
135 220
366 660
112 440
463 667
125 680
324 771
14 593
132 671
299 711
73 549
463 576
34 333
605 797
614 701
136 703
728 757
46 686
503 542
179 399
253 285
359 389
210 240
479 757
369 744
151 243
463 666
589 632
152 653
670 756
422 463
162 463
6 56
419 631
109 641
233 580
481 741
456 732
233 761
266 791
442 748
52 470
463 525
94 690
460 463
380 511
181 362
453 563
88 499
9 91
371 685
38 594
367 705
345 463
288 508
1 745
468 488
463 790
410 661
436 463
699 770
177 777
391 392
192 463
531 737
540 783
238 275
329 646
63 464
345 471
116 706
13 576
463 720
24 627
22 369
176 606
514 742
416 668
420 463
295 733
152 684
657 708
250 284
155 421
431 613
520 587
357 765
51 406
106 463
464 581
239 679
363 636
425 789
448 764
474 702
491 601
354 727
402 647
39 586
477 590
99 118
37 393
27 473
463 725
25 196
412 729
463 534
630 670
50 62
248 382
318 638
444 725
463 621
348 622
463 598
78 463
69 481
337 767
37 257
325 598
224 534
316 463
6 712
532 799
88 463
162 561
234 790
23 500
418 582
79 80
230 561
272 695
308 645
463 801
193 208
221 375
294 696
377 586
3 636
12 122
413 654
516 775
438 508
298 332
163 800
206 545
120 745
463 523
49 317
87 223
68 530
611 750
387 536
42 422
169 760
27 714
110 556
117 659
169 767
378 739
185 665
519 618
296 746
192 489
327 608
81 368
269 505
518 642
98 468
585 645
502 782
19 187
304 786
155 433
685 726
333 363
64 779
96 780
648 784
536 616
403 434
242 655
385 734
184 473
423 550
331 385
60 219
17 24
283 756
105 121
156 730
32 475
111 500
410 691
463 483
310 705
29 159
35 411
463 732
231 736
367 463
446 603
654 753
202 591
269 725
130 407
279 538
310 378
212 492
424 716
49 360
44 463
47 353
97 374
250 281
367 735
131 403
100 254
275 456
309 372
280 465
327 396
32 463
248 719
463 654
200 534
323 624
36 484
84 509
255 574
494 771
631 741
191 374
312 342
583 657
505 704
46 588
5 415
429 497
76 607
113 697
313 763
633 797
164 477
33 643
44 794
267 487
89 191
51 463
133 399
