3704
1194 3447
2686 3168
2419 2694
12 738
15 1183
1286 1408
553 964
1227 2220
749 2649
63 1948
953 2539
1709 2760
298 638
1124 3400
2780 3070
1622 3071
511 2244
447 3153
1113 1425
105 791
1976 2454
2861 2971
1282 3397
859 2080
2340 3668
1361 3118
416 3672
364 3166
246 2083
1555 3405
1160 3480
1026 1307
717 1248
1414 2462
1145 2287
2910 3045
700 2151
197 3637
589 1127
997 3637
2042 2252
446 1899
689 2374
1949 2087
1266 3336
1581 3061
1407 2438
1803 3003
987 2610
780 1328
1205 1320
975 3623
557 3381
196 1201
3506 3589
60 2290
1189 3558
913 2775
2744 3689
3329 3455
748 1201
142 1581
14 2254
1934 3192
2484 2486
501 682
291 3136
1708 1903
2859 3441
821 1575
1022 2526
552 3373
28 1440
421 2085
533 3576
375 2687
26 200
2559 3524
1613 3128
710 3214
706 2085
926 1678
380 593
1694 3531
3439 3680
2289 3530
506 2375
2350 2822
1483 3581
958 1384
1075 2655
1544 1995
1176 3496
1646 2774
217 3173
517 1419
514 2927
1993 3318
194 2442
1847 3552
909 2679
3246 3353
2147 2209
419 2365
282 1627
2272 2687
1696 1902
229 1082
2260 3290
2208 2489
517 2439
1489 2224
1172 1784
1187 3658
1358 3299
494 974
349 2849
1402 1430
1675 2730
70 3664
3011 3065
382 2007
1335 2876
1222 2566
905 3641
1090 2796
1536 1934
1008 1130
541 2126
146 3065
946 1702
1661 3322
2128 2828
1167 3250
48 1622
1051 2160
2834 3592
1269 2167
222 3218
64 2969
816 2483
882 1956
803 1863
2376 2637
617 2959
2394 3533
234 2560
1572 3272
820 1040
296 3010
1476 3111
1580 2075
2589 3625
1187 1275
1985 2705
32 3401
290 3126
875 2746
941 2034
2585 3684
344 2995
1441 3229
930 2121
1645 2902
2081 3197
2517 2591
1087 2418
2413 2675
796 1584
1366 2913
2679 3380
2091 2822
461 2256
2310 2886
1196 3083
218 2711
761 2155
1973 2122
560 2640
1252 1589
686 1321
593 1424
1935 3180
193 2935
1069 1762
1326 2846
1793 3671
444 1998
1424 2252
448 809
482 1653
28 2333
1298 2870
1467 3301
750 1663
726 3066
3372 3604
1473 3203
3175 3549
1596 3573
558 1781
1610 3530
1706 3077
167 2284
163 2222
892 3362
1283 2449
55 2531
1877 2040
122 766
2459 2763
2499 3003
1730 1911
758 2084
1965 2285
2896 3698
429 2510
782 2816
1524 1833
554 3035
310 2342
304 2381
2869 3337
686 3204
526 1783
2445 2866
653 2171
2737 3032
1261 1461
1397 3615
2722 3181
1242 1673
894 1021
131 1151
368 1522
648 1012
490 2617
2890 3413
1803 3057
422 3049
985 1392
2619 3022
674 2476
1270 3290
215 1943
759 3362
1421 2889
475 1825
1813 2826
2370 2979
1554 1604
2116 2481
1211 3198
1811 2318
418 3351
477 2629
525 688
132 1473
234 1664
133 1605
133 2743
1313 1318
1116 2032
100 1127
153 2934
1103 1541
486 2573
422 1146
767 3691
1787 2432
1397 2790
1632 3108
1929 3582
2360 2914
2535 2918
671 2204
1840 1883
533 709
1931 2527
487 3153
1711 2842
565 3143
288 2860
1179 1893
3353 3481
503 904
305 2080
733 1223
935 2105
2021 2119
2593 3465
2926 3066
1475 2252
73 2124
3138 3422
1951 3175
3381 3692
1824 3173
338 996
758 3437
1874 2257
661 2952
537 3431
2494 2687
2646 2831
1850 3352
273 1683
999 2383
386 602
390 1593
804 3326
3034 3104
831 2293
579 3322
332 1559
148 3658
1383 3079
713 1301
1756 3473
401 3249
254 1253
966 2183
1716 3617
1666 1879
2735 3308
303 2180
697 1811
435 3537
1673 2111
467 2972
1969 3068
12 818
2314 2968
3174 3604
1560 3133
584 2760
1397 2238
1412 2141
1892 2862
235 2585
724 2986
2519 2861
1094 3603
1657 3073
1934 3589
3240 3258
677 2216
552 633
300 655
432 3640
1532 2470
772 3248
492 2981
2844 3131
483 2809
1146 1807
1136 3094
2252 3064
1885 1988
127 3529
1388 2445
1721 3344
1706 2020
2339 2395
129 3513
156 2307
2522 3663
176 2338
2589 2708
1047 1447
1290 2408
139 1186
1105 1979
1268 2488
1314 3339
1359 1518
1910 1947
200 740
372 3231
3007 3679
298 1890
1101 3294
2908 3575
1418 2875
1508 3408
964 2691
2778 3369
901 2957
1003 3453
1273 3585
3509 3623
912 1883
42 1199
739 1749
710 3271
1747 2412
198 2411
169 2233
782 3650
2714 3686
692 3622
1688 2790
706 2693
1884 2810
1045 2136
2024 3574
470 3490
5 152
638 942
1691 2681
460 1704
2746 3292
2234 3166
1002 1958
2945 3111
825 2921
2034 3621
433 3393
348 570
987 2388
2162 2688
115 2510
138 1070
1171 2011
2199 2380
1242 3195
2109 3555
523 2669
2145 2956
2633 2867
561 3692
1563 2999
1034 3563
2750 3197
827 1014
310 1062
2404 2843
544 1535
173 1637
2583 3132
1166 1177
1066 2166
1295 1861
765 2570
3284 3430
325 2056
1643 2933
2140 2215
2349 3425
1242 1649
1369 2534
1709 2965
56 2029
310 2477
2855 3343
1999 2709
1087 3264
389 1565
1428 2826
1096 1305
732 2948
958 3272
2295 2378
11 3475
685 1460
743 1255
1914 2003
259 1125
2845 2921
403 1286
114 988
2212 3134
698 3054
3348 3444
259 1764
57 842
2059 3317
274 577
55 2217
707 1056
1852 2823
481 2425
1356 2409
326 3286
387 2316
1767 2666
2085 3224
2370 3304
915 3102
1484 2134
1521 1969
557 878
1513 1932
862 1855
2505 3272
706 3661
888 905
1914 1968
1048 2944
1963 3675
647 1513
190 1757
3341 3660
1834 2648
76 3562
929 2619
492 3563
819 2438
1334 2003
714 1376
735 3290
1011 3544
457 3319
3303 3509
643 3589
1078 3287
463 1242
1463 1895
2063 2411
519 567
631 1370
690 2665
978 1258
2897 3208
1940 2078
488 3199
1362 3351
1612 2958
551 3276
630 3286
1600 3649
889 2994
1091 3528
1082 3516
103 2978
1317 3450
2271 3495
1728 2050
934 2859
14 3482
1940 2607
1005 2147
1574 2999
2398 2544
1189 2050
299 1332
3346 3439
501 549
2212 2737
1490 3383
460 1512
800 1396
487 1533
1117 2641
232 2280
296 823
3112 3400
417 899
1007 2751
57 2664
350 2412
1544 2315
1291 2439
109 1361
1615 2800
2775 2940
305 1432
660 1840
1378 3497
350 2583
928 2592
1526 1931
730 869
572 685
1785 2008
703 2326
2580 2766
1276 2414
1570 3036
1667 1905
1757 2485
1347 3667
420 2657
646 877
442 466
55 1045
1433 2662
362 3604
1602 2714
710 3114
869 2534
1871 2145
361 2147
455 1980
1382 3468
1336 2253
2012 3478
2251 3166
1434 2625
619 1037
371 489
1893 2711
1247 3572
2257 3005
2314 2813
2176 2758
1390 2090
2437 3044
1609 1950
130 1230
439 2366
601 2599
1117 3036
857 3200
2450 3080
851 1783
2645 2940
1655 3360
837 1561
1053 1622
1534 1866
87 465
2019 2947
1377 1550
29 2808
1915 3626
319 2575
1400 3591
426 3328
743 1192
1070 3665
32 2810
605 974
1961 1992
262 2436
687 2638
1943 3703
813 3607
1024 2059
1264 2531
842 1739
1356 3550
126 2440
344 2183
132 1960
2506 3268
616 1652
77 1501
462 2854
1001 3163
838 2217
191 1997
570 2835
581 1024
496 1527
1239 1244
338 1580
133 2245
458 1238
1720 2401
1472 2570
2065 3281
2995 3288
103 817
406 1613
377 3659
2336 3596
1090 1707
482 2846
2202 3189
901 1550
1243 2783
157 2048
350 3670
2353 3107
44 2940
915 2798
623 3441
99 1072
1384 1612
903 2117
41 2937
909 3269
2212 3539
1949 2385
1675 2248
1512 2965
2234 2606
340 1016
84 2672
1031 1818
1705 2038
509 1124
860 3526
1605 2850
294 1331
464 3034
1180 2120
376 1446
1718 2925
1384 3106
2598 3575
12 2983
1333 1871
990 2598
2857 2890
38 1787
57 2867
299 1852
1754 2651
1834 2894
2746 3086
2730 3525
1073 1531
109 3119
1879 3407
303 3376
670 1326
1934 2785
2145 2250
932 1262
721 2489
3322 3394
2369 2882
997 2598
1462 3062
872 2623
611 2362
900 907
983 2150
543 2114
3216 3298
1464 2746
2503 3382
2769 3220
465 2356
2610 2820
1834 2101
923 2543
3483 3583
2128 3122
1044 1224
1385 2065
1046 3380
682 1732
710 1108
438 3239
1469 1946
204 1104
2230 3286
15 2434
1090 1889
1927 3074
25 502
554 574
2791 3276
2777 3651
1388 1773
1531 2372
1022 2785
2606 2650
262 972
395 3556
1974 2938
3569 3634
1534 3001
285 3309
68 2347
2844 3545
594 778
2845 3621
1768 2085
1410 2983
2639 2889
2465 2721
712 3130
1248 2124
1632 3398
701 2293
1091 2440
3022 3675
1129 1141
1458 3046
176 1022
651 939
1595 3613
522 1775
3262 3334
2074 3224
531 639
826 3270
310 1276
773 3615
1309 1777
1647 1680
1341 3489
1081 3276
2328 3583
1042 3085
154 2514
661 3417
59 3276
1117 1206
437 2124
1833 2276
408 857
1050 2626
109 1485
311 2553
729 2756
1568 2025
485 3244
1109 3467
116 3055
1463 2120
2420 2777
594 1505
1214 2380
3355 3640
49 3018
3127 3684
2802 3696
1253 1796
955 1421
2158 3169
199 1164
2072 2277
1670 3667
31 1397
1251 1656
51 1176
2340 3560
48 1910
385 1000
1334 3704
1550 2167
1125 2442
1758 2174
1705 2103
569 828
1758 3633
247 2582
1119 1421
908 2766
318 2235
2329 2810
2943 3103
1388 1414
2259 3504
386 444
1641 3028
289 2439
578 3385
1953 2928
111 3468
974 1002
368 676
3217 3685
2875 2909
75 2231
182 3249
1713 3481
946 1931
1648 2989
1416 3128
2249 3275
21 91
2533 3496
1773 3569
26 682
2515 2928
1489 3216
754 817
1202 3137
76 3144
233 2205
3318 3490
776 1759
63 1382
925 1777
899 1411
80 2127
941 2301
673 1406
2154 2631
1619 1900
2099 3636
1262 1803
2613 3515
2180 3006
2617 2634
1480 3222
444 612
952 1231
978 1545
1032 1948
231 2074
80 1298
735 3224
1352 2144
675 3380
1504 1675
958 3159
544 2303
1818 3286
1526 3226
953 2958
1867 3546
924 1924
710 2004
1300 1677
1755 3628
113 2091
167 1020
384 388
1215 2325
2504 2768
657 3163
1741 3002
787 2065
225 1660
867 3464
2318 2932
568 993
1518 2810
224 2585
2433 2856
309 329
1084 2777
292 2704
1645 2707
732 2973
933 1640
1964 2555
1193 2852
132 2176
3078 3449
1791 3580
545 2480
1878 2277
2940 3236
1102 1778
2429 2940
482 1312
1286 3077
86 1785
1331 3414
982 3577
159 2054
1758 3088
811 3523
853 957
707 2513
1181 2256
1373 1458
499 3219
1350 2657
1708 3106
226 2487
707 1191
448 1622
1675 3074
2185 3383
1097 1144
797 2270
2699 3369
362 3024
930 1036
121 1346
32 1193
112 300
887 2576
2265 3394
2448 3003
1403 2255
32 2363
3052 3156
1866 2068
699 3053
81 278
1232 3667
456 1124
392 3493
1325 2602
1197 1647
1951 2066
51 2220
2167 3573
3334 3366
160 678
1027 1934
1397 1744
1922 3281
54 1429
938 2006
1460 2407
449 1374
2325 3115
761 3457
2747 3357
1797 2601
1297 2347
2903 3124
3600 3611
687 3379
1010 2757
26 3162
582 2789
275 559
645 2184
411 2615
1480 3461
601 3439
1141 2887
208 1713
59 296
472 2680
1402 2182
1346 2110
894 1583
325 1765
1471 2051
316 1456
339 2117
3122 3699
1261 2288
1074 3225
1339 2557
470 3219
3099 3597
1255 2473
1372 2337
1552 1915
220 1478
885 3367
1424 2810
982 2712
1355 1608
931 2624
91 1805
1651 2201
1739 2188
2034 3014
2641 3543
1483 2725
1121 1134
2210 2364
390 1264
438 2935
3530 3631
2327 2761
122 711
582 1524
797 831
222 2017
2505 3040
273 431
936 1112
525 2422
3067 3270
596 3572
436 2962
1677 2400
3090 3410
604 1021
1608 2261
815 2546
921 1127
931 3190
1452 1657
1996 2645
3342 3487
56 3357
1493 3242
451 2799
1989 2898
1987 2291
1500 2429
862 1150
1190 3100
1247 3545
1100 1575
2582 2853
1809 3463
1752 2390
2842 3461
639 2821
2118 3366
1655 1978
1804 2021
3412 3578
1854 3171
113 2577
413 3274
1823 3322
915 2335
514 2393
304 1129
1 3021
1875 3039
498 1006
76 3482
974 1448
813 2351
2370 3554
181 488
59 1087
545 1851
132 1026
1935 3272
468 3388
376 2655
1862 2060
2031 2685
533 1293
529 1975
1838 3012
1384 2237
1053 1731
697 2746
34 1603
1984 2627
2907 3468
418 3206
1135 2654
1491 3228
691 2277
2711 3362
627 3339
839 3309
905 2291
2800 3597
2198 3513
863 3613
601 3701
2551 2976
1662 2208
745 1843
7 3553
2489 2691
113 1969
1043 2474
1720 2541
3541 3667
520 2109
247 803
1306 3171
697 2821
57 1710
196 3007
1110 2002
76 2986
1189 1268
1543 3613
2233 2636
1015 1084
3455 3697
2070 3433
518 979
1078 3162
567 3486
228 3087
14 1401
378 667
1337 3163
494 1371
1242 1555
1368 3018
81 1504
1067 2275
1028 3043
2278 3079
95 2096
103 3286
2063 2985
1302 2482
789 3065
284 3010
161 3445
1873 2417
1557 3673
178 2722
357 1662
705 1615
2473 3414
427 2447
2177 3436
3295 3545
2518 3451
743 897
995 3229
654 3008
828 3025
555 907
714 1310
2291 3663
1278 3647
163 1329
200 3257
2503 3087
495 3120
761 3635
302 632
547 2000
2400 3299
106 1044
1305 1750
2143 3646
2398 2858
2207 2504
303 1445
85 694
2862 3282
434 3204
3345 3638
237 2081
1106 2770
787 1577
46 3366
399 834
119 1906
404 721
1290 1732
901 3467
1887 1917
666 2475
87 3251
1033 2290
2186 2890
1239 1444
142 1898
219 2725
2322 3608
304 1429
164 2026
323 2401
1489 1822
1227 1259
1375 3009
2286 2961
1510 1545
282 937
2710 2903
389 1249
2125 2195
742 2774
1371 3367
334 3454
155 1341
1310 1616
962 2074
659 3016
1675 3494
1319 2935
1175 1931
986 1575
2817 3458
2571 3455
1498 3557
1346 3143
1896 1931
649 3252
2694 3700
473 3580
2249 2878
1559 3228
1364 1388
758 2761
2398 3082
1066 2659
2873 3305
2910 2951
101 3636
1128 3480
124 2333
216 3330
2747 3242
1118 3677
904 1823
1870 3541
383 3464
130 2173
322 2209
1165 3482
1080 2112
895 1969
846 1545
758 2883
1697 3692
1788 1860
3022 3063
667 1592
469 2149
2486 2501
1811 3414
989 1228
3039 3553
1476 3176
2107 2520
254 3299
2982 3057
2122 3652
2927 3297
1526 1617
3233 3394
46 252
898 1957
1713 3586
599 1022
831 1801
1382 3305
1345 3698
1646 2835
490 2977
77 680
1198 1922
1284 3554
160 2621
2461 3026
1484 3551
2613 2960
787 2739
946 2157
1021 3616
2233 2561
871 3654
1733 2224
3128 3158
1545 2923
350 3115
430 1977
762 1423
249 1304
2244 3158
784 1564
155 3465
707 2919
1369 3038
2276 3429
1004 1350
920 1002
991 1598
166 1695
1246 3073
760 2364
1267 2506
2795 3021
2187 2869
809 3587
1256 2545
1406 2288
3354 3547
920 2491
586 3392
327 1456
1566 3419
497 525
3091 3281
1603 3328
676 2130
1409 2925
842 2269
2551 3096
891 1758
1382 3184
978 3215
350 3224
250 2047
683 1629
906 1364
2809 3655
974 2903
1420 2245
102 3677
188 1453
516 1854
2026 2605
2392 3024
1559 2337
2476 2671
828 980
668 2756
55 2859
384 1234
1477 3676
55 1060
1331 1489
592 792
1217 2566
2786 2792
266 1193
1886 2524
2935 3120
216 2809
915 3186
1808 2531
1042 2456
1106 3678
26 563
2878 3059
2776 3162
2068 3585
291 930
2132 3524
376 891
239 422
1696 2425
186 2195
370 3604
441 2397
63 1453
376 2004
942 2078
845 3697
216 458
1037 1567
3313 3441
2314 2425
2329 2841
889 2799
426 2007
2108 3502
210 2421
1699 2468
797 1378
515 1597
2706 2917
953 3545
916 1155
2219 3088
541 2803
2906 2944
2436 3470
2087 2145
2730 3020
1157 1481
2770 3485
1417 2563
370 2177
1131 1909
3093 3580
2226 3072
1290 1457
2247 2461
656 3558
454 1522
350 378
653 3423
1288 3621
1529 2872
753 1447
397 3567
1473 3064
847 3654
982 2146
891 2288
1722 1874
123 2657
221 1394
412 734
1244 1776
1586 3540
399 3421
911 1485
1127 1739
879 970
466 3520
409 1166
1675 3693
1020 3161
2223 3139
1382 3441
313 3674
1357 2420
117 3188
135 1271
1412 2618
2085 2864
3250 3449
448 2037
1346 1840
2018 2144
1974 2483
1477 2840
3547 3697
756 819
119 1572
1517 1956
1662 2311
824 1741
705 768
320 2183
1390 2015
651 2001
1061 3281
1377 2204
356 1345
1446 2984
1827 2846
1772 2862
350 1719
1367 2330
2862 3627
741 2649
2005 3129
286 2976
39 1351
524 1835
1445 2468
715 1931
1465 3589
34 3349
260 3302
2717 3377
556 2472
1232 2903
1257 2592
2214 3398
1020 2843
608 2346
1766 2679
1488 1989
563 1505
266 3666
1469 3562
1021 1743
1612 3066
1918 2390
1037 1361
2859 3381
1159 3424
2241 3046
575 1854
2722 2794
1548 2202
231 3105
1136 1867
685 1391
561 1048
828 2228
2565 2603
610 3618
2246 3269
2877 2999
2308 2983
391 3513
866 1470
1190 1882
527 1602
1813 3403
147 979
2860 2861
94 2222
1721 2557
2674 3120
783 1682
2 2531
1644 3085
76 240
1819 2294
1503 3202
552 1838
1455 3187
480 2192
983 3393
346 2385
534 2875
844 3152
1148 2178
475 2256
315 2782
1326 1345
2653 3583
134 976
1412 3395
428 3128
2762 2817
1138 1386
487 3545
2153 3443
37 1294
891 1431
1790 2704
2319 2415
1753 3242
764 1359
542 2996
276 2386
15 1684
232 3524
1538 1667
791 2663
2335 3403
2433 3573
2235 3374
211 2953
2532 3219
2142 2867
9 3276
1641 2139
3327 3597
1049 1558
2372 2511
936 3189
1465 3377
2612 3620
1673 2221
2178 3625
1350 1397
1659 3044
105 1398
1290 3191
1106 1879
1201 1821
2369 2553
1118 2803
1836 2903
1056 2033
1122 3657
230 3115
1208 2066
1957 2137
26 241
2497 3194
515 3014
2745 3106
303 1433
1462 1477
883 3056
739 1003
160 3048
1848 3159
1098 2834
96 1319
1329 2087
465 964
2988 3367
2787 3033
315 2344
302 2063
1041 2493
1058 1543
1140 2848
777 1264
42 2641
1257 2277
684 3195
269 3546
1315 3441
1599 3304
1202 2066
1745 2333
647 2941
541 2723
1139 2002
1322 3296
2055 2196
782 3518
2915 3289
2696 3458
1803 2239
1050 2773
1217 3082
105 2130
2210 2525
340 1945
436 1841
1459 3179
1193 3622
2384 2707
534 3088
358 725
66 2003
31 1811
643 2953
723 2452
2112 3275
2862 3116
922 3677
1608 3054
1215 1338
1272 3484
1341 2309
478 3482
760 1343
1923 2583
585 597
3476 3599
13 2671
620 1497
481 1451
1505 2427
1463 2471
1628 3637
332 1626
2249 2889
997 1534
829 2240
2285 3313
2523 2859
3306 3407
525 2012
2 2144
1729 3365
3279 3408
2 1867
241 672
628 1319
657 2862
1948 2194
251 2117
89 1288
1566 1727
1565 3282
1749 2005
50 1445
378 2893
855 2211
249 2369
1196 2423
365 2468
339 636
1036 2618
562 1986
2748 3095
2420 2740
1565 2509
3608 3657
2570 3074
1203 3266
513 2910
3016 3277
2034 2405
1622 2701
1598 2420
330 3550
999 2132
128 2644
337 832
1076 1823
41 2342
531 1302
1351 2159
498 3414
1055 2119
1436 1872
159 523
1667 1687
1943 3599
53 3272
1124 3341
2395 3376
882 1992
1982 2486
439 3591
1324 3037
316 2904
2862 2914
1210 3025
873 1590
1289 1597
287 305
600 3110
1450 3207
257 2227
1229 2145
1559 2149
1232 2963
1749 2515
2200 2664
1023 3018
151 2091
415 2948
2090 3414
228 995
1763 3078
3344 3432
996 1381
148 704
2650 3253
552 2514
665 1460
1533 2497
2077 2761
2078 3081
652 756
438 3490
532 2354
1344 3545
1600 2902
2164 3204
2902 3079
2323 3548
1196 3281
2428 3621
1912 2825
1017 2457
770 2726
121 959
2903 3248
1002 2783
2941 3597
2913 3469
1459 2483
1992 3545
131 183
79 3026
891 1211
105 3325
5 2693
917 1965
321 2333
3406 3649
1884 2620
602 1282
438 2398
1280 2411
1288 1532
1630 3493
2495 3189
2264 2439
1201 2922
266 3121
129 1856
312 2146
1248 2440
3139 3675
412 1835
218 3537
1254 1754
2860 3404
36 711
2335 3032
792 3056
1292 1951
634 1610
1194 3224
927 2587
719 3094
407 2780
617 1774
182 2538
1638 3092
2796 3686
1635 3339
573 1532
2537 3167
462 1082
65 3694
2335 2438
3138 3466
2612 3248
1861 1907
182 2673
560 920
494 1262
22 2812
681 3575
2305 3545
2123 3499
1110 3347
597 2055
109 179
9 1496
104 3551
55 238
517 3630
2419 2542
1092 3604
383 1829
2819 2863
35 886
363 2653
1772 3595
2722 3410
15 1202
954 2334
1072 1916
2771 3073
1181 2619
2658 2741
1746 2327
798 1559
1058 1508
1801 2063
497 1281
657 1552
2368 3683
662 3574
37 1333
1588 2737
2152 2956
1524 3031
1956 2010
113 2691
2248 2836
1447 1791
3010 3605
512 2300
58 1810
1505 1767
1247 2736
2088 3326
697 1163
1071 2810
1865 3424
2368 3131
2874 2993
1077 3491
1833 2865
453 3590
821 1639
755 3032
1964 3355
55 62
423 1952
307 2677
2421 3638
714 882
1472 2313
738 2045
3182 3653
784 3214
338 2041
1807 2119
1811 1864
3449 3456
1058 2483
268 2769
3148 3300
694 2688
1665 1905
2594 3548
263 2640
1045 1752
640 1668
1581 2310
763 2298
799 2995
32 694
2807 3099
125 2017
45 2619
1569 2970
410 2764
1838 3193
298 3092
1620 3386
2053 2063
1860 2268
791 1916
1169 2437
294 1802
192 1322
296 487
2060 2329
3588 3597
1968 3628
294 1709
1526 2604
2358 2600
3046 3584
1575 3145
390 3015
2369 2677
2740 3019
695 971
590 1629
8 1730
738 822
1934 1940
540 945
3348 3550
1364 1679
112 2814
783 1322
1191 2013
340 1658
1230 2883
920 2596
26 3556
1248 3030
212 546
25 1485
107 2360
363 2170
321 2653
1770 3364
1050 2765
806 853
2177 3278
313 750
3149 3328
216 3281
1474 2565
942 2113
670 3157
692 3273
343 413
493 1978
209 491
316 1349
1925 3654
19 3607
1387 3006
1607 2237
2486 3519
2929 3675
951 2265
2628 3052
566 3175
2401 3474
2165 2396
678 3047
993 1540
1016 1065
702 1147
2102 2212
300 3060
1042 2655
751 2476
877 3097
1009 1257
1781 3415
3011 3442
1537 3482
1443 3378
1420 1786
2026 2992
586 1627
1272 2616
2429 2453
1370 1701
1121 2964
949 3556
2087 3351
2156 2222
2583 3566
38 2586
374 2643
2016 2987
1264 1828
1116 2885
139 2653
110 426
450 2450
311 848
2148 2393
162 963
213 992
1295 3011
286 2019
2064 3324
2059 2385
988 1404
321 2480
1247 1442
102 1360
964 2342
800 3146
1200 2288
473 3172
125 321
609 1821
1713 2870
2314 2416
1914 3488
1652 3435
983 3487
1063 3012
400 2259
2297 2740
17 1341
3147 3243
1561 2281
707 1816
2588 2873
1137 1475
1410 2996
1240 1709
1427 3367
479 2702
3164 3559
486 2972
1425 3022
353 2667
3097 3452
2935 3281
1226 3408
649 2286
1448 3178
1908 3259
2518 2519
2543 2639
535 1939
421 3561
2178 3358
1077 3367
716 979
763 769
1467 3224
1241 3501
89 1624
734 1271
1163 1516
688 757
1842 2851
586 731
1573 3260
290 2897
894 2564
379 2291
2446 2647
1584 3281
1166 2604
1262 3119
488 3594
316 338
425 1885
1150 3046
485 1451
1466 2287
424 3449
1505 1740
1154 2219
2237 3459
2108 3697
623 1313
506 2560
3000 3065
1675 2709
2568 2859
2730 3029
2656 3546
446 3291
26 1584
375 1195
96 2742
403 2764
1705 3077
1861 2833
1920 2941
2081 2524
106 1742
1641 2369
1193 1578
3205 3572
970 3643
338 2145
896 2484
1648 3697
1365 3633
1536 2872
2096 2870
1789 3690
2503 2980
739 904
420 1642
976 3013
2307 3414
140 2792
41 1997
33 2870
75 946
749 2821
462 3505
1494 3004
217 1181
1190 3687
163 3540
2691 3224
1527 3548
965 1602
2825 3598
201 3238
787 3350
646 3113
2217 3322
1849 3441
1174 2092
831 1052
1348 2737
2353 3424
2608 3469
3322 3503
1233 3419
1030 2728
837 2080
1251 1462
881 2256
2977 3523
1347 1650
2237 3662
1778 2311
12 1242
2463 2472
948 1535
995 1388
2242 3448
293 2901
505 1196
1791 2818
1296 2654
268 2220
1729 2746
1306 3663
528 1059
2320 2377
1215 3320
253 3530
295 2256
519 1235
2321 3497
813 1783
103 1231
547 1058
1470 3074
166 1973
973 2910
1533 2650
747 2092
853 3062
106 345
2548 2706
194 1545
472 1559
334 970
602 2911
3521 3624
1008 2304
1699 2317
2086 2420
1142 2230
319 1813
987 3482
328 2423
1021 1311
2629 3394
1044 2751
607 2461
857 1580
2900 3673
1059 1202
196 1576
2049 2766
285 601
787 2848
478 2080
1257 3304
1937 3677
1298 2536
663 3254
588 3376
720 856
2983 3612
822 1237
1912 3117
1665 2775
1363 2227
601 3177
1943 2091
2614 2691
1221 1241
628 1991
341 2279
3217 3509
3050 3613
143 1714
1631 3341
19 2731
632 2067
1449 3058
1714 3468
7 830
886 2204
1092 2528
385 3593
92 868
544 901
223 3541
633 1859
1361 1374
3451 3614
1234 1741
1114 2957
779 3348
257 947
123 2540
397 3211
1118 2179
1972 2489
30 905
315 933
2552 2643
918 3349
343 3498
775 3637
369 2837
594 3316
56 1519
746 1077
200 3296
34 1573
2779 3678
591 2415
696 859
539 3040
533 2100
2810 3518
2788 2965
108 861
1585 2884
1853 2590
1718 3003
594 1909
1681 3128
378 2868
1394 1477
707 3463
415 842
1665 3510
83 2411
1560 2576
189 3004
2087 3574
1686 2812
1341 1618
290 860
577 3008
1703 1957
136 2729
1717 2773
980 3534
452 1055
2768 3308
608 1378
866 1209
446 3588
1616 3536
203 2425
185 722
1107 2912
1502 1698
1395 1803
808 2354
1505 2132
909 1840
1424 1759
2858 3533
940 2640
92 1774
1154 2490
1153 3640
1812 3234
1842 3074
1163 2028
2517 3293
2023 2844
2258 2357
2426 3614
902 993
1388 1575
2966 3012
1016 3315
1946 3356
1195 3123
2145 2704
373 1457
1143 2990
285 2865
2872 3051
3319 3381
803 2847
2695 3056
530 1950
1515 2534
163 497
20 1836
994 2159
950 3183
843 2263
1483 1913
1038 3464
2574 3570
2468 3261
82 1604
945 1207
367 1095
369 2070
559 2355
473 854
2547 3376
381 3346
46 3269
1241 1324
2082 2364
1290 2954
733 3532
2354 3013
1170 1196
369 1068
1584 2687
145 1002
35 1724
1456 1928
860 3522
1442 2104
1989 3300
2126 3016
2597 3311
1196 2203
195 3305
455 987
548 3183
119 864
504 3361
614 1718
722 2632
162 755
837 2678
852 1758
1223 1700
2613 3008
912 2138
2737 3221
836 2531
1214 2467
1303 1401
2004 2195
359 1580
133 2405
26 1445
931 2792
204 2210
1331 1713
265 328
172 3117
1159 1606
916 1032
6 2618
1103 2435
697 3230
74 1834
828 1868
788 1052
693 1347
250 1569
2206 2537
2224 2579
2034 2964
1506 3359
736 3681
1071 3419
2989 3368
1688 1955
1410 2050
201 1341
2014 2158
1481 3699
3052 3154
1808 2724
1368 2584
1863 2726
2048 3140
1340 2164
296 2516
2568 2777
1323 2711
286 2431
26 73
2355 3342
1789 3227
550 1115
2999 3073
552 3098
1251 1582
2891 3696
2269 2676
228 432
3364 3462
2405 2557
152 2727
541 664
680 1298
2430 2985
81 3084
1771 3621
316 1765
1416 3418
2046 2427
1757 2428
173 2619
2274 2398
1559 2999
1528 2403
615 929
1089 1615
338 586
2999 3335
2151 2326
1992 2381
469 1422
349 2514
205 720
476 2274
430 2617
2069 2882
159 459
603 2328
10 3318
1981 1997
1399 3018
3241 3540
313 487
666 1531
1512 2512
1101 2958
1591 2012
2479 3378
1013 2019
2188 3673
1993 3323
683 3513
1871 2767
1282 1672
1486 2668
1891 2204
1979 2242
642 2781
702 1446
2936 3109
1830 2476
18 2829
1437 2216
1043 1106
2048 2181
149 3629
2044 2518
1136 2720
1085 3302
2089 3481
1505 2535
1823 3005
1404 1792
161 995
1120 1636
61 2556
629 2599
586 722
1042 2135
552 2690
170 218
247 1839
613 3416
43 1017
2661 2933
1440 1738
2145 2530
1004 2685
1715 2327
1401 3600
2058 3646
272 1036
650 2838
369 998
1018 2078
51 2694
2161 2810
35 1285
1691 2935
960 1520
121 165
360 1219
1057 1703
1811 3282
184 1090
74 3420
761 982
2601 3366
249 405
3411 3513
1686 2821
2497 3183
541 2927
1158 3490
635 2685
1218 2758
3232 3558
288 574
2859 3224
3469 3566
2635 3623
759 2105
54 3234
159 1316
2333 2531
1751 3007
1052 1908
1163 1454
394 1694
227 1267
2721 3431
1887 2492
333 1323
2569 3004
1599 2642
1694 2646
484 794
247 2504
351 3229
974 1989
1456 1901
79 3613
440 658
2115 2882
1422 2362
1492 1774
626 1013
342 1903
2749 3235
969 1378
335 1648
1731 3608
201 2348
1270 3571
2030 2689
1614 1630
637 2489
90 2224
141 3389
627 890
1103 2246
512 1689
296 3638
270 1957
1433 2939
513 3507
1152 3234
1414 2683
204 1983
3300 3423
595 2942
2910 3380
331 761
2222 3458
113 261
1654 2538
734 2967
1623 1862
1194 2722
1435 2272
2693 3152
2287 3209
728 3175
432 2578
2036 2052
26 2934
2389 2489
474 2500
1547 2151
67 93
2935 3647
1893 3032
666 2527
2590 3078
831 2667
997 1286
510 1305
577 2406
48 1872
722 2615
136 2063
3364 3672
150 1296
2940 3162
2867 3223
2292 3492
2250 3498
1561 3396
439 1248
1652 2497
393 722
2168 3599
399 3247
436 506
586 1820
1079 3230
1934 2358
1739 1871
1241 2592
474 1402
561 1938
1741 2940
2991 3204
899 3613
2299 2391
3475 3608
92 1847
1897 2296
1587 1647
807 1370
1960 2625
2048 2359
910 1668
338 2646
1801 2382
1252 1609
3285 3424
1878 3542
1412 1789
2492 3336
2341 3154
2088 3307
1115 1832
1838 2531
2034 2443
283 2285
960 1382
1392 3489
1962 3444
978 1412
27 2302
1331 1625
1976 2432
2243 3166
1040 2295
2652 3284
974 2278
1580 1736
3151 3600
2332 3519
1309 3328
1201 2076
2607 2622
2486 3562
344 792
519 1694
666 2888
254 1811
2250 3332
2724 3363
2300 3138
1267 2145
640 2810
55 228
142 3312
1255 2721
1785 2589
252 1460
497 1421
7 831
2946 3076
2603 3632
2602 3343
576 1232
518 3590
1097 1759
669 2080
296 718
1261 1283
2583 3424
1869 2194
649 2629
55 3122
131 267
1678 2183
1486 3654
2286 2563
600 1940
2040 2197
1217 2316
1039 2728
1173 3378
1327 3676
1262 3348
147 2738
618 2583
1296 3163
573 2043
2151 2834
1811 3580
535 1024
1799 1922
1412 3021
1438 1982
1652 3080
419 1224
1948 2496
1530 2791
812 1866
257 2793
1989 3464
1994 3661
389 3645
558 886
353 2379
1536 3359
432 2763
2352 2877
841 3351
1579 2865
850 1733
1648 3025
2904 3425
2714 3150
901 1871
488 696
2229 3565
769 3492
2088 2286
2377 3231
158 899
1382 2871
1245 1735
131 3042
1987 2190
398 1040
355 2183
1983 2183
1885 3078
2531 2999
2684 3026
339 347
1880 2632
1479 1549
2209 3122
1788 2164
835 3280
2154 3012
1675 2810
55 541
3228 3559
919 3410
1503 1703
1610 2061
46 2201
105 1305
91 324
1251 1611
1712 2232
876 2144
1371 3564
199 1930
1836 2369
1775 2226
620 2236
3370 3581
870 2728
471 1489
2529 2698
1893 1929
613 2147
2095 3161
536 1489
2652 3400
1565 3512
233 859
802 1152
1922 3371
1326 3689
1636 2901
232 3450
2041 2258
271 3303
556 3012
983 1484
2216 3189
944 1554
540 2576
1156 1924
1949 2659
701 1250
1612 2825
2034 2700
1700 2950
480 2509
2410 3212
1190 1795
577 953
1511 1941
2257 3256
905 1533
1495 3229
2464 2550
661 1739
1356 1542
793 977
70 3428
1295 2107
2666 3484
24 103
500 3601
1466 2441
2288 3604
425 2627
1124 2592
1380 1449
1093 1421
2513 3527
2753 3412
3058 3272
872 2792
875 1594
3330 3658
2821 3047
2211 3224
1799 3167
1585 2180
257 1837
907 1808
339 546
1636 2008
461 2658
658 2814
755 1212
278 352
308 1354
2080 3597
2558 2921
1726 1987
1341 3421
229 1560
2030 2425
1297 1708
1992 2811
1530 3434
1525 3270
587 3566
538 860
2217 2507
163 3155
2859 2935
113 1430
3469 3656
2781 3458
2642 3210
1295 2614
1742 1954
1375 2609
762 1537
2856 3314
564 1571
842 3544
216 2933
1830 3424
2933 2993
1277 3677
1188 3012
133 3265
2106 3528
333 3517
245 1055
487 3281
2846 3237
758 1819
1329 1544
2316 3399
347 1921
1758 2051
130 1025
1674 3008
2691 2924
1697 2755
1997 2697
795 3563
375 2267
72 2237
2153 2156
2073 3407
2003 2646
961 3007
1369 1413
1801 1881
1329 1511
1000 1058
904 1486
16 3013
118 2642
1232 3235
2201 3563
1060 1353
956 2630
1217 1780
1703 3077
1543 2992
1293 3387
264 2510
2185 3095
463 771
781 2829
3281 3530
280 857
1553 1741
1793 2785
336 2086
1595 2487
1403 2415
2581 3016
1892 1973
1196 3077
2361 3663
1831 3495
868 2916
794 2310
290 3263
125 3331
1713 2694
317 1682
2946 3319
786 3275
1926 3173
2277 2761
2785 3553
2564 2940
769 2949
927 3270
58 752
1042 1161
2734 3500
2098 2778
377 1705
1760 2890
1572 1919
267 1068
1558 3582
2320 3340
817 1924
839 2773
2747 3493
1064 3575
2998 3282
103 3336
3367 3495
960 1795
944 2108
2810 2935
649 1389
1928 2340
1074 2772
2305 2402
1873 3154
69 213
109 3204
829 1876
334 2810
243 2416
40 2541
3639 3670
1515 2806
2119 3604
1138 1871
416 967
1098 2259
3188 3201
1019 3428
716 2714
39 1229
1178 3301
1216 1438
1669 1741
1668 3069
3311 3448
436 971
1871 2857
1758 2716
3567 3667
53 2842
344 1966
508 3567
3081 3511
242 497
2469 3566
520 919
1280 3535
175 950
468 2090
1936 2124
1375 2424
793 3154
1245 2342
785 2051
2605 2931
302 3378
1479 2594
2225 2518
835 1719
1320 2646
1608 3176
827 857
696 1756
2120 3097
2345 2824
625 1667
414 1832
563 1044
1499 3084
1022 1787
2790 3258
1762 2595
2562 3606
696 3581
448 3697
1274 2370
290 1335
2484 3338
2552 2582
322 3609
1225 1803
2894 3391
2079 3425
1069 3653
2282 3242
938 3533
700 1220
1195 1798
93 2405
120 315
2081 2592
1175 2675
586 2550
216 1556
7 1494
710 3109
301 1866
1834 3337
244 1279
2436 2746
832 3014
2354 2943
329 2863
569 3602
779 2466
699 877
2903 3281
2489 3360
26 2792
598 3221
1332 1942
447 1219
1074 1531
236 1783
29 1406
860 2055
1468 3302
1446 2002
2048 3258
909 1871
1106 1843
424 1367
2572 3329
1933 2557
2899 2971
2345 3398
3281 3613
3640 3648
168 2877
2892 3064
1502 2913
363 2009
445 2599
1482 3569
884 3572
1509 2277
920 1130
2688 3402
1330 3248
571 2690
546 1354
177 225
697 727
1690 2108
1299 2020
1143 1175
523 3596
1092 2987
621 3553
2387 3154
1571 3430
2326 2830
1095 2450
1477 2787
955 1647
940 1328
997 1632
137 1960
1196 2784
1178 2974
2162 2554
46 1609
552 2229
2711 3212
42 1857
1601 2800
97 1964
2585 3438
2302 3505
1182 2545
1124 1263
1132 1305
1097 2546
1308 2730
1769 2911
1596 2498
2126 3610
2469 2682
2156 3283
905 2647
1094 3249
296 891
800 2101
306 1531
2319 3684
2386 2675
1855 2749
1116 1540
2872 3383
1531 2451
2544 3018
1703 3142
3097 3688
58 1466
2011 2982
446 774
981 1646
697 2519
1967 3547
3149 3188
997 2534
1223 2956
1948 3460
745 2819
65 978
2175 2948
570 2977
1415 3583
1050 3017
696 3607
267 2027
1363 1727
914 1826
1184 2841
2290 3681
784 1671
1561 2399
1648 2071
2232 3424
1551 2994
1341 1560
597 3074
64 3445
2802 2975
1168 1806
2785 3499
2132 3625
755 2637
814 2289
63 954
2262 3627
863 3570
1884 2035
2314 3524
2759 3494
734 2730
2299 2924
319 2312
943 3615
468 1782
1202 1228
609 3642
1421 2911
716 1214
392 3135
1164 1761
2834 3077
1775 2857
711 3125
436 2034
2510 3549
706 3196
506 713
2834 3009
865 3658
747 1101
1901 3477
521 2224
982 2372
51 2097
1426 1661
1329 2977
1054 1228
666 2862
1085 3509
889 1800
98 1359
7 2780
423 1675
258 1212
1337 2455
2036 2664
735 2165
674 2912
1817 2468
344 1533
78 3230
261 1514
734 1821
533 1182
1044 1877
651 2024
1029 1181
402 1522
1193 3619
12 3138
1123 3052
2371 3408
805 3413
1693 2499
846 1010
1633 1734
140 366
1779 2258
1450 1540
1717 3375
254 2172
26 92
1397 3509
1257 3695
1028 1406
403 1405
1083 2714
763 3547
2022 3137
273 2331
141 927
974 1341
139 3427
966 2158
392 2822
1619 3681
244 1241
687 1193
2233 2478
1487 1727
1191 1621
498 1971
1692 2007
2279 2676
1354 1815
250 2905
1333 2319
720 1546
2201 3702
194 315
1091 1316
3508 3625
875 914
2310 2804
2882 3245
1658 3267
1723 2920
843 3608
1244 3424
103 314
12 646
1440 2815
4 1581
1458 3644
995 1123
1124 2343
142 3057
3254 3339
1892 2829
69 1948
174 1584
1016 3022
2367 3082
2510 3333
133 2273
79 2116
685 1814
347 1260
1067 1546
1478 2014
1507 2669
1513 1590
956 1166
2660 3419
874 1913
206 1823
1151 2997
2189 3653
3545 3617
779 1370
1894 2411
947 1439
166 2114
250 1802
2947 3597
489 595
267 3032
101 3328
1723 3249
2354 2803
1027 2283
207 2996
2598 3213
3008 3310
2930 3547
2665 3168
1204 2662
725 2724
84 1088
2191 3673
34 1491
2955 3159
2117 3321
1694 3589
297 346
2233 3509
464 1071
279 3540
2067 2881
2008 2879
1162 2652
1685 2519
1202 2160
2063 2452
2213 2919
1960 2801
296 1843
1725 3216
187 1143
167 1253
2702 3079
1203 2691
144 181
803 1511
327 1634
2657 3041
2511 3426
1497 3624
2832 2844
1628 2718
1344 2129
648 1407
1834 3309
443 1885
2131 2494
696 974
801 1825
2802 3380
1523 2173
1858 3046
1697 3538
1770 2606
734 2093
902 3601
705 1099
1314 2767
3079 3101
1287 1741
791 2062
668 1784
803 1660
1994 3075
1116 2381
2405 2810
1959 2604
1919 3409
1067 3670
1676 3025
1342 2210
641 2370
1671 3089
2687 3128
2133 3494
214 3174
622 3612
103 978
1552 1562
707 1341
52 1335
2839 2988
477 580
579 3446
3 163
708 901
2821 3023
1533 1792
974 2335
552 3448
1944 2308
920 2766
2611 2896
2902 3653
979 1397
467 3224
1379 1638
431 1985
529 534
2862 2935
2732 3078
2019 2562
86 180
2576 3681
3293 3297
2859 3390
1133 2256
1709 2100
427 2763
583 934
2277 3120
2218 2746
1902 2324
967 3185
105 334
574 2719
2715 3483
299 550
649 2094
1729 3520
1460 2754
142 893
2592 3557
1539 2035
889 2087
1772 2374
116 1139
299 2145
702 3514
1734 1808
2117 2277
489 2569
885 2163
55 217
946 1017
1990 2785
679 962
176 3044
12 2691
248 1964
354 2489
1372 3500
1622 3665
1213 1841
1476 1767
1115 3270
2756 2855
2834 3479
1844 2264
1002 1951
624 3118
3204 3646
1154 3579
2083 3231
2238 2296
2758 3147
324 3613
880 1009
47 2885
1543 3548
3032 3036
550 1904
1283 2266
694 2306
256 3449
744 2590
984 3206
2508 3552
829 2461
997 3578
644 1111
1258 3170
650 2401
108 2289
2259 3529
1164 3330
1330 1846
262 840
2692 3563
71 2289
2999 3513
387 1265
1168 1603
1326 1533
1035 1412
1397 2397
2545 2917
1616 1845
650 3403
718 3440
1036 2651
974 1834
1251 1575
1911 3546
711 1280
1986 3168
504 593
1528 1752
1794 3649
1023 2713
281 1059
2455 3472
2169 2775
665 1455
162 1094
88 1049
507 2570
833 3309
61 2039
258 2895
810 1875
1623 2064
1964 3568
290 2193
3431 3480
1149 1944
2126 2521
2066 3471
2224 2805
1653 2703
315 712
439 2235
432 1545
2797 3224
552 3255
398 2679
543 2444
737 1635
171 949
2039 3301
161 2439
491 3093
84 1949
2460 3077
296 3384
17 1748
716 3352
2752 3677
304 1336
2212 3521
2744 2880
397 1041
254 1484
1888 3435
836 2602
1127 3165
610 1020
1931 2057
2632 3289
202 2856
1045 2670
968 3416
1185 3281
23 469
344 2644
764 2698
26 277
1126 2914
1193 3160
749 2184
1821 2567
1838 3697
858 3518
1061 2814
1188 3629
481 767
2369 2458
1662 3027
396 1494
2650 2778
58 2372
1872 1970
490 2827
255 3640
578 2327
2733 3332
1111 3597
964 1737
909 1236
3128 3428
1986 3203
2025 3548
431 1744
849 903
606 3480
2373 3474
2549 3291
1115 2502
519 2565
546 3669
862 2202
2506 3386
2140 2821
790 2010
2314 2377
2145 3613
3022 3141
1393 2582
870 3632
1086 3144
3230 3449
3678 3682
