1000
167 379
323 426
5 602
59 378
483 691
2 370
532 833
35 271
375 632
134 425
369 411
651 670
17 564
721 831
296 689
478 719
9 980
500 808
736 923
241 961
496 819
607 802
691 776
665 818
580 905
5 7
341 593
809 918
49 636
28 728
127 932
490 696
41 405
626 940
600 814
341 469
106 518
146 749
251 636
448 516
126 436
256 286
46 955
867 949
238 431
658 891
125 988
241 312
213 427
362 421
304 687
99 340
57 404
874 992
365 772
637 850
69 683
276 323
111 867
855 969
632 754
155 795
61 891
314 886
246 947
336 875
500 620
133 237
668 760
257 534
194 514
329 539
679 697
522 957
705 721
319 326
39 792
896 920
63 446
139 324
81 678
647 769
105 762
624 993
123 412
591 610
409 494
410 541
388 531
241 396
159 515
19 245
146 216
458 978
99 608
389 523
149 486
847 883
371 434
115 602
66 828
657 957
411 951
358 844
181 756
385 740
32 372
257 709
566 763
353 568
849 875
563 645
548 992
419 466
261 272
143 802
242 833
398 743
248 721
105 241
472 743
343 983
755 780
875 883
156 818
449 925
84 592
62 685
545 631
635 747
541 892
729 971
84 688
774 861
73 663
312 536
666 951
674 717
102 607
479 885
195 378
682 909
282 453
506 590
721 837
158 720
92 310
206 363
411 655
254 794
491 587
826 870
407 691
156 200
266 857
633 952
32 961
69 235
341 652
157 831
105 985
858 862
193 827
538 897
43 984
142 199
596 701
209 282
669 841
548 733
765 907
625 851
119 957
538 697
223 264
200 519
421 778
317 830
603 691
518 552
383 957
352 397
29 760
124 140
84 858
167 699
586 845
842 904
241 864
424 736
565 756
269 924
295 957
561 639
80 954
1 60
59 104
484 958
246 988
64 642
541 806
570 649
570 645
117 923
979 991
639 785
514 731
746 839
143 213
720 884
8 50
578 899
319 803
271 961
69 658
246 336
18 110
395 502
37 924
21 250
611 742
73 935
84 574
335 685
358 714
39 524
127 436
684 764
544 645
292 917
347 934
82 109
453 684
8 683
351 633
924 941
68 227
297 815
336 670
173 438
659 902
602 993
543 973
95 417
257 393
291 620
84 933
312 608
232 322
505 694
81 241
96 437
401 985
18 247
338 619
440 910
85 929
786 795
432 836
699 815
583 596
396 488
623 924
442 601
25 437
404 510
24 572
255 892
278 473
20 861
403 867
257 506
96 289
268 470
241 343
296 539
166 835
343 471
562 987
473 510
37 342
177 758
79 683
663 945
201 905
648 704
152 684
312 817
197 442
84 132
726 904
357 852
535 616
172 825
374 860
34 380
502 597
408 942
58 795
627 784
364 893
399 558
562 653
45 366
111 814
38 50
210 670
15 188
253 912
131 393
223 319
767 868
164 207
582 673
141 156
126 917
14 217
441 794
60 80
265 987
58 511
294 421
150 788
414 934
697 878
614 895
319 387
699 921
424 497
478 806
208 761
471 557
303 875
620 740
25 243
815 885
681 745
528 909
69 597
193 976
36 876
489 642
8 757
263 433
681 717
274 634
33 197
7 930
412 845
312 890
184 424
402 658
361 776
127 163
599 817
472 643
110 283
9 942
56 122
47 845
14 786
233 384
32 339
566 587
333 919
886 964
665 713
52 475
712 810
102 499
490 559
316 862
419 470
734 777
37 71
232 536
100 909
305 836
644 813
456 849
394 771
948 990
77 565
51 828
168 502
343 418
139 950
265 769
381 850
241 964
558 743
809 829
788 899
30 120
344 670
452 928
555 792
351 358
721 839
615 665
174 683
660 762
103 309
18 854
491 951
392 799
72 120
223 462
204 957
10 241
556 963
479 508
475 589
173 798
169 222
741 858
246 901
670 684
178 758
153 580
84 670
55 718
345 415
374 880
61 144
7 307
9 573
162 309
287 369
91 472
326 835
296 503
433 938
520 957
378 612
551 817
11 943
333 409
163 214
399 415
233 390
149 492
213 915
420 617
117 700
336 662
548 981
13 433
846 886
447 976
12 818
406 920
23 376
521 988
376 795
491 654
838 945
116 854
128 817
26 650
83 267
134 635
47 138
112 467
105 384
238 999
83 540
15 360
46 734
5 752
658 787
298 706
46 541
34 428
149 241
615 855
302 957
308 445
84 87
409 608
145 727
72 866
862 935
536 991
453 970
758 856
816 999
108 484
135 684
681 768
202 894
607 799
151 709
506 803
249 300
832 850
536 597
258 832
542 576
149 268
380 454
99 171
449 959
400 861
16 783
814 870
508 509
258 299
766 971
203 911
189 402
747 807
13 707
435 988
146 500
330 595
341 784
208 924
311 635
126 926
130 417
246 477
659 991
932 953
294 328
10 803
453 673
526 917
422 843
84 730
40 447
549 735
9 327
147 839
16 551
105 249
160 754
523 794
572 975
716 771
260 745
510 894
36 869
109 605
107 426
141 809
351 704
658 725
886 900
366 907
547 950
90 731
25 321
13 768
597 794
877 927
383 405
123 218
120 195
294 776
812 978
181 331
534 708
574 677
111 841
595 988
338 430
25 524
683 715
256 721
143 939
531 691
476 998
69 873
69 857
703 841
275 356
22 592
53 947
309 881
137 896
481 699
889 958
457 619
536 810
172 225
311 770
420 696
811 817
39 312
800 850
368 417
156 789
585 910
297 946
200 912
316 824
359 718
3 920
31 423
401 801
241 962
200 728
167 488
390 726
97 595
549 796
240 828
124 817
412 951
84 447
6 992
752 821
364 762
866 968
622 643
931 960
39 111
337 884
46 568
230 862
156 916
466 751
311 760
155 192
158 444
213 281
770 931
280 776
48 930
752 804
564 757
817 914
242 943
236 849
413 912
439 537
247 924
664 814
276 298
405 424
722 828
596 759
136 606
493 693
447 839
548 776
69 820
579 843
43 972
249 742
224 658
84 878
631 779
575 876
30 986
711 816
319 541
527 667
790 907
576 587
113 220
501 582
191 315
797 964
78 637
5 221
39 199
234 733
500 810
696 920
129 603
396 944
405 737
42 212
228 514
428 717
488 723
122 758
321 550
463 859
46 911
139 835
814 836
750 977
495 814
318 782
514 772
65 955
424 976
121 739
534 1000
196 646
512 917
418 693
893 997
720 964
143 832
596 942
178 903
246 498
392 482
86 568
101 123
169 697
502 569
150 922
439 584
83 170
103 120
81 906
676 873
428 698
134 182
277 645
346 795
435 480
44 537
156 428
465 712
665 754
567 578
165 899
190 228
230 692
863 872
42 338
156 311
75 730
143 645
156 312
766 853
175 633
247 773
603 625
198 326
572 613
312 776
147 400
238 690
76 246
508 966
796 977
323 962
560 866
123 355
712 907
136 375
170 352
312 710
28 334
741 865
424 598
475 518
299 927
373 870
638 933
781 856
467 873
9 724
186 364
320 733
695 857
628 803
505 661
169 317
262 499
346 753
814 996
488 899
577 811
54 798
147 776
318 978
645 978
339 553
114 199
530 736
19 267
67 998
122 839
143 294
554 726
206 817
610 772
796 972
244 390
90 529
509 895
84 325
504 586
85 400
205 441
312 341
600 732
91 180
176 941
190 672
134 279
91 304
315 502
451 801
669 675
3 634
50 461
454 702
399 459
60 137
597 880
514 832
839 987
178 686
273 527
843 940
665 888
354 627
474 982
629 742
11 169
468 815
621 958
277 650
402 995
290 916
219 284
7 252
193 349
211 875
383 868
640 680
646 976
588 687
644 770
431 873
326 640
533 756
108 731
581 739
564 982
25 994
697 908
920 978
374 963
148 684
642 811
219 477
445 629
241 507
229 814
455 479
525 645
4 802
326 414
239 527
88 200
72 215
2 713
185 453
207 359
74 923
231 515
98 931
140 377
168 805
280 549
220 233
103 436
684 973
213 386
121 887
145 728
179 887
858 990
223 639
172 339
449 500
546 764
648 962
56 937
143 775
149 786
120 645
663 834
79 967
472 989
641 806
78 594
352 447
49 364
184 571
642 771
491 604
780 881
72 505
500 572
275 460
229 250
10 496
198 434
63 384
37 491
200 301
410 748
608 798
382 492
201 312
183 760
547 882
7 156
293 900
302 485
288 855
154 585
247 822
577 689
62 563
551 626
339 618
93 139
625 631
55 258
70 134
316 450
313 924
315 965
440 630
515 600
431 756
416 750
161 924
89 802
259 469
350 804
120 682
695 871
368 794
270 465
404 491
338 391
170 791
442 961
9 613
429 776
729 914
82 471
237 708
94 563
187 427
517 859
173 513
177 793
239 512
876 899
118 933
452 875
348 361
44 500
306 691
464 980
448 999
201 272
646 656
272 552
357 378
436 956
608 643
367 942
47 738
14 332
159 440
227 247
752 898
423 697
169 848
167 936
487 591
319 360
553 840
562 863
310 517
285 628
587 616
84 275
500 974
184 443
689 887
167 338
619 998
105 828
823 932
310 681
165 879
544 951
27 619
226 406
497 744
424 913
609 982
405 671
