9483
384 7972
1519 6843
5416 6673
5040 7348
5945 6570
1170 7931
1812 7378
4133 8220
1328 8384
6706 9388
2968 4028
8230 8593
1573 8853
2609 7643
1478 6343
793 9043
5169 9312
4293 4993
595 3653
5491 5749
875 9338
25 2776
751 5635
4232 9279
559 6880
567 3700
3972 8935
2088 8046
2058 8969
1531 8621
1936 3024
2663 7702
1997 6794
3413 6020
3891 6096
5663 9047
1493 3652
204 7870
1420 3259
5551 6411
3908 8836
4730 9132
2108 2301
4310 5956
2315 9132
1105 3962
4222 8928
3191 8453
1564 5955
212 2169
2583 5425
1572 2290
1501 2522
7775 7926
1001 3084
128 583
1671 7232
6293 6935
3218 5170
5721 7802
5314 7013
1442 4170
7824 9167
432 8239
6831 9344
3025 8897
8749 8945
1449 4999
3274 7209
5164 8028
6288 6300
6459 8148
574 2713
3450 5286
3095 6314
1703 9165
5542 6831
5197 8915
3239 3972
923 3670
148 4709
7344 7768
2190 4761
2290 5138
1348 2769
7645 8290
2216 8926
4052 4115
7250 8578
4601 7621
2068 3950
1461 3722
4932 8273
4074 8481
1770 6808
1634 5582
5099 7005
6157 7156
4055 4244
3196 3988
5018 7715
4517 6453
4842 7731
2179 6656
2291 3561
5339 6298
843 1657
5336 6299
559 2142
2898 4285
2233 3784
2226 7672
4110 6148
1889 7811
2858 6126
6221 7757
294 4299
4165 8773
4509 6281
678 4191
2427 2481
4242 7354
3250 7342
958 1043
3572 7266
4626 8015
2307 7024
3295 9044
2478 4996
5072 5833
2349 8972
2740 7763
5431 6702
2750 9376
273 5192
2969 6616
7326 8108
622 5629
3750 9234
4987 7256
160 7947
206 2560
7119 7135
3224 4795
4037 9335
4708 5645
312 8472
6234 8205
3504 8830
867 4483
26 3676
519 3311
6594 7639
1838 7012
4721 7947
8862 9216
3539 3649
6201 7176
4425 8430
672 2681
5564 6593
5607 7159
2978 4011
554 2329
4256 5793
8577 9462
720 4935
2687 5960
6090 8915
4454 4915
4325 4460
4415 4984
8158 8801
305 6026
4540 6011
5918 6493
6055 8409
7810 8476
1445 4762
250 6587
8110 8286
5373 9083
358 7899
4319 9321
3626 3759
2944 3836
3350 4735
808 7185
2430 3079
4500 7273
181 5581
955 8476
1227 2957
6881 8209
4438 6222
1295 6826
2721 5221
1005 8179
2502 7646
4745 7530
227 6948
215 9388
32 5705
628 9246
7943 9186
1738 7579
2584 7038
4356 7689
3899 4242
797 6486
5835 9179
2411 7408
3606 5831
750 8728
880 1729
2430 6663
646 2043
220 722
1152 6755
1166 8498
1080 9442
1669 8513
4991 5689
563 1480
1919 4166
5237 8416
6886 9049
1247 6787
3369 9165
2502 4293
3701 6194
1153 5651
4476 9401
2093 3619
1678 4879
5430 6413
7716 8734
2017 6405
1324 8038
1131 2981
806 2826
3325 6756
2110 5300
425 4156
4054 8417
6339 7040
2300 3476
2890 6218
1302 1599
3654 5651
4533 5988
1636 5891
1599 7437
1021 2118
2870 6487
1635 4634
2136 3796
722 3892
6410 8831
1377 8757
149 3191
956 7917
80 4358
390 7819
1546 1906
2457 4472
5754 6087
1825 5901
842 2114
2706 5676
1756 2533
3637 8984
5383 7192
1831 6539
3847 5032
3398 7775
9203 9278
2799 8572
362 8885
3670 5449
792 8592
2160 7420
682 3773
5597 7896
1469 8041
1320 7170
5574 6162
1877 7775
5690 7262
68 9365
7026 7269
7024 9199
1289 5881
6834 7476
290 3946
857 2466
424 2892
842 8350
1981 4130
125 4693
7851 9039
2107 7544
3858 4931
4927 9146
7290 9221
2737 4683
4684 7079
4664 8376
6032 7619
3649 6714
3919 8136
1074 8894
6732 9402
5991 7164
158 7780
3382 7896
5669 6008
3812 8613
2057 5055
5260 8028
4568 6918
1933 6738
1 5623
1763 2266
1005 6337
1155 7936
5710 6743
2504 6897
2074 2261
1823 7211
1347 8297
4659 8117
6466 9063
3218 3453
3983 7956
1710 5155
1534 5418
2224 5157
5910 7765
253 2408
2355 8722
2168 4884
1764 8897
143 2033
3586 4696
2546 4845
505 6382
6695 8436
1173 1521
352 4910
895 6991
1239 8296
4955 5764
963 4061
843 2203
64 1092
1272 3850
4791 8170
4630 6635
16 8159
1585 6525
1198 7457
3061 5548
3177 5252
1320 8435
3161 7600
1640 6589
2311 5981
2437 4397
4329 6897
7035 7999
4168 6574
592 7673
1829 7396
232 3537
8700 9203
480 2240
5683 6906
146 2286
6126 6802
115 1741
2064 7481
957 3772
6307 7633
863 5451
683 1863
3405 8581
6113 8446
5761 6067
1272 7046
2746 9307
226 6273
1084 3638
1279 3189
1282 7435
2395 5522
4075 8538
1211 7735
1982 4222
7215 7550
5561 6616
2836 4866
4882 7727
2826 8744
210 3725
255 8762
3090 4225
311 1400
6048 6197
3987 6935
4488 9248
1980 8580
3550 5203
4615 8272
6053 9036
5241 8852
939 1753
1919 3508
1389 5230
7183 8059
2375 8801
809 7053
124 7646
7720 8047
3771 7451
2806 3436
3502 3584
8370 8746
946 1667
1921 4433
4362 7516
5695 6197
1845 6229
3740 9341
2842 5770
1229 8203
2785 9131
3558 4689
331 5593
1029 3343
3518 7719
5692 9046
1613 2709
1247 1733
3589 7341
689 9203
1243 3936
735 6334
3463 5501
2992 5840
2513 3935
1057 1861
2320 6678
4092 7579
1920 2227
7 2543
2406 3058
1262 7933
5634 6701
4246 8715
1726 3220
3225 3438
6688 8713
7238 9289
1216 2047
3178 3377
5617 7809
4770 8162
7152 9033
1610 3263
568 6736
4667 7366
1701 7458
5058 6828
5183 8849
5186 6557
4562 5546
1407 9118
2310 3361
5124 6025
424 3801
3896 5244
2734 6558
3790 8032
1108 4435
240 6748
1673 1996
2832 6652
2461 8638
4609 6158
6943 7708
2406 4665
3857 4220
1725 7705
5572 5687
6845 9355
6193 7991
7359 8801
3128 9330
522 4961
8548 8866
1696 4624
2920 9431
5294 5314
3999 8550
1350 5623
4559 7105
6256 8140
4799 5303
3725 4541
7083 7152
3471 5431
5187 8520
891 7813
1518 1914
2013 3461
2483 7170
2218 2327
1245 4584
1630 3654
1109 4516
2766 6469
4968 7426
1988 8496
1059 1762
1538 4505
3597 6715
6479 8386
6129 8618
1629 4921
3517 3641
4052 4575
6369 7083
3381 3829
5734 6096
1463 3284
3549 3619
4366 5250
2115 7960
1809 9010
5640 7595
4242 6498
4343 5539
428 2689
2183 5326
427 2362
1502 4477
3922 9398
132 2189
6210 6923
231 5646
6574 7419
700 4065
1321 5818
2197 6361
5597 8331
3053 5394
2570 8037
1621 2485
5403 9033
54 1652
4976 8818
1862 4112
2160 4042
5846 9454
1950 8169
1065 9469
1956 6694
5431 8989
2467 6679
5850 8259
8184 8500
3374 8230
2849 6805
3158 6133
2823 4487
385 2658
1988 2779
2895 4735
4943 7828
867 6173
5305 9057
870 2360
3061 4179
2826 5638
5421 7444
124 2516
544 2399
8531 8736
6153 8040
304 8309
3983 5421
6123 7949
4352 8845
116 6504
3062 8252
829 4562
500 2371
3919 5019
2814 8328
518 8577
4425 7109
7529 7947
4242 7016
968 3665
34 3259
5016 8681
7523 9339
4470 5706
293 879
4754 5622
788 6510
3286 4382
3826 7752
4611 8424
4951 8563
495 8668
4521 7670
2130 9439
1597 8591
5475 7530
143 8349
6251 8006
4847 5555
3783 4285
6958 8175
2638 2794
516 9098
804 7804
4793 7608
7206 7553
2486 8873
5717 9417
92 8252
2341 9311
1725 8906
2379 5195
3658 3784
529 2740
669 3552
2235 7804
3420 6142
4954 7652
664 6340
4607 8257
6270 7015
1199 5104
600 5442
4024 9261
4206 5829
1250 6058
3573 3627
1296 5777
668 3106
1468 3706
4428 7857
51 8820
1019 2013
1997 6265
260 1117
1524 2403
4285 7289
403 3393
320 573
713 2283
3815 4749
1239 9058
4711 7383
5505 6398
6804 8076
3413 4672
4966 5994
7413 9447
2723 8449
4907 9110
3893 7320
5670 8614
185 5627
3886 9063
7698 9188
2503 5085
493 1745
447 5865
5344 8578
1465 7263
1034 9046
3003 7718
2896 4610
297 8412
282 2114
3160 6102
6136 6811
7254 8322
3938 8040
5129 9166
2721 9277
2242 8716
1365 1403
5080 7724
4007 8923
419 2343
7194 8368
7008 9039
6195 9403
2489 5708
5749 9220
731 6159
2880 6058
758 8734
2316 3676
3460 3475
6878 8061
7816 8749
6545 6616
8058 8675
646 4245
4612 8678
2151 6324
891 5263
4765 5357
2741 5820
1827 2104
6123 9129
3188 6303
1800 8394
4925 9048
2981 8602
2864 6080
9130 9420
336 3855
1202 3569
170 5659
265 670
3542 7912
890 8702
2763 9412
1226 1703
133 8062
607 7460
1004 3115
5827 7166
2886 7242
7169 9062
8445 9327
2231 8597
1328 6377
1392 8721
3935 4019
6165 7589
5291 6808
3625 3884
5181 5302
1513 4668
2921 7140
2213 7259
704 2745
6096 8031
2444 3051
1396 6813
1260 2776
4200 5613
3983 4307
4297 7000
1138 3023
4347 9231
3606 8447
3565 3930
3466 5382
2165 5976
3299 5363
7750 8662
6206 7520
5717 7799
2718 3704
3813 6747
2817 6929
5613 8965
6349 8381
2189 8887
4553 5257
1408 4967
5441 7974
7914 9431
2355 8284
1189 8988
3521 3749
5281 7262
3274 7929
3114 4466
6938 7850
2244 4546
3845 5963
1261 5199
422 4463
2668 5657
102 3966
6675 8489
4592 9292
2497 9272
177 8172
3615 5068
2198 8110
1477 6622
5206 6187
8275 9122
7200 8458
849 7086
3947 7943
3930 6779
2489 7844
2998 3835
4528 6575
5034 7264
1030 2851
519 8948
4789 6998
854 2510
2053 4794
2419 6172
3993 8136
5441 8554
5912 7748
3782 5727
3837 5311
6709 7185
2208 9405
4526 7920
3650 6794
2541 4023
5049 5971
6126 7099
3251 6420
557 7860
4666 4712
800 3019
3488 6742
1939 9044
1532 2959
2518 7565
3498 5671
2196 6778
1082 8040
368 6800
2216 6103
5680 8912
5161 5976
2904 8983
2266 5175
2366 8356
3415 6486
2140 4779
4531 8131
396 2045
738 2636
875 3861
1401 9095
1806 9002
418 6133
3698 3836
2171 2850
5210 9252
2366 5511
2201 7056
4932 6430
2214 9286
6143 8219
2900 5024
1223 6278
6663 7197
5601 7174
374 3272
919 5261
3501 7536
1354 2655
6248 9294
1202 8196
7392 8344
2309 6034
2433 6417
1190 1321
196 692
1321 5747
6690 7725
5235 5816
2673 4156
256 2460
260 3109
2365 6858
1537 8075
1027 1057
1016 6489
1249 8045
6932 8034
1874 8025
3039 4686
7856 9086
3417 7626
3713 8028
8188 9438
1507 8460
3004 6979
532 3728
1340 5990
5201 7552
5595 7907
7700 8896
2382 2392
26 3207
1373 2795
2004 2954
609 1385
8628 8865
2274 4564
2203 4702
1524 6365
8052 8675
592 7864
542 7536
6179 9084
230 5165
676 4185
1105 5446
790 8779
746 4586
4504 7527
5490 8392
1194 4135
1046 3609
1305 8699
3122 8253
229 8263
2104 6756
1607 7396
6214 7317
2017 4389
1589 2576
2102 6930
5668 7020
2624 6736
6228 9448
1241 5900
860 8978
6440 7004
23 8051
3043 4987
3008 7660
4075 4332
5530 6860
749 7883
2299 6584
915 4199
579 2908
1471 4956
3206 4559
4835 6865
1381 2131
6133 9344
338 7961
5505 6024
2773 8576
901 1873
899 1249
1887 6183
1486 8523
886 8454
5239 6561
2704 2915
7253 8680
141 8682
596 3856
1469 7444
1302 6663
1839 6758
2757 6655
2585 6663
5660 6548
1147 6339
2242 4312
5042 9174
16 6592
342 4940
7109 8156
3146 3480
1127 7176
7157 9237
4770 6800
2374 4817
2283 4624
3214 8743
6535 9423
2647 6389
1993 8434
8348 8992
1079 4405
5951 9299
3086 7242
417 7811
1020 7026
999 9148
430 5557
340 4172
4042 4496
2604 6731
943 9386
2578 8131
5108 9442
2406 6797
5800 6168
1362 4193
3522 7297
365 1616
3403 7063
3219 7347
3081 5794
4209 9333
4284 8262
3217 4110
1280 1399
1342 6806
6034 7822
423 6698
5375 5989
1165 6885
4625 5014
7221 8386
1965 4886
3737 8764
84 3370
2089 4752
4717 9186
4698 8038
7192 8525
284 6363
6586 7719
3822 6367
7453 8971
4711 7453
697 5627
3917 6507
544 9090
3706 8887
2755 6569
233 1512
6127 6171
782 8954
2003 5399
6380 6675
1198 1329
1716 4585
1360 7072
2660 8515
4569 5433
4566 6248
436 2696
2121 4722
1370 9145
1743 3965
853 5687
1984 7152
2389 7567
458 5467
4205 8564
430 8424
6034 7720
4051 7471
1148 9323
1448 8470
4433 7244
1993 5917
381 2256
5282 7301
5866 8988
3429 7576
498 1626
166 9415
6119 6446
6856 7055
8233 9390
7391 8901
1288 3970
481 9250
5197 6355
122 7974
991 6936
1128 9150
1155 5677
2610 4275
6138 8763
3339 6034
7503 7854
2670 5821
291 2128
1466 5414
2979 5307
4125 6082
45 6100
402 3920
6159 8945
608 9349
4988 5617
1964 5873
2243 5113
4642 7826
2560 5589
1518 7172
1488 7220
6514 9090
1494 3904
5533 8287
467 840
1439 4863
842 7325
3026 7565
1951 2927
2738 7348
7172 8834
1690 5566
130 265
811 2793
7476 7640
3320 6531
4493 4918
6960 8186
5414 6325
640 1164
1888 2673
4867 8470
6183 8361
3265 4179
1578 7775
6302 8795
4183 5082
4101 5336
337 6054
3702 5291
3111 9003
3241 8344
2994 6415
481 9289
6682 9271
278 3469
215 8779
627 3950
378 8654
5770 7795
2158 2711
650 7977
4707 8041
82 3445
4659 7149
4945 5302
3059 4779
1700 2754
3234 6379
1930 3071
68 7098
382 6286
3219 5401
522 7028
8590 9289
2854 5038
2993 9069
2463 3163
89 7676
1637 3594
5178 8886
1105 3976
2239 6677
3204 6385
7152 7856
1679 2725
6848 9329
1530 6176
2002 7685
2118 6600
340 4775
2971 4333
2490 2816
4273 9367
944 7679
686 8472
4701 8972
315 8070
5441 6291
2725 5191
3794 8643
2578 4142
2111 7505
1434 8666
6348 9063
1282 1815
3985 7895
818 5630
6030 9099
8755 8968
2950 6923
2154 2209
53 4536
1898 5932
1355 6827
4792 6396
5258 7233
614 3548
6194 7372
823 2610
4901 5939
2066 2177
2569 3452
7511 7918
3429 9310
4874 6986
6449 6452
948 7901
8905 9196
630 9191
274 3106
5319 9463
505 6374
3228 6096
3268 9388
2711 7586
1088 4398
2980 4742
1951 3588
5429 8902
1159 1552
1392 2622
4904 8901
5855 6976
2342 9016
2627 8422
4067 8298
6006 6906
855 2666
2726 2933
3101 7082
1349 3609
2469 8691
3677 3859
904 958
5908 6102
6832 7186
1246 8633
5105 6126
7654 8430
4425 8470
532 5608
2857 7512
4555 9267
1322 7901
1308 1637
1585 3709
3554 8982
4077 9226
163 7479
4245 5755
3486 5957
482 3734
1278 9017
559 2982
6323 9222
846 3986
3580 8321
2317 4769
342 6005
3949 4936
2239 8463
6558 9204
859 2596
1233 7817
4802 6422
1056 5641
4344 8770
3716 8077
4983 8146
1073 3524
4216 8011
3487 4637
7117 7751
2217 8774
3383 6230
1308 6923
1834 7029
1219 1553
1647 7769
23 198
6314 7607
1309 2313
5830 6623
703 1299
4153 6572
804 3501
4103 5653
7949 9456
3092 7539
3298 5876
3553 8731
277 6806
1748 2728
6364 6431
2099 5725
3092 6968
3230 8341
6389 8340
2698 4103
1529 4650
131 8451
3428 8081
1524 5423
7957 8992
3412 5859
3494 4025
7618 7863
2591 2744
4545 6160
2820 5385
4729 8428
3741 9021
1276 3650
6072 8264
533 2626
3370 7474
1942 4936
452 5830
124 9445
438 846
32 6727
2015 9140
6110 6660
7610 7868
3730 9240
6899 8433
833 5188
489 8120
236 1975
4157 7776
4078 6556
2942 6888
940 1369
3741 7532
6893 9021
628 7107
2536 8435
8333 8732
2676 3477
4131 6712
3193 7640
1656 7552
2631 3318
2076 8103
4309 4761
6948 7588
1443 1562
4743 6595
2372 7432
3040 3167
3146 3526
4441 7332
4471 5757
5813 9179
4370 8267
3310 8338
2002 8517
7644 8396
4395 9367
681 1903
3533 4151
1376 3292
3136 3720
3186 5378
1857 5757
2687 6309
3003 5839
3218 6381
4937 9221
1007 4115
1615 6240
6882 9359
6770 9204
5720 7186
4622 5358
6579 9341
182 1499
1231 8585
5940 6592
197 6905
4196 7242
723 5969
540 4150
2844 4488
7165 7460
7034 9345
1663 1689
5600 7400
21 1044
1073 7857
3315 7499
3178 7629
7304 8488
3022 7022
892 4835
1782 3273
6719 8079
4648 4935
8122 8293
286 8875
952 5749
1714 4587
2597 7805
3545 3950
3409 7925
1453 9454
6292 7978
4920 9139
6699 9260
2150 9140
1918 8984
5306 7551
1309 5421
525 1992
2927 7563
1469 4104
4551 5873
634 6406
8237 8464
606 7987
6481 8068
2689 5113
4151 8587
5593 8844
2338 6218
3058 8483
1202 5840
3703 8813
1638 2840
3428 3567
1085 4075
5189 5664
2326 8889
4764 7677
2260 7145
1332 9478
737 8561
6242 8890
3160 8088
1693 7253
5412 6032
1101 3372
1876 5002
3529 7337
7310 8945
5129 5443
434 5943
1630 5229
1122 8544
697 5382
5426 9025
3350 6937
1606 5169
52 3333
77 2104
809 7353
2721 8094
2313 8213
3878 5613
3285 3854
1529 4098
1084 9034
4042 5830
3259 4904
6185 9262
1012 6512
580 2672
2795 7060
287 6591
5328 7104
1777 6396
4980 5967
5316 6934
3125 7531
1371 6043
6542 8879
3318 4774
1825 6632
6677 8691
475 3473
5011 5948
1433 5683
698 7518
3049 3481
4821 5327
3328 9471
5960 7855
2267 6859
377 5382
4241 5832
1679 6410
6377 8465
6816 8112
4677 7129
401 2517
4111 4808
1164 7728
6864 8885
1900 8034
2317 7047
3336 8420
2409 7072
4372 6249
4467 8648
7528 9382
3682 4792
3531 7116
2482 5333
4624 5166
3399 7003
3209 9391
7129 8734
108 3355
2829 5915
2569 8316
902 1837
3499 4690
4242 6125
715 5442
4187 8359
5333 7843
2399 3572
4730 8703
1281 1933
1484 4495
113 3887
6963 8459
8054 8619
332 6586
4103 8742
4096 8944
7048 7796
3832 8629
4912 6169
2879 8748
2108 2652
738 4577
829 4857
8183 9340
1958 8584
7007 7944
3539 7925
1928 3568
2764 5521
4185 6400
1933 6600
5481 9326
897 8493
8091 8687
1543 7989
8210 9196
5031 5587
1030 3850
7546 8874
2263 3181
422 7788
4776 6562
3890 9151
5373 7298
4152 4999
4582 5292
6234 7705
4909 5685
4861 7612
2058 2493
3670 5305
4606 8191
3707 7634
3415 8895
254 6645
1290 5585
6704 8180
2649 7810
2428 3015
4917 6765
4749 5998
6516 9080
864 7362
2784 3883
3878 7219
1159 2509
4924 7650
36 561
2042 4873
4708 5705
1229 7608
5154 7271
8375 8681
6773 8303
740 1153
126 1388
5595 6302
736 7635
503 5315
707 6457
561 8835
5194 6951
5147 9089
2683 4771
4541 9435
3275 4033
945 7962
796 802
4656 7934
4433 6609
2190 4930
7153 7433
5360 8359
3409 4800
3747 7896
1977 6076
1319 4128
2548 9175
3457 6527
5772 6054
3679 5746
7882 8116
8214 8701
4947 5947
8303 9068
1487 7906
3416 7492
1650 7705
8860 9206
3483 8293
6703 7265
680 2104
2179 7902
2311 4845
3798 5329
1121 3962
1794 5889
5010 6781
4022 8410
6219 8698
675 1777
6856 7907
1820 6629
815 5772
4430 4961
1965 7107
927 8799
3010 5629
8035 8231
2476 6417
2401 6104
1885 2865
1443 2832
2274 2948
3831 4242
5620 6792
1464 2687
8104 9197
3138 7346
7186 8086
706 1544
5805 8000
4269 8830
546 9358
4057 7238
4683 7006
4191 5896
2819 3152
888 4025
7946 8562
5285 8098
1232 1978
1062 2903
523 1839
5329 8949
5539 9382
4379 7354
1015 8153
4768 6164
431 1181
2554 8398
179 3458
5586 6405
4968 6690
2057 8891
426 5872
1270 1790
2184 8452
5563 8470
4087 5582
3257 8271
1278 8996
2808 8701
3075 8189
2906 3259
6272 9172
3269 3630
5279 5414
1421 4723
1094 2706
2576 9333
5366 6753
7801 9152
2507 3907
2041 3203
3561 5562
7865 8640
8884 9246
3604 4680
6170 7557
516 1572
472 1407
5534 6849
1118 1312
76 3961
2831 4401
1443 8902
1560 5972
2678 5883
6084 6127
1574 1759
4893 5899
5387 6533
420 4896
3339 7963
601 4317
4667 7348
1523 3232
3385 4318
4963 6150
2220 6297
4006 7579
1617 7622
1083 2033
628 1746
1704 4090
315 6237
1369 9433
3411 8759
1098 7198
7604 7779
1774 2876
4532 6498
2943 5628
1579 6031
765 4818
4650 5780
340 2787
1794 6804
2637 8531
1882 2978
4163 5193
3585 5202
5948 6611
5207 8367
3472 8390
2117 5589
1717 2646
7391 9182
863 8910
4898 6697
472 7620
6861 7594
8691 9076
2555 6578
2905 5747
2761 8815
204 2065
1618 6002
224 1216
3303 3668
2347 4589
1543 4365
2195 3794
7914 9439
975 6771
814 5239
4190 8542
1309 4780
3805 5262
435 9052
7103 8457
478 6146
5169 6117
4725 8430
13 6143
8949 9353
2003 6273
20 2568
1307 1557
657 8460
1468 4425
3607 3962
8598 9073
6099 8275
1958 2987
4438 5925
1777 8300
1301 7491
1585 5451
1859 2705
1939 8237
182 1306
143 1256
341 2280
1117 3806
2832 5872
4708 6827
6159 7012
4529 6002
372 3258
2242 5535
2730 5653
468 4410
116 5845
325 7898
3129 3135
5310 6967
2377 7824
1594 5191
699 4441
4034 5783
130 7990
7710 8022
774 2473
1656 3599
3161 8980
3537 5868
631 6981
1299 3695
3530 7192
4758 8469
1775 6634
5712 7084
2322 5346
2560 3161
1010 7730
3379 6496
3389 8614
3090 5380
5141 8673
6629 9288
5648 7684
3912 9323
454 9032
6385 9007
2143 8150
4430 8141
1011 5990
5134 9057
5625 6813
1473 4641
798 5777
1634 2201
2166 5423
5233 7318
2822 5749
3627 7239
1219 9364
4234 9324
4877 9122
484 2866
3789 5059
965 3654
4111 6655
2835 9307
2726 9152
310 6852
467 2759
7397 8107
214 6043
265 4271
5342 6580
275 4725
1440 6744
6291 9436
3190 5909
1092 8152
2570 3640
1492 8028
4217 4488
757 4943
8035 9458
3186 3978
2979 6270
476 1859
1528 4525
1423 1905
1865 4220
7035 8971
7186 7316
5473 6143
3937 3983
5324 7017
7112 8611
6496 8625
5048 9077
1602 5030
2155 7126
1748 3283
2129 4975
3560 6258
5224 6782
1968 8510
1386 5560
6240 7976
3633 7127
2661 7088
6009 7236
6127 7532
794 7763
354 5638
3937 4637
7460 9391
2558 8836
2658 4769
7563 8383
8149 8825
2727 7059
1929 6842
5484 6418
901 1561
565 6513
2223 5869
3873 6683
1208 1290
6070 6570
576 4113
4906 9084
6275 9275
1154 6198
2192 6384
946 2058
5422 6468
1585 5021
3007 7989
2148 5435
6325 6943
575 5975
1054 5149
2430 7311
1640 6544
1425 1970
4147 6933
5183 9114
1879 6570
3300 3575
6860 8216
4138 7185
6733 7726
224 2385
2790 4987
4460 8816
7522 9355
4855 6066
2788 6461
3763 3879
1364 7967
5579 6979
2102 8427
6259 7527
2680 6970
658 7180
1792 9432
3962 4052
3401 8723
872 2652
3291 8347
5446 8568
7239 8202
3341 3564
178 1704
1778 8808
6413 6822
309 8959
6189 7322
2288 5245
77 1729
4360 5555
1648 7630
5511 7960
4678 6584
2056 5847
393 9140
6975 8238
3616 5180
2335 6563
279 6808
5923 9212
1935 7682
2817 4587
1741 4825
414 2310
4511 7351
811 5873
2842 8969
918 7288
2677 5763
1706 8649
3318 5201
4502 4731
727 8346
5581 8023
615 7422
514 6182
466 8241
3543 4235
1549 3105
1086 7353
7280 9347
2654 9404
1249 2998
3402 6997
6737 9198
3882 5461
2143 2886
8243 8814
1599 4512
2022 5714
7330 7519
3438 8728
2536 6223
1545 5971
7670 9238
161 2164
6032 8462
734 8455
3613 7345
6688 8535
1511 5074
2936 3803
6431 7158
1760 1940
5974 7803
730 3647
5302 8738
3544 7137
6513 8669
2184 4680
342 7446
2694 9186
3765 6885
612 3056
7196 7403
2153 9440
2040 4574
6056 7329
8730 8980
5906 7485
211 7435
874 5302
526 918
5419 7921
5432 5663
8065 9410
3580 4797
92 525
5080 9140
3012 7072
4769 7318
593 6826
7485 8469
86 6773
1410 8709
6877 8663
6823 7778
2990 8683
515 7294
2150 7590
396 1615
4789 5735
1691 2302
15 5968
1777 4632
4381 5273
3128 7390
1852 9320
1840 4093
8211 9213
1947 3843
165 9366
5621 5680
3121 8079
519 4006
1570 3955
2049 4509
3245 4041
8046 8049
700 4447
1061 2697
4141 8385
4008 6521
914 8603
1186 3847
319 5431
8445 8469
2569 3137
5533 6031
98 9269
7005 7177
1454 5421
2211 3457
3547 5471
1590 6645
4045 5334
2889 4809
1382 9018
5324 7368
2372 2612
1503 5314
3525 8092
4498 7397
6592 8998
4310 5264
2300 8963
4970 5893
3864 5857
3107 7402
92 9072
7369 7958
2256 4642
4438 4923
7290 9428
697 5671
675 4139
986 8419
7263 8578
2135 5324
1089 3026
1252 8256
1013 1092
981 1556
1054 8503
5935 8136
7015 7935
1818 2884
2270 6346
5389 7651
437 4209
3795 7883
2180 5542
7145 7503
5878 9290
6244 8128
3742 6972
1027 2911
883 6648
1277 5228
1442 2477
6068 7160
706 4214
6383 7946
822 4831
103 4970
835 1705
1856 2335
162 8312
5838 8474
631 3078
2190 4481
6326 7534
1605 4353
1223 6256
725 744
3904 7450
210 8123
1647 8541
549 8459
566 6221
2863 6926
43 6662
1038 2951
8039 8603
583 5320
2315 7557
3544 6503
1945 3146
5799 5904
974 7563
6029 8511
398 2505
3480 5949
2913 4220
2957 6644
3704 6854
3304 5802
6482 6913
7067 8229
3678 3789
1184 6338
342 9083
408 8792
1097 4955
4808 6640
3741 5670
3329 7144
1025 2848
848 2968
4052 4298
6408 9252
3533 6297
523 8899
5445 9075
2671 4838
4902 8655
1812 9055
596 5726
4417 8503
1958 5613
2350 8206
7302 7821
1050 6420
3141 3409
5532 8532
1505 2976
417 1036
3445 4243
5112 5470
883 5172
5080 7242
3661 5649
5784 9331
2914 4113
2724 3932
1303 5754
2074 3983
1191 2277
4115 4364
836 3160
2183 5898
4109 4560
4614 6688
2973 7524
974 6294
967 9244
2037 4619
71 3778
1599 1740
1926 4358
3671 6449
17 8244
92 2294
1694 6655
2108 6560
5456 6756
3931 5844
3868 6979
6338 7559
4467 8735
1804 8874
3870 7853
595 784
3657 8034
3342 8055
5230 6684
5719 9384
4539 9215
3959 8714
4502 8998
3479 6030
2962 5351
556 8432
771 1572
4426 7072
13 6826
3573 6836
7146 8982
5424 9291
3858 4948
1179 7621
2772 6857
3150 6582
3015 3451
6494 6673
1653 5045
1500 7470
2721 8609
1558 7903
3047 5986
4099 6144
7442 8030
2021 7134
5188 8079
1686 2989
5612 7239
1204 3730
1812 8117
4202 7017
577 8428
3102 3768
2471 6181
5786 6066
7726 9207
2919 3359
5318 5562
1384 3266
3210 7837
3937 5035
1742 8540
6379 7911
602 4513
1910 6899
2862 6459
1185 6444
1185 8119
6823 8790
7281 9109
225 6408
4344 7960
6676 8552
679 7505
375 8943
4999 6094
461 6080
677 8776
4770 5828
3063 4193
1431 3739
3106 6271
4506 4629
529 7995
2205 2912
6641 8653
1140 1592
3976 6546
6490 9362
3200 4859
7574 9326
5252 6310
3325 7571
1110 8786
4662 5085
1449 8292
4870 6950
38 93
2573 6316
2729 4126
3983 5613
1272 7350
4276 9255
1451 2002
1519 9350
2479 7038
4585 5283
5683 7012
4260 8795
972 8273
6896 9074
1367 8884
3591 5034
3569 6868
1899 7854
5028 7243
5628 6510
1077 8266
3639 4944
3664 6832
658 4631
2737 4238
5198 6088
172 3235
898 5888
3031 6592
4090 6369
4582 7069
5553 8479
3134 9089
8598 8892
8274 8444
7496 7883
5753 8342
4833 9029
6592 9172
3234 7085
863 4211
8146 8872
156 4285
2854 6940
2803 6903
1064 9475
5088 5147
2998 4165
3918 8820
1938 6665
1366 4688
6111 6407
41 1812
53 6722
4279 8301
5681 6234
6520 9421
2228 5838
1994 6630
71 6989
1106 5154
5620 8302
2473 3133
5749 8901
1406 8010
3382 6495
5052 6546
8104 9062
6037 9402
784 4769
5887 6997
2420 4050
2967 6997
3622 7956
1492 5558
1967 5006
7955 8295
6425 6671
3143 7885
71 2182
1175 1762
8455 8580
1219 2624
3259 5860
311 312
6069 7206
8235 8861
5633 7630
440 3867
7390 7682
1623 4877
7955 7976
6108 6312
2382 4499
1370 4082
3585 3941
2104 4223
119 2098
5597 5627
7587 8134
1826 5543
4974 8853
8865 8925
5595 6436
4048 6109
1593 7085
1893 5248
6932 8296
3341 4452
2739 8725
5534 6585
3057 4357
459 1765
4131 7406
813 4189
939 2838
2737 7214
1884 7756
1384 5757
5137 5971
1532 4092
5093 7469
5095 5164
3036 3749
2157 8451
206 3825
5290 5676
3297 6027
446 9452
4772 7470
3628 4498
6964 7257
2483 7755
6712 7974
3839 6539
349 2512
4740 6701
4025 9278
4753 9149
3033 3860
4215 9069
4221 8024
3169 3448
5251 6335
226 6497
2101 7717
311 1112
1117 7956
3682 7482
322 4093
3609 6862
2575 2619
5219 9037
43 6097
5457 8819
777 1619
2840 5742
560 7932
4122 7704
2335 5853
4524 9303
395 2278
1653 6693
3955 9277
7102 9303
1616 2499
441 6403
7281 8808
7526 8662
2091 7487
3984 5059
5240 5843
3187 8475
6419 8686
7365 9443
1732 8898
8212 8659
5684 8278
2021 3471
60 5502
1412 1983
1716 1947
5069 5633
7858 8529
5324 8385
6909 8481
2734 5352
946 6643
5582 5919
3616 8866
1195 5304
3846 6601
735 2856
1357 3445
4077 7671
2138 3129
6619 7915
127 1388
4810 5348
2045 9183
3415 7885
807 3279
6529 7445
3471 8108
5936 8176
1849 7336
6766 9452
2726 5854
6886 8417
3955 9253
7479 9136
5032 9186
2721 7863
3396 7256
554 7686
3150 9044
5246 6619
6960 8472
2830 5319
3297 9308
2957 6432
4673 7082
4718 8444
3876 4840
7555 7718
1725 6724
6810 8724
2991 7711
3917 8953
2937 7130
1779 2815
447 8895
4614 7133
1761 9083
6379 9317
5421 5994
127 5563
610 1216
998 2102
3154 6830
2054 5041
947 5701
3286 8720
3705 6683
1822 3009
713 7500
6376 8765
1527 8707
8441 9200
1540 7841
1175 7245
5987 8062
3409 5501
2303 4806
2405 6746
4242 8803
5427 8024
1166 4856
1900 8365
4279 7426
505 5212
4837 7197
6165 8869
5502 6946
5121 9176
520 2661
3323 3900
1322 7022
4643 7520
7117 9130
2083 7095
1358 6491
5437 7301
5406 7876
616 8470
661 6798
4095 9141
3284 8942
2926 9185
1114 7601
6735 8281
724 2371
2658 8802
5451 7827
4956 5362
944 7356
8209 9119
3953 8910
1847 2522
6863 9261
409 3363
6392 7015
7401 9045
780 3229
3390 5042
5942 9328
3150 7849
2665 4177
479 2222
6811 6920
8946 9463
3885 7636
6420 7362
603 6999
5027 7990
805 7975
2722 4682
5423 9036
3044 3306
1307 9097
4446 6184
5799 5864
5156 9138
1272 4425
1747 6980
5934 8092
1805 3195
532 2113
1919 5273
4894 8633
1048 5093
6487 7161
5001 7680
5682 6852
946 1999
1773 4030
4119 5231
4884 8145
690 4373
8846 9164
6668 8755
988 9024
4741 5554
1189 4292
522 2534
7095 7510
6 7852
6257 8382
5022 6450
6357 7381
1458 3949
8989 9297
2125 8590
2029 7791
2339 4385
442 9335
748 2296
5615 5980
1465 8470
1543 7699
3980 7075
7421 8807
5071 5604
4738 7376
4689 7261
852 4157
5511 7108
392 4888
8309 9064
6673 7583
1617 5024
4156 8302
5535 6917
8003 8256
482 5762
4517 5618
3992 7038
2777 8766
2762 5458
4374 4861
4596 8907
7060 7720
1695 6541
1208 3776
4662 7070
4139 8903
1572 5208
2803 3731
1119 2779
2707 6344
4560 5087
776 2822
5094 6136
5597 9263
8966 9237
3954 4127
1078 7660
3234 6992
4495 4823
1772 8409
5228 6543
6366 7831
1093 4614
1750 5115
4278 5790
5487 6099
1450 3284
1215 1549
7072 7150
1368 2901
411 9296
7566 9200
323 7520
1970 3827
7863 8360
266 3619
2487 4312
840 5859
53 8416
6761 7588
599 2436
3929 7552
4987 7980
1162 2226
7972 8379
3629 4584
1367 9169
311 7908
5518 6900
654 8711
7454 7504
1848 7263
2687 5086
1841 2431
1070 4750
4557 7591
7012 7541
953 6157
1001 6295
5339 8070
2070 3452
8269 9252
5302 5754
2120 3998
5498 7251
6000 7421
566 8758
1896 7310
1911 4919
5110 5707
3084 4642
315 6567
71 7078
2564 3777
5478 8039
4999 7414
3604 7851
6408 8826
2119 2474
5116 5475
1445 3774
3727 7961
641 2563
2103 7103
939 4634
1063 8043
2190 5398
222 4279
3996 6360
2978 3302
4359 4487
4585 4716
4026 5553
2461 4891
2722 5805
8071 8947
1637 9070
4497 4882
1728 4530
3871 5540
386 1304
3629 4208
974 9410
2721 6592
1401 6808
2538 3355
6796 9288
724 922
4967 5666
4304 9452
3607 4227
735 1196
4114 8468
252 4289
2387 8088
1407 7000
2395 7522
2240 8276
902 6664
3584 4385
1438 3564
8901 9189
2068 8665
4061 9400
4290 9468
7668 9483
1549 4288
2296 6457
3431 5433
1309 9470
1611 4400
2800 6812
6125 6211
9059 9186
5122 7121
644 4986
33 531
1529 5910
666 2062
7796 9026
927 4085
3739 5255
7067 7227
357 2249
378 5487
847 5601
4891 6385
3039 7409
2799 9028
1800 8467
1939 4681
977 8012
6695 8645
25 7624
333 7077
1092 4538
4879 7958
1345 5597
728 4205
2507 2896
3219 7193
2928 3573
199 9399
1946 3671
169 3690
508 592
212 5613
4952 5129
4650 5617
3252 4341
5293 8103
1109 3490
2810 3706
4843 9329
6626 8062
2805 6077
3259 8402
1163 8937
1870 7881
208 6433
2628 5365
448 2654
1139 1451
360 7914
1636 6471
2782 6019
6947 7904
3760 7186
7867 8409
884 2111
1776 4376
3812 4262
6787 7412
2466 2812
4884 6818
1157 8092
887 7186
3211 3332
5907 7945
5237 7613
1275 9011
3680 7884
3145 3261
1482 9130
821 4718
4599 5619
2050 8631
2081 6481
4044 8367
3132 5317
3729 8628
3406 8658
6035 6523
76 8263
7302 9314
3900 6013
7775 8033
1921 3048
8190 9389
786 4773
4259 7569
406 4406
2610 7741
938 8804
4796 4981
2131 2722
2000 5556
7938 8063
8050 8442
1549 5543
130 937
3312 8297
2306 7475
4941 8732
5640 5788
4988 9293
3985 9250
2642 4480
3711 7331
275 8230
2817 7564
5263 7696
4237 6082
6634 8573
4975 6409
738 1669
7787 7859
179 4178
6263 6846
5405 7834
6123 8945
1698 1813
127 6996
788 8084
3793 7566
4119 4488
73 3858
451 1400
3916 5626
1611 9379
2956 3948
7373 8313
3952 8594
2625 7595
618 4795
7230 9422
50 9395
501 4115
5109 5191
428 5476
135 1468
1377 6826
4485 7147
2460 9353
1497 5419
2246 4782
2083 7784
1829 3040
8240 9071
2993 3569
329 9276
1071 1337
6578 7080
2496 4254
7340 9166
2719 6931
5006 6347
140 3345
9233 9395
4644 8621
390 4660
864 2421
2887 3538
2563 5555
2564 6841
243 6962
950 4567
804 4704
1429 8413
5640 9190
2876 5902
2902 8103
148 2670
970 5263
4348 6812
2056 3161
1401 9274
1120 3496
3762 4013
571 7697
729 1269
2816 9288
6653 9047
3236 5696
3847 7982
4091 6688
4689 7917
3536 7167
98 7029
96 1434
2215 5589
594 6650
3360 8634
777 5094
5985 9063
4580 8893
6859 9382
1507 7054
5886 8035
4878 7051
3150 7205
3780 5976
4332 5740
4858 7031
1591 7442
3716 9217
935 8810
4785 7115
1930 6135
5877 8772
5858 8486
8880 9191
4032 6141
2383 8691
5396 6914
1959 4712
4693 4729
850 1467
4228 6767
6032 6487
4200 4461
6000 7922
873 9022
4816 9397
771 8001
2779 8214
4885 5651
2587 4483
756 4938
1547 2401
7827 7973
1047 3630
4004 6091
1475 6749
3878 7661
2225 7275
5266 8916
965 5183
2991 6386
6530 7329
1944 5533
2609 2721
3873 7471
8319 9466
4730 9262
947 7477
3495 9417
2683 8254
356 3531
3914 5729
5982 8473
279 8521
1041 6899
7501 8538
3267 8278
7674 9292
1096 7554
93 6413
2149 8011
1366 2582
462 5663
5 8056
5123 8185
4342 5834
4351 5101
1890 3297
735 3314
1308 6558
6261 7444
4554 7905
4951 5408
5563 7168
1195 8485
2252 5242
4983 6078
1827 2515
2340 5087
5878 8527
7297 8549
6663 7258
3243 6458
2203 5719
6203 7168
1684 6429
562 1328
1068 2213
3597 9217
1176 5615
6894 7879
1195 8608
3286 5218
2471 5280
1725 2646
5382 7772
5079 7860
1585 4965
3090 7371
574 6395
620 6821
3339 8014
775 7796
2954 7138
5580 8522
4101 6349
3600 8607
1540 4679
2224 2803
87 6061
674 3301
485 7085
5130 8323
854 7925
1547 8248
4686 7483
1087 1522
4042 6629
169 7480
943 4337
7207 7996
2112 8601
3875 4548
2964 8928
2432 9479
1044 1897
2200 3654
3480 8976
3142 9479
4387 9198
6754 7292
404 2588
74 3657
3925 5720
2911 3674
4990 6602
5016 6300
3741 9112
903 3963
130 5636
3661 7508
3601 7027
1291 5806
862 7395
3966 7869
5597 6186
2140 9186
3355 5904
1767 2947
5944 8812
1487 7806
935 9424
4221 4295
2804 2845
5393 9410
2456 6249
3072 9116
399 3322
212 8824
738 4354
5277 6487
440 968
1652 5359
3872 8630
7690 8024
4236 5841
4433 7682
5515 5644
4750 7330
709 8650
3688 4603
6396 6618
2284 7601
1711 8193
1429 3445
3291 8993
1021 5337
978 3290
2605 8783
258 1404
5962 7331
2527 6381
1147 4693
1301 9186
6026 7783
242 8920
483 3386
4035 5545
873 8560
763 7574
352 2937
4510 8706
5202 7427
2285 9272
2839 7236
1303 1851
392 7417
5348 5956
919 1341
5063 8210
3305 3671
2478 6816
3543 8984
308 7094
3186 3764
836 8019
3271 3983
5217 6624
3405 5743
216 8012
3283 7677
5601 5850
986 9345
658 7668
3986 4052
3733 7818
2824 6566
3042 7773
1272 9277
4443 6910
3157 8920
1150 4405
1742 6301
1281 8782
1060 1566
2799 8942
192 4197
1024 1902
1069 3214
5730 8054
1285 2665
5545 9418
6622 8493
2434 5451
548 5442
4590 7693
7598 8808
173 217
5894 5990
5994 7232
7664 7753
6744 8481
7967 9011
1859 7803
2648 4308
1162 3872
1796 7993
88 244
3073 5080
1808 2360
224 1804
2203 5459
3694 9457
3250 5517
3033 7079
4454 5299
579 6997
5289 5522
286 4191
4097 9133
848 6287
4171 5004
3863 5625
3565 8352
4887 6716
3643 8790
196 4899
1399 8206
4142 4335
279 5938
900 6790
5751 9127
3135 7440
3604 6921
912 3598
6092 7597
4672 7668
1198 3761
7069 8987
5696 9007
7721 9250
445 8438
5512 6323
7202 7709
2170 9163
6696 8000
3736 3957
1543 7295
8351 9105
2101 8094
7038 8080
69 4345
3094 8852
5121 6717
5547 5674
4313 7889
2714 6200
1379 8101
8719 8889
2470 8365
611 2188
3730 5410
505 6416
1510 8906
2278 9247
1216 4942
7491 9250
4084 4992
5357 7537
25 4685
6139 8355
2062 9416
113 3827
1770 3635
4412 5345
1250 5295
424 4987
5665 9244
1864 3774
1467 7436
4437 4443
4646 8482
1568 7129
240 2644
6949 7657
56 3532
1604 6282
1039 3678
5005 8691
1977 9319
3409 5963
5227 9257
5789 8879
2232 5627
5622 7981
5211 7995
5308 7738
1006 8486
1820 3814
6296 9222
3410 9216
1014 2566
1599 2942
5966 8963
1056 5174
5745 7191
1235 4218
3449 3704
7403 8493
4650 4963
3706 7963
6952 7000
2222 4471
3692 6589
2650 6030
1696 7734
915 2745
4370 6570
1529 3334
8168 8324
192 1615
330 6279
6246 8997
2661 5248
36 8268
7820 7826
546 1781
6529 7870
346 5185
3567 7470
4341 7513
1400 8321
662 8177
1242 1486
1526 3318
5890 6487
7173 7903
8842 9126
2575 7339
2440 3086
5147 7870
2561 5949
8103 8308
1454 1775
6085 7641
617 8830
2960 3745
4330 5887
5958 7972
1525 3706
6725 8194
4815 7951
407 6791
4220 6343
5703 9197
7531 8223
6948 7092
6523 8320
825 8101
2333 6423
1542 8293
2334 3932
2721 5495
5272 5870
7709 8999
523 8075
4635 8900
773 9393
3623 6801
3442 7384
6286 7203
372 7399
4600 9025
3659 3864
4328 4902
1609 3947
2145 3790
1677 4086
4642 5626
1573 6662
514 3338
6978 7495
901 2609
5979 8561
1183 7526
2255 6565
4213 8046
2208 4959
2318 4485
1043 6074
6354 7329
3755 6785
1421 9124
2288 4063
4513 8495
2099 6726
96 1284
2299 6757
488 6018
912 2645
2941 4258
146 6384
1417 3910
2803 6663
894 4443
2031 4725
1512 8761
4254 8979
4403 4700
1106 9315
47 5514
5032 5193
1876 9067
1170 3933
3935 4850
4709 7860
1137 5106
1424 7312
5112 7598
8913 9011
7353 7592
7920 9391
192 5950
4207 8918
3136 5830
113 3705
3233 9183
5260 6946
4189 7678
1655 6397
4819 6936
1361 7702
2633 3128
6072 6598
3736 9271
5575 9059
898 4210
1953 4715
575 1028
1095 3272
1487 2991
1253 2562
5242 7033
538 4022
7810 8450
5350 7567
5081 7792
2464 9178
5807 6369
1509 3021
6515 8784
6000 8146
9044 9370
4131 6073
2164 7506
4007 4863
270 7556
4074 6984
3205 3357
800 6548
2268 7187
2477 8130
1331 2790
610 7354
5132 8160
2497 5370
2102 2217
4818 7871
2938 7838
1586 7891
4284 9474
192 4068
368 7675
6486 7865
7415 8938
1997 7025
7682 9160
3197 6560
3731 7730
7773 8139
7593 8989
7021 7927
1200 3370
4299 5325
6234 7453
799 9325
285 3894
3254 4572
6862 7728
8869 8901
3561 6504
4425 6427
1356 7540
569 6974
2523 3878
3564 5633
2896 6379
6887 8651
3520 6541
2531 4990
8033 8129
3775 3805
2934 8390
2484 3475
6095 8561
1441 6740
3623 7292
4961 6956
1739 8658
927 5167
2769 7928
5042 7916
3915 4997
3857 5342
1117 4270
1043 9295
1413 1591
6492 8233
5763 7863
1636 5137
1905 8536
4172 8622
378 1814
8582 9091
3179 3319
4571 8766
5874 7787
2545 5742
3171 4964
2379 7168
3032 3368
1027 5721
3477 4454
189 5409
4405 4934
575 6426
514 2397
2701 3462
3355 4396
155 2192
738 3648
1675 1878
3812 5933
4237 9221
2674 3985
1578 4220
5327 7098
2636 5822
7803 8620
4420 8227
1071 2628
4401 7315
5924 7095
7827 9096
664 2443
4156 6658
7792 8290
6622 8532
6138 6875
4275 6089
3820 6417
952 2090
2275 9108
828 8119
3810 5118
7724 9135
809 3234
2505 6663
561 9032
2523 3297
5335 6725
1212 8778
3944 5631
2648 7797
2245 6604
6958 7590
242 1472
5920 8619
539 3153
4482 4840
540 8779
259 5643
6291 8732
3457 5080
4765 6657
4399 8768
2061 6400
3656 9198
4455 6819
5123 6141
350 8603
3373 4323
1465 3593
1448 3988
522 6753
5879 7916
2542 6700
8419 9472
879 1827
106 4936
774 5662
1197 4176
1355 6977
3240 6806
796 8336
3882 4989
1575 5272
5190 7410
2564 5242
3728 8430
2340 5343
5252 6985
4602 8359
1063 6921
3835 8668
123 8501
1697 4240
1249 8359
7538 7838
131 8346
3915 6610
1468 1929
1032 1133
6839 9397
5844 8362
909 1448
5930 8124
2523 6124
2474 8056
2212 9268
623 6004
5428 5859
716 5357
3859 7279
3308 4367
1931 2804
2596 3548
4476 7630
3587 6057
6019 7727
695 8148
154 6500
1795 5480
1046 6308
5846 8760
6988 8745
1240 6725
3725 8675
5371 6613
1045 1645
1084 5665
4045 7374
2561 9088
5000 8427
8318 9101
1929 6720
1728 3129
4154 5725
2139 3393
560 2569
1843 4200
742 2936
4268 8683
2972 5991
5479 8380
7604 8218
4714 8143
7786 8657
1245 6043
3031 8875
522 3216
2896 7797
2276 6486
2116 3531
5000 7923
5949 7292
1866 3590
2329 9129
8797 8906
1175 5018
8195 8828
273 8203
6215 8092
5462 6861
1886 4443
6824 8449
4563 8838
497 4710
1948 9158
4915 9283
3031 7424
1429 7941
1979 8843
2005 8156
544 5725
2840 9168
5960 6227
38 4286
3401 9396
2669 5103
6081 7799
1170 4789
2500 9391
6240 6642
7690 9443
3092 3328
5990 9079
317 7115
6775 8929
920 2563
5092 6275
3306 5816
265 2636
1058 6436
2642 6243
8539 8812
6896 9179
6548 6869
5650 7951
1354 7938
5414 9103
3237 5882
8387 8699
6350 7039
72 5258
5795 9331
3708 8645
3647 5599
2712 3853
1040 1639
876 4455
4153 5443
4748 4833
1317 2969
3749 7835
5800 9096
2741 8789
917 8565
3565 5354
626 7295
4413 8602
187 4730
5169 5627
3778 9434
6692 8522
2564 6129
460 2282
3419 8642
971 8145
6226 7793
2352 8400
1245 3335
2789 8424
8151 8304
1065 4205
5805 9143
7411 7899
993 2884
5468 9272
2280 3497
4011 6636
6533 8901
1248 6895
3538 7691
1294 2342
2409 8613
1619 8863
16 1184
3299 4488
3809 6084
5 4979
136 5498
815 2265
807 1248
4011 7879
4107 7387
1767 6764
87 1614
2588 3904
3896 7364
2907 5444
4961 7096
5468 6549
5707 7409
3850 9083
1339 3117
4486 6051
3931 8771
3011 5794
1556 2502
1752 4899
1652 8779
631 3299
5370 6383
6276 8920
4117 6899
3834 8723
1962 4358
5851 8850
6132 9232
507 5755
1363 6622
5103 5656
1916 6084
1400 7747
5669 7483
6324 8981
1523 1736
3838 6701
3457 5960
4517 6874
128 1958
224 2556
6487 9091
1660 7769
5402 9375
3647 6532
6263 8833
1502 8800
1004 3146
1268 9271
1287 8498
150 5659
255 6807
4977 6464
4895 6685
3612 8519
4017 8926
8236 8374
4563 5230
2267 5695
1691 5661
4814 7771
268 5759
8869 8917
4423 8664
184 3000
212 3678
4243 8461
1848 8358
3790 5047
4326 8369
7632 8345
2721 4476
2801 3124
714 1383
1695 3663
4508 6867
1584 5887
3121 5448
3113 6679
3586 7416
1500 9254
4249 5229
1973 6670
4289 8586
2102 6377
7868 8585
4475 8839
3672 5685
6140 6660
1215 2060
1550 9280
931 7256
4781 8940
1240 9059
1316 2519
1988 3506
67 537
3182 6534
5458 5617
666 6810
403 1528
2072 5922
2420 2460
2633 7837
758 7170
7609 9440
4350 8170
2429 5232
6200 7348
7408 7738
2486 8507
2717 6234
430 7462
1489 5143
6513 7097
2321 7285
540 7862
501 9066
1187 6839
7391 7891
3002 5892
3219 6926
652 3295
2295 5120
4058 9360
4431 9059
609 8142
2528 7256
810 5540
3970 4082
4302 6742
1611 4525
6175 9009
1389 4181
4808 6139
179 5789
1912 7672
2614 7726
3400 3511
1434 8837
6057 8269
5850 6278
1601 6632
1565 5142
3234 4504
3005 8433
4198 5122
66 7874
3644 8698
2229 6254
961 4921
3819 8326
136 758
4254 7352
713 1151
2086 6652
2869 5383
2942 9115
804 9346
1982 8598
1628 6578
7701 8387
1056 4792
7668 7687
2749 8656
7025 8086
9220 9233
7211 9015
7427 8103
3465 4080
2640 8000
4332 6861
3008 6578
8119 8253
3725 4537
2168 3721
2175 3981
3800 8460
1825 8823
3785 4057
1091 7387
3401 5872
2771 2858
3496 4425
1733 4641
3746 8737
3330 7229
130 2560
1099 1923
335 7522
4179 6529
3681 3998
4406 8120
2703 8517
7637 8457
3335 9372
2852 3848
5677 8276
1146 6248
3449 9324
3225 6196
405 3746
2909 4183
340 1346
3097 6393
3862 7101
1492 8747
2636 8314
1561 2629
2205 4338
4930 8776
1461 4947
965 8430
8877 8970
6424 9142
2024 8051
1707 8425
1996 5679
3129 7956
936 4331
1510 3566
8456 8775
2417 7327
477 3355
6918 8113
6281 6617
1555 8631
7329 8659
1915 8476
7131 7151
621 7455
1017 2796
589 7600
2569 5569
2 6376
1406 2435
1868 9110
5559 7552
579 3253
1492 2382
5849 6481
1665 9218
161 4301
8127 8131
3693 8597
4042 4340
1395 2475
1470 6838
917 9094
6833 7271
7740 7956
2923 7785
2841 9301
1780 5676
4713 8746
7198 8415
176 1516
1247 3821
2406 7079
8307 9201
5769 7809
845 2418
5361 8879
4530 5474
784 3187
1578 5249
8808 9364
7717 8165
427 4980
5599 6368
5120 5124
263 3049
6821 7184
4835 5137
423 3583
642 7527
949 4267
2924 3373
4096 7764
4486 7777
2044 2911
3195 6449
864 2353
3050 9366
2927 6302
3530 5386
1017 7233
1017 5194
1221 1720
1399 7656
6322 7758
729 5737
4777 7730
3359 6182
862 5736
2875 8217
791 6191
5426 6628
685 2160
729 7824
682 5292
3421 5717
552 6314
3771 4223
374 8718
4996 6803
2608 7562
4066 4988
2678 7622
1328 7455
865 4481
3458 5284
5416 6234
934 4080
5476 6415
2373 4479
1315 1962
5346 5400
6299 6483
6499 6936
238 848
661 8181
3851 6592
474 2293
1715 5774
351 1264
3782 8589
4068 5062
2274 9208
3300 5591
5126 7877
237 4735
6889 8954
2345 6266
2160 6052
1997 9219
296 7697
1023 1928
966 4165
2521 4841
7274 8640
3995 6369
2185 6486
4379 5050
5248 9243
4134 4705
2879 4720
228 6177
3869 7671
6510 8697
1633 5581
2833 6783
3269 4358
985 1545
6718 9394
4558 6688
6581 8212
3703 8989
803 5364
8053 8571
6019 7930
5513 6553
1906 2299
3590 5858
6341 6670
1613 4084
8057 8470
2274 9361
400 7875
2058 4437
2840 8660
5596 5916
367 2948
1876 2434
2269 6924
7585 8189
1357 1789
3395 9083
3967 9429
771 2067
4351 5588
8230 8692
4492 8680
2879 3138
2386 7235
250 6515
3431 9409
4616 5126
1184 9270
2720 3515
2451 7349
6235 8200
1548 1758
2484 6994
3913 4606
2225 8570
1403 7499
3051 4315
2538 4474
2096 3735
4598 6960
7079 9212
973 4888
3153 8384
5764 6460
7366 7558
6885 8249
3020 7118
6182 6877
2547 5451
3695 6366
958 7010
962 9443
287 6529
2848 4309
1742 3026
739 9064
7695 7892
2066 6622
4936 7636
3109 8017
2533 8820
5438 6939
2441 7350
3816 4643
3276 7423
3296 4207
4332 8363
2199 5418
1908 5161
1292 8693
3618 8752
1465 5316
908 6511
879 1488
2003 8796
3805 6364
3562 4350
4744 6787
1900 4779
5687 7829
6864 6957
3741 8959
3900 4658
856 9148
879 1786
5029 8254
4990 6633
5172 6371
997 8548
4357 5627
5155 6003
2045 4034
3827 7641
2189 8934
5873 7998
547 9077
1462 7725
6464 6923
4915 6314
2563 8497
6777 8660
2495 4195
4001 4657
1649 3693
4789 8865
5023 5082
33 4970
5376 8538
2832 6923
1676 3571
3468 5016
6485 8151
3485 5652
2519 5903
7095 8699
107 1616
3026 4248
2224 2860
6370 7186
1652 8942
1415 1669
6800 7089
4211 6999
3234 8285
7164 8836
5850 7279
2765 7007
1330 6871
6918 9453
2599 8231
2269 3818
4646 8361
553 6577
5368 8035
2804 9054
1831 4420
29 977
326 1171
5996 6923
1794 7703
5902 9242
3992 8652
960 3597
8120 8310
5731 7093
3030 9080
3405 8637
1910 5687
2895 8790
4424 8032
3734 8843
1734 2665
4338 9374
6072 8187
1958 9304
5637 7738
4792 9427
1011 4228
780 6988
2344 4269
3296 6127
5693 7666
5418 8856
4532 8533
3126 6503
3942 6273
5793 6766
1273 8534
7110 9105
1030 2097
944 9008
1136 6974
5034 6438
1110 6498
5486 8926
6474 6973
7323 8740
3866 7372
48 5682
3586 7563
791 6284
4190 5646
3556 3648
3418 4662
487 6432
3840 8948
3381 5397
7789 8646
136 5391
6195 6476
3899 5377
5496 6588
2878 8403
5501 8732
6598 7716
2283 5627
4963 7467
4514 6880
4965 7886
4018 7284
6677 9464
4795 7767
3580 9286
2484 3937
2381 6316
4302 8494
3913 7902
412 2187
3176 9137
1351 9149
27 2350
2695 9447
993 5587
1452 8364
531 4378
3044 4437
2853 5007
2729 7705
7314 8566
186 7671
1924 3930
728 5152
5203 9112
1970 3753
2998 4287
959 4403
2384 2898
610 2459
4789 9343
1067 7851
3479 7404
5137 6026
556 9348
701 8860
3595 8789
2879 7878
1214 2530
1308 9126
2803 3066
2190 7634
8665 8901
4488 4779
1200 4541
235 8781
195 3515
2897 5159
6558 6629
341 7811
6991 8701
990 7433
5471 7850
3488 7044
4686 8967
7334 7939
6540 8837
4220 9224
1561 3035
1042 6575
6254 8086
1971 6825
5177 6823
4503 7483
3741 7108
6678 8277
6273 7622
315 5524
1027 9081
3354 7645
8039 9053
5764 8039
2517 5575
6365 9271
96 8588
1000 8230
5717 6300
526 584
1635 2910
2262 8750
5723 7836
6712 7139
1311 4044
4123 6906
2237 2833
2407 2878
2148 6099
162 269
3154 6789
886 8011
7041 8056
799 1666
619 1052
585 8488
5817 6503
547 784
675 3127
5388 8086
4095 4233
5162 8843
4378 5020
6891 9029
3543 9464
8417 8479
827 4726
6224 9211
363 5065
6734 8064
8818 9188
2526 8248
3190 8791
336 2741
4529 5102
1943 7705
1841 2776
5243 7825
1602 1787
1283 6990
979 7902
7034 8615
4539 8087
555 1384
2619 6182
2254 5534
3787 8548
1294 7554
7360 7489
4375 7114
4334 4878
4408 5562
2464 5156
457 1884
7507 9144
4042 8645
1990 6400
1471 3148
627 1273
3116 8798
1308 4724
758 3074
6059 9093
5903 8332
7964 8808
7961 8206
1461 3112
5395 5435
5592 5990
634 5541
2425 8428
1895 8504
4603 9476
3480 8543
3598 6378
349 8449
3212 6129
207 5164
2785 5556
2716 5807
3680 8246
1124 4560
4419 8633
4239 8150
1670 6414
4192 6312
4532 4594
7032 7911
3744 8897
6712 9137
2525 4632
2965 5314
5058 7792
1461 9261
366 4280
5792 7036
443 1894
2388 9177
7207 8127
3239 7782
5216 7928
6345 7572
2747 7321
2596 8396
4476 8989
4158 9103
3401 3902
3170 3607
1392 9350
1585 3045
4396 6911
1547 7280
2680 3286
2109 8923
3050 4222
3280 4985
4518 9299
575 2432
96 9452
2551 5951
342 5663
3936 6774
1544 5107
1571 9121
3972 7832
3520 4793
4383 5924
466 8078
8127 8257
3197 5349
67 1313
345 2340
201 9457
7249 8844
7563 7961
1137 5774
3884 4321
6446 8669
591 8879
2531 3500
556 4347
1180 9433
4811 5919
6940 6980
2598 5005
5237 8501
633 5435
1182 5201
231 2674
1918 8579
3457 7098
668 3111
2959 7705
683 8543
7542 8059
56 2379
7693 8368
6307 9056
2417 3400
1706 8121
4192 7581
3145 4161
4882 5761
4961 5554
2725 4132
1904 7087
1549 6127
4220 4597
4425 7478
515 6329
2411 5511
653 3823
7192 8624
3194 3250
1320 3879
1688 7571
6995 7401
3872 7988
289 3726
3318 9011
400 2149
4924 4967
1910 7017
4418 5700
116 2292
6083 7228
2533 9281
394 4129
95 4140
245 611
4879 8933
5135 7524
6100 8228
3539 5752
1448 8772
5945 8977
2781 9276
570 2786
889 4089
7773 8401
2088 4443
643 7470
6999 7208
2643 5284
3318 9255
2177 7578
2216 5464
2667 9410
784 8298
365 875
1191 8604
6908 9306
5022 6159
92 4525
5388 7774
1993 7570
723 7139
509 2075
285 9332
2486 3558
5821 8536
5582 8879
1417 5044
1107 8082
2968 4497
2498 5887
3170 4014
1314 5204
5782 9057
5042 7535
4905 4957
2741 7267
2448 4201
1031 9330
7683 9363
3824 5253
3330 8805
2102 4853
6153 6274
6954 8365
997 8013
4565 9077
784 4622
4358 4772
2328 4879
2331 4925
1776 9181
3408 3648
6244 7321
3219 8996
650 5714
4176 7326
1727 6539
2302 2413
2384 3836
1987 4347
5270 6121
3512 6881
2700 5204
8105 8910
6907 7248
1897 4120
5228 8843
526 5914
1065 7766
7476 8569
7918 8373
5301 6251
8561 9348
8195 8686
1627 4213
6039 6885
6413 6434
371 8929
2005 5274
5647 7470
2519 9419
2008 5549
501 9192
1421 1726
6308 8109
83 5961
372 3480
1077 4997
1101 5611
3186 3440
6786 7421
1567 4487
1733 8490
5290 7924
52 919
2899 3743
1912 4912
1978 4588
7034 8577
4794 5811
3084 7363
5952 8224
3662 5451
1209 6164
597 3130
2606 7034
1500 5251
1188 4433
5300 8009
74 8208
7524 9229
5609 6240
3361 8124
6246 7463
3741 4989
2246 8667
3286 4247
4130 5653
6531 7255
5537 7024
3263 8775
406 4475
4680 5442
5353 9255
663 4764
6870 8070
389 3126
511 4649
7091 8515
2412 7641
1681 5415
491 9287
194 773
8647 9335
2026 5804
3330 4680
2876 8727
1336 2596
4200 5407
4362 8244
3186 4188
1033 4204
6466 7428
5446 8559
1421 2422
8429 8971
178 3023
5404 7425
54 373
104 9358
4388 9353
6269 8765
1647 3564
1523 6940
3283 3938
514 6876
1108 2638
5495 5791
5713 7956
3083 4941
2735 5879
3877 5644
6719 8444
5588 7036
885 8512
5568 8792
4064 8111
2084 4459
3970 5500
8646 9083
7391 8744
4303 9166
1013 2055
4306 7452
2706 5342
52 6069
5859 8276
2227 7052
4062 4877
3637 6157
6900 7392
3197 5512
5964 6129
2998 8858
1256 2020
1304 7520
2613 8008
5100 6776
1533 9251
5544 6619
3356 4143
1508 1749
4621 8746
5117 8926
4510 4790
5699 8888
3722 6473
781 1279
4530 7223
7230 9395
4426 5394
4175 6393
393 7291
5339 5351
6705 7648
70 705
1529 3523
4485 5334
9202 9246
1219 2245
964 6683
2032 2658
128 8893
530 6031
6940 8184
841 9461
4651 9380
1244 6264
5652 7267
1761 8508
2858 4390
1794 6712
1953 8108
320 6908
8253 8962
4595 8470
1507 2481
64 3155
7919 9408
4828 6933
3784 8879
2346 8915
1855 6667
3646 6384
1237 4025
3194 6201
600 9480
4626 5750
2589 8603
23 7422
4531 7798
92 464
1417 7479
4055 6491
2144 6271
2290 2981
4476 7260
770 5421
2827 8421
2239 8955
1758 8138
7296 7718
5999 8688
719 5435
1399 8220
2585 9309
531 6857
3291 3764
5642 7375
3603 8538
6998 9461
1661 5839
1597 8127
8929 9038
5118 7231
2369 7153
7460 8306
6701 9460
6825 8621
1478 3962
9083 9404
911 4103
2580 8834
7218 8371
1355 7893
1942 7062
2683 9440
623 2336
1454 3235
388 4483
1990 5570
962 4436
340 6007
2030 7659
1160 6079
320 3339
2405 4617
2787 5171
3454 4230
1409 8355
5985 6575
5201 8733
3694 4701
1831 7384
1019 1532
558 1108
275 8595
349 609
2406 6992
990 3202
5439 7124
475 2239
1556 2399
6377 7705
4481 5732
1662 9036
5077 7410
3205 5536
362 8178
2540 2920
3038 9087
1300 8980
5718 8651
9071 9356
1250 5200
5410 7391
868 8825
5037 8310
7023 8776
2725 3088
3922 4987
3899 4409
3146 4213
2432 2770
4147 6138
1340 2249
6505 6833
4320 7600
1442 3444
1343 2761
1675 6847
4516 6043
3217 7277
2027 6691
1819 5238
3711 7573
6231 6302
1723 4934
1797 8289
2621 7503
292 1593
2699 5960
2749 7037
112 825
7659 9160
3918 7308
4525 5929
944 5859
210 1290
6762 6770
212 3082
4956 8675
325 7853
2679 5028
2564 5129
4311 7084
6941 7013
2845 9096
1833 1861
2124 3129
498 7657
1306 4802
6451 7337
5438 8891
3108 3417
1158 1588
617 6515
1966 8879
6133 8729
4792 5806
5435 7726
2287 5861
4486 4808
22 8168
5425 9107
1175 3474
5936 6918
1743 4686
472 4789
725 2561
6309 6748
2424 3611
2267 8238
610 8299
2287 6713
2220 8851
1750 4650
2736 9289
5793 5994
7937 8726
226 6745
3561 7627
2319 8304
6793 7563
840 5814
6246 8486
1054 5070
2708 2896
1444 2567
155 3041
4330 4469
5047 5158
5477 7300
4048 4488
7210 7952
4172 4264
4325 8409
153 1443
3647 7595
4890 7040
104 924
3197 4322
2148 4401
4882 6162
440 3759
7469 8754
2417 6882
881 4262
3939 4545
251 4872
760 1747
2372 7515
3151 3726
842 3089
3489 6849
3000 6141
364 4391
6537 9407
1376 6821
863 8785
835 3355
4719 5725
8045 8924
1421 7513
3960 8981
661 2748
6503 6613
3409 7883
3393 6969
315 1166
4138 5781
6033 7864
1836 2434
4651 7913
6300 8929
1707 2417
574 7860
5469 8852
4353 7454
244 1476
4687 8272
6325 7222
285 818
6829 8501
7739 9373
2853 7807
1014 6963
5994 7920
6093 7620
2871 5278
42 4200
2893 3483
9 957
6871 8219
5176 5279
543 2664
3779 3780
2318 3943
2366 7402
7083 8868
878 2890
1142 7685
5201 8072
2455 8966
2202 6776
3572 4838
3393 5773
3227 5090
4597 7894
716 5767
195 421
6817 7318
447 4422
3374 4414
4960 6220
748 6517
7354 9162
6305 7781
7418 9322
912 2314
994 2622
1596 5094
1608 5025
4760 7112
4591 6979
4625 7671
3996 8076
3770 6852
5547 6652
3898 8361
3612 3671
4409 8741
543 7643
4207 5644
3226 4871
7187 7391
209 8844
5553 7850
2123 7307
778 4334
6671 7472
3471 4798
3087 7855
3432 8561
8074 8603
1830 5147
1925 3851
1106 5420
4574 4893
3601 8836
3096 9252
6464 6693
6533 8736
5173 6960
5451 7606
1985 5101
3706 4375
1384 5675
3 6248
6821 6959
4488 8279
3561 4025
5639 8106
4822 7438
716 8609
5115 7950
6614 7564
3914 5183
3714 5509
98 486
5421 6043
2222 9144
1308 5404
1344 7225
1771 5773
3544 5451
8005 8956
3528 4126
709 7824
2183 5809
7698 8623
837 6895
6313 6920
2833 9147
2608 5133
2028 3288
4551 8055
3264 8810
4652 7978
3201 3684
2855 7900
1395 4497
496 8954
549 1595
598 3111
2106 8887
2089 8787
659 3131
3106 3146
1144 3729
2545 4554
258 6143
30 2442
4570 8302
5579 5941
2511 9473
4006 7429
5225 9393
2797 3999
4858 9352
16 4073
4600 8090
2535 8991
8668 9477
8158 8700
4348 7236
3964 9155
4542 6021
2494 2760
3083 6850
1118 1952
8328 9410
3754 4696
6861 9378
1592 8863
1270 2963
4227 4458
3315 4345
5076 9441
785 6369
2396 8605
5723 8400
3842 3851
734 5601
2653 5749
4515 4854
877 7403
572 5961
1218 6117
3069 8463
6566 7241
290 6327
2240 6569
3336 6552
3154 8469
4900 6384
75 9214
1574 4975
6373 7635
715 9276
7034 7835
4075 7297
4449 8968
4611 8085
404 2882
2212 8910
212 8775
6178 6453
743 6376
6604 7580
242 3246
247 1685
3343 3841
585 8108
2834 4324
2411 8922
2057 2898
4727 4953
2532 4836
6212 9288
754 4726
4657 9246
5384 7427
5161 6376
509 6504
4583 4625
4476 7242
1436 5695
3006 3617
3104 8646
3243 5640
3966 5976
1720 9234
5652 6915
3457 6028
2666 7663
522 7093
7538 8939
927 7598
889 6412
1451 3610
1210 6212
475 5694
2079 7218
7956 8210
6694 6963
137 8204
2372 8701
3696 8522
3300 5028
918 921
242 9189
6417 8404
1114 3589
55 4964
3679 7420
811 2945
908 4002
3064 4278
6717 9239
1391 8028
4531 9287
5463 8469
6877 9223
5288 5713
8994 8996
2636 3450
2318 4983
2819 3480
2488 7793
2194 2894
115 4654
2533 5643
3680 4251
3147 9072
2011 6559
691 9443
5671 7605
2207 5115
2593 4092
305 7212
4220 6291
2302 6040
2399 5997
7431 8119
824 5934
2251 7432
700 4882
5693 7615
5475 8137
976 4598
2642 6218
55 1725
159 4676
2822 7270
2061 3768
624 2687
3977 6474
6001 8498
2875 7354
2636 6462
473 3493
6050 6190
5494 7624
4549 8506
1996 3606
575 7154
4505 8325
5909 6743
2066 3426
1764 8131
2635 4749
5748 8143
2590 5145
7963 8137
6339 8617
2959 5655
1319 5672
4487 5922
121 4402
8779 8995
4294 7082
317 5953
789 6821
88 5079
3621 7917
961 6979
3559 4769
5306 6553
4197 6790
1920 8403
7193 8769
773 7771
632 3393
3499 4803
7411 9160
7943 9444
7232 8932
4003 8418
4127 5224
3586 4608
10 2850
2155 3362
4671 4830
585 3294
4889 8759
6442 7338
1451 9186
271 6286
547 1292
58 5140
3293 5506
866 4017
6321 8966
2815 4362
2825 5520
4113 8634
3480 3499
6510 8209
2466 7668
962 4881
5644 5715
2376 5184
3313 3570
5016 5302
1481 7821
5236 7897
1452 5230
2203 6732
893 1791
3713 4697
4541 4709
2906 8988
3015 7560
2087 2544
1555 4876
205 7421
7103 9291
2388 7671
3767 5550
3921 9103
1378 9296
4349 5519
4454 5419
6992 7622
3287 8185
8199 8671
992 6218
155 2271
4144 5266
288 5624
6769 8453
7643 8263
6753 7817
3523 8485
3413 6840
5638 6411
5807 5884
8328 8694
223 3923
5549 7018
7290 8641
8661 8734
1791 9364
3419 9040
623 8393
3604 8408
977 4568
2012 6369
1614 5937
561 7326
1055 7214
4012 9296
3243 6650
2748 5973
644 7798
1709 4838
6547 7783
3272 6599
1508 5094
1088 1288
6046 7698
2861 6212
6791 7002
1316 6521
2896 9031
6226 8386
5744 8069
2809 4775
101 8028
9172 9478
1261 5455
3065 3627
3185 3522
3129 8392
331 2001
1467 8637
1908 3971
5541 7270
4728 8366
2609 3597
2203 6191
1167 3255
5315 7731
1887 2934
1737 2296
5632 7447
298 8012
8902 9273
2191 7893
1655 7828
3972 5220
3318 5563
2307 2559
426 969
6298 7780
5544 7063
2293 7568
1702 3570
1643 6813
1372 9313
144 5262
2058 2807
3725 5224
1694 2398
845 3871
5431 7689
763 4339
7075 9265
1002 1528
2857 6337
6283 9203
142 5482
3190 7183
3001 4552
6096 6519
396 5895
7599 7630
505 1976
5573 6826
3315 6605
7097 8629
1351 7888
2805 3615
6830 7776
1483 6285
7351 8840
6096 8378
1860 4761
596 5069
6635 7189
3871 5472
7706 8160
6262 7112
5516 5825
3344 9209
4006 4962
2653 5078
1355 1517
3459 8513
1019 2883
2378 6006
2597 3772
2539 6291
2678 7361
341 5148
1089 4589
2189 4535
2087 5683
2061 7262
1211 2722
3631 3740
5034 9415
7943 8091
3199 6156
1894 3450
3018 7454
6931 7509
5380 6550
3983 5161
3983 4346
2299 9096
1560 2402
79 2960
3139 6711
6213 6219
1278 4920
671 9451
6228 7964
444 6516
579 4257
6619 8327
12 6117
3 935
3602 7073
1192 1234
5081 8285
235 8567
3565 9447
6232 7534
1418 2264
4812 8882
1053 4728
285 6636
7548 9281
3670 5909
4219 6351
317 6043
3015 7281
5824 6927
1334 7876
261 3174
8791 9052
6441 8030
4448 4517
5619 8938
2945 4282
6949 7476
4027 6732
7122 8148
4928 7661
25 395
2281 8798
5758 5965
2340 8952
5141 6253
3331 8888
2935 7889
6418 6961
121 3016
1134 2513
2673 7235
4138 8248
917 8969
1603 5863
893 8664
2335 2409
1860 7317
3200 9440
1967 2116
85 4776
1272 3983
2391 4087
587 6647
1480 3655
7664 9340
2939 7284
1417 3849
3574 4278
2423 6946
8025 8958
3077 4184
3642 7887
1727 8878
1746 2495
482 4252
1205 1482
110 7165
4875 7191
3982 7262
1115 8066
5759 7746
4477 6249
645 5794
2996 7877
3586 3983
1412 6389
1793 5072
362 1154
1659 8357
5949 6907
5728 9141
4618 7030
2330 6589
2264 6940
229 2761
942 5205
6076 6949
6747 7389
3763 7748
7393 8171
4719 6710
8634 9357
202 6092
4971 8990
5477 9132
636 5721
2018 8915
254 6594
2932 9412
1957 2798
5960 9180
6818 8297
3457 6831
4053 8693
984 3320
3933 7136
4850 6554
2603 6534
6464 6858
409 5060
3206 4147
6128 8681
93 8879
2299 4376
5894 8304
5925 8133
7772 9339
3831 6978
1950 5333
5133 7098
7357 8451
1072 4369
6041 9113
559 8827
4296 7776
6755 8577
1094 8334
7694 8495
5905 9250
2734 5699
3708 7864
3026 7434
5093 6597
2331 4746
892 2331
1791 5447
2306 8921
1846 9155
530 3091
3073 9187
1852 9415
7316 8683
6637 8616
3206 7427
4701 8101
6371 8806
796 6590
5389 9042
3183 6687
2619 9407
3410 4473
1969 6404
4172 7054
1034 6400
1807 5169
2430 6855
1686 4375
2567 8311
578 1920
4470 5267
2077 9059
4619 7103
5758 7209
5985 7132
469 3089
7011 7532
3000 5849
2760 7481
4994 8986
449 3648
2159 3733
6993 7994
1576 8069
1339 1975
6319 8639
7596 7867
2186 2437
6992 8424
4543 8054
7624 8931
2687 6873
3036 6884
1689 1855
907 6800
2823 8188
2082 6351
2803 4446
1199 5211
1066 6124
1934 5091
2194 6857
5256 6773
7012 7771
2632 5553
413 3453
3159 7007
1451 8878
4904 6979
2095 3814
5041 9302
5530 6865
610 6361
2446 2947
3262 9384
1806 8039
7123 8830
2104 3119
1858 7269
6781 7090
1815 8811
5228 8978
1554 2858
5698 6724
1234 6126
911 6319
7128 9116
2466 9104
3295 3570
7388 8309
8086 8132
2431 2811
6088 8146
1676 3211
4082 5262
1454 9311
3480 7021
2696 5872
2055 7579
947 9264
4586 5465
1191 9130
5984 8488
150 3827
1130 8613
349 2963
239 9303
3752 5434
265 6923
4103 7710
1639 3764
4003 9478
999 4763
5588 8424
6513 7148
13 8190
4574 7379
5510 8596
39 651
1611 8682
142 6621
1523 2223
1532 4506
3561 9275
3527 4962
4426 8600
923 3951
2877 3413
579 6753
4220 8029
7344 8498
219 5956
1631 6250
6838 8686
2312 8255
525 2327
2917 5394
2066 2408
5094 8945
4261 4454
7226 9220
7242 7407
2562 8393
6669 7853
57 4566
2641 4955
79 8020
5234 7218
5823 8658
8672 9208
3281 6981
99 3044
7067 9133
7637 7709
2786 8707
6225 7771
662 1017
1164 3434
2444 5180
22 4203
1705 9023
2146 2797
811 1958
2061 2774
5582 7544
2777 3355
1015 1620
4899 8991
5442 6399
1103 4046
1654 5602
802 8120
7219 9292
4581 6748
2568 8457
2253 2411
2709 7584
5859 6940
7042 7799
62 283
1895 4729
2055 5493
3435 4919
496 8471
3717 6163
7684 8469
173 3766
213 2536
288 8505
6350 7744
7932 8222
2657 4955
6124 7742
801 5302
2612 2916
1003 8489
6068 7379
1580 8887
4011 5132
4352 6345
3510 8332
898 6925
5168 5671
1651 5934
2768 9101
446 1212
954 1302
5989 6528
3774 8998
3937 4243
3191 4243
3144 3272
3085 8924
1668 4912
4131 8883
2319 4767
5150 8224
2321 4477
2061 4462
8791 9467
235 2952
2320 5909
1051 6367
3163 7797
1719 4140
4164 8435
5574 5962
2984 8215
3768 6660
411 3348
4112 6509
5533 8108
5852 6207
3197 5159
7763 7814
1615 2522
2128 2436
4964 6255
509 4939
411 8827
5131 6748
1617 7966
3010 8440
5802 7847
4185 9001
5096 8989
696 4222
4991 5545
3802 6046
2154 8335
579 7811
2316 9337
1927 5465
2404 6838
3055 7813
972 9137
4206 6085
2205 3355
212 7234
5452 5971
3507 7277
6113 9027
1175 8790
5081 8240
6963 9171
6533 7729
195 3716
3604 6571
908 8387
7569 8700
389 5523
3374 3823
2825 8383
965 1143
5340 9304
733 3130
7803 8949
3371 4152
6502 9144
1766 8668
1526 9331
989 6073
1920 5047
3470 6194
587 1975
533 6012
3647 6175
1532 4899
167 8779
5741 7155
6142 6291
1353 4338
1641 6459
1179 6578
238 4149
2491 4539
1149 4675
706 9129
6655 8516
3520 5239
1431 9007
3437 8201
1236 7680
390 1769
5871 7306
3251 5485
3234 9277
1366 5578
2465 8945
3372 8082
2803 8051
28 5655
5093 6673
6301 7282
272 2746
841 5026
5250 7870
119 1928
5653 7127
3909 6712
5296 8382
5 3480
2092 2580
2770 3973
276 9307
3466 8117
1392 4192
3737 8328
8197 8363
2025 5343
1933 7863
7246 8949
1646 3098
2685 8804
1379 7593
2399 2560
6281 6533
4729 5589
2920 5627
5464 8768
2332 5066
1582 8888
5073 5093
48 2918
2357 7925
665 5732
2402 6161
4243 7214
1876 9432
639 1894
1243 8469
2471 4692
3991 9452
2960 6747
1224 8525
3900 7994
6765 7082
6091 6524
3315 6538
168 1498
5185 6240
1349 7615
415 3109
3423 7917
3797 5042
5153 5474
328 8157
885 7013
6638 8002
8018 8026
93 5186
1670 3597
4148 7738
2898 9211
1622 6576
2894 5567
136 5529
3058 3959
1170 2434
5930 8777
8730 9302
7654 7848
1027 2242
5184 5518
513 8628
210 6764
6538 8099
2924 8383
3339 5946
8671 8848
5223 7019
1379 2596
3968 4159
2715 4176
7205 8307
3582 6164
1272 8684
6207 9298
4081 6846
5238 9371
889 5080
825 8957
3792 7219
7602 7879
6663 8779
4490 6263
922 4236
6986 7851
6744 8209
2484 9411
2185 7723
891 4497
3205 8827
613 7084
5475 7591
6770 6795
1434 3367
5754 5801
4839 8665
4229 8707
4844 7627
2952 7705
1238 7003
7045 8469
2289 7253
5139 8399
3383 6333
1407 4587
5909 9349
1600 9036
6079 9174
4136 8303
3843 4852
4128 7579
2318 5519
52 6462
2813 7985
275 2472
2697 5131
4274 7971
5855 8002
3537 3670
4016 6630
798 2279
1328 1487
5545 5990
453 3672
2275 4464
465 8684
5247 8089
7484 8256
4622 9252
4453 6059
3491 7460
8004 8123
5187 8965
2150 3273
6580 9316
4387 5916
4220 4689
6462 8518
3938 5635
4232 4401
4870 7337
283 6734
1799 6268
1752 9191
121 736
553 4792
492 8846
5138 7241
2345 4445
2173 6150
811 8498
7239 8919
3340 5843
5906 6075
7918 7948
762 1243
1520 8126
7482 9449
4337 4995
3249 4283
8100 9244
74 410
4425 9080
3235 5160
3555 6983
7113 8960
2792 8245
2448 7452
7697 7844
17 3093
4401 7965
891 8083
4573 6152
4625 5306
1064 7218
2849 9040
1967 3741
3782 7895
455 7530
499 1684
6023 7322
3128 5302
996 7771
1652 3536
4397 6809
6869 7577
213 1490
472 5686
6913 8629
2089 2143
8380 9369
4460 5961
6101 8346
1733 5733
5444 6073
5527 7202
4363 4618
7879 8426
2205 6509
861 4699
531 2340
6043 7470
1357 3192
8353 8791
4379 4951
759 8737
5700 9466
7853 8631
4858 4954
3609 4794
6900 9037
6520 8787
6394 8953
301 1683
1303 7881
6365 9172
5394 7992
3164 3466
965 3893
6048 8751
1056 3471
638 9281
5917 8389
400 6531
2758 4444
2822 5826
2024 2543
311 6207
6470 8215
990 4751
3407 8166
521 2833
5878 8956
6616 8288
4685 5514
3764 8870
5330 7775
73 2704
6666 7478
514 8233
3669 5122
7417 7789
1400 2971
8373 9305
2203 8046
3985 6612
8809 9470
113 3190
2564 4689
4367 6014
3137 6241
695 6851
3862 8317
4633 9170
3598 5943
4669 7114
476 4916
775 3138
6663 6826
76 5888
2566 3968
2164 3385
7812 9013
3942 4793
4425 5990
5451 6291
1266 7974
951 4265
6015 6759
8073 9380
1303 1995
1708 6705
4124 7348
1172 3049
3795 4394
6102 8184
4652 5576
1652 3455
5999 8998
1304 5119
717 8243
4 749
129 7775
2859 6988
2707 6734
1219 8752
3165 8790
1132 4843
1287 4047
226 3826
4472 7287
1448 1491
3168 4927
4456 5701
2366 4472
5869 7049
130 2895
2156 6844
8444 8864
2662 2952
464 7095
1636 7177
493 1173
8574 9025
2531 7709
4231 6409
1060 8675
4186 6963
1803 4384
513 5141
6115 8915
3362 5867
2557 8249
527 4879
6172 9013
4999 5657
281 4096
1435 1840
2665 5367
3280 6475
5090 9059
3006 6931
6343 6896
3315 5021
990 4033
3535 8944
6702 7466
2458 9006
4723 5072
503 5165
333 3147
8167 8375
3549 9256
3934 4829
628 3296
159 8302
6903 8391
31 2828
468 1037
302 3348
5380 6681
5390 7824
2877 5606
142 3291
5324 7097
7350 7987
1215 3553
1206 1379
3316 8601
6380 8841
5850 9112
5871 9040
556 1429
562 2234
1780 4403
1883 2133
3110 7540
97 7564
5067 7924
4862 5526
3927 6106
5039 8430
2297 3417
92 9059
1674 8771
212 4457
5666 6328
5995 7337
2417 2565
1049 2831
4245 9182
2520 9426
965 1018
4609 5514
6389 8457
2337 8289
876 1632
504 1922
3221 3597
3388 8527
2433 5793
5450 8015
3761 8941
5089 7638
348 2128
8695 8983
937 3965
5528 6924
6491 7191
5857 5991
3761 5137
303 5414
5880 6286
1339 4981
4439 9392
1512 9230
2607 9385
2661 9029
1387 2886
3448 7500
1645 7797
6460 7676
6146 7563
1850 8498
1565 6075
6252 6368
6026 9195
6752 8161
3440 5678
4778 4968
128 4477
5111 8755
1181 2430
2393 5872
1681 9437
3052 3280
4054 6708
6268 7978
2149 6219
4117 4145
1856 6303
4733 5391
970 4086
297 8502
4484 8510
3514 4095
1748 5990
2755 5760
6036 8148
1675 8261
4305 8845
93 7565
4940 8936
418 7647
2804 6116
4633 7007
3427 3937
6356 8568
540 2448
2309 4638
168 2630
2451 5208
876 3965
5681 8133
111 2744
566 9265
4207 7058
6734 7354
4794 9277
472 6589
6662 9318
1317 5571
7626 8761
2216 3850
3563 8009
2367 4196
2920 3411
7646 8372
8220 8848
579 5518
494 6884
289 9050
2837 5058
6104 6536
1454 8153
4863 7552
3364 6153
5132 8369
353 5679
3148 7135
7112 8378
8042 8668
8035 8989
1574 8710
768 3502
416 4165
1457 2875
347 4603
4846 7670
7732 8927
4832 8390
3715 9288
2356 4546
1126 1936
671 8777
825 1644
251 1401
4781 9248
1675 8985
4367 5097
3411 5928
190 352
375 2698
2986 8790
4824 9365
2038 4374
3272 3428
1761 3917
5293 8093
2324 6542
343 7194
4686 9375
1478 7954
721 7483
5230 6071
3 6080
2746 4553
5744 6998
1692 3439
4990 5179
2966 8461
4935 8028
1684 8701
1334 2879
4657 4834
4375 8009
803 7465
3636 9401
6904 8508
22 787
8285 8394
5776 7857
4066 7278
440 7635
2057 6565
117 3213
5180 6603
2609 7163
2041 4961
2874 5581
3006 8652
2941 3467
168 9468
1225 1921
649 1494
2678 9282
3286 3768
306 801
152 3660
6654 6960
4220 7254
2256 3817
5507 8384
3212 8282
6310 7909
6362 8206
5625 6701
8383 9084
3534 5138
4765 7401
300 9340
869 2855
471 7882
4541 6698
2600 4033
3861 8046
5653 8189
5910 7172
466 3577
5633 7159
4498 6219
4985 7863
8196 8881
6479 9157
93 807
2908 7464
2550 3047
4879 7549
1248 5285
2333 9273
3128 9300
35 1418
4504 4519
5075 8822
2930 4012
3642 3880
127 6534
297 7335
674 8944
2163 2300
2506 6624
2112 7305
3710 4146
4352 4897
6991 7050
396 1017
936 7066
2355 3299
4039 5170
6272 6735
1889 3201
5870 8192
6039 7983
1389 1685
44 8557
4743 8711
3006 7654
4060 5325
3319 8143
2613 6022
2571 3589
2342 7061
5416 8003
1950 3570
5182 7517
2299 9014
3783 6391
5315 7991
4030 7184
784 5819
1766 8651
2865 3134
749 6685
172 906
3009 6955
5911 6086
6437 7180
3632 5254
2579 8690
4919 6558
6945 8540
2258 3208
2188 4041
3755 7416
1545 2784
3647 5952
2216 8303
9372 9383
3081 8965
2594 8160
1271 2855
1310 1528
5999 8696
7518 7901
2111 6015
2542 5514
390 4129
6522 8224
1881 5820
4112 6388
3788 4379
6454 8243
517 845
2323 5662
921 6443
6874 9317
5061 8753
2332 3945
7433 8393
590 5013
1845 2997
1352 3454
4546 4574
4848 7103
7761 9198
2952 7458
6674 8691
3228 9185
2219 3079
1008 7458
1624 2262
1676 2401
6834 7681
6750 8061
6145 8652
922 2941
1827 8439
619 7201
3164 7459
1497 9093
1650 8564
1049 6204
1447 5197
666 7043
915 5440
1022 7338
1402 1552
1101 5604
1522 9465
3871 8016
6352 6868
2861 5064
695 3068
4157 8174
4719 6526
817 843
3296 6616
6165 9227
4327 6043
681 9296
8357 8852
3037 8522
4341 9381
2377 3056
1815 4263
6029 6979
747 9146
490 6856
6723 6826
4563 8780
1798 8663
7360 8945
2410 6823
2251 4736
777 7381
1542 2977
5590 7942
5454 7935
2194 9266
2104 9197
1932 8508
4604 7738
5887 7144
11 1319
4563 5568
6202 8594
2126 2855
1220 6963
889 7984
4627 6745
464 6086
3102 7398
3045 5531
5516 5557
1256 6346
2823 7108
4193 9172
1017 8118
2492 6739
6946 9105
862 9112
4545 8219
1955 6807
625 1543
4544 8513
4520 5624
4444 8244
5974 7733
3406 8039
873 5719
6368 6564
2524 9117
5302 9205
4898 6363
484 5452
3660 6209
193 9030
642 4640
3139 4891
3670 5414
7517 7726
2182 5983
70 2048
1758 8369
375 6428
5789 7649
7323 7741
6607 7641
2794 6149
2304 3176
2057 9198
2803 5161
2423 3602
1073 6859
6741 6773
268 2868
4630 7020
670 7106
2423 3981
681 5298
769 8926
8251 9428
1286 2585
4135 6300
5843 8819
1460 5186
138 3445
4711 7745
2836 8395
2780 3067
4826 8189
419 5918
2691 5445
1631 9459
903 1489
2576 2627
1372 6736
2801 6145
2039 2724
3912 9153
2129 4522
1245 6363
2127 2287
3670 6286
649 8438
807 4504
240 6187
6019 6456
3010 7182
4010 7817
1137 5137
575 4169
2063 4212
386 7514
2146 4579
1591 2884
2870 8628
2888 7851
4392 8323
6742 8182
586 8752
2998 8820
78 4108
1468 9272
1559 3011
1339 5314
3079 4291
456 7597
365 1631
3853 4304
1053 2437
551 4071
5978 7730
2 718
7054 9476
4634 7483
2306 7830
2262 8423
1166 3752
3935 6374
7081 8441
3549 4641
1219 2803
5032 7873
6064 7947
4461 6439
3172 4055
2775 3449
1076 3910
2150 9092
2461 5409
2692 8902
3647 8470
3094 5331
2563 8966
1751 2368
2980 6912
4467 7268
4849 5002
867 9331
5626 8280
3584 9277
2563 7188
981 3439
2450 4353
3032 3844
2743 7296
3282 7214
2430 4278
1675 2847
768 2084
2258 7603
4103 4626
5033 5971
119 3667
4639 7473
155 8609
2123 7844
3934 9339
7963 9369
4446 8232
2364 7958
3614 9022
3738 4172
1297 3702
1817 9283
1035 4686
2681 7388
179 8221
40 3012
8645 8882
7901 8643
349 3456
3449 3450
651 8211
1414 4863
3592 8557
1876 8114
4011 4958
1369 6239
4457 7009
987 1200
528 1767
6393 7552
1397 4432
362 1293
4170 8914
2354 9087
1080 7442
1443 6586
4972 5771
2262 8429
4036 5653
8067 8079
6854 7913
111 1528
5356 8427
6122 6281
5712 8606
1318 3741
2666 7643
3006 7844
249 6751
2228 9173
4507 8343
1568 1963
4774 5496
6332 7769
3414 8727
535 5601
1963 6461
7272 7896
1374 4197
1732 4243
1794 5989
2159 6369
974 5658
1500 8689
1368 8020
5032 8854
858 6776
7303 8798
982 6271
1550 4115
5247 8648
2615 3573
8095 9026
3600 6820
2248 4028
2666 6962
5474 7370
2076 2436
2803 5332
782 4757
3544 6369
6947 7461
504 2733
5898 7667
7242 9235
270 1245
7276 7629
3198 8264
6574 8327
4373 6223
5755 9156
4446 8302
5275 6943
403 9259
3080 8179
2569 6586
6427 7880
6330 9423
336 4524
2361 3409
5683 9412
1100 2935
1193 5118
1478 6047
2601 7078
1541 6231
4887 8572
3742 5686
2171 8257
766 6454
993 2447
113 5758
3225 3733
5885 7485
795 7212
1862 3769
6105 7246
1768 6792
2574 2668
1974 3995
937 8700
4442 4802
90 7680
5287 7615
505 6107
830 2152
5968 8488
4423 6236
791 4182
1214 1640
2925 3341
2778 3974
2955 8971
2208 5379
1442 3451
2012 4374
2 3441
784 2399
2342 2821
1138 9368
2592 8566
2927 6940
2818 7974
7108 7218
2998 8808
5243 8622
780 5673
4612 5543
3809 4324
6159 7588
727 7722
6099 8283
1923 2019
550 8730
779 5929
261 6146
723 1012
3479 3654
1540 9364
7564 8125
6952 7631
6073 8183
5971 8876
2619 3429
3545 7493
2073 6684
6146 6814
1640 8476
1783 4519
5404 6765
4527 9369
7263 8767
3403 4623
3407 5069
6460 7547
2006 7014
2440 5797
862 8195
2453 7716
7886 9121
4823 6490
1294 2923
6477 8685
262 7085
2741 8850
5204 7665
3772 8950
620 5907
2895 7614
4485 8585
6258 7310
326 2825
2159 5397
1636 8234
4883 5523
5369 7171
3361 7789
2722 9481
5802 7503
2946 6943
2751 8037
2267 9072
2669 5414
561 7328
7935 8877
3867 5013
3194 4226
162 9164
6932 8060
2949 5389
758 7971
6402 9451
460 4983
2524 2809
3231 4026
3430 9004
4965 5227
4956 6594
3833 9303
3719 8941
2348 4056
3000 5180
5313 6100
1029 7772
3378 4237
2298 7224
2958 9330
1177 8980
2380 8459
2023 2775
6935 9228
4709 5764
166 3066
2721 5671
1615 2605
2422 3697
425 541
290 1712
839 5867
4010 7488
5080 8393
6825 9025
5881 9113
5178 6136
313 5153
3606 4969
2955 3303
4562 7879
2069 4474
2852 2965
811 2722
2636 3197
6096 7111
4497 7448
1259 4157
5229 9078
2461 7283
188 5265
6234 7811
6680 7985
344 2978
264 7771
3149 8323
2586 3194
1168 4111
529 3756
3247 4279
4965 7525
551 7285
6292 6933
379 5169
2312 7617
1019 1437
3589 4143
1284 4698
440 6369
660 6118
6077 6201
1496 3430
2980 8540
4766 5866
1158 7731
762 1203
323 4218
1968 2346
7705 8278
2373 3325
2938 6469
3601 5970
524 1342
2719 3309
5311 5800
260 3608
1084 9113
5051 5556
624 6501
675 2732
1256 6465
4711 5625
1421 2390
145 3627
1079 2983
4367 9258
2734 6988
518 1744
1837 3111
1784 4587
7567 9059
2377 4666
2059 5047
580 8113
7341 7658
1479 2793
3651 9276
1869 5784
352 6764
4070 9366
7938 8359
2746 3654
4090 7430
5980 8369
680 929
4820 6642
4614 7416
3762 9203
1682 6321
3522 5768
298 2152
564 6002
4550 6419
2689 4415
6921 9406
3467 6111
4011 4794
317 7808
67 2617
5468 7118
2472 5084
3128 3538
18 6137
1443 4790
497 5836
2098 8929
3446 7178
3731 4776
173 5352
362 7963
510 934
1520 7554
136 7872
2833 4530
1432 2086
625 9241
2568 4021
1613 9206
4174 5112
2184 8096
267 2532
50 7438
1193 8275
896 6395
993 7253
3620 8947
1081 3706
7190 9154
7838 8775
2300 4913
4095 9263
547 1904
6872 7406
1832 2090
786 4031
2441 3336
1961 2778
2725 9277
5503 8676
876 9333
5237 5603
331 7103
5552 8255
4531 7034
647 8985
5954 7128
2783 4298
3349 4506
4964 6120
8488 9482
6226 7265
3492 7903
833 7382
419 1202
901 4605
1141 9450
2122 4235
667 7664
1636 7824
1005 5681
4284 9478
7604 9417
434 2828
732 7089
6435 7600
5600 6506
3078 3945
764 7791
873 9466
4871 9035
2105 2991
1622 9331
3353 8303
5663 7762
3982 7338
246 4063
783 1174
134 298
3451 9385
3329 8829
4531 6159
8108 8325
3655 4421
1802 7870
1263 7575
1754 3730
7593 9236
2058 6739
6304 6542
996 3260
3154 4564
1975 4653
1532 2275
5355 7830
2638 7197
2536 6245
2016 2362
1726 7181
168 9044
6102 7216
8935 9072
568 7707
4237 7490
882 2345
4371 9196
397 5475
1136 7488
3675 4529
942 6652
7323 8975
1394 6810
1073 4938
2833 5043
2383 4953
6060 8930
399 8475
3989 7822
4648 6042
92 9113
4042 9426
5016 7897
120 7473
2017 8036
6291 8840
331 3223
1820 2449
4100 7541
4790 5345
2368 7420
1133 4830
4451 7786
1569 7765
1511 1585
1323 6329
834 7476
799 8430
2501 8098
990 4670
2753 6298
4642 5083
33 3852
912 1401
6366 7901
838 3406
1612 1791
33 2573
4250 7013
651 4075
2721 4830
1052 3060
3413 7217
5908 8817
1126 4705
3270 8972
3184 8743
4380 7236
1919 7896
1175 6651
8492 8769
1704 6781
145 468
4307 6918
1625 4968
3691 7134
6948 9473
8053 8248
8044 9452
4708 6118
597 4099
712 2776
1321 5254
1126 5875
6215 6873
6752 7892
915 1871
26 7280
3502 6830
811 4350
940 4504
4507 7044
890 8419
567 6671
3850 9186
6721 7927
4514 8329
5681 6218
2272 8207
2011 4789
2461 3015
5238 6610
2952 8788
2370 8314
417 2682
2611 4769
2941 9335
5677 7240
2654 6606
6641 7609
117 7541
1432 6478
5475 8845
526 1478
5184 7324
1997 7373
4513 8491
3686 4306
2684 5779
1562 8904
1072 7518
5583 7833
2609 7236
670 2623
5761 7228
2452 4835
5053 8395
4269 4578
3893 6049
2112 4664
4904 6506
2134 4758
2010 6270
2935 9336
1339 4106
7870 8553
4597 5385
3317 9112
355 6065
995 6521
3113 8869
2613 5242
2561 3757
1322 8345
3573 7377
1016 4278
3316 7815
1326 5872
1533 8360
289 3505
175 4207
3964 6134
582 1173
1577 6019
33 6290
5007 9441
7120 7748
1389 5985
1722 8219
4355 4445
1876 8143
3878 8148
5353 7215
6376 8592
4860 5249
4080 4285
1459 3235
5004 6544
3761 5222
1389 8761
1994 7082
4137 5629
2068 8411
6476 7236
2480 2855
3791 7634
7011 8908
1824 3512
2230 8225
3187 8761
7904 8945
3010 5467
935 4022
8160 8330
3895 6755
1360 5534
8253 9060
628 8691
157 2533
2415 8487
2626 6039
3161 9334
1547 3990
1099 2975
8982 9461
200 4562
1347 9245
2278 3581
6495 7794
2345 5785
8226 9281
3449 4892
2231 3865
1219 1534
5582 6821
5374 7223
4634 8798
941 3299
3049 6219
1788 8416
2846 3471
3751 4516
3060 5753
3346 4174
4063 6026
3041 8555
2206 5817
446 1710
3360 8383
130 531
1672 6570
2717 7623
3123 5272
6595 6725
797 901
463 5624
5157 6675
4543 5663
2166 2595
8466 8574
6174 6902
5238 6372
4390 9051
1557 6369
4242 6447
1842 4680
5036 7931
3255 6807
9061 9361
2170 5910
1249 2210
2174 8906
6620 8324
4556 5834
1241 2619
3758 6994
6626 8061
6410 8106
8033 8644
176 8368
1247 8430
111 1489
4476 8951
3267 3384
3106 6953
3195 4998
5724 6599
752 7812
3722 8547
4450 8398
3575 8988
6247 8131
191 815
2867 7460
909 2259
2141 6288
2021 5128
1373 1829
4827 9102
3162 3570
1855 2460
5711 9072
582 4061
1801 7877
834 1122
457 783
7018 8022
1978 5956
1530 1801
1263 2970
6032 7688
270 8871
3483 4567
5054 8672
5018 8552
3649 6866
1046 4392
3173 5238
1406 4607
4029 6717
317 693
1325 3452
1742 9423
6147 7702
7487 8070
2981 7140
7407 8756
6223 7333
1898 2483
1714 3578
2121 9149
15 7714
862 2266
3328 7170
961 7128
1529 1613
305 8407
1664 7728
4804 6043
3278 7182
2318 6064
2709 6799
3717 6121
2274 5466
903 2014
3606 8938
7230 8480
1120 7953
4926 5467
975 4634
6898 9096
2238 7833
4441 5711
3410 7972
73 699
3552 5623
7337 9019
4325 4649
3639 6891
3106 7796
62 1422
4794 6159
2609 3884
2702 8993
5244 9113
502 8645
3843 7713
1401 6015
2291 3014
965 8933
3034 6867
1019 4823
3098 4892
5629 5651
525 4222
6965 7005
3997 4370
1442 8027
351 1483
1917 5633
4523 4820
4755 7649
3579 4928
6418 8551
2178 3612
3286 6390
3221 8583
114 2417
525 4967
251 9321
5808 5905
673 1634
954 4547
3509 4972
7142 7210
7736 8674
3712 6199
2250 6078
1074 6891
4207 5215
427 7024
7637 8889
694 4300
605 8700
2250 4494
1510 9430
71 5772
2665 7653
1795 4285
3013 7246
8028 9059
1274 7880
9267 9344
298 3486
5978 7497
862 7476
1533 6551
4969 7313
1056 4987
3361 5122
2007 6892
629 7462
2437 7835
6619 7295
3881 7162
9024 9252
1359 5944
506 7046
3351 7967
5525 6879
5201 6183
2802 7375
4180 5956
22 4593
3146 4110
1813 1935
4298 7213
4454 9277
2798 8402
5621 7755
93 7284
6753 9387
4084 7521
3425 4843
3027 6836
2250 6023
7720 9225
7141 9434
2710 6724
5243 8794
4661 8458
1135 2812
7004 7253
6088 7336
4750 8927
2783 3808
3387 6725
2619 2841
498 1821
3555 7155
1932 3888
2602 8143
2687 4586
816 7540
1103 3479
7026 8428
2626 2791
7341 8744
922 2931
3206 6026
1909 8974
3232 7846
5405 8909
6581 9354
963 3118
7669 8004
2618 4790
668 6772
8094 8804
6867 8105
4270 4759
3713 8911
3605 5589
4241 4541
4949 9104
4411 5299
1810 6793
377 5765
658 6744
1989 8466
1809 8933
469 9083
1509 7870
1298 2129
8 3353
1876 6717
2622 8486
3099 5013
59 1973
316 3315
2592 4982
2822 4490
2847 3238
3596 6671
1880 7247
2602 4162
3956 4928
1655 5008
7139 8927
1411 3581
3714 7125
3514 6916
1451 8734
4723 7628
4419 8048
6467 9107
7390 9148
2526 7712
5015 6086
1116 9314
6931 7007
4478 8878
5056 8818
1900 3484
3244 8879
4576 9406
582 8897
2360 8887
1316 7354
2004 2646
4903 9164
1046 3723
958 2592
1628 3445
1839 7001
1257 3617
774 5805
3772 5213
3795 7418
945 3013
2034 5775
148 7655
4122 7936
2740 5146
5682 8405
829 1760
3474 9463
4107 8097
4865 4956
2560 7901
694 3130
897 7683
1491 4368
3540 4980
4778 8127
2034 2967
4818 7689
3728 5915
1264 6675
3430 8220
2036 9378
3584 6011
5256 5616
193 867
3017 7799
3749 6010
1587 7511
8163 9102
1875 2379
370 8723
174 5616
1887 8558
1913 3550
1442 3699
1761 2993
5530 6691
188 4440
5341 9344
4871 6863
1912 2951
3932 9415
3519 4345
912 1853
3551 4436
2634 2943
5908 6556
3219 5581
4066 9377
2471 5990
7848 8414
6106 6566
6993 8386
1099 2622
4880 9111
5514 6639
2516 8973
7754 7818
2296 3975
5881 8545
1615 3904
145 819
1041 2660
3897 9305
1265 6302
1907 2836
4807 8720
6075 6780
2252 3661
2988 3664
2687 5759
5701 6280
2813 7851
295 2335
1272 3612
3732 4922
5876 7672
172 6353
4386 8782
3685 7568
1812 7940
2236 6154
7859 8361
5848 9196
546 3433
6978 8228
2625 8198
3949 8160
3701 9194
1534 6114
7316 8550
1064 6742
3666 7903
3673 6172
3716 4140
2247 7732
2348 2971
4620 7205
8289 8985
4596 5713
5544 8348
915 3347
2773 4063
1129 2084
5556 8557
8457 9285
2061 2257
5322 8946
105 7360
4417 8612
2752 3252
7131 8899
1493 8056
5101 7866
2305 9184
4013 6424
5951 8652
3256 6773
4269 6468
6320 7012
2080 7799
5472 7441
2086 3077
2923 4498
258 2439
925 6047
1697 5435
804 5082
171 324
2443 9042
1679 4427
3384 6583
8524 9391
4395 7494
3391 7165
585 4255
3092 9399
1637 2754
5850 7179
1452 9454
4613 6908
4862 6543
4545 7743
1125 8929
2190 8665
3749 7371
2484 8311
6410 7345
1338 1730
2516 5704
1572 4204
650 7627
2396 5154
910 6890
2675 9252
5876 6233
3298 4020
2425 5977
134 2756
8021 9342
1553 7543
1345 4534
4000 8365
2057 5563
4628 9214
3150 8294
1043 7017
661 1801
3718 9431
2483 4549
1938 2080
3501 5563
4793 6705
3736 9158
4147 6747
2548 9084
7382 7456
5778 7877
3010 3505
6039 7918
932 3023
1319 8377
5623 6825
7266 7540
1283 7842
8470 9128
3627 4983
914 1169
860 8258
4222 4362
1483 2940
5437 8263
574 8522
349 8285
1713 4868
661 5489
5309 8508
1765 8107
2414 9102
208 3084
2096 8283
7021 8448
4636 5267
4851 9395
5436 5741
4160 5880
4118 6088
2530 3277
2818 8947
3634 4936
5702 8862
325 4265
434 767
2422 2700
3681 5926
4316 8001
1544 3224
3886 6646
2489 8431
5931 7708
450 3796
1056 8949
3982 9100
46 3505
1871 2547
2235 6318
5950 6760
1121 9123
1258 4434
3763 8291
5993 6048
4072 4423
1156 6320
1721 4694
5681 5716
151 8871
6568 7785
2604 5876
7448 8734
2995 6377
4570 4695
6058 9249
2104 5793
2549 7853
714 3616
1145 3823
4382 7376
1513 6369
5660 6770
3664 4429
6659 7605
5276 9413
6732 9042
5046 7630
3483 4023
2782 8260
1105 3680
6601 7514
49 4108
3412 9296
1517 3906
401 1960
3197 7942
1321 2434
2058 4901
5162 7910
1306 6694
2749 8736
6240 7890
7422 8627
2487 3828
3435 6671
5843 9012
4245 7903
1170 4734
625 9000
716 8212
4603 6315
1504 6519
92 6788
3194 3502
2891 5574
318 1630
6124 8985
5810 7083
1029 4416
834 1901
2806 4058
3871 4662
1802 4281
2 6242
4059 4823
5885 8670
1731 8781
961 2961
7175 8458
4101 5557
6472 7522
1491 3773
249 5228
1608 2998
6922 8559
4224 4970
3443 3835
1219 2202
2636 7972
314 6925
19 9478
2193 4739
5575 9355
8172 9456
457 4269
111 7759
4342 6347
5460 6430
5650 7503
328 5652
164 3775
5151 7994
1397 8588
3537 4574
1399 7171
3050 9232
505 4329
8018 8372
6134 9326
1286 8705
2935 4765
1308 1560
1022 3386
4075 6159
2687 3208
2221 5542
2126 2162
5276 7240
1574 4914
8556 9092
1706 5165
6883 9269
3493 4562
2896 3255
1398 9149
4011 8814
343 8717
3671 7969
6434 8739
3380 7730
3964 4541
864 2957
3537 4334
8623 9132
1894 8265
2719 3038
6982 7346
3784 6035
1532 9064
889 6964
3477 6137
280 6154
197 6238
1165 7959
2232 7210
1699 8776
4782 8135
5061 5747
856 2308
1869 6853
2052 7416
4123 9193
696 1941
5959 8242
2583 6099
6983 8822
2071 5866
2792 8036
635 1301
130 8822
3830 7030
2764 3169
4761 8242
2968 8594
3424 5809
3903 9384
1079 4541
7439 8105
1697 3920
4960 7043
761 9440
3526 8737
6750 9064
100 4220
4044 6649
4834 7094
4107 4207
1477 1615
2401 7563
1480 3471
2537 3948
2279 4088
4909 5259
4254 6748
2795 7800
2977 7385
6458 7975
5676 5882
2491 7979
3878 9443
6784 8902
4278 6935
2409 8974
3270 4009
4864 5044
793 9392
5878 9287
2464 5191
6092 6642
3670 3926
588 3241
5433 5623
4981 8025
3145 4365
312 5935
2577 5940
5236 5328
5243 7845
3495 6608
7100 8049
5605 6029
3054 6570
390 4467
3931 6610
3114 7598
8675 9161
5897 7534
1433 5301
804 5228
2929 8791
516 5566
5771 6011
444 5815
2686 4967
5432 5667
978 1130
2922 5093
4924 6484
7587 7877
851 6057
6217 6310
4272 4584
1949 7637
928 7339
736 3024
7939 8851
2340 6079
964 1141
1540 1991
1111 8025
909 3199
1828 2259
708 6522
252 6715
4212 4893
834 2953
4434 9404
1532 3584
674 5120
2272 6909
8514 9080
4813 7397
3146 3983
529 7381
2161 8530
2523 6810
1245 6944
1309 9020
2193 3934
6570 7191
2201 3822
6474 8086
2876 4116
930 8791
6971 7011
655 1437
1256 2351
6257 8144
4533 5193
1421 7593
7839 8403
2318 8437
2496 4500
2046 8651
5955 8646
369 7307
6164 8625
2217 4650
2038 7481
5657 8546
926 4125
2035 3881
905 9405
3032 4775
6756 7638
3383 9000
2205 8734
1163 9361
306 3249
2742 2840
1816 9217
626 4840
3804 3945
1478 8459
4946 4956
2497 7386
3624 6281
1165 6234
1795 6401
602 4431
6558 8002
5504 9131
4805 9220
1563 2156
143 6857
6742 8111
2290 3463
4869 8686
497 4038
5209 9112
5812 9032
5613 8896
4999 7695
2400 8894
5012 5613
3399 5682
3254 8537
5992 6365
3222 5302
1902 3995
2290 6749
726 7924
1448 4975
1935 7178
6544 6555
2778 7254
3140 7827
3121 8124
2684 4362
2225 4401
410 2999
180 3283
6414 8478
321 1227
3858 4015
5767 6508
2668 3600
4909 6034
8463 9405
3749 6374
831 1861
4505 5697
1236 5493
1929 4663
3217 4548
2946 6625
1551 8962
6343 7290
868 8419
6927 7597
3565 4044
313 4706
883 5589
4633 4786
4655 7302
4863 5499
1732 6524
4457 9159
6631 9181
1844 7323
3369 8945
147 8938
3683 8827
2646 6121
1468 6182
1200 3405
7470 9414
2355 8859
1312 9205
1360 2722
5742 7595
1998 3537
4801 9090
4157 7065
6358 8036
2312 7271
2011 8679
7358 8124
137 6536
3372 4899
3178 7448
30 3627
1250 6387
1446 5089
4620 6375
253 4189
1048 7195
3570 8346
2426 8643
2936 6581
5237 5843
6919 9182
241 9059
3471 7979
968 6248
4486 6734
3218 8668
3546 5311
441 8902
8929 8950
1583 4281
1429 6615
221 3654
722 5183
270 2029
547 3946
5252 7668
1386 7872
3781 6839
1421 2017
1974 2651
2845 3288
1508 6967
5189 5497
3871 6732
3936 8575
3969 7109
724 6058
2704 3307
6763 7694
4245 4713
4337 8079
977 7625
5757 5990
3748 4352
5542 9164
4871 5125
21 9351
4717 6686
7834 9471
1247 8938
65 113
3180 6789
4304 5057
3365 5871
1380 4011
3061 6017
3979 4488
3222 4787
4774 5417
3889 8659
772 4343
891 9408
6124 7443
753 978
2217 7524
3352 8224
4099 6533
2124 6226
933 4106
3560 6317
23 5942
2021 5338
2898 4417
730 1201
3768 9015
1014 5483
169 8529
109 2487
699 4407
497 8392
3264 3958
1633 2161
6626 7526
2553 5671
531 2438
1161 5990
1891 3055
3009 6487
1495 6860
406 1839
5127 7158
745 3027
3489 9120
1474 6333
1598 7961
5921 9126
4393 5505
2026 2959
907 6336
5094 5565
5184 8315
1026 5592
412 7568
3714 4404
7348 8347
512 6417
1912 8201
7589 8847
2579 4622
981 3029
803 4541
3482 4563
5764 8526
581 7037
1102 8112
5412 7786
923 1522
1883 7350
1604 2807
363 8801
257 6225
7498 8798
7109 7698
4213 5555
3084 4756
5749 7823
3103 5800
4155 9236
2412 2424
2619 4978
1452 4404
771 7486
218 1358
5147 5838
4761 5653
4654 6899
5314 5871
5091 7181
5036 6208
439 4070
5632 9102
1537 5892
288 2604
3869 9425
981 4788
1634 1735
3327 8921
3154 7534
6480 7453
7695 8709
742 6306
4144 9373
7835 8625
4271 6174
1802 8996
2725 7836
1216 8239
3244 5321
3324 7507
2213 8981
7059 8486
1254 2126
37 7247
4983 8285
2726 3923
5145 9352
3190 6291
4110 4167
947 1630
2358 3410
8212 8399
820 3315
4419 6420
3513 4275
2508 6202
3280 5506
6289 7265
6448 6775
2100 6075
2113 6279
4200 7760
5098 7797
4595 6151
1928 5114
6462 7479
5270 9111
6155 9223
212 6172
2514 3047
2176 8029
4119 9200
2148 3983
4058 8980
467 6167
2252 6209
927 4069
3221 3344
1181 2689
8726 8734
651 1687
1642 8092
1219 3462
252 6699
4094 8825
1856 3469
3768 5909
1507 7582
4725 7671
7697 8180
6660 9130
7853 8050
4761 5262
2162 4121
3026 7319
943 5508
1506 8883
1892 2160
412 8832
3156 7772
2052 4674
2029 7309
361 2536
566 8869
3326 6260
1237 2167
2256 8354
5055 6632
3985 7545
996 4043
118 4607
871 1311
2399 5165
181 1505
4200 8983
4075 8479
2012 2213
6234 9044
2136 6996
7718 8051
2283 2346
6050 7125
4249 6455
688 4747
6184 7770
1645 8743
6513 8337
545 5991
544 8374
3070 7261
5453 7964
4349 8154
7034 9218
4051 4737
5956 7394
3392 4795
2230 6172
665 1375
8866 9005
3388 8599
2303 8996
488 966
1090 2074
349 2155
6192 7864
4079 5738
887 8830
1267 7659
6002 8691
5756 6681
39 4845
1335 1547
1468 7986
3876 6635
7498 9397
826 1199
3186 3911
1581 4505
741 5982
1615 6234
3046 6563
4524 4647
4645 8697
3483 4401
3710 8272
1681 3570
1785 5919
1581 2241
637 1303
3764 7643
3215 6879
3994 6888
4314 6801
5201 8789
2822 9476
8412 9197
8215 8613
6064 8147
2345 5224
4922 6784
3890 4452
3867 6815
3113 5297
3874 6504
4217 7616
2394 6037
7033 8066
7286 9085
4488 4841
128 4273
8704 9134
4607 7993
228 9208
7906 8317
2042 9271
4506 9373
485 9214
6835 8869
5798 6744
901 1027
3799 8596
832 6993
5039 7586
1573 7453
1797 9323
2509 6650
7136 8725
1113 3598
3743 6085
3447 8002
2198 5346
1009 2174
1428 3192
5849 7166
2698 8406
22 4899
1344 7350
5538 8049
4837 9234
5515 6966
983 6403
3767 6334
5323 9252
2870 6166
3791 4618
6331 7124
4242 5688
5268 6715
687 6113
698 3687
7084 8830
1680 6478
7561 8585
3076 8369
7362 8428
3422 5910
1279 8974
7367 7799
5180 9149
6182 8855
4491 8378
1640 5392
636 4083
63 405
4966 5237
3900 8326
6143 9342
5145 5610
3299 9446
290 7912
4256 7830
5952 7702
7435 7857
2325 8959
1953 4299
8626 8789
3365 3557
406 2006
751 4973
4786 6901
977 3843
1515 5002
5622 8965
7758 9335
691 2181
1920 6603
3120 7706
1964 8821
4353 7833
7355 8436
70 327
3288 5226
2688 5367
6159 8341
1240 9146
1427 9116
4044 9082
965 5232
6518 9165
4950 8598
4513 5503
2232 4639
5017 8735
4102 7057
912 3464
334 5366
5572 8250
697 3047
355 9115
4277 8793
1213 4097
1724 3000
1181 1602
2823 8968
2726 3190
1514 5089
1535 6947
5077 8693
1333 6917
2288 3541
6766 7575
844 6267
1910 5863
4967 7852
4102 6043
307 6215
7218 8173
7175 7432
379 1217
2620 6758
2269 2430
2126 3161
2786 8900
5311 7968
3444 7019
965 6744
2305 2359
4967 7405
4425 6923
6154 6580
2691 3243
8788 9065
2434 6300
150 7692
3967 8501
1455 8175
203 541
3310 6513
1034 6689
617 8674
1539 7882
1348 7502
1301 3901
3166 7837
3123 7620
981 1654
2659 3358
323 1178
5627 5709
6359 8986
4641 5144
2561 2786
463 2639
235 2731
2853 3856
7113 7567
6892 9000
1304 3457
2301 6890
5862 6356
6477 7637
1017 6488
1313 9302
6857 8677
3905 5265
1803 8269
1847 2572
3807 5654
14 3656
1244 7179
6238 8323
6382 6627
3604 5613
658 3824
5474 6216
2565 3964
913 1339
523 9101
7185 9210
710 9342
3880 9204
7446 8964
140 7963
5902 7633
426 4636
787 8635
5488 5780
1475 4361
674 4213
3975 6734
2251 8930
3576 5272
575 9220
7256 7293
2094 7256
3416 6084
1074 6544
1922 3616
1219 3811
1309 8499
1706 7502
1640 9133
5619 7103
716 1840
4006 7503
2366 4561
755 8058
6112 6140
546 4299
2532 8088
6063 6329
1986 6338
3194 5492
815 3703
7302 9084
6043 8112
1532 1614
1426 9152
66 9252
3585 6729
2659 3207
5140 6102
3616 4173
1196 8137
3948 6515
380 6514
3835 5214
656 4628
3006 6825
8443 9013
7286 7904
3484 6342
4642 5215
5 5654
7343 8734
4573 6029
741 2507
5007 5312
661 3670
2669 6827
2333 4450
234 1311
7372 7763
440 5505
4831 5717
702 3299
3028 8522
3404 4643
4878 9110
2552 6077
6194 8632
3928 6164
2138 6350
4005 6516
1757 2832
5927 6286
1456 6004
1288 2872
1228 4715
1627 6311
81 6955
6066 8655
3146 8557
4957 7720
2303 2399
376 6147
1330 3067
405 9284
4244 5381
1557 8509
1972 6335
4929 6913
359 5589
3285 7416
6556 8610
52 7423
6066 8365
1400 2434
1958 7375
2108 4079
3366 7368
6806 6827
1253 4552
1650 2903
1382 5799
1987 6098
3478 7829
8419 8477
285 5372
2887 7199
235 5383
5732 6687
2188 5119
6524 7570
2704 6500
248 513
6457 8163
4749 5614
4107 4908
2085 8166
1210 6277
420 8583
2132 9017
5197 7842
861 3983
3925 7198
966 4277
7974 9341
427 3786
2204 2947
3931 5237
6768 6907
6181 8241
3645 5992
4980 7749
7232 8401
5584 6945
3604 3998
4107 4468
2017 3321
3584 6619
908 4246
6728 8896
78 324
4794 8339
7321 9186
3457 8487
2156 8965
4911 8834
7737 8420
2305 3006
6129 6987
711 3178
1658 3375
4852 6624
2631 4353
2596 5271
6580 7935
50 8223
2845 5944
2082 3572
1658 9416
5787 7024
1465 3722
4391 5405
1755 4524
4108 7593
799 2374
387 392
936 4853
2767 3596
3094 3827
4476 6260
5107 5722
2751 5701
1912 7242
7997 8031
1574 4194
2519 8867
5104 5317
21 7860
2349 8712
1718 5442
8247 9212
5643 7064
697 1104
5096 6205
32 916
8339 8446
835 5577
5594 9324
4049 5167
883 1255
2217 5856
907 2560
6837 8218
1405 3545
565 5347
383 5754
3905 5112
795 6045
94 5085
1913 5136
1262 9218
3725 4011
2876 6882
6038 7865
3682 4691
3724 7907
3815 4732
1711 2629
2736 9376
91 670
3113 6808
2185 8388
4330 7642
2048 5803
3076 6445
1544 5766
2405 8376
761 1572
6740 7368
998 8155
2384 2843
2147 2198
470 7817
7670 9186
4572 6469
6180 7143
2985 4879
6159 7097
3125 6672
1867 4284
2189 6055
1369 1485
1420 2273
409 8430
312 1930
3219 8271
3926 4980
7449 8541
4971 5759
1080 1478
3175 7802
7209 8397
2392 7840
7076 8848
4826 8528
7653 9092
4055 7214
5956 8137
366 3251
4230 7188
3248 7600
1721 2938
1448 3913
3409 8378
4253 8908
1554 9044
4773 9136
3815 5260
2164 8596
4542 8359
4515 5655
2881 6730
2377 4040
368 534
299 9067
812 9041
1390 4156
2462 4693
1730 5047
1207 8971
604 7427
1123 4640
5413 8330
5311 7204
4843 9032
648 5131
5003 8265
3881 3955
1468 7354
1105 2009
3503 8372
1419 2955
3206 4476
1954 6567
1835 6127
4757 6130
3394 4847
6499 7564
433 7786
5009 6796
6573 7080
5455 9250
183 616
7833 8963
869 7468
2190 6421
1900 2220
2259 8102
204 2454
1468 3259
2740 2974
2969 6257
8164 8636
339 1553
7164 8732
1811 1932
422 2605
1085 4933
2224 8086
301 4454
343 6041
3289 5410
1393 2927
782 3121
4317 9361
6636 7380
1650 5598
2263 8779
5665 7970
2656 2798
1845 4011
98 3988
3940 7315
5139 8636
3517 6127
4626 9455
5682 6717
1222 5613
6611 9204
3376 8203
2186 6942
5472 6928
3216 9150
633 4489
5196 7670
529 1052
1736 3516
417 4884
139 5278
7243 8708
4378 5269
1854 3286
4265 5382
3194 4782
812 5256
1268 4726
169 2169
2196 4611
2188 6188
7662 9310
7781 7819
139 9057
126 1416
1185 8686
2622 5563
5664 8945
1443 7323
240 2137
3397 6168
2218 2690
6346 8270
4664 6273
684 7699
1645 7611
2086 2529
6619 7124
1430 8011
6219 8470
4286 7068
3242 3501
1714 2183
3308 3734
4882 8272
390 6830
13 5739
1323 7387
2078 5859
1064 5346
2 2172
2616 3408
2885 7903
2166 2693
688 8385
3597 9352
4485 6418
1988 4266
2459 3944
1536 5780
3662 4465
2692 4076
1075 3957
6596 8090
2485 9252
2582 6567
651 6718
2428 6062
6071 7299
3463 5657
538 9106
1658 4783
6044 9335
4969 7074
6313 6791
1713 8302
274 9127
1512 2827
50 6463
793 8999
3439 7790
1716 6040
5842 6365
5180 6629
3764 8597
2879 4799
7423 7568
2298 7185
877 5411
3689 4983
1549 3234
5451 6923
526 5796
6730 7228
3069 4675
6593 8194
6139 6707
7237 8588
1106 3206
2468 4967
7186 9125
1339 7563
2416 2917
6267 9139
4161 5691
2445 8761
5383 6879
6131 9172
3924 8472
7460 8616
2050 7533
3100 9126
529 6180
1468 5861
2856 5913
1071 3062
2372 7863
7934 8318
8081 8305
1937 4445
3565 8527
1969 5180
3131 9123
980 1179
1839 3878
949 5623
1251 3346
1345 1872
417 7337
923 6661
391 9365
1845 4493
4309 8961
1906 7861
5598 5837
3337 4835
3135 4784
1327 1573
7474 8235
4105 8401
3258 5163
440 5396
8484 8791
1882 4703
4377 6069
2164 7420
536 1990
2836 6772
2873 4860
1242 8430
506 6359
4719 6016
787 7882
1448 7828
5039 6199
8160 8200
7312 9044
2889 8491
4837 8468
25 9364
6521 8007
1765 8115
24 7865
37 9059
429 4273
798 3393
2581 7129
2048 8047
8938 9134
5533 8335
7071 8498
4501 4518
7252 8550
4905 9006
4336 7615
3654 9335
1230 7844
1492 6670
5548 7086
6636 8171
2051 8798
6076 9154
2363 6859
61 5589
6529 8857
